"est.u" "est.lamb" "name" "seed" "size" "replicates" "p_umbral" "exp_lambda" "alpha_pen" "n_pen" "c"
0.570517061511055 4.35019180269124 "experimento_43" 43 500 1000 0.95 30 0.4 1 0.8
0.67309831851162 5.46287389560385 "experimento_43" 43 500 1000 0.95 30 0.4 1 0.8
0.639515009475872 5.66569671325485 "experimento_43" 43 500 1000 0.95 30 0.4 1 0.8
0.769459994509816 7.81457487284829 "experimento_43" 43 500 1000 0.95 30 0.4 1 0.8
0.995743647217751 32.1151949181101 "experimento_43" 43 500 1000 0.95 30 0.4 1 0.8
1.00383283332922 33.0697820038212 "experimento_43" 43 500 1000 0.95 30 0.4 1 0.8
0.852371974848211 10.8034324929749 "experimento_43" 43 500 1000 0.95 30 0.4 1 0.8
0.994449755875394 36.941475413859 "experimento_43" 43 500 1000 0.95 30 0.4 1 0.8
0.95249412022531 19.5096470705391 "experimento_43" 43 500 1000 0.95 30 0.4 1 0.8
0.874596277019009 12.6627875619511 "experimento_43" 43 500 1000 0.95 30 0.4 1 0.8
0.917059110244736 15.6250194487221 "experimento_43" 43 500 1000 0.95 30 0.4 1 0.8
0.9985676035285 36.0916613472138 "experimento_43" 43 500 1000 0.95 30 0.4 1 0.8
0.977888214634731 25.6726874021 "experimento_43" 43 500 1000 0.95 30 0.4 1 0.8
0.959990108618513 21.6762302771992 "experimento_43" 43 500 1000 0.95 30 0.4 1 0.8
0.987675238400698 29.4260058977896 "experimento_43" 43 500 1000 0.95 30 0.4 1 0.8
0.980870322091505 35.3614195648996 "experimento_43" 43 500 1000 0.95 30 0.4 1 0.8
0.971176103688776 27.9696534034468 "experimento_43" 43 500 1000 0.95 30 0.4 1 0.8
0.982731693889946 28.5611050638752 "experimento_43" 43 500 1000 0.95 30 0.4 1 0.8
1.00254741833964 45.0040735997967 "experimento_43" 43 500 1000 0.95 30 0.4 1 0.8
0.990842042025179 29.0052779502913 "experimento_43" 43 500 1000 0.95 30 0.4 1 0.8
0.754235554253682 7.04380508910397 "experimento_43" 43 500 1000 0.95 30 0.4 1 0.8
1.00421765137774 24.3165117685475 "experimento_43" 43 500 1000 0.95 30 0.4 1 0.8
0.810191042954102 9.12457893153811 "experimento_43" 43 500 1000 0.95 30 0.4 1 0.8
1.02151964583124 57.7601171052792 "experimento_43" 43 500 1000 0.95 30 0.4 1 0.8
0.994854509830475 33.2450122483374 "experimento_43" 43 500 1000 0.95 30 0.4 1 0.8
1.03038492926206 73.901741008888 "experimento_43" 43 500 1000 0.95 30 0.4 1 0.8
0.998368364525959 33.5166347869616 "experimento_43" 43 500 1000 0.95 30 0.4 1 0.8
0.972057212842628 26.564956695765 "experimento_43" 43 500 1000 0.95 30 0.4 1 0.8
0.922770929057151 16.4222105221346 "experimento_43" 43 500 1000 0.95 30 0.4 1 0.8
0.996431512292475 43.2902121847606 "experimento_43" 43 500 1000 0.95 30 0.4 1 0.8
1.00731676194506 26.9104446978783 "experimento_43" 43 500 1000 0.95 30 0.4 1 0.8
1.00824519942204 35.0328018108504 "experimento_43" 43 500 1000 0.95 30 0.4 1 0.8
0.946188285714015 19.6724346256768 "experimento_43" 43 500 1000 0.95 30 0.4 1 0.8
0.992190973833203 30.4316923268585 "experimento_43" 43 500 1000 0.95 30 0.4 1 0.8
0.965007997583598 24.8689832495755 "experimento_43" 43 500 1000 0.95 30 0.4 1 0.8
1.00014891964383 33.5661984140876 "experimento_43" 43 500 1000 0.95 30 0.4 1 0.8
1.00921887423222 33.913277844457 "experimento_43" 43 500 1000 0.95 30 0.4 1 0.8
0.951952313538641 22.4447111427872 "experimento_43" 43 500 1000 0.95 30 0.4 1 0.8
0.992901337798685 36.0339575340586 "experimento_43" 43 500 1000 0.95 30 0.4 1 0.8
0.690467244479805 5.8386638328484 "experimento_43" 43 500 1000 0.95 30 0.4 1 0.8
0.989303909940645 25.2230393958836 "experimento_43" 43 500 1000 0.95 30 0.4 1 0.8
1.02547256713593 70.4207750593064 "experimento_43" 43 500 1000 0.95 30 0.4 1 0.8
1.01215951625879 52.1929666200672 "experimento_43" 43 500 1000 0.95 30 0.4 1 0.8
0.705516977701336 6.5288152415794 "experimento_43" 43 500 1000 0.95 30 0.4 1 0.8
0.889809482265264 13.1221267095139 "experimento_43" 43 500 1000 0.95 30 0.4 1 0.8
0.54476209054701 4.16625158193394 "experimento_43" 43 500 1000 0.95 30 0.4 1 0.8
0.946795650525019 16.5091209484747 "experimento_43" 43 500 1000 0.95 30 0.4 1 0.8
0.994669522391632 25.5789062889453 "experimento_43" 43 500 1000 0.95 30 0.4 1 0.8
0.975890706758946 22.7837574981026 "experimento_43" 43 500 1000 0.95 30 0.4 1 0.8
0.845219454029575 10.3656705314444 "experimento_43" 43 500 1000 0.95 30 0.4 1 0.8
0.991244943346828 31.8893097596247 "experimento_43" 43 500 1000 0.95 30 0.4 1 0.8
1.00484617729671 27.9891918726413 "experimento_43" 43 500 1000 0.95 30 0.4 1 0.8
0.779303807066754 7.95868505626997 "experimento_43" 43 500 1000 0.95 30 0.4 1 0.8
1.0134759734552 48.0890597516859 "experimento_43" 43 500 1000 0.95 30 0.4 1 0.8
0.985447604907677 24.3914961017522 "experimento_43" 43 500 1000 0.95 30 0.4 1 0.8
0.991978503530845 28.708438333766 "experimento_43" 43 500 1000 0.95 30 0.4 1 0.8
0.992810259805992 36.5246047236002 "experimento_43" 43 500 1000 0.95 30 0.4 1 0.8
0.982846416532993 31.9475064586662 "experimento_43" 43 500 1000 0.95 30 0.4 1 0.8
1.00421500808249 21.8532841907618 "experimento_43" 43 500 1000 0.95 30 0.4 1 0.8
0.961964804911986 22.363177636841 "experimento_43" 43 500 1000 0.95 30 0.4 1 0.8
1.01049450204544 39.0370109605205 "experimento_43" 43 500 1000 0.95 30 0.4 1 0.8
0.985956655116752 27.2198043089536 "experimento_43" 43 500 1000 0.95 30 0.4 1 0.8
0.946584549499676 18.9164611826059 "experimento_43" 43 500 1000 0.95 30 0.4 1 0.8
0.971444202354178 27.0235003618378 "experimento_43" 43 500 1000 0.95 30 0.4 1 0.8
0.595584384398535 4.49725404934817 "experimento_43" 43 500 1000 0.95 30 0.4 1 0.8
1.00087023794045 35.5289436698867 "experimento_43" 43 500 1000 0.95 30 0.4 1 0.8
0.883212785469368 11.692439438852 "experimento_43" 43 500 1000 0.95 30 0.4 1 0.8
0.975389050785452 30.2772207042597 "experimento_43" 43 500 1000 0.95 30 0.4 1 0.8
0.977901361417025 27.0727963654474 "experimento_43" 43 500 1000 0.95 30 0.4 1 0.8
0.990604830905795 30.9671769990807 "experimento_43" 43 500 1000 0.95 30 0.4 1 0.8
0.993784146616235 27.3859804469462 "experimento_43" 43 500 1000 0.95 30 0.4 1 0.8
1.00044381098511 40.5059210450388 "experimento_43" 43 500 1000 0.95 30 0.4 1 0.8
0.979785809060559 25.7377228162209 "experimento_43" 43 500 1000 0.95 30 0.4 1 0.8
0.927123253233731 16.8763297131428 "experimento_43" 43 500 1000 0.95 30 0.4 1 0.8
0.978211410343647 22.2209152189645 "experimento_43" 43 500 1000 0.95 30 0.4 1 0.8
0.974490427179262 26.3095058268878 "experimento_43" 43 500 1000 0.95 30 0.4 1 0.8
0.989950217073783 39.3391385026955 "experimento_43" 43 500 1000 0.95 30 0.4 1 0.8
1.02751028404121 27.9204006599776 "experimento_43" 43 500 1000 0.95 30 0.4 1 0.8
0.946510397596285 21.4645806521497 "experimento_43" 43 500 1000 0.95 30 0.4 1 0.8
0.994570203591138 26.7477303979501 "experimento_43" 43 500 1000 0.95 30 0.4 1 0.8
0.996522242203355 33.6540114023885 "experimento_43" 43 500 1000 0.95 30 0.4 1 0.8
1.01319429529831 30.8192171437852 "experimento_43" 43 500 1000 0.95 30 0.4 1 0.8
1.00111363360351 25.8530837263818 "experimento_43" 43 500 1000 0.95 30 0.4 1 0.8
0.891891218256205 15.1858694345903 "experimento_43" 43 500 1000 0.95 30 0.4 1 0.8
1.00052830570688 33.7999409337901 "experimento_43" 43 500 1000 0.95 30 0.4 1 0.8
0.996652886737138 39.2817229296897 "experimento_43" 43 500 1000 0.95 30 0.4 1 0.8
0.999390196288005 30.3891057792379 "experimento_43" 43 500 1000 0.95 30 0.4 1 0.8
0.986346654128283 26.3235709169849 "experimento_43" 43 500 1000 0.95 30 0.4 1 0.8
0.988460055552423 25.4644875945981 "experimento_43" 43 500 1000 0.95 30 0.4 1 0.8
1.01082728972348 35.551216654851 "experimento_43" 43 500 1000 0.95 30 0.4 1 0.8
0.524649908067659 3.8537450528509 "experimento_43" 43 500 1000 0.95 30 0.4 1 0.8
0.519396242685616 3.969594409649 "experimento_43" 43 500 1000 0.95 30 0.4 1 0.8
0.996990767773241 27.7508598013892 "experimento_43" 43 500 1000 0.95 30 0.4 1 0.8
0.831688181264326 9.88677301191007 "experimento_43" 43 500 1000 0.95 30 0.4 1 0.8
0.675415216712281 5.65776901044494 "experimento_43" 43 500 1000 0.95 30 0.4 1 0.8
0.57130242115818 4.27813854756136 "experimento_43" 43 500 1000 0.95 30 0.4 1 0.8
0.990783439949155 29.400643013567 "experimento_43" 43 500 1000 0.95 30 0.4 1 0.8
0.998610276961699 33.9315339746243 "experimento_43" 43 500 1000 0.95 30 0.4 1 0.8
0.692454725736752 5.81527879102675 "experimento_43" 43 500 1000 0.95 30 0.4 1 0.8
0.607789915055037 4.68249278279787 "experimento_43" 43 500 1000 0.95 30 0.4 1 0.8
0.932304682442918 18.5340981813294 "experimento_43" 43 500 1000 0.95 30 0.4 1 0.8
1.00201846388628 35.9966185342071 "experimento_43" 43 500 1000 0.95 30 0.4 1 0.8
0.71666570333764 6.70005680947922 "experimento_43" 43 500 1000 0.95 30 0.4 1 0.8
0.993408876936883 31.7520947819102 "experimento_43" 43 500 1000 0.95 30 0.4 1 0.8
0.477684622164816 3.48561488805892 "experimento_43" 43 500 1000 0.95 30 0.4 1 0.8
1.00230361385919 26.7676551243318 "experimento_43" 43 500 1000 0.95 30 0.4 1 0.8
0.496101859491318 3.61072266679358 "experimento_43" 43 500 1000 0.95 30 0.4 1 0.8
0.996988865779713 33.6518055592479 "experimento_43" 43 500 1000 0.95 30 0.4 1 0.8
1.01936985406404 48.3873496229373 "experimento_43" 43 500 1000 0.95 30 0.4 1 0.8
0.980052130063996 25.4360685858065 "experimento_43" 43 500 1000 0.95 30 0.4 1 0.8
0.996180655201897 25.25531807343 "experimento_43" 43 500 1000 0.95 30 0.4 1 0.8
0.985081260092556 25.1616350453281 "experimento_43" 43 500 1000 0.95 30 0.4 1 0.8
0.969681036425754 23.8875226566792 "experimento_43" 43 500 1000 0.95 30 0.4 1 0.8
0.980920776491985 32.8156003276458 "experimento_43" 43 500 1000 0.95 30 0.4 1 0.8
0.997409673873335 38.3286625971268 "experimento_43" 43 500 1000 0.95 30 0.4 1 0.8
0.987069319467992 20.5832762779319 "experimento_43" 43 500 1000 0.95 30 0.4 1 0.8
0.9735897264909 24.5763658721438 "experimento_43" 43 500 1000 0.95 30 0.4 1 0.8
0.725867460947484 6.66921403929927 "experimento_43" 43 500 1000 0.95 30 0.4 1 0.8
0.982043294701725 26.7406344588255 "experimento_43" 43 500 1000 0.95 30 0.4 1 0.8
0.999913493404165 36.3428516642732 "experimento_43" 43 500 1000 0.95 30 0.4 1 0.8
0.859299166128039 11.6032529584103 "experimento_43" 43 500 1000 0.95 30 0.4 1 0.8
0.984236591495574 30.1816717423216 "experimento_43" 43 500 1000 0.95 30 0.4 1 0.8
0.985899147111923 33.076503107144 "experimento_43" 43 500 1000 0.95 30 0.4 1 0.8
0.998185223899782 33.5674185202907 "experimento_43" 43 500 1000 0.95 30 0.4 1 0.8
0.867202750407159 10.9658610846334 "experimento_43" 43 500 1000 0.95 30 0.4 1 0.8
0.996354611823335 27.7312565800652 "experimento_43" 43 500 1000 0.95 30 0.4 1 0.8
1.00266808182932 33.7189479160422 "experimento_43" 43 500 1000 0.95 30 0.4 1 0.8
0.944606114877388 23.0703443575153 "experimento_43" 43 500 1000 0.95 30 0.4 1 0.8
0.51463941601105 3.67557374786232 "experimento_43" 43 500 1000 0.95 30 0.4 1 0.8
0.996960254153237 34.9245197801999 "experimento_43" 43 500 1000 0.95 30 0.4 1 0.8
0.488269004970789 3.43142330002634 "experimento_43" 43 500 1000 0.95 30 0.4 1 0.8
0.973020738223568 22.5802994635449 "experimento_43" 43 500 1000 0.95 30 0.4 1 0.8
0.99549065134488 23.3378136881555 "experimento_43" 43 500 1000 0.95 30 0.4 1 0.8
1.00356970801949 21.7431963888323 "experimento_43" 43 500 1000 0.95 30 0.4 1 0.8
1.00488119094322 34.3949452911489 "experimento_43" 43 500 1000 0.95 30 0.4 1 0.8
0.999486220767722 35.112301031861 "experimento_43" 43 500 1000 0.95 30 0.4 1 0.8
0.704867275897413 5.76166770554134 "experimento_43" 43 500 1000 0.95 30 0.4 1 0.8
0.994719634298235 34.1096171397088 "experimento_43" 43 500 1000 0.95 30 0.4 1 0.8
0.997614568565041 33.5358895357414 "experimento_43" 43 500 1000 0.95 30 0.4 1 0.8
0.992943265009671 29.1279550834391 "experimento_43" 43 500 1000 0.95 30 0.4 1 0.8
0.961540040560067 18.828805285661 "experimento_43" 43 500 1000 0.95 30 0.4 1 0.8
0.706238524988294 6.51320682991434 "experimento_43" 43 500 1000 0.95 30 0.4 1 0.8
1.00583182057987 42.0223235999622 "experimento_43" 43 500 1000 0.95 30 0.4 1 0.8
0.995025319280103 50.8529231887944 "experimento_43" 43 500 1000 0.95 30 0.4 1 0.8
1.00955834611312 44.3815201138798 "experimento_43" 43 500 1000 0.95 30 0.4 1 0.8
0.997938151471317 32.9441859890387 "experimento_43" 43 500 1000 0.95 30 0.4 1 0.8
0.919352807337418 17.0259003285415 "experimento_43" 43 500 1000 0.95 30 0.4 1 0.8
0.968907136237249 23.6469795213939 "experimento_43" 43 500 1000 0.95 30 0.4 1 0.8
0.5538731131237 4.22204831507796 "experimento_43" 43 500 1000 0.95 30 0.4 1 0.8
1.00455215672652 44.8026705805867 "experimento_43" 43 500 1000 0.95 30 0.4 1 0.8
0.980412546079606 21.9299149112914 "experimento_43" 43 500 1000 0.95 30 0.4 1 0.8
0.987702867947519 30.4521450967432 "experimento_43" 43 500 1000 0.95 30 0.4 1 0.8
0.938129146117717 18.5441655525191 "experimento_43" 43 500 1000 0.95 30 0.4 1 0.8
0.998203912051395 28.6626907969232 "experimento_43" 43 500 1000 0.95 30 0.4 1 0.8
0.645522728562355 5.07443595784658 "experimento_43" 43 500 1000 0.95 30 0.4 1 0.8
0.996192112797871 29.8799236817094 "experimento_43" 43 500 1000 0.95 30 0.4 1 0.8
0.93291501654312 19.8791691652262 "experimento_43" 43 500 1000 0.95 30 0.4 1 0.8
0.993373633362353 31.7136410504266 "experimento_43" 43 500 1000 0.95 30 0.4 1 0.8
0.983332331757993 23.9676311867233 "experimento_43" 43 500 1000 0.95 30 0.4 1 0.8
0.982657232554629 28.4817884713673 "experimento_43" 43 500 1000 0.95 30 0.4 1 0.8
0.984780775383115 21.4573059176925 "experimento_43" 43 500 1000 0.95 30 0.4 1 0.8
1.00251770725386 47.9457716165624 "experimento_43" 43 500 1000 0.95 30 0.4 1 0.8
0.994226655457169 21.9442819713823 "experimento_43" 43 500 1000 0.95 30 0.4 1 0.8
0.989401361672208 28.7049584090264 "experimento_43" 43 500 1000 0.95 30 0.4 1 0.8
0.719731913413852 6.40992810052721 "experimento_43" 43 500 1000 0.95 30 0.4 1 0.8
0.969194900942966 21.731536894495 "experimento_43" 43 500 1000 0.95 30 0.4 1 0.8
0.999772326787934 26.9653665136482 "experimento_43" 43 500 1000 0.95 30 0.4 1 0.8
0.989361262414604 24.7709422072445 "experimento_43" 43 500 1000 0.95 30 0.4 1 0.8
0.976647013565525 26.3022572758189 "experimento_43" 43 500 1000 0.95 30 0.4 1 0.8
0.993058546446264 34.0925737178088 "experimento_43" 43 500 1000 0.95 30 0.4 1 0.8
0.52732701273635 4.05901457617337 "experimento_43" 43 500 1000 0.95 30 0.4 1 0.8
0.995991469360888 20.4050957759119 "experimento_43" 43 500 1000 0.95 30 0.4 1 0.8
0.911521821515635 17.7334682423705 "experimento_43" 43 500 1000 0.95 30 0.4 1 0.8
0.989873372483999 25.7449502678433 "experimento_43" 43 500 1000 0.95 30 0.4 1 0.8
0.992330141598359 29.9986018677315 "experimento_43" 43 500 1000 0.95 30 0.4 1 0.8
0.547064853832126 4.25124622715441 "experimento_43" 43 500 1000 0.95 30 0.4 1 0.8
1.02189338662041 47.3968030032182 "experimento_43" 43 500 1000 0.95 30 0.4 1 0.8
0.998257008846849 38.8796468569238 "experimento_43" 43 500 1000 0.95 30 0.4 1 0.8
0.62492843857035 5.1894777902046 "experimento_43" 43 500 1000 0.95 30 0.4 1 0.8
0.992783647729084 32.7221305752957 "experimento_43" 43 500 1000 0.95 30 0.4 1 0.8
0.970153966918588 18.208375260299 "experimento_43" 43 500 1000 0.95 30 0.4 1 0.8
0.983605472138152 24.519141488038 "experimento_43" 43 500 1000 0.95 30 0.4 1 0.8
1.01155668753199 34.2166782049703 "experimento_43" 43 500 1000 0.95 30 0.4 1 0.8
0.654967162292451 5.32022459956491 "experimento_43" 43 500 1000 0.95 30 0.4 1 0.8
0.986726268194616 29.3451847918309 "experimento_43" 43 500 1000 0.95 30 0.4 1 0.8
0.56971785845235 4.28557766557146 "experimento_43" 43 500 1000 0.95 30 0.4 1 0.8
0.973023377824575 24.5014884968051 "experimento_43" 43 500 1000 0.95 30 0.4 1 0.8
1.01885876279945 39.2672978340151 "experimento_43" 43 500 1000 0.95 30 0.4 1 0.8
1.00373496244041 23.0038525628897 "experimento_43" 43 500 1000 0.95 30 0.4 1 0.8
0.980765192536637 28.7472783370595 "experimento_43" 43 500 1000 0.95 30 0.4 1 0.8
0.995275658788159 28.1446893429119 "experimento_43" 43 500 1000 0.95 30 0.4 1 0.8
0.493003040319309 3.53958923251547 "experimento_43" 43 500 1000 0.95 30 0.4 1 0.8
0.981001031585038 31.9927289122793 "experimento_43" 43 500 1000 0.95 30 0.4 1 0.8
1.00555215181472 37.5956486627243 "experimento_43" 43 500 1000 0.95 30 0.4 1 0.8
0.677975457161665 5.83364186129964 "experimento_43" 43 500 1000 0.95 30 0.4 1 0.8
0.969975243322551 22.2734126514076 "experimento_43" 43 500 1000 0.95 30 0.4 1 0.8
0.98769538407214 32.3978405577796 "experimento_43" 43 500 1000 0.95 30 0.4 1 0.8
0.996769943507388 44.6619910919924 "experimento_43" 43 500 1000 0.95 30 0.4 1 0.8
0.89941271697171 13.2190621552611 "experimento_43" 43 500 1000 0.95 30 0.4 1 0.8
0.998074041912332 28.4790659269409 "experimento_43" 43 500 1000 0.95 30 0.4 1 0.8
0.985883404966444 27.0893399193458 "experimento_43" 43 500 1000 0.95 30 0.4 1 0.8
0.988642274169251 20.8731904015572 "experimento_43" 43 500 1000 0.95 30 0.4 1 0.8
0.972704615676776 21.9283659783542 "experimento_43" 43 500 1000 0.95 30 0.4 1 0.8
0.551679752767086 4.05082941313893 "experimento_43" 43 500 1000 0.95 30 0.4 1 0.8
0.955343012697995 21.1638767374349 "experimento_43" 43 500 1000 0.95 30 0.4 1 0.8
0.995188214583322 31.3242782440305 "experimento_43" 43 500 1000 0.95 30 0.4 1 0.8
0.991239469265565 40.497975835724 "experimento_43" 43 500 1000 0.95 30 0.4 1 0.8
0.992541703861207 28.622918223879 "experimento_43" 43 500 1000 0.95 30 0.4 1 0.8
1.01131934042399 51.3302576493938 "experimento_43" 43 500 1000 0.95 30 0.4 1 0.8
1.00313639727732 29.0071036925924 "experimento_43" 43 500 1000 0.95 30 0.4 1 0.8
1.0101498671595 30.6694841861096 "experimento_43" 43 500 1000 0.95 30 0.4 1 0.8
0.994897822616622 36.2892498347296 "experimento_43" 43 500 1000 0.95 30 0.4 1 0.8
0.990730931283906 27.0962201038446 "experimento_43" 43 500 1000 0.95 30 0.4 1 0.8
0.989322418579832 23.4700042809863 "experimento_43" 43 500 1000 0.95 30 0.4 1 0.8
0.995833100518212 28.8482194978134 "experimento_43" 43 500 1000 0.95 30 0.4 1 0.8
1.02589860571431 26.3743153404894 "experimento_43" 43 500 1000 0.95 30 0.4 1 0.8
0.976051022997126 25.8064635469807 "experimento_43" 43 500 1000 0.95 30 0.4 1 0.8
0.994192633777857 28.5656684766438 "experimento_43" 43 500 1000 0.95 30 0.4 1 0.8
0.629260135814548 4.98962593271294 "experimento_43" 43 500 1000 0.95 30 0.4 1 0.8
0.990712507860735 27.4152271284376 "experimento_43" 43 500 1000 0.95 30 0.4 1 0.8
0.977374215144664 26.9471937033487 "experimento_43" 43 500 1000 0.95 30 0.4 1 0.8
1.00361022116094 34.8443126349459 "experimento_43" 43 500 1000 0.95 30 0.4 1 0.8
0.988132374593988 29.9231619804367 "experimento_43" 43 500 1000 0.95 30 0.4 1 0.8
0.642725475830957 5.61884932767251 "experimento_43" 43 500 1000 0.95 30 0.4 1 0.8
0.992123929318041 29.3140718450962 "experimento_43" 43 500 1000 0.95 30 0.4 1 0.8
0.558088623452932 4.24264428806137 "experimento_43" 43 500 1000 0.95 30 0.4 1 0.8
0.986074920743704 26.0341386409076 "experimento_43" 43 500 1000 0.95 30 0.4 1 0.8
1.01436470726815 42.5869595732703 "experimento_43" 43 500 1000 0.95 30 0.4 1 0.8
1.00013508345547 33.2435780769568 "experimento_43" 43 500 1000 0.95 30 0.4 1 0.8
0.99807302094996 52.9139819731866 "experimento_43" 43 500 1000 0.95 30 0.4 1 0.8
1.00391834107125 31.0983920931876 "experimento_43" 43 500 1000 0.95 30 0.4 1 0.8
0.972963250009343 28.1733573579126 "experimento_43" 43 500 1000 0.95 30 0.4 1 0.8
0.818084259517491 9.5720918587043 "experimento_43" 43 500 1000 0.95 30 0.4 1 0.8
1.00143963292552 23.8330048825951 "experimento_43" 43 500 1000 0.95 30 0.4 1 0.8
0.993159873178229 27.7721299943518 "experimento_43" 43 500 1000 0.95 30 0.4 1 0.8
0.621640759054571 4.75173167692267 "experimento_43" 43 500 1000 0.95 30 0.4 1 0.8
0.974682015366852 21.9653791165383 "experimento_43" 43 500 1000 0.95 30 0.4 1 0.8
0.99485792266205 38.2341784553447 "experimento_43" 43 500 1000 0.95 30 0.4 1 0.8
0.980104441288859 21.0202021273467 "experimento_43" 43 500 1000 0.95 30 0.4 1 0.8
0.965003413381055 22.6482868690736 "experimento_43" 43 500 1000 0.95 30 0.4 1 0.8
0.994441809598356 27.6762233615077 "experimento_43" 43 500 1000 0.95 30 0.4 1 0.8
0.537306131329387 3.94534361332798 "experimento_43" 43 500 1000 0.95 30 0.4 1 0.8
0.974930750206113 22.9108849959235 "experimento_43" 43 500 1000 0.95 30 0.4 1 0.8
0.953468316001818 20.1218019422453 "experimento_43" 43 500 1000 0.95 30 0.4 1 0.8
0.987727272091433 27.2929047303891 "experimento_43" 43 500 1000 0.95 30 0.4 1 0.8
0.97966273711063 28.7885257557077 "experimento_43" 43 500 1000 0.95 30 0.4 1 0.8
0.915930083487183 15.836267147687 "experimento_43" 43 500 1000 0.95 30 0.4 1 0.8
0.980062757153064 30.6085886544942 "experimento_43" 43 500 1000 0.95 30 0.4 1 0.8
1.00070079085417 38.3158611603952 "experimento_43" 43 500 1000 0.95 30 0.4 1 0.8
0.998298723716289 42.9095487561778 "experimento_43" 43 500 1000 0.95 30 0.4 1 0.8
0.998202587710693 28.1418728051828 "experimento_43" 43 500 1000 0.95 30 0.4 1 0.8
0.542393450858071 4.24229115102209 "experimento_43" 43 500 1000 0.95 30 0.4 1 0.8
0.500103200552985 3.68899983037746 "experimento_43" 43 500 1000 0.95 30 0.4 1 0.8
0.967688440810889 27.3334786691133 "experimento_43" 43 500 1000 0.95 30 0.4 1 0.8
0.999098784755915 46.6271400580185 "experimento_43" 43 500 1000 0.95 30 0.4 1 0.8
0.984959658235312 33.2587500825912 "experimento_43" 43 500 1000 0.95 30 0.4 1 0.8
1.00257064534041 37.3978911445513 "experimento_43" 43 500 1000 0.95 30 0.4 1 0.8
0.994275765260682 24.7090050382483 "experimento_43" 43 500 1000 0.95 30 0.4 1 0.8
0.989089819137007 31.0227397939734 "experimento_43" 43 500 1000 0.95 30 0.4 1 0.8
0.989057179074734 30.1122747131647 "experimento_43" 43 500 1000 0.95 30 0.4 1 0.8
0.954155482817441 17.1643622627414 "experimento_43" 43 500 1000 0.95 30 0.4 1 0.8
0.977801371831447 25.4002815416131 "experimento_43" 43 500 1000 0.95 30 0.4 1 0.8
1.01252974617916 28.845188302854 "experimento_43" 43 500 1000 0.95 30 0.4 1 0.8
0.779378375736997 8.25271084645884 "experimento_43" 43 500 1000 0.95 30 0.4 1 0.8
0.915717442752793 14.4576224617337 "experimento_43" 43 500 1000 0.95 30 0.4 1 0.8
0.901293103815988 13.814362349963 "experimento_43" 43 500 1000 0.95 30 0.4 1 0.8
0.993499543284997 32.8018860893684 "experimento_43" 43 500 1000 0.95 30 0.4 1 0.8
0.511367129627615 4.09898531207102 "experimento_43" 43 500 1000 0.95 30 0.4 1 0.8
0.9869070276618 23.966852775569 "experimento_43" 43 500 1000 0.95 30 0.4 1 0.8
0.990003862418234 19.5394975723153 "experimento_43" 43 500 1000 0.95 30 0.4 1 0.8
1.00575252453176 25.1258421761125 "experimento_43" 43 500 1000 0.95 30 0.4 1 0.8
0.98736422508955 30.7128918935494 "experimento_43" 43 500 1000 0.95 30 0.4 1 0.8
0.992875808849931 37.4989667434487 "experimento_43" 43 500 1000 0.95 30 0.4 1 0.8
0.663327276241034 5.69280906387734 "experimento_43" 43 500 1000 0.95 30 0.4 1 0.8
0.977195564424619 24.729195776481 "experimento_43" 43 500 1000 0.95 30 0.4 1 0.8
0.950899317860603 19.899018592495 "experimento_43" 43 500 1000 0.95 30 0.4 1 0.8
0.955109660048038 18.5912767979319 "experimento_43" 43 500 1000 0.95 30 0.4 1 0.8
0.995768426451832 23.2425902519129 "experimento_43" 43 500 1000 0.95 30 0.4 1 0.8
0.879355070879683 12.3716841742374 "experimento_43" 43 500 1000 0.95 30 0.4 1 0.8
0.875671250512823 13.066875982671 "experimento_43" 43 500 1000 0.95 30 0.4 1 0.8
0.996541197644547 29.4798612592233 "experimento_43" 43 500 1000 0.95 30 0.4 1 0.8
0.991820364957675 28.6980940016912 "experimento_43" 43 500 1000 0.95 30 0.4 1 0.8
0.998357152333483 41.1836469008706 "experimento_43" 43 500 1000 0.95 30 0.4 1 0.8
0.981054295552894 23.0214159015312 "experimento_43" 43 500 1000 0.95 30 0.4 1 0.8
0.992271365132183 33.8602780433222 "experimento_43" 43 500 1000 0.95 30 0.4 1 0.8
0.97046619723551 16.728841546572 "experimento_43" 43 500 1000 0.95 30 0.4 1 0.8
0.999481015140191 34.3908305072874 "experimento_43" 43 500 1000 0.95 30 0.4 1 0.8
1.01940186827754 31.8824306203672 "experimento_43" 43 500 1000 0.95 30 0.4 1 0.8
0.9961779830046 40.7196316233794 "experimento_43" 43 500 1000 0.95 30 0.4 1 0.8
0.993724145693704 33.3646624677008 "experimento_43" 43 500 1000 0.95 30 0.4 1 0.8
0.982535948045552 27.4908894948871 "experimento_43" 43 500 1000 0.95 30 0.4 1 0.8
0.935179902706295 18.5575644031604 "experimento_43" 43 500 1000 0.95 30 0.4 1 0.8
0.993344636866823 36.7676913213193 "experimento_43" 43 500 1000 0.95 30 0.4 1 0.8
0.984313542256132 24.0451468210808 "experimento_43" 43 500 1000 0.95 30 0.4 1 0.8
0.995938697829843 34.7277363927935 "experimento_43" 43 500 1000 0.95 30 0.4 1 0.8
0.958958824397996 19.5907418236893 "experimento_43" 43 500 1000 0.95 30 0.4 1 0.8
0.902575583662838 14.899991578862 "experimento_43" 43 500 1000 0.95 30 0.4 1 0.8
0.992716880748048 27.6917099371454 "experimento_43" 43 500 1000 0.95 30 0.4 1 0.8
0.830466291168705 10.3548861877395 "experimento_43" 43 500 1000 0.95 30 0.4 1 0.8
0.52368629258126 3.99087851143542 "experimento_43" 43 500 1000 0.95 30 0.4 1 0.8
0.987014583079144 31.351030170955 "experimento_43" 43 500 1000 0.95 30 0.4 1 0.8
0.98256108048372 24.1134458273842 "experimento_43" 43 500 1000 0.95 30 0.4 1 0.8
0.811881195055321 9.82463941912578 "experimento_43" 43 500 1000 0.95 30 0.4 1 0.8
0.93047522008419 15.504432429876 "experimento_43" 43 500 1000 0.95 30 0.4 1 0.8
0.968420854071155 22.8389662537794 "experimento_43" 43 500 1000 0.95 30 0.4 1 0.8
0.48037073132582 3.75359713249296 "experimento_43" 43 500 1000 0.95 30 0.4 1 0.8
0.890916752861813 13.3228754892182 "experimento_43" 43 500 1000 0.95 30 0.4 1 0.8
0.972950021037832 26.1525966600588 "experimento_43" 43 500 1000 0.95 30 0.4 1 0.8
0.962683038786054 23.1005838350739 "experimento_43" 43 500 1000 0.95 30 0.4 1 0.8
0.998166661476716 36.0630907215007 "experimento_43" 43 500 1000 0.95 30 0.4 1 0.8
1.00990172831031 33.4240254599948 "experimento_43" 43 500 1000 0.95 30 0.4 1 0.8
0.976705451263115 28.2194993773938 "experimento_43" 43 500 1000 0.95 30 0.4 1 0.8
0.718256324762478 6.15634490921148 "experimento_43" 43 500 1000 0.95 30 0.4 1 0.8
0.998285400448367 30.7635106973976 "experimento_43" 43 500 1000 0.95 30 0.4 1 0.8
0.992359800031409 26.6607971073903 "experimento_43" 43 500 1000 0.95 30 0.4 1 0.8
0.61506250477396 4.78937638251137 "experimento_43" 43 500 1000 0.95 30 0.4 1 0.8
0.754143050173298 7.20512453001687 "experimento_43" 43 500 1000 0.95 30 0.4 1 0.8
0.995492133544758 35.3753293527748 "experimento_43" 43 500 1000 0.95 30 0.4 1 0.8
0.995546511840075 30.4086927551664 "experimento_43" 43 500 1000 0.95 30 0.4 1 0.8
0.997851359425113 32.2929838470586 "experimento_43" 43 500 1000 0.95 30 0.4 1 0.8
0.941356449853629 19.5194484542648 "experimento_43" 43 500 1000 0.95 30 0.4 1 0.8
0.999781876103953 33.2064823053638 "experimento_43" 43 500 1000 0.95 30 0.4 1 0.8
1.00398658935723 37.3509661076804 "experimento_43" 43 500 1000 0.95 30 0.4 1 0.8
0.998787351883948 38.0681016026237 "experimento_43" 43 500 1000 0.95 30 0.4 1 0.8
0.651240352541208 5.3450493844904 "experimento_43" 43 500 1000 0.95 30 0.4 1 0.8
0.651418613968417 5.44787571620588 "experimento_43" 43 500 1000 0.95 30 0.4 1 0.8
1.01402178997586 39.0692503630553 "experimento_43" 43 500 1000 0.95 30 0.4 1 0.8
1.00956181422627 35.5008739950042 "experimento_43" 43 500 1000 0.95 30 0.4 1 0.8
1.00007393077637 27.6675337309367 "experimento_43" 43 500 1000 0.95 30 0.4 1 0.8
0.962421817937866 20.2822692820591 "experimento_43" 43 500 1000 0.95 30 0.4 1 0.8
0.994358859024942 23.8350643117876 "experimento_43" 43 500 1000 0.95 30 0.4 1 0.8
0.984170004026964 29.2481570816236 "experimento_43" 43 500 1000 0.95 30 0.4 1 0.8
0.991364922607318 29.3317782479147 "experimento_43" 43 500 1000 0.95 30 0.4 1 0.8
0.996111894026399 27.6589111969417 "experimento_43" 43 500 1000 0.95 30 0.4 1 0.8
0.991659693885595 35.2562175486619 "experimento_43" 43 500 1000 0.95 30 0.4 1 0.8
1.00614462071488 35.8510834851063 "experimento_43" 43 500 1000 0.95 30 0.4 1 0.8
0.787477310514078 7.88581582221776 "experimento_43" 43 500 1000 0.95 30 0.4 1 0.8
0.513422553427517 4.04785067224609 "experimento_43" 43 500 1000 0.95 30 0.4 1 0.8
0.972755970899016 22.0813578670645 "experimento_43" 43 500 1000 0.95 30 0.4 1 0.8
0.759367025224492 7.58055308998537 "experimento_43" 43 500 1000 0.95 30 0.4 1 0.8
1.00367905914564 28.2976296480051 "experimento_43" 43 500 1000 0.95 30 0.4 1 0.8
0.910654114326462 15.0299095343271 "experimento_43" 43 500 1000 0.95 30 0.4 1 0.8
0.858713075518608 11.1890663031366 "experimento_43" 43 500 1000 0.95 30 0.4 1 0.8
0.995603735558689 28.0874581436491 "experimento_43" 43 500 1000 0.95 30 0.4 1 0.8
0.982053389074281 22.8757418622942 "experimento_43" 43 500 1000 0.95 30 0.4 1 0.8
0.987405170686543 38.3768298003545 "experimento_43" 43 500 1000 0.95 30 0.4 1 0.8
0.857368903700262 11.5074496429274 "experimento_43" 43 500 1000 0.95 30 0.4 1 0.8
0.999311737949029 40.2531980219978 "experimento_43" 43 500 1000 0.95 30 0.4 1 0.8
0.641005950979888 5.36126691200224 "experimento_43" 43 500 1000 0.95 30 0.4 1 0.8
0.537804291583598 4.11678182230816 "experimento_43" 43 500 1000 0.95 30 0.4 1 0.8
0.940225754631683 19.7112871920317 "experimento_43" 43 500 1000 0.95 30 0.4 1 0.8
0.597142685437575 4.72584610815148 "experimento_43" 43 500 1000 0.95 30 0.4 1 0.8
0.994695747504011 39.0348180434826 "experimento_43" 43 500 1000 0.95 30 0.4 1 0.8
0.994837874313816 25.3942613556598 "experimento_43" 43 500 1000 0.95 30 0.4 1 0.8
0.904341709334403 15.95242284735 "experimento_43" 43 500 1000 0.95 30 0.4 1 0.8
1.00275814676827 32.779619678193 "experimento_43" 43 500 1000 0.95 30 0.4 1 0.8
0.896962660597637 15.2379634368935 "experimento_43" 43 500 1000 0.95 30 0.4 1 0.8
1.00946638315606 43.8084595604603 "experimento_43" 43 500 1000 0.95 30 0.4 1 0.8
0.79698508256115 8.26688461695446 "experimento_43" 43 500 1000 0.95 30 0.4 1 0.8
0.982505197869614 24.9080533347558 "experimento_43" 43 500 1000 0.95 30 0.4 1 0.8
1.01628128963833 29.547531325095 "experimento_43" 43 500 1000 0.95 30 0.4 1 0.8
0.583956704009324 4.26758339559326 "experimento_43" 43 500 1000 0.95 30 0.4 1 0.8
0.993962559616193 23.5746592101446 "experimento_43" 43 500 1000 0.95 30 0.4 1 0.8
0.504256118321791 3.65289999791827 "experimento_43" 43 500 1000 0.95 30 0.4 1 0.8
0.948327551130205 18.7576805007177 "experimento_43" 43 500 1000 0.95 30 0.4 1 0.8
1.00301761491271 20.9988132069346 "experimento_43" 43 500 1000 0.95 30 0.4 1 0.8
1.01371476903247 37.3388267722471 "experimento_43" 43 500 1000 0.95 30 0.4 1 0.8
0.995255190879107 29.0682333118103 "experimento_43" 43 500 1000 0.95 30 0.4 1 0.8
0.784848449286073 7.96685256378038 "experimento_43" 43 500 1000 0.95 30 0.4 1 0.8
0.694345858180895 5.72799286002698 "experimento_43" 43 500 1000 0.95 30 0.4 1 0.8
0.996023858198896 29.1108023470085 "experimento_43" 43 500 1000 0.95 30 0.4 1 0.8
0.870934427483007 12.8635880562052 "experimento_43" 43 500 1000 0.95 30 0.4 1 0.8
0.9981521863956 24.8389795796488 "experimento_43" 43 500 1000 0.95 30 0.4 1 0.8
0.983215373242274 24.1650888055113 "experimento_43" 43 500 1000 0.95 30 0.4 1 0.8
0.683624258963391 5.43421088970379 "experimento_43" 43 500 1000 0.95 30 0.4 1 0.8
1.01351561496655 40.9942750846374 "experimento_43" 43 500 1000 0.95 30 0.4 1 0.8
0.968443413265049 21.0627154072278 "experimento_43" 43 500 1000 0.95 30 0.4 1 0.8
0.951437595998868 20.0746078523327 "experimento_43" 43 500 1000 0.95 30 0.4 1 0.8
1.01797426217541 59.1527197360895 "experimento_43" 43 500 1000 0.95 30 0.4 1 0.8
0.938553839921951 17.4764240043607 "experimento_43" 43 500 1000 0.95 30 0.4 1 0.8
0.992827201029286 36.3587941836998 "experimento_43" 43 500 1000 0.95 30 0.4 1 0.8
0.974955081008375 21.6452672002159 "experimento_43" 43 500 1000 0.95 30 0.4 1 0.8
0.988232782110572 23.044958806895 "experimento_43" 43 500 1000 0.95 30 0.4 1 0.8
1.00002758416037 30.9897377444529 "experimento_43" 43 500 1000 0.95 30 0.4 1 0.8
0.984087470220402 28.8889273817306 "experimento_43" 43 500 1000 0.95 30 0.4 1 0.8
0.982149028219283 27.1594968027402 "experimento_43" 43 500 1000 0.95 30 0.4 1 0.8
1.00076355293083 43.8139457783479 "experimento_43" 43 500 1000 0.95 30 0.4 1 0.8
0.965546282706782 23.480564905403 "experimento_43" 43 500 1000 0.95 30 0.4 1 0.8
0.519804293755442 4.06035318557466 "experimento_43" 43 500 1000 0.95 30 0.4 1 0.8
0.801708715735003 9.00063818381543 "experimento_43" 43 500 1000 0.95 30 0.4 1 0.8
0.728823557496071 6.82185780177905 "experimento_43" 43 500 1000 0.95 30 0.4 1 0.8
0.986143816960976 27.5580510212957 "experimento_43" 43 500 1000 0.95 30 0.4 1 0.8
1.00122622901989 38.2328720226179 "experimento_43" 43 500 1000 0.95 30 0.4 1 0.8
0.522782542975619 4.0708641290331 "experimento_43" 43 500 1000 0.95 30 0.4 1 0.8
0.620556037640199 5.04105645913281 "experimento_43" 43 500 1000 0.95 30 0.4 1 0.8
0.897382252849638 14.2615965857456 "experimento_43" 43 500 1000 0.95 30 0.4 1 0.8
0.98967910069041 31.1755688198817 "experimento_43" 43 500 1000 0.95 30 0.4 1 0.8
0.971705201314762 24.8979130177586 "experimento_43" 43 500 1000 0.95 30 0.4 1 0.8
0.996388155035675 34.2714569498919 "experimento_43" 43 500 1000 0.95 30 0.4 1 0.8
1.00823665880598 44.6661780879047 "experimento_43" 43 500 1000 0.95 30 0.4 1 0.8
0.974242322612554 24.0140433475129 "experimento_43" 43 500 1000 0.95 30 0.4 1 0.8
1.01644525121277 27.4374635697019 "experimento_43" 43 500 1000 0.95 30 0.4 1 0.8
0.572578898631036 4.25005688468762 "experimento_43" 43 500 1000 0.95 30 0.4 1 0.8
0.953008401906118 20.7631769956766 "experimento_43" 43 500 1000 0.95 30 0.4 1 0.8
0.554214521311224 4.16040091531433 "experimento_43" 43 500 1000 0.95 30 0.4 1 0.8
0.725303624756634 6.71182108590919 "experimento_43" 43 500 1000 0.95 30 0.4 1 0.8
0.746272117830813 7.17298624650082 "experimento_43" 43 500 1000 0.95 30 0.4 1 0.8
0.998882307205349 45.144063349969 "experimento_43" 43 500 1000 0.95 30 0.4 1 0.8
0.790994780138135 8.87991624098724 "experimento_43" 43 500 1000 0.95 30 0.4 1 0.8
0.834565439727157 9.15905958084689 "experimento_43" 43 500 1000 0.95 30 0.4 1 0.8
0.981924646766856 28.5160659368839 "experimento_43" 43 500 1000 0.95 30 0.4 1 0.8
0.982949686935171 22.115470893986 "experimento_43" 43 500 1000 0.95 30 0.4 1 0.8
1.0047883625394 25.9842949327532 "experimento_43" 43 500 1000 0.95 30 0.4 1 0.8
0.981161117786542 26.6466136990039 "experimento_43" 43 500 1000 0.95 30 0.4 1 0.8
0.993709769565612 24.9357036381863 "experimento_43" 43 500 1000 0.95 30 0.4 1 0.8
0.985429883236066 31.8759588563996 "experimento_43" 43 500 1000 0.95 30 0.4 1 0.8
1.01700745622317 59.3366580118282 "experimento_43" 43 500 1000 0.95 30 0.4 1 0.8
0.522045073099434 3.70391395240946 "experimento_43" 43 500 1000 0.95 30 0.4 1 0.8
1.00246512962816 29.7608248593343 "experimento_43" 43 500 1000 0.95 30 0.4 1 0.8
0.895605196012184 13.0636412542698 "experimento_43" 43 500 1000 0.95 30 0.4 1 0.8
0.994957040995359 31.9563373197526 "experimento_43" 43 500 1000 0.95 30 0.4 1 0.8
0.555397203192115 4.39660626469126 "experimento_43" 43 500 1000 0.95 30 0.4 1 0.8
0.861181231215596 11.1509081490197 "experimento_43" 43 500 1000 0.95 30 0.4 1 0.8
0.941807461436838 18.8220384527377 "experimento_43" 43 500 1000 0.95 30 0.4 1 0.8
0.930424506310374 15.3609230190753 "experimento_43" 43 500 1000 0.95 30 0.4 1 0.8
0.990425661206245 33.3294954364093 "experimento_43" 43 500 1000 0.95 30 0.4 1 0.8
0.994129487778991 29.750706334337 "experimento_43" 43 500 1000 0.95 30 0.4 1 0.8
1.00711047899663 46.7729411344719 "experimento_43" 43 500 1000 0.95 30 0.4 1 0.8
1.00774556101921 35.7578334358958 "experimento_43" 43 500 1000 0.95 30 0.4 1 0.8
0.981405978556722 22.5594087950291 "experimento_43" 43 500 1000 0.95 30 0.4 1 0.8
1.0156514915172 28.0694507150661 "experimento_43" 43 500 1000 0.95 30 0.4 1 0.8
1.01335408725674 74.233254217981 "experimento_43" 43 500 1000 0.95 30 0.4 1 0.8
0.99997573508881 31.118050477535 "experimento_43" 43 500 1000 0.95 30 0.4 1 0.8
0.978051653364673 22.8691220098675 "experimento_43" 43 500 1000 0.95 30 0.4 1 0.8
0.985964538063854 24.8483787203602 "experimento_43" 43 500 1000 0.95 30 0.4 1 0.8
0.592575290473178 4.19412391940967 "experimento_43" 43 500 1000 0.95 30 0.4 1 0.8
0.880242139101028 12.5249048066537 "experimento_43" 43 500 1000 0.95 30 0.4 1 0.8
0.999687190167606 33.4340627953721 "experimento_43" 43 500 1000 0.95 30 0.4 1 0.8
0.541171577293426 4.27848093178735 "experimento_43" 43 500 1000 0.95 30 0.4 1 0.8
0.944455608958378 20.4630531809024 "experimento_43" 43 500 1000 0.95 30 0.4 1 0.8
0.637601426569745 5.30150471188989 "experimento_43" 43 500 1000 0.95 30 0.4 1 0.8
0.991173300193623 33.4727331119518 "experimento_43" 43 500 1000 0.95 30 0.4 1 0.8
0.685253371251747 5.94359530820471 "experimento_43" 43 500 1000 0.95 30 0.4 1 0.8
0.617744068847969 4.70616184165317 "experimento_43" 43 500 1000 0.95 30 0.4 1 0.8
0.586476007243618 4.56269640665804 "experimento_43" 43 500 1000 0.95 30 0.4 1 0.8
0.99839372979477 33.4198180586509 "experimento_43" 43 500 1000 0.95 30 0.4 1 0.8
0.648222495336086 5.2377353860598 "experimento_43" 43 500 1000 0.95 30 0.4 1 0.8
1.01025145556778 34.7930984053622 "experimento_43" 43 500 1000 0.95 30 0.4 1 0.8
1.02722273797899 29.2742344465936 "experimento_43" 43 500 1000 0.95 30 0.4 1 0.8
1.02796912249369 49.7168714940713 "experimento_43" 43 500 1000 0.95 30 0.4 1 0.8
0.977905921870843 32.0511429406548 "experimento_43" 43 500 1000 0.95 30 0.4 1 0.8
0.933839067583904 20.9323992456691 "experimento_43" 43 500 1000 0.95 30 0.4 1 0.8
0.688394144410267 5.65281077044985 "experimento_43" 43 500 1000 0.95 30 0.4 1 0.8
0.671685338253155 5.85660634455894 "experimento_43" 43 500 1000 0.95 30 0.4 1 0.8
0.964002807624638 24.074382380559 "experimento_43" 43 500 1000 0.95 30 0.4 1 0.8
0.591535242041573 4.67807366280409 "experimento_43" 43 500 1000 0.95 30 0.4 1 0.8
0.974238697206602 24.4660292850121 "experimento_43" 43 500 1000 0.95 30 0.4 1 0.8
1.00369548194202 35.4712756709127 "experimento_43" 43 500 1000 0.95 30 0.4 1 0.8
0.929318596841767 16.8632594835081 "experimento_43" 43 500 1000 0.95 30 0.4 1 0.8
0.994678407208994 39.8237103995102 "experimento_43" 43 500 1000 0.95 30 0.4 1 0.8
0.787347613833845 8.27155742743171 "experimento_43" 43 500 1000 0.95 30 0.4 1 0.8
0.969887179555371 21.5084252405084 "experimento_43" 43 500 1000 0.95 30 0.4 1 0.8
0.992929115891457 50.7061029298698 "experimento_43" 43 500 1000 0.95 30 0.4 1 0.8
0.978468780405819 25.1359641384405 "experimento_43" 43 500 1000 0.95 30 0.4 1 0.8
0.998112473869696 24.688113549453 "experimento_43" 43 500 1000 0.95 30 0.4 1 0.8
0.92106634285301 15.3247491134268 "experimento_43" 43 500 1000 0.95 30 0.4 1 0.8
1.00279668803002 28.8778095077358 "experimento_43" 43 500 1000 0.95 30 0.4 1 0.8
1.01760450409104 43.2648860943913 "experimento_43" 43 500 1000 0.95 30 0.4 1 0.8
0.504533004015684 3.90359959168012 "experimento_43" 43 500 1000 0.95 30 0.4 1 0.8
1.02700716261757 63.2303492331716 "experimento_43" 43 500 1000 0.95 30 0.4 1 0.8
0.999446934089065 32.9999482375056 "experimento_43" 43 500 1000 0.95 30 0.4 1 0.8
0.999889183789492 29.6696918868847 "experimento_43" 43 500 1000 0.95 30 0.4 1 0.8
0.984703584806994 32.0064914224281 "experimento_43" 43 500 1000 0.95 30 0.4 1 0.8
1.00002863188211 33.4587377082691 "experimento_43" 43 500 1000 0.95 30 0.4 1 0.8
0.976686143316329 27.4700286758068 "experimento_43" 43 500 1000 0.95 30 0.4 1 0.8
0.743127009598538 7.41693168598714 "experimento_43" 43 500 1000 0.95 30 0.4 1 0.8
0.837516199331731 10.1101524383504 "experimento_43" 43 500 1000 0.95 30 0.4 1 0.8
1.01331092040055 37.0892278692685 "experimento_43" 43 500 1000 0.95 30 0.4 1 0.8
0.981656925054267 22.4660953884145 "experimento_43" 43 500 1000 0.95 30 0.4 1 0.8
0.52634270535782 3.99924307086157 "experimento_43" 43 500 1000 0.95 30 0.4 1 0.8
0.591335595818236 4.58863749417341 "experimento_43" 43 500 1000 0.95 30 0.4 1 0.8
0.989262013463303 33.4443862861471 "experimento_43" 43 500 1000 0.95 30 0.4 1 0.8
1.01634982456453 38.1285451831063 "experimento_43" 43 500 1000 0.95 30 0.4 1 0.8
0.971190143609419 19.7877004406855 "experimento_43" 43 500 1000 0.95 30 0.4 1 0.8
0.980067486409098 20.8213193789659 "experimento_43" 43 500 1000 0.95 30 0.4 1 0.8
1.02798481713839 77.1468326841127 "experimento_43" 43 500 1000 0.95 30 0.4 1 0.8
0.905037665972486 16.0175938126953 "experimento_43" 43 500 1000 0.95 30 0.4 1 0.8
0.987452559871599 26.175953416474 "experimento_43" 43 500 1000 0.95 30 0.4 1 0.8
0.959867528174073 23.9748541567124 "experimento_43" 43 500 1000 0.95 30 0.4 1 0.8
0.682826136006042 6.03825410739724 "experimento_43" 43 500 1000 0.95 30 0.4 1 0.8
0.987437875475734 28.1405244165236 "experimento_43" 43 500 1000 0.95 30 0.4 1 0.8
1.00755843195494 44.6094035433459 "experimento_43" 43 500 1000 0.95 30 0.4 1 0.8
1.00365838292055 43.1047595434005 "experimento_43" 43 500 1000 0.95 30 0.4 1 0.8
0.950048450613394 19.9304459841935 "experimento_43" 43 500 1000 0.95 30 0.4 1 0.8
0.980897608213127 22.8719652003814 "experimento_43" 43 500 1000 0.95 30 0.4 1 0.8
0.990543156163767 26.1253816752558 "experimento_43" 43 500 1000 0.95 30 0.4 1 0.8
0.950903636636212 21.4486169406186 "experimento_43" 43 500 1000 0.95 30 0.4 1 0.8
0.996650836663321 48.7736797378484 "experimento_43" 43 500 1000 0.95 30 0.4 1 0.8
0.679270894499496 5.5067059160129 "experimento_43" 43 500 1000 0.95 30 0.4 1 0.8
0.513310619397089 3.78507724414339 "experimento_43" 43 500 1000 0.95 30 0.4 1 0.8
0.974613785278052 27.7878740072304 "experimento_43" 43 500 1000 0.95 30 0.4 1 0.8
0.897012293804437 14.5127039849386 "experimento_43" 43 500 1000 0.95 30 0.4 1 0.8
0.527727451873943 4.06800510097431 "experimento_43" 43 500 1000 0.95 30 0.4 1 0.8
0.994622645666823 30.1198664544516 "experimento_43" 43 500 1000 0.95 30 0.4 1 0.8
0.990679272450507 36.3038395346054 "experimento_43" 43 500 1000 0.95 30 0.4 1 0.8
1.0049919954915 43.8166733534776 "experimento_43" 43 500 1000 0.95 30 0.4 1 0.8
0.943621614482254 19.5359987989841 "experimento_43" 43 500 1000 0.95 30 0.4 1 0.8
0.955898565705866 21.51651343074 "experimento_43" 43 500 1000 0.95 30 0.4 1 0.8
0.990561162820086 29.3275767789413 "experimento_43" 43 500 1000 0.95 30 0.4 1 0.8
0.975838635815307 20.31081994655 "experimento_43" 43 500 1000 0.95 30 0.4 1 0.8
0.99817341985181 46.4231230627253 "experimento_43" 43 500 1000 0.95 30 0.4 1 0.8
1.00104166921228 35.0716461126695 "experimento_43" 43 500 1000 0.95 30 0.4 1 0.8
0.984944257419556 33.4595561011912 "experimento_43" 43 500 1000 0.95 30 0.4 1 0.8
0.923295468557626 15.9415965119093 "experimento_43" 43 500 1000 0.95 30 0.4 1 0.8
0.886382200056687 13.5136132215415 "experimento_43" 43 500 1000 0.95 30 0.4 1 0.8
0.982376338448375 25.6538227765902 "experimento_43" 43 500 1000 0.95 30 0.4 1 0.8
1.02850359777469 34.4020790067181 "experimento_43" 43 500 1000 0.95 30 0.4 1 0.8
1.00655424337213 31.4379220155667 "experimento_43" 43 500 1000 0.95 30 0.4 1 0.8
1.00217766665543 38.1866870505881 "experimento_43" 43 500 1000 0.95 30 0.4 1 0.8
0.72327733761631 6.37089145422536 "experimento_43" 43 500 1000 0.95 30 0.4 1 0.8
1.00520989781556 25.0008737501295 "experimento_43" 43 500 1000 0.95 30 0.4 1 0.8
1.00127770733088 37.3038887789796 "experimento_43" 43 500 1000 0.95 30 0.4 1 0.8
1.00930184721947 42.367209395778 "experimento_43" 43 500 1000 0.95 30 0.4 1 0.8
0.986019791103899 32.696355010543 "experimento_43" 43 500 1000 0.95 30 0.4 1 0.8
0.752794896718115 7.69902094562433 "experimento_43" 43 500 1000 0.95 30 0.4 1 0.8
0.988562629790977 26.7192993045546 "experimento_43" 43 500 1000 0.95 30 0.4 1 0.8
0.514437640085816 3.7719061633536 "experimento_43" 43 500 1000 0.95 30 0.4 1 0.8
0.9855224811472 26.775982348753 "experimento_43" 43 500 1000 0.95 30 0.4 1 0.8
1.00446042165346 35.1882798696396 "experimento_43" 43 500 1000 0.95 30 0.4 1 0.8
0.988082055002451 26.2091469975666 "experimento_43" 43 500 1000 0.95 30 0.4 1 0.8
0.99195825564675 41.4082543004821 "experimento_43" 43 500 1000 0.95 30 0.4 1 0.8
0.925586839439347 17.7436067040393 "experimento_43" 43 500 1000 0.95 30 0.4 1 0.8
1.00219590135624 20.9965965302885 "experimento_43" 43 500 1000 0.95 30 0.4 1 0.8
0.942109122872353 18.2015798378626 "experimento_43" 43 500 1000 0.95 30 0.4 1 0.8
0.975876218173653 22.5779473092919 "experimento_43" 43 500 1000 0.95 30 0.4 1 0.8
0.974475574679673 21.1184188115232 "experimento_43" 43 500 1000 0.95 30 0.4 1 0.8
1.00364991750879 30.9337914460848 "experimento_43" 43 500 1000 0.95 30 0.4 1 0.8
0.954842849168926 22.0530756933181 "experimento_43" 43 500 1000 0.95 30 0.4 1 0.8
0.984721562359482 28.0836804972707 "experimento_43" 43 500 1000 0.95 30 0.4 1 0.8
0.983897555852309 25.8832492504202 "experimento_43" 43 500 1000 0.95 30 0.4 1 0.8
1.01704590340401 36.3076285064592 "experimento_43" 43 500 1000 0.95 30 0.4 1 0.8
0.715329564642161 6.28347061050149 "experimento_43" 43 500 1000 0.95 30 0.4 1 0.8
0.993592363316566 31.6140633190664 "experimento_43" 43 500 1000 0.95 30 0.4 1 0.8
0.998182955663651 28.2520824365502 "experimento_43" 43 500 1000 0.95 30 0.4 1 0.8
0.953530351398513 17.1065322158165 "experimento_43" 43 500 1000 0.95 30 0.4 1 0.8
0.723459775559604 6.66106250080093 "experimento_43" 43 500 1000 0.95 30 0.4 1 0.8
0.985493373824283 20.7056741222863 "experimento_43" 43 500 1000 0.95 30 0.4 1 0.8
0.975828561466187 20.5155223806812 "experimento_43" 43 500 1000 0.95 30 0.4 1 0.8
0.98515398427844 28.8545895775091 "experimento_43" 43 500 1000 0.95 30 0.4 1 0.8
0.978999888058752 26.0857043828911 "experimento_43" 43 500 1000 0.95 30 0.4 1 0.8
0.993065848713741 29.4417583275772 "experimento_43" 43 500 1000 0.95 30 0.4 1 0.8
0.85404746234417 10.1348798492994 "experimento_43" 43 500 1000 0.95 30 0.4 1 0.8
0.993458297569305 23.4363412537309 "experimento_43" 43 500 1000 0.95 30 0.4 1 0.8
1.02486717784057 37.3756052525424 "experimento_43" 43 500 1000 0.95 30 0.4 1 0.8
1.00726891504601 47.2163394764549 "experimento_43" 43 500 1000 0.95 30 0.4 1 0.8
0.997411991236731 28.9584991118743 "experimento_43" 43 500 1000 0.95 30 0.4 1 0.8
0.987600638531148 30.4585726998624 "experimento_43" 43 500 1000 0.95 30 0.4 1 0.8
0.599071382544935 4.74707417597554 "experimento_43" 43 500 1000 0.95 30 0.4 1 0.8
1.01186609983755 40.7672742496576 "experimento_43" 43 500 1000 0.95 30 0.4 1 0.8
0.9754172868561 24.3150992206841 "experimento_43" 43 500 1000 0.95 30 0.4 1 0.8
0.983830912038684 27.2526887785059 "experimento_43" 43 500 1000 0.95 30 0.4 1 0.8
0.973270447226241 20.9220955825511 "experimento_43" 43 500 1000 0.95 30 0.4 1 0.8
1.02051608016094 36.4525822871037 "experimento_43" 43 500 1000 0.95 30 0.4 1 0.8
0.983781802235171 29.5640704329454 "experimento_43" 43 500 1000 0.95 30 0.4 1 0.8
0.952941451221704 18.5572148788654 "experimento_43" 43 500 1000 0.95 30 0.4 1 0.8
0.994506742106751 30.2066131736202 "experimento_43" 43 500 1000 0.95 30 0.4 1 0.8
0.990379977971315 32.3461866512077 "experimento_43" 43 500 1000 0.95 30 0.4 1 0.8
1.00286521441303 30.4107769608059 "experimento_43" 43 500 1000 0.95 30 0.4 1 0.8
1.00421927768957 30.7877417889836 "experimento_43" 43 500 1000 0.95 30 0.4 1 0.8
0.992787633091211 26.3094500037554 "experimento_43" 43 500 1000 0.95 30 0.4 1 0.8
0.623401113552973 4.83681884896376 "experimento_43" 43 500 1000 0.95 30 0.4 1 0.8
0.675350423902273 5.86756628918097 "experimento_43" 43 500 1000 0.95 30 0.4 1 0.8
0.996095065958798 32.3130682915283 "experimento_43" 43 500 1000 0.95 30 0.4 1 0.8
1.0020764049172 36.6878925544464 "experimento_43" 43 500 1000 0.95 30 0.4 1 0.8
1.00304434979334 39.8152413771627 "experimento_43" 43 500 1000 0.95 30 0.4 1 0.8
0.535370669560507 4.0088613349676 "experimento_43" 43 500 1000 0.95 30 0.4 1 0.8
1.00265689259395 37.3042037426943 "experimento_43" 43 500 1000 0.95 30 0.4 1 0.8
0.672129784245044 5.67152818684479 "experimento_43" 43 500 1000 0.95 30 0.4 1 0.8
0.995139764854684 39.457586254945 "experimento_43" 43 500 1000 0.95 30 0.4 1 0.8
0.993424179498106 29.9662196280825 "experimento_43" 43 500 1000 0.95 30 0.4 1 0.8
0.997703907545656 32.2015539191714 "experimento_43" 43 500 1000 0.95 30 0.4 1 0.8
1.00507270203282 57.6798605580509 "experimento_43" 43 500 1000 0.95 30 0.4 1 0.8
0.717990389792249 6.63217237519487 "experimento_43" 43 500 1000 0.95 30 0.4 1 0.8
0.991864961804822 30.4759984497528 "experimento_43" 43 500 1000 0.95 30 0.4 1 0.8
0.788106073858216 8.75486799975095 "experimento_43" 43 500 1000 0.95 30 0.4 1 0.8
0.999228656291962 34.2710561335408 "experimento_43" 43 500 1000 0.95 30 0.4 1 0.8
0.995347863063216 32.7523622714948 "experimento_43" 43 500 1000 0.95 30 0.4 1 0.8
0.783811239758506 7.99255263062875 "experimento_43" 43 500 1000 0.95 30 0.4 1 0.8
1.00006035266755 25.5303636012129 "experimento_43" 43 500 1000 0.95 30 0.4 1 0.8
1.01227812975024 54.996216043119 "experimento_43" 43 500 1000 0.95 30 0.4 1 0.8
0.990453802514821 27.0293960331351 "experimento_43" 43 500 1000 0.95 30 0.4 1 0.8
0.984316456597298 34.3000952348737 "experimento_43" 43 500 1000 0.95 30 0.4 1 0.8
0.918508401606232 15.9407607594311 "experimento_43" 43 500 1000 0.95 30 0.4 1 0.8
0.529382309410721 4.07238327508375 "experimento_43" 43 500 1000 0.95 30 0.4 1 0.8
0.920460999477655 14.8610013707276 "experimento_43" 43 500 1000 0.95 30 0.4 1 0.8
0.990432895952836 22.9257674243606 "experimento_43" 43 500 1000 0.95 30 0.4 1 0.8
0.926518072606996 18.5190678860325 "experimento_43" 43 500 1000 0.95 30 0.4 1 0.8
0.982472273055464 25.2651655718653 "experimento_43" 43 500 1000 0.95 30 0.4 1 0.8
0.991890991572291 34.5176944478788 "experimento_43" 43 500 1000 0.95 30 0.4 1 0.8
0.824827823089436 9.25343464102251 "experimento_43" 43 500 1000 0.95 30 0.4 1 0.8
0.952536761760712 21.6414185617484 "experimento_43" 43 500 1000 0.95 30 0.4 1 0.8
0.961524871876463 27.8862423092823 "experimento_43" 43 500 1000 0.95 30 0.4 1 0.8
1.01001341522149 36.5883637257533 "experimento_43" 43 500 1000 0.95 30 0.4 1 0.8
0.981787871336564 24.8624100744931 "experimento_43" 43 500 1000 0.95 30 0.4 1 0.8
0.874026961857453 11.6676737947483 "experimento_43" 43 500 1000 0.95 30 0.4 1 0.8
0.946404477348551 17.0907369792859 "experimento_43" 43 500 1000 0.95 30 0.4 1 0.8
0.920778173953295 15.1394878808978 "experimento_43" 43 500 1000 0.95 30 0.4 1 0.8
0.998464280972257 31.7066345437398 "experimento_43" 43 500 1000 0.95 30 0.4 1 0.8
1.00427082460021 32.8788392609586 "experimento_43" 43 500 1000 0.95 30 0.4 1 0.8
1.00529193553574 37.1824101841078 "experimento_43" 43 500 1000 0.95 30 0.4 1 0.8
1.00035956103044 27.6306143511556 "experimento_43" 43 500 1000 0.95 30 0.4 1 0.8
0.606014510383829 4.72497632130564 "experimento_43" 43 500 1000 0.95 30 0.4 1 0.8
1.02193353357725 26.2992262847476 "experimento_43" 43 500 1000 0.95 30 0.4 1 0.8
0.976420808583498 28.3825579343365 "experimento_43" 43 500 1000 0.95 30 0.4 1 0.8
0.991177613614127 23.0501738112411 "experimento_43" 43 500 1000 0.95 30 0.4 1 0.8
1.00285532274283 38.1785889076186 "experimento_43" 43 500 1000 0.95 30 0.4 1 0.8
0.995470885653049 29.3863420345102 "experimento_43" 43 500 1000 0.95 30 0.4 1 0.8
0.756425724131986 6.8549836661655 "experimento_43" 43 500 1000 0.95 30 0.4 1 0.8
0.995184346335009 28.4127257346112 "experimento_43" 43 500 1000 0.95 30 0.4 1 0.8
0.581557859433815 4.68233217099722 "experimento_43" 43 500 1000 0.95 30 0.4 1 0.8
0.93607692187652 18.2936463372541 "experimento_43" 43 500 1000 0.95 30 0.4 1 0.8
0.667042716871947 5.64713418583096 "experimento_43" 43 500 1000 0.95 30 0.4 1 0.8
1.00838580604953 32.79510448678 "experimento_43" 43 500 1000 0.95 30 0.4 1 0.8
0.966349866939709 19.9892139960072 "experimento_43" 43 500 1000 0.95 30 0.4 1 0.8
0.987252892227843 24.9313460410022 "experimento_43" 43 500 1000 0.95 30 0.4 1 0.8
0.950651676394045 20.7828181044506 "experimento_43" 43 500 1000 0.95 30 0.4 1 0.8
0.957384480163455 18.4008729595096 "experimento_43" 43 500 1000 0.95 30 0.4 1 0.8
0.999203307321295 34.849804373017 "experimento_43" 43 500 1000 0.95 30 0.4 1 0.8
0.796768405241892 8.49555653339077 "experimento_43" 43 500 1000 0.95 30 0.4 1 0.8
0.530699472408742 4.05162488570816 "experimento_43" 43 500 1000 0.95 30 0.4 1 0.8
0.981948642525822 24.9716913696371 "experimento_43" 43 500 1000 0.95 30 0.4 1 0.8
0.962321909843013 21.5367143760142 "experimento_43" 43 500 1000 0.95 30 0.4 1 0.8
0.982838280731812 26.926307994008 "experimento_43" 43 500 1000 0.95 30 0.4 1 0.8
0.963148296112195 18.9716943980344 "experimento_43" 43 500 1000 0.95 30 0.4 1 0.8
0.989604333182797 27.1793825835798 "experimento_43" 43 500 1000 0.95 30 0.4 1 0.8
0.799218779895455 8.95782312628398 "experimento_43" 43 500 1000 0.95 30 0.4 1 0.8
0.930013763485476 14.3545836688887 "experimento_43" 43 500 1000 0.95 30 0.4 1 0.8
0.864146729232743 11.4653053023237 "experimento_43" 43 500 1000 0.95 30 0.4 1 0.8
0.99189771222882 32.3214751281031 "experimento_43" 43 500 1000 0.95 30 0.4 1 0.8
0.989627819042653 31.3795226074037 "experimento_43" 43 500 1000 0.95 30 0.4 1 0.8
0.980682167457417 20.5990010162067 "experimento_43" 43 500 1000 0.95 30 0.4 1 0.8
0.995603731367737 48.7649985395086 "experimento_43" 43 500 1000 0.95 30 0.4 1 0.8
0.989817806519568 27.53359385264 "experimento_43" 43 500 1000 0.95 30 0.4 1 0.8
0.990932136774063 35.7446354016214 "experimento_43" 43 500 1000 0.95 30 0.4 1 0.8
0.553217542823404 4.34741993052462 "experimento_43" 43 500 1000 0.95 30 0.4 1 0.8
0.991144520929083 29.1783488747009 "experimento_43" 43 500 1000 0.95 30 0.4 1 0.8
1.01297474072124 53.7863804512267 "experimento_43" 43 500 1000 0.95 30 0.4 1 0.8
0.993730957619846 25.4427905341189 "experimento_43" 43 500 1000 0.95 30 0.4 1 0.8
0.983073581475765 29.1460023085207 "experimento_43" 43 500 1000 0.95 30 0.4 1 0.8
0.939974227920175 17.4317582869469 "experimento_43" 43 500 1000 0.95 30 0.4 1 0.8
0.464568089926615 3.59220733215692 "experimento_43" 43 500 1000 0.95 30 0.4 1 0.8
0.990121121751145 32.2798512477555 "experimento_43" 43 500 1000 0.95 30 0.4 1 0.8
0.53019079240039 3.86122248278837 "experimento_43" 43 500 1000 0.95 30 0.4 1 0.8
0.888957439921796 14.0321883670313 "experimento_43" 43 500 1000 0.95 30 0.4 1 0.8
0.975361636141315 26.0496118567656 "experimento_43" 43 500 1000 0.95 30 0.4 1 0.8
1.02640449482187 31.1535760405315 "experimento_43" 43 500 1000 0.95 30 0.4 1 0.8
0.992921818979084 47.4711336034618 "experimento_43" 43 500 1000 0.95 30 0.4 1 0.8
0.945631974609569 17.088250702872 "experimento_43" 43 500 1000 0.95 30 0.4 1 0.8
0.97237999481149 30.4678454469107 "experimento_43" 43 500 1000 0.95 30 0.4 1 0.8
0.981450133491307 25.4879103401928 "experimento_43" 43 500 1000 0.95 30 0.4 1 0.8
0.995928433025256 30.902027848027 "experimento_43" 43 500 1000 0.95 30 0.4 1 0.8
0.939964012010023 19.813904556967 "experimento_43" 43 500 1000 0.95 30 0.4 1 0.8
0.984046484343708 27.8203530496859 "experimento_43" 43 500 1000 0.95 30 0.4 1 0.8
1.012964809689 38.7230632397478 "experimento_43" 43 500 1000 0.95 30 0.4 1 0.8
0.99969497253187 41.0018332380155 "experimento_43" 43 500 1000 0.95 30 0.4 1 0.8
0.581788399955258 4.44613366031712 "experimento_43" 43 500 1000 0.95 30 0.4 1 0.8
0.999080100096762 31.5677518809666 "experimento_43" 43 500 1000 0.95 30 0.4 1 0.8
0.613758756080642 4.61386896042671 "experimento_43" 43 500 1000 0.95 30 0.4 1 0.8
0.918186886003241 17.1867789628041 "experimento_43" 43 500 1000 0.95 30 0.4 1 0.8
0.985276912106201 27.2900060075777 "experimento_43" 43 500 1000 0.95 30 0.4 1 0.8
0.917537643807009 17.2463116832882 "experimento_43" 43 500 1000 0.95 30 0.4 1 0.8
0.936311453115195 19.0415530629081 "experimento_43" 43 500 1000 0.95 30 0.4 1 0.8
1.00518460643728 71.4174474172335 "experimento_43" 43 500 1000 0.95 30 0.4 1 0.8
0.936272735241801 16.324168789857 "experimento_43" 43 500 1000 0.95 30 0.4 1 0.8
0.93958991067484 20.4933066546418 "experimento_43" 43 500 1000 0.95 30 0.4 1 0.8
0.987843471579254 27.3680176547936 "experimento_43" 43 500 1000 0.95 30 0.4 1 0.8
0.996979057788849 44.0508803868827 "experimento_43" 43 500 1000 0.95 30 0.4 1 0.8
1.00479229578824 29.7726276984277 "experimento_43" 43 500 1000 0.95 30 0.4 1 0.8
0.992939652642235 23.6404698460058 "experimento_43" 43 500 1000 0.95 30 0.4 1 0.8
0.944638632005081 19.9725146916089 "experimento_43" 43 500 1000 0.95 30 0.4 1 0.8
0.99474222608842 26.4932904361978 "experimento_43" 43 500 1000 0.95 30 0.4 1 0.8
0.958344030193985 23.8133971709527 "experimento_43" 43 500 1000 0.95 30 0.4 1 0.8
0.995888256467879 29.1910432319716 "experimento_43" 43 500 1000 0.95 30 0.4 1 0.8
1.00720006696259 32.6726752518607 "experimento_43" 43 500 1000 0.95 30 0.4 1 0.8
0.933415166800842 19.3741101488536 "experimento_43" 43 500 1000 0.95 30 0.4 1 0.8
0.505926153156906 3.88583508499889 "experimento_43" 43 500 1000 0.95 30 0.4 1 0.8
0.857441258151084 11.1632236781349 "experimento_43" 43 500 1000 0.95 30 0.4 1 0.8
0.984098431887105 26.4408708896171 "experimento_43" 43 500 1000 0.95 30 0.4 1 0.8
1.03013418077662 33.9749637174703 "experimento_43" 43 500 1000 0.95 30 0.4 1 0.8
0.489006055984646 3.5480000255331 "experimento_43" 43 500 1000 0.95 30 0.4 1 0.8
0.986205922672525 26.9908020939161 "experimento_43" 43 500 1000 0.95 30 0.4 1 0.8
0.992805163841695 31.7483558529235 "experimento_43" 43 500 1000 0.95 30 0.4 1 0.8
0.99181645619683 26.9798517104157 "experimento_43" 43 500 1000 0.95 30 0.4 1 0.8
0.975450477795675 27.2871754016782 "experimento_43" 43 500 1000 0.95 30 0.4 1 0.8
1.02294193996737 28.2016677029279 "experimento_43" 43 500 1000 0.95 30 0.4 1 0.8
0.997181362705305 34.8440305443468 "experimento_43" 43 500 1000 0.95 30 0.4 1 0.8
0.914797617588192 14.8138938704663 "experimento_43" 43 500 1000 0.95 30 0.4 1 0.8
1.02027664195436 58.8441053240414 "experimento_43" 43 500 1000 0.95 30 0.4 1 0.8
0.810521906474605 9.04920314610716 "experimento_43" 43 500 1000 0.95 30 0.4 1 0.8
0.89841143344529 13.8768869441263 "experimento_43" 43 500 1000 0.95 30 0.4 1 0.8
0.980090335244313 25.9545190034876 "experimento_43" 43 500 1000 0.95 30 0.4 1 0.8
0.994959588162601 22.3455535814985 "experimento_43" 43 500 1000 0.95 30 0.4 1 0.8
0.966690055094659 22.7081339941933 "experimento_43" 43 500 1000 0.95 30 0.4 1 0.8
0.590318300761282 4.59709964140025 "experimento_43" 43 500 1000 0.95 30 0.4 1 0.8
0.97202864731662 28.0050493397201 "experimento_43" 43 500 1000 0.95 30 0.4 1 0.8
1.0156365317603 62.1896154559826 "experimento_43" 43 500 1000 0.95 30 0.4 1 0.8
0.961894897278398 21.0353363157198 "experimento_43" 43 500 1000 0.95 30 0.4 1 0.8
1.00034544890569 36.3785254536407 "experimento_43" 43 500 1000 0.95 30 0.4 1 0.8
1.00933718299374 43.0494476726604 "experimento_43" 43 500 1000 0.95 30 0.4 1 0.8
0.953084107488394 22.4861639485505 "experimento_43" 43 500 1000 0.95 30 0.4 1 0.8
0.797074065543711 8.29791459194719 "experimento_43" 43 500 1000 0.95 30 0.4 1 0.8
0.968595932237804 20.7963698934647 "experimento_43" 43 500 1000 0.95 30 0.4 1 0.8
0.984200648264959 29.2431903778232 "experimento_43" 43 500 1000 0.95 30 0.4 1 0.8
0.965912802610546 20.9983811721338 "experimento_43" 43 500 1000 0.95 30 0.4 1 0.8
1.01118465603019 54.2791316702469 "experimento_43" 43 500 1000 0.95 30 0.4 1 0.8
1.00339210730356 27.4410667629553 "experimento_43" 43 500 1000 0.95 30 0.4 1 0.8
0.98211809550412 31.7912307794873 "experimento_43" 43 500 1000 0.95 30 0.4 1 0.8
1.00834996545433 46.0850401707595 "experimento_43" 43 500 1000 0.95 30 0.4 1 0.8
0.999654097715393 33.0753819812496 "experimento_43" 43 500 1000 0.95 30 0.4 1 0.8
0.714969315798953 6.470714029389 "experimento_43" 43 500 1000 0.95 30 0.4 1 0.8
0.994060862343758 31.372310910074 "experimento_43" 43 500 1000 0.95 30 0.4 1 0.8
0.528365273261443 4.07614895180538 "experimento_43" 43 500 1000 0.95 30 0.4 1 0.8
0.911396155599505 15.4524843690654 "experimento_43" 43 500 1000 0.95 30 0.4 1 0.8
1.00624709034389 29.4800223401202 "experimento_43" 43 500 1000 0.95 30 0.4 1 0.8
0.992586410138756 36.4037795845104 "experimento_43" 43 500 1000 0.95 30 0.4 1 0.8
1.0013319657029 33.5063101004306 "experimento_43" 43 500 1000 0.95 30 0.4 1 0.8
0.997803928796202 22.0698726045342 "experimento_43" 43 500 1000 0.95 30 0.4 1 0.8
0.988265839638188 28.6200126319161 "experimento_43" 43 500 1000 0.95 30 0.4 1 0.8
0.911520422669128 13.6257141339391 "experimento_43" 43 500 1000 0.95 30 0.4 1 0.8
1.0022118887711 45.6487202410472 "experimento_43" 43 500 1000 0.95 30 0.4 1 0.8
0.994576248573139 49.5409803378329 "experimento_43" 43 500 1000 0.95 30 0.4 1 0.8
1.00097300849545 27.1361821207456 "experimento_43" 43 500 1000 0.95 30 0.4 1 0.8
1.00238207767386 28.9269746343025 "experimento_43" 43 500 1000 0.95 30 0.4 1 0.8
0.985754437278956 29.1533739450274 "experimento_43" 43 500 1000 0.95 30 0.4 1 0.8
0.765252699842677 7.5030824896138 "experimento_43" 43 500 1000 0.95 30 0.4 1 0.8
0.577817509416491 4.21600083323474 "experimento_43" 43 500 1000 0.95 30 0.4 1 0.8
1.0050326208424 30.6708882118654 "experimento_43" 43 500 1000 0.95 30 0.4 1 0.8
0.997888308484107 30.4013511653096 "experimento_43" 43 500 1000 0.95 30 0.4 1 0.8
0.583408411592245 4.43906386100388 "experimento_43" 43 500 1000 0.95 30 0.4 1 0.8
0.995388072216883 32.1869432821002 "experimento_43" 43 500 1000 0.95 30 0.4 1 0.8
0.823958813212812 10.0887798083583 "experimento_43" 43 500 1000 0.95 30 0.4 1 0.8
0.990151345729828 25.3762922478694 "experimento_43" 43 500 1000 0.95 30 0.4 1 0.8
0.988458496052772 28.5364170563169 "experimento_43" 43 500 1000 0.95 30 0.4 1 0.8
0.99512921879068 30.759595095329 "experimento_43" 43 500 1000 0.95 30 0.4 1 0.8
0.98070768173784 25.9844298330816 "experimento_43" 43 500 1000 0.95 30 0.4 1 0.8
0.930390884634107 18.3641873512307 "experimento_43" 43 500 1000 0.95 30 0.4 1 0.8
0.811096429359168 9.13113819448447 "experimento_43" 43 500 1000 0.95 30 0.4 1 0.8
0.940337013453245 16.1996244136723 "experimento_43" 43 500 1000 0.95 30 0.4 1 0.8
0.981775901513174 21.5508422875794 "experimento_43" 43 500 1000 0.95 30 0.4 1 0.8
0.971010690787807 22.8892682831102 "experimento_43" 43 500 1000 0.95 30 0.4 1 0.8
0.989664778113365 40.5772275986152 "experimento_43" 43 500 1000 0.95 30 0.4 1 0.8
0.993494021240622 33.5546729528332 "experimento_43" 43 500 1000 0.95 30 0.4 1 0.8
0.974648458883166 24.2941440276334 "experimento_43" 43 500 1000 0.95 30 0.4 1 0.8
1.01105982350806 48.2179748137498 "experimento_43" 43 500 1000 0.95 30 0.4 1 0.8
0.945834290701896 18.2362909167619 "experimento_43" 43 500 1000 0.95 30 0.4 1 0.8
0.822645976673812 9.96871872938256 "experimento_43" 43 500 1000 0.95 30 0.4 1 0.8
0.990690391277894 36.9613145174449 "experimento_43" 43 500 1000 0.95 30 0.4 1 0.8
1.00026428716519 26.7139591057969 "experimento_43" 43 500 1000 0.95 30 0.4 1 0.8
0.978533287998289 27.0215772256801 "experimento_43" 43 500 1000 0.95 30 0.4 1 0.8
0.98781520454213 27.9544535565505 "experimento_43" 43 500 1000 0.95 30 0.4 1 0.8
0.888073205947876 11.7810258073707 "experimento_43" 43 500 1000 0.95 30 0.4 1 0.8
1.0242553469711 52.9425856933491 "experimento_43" 43 500 1000 0.95 30 0.4 1 0.8
0.989919933024794 24.312252969335 "experimento_43" 43 500 1000 0.95 30 0.4 1 0.8
0.977510399185121 24.6398957844937 "experimento_43" 43 500 1000 0.95 30 0.4 1 0.8
1.00014628870474 21.8924931887842 "experimento_43" 43 500 1000 0.95 30 0.4 1 0.8
1.00735379796911 34.7560457299319 "experimento_43" 43 500 1000 0.95 30 0.4 1 0.8
0.982204530155286 30.527152170647 "experimento_43" 43 500 1000 0.95 30 0.4 1 0.8
1.02133206759269 35.4099159068355 "experimento_43" 43 500 1000 0.95 30 0.4 1 0.8
0.563945149071515 4.56353282209855 "experimento_43" 43 500 1000 0.95 30 0.4 1 0.8
0.946896397741511 22.2333571427408 "experimento_43" 43 500 1000 0.95 30 0.4 1 0.8
0.987906546797603 22.3062277043962 "experimento_43" 43 500 1000 0.95 30 0.4 1 0.8
0.96949612069875 32.7745052077864 "experimento_43" 43 500 1000 0.95 30 0.4 1 0.8
0.742969330633059 7.5495537990783 "experimento_43" 43 500 1000 0.95 30 0.4 1 0.8
0.981266708346084 35.839675488466 "experimento_43" 43 500 1000 0.95 30 0.4 1 0.8
0.529360822867602 3.9120594561102 "experimento_43" 43 500 1000 0.95 30 0.4 1 0.8
0.557722355239093 4.21288914134413 "experimento_43" 43 500 1000 0.95 30 0.4 1 0.8
0.999216930940747 42.1760589424879 "experimento_43" 43 500 1000 0.95 30 0.4 1 0.8
0.965070624137297 29.5899945738926 "experimento_43" 43 500 1000 0.95 30 0.4 1 0.8
0.990611096844077 26.8211452516263 "experimento_43" 43 500 1000 0.95 30 0.4 1 0.8
0.986449640244246 22.0585152535655 "experimento_43" 43 500 1000 0.95 30 0.4 1 0.8
0.99208773067221 40.4352282241242 "experimento_43" 43 500 1000 0.95 30 0.4 1 0.8
1.00438976973916 33.7953799285025 "experimento_43" 43 500 1000 0.95 30 0.4 1 0.8
0.975109357153997 21.0462452494109 "experimento_43" 43 500 1000 0.95 30 0.4 1 0.8
0.970334125449881 19.1620461948439 "experimento_43" 43 500 1000 0.95 30 0.4 1 0.8
0.741089461604133 6.81409586684994 "experimento_43" 43 500 1000 0.95 30 0.4 1 0.8
1.0023217264413 26.841080342872 "experimento_43" 43 500 1000 0.95 30 0.4 1 0.8
0.895413563353941 13.3560962463952 "experimento_43" 43 500 1000 0.95 30 0.4 1 0.8
0.971887574065477 27.4529206273467 "experimento_43" 43 500 1000 0.95 30 0.4 1 0.8
0.993536720750853 27.853119731537 "experimento_43" 43 500 1000 0.95 30 0.4 1 0.8
0.982404098613188 31.4279689757929 "experimento_43" 43 500 1000 0.95 30 0.4 1 0.8
0.761811600532383 7.18439899941528 "experimento_43" 43 500 1000 0.95 30 0.4 1 0.8
0.981203627306968 26.4801109076214 "experimento_43" 43 500 1000 0.95 30 0.4 1 0.8
0.998556433012709 38.4663697273407 "experimento_43" 43 500 1000 0.95 30 0.4 1 0.8
0.713686442468315 6.46179790837811 "experimento_43" 43 500 1000 0.95 30 0.4 1 0.8
0.92347735282965 18.1155147156519 "experimento_43" 43 500 1000 0.95 30 0.4 1 0.8
1.00128721629583 43.41795365206 "experimento_43" 43 500 1000 0.95 30 0.4 1 0.8
0.876402275403962 11.3177689814054 "experimento_43" 43 500 1000 0.95 30 0.4 1 0.8
0.903766629518941 13.9155252428576 "experimento_43" 43 500 1000 0.95 30 0.4 1 0.8
0.963391066528857 20.6761863459261 "experimento_43" 43 500 1000 0.95 30 0.4 1 0.8
0.996357685653493 28.7528241662411 "experimento_43" 43 500 1000 0.95 30 0.4 1 0.8
1.00413639298241 26.8832366907195 "experimento_43" 43 500 1000 0.95 30 0.4 1 0.8
0.533334409818053 3.89066040345976 "experimento_43" 43 500 1000 0.95 30 0.4 1 0.8
0.997665010625497 39.3486100591964 "experimento_43" 43 500 1000 0.95 30 0.4 1 0.8
1.00098091554828 33.0315491093805 "experimento_43" 43 500 1000 0.95 30 0.4 1 0.8
0.982438185717911 28.3776215186797 "experimento_43" 43 500 1000 0.95 30 0.4 1 0.8
0.982355561340228 26.2483144074744 "experimento_43" 43 500 1000 0.95 30 0.4 1 0.8
0.975734023377299 19.5815903572249 "experimento_43" 43 500 1000 0.95 30 0.4 1 0.8
0.987490900559351 19.5328736664643 "experimento_43" 43 500 1000 0.95 30 0.4 1 0.8
0.96565296757035 22.9903269547145 "experimento_43" 43 500 1000 0.95 30 0.4 1 0.8
0.9885821393691 29.368832742465 "experimento_43" 43 500 1000 0.95 30 0.4 1 0.8
0.610169379971921 4.87314300382309 "experimento_43" 43 500 1000 0.95 30 0.4 1 0.8
0.550235531758517 4.4286124462767 "experimento_43" 43 500 1000 0.95 30 0.4 1 0.8
0.983757437905297 30.1933372709236 "experimento_43" 43 500 1000 0.95 30 0.4 1 0.8
0.998071307083592 34.8714614010932 "experimento_43" 43 500 1000 0.95 30 0.4 1 0.8
0.996649189386517 24.0928621306547 "experimento_43" 43 500 1000 0.95 30 0.4 1 0.8
0.991440240759403 26.0473168288841 "experimento_43" 43 500 1000 0.95 30 0.4 1 0.8
0.93762050406076 20.3671294628831 "experimento_43" 43 500 1000 0.95 30 0.4 1 0.8
0.988250855589285 31.7879960387764 "experimento_43" 43 500 1000 0.95 30 0.4 1 0.8
0.802605115110055 8.77015184602717 "experimento_43" 43 500 1000 0.95 30 0.4 1 0.8
1.00728861064029 40.0038277179612 "experimento_43" 43 500 1000 0.95 30 0.4 1 0.8
0.703057863749564 6.03108578019584 "experimento_43" 43 500 1000 0.95 30 0.4 1 0.8
0.726876562694088 6.65561325198579 "experimento_43" 43 500 1000 0.95 30 0.4 1 0.8
0.970130831003189 29.3126614574795 "experimento_43" 43 500 1000 0.95 30 0.4 1 0.8
0.985601593507454 24.4643868568259 "experimento_43" 43 500 1000 0.95 30 0.4 1 0.8
0.987026418093592 37.3113673462559 "experimento_43" 43 500 1000 0.95 30 0.4 1 0.8
0.553382818354294 4.33944692082445 "experimento_43" 43 500 1000 0.95 30 0.4 1 0.8
0.983839564025402 25.7370201587686 "experimento_43" 43 500 1000 0.95 30 0.4 1 0.8
0.965079905232415 23.4569522615542 "experimento_43" 43 500 1000 0.95 30 0.4 1 0.8
0.996795321814716 28.7772801274287 "experimento_43" 43 500 1000 0.95 30 0.4 1 0.8
1.01677101418997 50.5096573215793 "experimento_43" 43 500 1000 0.95 30 0.4 1 0.8
1.02863574812867 52.7778285475887 "experimento_43" 43 500 1000 0.95 30 0.4 1 0.8
0.990963923744857 26.7242821687743 "experimento_43" 43 500 1000 0.95 30 0.4 1 0.8
0.998808094998822 26.3338519742043 "experimento_43" 43 500 1000 0.95 30 0.4 1 0.8
1.00591327891064 28.0162317868501 "experimento_43" 43 500 1000 0.95 30 0.4 1 0.8
0.581077330978587 4.29794467725012 "experimento_43" 43 500 1000 0.95 30 0.4 1 0.8
1.02485004791034 48.3007659958069 "experimento_43" 43 500 1000 0.95 30 0.4 1 0.8
0.988892040681094 26.3219470373637 "experimento_43" 43 500 1000 0.95 30 0.4 1 0.8
0.988178241765127 41.843937985114 "experimento_43" 43 500 1000 0.95 30 0.4 1 0.8
0.960531290154904 22.1788896063898 "experimento_43" 43 500 1000 0.95 30 0.4 1 0.8
1.0198716684555 61.9514407151119 "experimento_43" 43 500 1000 0.95 30 0.4 1 0.8
0.999708198243752 65.3537649254487 "experimento_43" 43 500 1000 0.95 30 0.4 1 0.8
0.538478366099298 4.06825470705509 "experimento_43" 43 500 1000 0.95 30 0.4 1 0.8
0.957662709522992 21.0909171028558 "experimento_43" 43 500 1000 0.95 30 0.4 1 0.8
0.956385525874794 20.3847591736147 "experimento_43" 43 500 1000 0.95 30 0.4 1 0.8
0.998540167696774 33.7196792387789 "experimento_43" 43 500 1000 0.95 30 0.4 1 0.8
0.977237092098221 25.6480444768676 "experimento_43" 43 500 1000 0.95 30 0.4 1 0.8
0.976018684683368 27.5124973424391 "experimento_43" 43 500 1000 0.95 30 0.4 1 0.8
0.998754319502041 54.6788514816374 "experimento_43" 43 500 1000 0.95 30 0.4 1 0.8
0.989167572697625 29.9417042628387 "experimento_43" 43 500 1000 0.95 30 0.4 1 0.8
0.995129134273157 30.8917140854872 "experimento_43" 43 500 1000 0.95 30 0.4 1 0.8
0.976286475080997 22.6198436948083 "experimento_43" 43 500 1000 0.95 30 0.4 1 0.8
0.994303301209584 25.4077541225362 "experimento_43" 43 500 1000 0.95 30 0.4 1 0.8
0.516086804913357 3.91387713473463 "experimento_43" 43 500 1000 0.95 30 0.4 1 0.8
0.550091925542802 3.94301055391245 "experimento_43" 43 500 1000 0.95 30 0.4 1 0.8
0.564647689927369 4.17149403147937 "experimento_43" 43 500 1000 0.95 30 0.4 1 0.8
1.00128311581353 43.1451569280932 "experimento_43" 43 500 1000 0.95 30 0.4 1 0.8
0.994543127948418 38.5395662088357 "experimento_43" 43 500 1000 0.95 30 0.4 1 0.8
0.975389143219218 24.1380080153286 "experimento_43" 43 500 1000 0.95 30 0.4 1 0.8
0.82658062572591 10.6604486334404 "experimento_43" 43 500 1000 0.95 30 0.4 1 0.8
0.989046291913837 43.4721423353486 "experimento_43" 43 500 1000 0.95 30 0.4 1 0.8
0.985255127074197 28.9290708149067 "experimento_43" 43 500 1000 0.95 30 0.4 1 0.8
0.993113300064579 39.8396999151879 "experimento_43" 43 500 1000 0.95 30 0.4 1 0.8
0.98293068469502 22.0940987071933 "experimento_43" 43 500 1000 0.95 30 0.4 1 0.8
0.996328366920352 35.964409715132 "experimento_43" 43 500 1000 0.95 30 0.4 1 0.8
1.00109519518864 25.5800784311674 "experimento_43" 43 500 1000 0.95 30 0.4 1 0.8
0.994227843824774 23.1045278218659 "experimento_43" 43 500 1000 0.95 30 0.4 1 0.8
0.99767194618471 32.1259329764799 "experimento_43" 43 500 1000 0.95 30 0.4 1 0.8
0.958612389629707 25.1374594891617 "experimento_43" 43 500 1000 0.95 30 0.4 1 0.8
0.983766944147646 21.6606379979056 "experimento_43" 43 500 1000 0.95 30 0.4 1 0.8
0.963869432918727 18.9002071704499 "experimento_43" 43 500 1000 0.95 30 0.4 1 0.8
0.774898233823478 8.25704537448231 "experimento_43" 43 500 1000 0.95 30 0.4 1 0.8
0.694633095525205 6.16456144067907 "experimento_43" 43 500 1000 0.95 30 0.4 1 0.8
0.968243821058422 29.4380783273675 "experimento_43" 43 500 1000 0.95 30 0.4 1 0.8
1.00938250101171 37.3273454681395 "experimento_43" 43 500 1000 0.95 30 0.4 1 0.8
0.836085548857227 10.3843899065402 "experimento_43" 43 500 1000 0.95 30 0.4 1 0.8
0.570920897880569 4.44707972162229 "experimento_43" 43 500 1000 0.95 30 0.4 1 0.8
0.989387028152123 28.5889430019731 "experimento_43" 43 500 1000 0.95 30 0.4 1 0.8
0.967430766206235 26.0579778186285 "experimento_43" 43 500 1000 0.95 30 0.4 1 0.8
0.94581904890947 19.3313888837318 "experimento_43" 43 500 1000 0.95 30 0.4 1 0.8
1.00129150706824 35.7166903171607 "experimento_43" 43 500 1000 0.95 30 0.4 1 0.8
0.991416543722153 33.224838032219 "experimento_43" 43 500 1000 0.95 30 0.4 1 0.8
0.973737804451957 22.0591491463132 "experimento_43" 43 500 1000 0.95 30 0.4 1 0.8
0.993179732235149 34.8035737525333 "experimento_43" 43 500 1000 0.95 30 0.4 1 0.8
0.999419135041535 31.6986958619681 "experimento_43" 43 500 1000 0.95 30 0.4 1 0.8
0.997544842772186 40.4902784852119 "experimento_43" 43 500 1000 0.95 30 0.4 1 0.8
0.582140953047201 4.6435791037039 "experimento_43" 43 500 1000 0.95 30 0.4 1 0.8
0.991727690910921 31.3367037313885 "experimento_43" 43 500 1000 0.95 30 0.4 1 0.8
0.962422024691477 20.6860369328118 "experimento_43" 43 500 1000 0.95 30 0.4 1 0.8
0.956698009278625 25.0118911865012 "experimento_43" 43 500 1000 0.95 30 0.4 1 0.8
0.979841846274212 19.8473908730734 "experimento_43" 43 500 1000 0.95 30 0.4 1 0.8
0.997297380352393 43.1526593410432 "experimento_43" 43 500 1000 0.95 30 0.4 1 0.8
0.992275629658252 29.9722875375258 "experimento_43" 43 500 1000 0.95 30 0.4 1 0.8
0.458913053851575 3.52553014615349 "experimento_43" 43 500 1000 0.95 30 0.4 1 0.8
0.989311286248267 22.9514157720929 "experimento_43" 43 500 1000 0.95 30 0.4 1 0.8
0.487984012579545 3.59441911974632 "experimento_43" 43 500 1000 0.95 30 0.4 1 0.8
0.98684888635762 20.5936450831351 "experimento_43" 43 500 1000 0.95 30 0.4 1 0.8
0.971478861989453 26.8805974411046 "experimento_43" 43 500 1000 0.95 30 0.4 1 0.8
0.999178688274696 38.6183199193572 "experimento_43" 43 500 1000 0.95 30 0.4 1 0.8
0.989766390761361 42.6172567017124 "experimento_43" 43 500 1000 0.95 30 0.4 1 0.8
0.97749334294349 23.320850464491 "experimento_43" 43 500 1000 0.95 30 0.4 1 0.8
1.01092225455989 46.4951423259736 "experimento_43" 43 500 1000 0.95 30 0.4 1 0.8
0.977826562244445 24.6653810259906 "experimento_43" 43 500 1000 0.95 30 0.4 1 0.8
0.978104716632515 30.7801694149189 "experimento_43" 43 500 1000 0.95 30 0.4 1 0.8
1.00219358355878 27.3474682767936 "experimento_43" 43 500 1000 0.95 30 0.4 1 0.8
0.961042047245428 22.6442110678766 "experimento_43" 43 500 1000 0.95 30 0.4 1 0.8
0.989667204674333 33.7734714438459 "experimento_43" 43 500 1000 0.95 30 0.4 1 0.8
0.634838481200859 5.35671365311826 "experimento_43" 43 500 1000 0.95 30 0.4 1 0.8
0.974535409593955 22.6037415750056 "experimento_43" 43 500 1000 0.95 30 0.4 1 0.8
0.991570823825896 26.8387297515083 "experimento_43" 43 500 1000 0.95 30 0.4 1 0.8
0.527887099655345 3.82555679626142 "experimento_43" 43 500 1000 0.95 30 0.4 1 0.8
0.974010495468974 21.6341659813823 "experimento_43" 43 500 1000 0.95 30 0.4 1 0.8
0.944826249033213 18.8131347084683 "experimento_43" 43 500 1000 0.95 30 0.4 1 0.8
0.528392837615684 3.98251253087742 "experimento_43" 43 500 1000 0.95 30 0.4 1 0.8
0.98669641232118 24.0829983176271 "experimento_43" 43 500 1000 0.95 30 0.4 1 0.8
0.995633704354987 37.4042526579858 "experimento_43" 43 500 1000 0.95 30 0.4 1 0.8
0.98607724905014 19.2923516045899 "experimento_43" 43 500 1000 0.95 30 0.4 1 0.8
0.967980940593407 26.793297039708 "experimento_43" 43 500 1000 0.95 30 0.4 1 0.8
0.849498726194724 9.53456471527054 "experimento_43" 43 500 1000 0.95 30 0.4 1 0.8
1.00341411316767 39.6540504764727 "experimento_43" 43 500 1000 0.95 30 0.4 1 0.8
0.855606233468279 12.0124551517801 "experimento_43" 43 500 1000 0.95 30 0.4 1 0.8
0.95713750529103 25.3090845304441 "experimento_43" 43 500 1000 0.95 30 0.4 1 0.8
0.514130760449916 4.0657470843375 "experimento_43" 43 500 1000 0.95 30 0.4 1 0.8
0.58146954793483 4.63735963140782 "experimento_43" 43 500 1000 0.95 30 0.4 1 0.8
0.901302719954401 14.0230901246671 "experimento_43" 43 500 1000 0.95 30 0.4 1 0.8
1.00542520807746 26.4320344843347 "experimento_43" 43 500 1000 0.95 30 0.4 1 0.8
0.976393115939572 28.2751577729881 "experimento_43" 43 500 1000 0.95 30 0.4 1 0.8
0.975454974919558 23.9342318508701 "experimento_43" 43 500 1000 0.95 30 0.4 1 0.8
0.853075223974884 11.3722334647442 "experimento_43" 43 500 1000 0.95 30 0.4 1 0.8
0.671308163320646 5.13737296235267 "experimento_43" 43 500 1000 0.95 30 0.4 1 0.8
0.999957399209961 40.8633998706894 "experimento_43" 43 500 1000 0.95 30 0.4 1 0.8
1.00815505397816 42.8608255719231 "experimento_43" 43 500 1000 0.95 30 0.4 1 0.8
0.890104610938579 14.765750904941 "experimento_43" 43 500 1000 0.95 30 0.4 1 0.8
0.994504950707778 26.1415136823826 "experimento_43" 43 500 1000 0.95 30 0.4 1 0.8
0.530805585673079 3.97039396240903 "experimento_43" 43 500 1000 0.95 30 0.4 1 0.8
1.01722541005972 26.6998335848409 "experimento_43" 43 500 1000 0.95 30 0.4 1 0.8
0.530378133989871 4.09808312412778 "experimento_43" 43 500 1000 0.95 30 0.4 1 0.8
0.982035947963595 26.8976514855225 "experimento_43" 43 500 1000 0.95 30 0.4 1 0.8
0.916470347670838 14.0498173488948 "experimento_43" 43 500 1000 0.95 30 0.4 1 0.8
0.959772862726822 23.1637844862295 "experimento_43" 43 500 1000 0.95 30 0.4 1 0.8
0.954207124654204 22.5171703835356 "experimento_43" 43 500 1000 0.95 30 0.4 1 0.8
0.964331661118194 17.6784684069523 "experimento_43" 43 500 1000 0.95 30 0.4 1 0.8
0.993165072984993 29.3565783830561 "experimento_43" 43 500 1000 0.95 30 0.4 1 0.8
1.00704871789142 35.8902211544096 "experimento_43" 43 500 1000 0.95 30 0.4 1 0.8
1.01580361140271 28.7102874720535 "experimento_43" 43 500 1000 0.95 30 0.4 1 0.8
1.00613373932429 53.0985178519941 "experimento_43" 43 500 1000 0.95 30 0.4 1 0.8
1.00314005687833 32.3429306171922 "experimento_43" 43 500 1000 0.95 30 0.4 1 0.8
0.985362878302112 30.9284330845175 "experimento_43" 43 500 1000 0.95 30 0.4 1 0.8
0.964567392366007 22.1261554913684 "experimento_43" 43 500 1000 0.95 30 0.4 1 0.8
0.993746204534546 34.7250073179488 "experimento_43" 43 500 1000 0.95 30 0.4 1 0.8
0.984860522439703 32.4930415095366 "experimento_43" 43 500 1000 0.95 30 0.4 1 0.8
0.998312119627371 33.4625452133881 "experimento_43" 43 500 1000 0.95 30 0.4 1 0.8
0.688992040930316 5.82780871263829 "experimento_43" 43 500 1000 0.95 30 0.4 1 0.8
0.9933783528395 42.1966375375911 "experimento_43" 43 500 1000 0.95 30 0.4 1 0.8
0.57846118346788 4.22375739185507 "experimento_43" 43 500 1000 0.95 30 0.4 1 0.8
1.00418835462381 53.3693328993982 "experimento_43" 43 500 1000 0.95 30 0.4 1 0.8
1.00195318808158 28.5168381653439 "experimento_43" 43 500 1000 0.95 30 0.4 1 0.8
0.707382226595655 6.1898769876505 "experimento_43" 43 500 1000 0.95 30 0.4 1 0.8
0.666206803405657 5.59114731630123 "experimento_43" 43 500 1000 0.95 30 0.4 1 0.8
1.00093124910879 28.3683641160015 "experimento_43" 43 500 1000 0.95 30 0.4 1 0.8
0.907991489395499 14.329626633655 "experimento_43" 43 500 1000 0.95 30 0.4 1 0.8
0.950541380560026 23.5796399646007 "experimento_43" 43 500 1000 0.95 30 0.4 1 0.8
0.998673854162917 30.4852922209387 "experimento_43" 43 500 1000 0.95 30 0.4 1 0.8
0.989507706835866 28.3683238016188 "experimento_43" 43 500 1000 0.95 30 0.4 1 0.8
0.980933764250949 30.5950771545643 "experimento_43" 43 500 1000 0.95 30 0.4 1 0.8
0.992955786176026 34.5192579139186 "experimento_43" 43 500 1000 0.95 30 0.4 1 0.8
0.97238338040188 26.2607524180533 "experimento_43" 43 500 1000 0.95 30 0.4 1 0.8
1.00001592259153 37.9863350378714 "experimento_43" 43 500 1000 0.95 30 0.4 1 0.8
1.02985647479837 52.1317781372613 "experimento_43" 43 500 1000 0.95 30 0.4 1 0.8
0.96456325869076 26.8120196788327 "experimento_43" 43 500 1000 0.95 30 0.4 1 0.8
0.981186092365533 26.3762148332094 "experimento_43" 43 500 1000 0.95 30 0.4 1 0.8
0.981628952082247 26.053690844438 "experimento_43" 43 500 1000 0.95 30 0.4 1 0.8
0.966225596144795 23.0681983316529 "experimento_43" 43 500 1000 0.95 30 0.4 1 0.8
0.994047147454694 35.0286507111841 "experimento_43" 43 500 1000 0.95 30 0.4 1 0.8
0.970836818683892 24.2536066813272 "experimento_43" 43 500 1000 0.95 30 0.4 1 0.8
0.985604635905474 26.3447307296144 "experimento_43" 43 500 1000 0.95 30 0.4 1 0.8
0.998460092581809 56.0228460636901 "experimento_43" 43 500 1000 0.95 30 0.4 1 0.8
0.972375486278906 22.0299460546075 "experimento_43" 43 500 1000 0.95 30 0.4 1 0.8
1.00489255580753 42.6485795315766 "experimento_43" 43 500 1000 0.95 30 0.4 1 0.8
1.00197506089569 38.5559771671114 "experimento_43" 43 500 1000 0.95 30 0.4 1 0.8
0.88310839002952 12.9121054275321 "experimento_43" 43 500 1000 0.95 30 0.4 1 0.8
1.00340097436371 27.2295701642584 "experimento_43" 43 500 1000 0.95 30 0.4 1 0.8
0.98491263249889 28.5786844484349 "experimento_43" 43 500 1000 0.95 30 0.4 1 0.8
0.612469555111602 4.94114682331061 "experimento_43" 43 500 1000 0.95 30 0.4 1 0.8
0.98693361831829 22.1350425155668 "experimento_43" 43 500 1000 0.95 30 0.4 1 0.8
1.00137201626635 44.9944969815503 "experimento_43" 43 500 1000 0.95 30 0.4 1 0.8
1.01365288550345 49.1391451744781 "experimento_43" 43 500 1000 0.95 30 0.4 1 0.8
0.990168837131932 25.1029875487091 "experimento_43" 43 500 1000 0.95 30 0.4 1 0.8
0.994403968797997 32.1513599211615 "experimento_43" 43 500 1000 0.95 30 0.4 1 0.8
0.99956936435774 37.250388141662 "experimento_43" 43 500 1000 0.95 30 0.4 1 0.8
0.99365177936852 26.3041519580407 "experimento_43" 43 500 1000 0.95 30 0.4 1 0.8
1.01041518297692 42.4110974596646 "experimento_43" 43 500 1000 0.95 30 0.4 1 0.8
0.987299640197307 30.3278296384656 "experimento_43" 43 500 1000 0.95 30 0.4 1 0.8
0.895830759080127 13.5935412332672 "experimento_43" 43 500 1000 0.95 30 0.4 1 0.8
0.893909583101049 14.9304419803475 "experimento_43" 43 500 1000 0.95 30 0.4 1 0.8
0.958321663085371 20.1414550225321 "experimento_43" 43 500 1000 0.95 30 0.4 1 0.8
0.592339482158422 4.41903657481895 "experimento_43" 43 500 1000 0.95 30 0.4 1 0.8
1.00320134030965 28.0687365489032 "experimento_43" 43 500 1000 0.95 30 0.4 1 0.8
0.930342939449474 15.7321270980827 "experimento_43" 43 500 1000 0.95 30 0.4 1 0.8
0.996297947131097 33.5351120139812 "experimento_43" 43 500 1000 0.95 30 0.4 1 0.8
0.560027785832062 4.2444797805115 "experimento_43" 43 500 1000 0.95 30 0.4 1 0.8
