"est.u" "est.lamb" "name" "seed" "size" "replicates" "p_umbral" "exp_lambda" "alpha_pen" "n_pen" "c"
1.00488744697844 30.1767008326045 "experimento_48" 48 10000 1000 0.95 30 0.4 1 0.8
0.996847667265683 28.9236541337804 "experimento_48" 48 10000 1000 0.95 30 0.4 1 0.8
0.997114883968607 28.2336127920527 "experimento_48" 48 10000 1000 0.95 30 0.4 1 0.8
0.998188503785059 30.6689287131749 "experimento_48" 48 10000 1000 0.95 30 0.4 1 0.8
0.997922137146816 30.9864079399484 "experimento_48" 48 10000 1000 0.95 30 0.4 1 0.8
0.998402540571988 30.6177697026923 "experimento_48" 48 10000 1000 0.95 30 0.4 1 0.8
1.02516535119331 33.1580298657216 "experimento_48" 48 10000 1000 0.95 30 0.4 1 0.8
0.996542174136266 28.424783870004 "experimento_48" 48 10000 1000 0.95 30 0.4 1 0.8
1.00856147304335 31.5492437639924 "experimento_48" 48 10000 1000 0.95 30 0.4 1 0.8
1.01924501541071 36.1296936653267 "experimento_48" 48 10000 1000 0.95 30 0.4 1 0.8
1.04327959269145 36.8541940086623 "experimento_48" 48 10000 1000 0.95 30 0.4 1 0.8
0.996466502081603 30.7901181188324 "experimento_48" 48 10000 1000 0.95 30 0.4 1 0.8
0.999203685903922 29.1509031045947 "experimento_48" 48 10000 1000 0.95 30 0.4 1 0.8
0.998637897660956 30.1570943073035 "experimento_48" 48 10000 1000 0.95 30 0.4 1 0.8
0.996980989119038 27.9045639650178 "experimento_48" 48 10000 1000 0.95 30 0.4 1 0.8
0.997725910041481 30.8148045128143 "experimento_48" 48 10000 1000 0.95 30 0.4 1 0.8
0.998410888249055 29.742805559483 "experimento_48" 48 10000 1000 0.95 30 0.4 1 0.8
1.0270327385501 26.7033634932722 "experimento_48" 48 10000 1000 0.95 30 0.4 1 0.8
1.00014668902785 29.1592103148212 "experimento_48" 48 10000 1000 0.95 30 0.4 1 0.8
1.0095920567556 30.0656003322687 "experimento_48" 48 10000 1000 0.95 30 0.4 1 0.8
0.998188677011058 29.2146547918666 "experimento_48" 48 10000 1000 0.95 30 0.4 1 0.8
0.996430586790666 28.1197173985018 "experimento_48" 48 10000 1000 0.95 30 0.4 1 0.8
0.996852607699111 28.2550666862435 "experimento_48" 48 10000 1000 0.95 30 0.4 1 0.8
0.998570147901773 28.1110044199267 "experimento_48" 48 10000 1000 0.95 30 0.4 1 0.8
1.00401713967634 33.2187354807267 "experimento_48" 48 10000 1000 0.95 30 0.4 1 0.8
1.00069953168827 28.4320092680992 "experimento_48" 48 10000 1000 0.95 30 0.4 1 0.8
1.00040362129406 31.2250269671086 "experimento_48" 48 10000 1000 0.95 30 0.4 1 0.8
0.998432270251215 28.1098869514569 "experimento_48" 48 10000 1000 0.95 30 0.4 1 0.8
0.999588300241157 30.9299102134218 "experimento_48" 48 10000 1000 0.95 30 0.4 1 0.8
1.00209719378328 31.2573269736576 "experimento_48" 48 10000 1000 0.95 30 0.4 1 0.8
1.02475637486064 26.9314737760816 "experimento_48" 48 10000 1000 0.95 30 0.4 1 0.8
1.00193950827234 31.8272879079976 "experimento_48" 48 10000 1000 0.95 30 0.4 1 0.8
1.00028722576487 31.7105148104137 "experimento_48" 48 10000 1000 0.95 30 0.4 1 0.8
1.00250825740445 32.1392853782435 "experimento_48" 48 10000 1000 0.95 30 0.4 1 0.8
1.00000248631124 29.3281116938435 "experimento_48" 48 10000 1000 0.95 30 0.4 1 0.8
0.999946012860164 27.7116192781363 "experimento_48" 48 10000 1000 0.95 30 0.4 1 0.8
1.01589730178627 27.4590215249635 "experimento_48" 48 10000 1000 0.95 30 0.4 1 0.8
1.02430549611184 31.6990886523808 "experimento_48" 48 10000 1000 0.95 30 0.4 1 0.8
1.01160994127082 29.5927326295149 "experimento_48" 48 10000 1000 0.95 30 0.4 1 0.8
0.997974300291389 28.6426178483567 "experimento_48" 48 10000 1000 0.95 30 0.4 1 0.8
1.00009723375551 31.2364500896176 "experimento_48" 48 10000 1000 0.95 30 0.4 1 0.8
0.999551515327767 27.9071571772067 "experimento_48" 48 10000 1000 0.95 30 0.4 1 0.8
0.999811104731634 28.8285701736989 "experimento_48" 48 10000 1000 0.95 30 0.4 1 0.8
0.9988928954117 31.4750059361037 "experimento_48" 48 10000 1000 0.95 30 0.4 1 0.8
1.00855212265936 29.2927328787395 "experimento_48" 48 10000 1000 0.95 30 0.4 1 0.8
1.01501384063934 29.6233588447755 "experimento_48" 48 10000 1000 0.95 30 0.4 1 0.8
1.00157838522767 31.9616517658575 "experimento_48" 48 10000 1000 0.95 30 0.4 1 0.8
1.0243502269964 30.5857752829618 "experimento_48" 48 10000 1000 0.95 30 0.4 1 0.8
1.00043269031141 29.0187656829007 "experimento_48" 48 10000 1000 0.95 30 0.4 1 0.8
0.999553277855739 29.2426716772971 "experimento_48" 48 10000 1000 0.95 30 0.4 1 0.8
0.998463185271248 29.0703356953984 "experimento_48" 48 10000 1000 0.95 30 0.4 1 0.8
1.00091696951228 31.4373295958935 "experimento_48" 48 10000 1000 0.95 30 0.4 1 0.8
1.01319614894067 30.8725260801847 "experimento_48" 48 10000 1000 0.95 30 0.4 1 0.8
0.997575181769207 28.8065424288516 "experimento_48" 48 10000 1000 0.95 30 0.4 1 0.8
1.02662931199356 32.5154511898824 "experimento_48" 48 10000 1000 0.95 30 0.4 1 0.8
0.999455670127645 30.9031375269831 "experimento_48" 48 10000 1000 0.95 30 0.4 1 0.8
1.00104919400377 31.7704050222034 "experimento_48" 48 10000 1000 0.95 30 0.4 1 0.8
0.999351772712544 29.200436094362 "experimento_48" 48 10000 1000 0.95 30 0.4 1 0.8
0.999983777990565 29.4803906162091 "experimento_48" 48 10000 1000 0.95 30 0.4 1 0.8
1.02222040778336 29.2341172801434 "experimento_48" 48 10000 1000 0.95 30 0.4 1 0.8
0.999633496627212 31.1936226367171 "experimento_48" 48 10000 1000 0.95 30 0.4 1 0.8
1.01032268198517 27.3300792002884 "experimento_48" 48 10000 1000 0.95 30 0.4 1 0.8
1.00579482847339 30.1955642928387 "experimento_48" 48 10000 1000 0.95 30 0.4 1 0.8
0.999353165738285 28.1547831699858 "experimento_48" 48 10000 1000 0.95 30 0.4 1 0.8
0.999950699042529 30.8942214932127 "experimento_48" 48 10000 1000 0.95 30 0.4 1 0.8
1.01016113125007 31.9272609226784 "experimento_48" 48 10000 1000 0.95 30 0.4 1 0.8
1.00361512427529 32.7359196990989 "experimento_48" 48 10000 1000 0.95 30 0.4 1 0.8
0.998218144988641 30.6692748332064 "experimento_48" 48 10000 1000 0.95 30 0.4 1 0.8
1.00002710328748 28.9353409825136 "experimento_48" 48 10000 1000 0.95 30 0.4 1 0.8
1.00967598760811 32.5917096122277 "experimento_48" 48 10000 1000 0.95 30 0.4 1 0.8
0.998812086181715 30.7666487628999 "experimento_48" 48 10000 1000 0.95 30 0.4 1 0.8
1.02438480954799 34.9009499178158 "experimento_48" 48 10000 1000 0.95 30 0.4 1 0.8
0.998942206148058 30.3222779186975 "experimento_48" 48 10000 1000 0.95 30 0.4 1 0.8
0.999694040510803 27.4354019006385 "experimento_48" 48 10000 1000 0.95 30 0.4 1 0.8
1.0275771650915 33.4424370570766 "experimento_48" 48 10000 1000 0.95 30 0.4 1 0.8
0.996034067124128 28.9157618597373 "experimento_48" 48 10000 1000 0.95 30 0.4 1 0.8
0.998908374225721 31.5203006902063 "experimento_48" 48 10000 1000 0.95 30 0.4 1 0.8
0.998958442592993 29.1265221324544 "experimento_48" 48 10000 1000 0.95 30 0.4 1 0.8
0.997176210163161 32.0770662066298 "experimento_48" 48 10000 1000 0.95 30 0.4 1 0.8
1.00656135094663 28.6092177901869 "experimento_48" 48 10000 1000 0.95 30 0.4 1 0.8
0.997623007046059 32.045048797656 "experimento_48" 48 10000 1000 0.95 30 0.4 1 0.8
0.998267098795623 33.5692589681069 "experimento_48" 48 10000 1000 0.95 30 0.4 1 0.8
0.997856133617461 29.2873787451699 "experimento_48" 48 10000 1000 0.95 30 0.4 1 0.8
0.9999284746591 29.1546008292128 "experimento_48" 48 10000 1000 0.95 30 0.4 1 0.8
1.00315975159926 31.4687618144362 "experimento_48" 48 10000 1000 0.95 30 0.4 1 0.8
1.01401551463641 27.3095144410262 "experimento_48" 48 10000 1000 0.95 30 0.4 1 0.8
0.995967363007367 28.2737632945256 "experimento_48" 48 10000 1000 0.95 30 0.4 1 0.8
1.00031451098621 31.9846364535238 "experimento_48" 48 10000 1000 0.95 30 0.4 1 0.8
0.999511754373088 31.7010840370459 "experimento_48" 48 10000 1000 0.95 30 0.4 1 0.8
1.01472875289619 29.2260988114601 "experimento_48" 48 10000 1000 0.95 30 0.4 1 0.8
1.00011353232611 30.4855291040762 "experimento_48" 48 10000 1000 0.95 30 0.4 1 0.8
1.00018022156631 28.9990421696149 "experimento_48" 48 10000 1000 0.95 30 0.4 1 0.8
1.01015744688921 29.723850041364 "experimento_48" 48 10000 1000 0.95 30 0.4 1 0.8
0.996618818026036 29.8536409400283 "experimento_48" 48 10000 1000 0.95 30 0.4 1 0.8
0.998848094372079 31.3134205801487 "experimento_48" 48 10000 1000 0.95 30 0.4 1 0.8
0.999768759123981 29.4415458410658 "experimento_48" 48 10000 1000 0.95 30 0.4 1 0.8
0.999144397675991 29.7748630260967 "experimento_48" 48 10000 1000 0.95 30 0.4 1 0.8
1.0129716636613 27.9778565341722 "experimento_48" 48 10000 1000 0.95 30 0.4 1 0.8
0.99637966696173 27.1731508529175 "experimento_48" 48 10000 1000 0.95 30 0.4 1 0.8
0.999997365986928 31.3793949471805 "experimento_48" 48 10000 1000 0.95 30 0.4 1 0.8
0.999969372525811 28.3191721174957 "experimento_48" 48 10000 1000 0.95 30 0.4 1 0.8
1.00230959597975 28.2743201470645 "experimento_48" 48 10000 1000 0.95 30 0.4 1 0.8
1.00224750391208 31.2959386141616 "experimento_48" 48 10000 1000 0.95 30 0.4 1 0.8
0.996067754458636 28.5307258184486 "experimento_48" 48 10000 1000 0.95 30 0.4 1 0.8
1.00943226638871 30.574563733495 "experimento_48" 48 10000 1000 0.95 30 0.4 1 0.8
0.996790593722835 28.5189394266278 "experimento_48" 48 10000 1000 0.95 30 0.4 1 0.8
0.996549512492493 29.5213707290598 "experimento_48" 48 10000 1000 0.95 30 0.4 1 0.8
1.04753891353526 35.8956000740349 "experimento_48" 48 10000 1000 0.95 30 0.4 1 0.8
0.997262018499896 28.3734841811001 "experimento_48" 48 10000 1000 0.95 30 0.4 1 0.8
0.999930827412754 30.450933817147 "experimento_48" 48 10000 1000 0.95 30 0.4 1 0.8
0.998289103154093 28.6781557952113 "experimento_48" 48 10000 1000 0.95 30 0.4 1 0.8
0.998967238934711 28.6235826382418 "experimento_48" 48 10000 1000 0.95 30 0.4 1 0.8
0.997390694450587 26.9568010842803 "experimento_48" 48 10000 1000 0.95 30 0.4 1 0.8
1.0002305508436 30.4782722009016 "experimento_48" 48 10000 1000 0.95 30 0.4 1 0.8
1.00096277049743 32.0552528913571 "experimento_48" 48 10000 1000 0.95 30 0.4 1 0.8
1.01774555722375 32.9289182708554 "experimento_48" 48 10000 1000 0.95 30 0.4 1 0.8
0.99678596179001 28.265385074608 "experimento_48" 48 10000 1000 0.95 30 0.4 1 0.8
0.999304911354557 28.1255400491175 "experimento_48" 48 10000 1000 0.95 30 0.4 1 0.8
1.00687840194441 30.8977811884639 "experimento_48" 48 10000 1000 0.95 30 0.4 1 0.8
0.997067095711827 29.9265995566658 "experimento_48" 48 10000 1000 0.95 30 0.4 1 0.8
0.999127291841432 30.2317259947364 "experimento_48" 48 10000 1000 0.95 30 0.4 1 0.8
1.01358169987798 32.4174348877794 "experimento_48" 48 10000 1000 0.95 30 0.4 1 0.8
0.996216251980513 27.6975152625055 "experimento_48" 48 10000 1000 0.95 30 0.4 1 0.8
1.02194653448338 31.7825629461446 "experimento_48" 48 10000 1000 0.95 30 0.4 1 0.8
1.00056791057189 29.4259299655499 "experimento_48" 48 10000 1000 0.95 30 0.4 1 0.8
0.997424012515694 30.8531080140925 "experimento_48" 48 10000 1000 0.95 30 0.4 1 0.8
0.998276113765314 31.3751768442216 "experimento_48" 48 10000 1000 0.95 30 0.4 1 0.8
1.00419817999937 29.5430153530815 "experimento_48" 48 10000 1000 0.95 30 0.4 1 0.8
0.99643933144398 25.5145054247149 "experimento_48" 48 10000 1000 0.95 30 0.4 1 0.8
0.99694515299052 28.6323233346238 "experimento_48" 48 10000 1000 0.95 30 0.4 1 0.8
0.997792859328911 29.1028791804908 "experimento_48" 48 10000 1000 0.95 30 0.4 1 0.8
0.9964350881055 29.3395755063538 "experimento_48" 48 10000 1000 0.95 30 0.4 1 0.8
1.0036267137931 31.0678770130747 "experimento_48" 48 10000 1000 0.95 30 0.4 1 0.8
0.999227517284453 29.8677226857789 "experimento_48" 48 10000 1000 0.95 30 0.4 1 0.8
0.994424363831058 28.8977407481281 "experimento_48" 48 10000 1000 0.95 30 0.4 1 0.8
1.0135454808517 29.922872589861 "experimento_48" 48 10000 1000 0.95 30 0.4 1 0.8
1.03363120697782 27.7960350188294 "experimento_48" 48 10000 1000 0.95 30 0.4 1 0.8
1.00122714371216 29.7686391359453 "experimento_48" 48 10000 1000 0.95 30 0.4 1 0.8
1.03385964636359 40.7793076869984 "experimento_48" 48 10000 1000 0.95 30 0.4 1 0.8
1.00019233366475 29.0324614185116 "experimento_48" 48 10000 1000 0.95 30 0.4 1 0.8
0.998594169737771 29.9124543744943 "experimento_48" 48 10000 1000 0.95 30 0.4 1 0.8
0.999254181049764 31.1458384285348 "experimento_48" 48 10000 1000 0.95 30 0.4 1 0.8
0.997982080327347 28.4360191762844 "experimento_48" 48 10000 1000 0.95 30 0.4 1 0.8
0.997699963860214 30.6410139903697 "experimento_48" 48 10000 1000 0.95 30 0.4 1 0.8
0.999309443170205 30.7455643543191 "experimento_48" 48 10000 1000 0.95 30 0.4 1 0.8
1.0153913507238 26.8448425405167 "experimento_48" 48 10000 1000 0.95 30 0.4 1 0.8
1.0001897739322 30.7163571486609 "experimento_48" 48 10000 1000 0.95 30 0.4 1 0.8
0.998000007355586 28.011290630937 "experimento_48" 48 10000 1000 0.95 30 0.4 1 0.8
0.996988498140126 27.8603088879221 "experimento_48" 48 10000 1000 0.95 30 0.4 1 0.8
0.99988064612262 32.1723486596615 "experimento_48" 48 10000 1000 0.95 30 0.4 1 0.8
0.998850564472377 30.911180477406 "experimento_48" 48 10000 1000 0.95 30 0.4 1 0.8
1.01308660094316 28.2577360055273 "experimento_48" 48 10000 1000 0.95 30 0.4 1 0.8
1.01112672733143 31.6582472147765 "experimento_48" 48 10000 1000 0.95 30 0.4 1 0.8
0.99818782764487 27.9167904637079 "experimento_48" 48 10000 1000 0.95 30 0.4 1 0.8
1.00727425512547 29.6880888774462 "experimento_48" 48 10000 1000 0.95 30 0.4 1 0.8
1.00170627060967 30.9571613590481 "experimento_48" 48 10000 1000 0.95 30 0.4 1 0.8
0.998179919086397 32.249074520729 "experimento_48" 48 10000 1000 0.95 30 0.4 1 0.8
1.0016254660722 31.472819864817 "experimento_48" 48 10000 1000 0.95 30 0.4 1 0.8
0.99754141853191 28.714454305158 "experimento_48" 48 10000 1000 0.95 30 0.4 1 0.8
1.01516872163902 33.2727719802005 "experimento_48" 48 10000 1000 0.95 30 0.4 1 0.8
0.998714582296088 30.9007928241878 "experimento_48" 48 10000 1000 0.95 30 0.4 1 0.8
1.0000777486707 31.5761216426663 "experimento_48" 48 10000 1000 0.95 30 0.4 1 0.8
1.00782307212551 28.6129448315991 "experimento_48" 48 10000 1000 0.95 30 0.4 1 0.8
1.01002402079302 31.9708486493099 "experimento_48" 48 10000 1000 0.95 30 0.4 1 0.8
1.00989342920172 31.5650117511487 "experimento_48" 48 10000 1000 0.95 30 0.4 1 0.8
0.995885441079736 29.2412557721435 "experimento_48" 48 10000 1000 0.95 30 0.4 1 0.8
0.997495073126629 29.7149237004319 "experimento_48" 48 10000 1000 0.95 30 0.4 1 0.8
0.999209340894595 30.3860111556344 "experimento_48" 48 10000 1000 0.95 30 0.4 1 0.8
0.99711577524431 27.4065455110888 "experimento_48" 48 10000 1000 0.95 30 0.4 1 0.8
1.00042753092324 29.9124507946902 "experimento_48" 48 10000 1000 0.95 30 0.4 1 0.8
0.997566857142374 28.6831823301268 "experimento_48" 48 10000 1000 0.95 30 0.4 1 0.8
1.00497001709106 30.1860892370221 "experimento_48" 48 10000 1000 0.95 30 0.4 1 0.8
0.996134945424274 30.9202280406373 "experimento_48" 48 10000 1000 0.95 30 0.4 1 0.8
0.998125420184806 32.3896263382782 "experimento_48" 48 10000 1000 0.95 30 0.4 1 0.8
1.01447823272708 31.123693259823 "experimento_48" 48 10000 1000 0.95 30 0.4 1 0.8
1.00017276171685 29.386876818638 "experimento_48" 48 10000 1000 0.95 30 0.4 1 0.8
0.999902717070654 30.9517644794776 "experimento_48" 48 10000 1000 0.95 30 0.4 1 0.8
0.999005757272243 28.7786744837434 "experimento_48" 48 10000 1000 0.95 30 0.4 1 0.8
0.999320740578696 27.993193616505 "experimento_48" 48 10000 1000 0.95 30 0.4 1 0.8
1.00089328329347 28.0095805404456 "experimento_48" 48 10000 1000 0.95 30 0.4 1 0.8
1.00173293589917 29.8857886823047 "experimento_48" 48 10000 1000 0.95 30 0.4 1 0.8
0.998990661697462 30.4857440175155 "experimento_48" 48 10000 1000 0.95 30 0.4 1 0.8
0.99886298365891 32.5367141652238 "experimento_48" 48 10000 1000 0.95 30 0.4 1 0.8
1.00032941947381 32.2232541418943 "experimento_48" 48 10000 1000 0.95 30 0.4 1 0.8
1.00057565276121 30.6631562344309 "experimento_48" 48 10000 1000 0.95 30 0.4 1 0.8
1.01824869044746 30.167384173852 "experimento_48" 48 10000 1000 0.95 30 0.4 1 0.8
0.997769477311522 29.9617908894206 "experimento_48" 48 10000 1000 0.95 30 0.4 1 0.8
1.00052629231165 27.9612761918757 "experimento_48" 48 10000 1000 0.95 30 0.4 1 0.8
1.00453532220175 29.7892193939648 "experimento_48" 48 10000 1000 0.95 30 0.4 1 0.8
0.997044335119426 30.9443307212875 "experimento_48" 48 10000 1000 0.95 30 0.4 1 0.8
0.999639856861904 33.1030654807982 "experimento_48" 48 10000 1000 0.95 30 0.4 1 0.8
1.00211696480997 31.767649206472 "experimento_48" 48 10000 1000 0.95 30 0.4 1 0.8
1.00040980036763 28.3415080949156 "experimento_48" 48 10000 1000 0.95 30 0.4 1 0.8
1.03143037917573 29.6657812249885 "experimento_48" 48 10000 1000 0.95 30 0.4 1 0.8
1.00038622853657 29.9597493728408 "experimento_48" 48 10000 1000 0.95 30 0.4 1 0.8
1.02578443384813 30.747302562319 "experimento_48" 48 10000 1000 0.95 30 0.4 1 0.8
0.997397978790104 27.7819604657501 "experimento_48" 48 10000 1000 0.95 30 0.4 1 0.8
1.00652108133687 30.3150553657074 "experimento_48" 48 10000 1000 0.95 30 0.4 1 0.8
0.997291062027216 29.7363622196145 "experimento_48" 48 10000 1000 0.95 30 0.4 1 0.8
0.996458059642464 30.4123535195498 "experimento_48" 48 10000 1000 0.95 30 0.4 1 0.8
0.996948360931128 28.9364979823735 "experimento_48" 48 10000 1000 0.95 30 0.4 1 0.8
1.0195568814408 32.605135347265 "experimento_48" 48 10000 1000 0.95 30 0.4 1 0.8
0.998699411284178 30.8211501071677 "experimento_48" 48 10000 1000 0.95 30 0.4 1 0.8
1.00272081550811 28.9890713124734 "experimento_48" 48 10000 1000 0.95 30 0.4 1 0.8
0.998198313638568 30.0041486264596 "experimento_48" 48 10000 1000 0.95 30 0.4 1 0.8
0.996654408983886 31.2974166120069 "experimento_48" 48 10000 1000 0.95 30 0.4 1 0.8
0.99944032006897 29.9059594669095 "experimento_48" 48 10000 1000 0.95 30 0.4 1 0.8
0.998980055563152 31.1494740198774 "experimento_48" 48 10000 1000 0.95 30 0.4 1 0.8
0.996264788787812 28.2122229600402 "experimento_48" 48 10000 1000 0.95 30 0.4 1 0.8
1.00035322776006 28.4376599476629 "experimento_48" 48 10000 1000 0.95 30 0.4 1 0.8
0.998319582780823 29.920907693688 "experimento_48" 48 10000 1000 0.95 30 0.4 1 0.8
1.00379273400952 30.1486769185583 "experimento_48" 48 10000 1000 0.95 30 0.4 1 0.8
0.998860781081021 28.8600023663876 "experimento_48" 48 10000 1000 0.95 30 0.4 1 0.8
0.999723317567259 28.0551107918994 "experimento_48" 48 10000 1000 0.95 30 0.4 1 0.8
0.999631298473105 29.7794708905247 "experimento_48" 48 10000 1000 0.95 30 0.4 1 0.8
1.00018666819669 30.2026942282214 "experimento_48" 48 10000 1000 0.95 30 0.4 1 0.8
1.00179461622611 30.8604407285602 "experimento_48" 48 10000 1000 0.95 30 0.4 1 0.8
1.01245708262487 32.690725118553 "experimento_48" 48 10000 1000 0.95 30 0.4 1 0.8
0.997558139031753 32.3727987737483 "experimento_48" 48 10000 1000 0.95 30 0.4 1 0.8
1.00271802937952 30.2950501724989 "experimento_48" 48 10000 1000 0.95 30 0.4 1 0.8
0.997918051900342 29.1587770863511 "experimento_48" 48 10000 1000 0.95 30 0.4 1 0.8
0.999591613421217 31.2742009950984 "experimento_48" 48 10000 1000 0.95 30 0.4 1 0.8
1.02403093355992 27.1468854901412 "experimento_48" 48 10000 1000 0.95 30 0.4 1 0.8
0.999846828635782 29.3156242732219 "experimento_48" 48 10000 1000 0.95 30 0.4 1 0.8
0.996844660723582 27.4407430874501 "experimento_48" 48 10000 1000 0.95 30 0.4 1 0.8
1.00000759828836 29.9764607781458 "experimento_48" 48 10000 1000 0.95 30 0.4 1 0.8
1.04442472550878 38.7181635112865 "experimento_48" 48 10000 1000 0.95 30 0.4 1 0.8
1.0101281163904 30.531996817337 "experimento_48" 48 10000 1000 0.95 30 0.4 1 0.8
0.99884621030651 29.4385427692358 "experimento_48" 48 10000 1000 0.95 30 0.4 1 0.8
1.00879862041523 32.6953224859372 "experimento_48" 48 10000 1000 0.95 30 0.4 1 0.8
0.999862666008994 28.2458914435826 "experimento_48" 48 10000 1000 0.95 30 0.4 1 0.8
1.0000095583188 29.7043032468743 "experimento_48" 48 10000 1000 0.95 30 0.4 1 0.8
1.0000354351318 29.6619556932218 "experimento_48" 48 10000 1000 0.95 30 0.4 1 0.8
1.01728189426164 31.4942132499699 "experimento_48" 48 10000 1000 0.95 30 0.4 1 0.8
0.998350688256323 29.0106633491771 "experimento_48" 48 10000 1000 0.95 30 0.4 1 0.8
0.998832468409091 28.7684269500066 "experimento_48" 48 10000 1000 0.95 30 0.4 1 0.8
1.01269605641099 29.5288325310185 "experimento_48" 48 10000 1000 0.95 30 0.4 1 0.8
0.99893038882874 29.1131688617323 "experimento_48" 48 10000 1000 0.95 30 0.4 1 0.8
0.998186966171488 28.3863004395463 "experimento_48" 48 10000 1000 0.95 30 0.4 1 0.8
1.00039455522783 31.9177030364871 "experimento_48" 48 10000 1000 0.95 30 0.4 1 0.8
0.999719147337601 29.369041818428 "experimento_48" 48 10000 1000 0.95 30 0.4 1 0.8
0.999640238005668 29.9237868175576 "experimento_48" 48 10000 1000 0.95 30 0.4 1 0.8
0.997503098566085 26.5818304702903 "experimento_48" 48 10000 1000 0.95 30 0.4 1 0.8
1.00263227776935 29.7902194007409 "experimento_48" 48 10000 1000 0.95 30 0.4 1 0.8
1.01324053315135 32.8761433623337 "experimento_48" 48 10000 1000 0.95 30 0.4 1 0.8
1.0186656517908 31.7240524712454 "experimento_48" 48 10000 1000 0.95 30 0.4 1 0.8
1.00695003787987 29.7139614847304 "experimento_48" 48 10000 1000 0.95 30 0.4 1 0.8
1.00446205186628 30.6307423623406 "experimento_48" 48 10000 1000 0.95 30 0.4 1 0.8
1.01654250533386 33.2517300470848 "experimento_48" 48 10000 1000 0.95 30 0.4 1 0.8
1.00117591620037 29.5333377051473 "experimento_48" 48 10000 1000 0.95 30 0.4 1 0.8
1.00023227925412 29.6176579590894 "experimento_48" 48 10000 1000 0.95 30 0.4 1 0.8
1.0090343041035 27.302222599667 "experimento_48" 48 10000 1000 0.95 30 0.4 1 0.8
0.999105313792825 29.3019014963283 "experimento_48" 48 10000 1000 0.95 30 0.4 1 0.8
0.998430886073038 31.5856846410539 "experimento_48" 48 10000 1000 0.95 30 0.4 1 0.8
0.997638114960864 29.5781319826146 "experimento_48" 48 10000 1000 0.95 30 0.4 1 0.8
1.01121120810962 31.0379604626843 "experimento_48" 48 10000 1000 0.95 30 0.4 1 0.8
0.999135010642931 28.2932046840076 "experimento_48" 48 10000 1000 0.95 30 0.4 1 0.8
1.00021010199562 29.0923558747849 "experimento_48" 48 10000 1000 0.95 30 0.4 1 0.8
1.01761035197414 27.9543164097604 "experimento_48" 48 10000 1000 0.95 30 0.4 1 0.8
0.99943292629905 30.9897761555614 "experimento_48" 48 10000 1000 0.95 30 0.4 1 0.8
0.999991751043126 30.9991710886491 "experimento_48" 48 10000 1000 0.95 30 0.4 1 0.8
0.997593691106886 27.5317266133436 "experimento_48" 48 10000 1000 0.95 30 0.4 1 0.8
1.01231698837752 34.5590562038018 "experimento_48" 48 10000 1000 0.95 30 0.4 1 0.8
1.00004912463195 33.1069334970843 "experimento_48" 48 10000 1000 0.95 30 0.4 1 0.8
1.0016096339561 31.3600174613774 "experimento_48" 48 10000 1000 0.95 30 0.4 1 0.8
0.998930817004293 30.8014892296001 "experimento_48" 48 10000 1000 0.95 30 0.4 1 0.8
0.99700849247165 27.2809824472292 "experimento_48" 48 10000 1000 0.95 30 0.4 1 0.8
1.01081759266093 30.8823585921525 "experimento_48" 48 10000 1000 0.95 30 0.4 1 0.8
0.999873009976 28.4942723080738 "experimento_48" 48 10000 1000 0.95 30 0.4 1 0.8
0.997499306220561 32.0113650007872 "experimento_48" 48 10000 1000 0.95 30 0.4 1 0.8
0.998570917407051 29.2821029738558 "experimento_48" 48 10000 1000 0.95 30 0.4 1 0.8
0.999687711009756 30.9420320809855 "experimento_48" 48 10000 1000 0.95 30 0.4 1 0.8
0.998076767195016 30.0987999953047 "experimento_48" 48 10000 1000 0.95 30 0.4 1 0.8
0.997349320212379 30.6981447383459 "experimento_48" 48 10000 1000 0.95 30 0.4 1 0.8
0.999072938226163 31.4443656475269 "experimento_48" 48 10000 1000 0.95 30 0.4 1 0.8
1.03345754193002 34.6020921488489 "experimento_48" 48 10000 1000 0.95 30 0.4 1 0.8
0.99874135828577 28.8734372691133 "experimento_48" 48 10000 1000 0.95 30 0.4 1 0.8
0.998840041924268 29.0608796243728 "experimento_48" 48 10000 1000 0.95 30 0.4 1 0.8
1.00574740226132 31.672207495101 "experimento_48" 48 10000 1000 0.95 30 0.4 1 0.8
0.996806802926585 29.6035577693293 "experimento_48" 48 10000 1000 0.95 30 0.4 1 0.8
1.01825667615049 26.5899656157154 "experimento_48" 48 10000 1000 0.95 30 0.4 1 0.8
0.996712458552793 30.3230410965314 "experimento_48" 48 10000 1000 0.95 30 0.4 1 0.8
1.01691609562064 31.6298177875534 "experimento_48" 48 10000 1000 0.95 30 0.4 1 0.8
0.998355836374685 26.964013932449 "experimento_48" 48 10000 1000 0.95 30 0.4 1 0.8
0.998015246121213 27.6503118288792 "experimento_48" 48 10000 1000 0.95 30 0.4 1 0.8
0.998569067101926 28.9835619835311 "experimento_48" 48 10000 1000 0.95 30 0.4 1 0.8
1.00969761276654 33.1828472766277 "experimento_48" 48 10000 1000 0.95 30 0.4 1 0.8
1.00055822289527 30.7063160471118 "experimento_48" 48 10000 1000 0.95 30 0.4 1 0.8
0.999307005200535 29.3434447750885 "experimento_48" 48 10000 1000 0.95 30 0.4 1 0.8
1.0118109861215 35.4525121454203 "experimento_48" 48 10000 1000 0.95 30 0.4 1 0.8
0.999213635921478 30.3836290667801 "experimento_48" 48 10000 1000 0.95 30 0.4 1 0.8
1.01632873159833 27.5969853331173 "experimento_48" 48 10000 1000 0.95 30 0.4 1 0.8
1.00852201348171 31.3941749576116 "experimento_48" 48 10000 1000 0.95 30 0.4 1 0.8
0.998121513985097 31.3017702199238 "experimento_48" 48 10000 1000 0.95 30 0.4 1 0.8
1.02243295166021 28.9170118741287 "experimento_48" 48 10000 1000 0.95 30 0.4 1 0.8
1.00280829359156 29.5537723110716 "experimento_48" 48 10000 1000 0.95 30 0.4 1 0.8
1.01365803756854 29.2292272512211 "experimento_48" 48 10000 1000 0.95 30 0.4 1 0.8
0.996356145944446 29.9422846410671 "experimento_48" 48 10000 1000 0.95 30 0.4 1 0.8
1.03431714542187 24.0615912566322 "experimento_48" 48 10000 1000 0.95 30 0.4 1 0.8
0.995992694748566 29.5326579859253 "experimento_48" 48 10000 1000 0.95 30 0.4 1 0.8
1.00008094759754 28.2264964573299 "experimento_48" 48 10000 1000 0.95 30 0.4 1 0.8
0.99842811236158 27.5061783315306 "experimento_48" 48 10000 1000 0.95 30 0.4 1 0.8
1.00133825942961 30.3114002916732 "experimento_48" 48 10000 1000 0.95 30 0.4 1 0.8
0.999184323940426 30.2963331521638 "experimento_48" 48 10000 1000 0.95 30 0.4 1 0.8
0.998289122944698 29.7396639465687 "experimento_48" 48 10000 1000 0.95 30 0.4 1 0.8
0.998543742811307 29.8982185589981 "experimento_48" 48 10000 1000 0.95 30 0.4 1 0.8
0.998429849278182 29.9375577613309 "experimento_48" 48 10000 1000 0.95 30 0.4 1 0.8
0.999482316896319 29.8835452111598 "experimento_48" 48 10000 1000 0.95 30 0.4 1 0.8
0.999693398596719 31.1152233833004 "experimento_48" 48 10000 1000 0.95 30 0.4 1 0.8
0.999027939746156 27.4655491082419 "experimento_48" 48 10000 1000 0.95 30 0.4 1 0.8
0.999574102461338 31.0032559735205 "experimento_48" 48 10000 1000 0.95 30 0.4 1 0.8
0.997676966711879 32.8083956055553 "experimento_48" 48 10000 1000 0.95 30 0.4 1 0.8
0.998978231567889 32.078595716346 "experimento_48" 48 10000 1000 0.95 30 0.4 1 0.8
0.997511495137587 28.0136535918545 "experimento_48" 48 10000 1000 0.95 30 0.4 1 0.8
0.997232473921031 29.2658922809463 "experimento_48" 48 10000 1000 0.95 30 0.4 1 0.8
1.00000830618665 30.950965967868 "experimento_48" 48 10000 1000 0.95 30 0.4 1 0.8
1.00059189894237 33.0222066020735 "experimento_48" 48 10000 1000 0.95 30 0.4 1 0.8
1.02377681151185 32.0362110689873 "experimento_48" 48 10000 1000 0.95 30 0.4 1 0.8
1.00080269662155 30.4865449572858 "experimento_48" 48 10000 1000 0.95 30 0.4 1 0.8
0.998731927713379 30.6318724880622 "experimento_48" 48 10000 1000 0.95 30 0.4 1 0.8
0.999713732628152 31.7062582926066 "experimento_48" 48 10000 1000 0.95 30 0.4 1 0.8
1.01517093908042 32.3530922900069 "experimento_48" 48 10000 1000 0.95 30 0.4 1 0.8
1.00218735531283 30.95613929253 "experimento_48" 48 10000 1000 0.95 30 0.4 1 0.8
1.00852230196236 31.5963727532522 "experimento_48" 48 10000 1000 0.95 30 0.4 1 0.8
0.998149915132672 30.4848804998047 "experimento_48" 48 10000 1000 0.95 30 0.4 1 0.8
1.00416134456118 29.8575230990702 "experimento_48" 48 10000 1000 0.95 30 0.4 1 0.8
0.999939669854939 29.592539495673 "experimento_48" 48 10000 1000 0.95 30 0.4 1 0.8
0.997712648008019 30.5182641925891 "experimento_48" 48 10000 1000 0.95 30 0.4 1 0.8
1.01426882042239 31.5865410091521 "experimento_48" 48 10000 1000 0.95 30 0.4 1 0.8
0.99980510189198 31.7915325204429 "experimento_48" 48 10000 1000 0.95 30 0.4 1 0.8
0.99805332813412 29.2089452820146 "experimento_48" 48 10000 1000 0.95 30 0.4 1 0.8
0.998190026264638 30.0159111222676 "experimento_48" 48 10000 1000 0.95 30 0.4 1 0.8
0.997933671576902 29.185605054335 "experimento_48" 48 10000 1000 0.95 30 0.4 1 0.8
1.00811298907699 28.8243731093489 "experimento_48" 48 10000 1000 0.95 30 0.4 1 0.8
0.999797082971781 30.2501198589431 "experimento_48" 48 10000 1000 0.95 30 0.4 1 0.8
0.999704979127273 31.7932226821437 "experimento_48" 48 10000 1000 0.95 30 0.4 1 0.8
1.00179044053269 27.9344539058236 "experimento_48" 48 10000 1000 0.95 30 0.4 1 0.8
1.00019143604563 29.7863301902597 "experimento_48" 48 10000 1000 0.95 30 0.4 1 0.8
0.999103491893038 29.8373742234899 "experimento_48" 48 10000 1000 0.95 30 0.4 1 0.8
1.01995621857544 29.4590473383343 "experimento_48" 48 10000 1000 0.95 30 0.4 1 0.8
0.998049185844138 29.0886050853463 "experimento_48" 48 10000 1000 0.95 30 0.4 1 0.8
1.00729495723111 29.2189061112748 "experimento_48" 48 10000 1000 0.95 30 0.4 1 0.8
0.999617352150381 29.7692379184045 "experimento_48" 48 10000 1000 0.95 30 0.4 1 0.8
0.997784998966381 29.1834479144864 "experimento_48" 48 10000 1000 0.95 30 0.4 1 0.8
0.998751953244209 29.2725898272666 "experimento_48" 48 10000 1000 0.95 30 0.4 1 0.8
0.995600723195821 30.1590846058089 "experimento_48" 48 10000 1000 0.95 30 0.4 1 0.8
0.998093995498493 29.3112586873201 "experimento_48" 48 10000 1000 0.95 30 0.4 1 0.8
1.00273886430513 32.9655330801375 "experimento_48" 48 10000 1000 0.95 30 0.4 1 0.8
0.999824422644451 29.0133912651591 "experimento_48" 48 10000 1000 0.95 30 0.4 1 0.8
1.01014194086834 31.4400316377808 "experimento_48" 48 10000 1000 0.95 30 0.4 1 0.8
0.99941818183288 30.019232187252 "experimento_48" 48 10000 1000 0.95 30 0.4 1 0.8
0.998917490011081 30.1900416602245 "experimento_48" 48 10000 1000 0.95 30 0.4 1 0.8
0.996544924098998 28.7991943445612 "experimento_48" 48 10000 1000 0.95 30 0.4 1 0.8
1.00320915940967 31.0848501754813 "experimento_48" 48 10000 1000 0.95 30 0.4 1 0.8
0.99787859339267 29.6678532944903 "experimento_48" 48 10000 1000 0.95 30 0.4 1 0.8
0.9964164334815 28.035486147385 "experimento_48" 48 10000 1000 0.95 30 0.4 1 0.8
1.01233475346429 31.6367520668762 "experimento_48" 48 10000 1000 0.95 30 0.4 1 0.8
1.0239678555565 32.3297419551714 "experimento_48" 48 10000 1000 0.95 30 0.4 1 0.8
0.996161940973252 29.8665067690035 "experimento_48" 48 10000 1000 0.95 30 0.4 1 0.8
0.99920693365857 29.5831508921688 "experimento_48" 48 10000 1000 0.95 30 0.4 1 0.8
0.998228333191946 29.7705513366604 "experimento_48" 48 10000 1000 0.95 30 0.4 1 0.8
1.00068341797839 33.2796468218925 "experimento_48" 48 10000 1000 0.95 30 0.4 1 0.8
1.01808418529108 30.803113793869 "experimento_48" 48 10000 1000 0.95 30 0.4 1 0.8
0.995599136920646 28.6999223549415 "experimento_48" 48 10000 1000 0.95 30 0.4 1 0.8
1.01596865722289 33.8495537459962 "experimento_48" 48 10000 1000 0.95 30 0.4 1 0.8
1.00080135518995 28.3241494441466 "experimento_48" 48 10000 1000 0.95 30 0.4 1 0.8
0.997798769036308 29.1926045405008 "experimento_48" 48 10000 1000 0.95 30 0.4 1 0.8
1.02390781058058 30.6954875938297 "experimento_48" 48 10000 1000 0.95 30 0.4 1 0.8
1.00372457145 33.8973318067274 "experimento_48" 48 10000 1000 0.95 30 0.4 1 0.8
1.00032109585591 32.5875290022491 "experimento_48" 48 10000 1000 0.95 30 0.4 1 0.8
1.00304506926947 30.3318716161171 "experimento_48" 48 10000 1000 0.95 30 0.4 1 0.8
0.997230535605922 28.8583079428319 "experimento_48" 48 10000 1000 0.95 30 0.4 1 0.8
0.998889805283397 29.3201458897246 "experimento_48" 48 10000 1000 0.95 30 0.4 1 0.8
1.03178687585999 37.6142465924389 "experimento_48" 48 10000 1000 0.95 30 0.4 1 0.8
0.999945492949337 29.9521875889356 "experimento_48" 48 10000 1000 0.95 30 0.4 1 0.8
0.99960449943319 27.835975194297 "experimento_48" 48 10000 1000 0.95 30 0.4 1 0.8
0.998919755686074 30.8934599516594 "experimento_48" 48 10000 1000 0.95 30 0.4 1 0.8
0.998579547740519 30.2869110628199 "experimento_48" 48 10000 1000 0.95 30 0.4 1 0.8
0.99904351378791 30.6329557918388 "experimento_48" 48 10000 1000 0.95 30 0.4 1 0.8
0.998174307867885 30.8634398092236 "experimento_48" 48 10000 1000 0.95 30 0.4 1 0.8
1.00468675158918 31.8288382462983 "experimento_48" 48 10000 1000 0.95 30 0.4 1 0.8
0.999361020047218 32.2729199270082 "experimento_48" 48 10000 1000 0.95 30 0.4 1 0.8
0.998134159017354 29.5584681377886 "experimento_48" 48 10000 1000 0.95 30 0.4 1 0.8
0.999417666345835 29.8721136308391 "experimento_48" 48 10000 1000 0.95 30 0.4 1 0.8
0.999552469933406 31.3170836265385 "experimento_48" 48 10000 1000 0.95 30 0.4 1 0.8
0.996422681957483 28.9127840050869 "experimento_48" 48 10000 1000 0.95 30 0.4 1 0.8
1.00127732491431 31.7833289766669 "experimento_48" 48 10000 1000 0.95 30 0.4 1 0.8
0.99791288934648 29.7938716592493 "experimento_48" 48 10000 1000 0.95 30 0.4 1 0.8
1.01475450530027 31.3416570261477 "experimento_48" 48 10000 1000 0.95 30 0.4 1 0.8
1.00427985126888 32.3775336670044 "experimento_48" 48 10000 1000 0.95 30 0.4 1 0.8
1.0013297672334 30.5191766916295 "experimento_48" 48 10000 1000 0.95 30 0.4 1 0.8
1.01738945043956 28.4054007750532 "experimento_48" 48 10000 1000 0.95 30 0.4 1 0.8
0.998133721295744 31.9557415860314 "experimento_48" 48 10000 1000 0.95 30 0.4 1 0.8
0.99968704325147 29.0589516885568 "experimento_48" 48 10000 1000 0.95 30 0.4 1 0.8
1.03570297577589 24.9511038863987 "experimento_48" 48 10000 1000 0.95 30 0.4 1 0.8
1.00617187388259 31.6426056798037 "experimento_48" 48 10000 1000 0.95 30 0.4 1 0.8
0.997735571814701 29.7730205293088 "experimento_48" 48 10000 1000 0.95 30 0.4 1 0.8
1.01827750195128 32.8525381153662 "experimento_48" 48 10000 1000 0.95 30 0.4 1 0.8
0.998970412882045 29.4085677844533 "experimento_48" 48 10000 1000 0.95 30 0.4 1 0.8
0.99839674634859 28.0415466372032 "experimento_48" 48 10000 1000 0.95 30 0.4 1 0.8
1.01391166248359 27.9885766678717 "experimento_48" 48 10000 1000 0.95 30 0.4 1 0.8
1.00897253847742 32.579388983338 "experimento_48" 48 10000 1000 0.95 30 0.4 1 0.8
1.01245336222152 30.7547151002433 "experimento_48" 48 10000 1000 0.95 30 0.4 1 0.8
1.03379142886509 31.2655655234091 "experimento_48" 48 10000 1000 0.95 30 0.4 1 0.8
1.01326072549758 31.0712087076169 "experimento_48" 48 10000 1000 0.95 30 0.4 1 0.8
0.999276011483744 26.7931513788638 "experimento_48" 48 10000 1000 0.95 30 0.4 1 0.8
1.00609883876158 29.0763845810595 "experimento_48" 48 10000 1000 0.95 30 0.4 1 0.8
0.999809964327142 30.1149686544594 "experimento_48" 48 10000 1000 0.95 30 0.4 1 0.8
0.997398547362536 29.3029343774982 "experimento_48" 48 10000 1000 0.95 30 0.4 1 0.8
0.997794154332951 29.9548520161752 "experimento_48" 48 10000 1000 0.95 30 0.4 1 0.8
0.998944517690688 31.4703502886163 "experimento_48" 48 10000 1000 0.95 30 0.4 1 0.8
0.999141351319849 31.308625174452 "experimento_48" 48 10000 1000 0.95 30 0.4 1 0.8
1.00018907770265 31.0387688731665 "experimento_48" 48 10000 1000 0.95 30 0.4 1 0.8
1.00458985107751 31.5356743709955 "experimento_48" 48 10000 1000 0.95 30 0.4 1 0.8
1.00319782312339 28.3074547172832 "experimento_48" 48 10000 1000 0.95 30 0.4 1 0.8
1.02192786519105 32.4093779209247 "experimento_48" 48 10000 1000 0.95 30 0.4 1 0.8
1.0133218709668 32.659284175147 "experimento_48" 48 10000 1000 0.95 30 0.4 1 0.8
1.01289454000071 32.7046318336319 "experimento_48" 48 10000 1000 0.95 30 0.4 1 0.8
0.999885025667027 31.1039682071383 "experimento_48" 48 10000 1000 0.95 30 0.4 1 0.8
1.00369891744728 31.7415134327948 "experimento_48" 48 10000 1000 0.95 30 0.4 1 0.8
0.999664093367755 32.2958067697566 "experimento_48" 48 10000 1000 0.95 30 0.4 1 0.8
0.998403719626367 30.9385325533295 "experimento_48" 48 10000 1000 0.95 30 0.4 1 0.8
1.00579003772388 27.1169733976015 "experimento_48" 48 10000 1000 0.95 30 0.4 1 0.8
0.996825188864022 29.8684144817493 "experimento_48" 48 10000 1000 0.95 30 0.4 1 0.8
1.00358790231346 29.6717960684004 "experimento_48" 48 10000 1000 0.95 30 0.4 1 0.8
1.00640251835187 29.7182557057822 "experimento_48" 48 10000 1000 0.95 30 0.4 1 0.8
0.99956779461354 29.9707081169691 "experimento_48" 48 10000 1000 0.95 30 0.4 1 0.8
1.00044846674427 32.3190580946294 "experimento_48" 48 10000 1000 0.95 30 0.4 1 0.8
1.0056834066822 30.204051728343 "experimento_48" 48 10000 1000 0.95 30 0.4 1 0.8
1.00940880478845 30.0775959520776 "experimento_48" 48 10000 1000 0.95 30 0.4 1 0.8
1.00872331555001 30.2095431213754 "experimento_48" 48 10000 1000 0.95 30 0.4 1 0.8
0.99897063174285 29.5804670276028 "experimento_48" 48 10000 1000 0.95 30 0.4 1 0.8
1.00294574419968 29.6848377616592 "experimento_48" 48 10000 1000 0.95 30 0.4 1 0.8
0.997254236834124 29.1587725972755 "experimento_48" 48 10000 1000 0.95 30 0.4 1 0.8
1.00409022190617 28.81683413065 "experimento_48" 48 10000 1000 0.95 30 0.4 1 0.8
1.00419142710891 31.2131045718902 "experimento_48" 48 10000 1000 0.95 30 0.4 1 0.8
1.01906419992447 31.5543007678836 "experimento_48" 48 10000 1000 0.95 30 0.4 1 0.8
0.999160103499889 29.550011833791 "experimento_48" 48 10000 1000 0.95 30 0.4 1 0.8
0.999481115955859 28.217453847844 "experimento_48" 48 10000 1000 0.95 30 0.4 1 0.8
0.997972887940705 29.372894572667 "experimento_48" 48 10000 1000 0.95 30 0.4 1 0.8
0.998621816979721 29.3844920930261 "experimento_48" 48 10000 1000 0.95 30 0.4 1 0.8
1.0000075588047 29.8481838920895 "experimento_48" 48 10000 1000 0.95 30 0.4 1 0.8
0.997875951230526 30.1532436933346 "experimento_48" 48 10000 1000 0.95 30 0.4 1 0.8
0.998060487676412 29.4418043192358 "experimento_48" 48 10000 1000 0.95 30 0.4 1 0.8
0.999014521716163 30.8636571125227 "experimento_48" 48 10000 1000 0.95 30 0.4 1 0.8
0.999135778518394 29.3967352142807 "experimento_48" 48 10000 1000 0.95 30 0.4 1 0.8
1.00005981465802 31.3665532947491 "experimento_48" 48 10000 1000 0.95 30 0.4 1 0.8
0.997260150033981 29.8036583429442 "experimento_48" 48 10000 1000 0.95 30 0.4 1 0.8
1.01396773917905 31.427455653594 "experimento_48" 48 10000 1000 0.95 30 0.4 1 0.8
0.997827776474878 30.7135398479255 "experimento_48" 48 10000 1000 0.95 30 0.4 1 0.8
0.998397214571014 30.0472786062384 "experimento_48" 48 10000 1000 0.95 30 0.4 1 0.8
0.998218037188053 29.6321961067317 "experimento_48" 48 10000 1000 0.95 30 0.4 1 0.8
1.0007811655955 31.1844484625886 "experimento_48" 48 10000 1000 0.95 30 0.4 1 0.8
1.00145333185792 32.4328788776816 "experimento_48" 48 10000 1000 0.95 30 0.4 1 0.8
1.00825965947782 33.4496014093374 "experimento_48" 48 10000 1000 0.95 30 0.4 1 0.8
0.999258128460497 28.3965814230862 "experimento_48" 48 10000 1000 0.95 30 0.4 1 0.8
1.00069551578102 31.4681403870531 "experimento_48" 48 10000 1000 0.95 30 0.4 1 0.8
0.998072623508051 32.267099533873 "experimento_48" 48 10000 1000 0.95 30 0.4 1 0.8
0.999075456988066 29.5852036597634 "experimento_48" 48 10000 1000 0.95 30 0.4 1 0.8
0.996280410792679 29.0175620357552 "experimento_48" 48 10000 1000 0.95 30 0.4 1 0.8
0.998998795635998 29.2118571107581 "experimento_48" 48 10000 1000 0.95 30 0.4 1 0.8
1.00032358608829 28.0958553773367 "experimento_48" 48 10000 1000 0.95 30 0.4 1 0.8
1.01279722801856 27.6165436744942 "experimento_48" 48 10000 1000 0.95 30 0.4 1 0.8
0.998864897061139 27.9288050211104 "experimento_48" 48 10000 1000 0.95 30 0.4 1 0.8
1.0236130535899 33.6787284483964 "experimento_48" 48 10000 1000 0.95 30 0.4 1 0.8
0.999892717693001 30.0694535157166 "experimento_48" 48 10000 1000 0.95 30 0.4 1 0.8
1.01231162979578 27.6189989046147 "experimento_48" 48 10000 1000 0.95 30 0.4 1 0.8
1.01472607365189 33.4053156513321 "experimento_48" 48 10000 1000 0.95 30 0.4 1 0.8
0.998857262078673 30.5723557742853 "experimento_48" 48 10000 1000 0.95 30 0.4 1 0.8
1.00476945694536 33.1342583940536 "experimento_48" 48 10000 1000 0.95 30 0.4 1 0.8
1.03054913633053 30.8353418312435 "experimento_48" 48 10000 1000 0.95 30 0.4 1 0.8
1.0110904715275 28.4661502648445 "experimento_48" 48 10000 1000 0.95 30 0.4 1 0.8
1.00089609596568 30.8225065023357 "experimento_48" 48 10000 1000 0.95 30 0.4 1 0.8
0.998403335222974 32.1034988971272 "experimento_48" 48 10000 1000 0.95 30 0.4 1 0.8
1.00712943112435 29.7143255636582 "experimento_48" 48 10000 1000 0.95 30 0.4 1 0.8
0.997416122816503 32.5061707831542 "experimento_48" 48 10000 1000 0.95 30 0.4 1 0.8
0.997984557179734 30.520141069412 "experimento_48" 48 10000 1000 0.95 30 0.4 1 0.8
0.998701817821711 29.9420556767506 "experimento_48" 48 10000 1000 0.95 30 0.4 1 0.8
0.999937607208267 29.3414733018927 "experimento_48" 48 10000 1000 0.95 30 0.4 1 0.8
1.00625758107321 31.3749948689016 "experimento_48" 48 10000 1000 0.95 30 0.4 1 0.8
0.999061268521473 28.6272107816986 "experimento_48" 48 10000 1000 0.95 30 0.4 1 0.8
1.00380462704612 31.382515802685 "experimento_48" 48 10000 1000 0.95 30 0.4 1 0.8
0.999965509399772 30.5460202799152 "experimento_48" 48 10000 1000 0.95 30 0.4 1 0.8
1.00372103145346 33.1110657185671 "experimento_48" 48 10000 1000 0.95 30 0.4 1 0.8
0.998061787104234 28.0214605201474 "experimento_48" 48 10000 1000 0.95 30 0.4 1 0.8
1.00156507647282 30.8270300215518 "experimento_48" 48 10000 1000 0.95 30 0.4 1 0.8
1.0021118645958 32.0639870939797 "experimento_48" 48 10000 1000 0.95 30 0.4 1 0.8
1.00048701704045 28.0553160671131 "experimento_48" 48 10000 1000 0.95 30 0.4 1 0.8
1.03313110824534 24.8771269385576 "experimento_48" 48 10000 1000 0.95 30 0.4 1 0.8
1.0288837219763 31.348463653757 "experimento_48" 48 10000 1000 0.95 30 0.4 1 0.8
1.00067764921114 30.7547183970808 "experimento_48" 48 10000 1000 0.95 30 0.4 1 0.8
0.999309576814994 33.0040413308282 "experimento_48" 48 10000 1000 0.95 30 0.4 1 0.8
1.02473152138983 31.9302069637194 "experimento_48" 48 10000 1000 0.95 30 0.4 1 0.8
1.02126754225853 34.2568006234942 "experimento_48" 48 10000 1000 0.95 30 0.4 1 0.8
0.996464275987819 29.5641093211514 "experimento_48" 48 10000 1000 0.95 30 0.4 1 0.8
1.01897586509585 28.9161745297071 "experimento_48" 48 10000 1000 0.95 30 0.4 1 0.8
0.9996437439695 30.0321408944811 "experimento_48" 48 10000 1000 0.95 30 0.4 1 0.8
1.00040458018993 32.1614446917343 "experimento_48" 48 10000 1000 0.95 30 0.4 1 0.8
1.01931923303443 27.8659626752846 "experimento_48" 48 10000 1000 0.95 30 0.4 1 0.8
0.996922323014587 28.4403057706147 "experimento_48" 48 10000 1000 0.95 30 0.4 1 0.8
1.01956027938674 27.0918627708486 "experimento_48" 48 10000 1000 0.95 30 0.4 1 0.8
0.999411371769384 27.9444854002613 "experimento_48" 48 10000 1000 0.95 30 0.4 1 0.8
0.997367639560252 30.2404643964853 "experimento_48" 48 10000 1000 0.95 30 0.4 1 0.8
1.00149275631023 31.0636503240694 "experimento_48" 48 10000 1000 0.95 30 0.4 1 0.8
0.995286328252405 28.1753129350026 "experimento_48" 48 10000 1000 0.95 30 0.4 1 0.8
0.997305369237438 28.3394196555352 "experimento_48" 48 10000 1000 0.95 30 0.4 1 0.8
1.0019737029678 32.3597892778776 "experimento_48" 48 10000 1000 0.95 30 0.4 1 0.8
1.00685427339437 32.3736545377884 "experimento_48" 48 10000 1000 0.95 30 0.4 1 0.8
0.998263663379475 30.4351575585448 "experimento_48" 48 10000 1000 0.95 30 0.4 1 0.8
0.999610567698255 28.3566885224358 "experimento_48" 48 10000 1000 0.95 30 0.4 1 0.8
0.999344136333093 28.7446965851361 "experimento_48" 48 10000 1000 0.95 30 0.4 1 0.8
0.998631053371355 29.927131830818 "experimento_48" 48 10000 1000 0.95 30 0.4 1 0.8
1.01675623495442 31.668357022277 "experimento_48" 48 10000 1000 0.95 30 0.4 1 0.8
0.997804447775707 28.1986303745239 "experimento_48" 48 10000 1000 0.95 30 0.4 1 0.8
1.01288010835027 27.1994207881986 "experimento_48" 48 10000 1000 0.95 30 0.4 1 0.8
0.997421014821157 30.3033395063164 "experimento_48" 48 10000 1000 0.95 30 0.4 1 0.8
0.998249473283067 27.8923120899755 "experimento_48" 48 10000 1000 0.95 30 0.4 1 0.8
1.01649090182036 28.1221873150214 "experimento_48" 48 10000 1000 0.95 30 0.4 1 0.8
1.00623230094401 28.9414513081217 "experimento_48" 48 10000 1000 0.95 30 0.4 1 0.8
0.998978866497055 29.8606539313761 "experimento_48" 48 10000 1000 0.95 30 0.4 1 0.8
0.999495725845918 28.9463295196929 "experimento_48" 48 10000 1000 0.95 30 0.4 1 0.8
0.998621493577957 32.2867451297897 "experimento_48" 48 10000 1000 0.95 30 0.4 1 0.8
0.999587980797514 31.705180117553 "experimento_48" 48 10000 1000 0.95 30 0.4 1 0.8
0.999751687515527 29.141462125827 "experimento_48" 48 10000 1000 0.95 30 0.4 1 0.8
1.00109615640308 29.996241983103 "experimento_48" 48 10000 1000 0.95 30 0.4 1 0.8
0.998283962486312 29.372370849706 "experimento_48" 48 10000 1000 0.95 30 0.4 1 0.8
1.00130644773413 31.4603463449498 "experimento_48" 48 10000 1000 0.95 30 0.4 1 0.8
1.0280860335682 34.3221387531669 "experimento_48" 48 10000 1000 0.95 30 0.4 1 0.8
1.00845073566825 34.8957493468154 "experimento_48" 48 10000 1000 0.95 30 0.4 1 0.8
0.99776143534109 30.4204073531179 "experimento_48" 48 10000 1000 0.95 30 0.4 1 0.8
0.999209958594292 28.5849429403241 "experimento_48" 48 10000 1000 0.95 30 0.4 1 0.8
1.00017003227236 30.2105610002274 "experimento_48" 48 10000 1000 0.95 30 0.4 1 0.8
1.01225557010621 30.7919075703223 "experimento_48" 48 10000 1000 0.95 30 0.4 1 0.8
1.01582689727657 30.2923453569406 "experimento_48" 48 10000 1000 0.95 30 0.4 1 0.8
1.00798344469319 34.2981153208772 "experimento_48" 48 10000 1000 0.95 30 0.4 1 0.8
1.01772976562691 31.5751160200573 "experimento_48" 48 10000 1000 0.95 30 0.4 1 0.8
0.996058591408655 30.8604349272369 "experimento_48" 48 10000 1000 0.95 30 0.4 1 0.8
0.999768696259707 31.4343971897074 "experimento_48" 48 10000 1000 0.95 30 0.4 1 0.8
0.999207003507763 28.7836013183743 "experimento_48" 48 10000 1000 0.95 30 0.4 1 0.8
0.997221820056438 28.1330341621585 "experimento_48" 48 10000 1000 0.95 30 0.4 1 0.8
1.02392028604184 33.8543168524999 "experimento_48" 48 10000 1000 0.95 30 0.4 1 0.8
1.02808093291828 33.2934318204244 "experimento_48" 48 10000 1000 0.95 30 0.4 1 0.8
1.01601915474242 32.6482406987773 "experimento_48" 48 10000 1000 0.95 30 0.4 1 0.8
1.05259273475874 25.740016967089 "experimento_48" 48 10000 1000 0.95 30 0.4 1 0.8
1.00463422576187 29.7237735419879 "experimento_48" 48 10000 1000 0.95 30 0.4 1 0.8
1.00471699028276 27.265357172942 "experimento_48" 48 10000 1000 0.95 30 0.4 1 0.8
1.00919546635511 27.985449791383 "experimento_48" 48 10000 1000 0.95 30 0.4 1 0.8
1.01105364790807 29.5841787760474 "experimento_48" 48 10000 1000 0.95 30 0.4 1 0.8
0.998706989688799 30.6493423287686 "experimento_48" 48 10000 1000 0.95 30 0.4 1 0.8
0.999780999030918 29.9606329703371 "experimento_48" 48 10000 1000 0.95 30 0.4 1 0.8
1.00446395276091 31.8113259853256 "experimento_48" 48 10000 1000 0.95 30 0.4 1 0.8
1.01892298284608 32.0800026976886 "experimento_48" 48 10000 1000 0.95 30 0.4 1 0.8
0.99957095249556 33.1200008409066 "experimento_48" 48 10000 1000 0.95 30 0.4 1 0.8
1.00033668970187 30.2367371793348 "experimento_48" 48 10000 1000 0.95 30 0.4 1 0.8
1.00830395314842 28.7202801506609 "experimento_48" 48 10000 1000 0.95 30 0.4 1 0.8
1.01993641142423 28.7924104387346 "experimento_48" 48 10000 1000 0.95 30 0.4 1 0.8
1.01244096181666 32.5456834434763 "experimento_48" 48 10000 1000 0.95 30 0.4 1 0.8
1.00637995078923 29.2256178900314 "experimento_48" 48 10000 1000 0.95 30 0.4 1 0.8
0.996876079821959 27.6782287455651 "experimento_48" 48 10000 1000 0.95 30 0.4 1 0.8
0.996711866697297 29.5145057238108 "experimento_48" 48 10000 1000 0.95 30 0.4 1 0.8
1.02523931093995 25.9512919917204 "experimento_48" 48 10000 1000 0.95 30 0.4 1 0.8
1.0003716674714 32.594076846307 "experimento_48" 48 10000 1000 0.95 30 0.4 1 0.8
1.00022885602501 30.1222690915964 "experimento_48" 48 10000 1000 0.95 30 0.4 1 0.8
0.994418000802398 27.6807121646358 "experimento_48" 48 10000 1000 0.95 30 0.4 1 0.8
0.999689207412302 33.0969157916769 "experimento_48" 48 10000 1000 0.95 30 0.4 1 0.8
0.999445845838636 29.9543409810064 "experimento_48" 48 10000 1000 0.95 30 0.4 1 0.8
1.0009343542954 30.3172500807619 "experimento_48" 48 10000 1000 0.95 30 0.4 1 0.8
1.00786957672487 30.6843835517863 "experimento_48" 48 10000 1000 0.95 30 0.4 1 0.8
1.01758175406915 29.5315157975732 "experimento_48" 48 10000 1000 0.95 30 0.4 1 0.8
1.0092455369886 28.012409152775 "experimento_48" 48 10000 1000 0.95 30 0.4 1 0.8
0.999996163882315 30.8999316891738 "experimento_48" 48 10000 1000 0.95 30 0.4 1 0.8
1.00140274767764 30.6395362988869 "experimento_48" 48 10000 1000 0.95 30 0.4 1 0.8
1.02105730469339 32.5451337675808 "experimento_48" 48 10000 1000 0.95 30 0.4 1 0.8
1.01081256341889 29.4912415068169 "experimento_48" 48 10000 1000 0.95 30 0.4 1 0.8
1.00040333779282 31.4412211853741 "experimento_48" 48 10000 1000 0.95 30 0.4 1 0.8
0.996411703526974 29.1513326691194 "experimento_48" 48 10000 1000 0.95 30 0.4 1 0.8
0.996190435020253 29.8296999501058 "experimento_48" 48 10000 1000 0.95 30 0.4 1 0.8
1.0236629855387 32.0765691134958 "experimento_48" 48 10000 1000 0.95 30 0.4 1 0.8
1.00029936074415 29.0018573536645 "experimento_48" 48 10000 1000 0.95 30 0.4 1 0.8
0.999114622361958 29.4644420120565 "experimento_48" 48 10000 1000 0.95 30 0.4 1 0.8
1.00070698989245 28.9771610473178 "experimento_48" 48 10000 1000 0.95 30 0.4 1 0.8
1.00534423442247 30.06297097789 "experimento_48" 48 10000 1000 0.95 30 0.4 1 0.8
1.02480878836025 33.0029489748218 "experimento_48" 48 10000 1000 0.95 30 0.4 1 0.8
0.999444785527885 29.9365971763612 "experimento_48" 48 10000 1000 0.95 30 0.4 1 0.8
0.996250758413225 29.4685356527007 "experimento_48" 48 10000 1000 0.95 30 0.4 1 0.8
1.01545659898159 28.918754394819 "experimento_48" 48 10000 1000 0.95 30 0.4 1 0.8
0.999801133060828 30.7591494628656 "experimento_48" 48 10000 1000 0.95 30 0.4 1 0.8
1.0096263494653 30.515732374089 "experimento_48" 48 10000 1000 0.95 30 0.4 1 0.8
1.0062522321257 30.4156171779105 "experimento_48" 48 10000 1000 0.95 30 0.4 1 0.8
0.999025274068117 28.2573136299128 "experimento_48" 48 10000 1000 0.95 30 0.4 1 0.8
1.01062909524577 29.9516357888627 "experimento_48" 48 10000 1000 0.95 30 0.4 1 0.8
0.999562086071819 30.1579820195024 "experimento_48" 48 10000 1000 0.95 30 0.4 1 0.8
0.997267695376649 29.4055415266212 "experimento_48" 48 10000 1000 0.95 30 0.4 1 0.8
0.997317543253303 27.6142136418476 "experimento_48" 48 10000 1000 0.95 30 0.4 1 0.8
0.999262216733769 29.0162534891812 "experimento_48" 48 10000 1000 0.95 30 0.4 1 0.8
0.998405195772648 29.9153788776142 "experimento_48" 48 10000 1000 0.95 30 0.4 1 0.8
1.00198520796063 32.2189297307695 "experimento_48" 48 10000 1000 0.95 30 0.4 1 0.8
0.999677520478144 30.9613905946309 "experimento_48" 48 10000 1000 0.95 30 0.4 1 0.8
0.997303095413372 29.4377429428731 "experimento_48" 48 10000 1000 0.95 30 0.4 1 0.8
0.997739276150241 29.3678838615141 "experimento_48" 48 10000 1000 0.95 30 0.4 1 0.8
1.01081926928212 30.0310578782051 "experimento_48" 48 10000 1000 0.95 30 0.4 1 0.8
1.02397325914213 33.5555428524251 "experimento_48" 48 10000 1000 0.95 30 0.4 1 0.8
1.01900321665841 25.9878994697919 "experimento_48" 48 10000 1000 0.95 30 0.4 1 0.8
0.99987307144329 29.8004950286986 "experimento_48" 48 10000 1000 0.95 30 0.4 1 0.8
1.02751431075818 30.9735953094134 "experimento_48" 48 10000 1000 0.95 30 0.4 1 0.8
0.999666417948902 29.3762289296545 "experimento_48" 48 10000 1000 0.95 30 0.4 1 0.8
0.998198302229866 31.4556963047715 "experimento_48" 48 10000 1000 0.95 30 0.4 1 0.8
1.01566618202875 28.7687764867881 "experimento_48" 48 10000 1000 0.95 30 0.4 1 0.8
0.998698281124234 30.3992863275312 "experimento_48" 48 10000 1000 0.95 30 0.4 1 0.8
0.999421963002533 31.523429941913 "experimento_48" 48 10000 1000 0.95 30 0.4 1 0.8
1.00950202906194 32.1810832397666 "experimento_48" 48 10000 1000 0.95 30 0.4 1 0.8
0.998852562857792 30.1394753068607 "experimento_48" 48 10000 1000 0.95 30 0.4 1 0.8
0.999733606353402 33.6793108758972 "experimento_48" 48 10000 1000 0.95 30 0.4 1 0.8
1.03368265566586 33.7632274122608 "experimento_48" 48 10000 1000 0.95 30 0.4 1 0.8
0.997113762656227 31.7902483390339 "experimento_48" 48 10000 1000 0.95 30 0.4 1 0.8
0.999282534001395 29.8952513898867 "experimento_48" 48 10000 1000 0.95 30 0.4 1 0.8
1.000549118175 30.4206995747243 "experimento_48" 48 10000 1000 0.95 30 0.4 1 0.8
1.00004782538551 31.8724273057325 "experimento_48" 48 10000 1000 0.95 30 0.4 1 0.8
0.999226168263704 29.2006083602719 "experimento_48" 48 10000 1000 0.95 30 0.4 1 0.8
1.02908822860176 28.0325371659814 "experimento_48" 48 10000 1000 0.95 30 0.4 1 0.8
0.997214260976762 28.4941651157805 "experimento_48" 48 10000 1000 0.95 30 0.4 1 0.8
0.9989883096423 30.6961646347258 "experimento_48" 48 10000 1000 0.95 30 0.4 1 0.8
1.00349541660398 28.7228531933708 "experimento_48" 48 10000 1000 0.95 30 0.4 1 0.8
0.997473806142807 29.6607616944977 "experimento_48" 48 10000 1000 0.95 30 0.4 1 0.8
1.01581911879281 28.8133314391739 "experimento_48" 48 10000 1000 0.95 30 0.4 1 0.8
1.00816729567583 33.2632720781941 "experimento_48" 48 10000 1000 0.95 30 0.4 1 0.8
0.996734940912575 30.4898430587315 "experimento_48" 48 10000 1000 0.95 30 0.4 1 0.8
1.00948520588147 31.3690638246262 "experimento_48" 48 10000 1000 0.95 30 0.4 1 0.8
0.999068103032187 29.2944087352494 "experimento_48" 48 10000 1000 0.95 30 0.4 1 0.8
1.01150361419035 31.1101330704918 "experimento_48" 48 10000 1000 0.95 30 0.4 1 0.8
0.998666677856818 28.3782768028689 "experimento_48" 48 10000 1000 0.95 30 0.4 1 0.8
0.998999887844548 30.4193537921333 "experimento_48" 48 10000 1000 0.95 30 0.4 1 0.8
1.00064793182537 27.185639893457 "experimento_48" 48 10000 1000 0.95 30 0.4 1 0.8
0.999024914111942 30.1800221899889 "experimento_48" 48 10000 1000 0.95 30 0.4 1 0.8
1.01463302553942 28.2120444161837 "experimento_48" 48 10000 1000 0.95 30 0.4 1 0.8
1.00735696289194 26.9908994592493 "experimento_48" 48 10000 1000 0.95 30 0.4 1 0.8
0.999963867245242 31.1054816710692 "experimento_48" 48 10000 1000 0.95 30 0.4 1 0.8
0.99638586002402 29.1189533980067 "experimento_48" 48 10000 1000 0.95 30 0.4 1 0.8
1.00949396972234 27.7924342760601 "experimento_48" 48 10000 1000 0.95 30 0.4 1 0.8
0.999695298960432 29.038950581931 "experimento_48" 48 10000 1000 0.95 30 0.4 1 0.8
1.00021113232913 28.6038051071725 "experimento_48" 48 10000 1000 0.95 30 0.4 1 0.8
1.00072135229905 30.2053015979694 "experimento_48" 48 10000 1000 0.95 30 0.4 1 0.8
1.01557044371342 30.2237302918644 "experimento_48" 48 10000 1000 0.95 30 0.4 1 0.8
1.01576931752885 35.0817319031637 "experimento_48" 48 10000 1000 0.95 30 0.4 1 0.8
1.0009136367434 33.3887437625581 "experimento_48" 48 10000 1000 0.95 30 0.4 1 0.8
1.0007806830729 30.7169782707087 "experimento_48" 48 10000 1000 0.95 30 0.4 1 0.8
1.0191646238789 35.1999076948978 "experimento_48" 48 10000 1000 0.95 30 0.4 1 0.8
0.995304495561868 28.8584945187079 "experimento_48" 48 10000 1000 0.95 30 0.4 1 0.8
1.00049880709306 30.1631016494922 "experimento_48" 48 10000 1000 0.95 30 0.4 1 0.8
1.00155674644255 30.4160838243023 "experimento_48" 48 10000 1000 0.95 30 0.4 1 0.8
0.997976477257907 27.6105320309957 "experimento_48" 48 10000 1000 0.95 30 0.4 1 0.8
1.0053507367149 31.0942969970082 "experimento_48" 48 10000 1000 0.95 30 0.4 1 0.8
0.999776276992634 31.4943599784325 "experimento_48" 48 10000 1000 0.95 30 0.4 1 0.8
0.998242302564904 28.3083788074653 "experimento_48" 48 10000 1000 0.95 30 0.4 1 0.8
0.998004377819598 27.9192087269785 "experimento_48" 48 10000 1000 0.95 30 0.4 1 0.8
0.998413980240002 31.3371785373683 "experimento_48" 48 10000 1000 0.95 30 0.4 1 0.8
1.00470682880841 29.664615259245 "experimento_48" 48 10000 1000 0.95 30 0.4 1 0.8
1.00170478372214 30.971979638731 "experimento_48" 48 10000 1000 0.95 30 0.4 1 0.8
0.995474215829745 27.7964842029943 "experimento_48" 48 10000 1000 0.95 30 0.4 1 0.8
1.01860588363275 31.0515124905281 "experimento_48" 48 10000 1000 0.95 30 0.4 1 0.8
0.996519908076152 28.8525303161429 "experimento_48" 48 10000 1000 0.95 30 0.4 1 0.8
1.01869428032078 30.8829774268621 "experimento_48" 48 10000 1000 0.95 30 0.4 1 0.8
1.01668253117241 30.0429107055857 "experimento_48" 48 10000 1000 0.95 30 0.4 1 0.8
0.996990800602362 28.294029827665 "experimento_48" 48 10000 1000 0.95 30 0.4 1 0.8
1.00000064020666 28.6314370624636 "experimento_48" 48 10000 1000 0.95 30 0.4 1 0.8
0.998803791822866 28.4188488270929 "experimento_48" 48 10000 1000 0.95 30 0.4 1 0.8
0.996007946785539 27.8805825280431 "experimento_48" 48 10000 1000 0.95 30 0.4 1 0.8
0.996451657265425 29.3941523791911 "experimento_48" 48 10000 1000 0.95 30 0.4 1 0.8
0.996758686611429 30.0344542435346 "experimento_48" 48 10000 1000 0.95 30 0.4 1 0.8
0.999192686984316 30.0644708479442 "experimento_48" 48 10000 1000 0.95 30 0.4 1 0.8
0.99746463005431 29.6410059908094 "experimento_48" 48 10000 1000 0.95 30 0.4 1 0.8
0.999542170437053 31.4885869720529 "experimento_48" 48 10000 1000 0.95 30 0.4 1 0.8
1.00576807879843 28.7516907447586 "experimento_48" 48 10000 1000 0.95 30 0.4 1 0.8
0.998432536842301 29.1615268068885 "experimento_48" 48 10000 1000 0.95 30 0.4 1 0.8
0.999060984235257 31.2616768713563 "experimento_48" 48 10000 1000 0.95 30 0.4 1 0.8
0.999007666483521 29.497756534157 "experimento_48" 48 10000 1000 0.95 30 0.4 1 0.8
1.01337268271794 31.8371858842893 "experimento_48" 48 10000 1000 0.95 30 0.4 1 0.8
1.0017764624468 30.1680207241066 "experimento_48" 48 10000 1000 0.95 30 0.4 1 0.8
1.01091241884666 28.5255154769311 "experimento_48" 48 10000 1000 0.95 30 0.4 1 0.8
0.997584507567808 29.4977160457916 "experimento_48" 48 10000 1000 0.95 30 0.4 1 0.8
1.02402845540254 32.8759385672901 "experimento_48" 48 10000 1000 0.95 30 0.4 1 0.8
1.00016546503951 27.9879043308631 "experimento_48" 48 10000 1000 0.95 30 0.4 1 0.8
1.03603654686842 32.3713295616126 "experimento_48" 48 10000 1000 0.95 30 0.4 1 0.8
0.996619621291757 28.9774574176672 "experimento_48" 48 10000 1000 0.95 30 0.4 1 0.8
1.02787376964946 27.2700388338688 "experimento_48" 48 10000 1000 0.95 30 0.4 1 0.8
1.04568099475636 27.0804579165397 "experimento_48" 48 10000 1000 0.95 30 0.4 1 0.8
0.99884868436493 30.0950717068559 "experimento_48" 48 10000 1000 0.95 30 0.4 1 0.8
1.02761148139694 28.8120647562448 "experimento_48" 48 10000 1000 0.95 30 0.4 1 0.8
1.00810833067825 33.4161082894798 "experimento_48" 48 10000 1000 0.95 30 0.4 1 0.8
1.00367085609275 30.5385907589193 "experimento_48" 48 10000 1000 0.95 30 0.4 1 0.8
0.995814896654338 28.825198026228 "experimento_48" 48 10000 1000 0.95 30 0.4 1 0.8
1.00659549262238 32.3888191131458 "experimento_48" 48 10000 1000 0.95 30 0.4 1 0.8
0.997143995482475 28.8275446502967 "experimento_48" 48 10000 1000 0.95 30 0.4 1 0.8
0.99840170587413 28.2275937900105 "experimento_48" 48 10000 1000 0.95 30 0.4 1 0.8
1.00007366609686 30.0695376480463 "experimento_48" 48 10000 1000 0.95 30 0.4 1 0.8
0.999504623468965 29.6938634849436 "experimento_48" 48 10000 1000 0.95 30 0.4 1 0.8
0.99864438152872 28.4992166962755 "experimento_48" 48 10000 1000 0.95 30 0.4 1 0.8
1.00130606382934 30.8597259236383 "experimento_48" 48 10000 1000 0.95 30 0.4 1 0.8
0.998453456442803 27.8067477711249 "experimento_48" 48 10000 1000 0.95 30 0.4 1 0.8
0.998053877148777 29.2489037448785 "experimento_48" 48 10000 1000 0.95 30 0.4 1 0.8
1.00014656572364 30.5881471029642 "experimento_48" 48 10000 1000 0.95 30 0.4 1 0.8
1.00566099877469 31.3433998856278 "experimento_48" 48 10000 1000 0.95 30 0.4 1 0.8
1.00026945575761 33.6407439978068 "experimento_48" 48 10000 1000 0.95 30 0.4 1 0.8
0.996998766670004 30.4742391621087 "experimento_48" 48 10000 1000 0.95 30 0.4 1 0.8
0.998993328772485 27.5553871425099 "experimento_48" 48 10000 1000 0.95 30 0.4 1 0.8
1.008989233446 27.5710531882149 "experimento_48" 48 10000 1000 0.95 30 0.4 1 0.8
0.998991378815845 29.1186379172391 "experimento_48" 48 10000 1000 0.95 30 0.4 1 0.8
0.999442663276568 29.154412445204 "experimento_48" 48 10000 1000 0.95 30 0.4 1 0.8
1.01418025467234 30.3470652399302 "experimento_48" 48 10000 1000 0.95 30 0.4 1 0.8
0.996563335880637 29.6851955133042 "experimento_48" 48 10000 1000 0.95 30 0.4 1 0.8
0.997289793100208 28.3440501253236 "experimento_48" 48 10000 1000 0.95 30 0.4 1 0.8
0.998514634324238 27.7986228937393 "experimento_48" 48 10000 1000 0.95 30 0.4 1 0.8
0.999715791782364 30.3057640519427 "experimento_48" 48 10000 1000 0.95 30 0.4 1 0.8
0.998267407063395 28.9921296063941 "experimento_48" 48 10000 1000 0.95 30 0.4 1 0.8
1.01841554064847 27.3467574197468 "experimento_48" 48 10000 1000 0.95 30 0.4 1 0.8
0.998918867204338 30.7692497237205 "experimento_48" 48 10000 1000 0.95 30 0.4 1 0.8
1.02407847620654 29.0704982855543 "experimento_48" 48 10000 1000 0.95 30 0.4 1 0.8
1.00241923720265 29.5008644733004 "experimento_48" 48 10000 1000 0.95 30 0.4 1 0.8
0.99950363417156 29.5494032749973 "experimento_48" 48 10000 1000 0.95 30 0.4 1 0.8
1.00160980528841 30.4361848133881 "experimento_48" 48 10000 1000 0.95 30 0.4 1 0.8
0.999590189429 28.7735528583926 "experimento_48" 48 10000 1000 0.95 30 0.4 1 0.8
0.99985177651979 27.7597297926461 "experimento_48" 48 10000 1000 0.95 30 0.4 1 0.8
0.999140209285542 29.4638360136764 "experimento_48" 48 10000 1000 0.95 30 0.4 1 0.8
1.00193166175547 27.3020266909193 "experimento_48" 48 10000 1000 0.95 30 0.4 1 0.8
1.00573516928901 32.3303300823237 "experimento_48" 48 10000 1000 0.95 30 0.4 1 0.8
0.999911376507953 31.5120396528592 "experimento_48" 48 10000 1000 0.95 30 0.4 1 0.8
0.999643116258085 30.2195456378597 "experimento_48" 48 10000 1000 0.95 30 0.4 1 0.8
1.00054595237598 32.0457095028031 "experimento_48" 48 10000 1000 0.95 30 0.4 1 0.8
0.998093399917707 31.1115600295569 "experimento_48" 48 10000 1000 0.95 30 0.4 1 0.8
1.00009363517634 29.6861200574362 "experimento_48" 48 10000 1000 0.95 30 0.4 1 0.8
1.01884689910027 32.3202167519726 "experimento_48" 48 10000 1000 0.95 30 0.4 1 0.8
0.99837168189697 28.5108428878125 "experimento_48" 48 10000 1000 0.95 30 0.4 1 0.8
1.00157274341521 27.7299072651675 "experimento_48" 48 10000 1000 0.95 30 0.4 1 0.8
1.00285326830341 30.7851186096838 "experimento_48" 48 10000 1000 0.95 30 0.4 1 0.8
1.03301459659372 33.6773275342132 "experimento_48" 48 10000 1000 0.95 30 0.4 1 0.8
0.999745462788269 32.5238133483402 "experimento_48" 48 10000 1000 0.95 30 0.4 1 0.8
1.02443685112381 27.6586865600212 "experimento_48" 48 10000 1000 0.95 30 0.4 1 0.8
0.998308395268396 28.0342816325516 "experimento_48" 48 10000 1000 0.95 30 0.4 1 0.8
0.99919326719828 28.0843761833163 "experimento_48" 48 10000 1000 0.95 30 0.4 1 0.8
0.997079904191196 30.2114284779987 "experimento_48" 48 10000 1000 0.95 30 0.4 1 0.8
1.00217247217273 30.016877372962 "experimento_48" 48 10000 1000 0.95 30 0.4 1 0.8
1.02835118035541 32.3381933189978 "experimento_48" 48 10000 1000 0.95 30 0.4 1 0.8
1.02474395800242 26.2608084831887 "experimento_48" 48 10000 1000 0.95 30 0.4 1 0.8
1.0111089888184 28.0015875538629 "experimento_48" 48 10000 1000 0.95 30 0.4 1 0.8
0.999342045513913 32.0408956143277 "experimento_48" 48 10000 1000 0.95 30 0.4 1 0.8
1.01110241049627 29.2448333796224 "experimento_48" 48 10000 1000 0.95 30 0.4 1 0.8
0.99540851963684 28.5959545137195 "experimento_48" 48 10000 1000 0.95 30 0.4 1 0.8
1.03574081429451 24.8039391154761 "experimento_48" 48 10000 1000 0.95 30 0.4 1 0.8
0.999422865919769 31.5688216164051 "experimento_48" 48 10000 1000 0.95 30 0.4 1 0.8
0.999742063228041 30.300509075102 "experimento_48" 48 10000 1000 0.95 30 0.4 1 0.8
0.995571530191228 29.1157069135148 "experimento_48" 48 10000 1000 0.95 30 0.4 1 0.8
1.00999668482691 31.9582582621288 "experimento_48" 48 10000 1000 0.95 30 0.4 1 0.8
0.996870291652158 29.1703540342436 "experimento_48" 48 10000 1000 0.95 30 0.4 1 0.8
0.997270053252578 31.7702046618441 "experimento_48" 48 10000 1000 0.95 30 0.4 1 0.8
0.997733092634007 26.8348211863856 "experimento_48" 48 10000 1000 0.95 30 0.4 1 0.8
0.997475300682709 30.2169290924483 "experimento_48" 48 10000 1000 0.95 30 0.4 1 0.8
1.00033844309517 28.2410512393465 "experimento_48" 48 10000 1000 0.95 30 0.4 1 0.8
1.00000932053088 28.8080866818208 "experimento_48" 48 10000 1000 0.95 30 0.4 1 0.8
0.998640068806708 28.4353714659397 "experimento_48" 48 10000 1000 0.95 30 0.4 1 0.8
1.01589741140294 34.6512863993341 "experimento_48" 48 10000 1000 0.95 30 0.4 1 0.8
1.02418363580505 27.1946790232652 "experimento_48" 48 10000 1000 0.95 30 0.4 1 0.8
0.999841161305085 28.7332247595272 "experimento_48" 48 10000 1000 0.95 30 0.4 1 0.8
1.01533700766352 28.0065531268278 "experimento_48" 48 10000 1000 0.95 30 0.4 1 0.8
0.998136805836111 29.7542534666004 "experimento_48" 48 10000 1000 0.95 30 0.4 1 0.8
0.997773416573182 30.921978569463 "experimento_48" 48 10000 1000 0.95 30 0.4 1 0.8
1.00001805387437 29.032335593943 "experimento_48" 48 10000 1000 0.95 30 0.4 1 0.8
0.998917157528922 29.6070130962331 "experimento_48" 48 10000 1000 0.95 30 0.4 1 0.8
0.99971916875802 28.8755929733139 "experimento_48" 48 10000 1000 0.95 30 0.4 1 0.8
0.997482832986861 30.243855695644 "experimento_48" 48 10000 1000 0.95 30 0.4 1 0.8
1.0311099756368 33.5187708410992 "experimento_48" 48 10000 1000 0.95 30 0.4 1 0.8
1.00752097351166 27.5406586466379 "experimento_48" 48 10000 1000 0.95 30 0.4 1 0.8
0.999426703667268 32.1491059417469 "experimento_48" 48 10000 1000 0.95 30 0.4 1 0.8
1.00014677642908 31.108969492731 "experimento_48" 48 10000 1000 0.95 30 0.4 1 0.8
1.02155782668851 28.1984524090461 "experimento_48" 48 10000 1000 0.95 30 0.4 1 0.8
0.998551873723045 28.1422501712471 "experimento_48" 48 10000 1000 0.95 30 0.4 1 0.8
1.00457581818725 29.2007118897651 "experimento_48" 48 10000 1000 0.95 30 0.4 1 0.8
0.998599173733965 28.6473460585989 "experimento_48" 48 10000 1000 0.95 30 0.4 1 0.8
1.0061944526465 26.7185744530631 "experimento_48" 48 10000 1000 0.95 30 0.4 1 0.8
1.00743038429258 32.2359894690141 "experimento_48" 48 10000 1000 0.95 30 0.4 1 0.8
1.00316638881513 31.5030935215657 "experimento_48" 48 10000 1000 0.95 30 0.4 1 0.8
0.999487850116566 30.3623946223408 "experimento_48" 48 10000 1000 0.95 30 0.4 1 0.8
0.999516648706049 31.7480351191606 "experimento_48" 48 10000 1000 0.95 30 0.4 1 0.8
0.999955757986754 30.614681988584 "experimento_48" 48 10000 1000 0.95 30 0.4 1 0.8
0.996351268375292 29.1436424865696 "experimento_48" 48 10000 1000 0.95 30 0.4 1 0.8
0.997941063717008 27.650428228083 "experimento_48" 48 10000 1000 0.95 30 0.4 1 0.8
0.999051556456834 29.6773066461126 "experimento_48" 48 10000 1000 0.95 30 0.4 1 0.8
1.00015386997973 32.1361456446626 "experimento_48" 48 10000 1000 0.95 30 0.4 1 0.8
0.999290069332346 29.5958053912537 "experimento_48" 48 10000 1000 0.95 30 0.4 1 0.8
1.00018213795277 27.5039550122729 "experimento_48" 48 10000 1000 0.95 30 0.4 1 0.8
0.997594728833064 28.405629889144 "experimento_48" 48 10000 1000 0.95 30 0.4 1 0.8
1.01428197678179 32.3305841991178 "experimento_48" 48 10000 1000 0.95 30 0.4 1 0.8
1.00732967399339 29.4182626018365 "experimento_48" 48 10000 1000 0.95 30 0.4 1 0.8
1.02172987537148 28.1441051594965 "experimento_48" 48 10000 1000 0.95 30 0.4 1 0.8
1.01683872072053 33.9635414440536 "experimento_48" 48 10000 1000 0.95 30 0.4 1 0.8
1.01273844847456 30.145533039619 "experimento_48" 48 10000 1000 0.95 30 0.4 1 0.8
0.996618170524016 30.1364798359387 "experimento_48" 48 10000 1000 0.95 30 0.4 1 0.8
1.0136294373932 31.1414015657911 "experimento_48" 48 10000 1000 0.95 30 0.4 1 0.8
1.04026395091647 37.1342343257994 "experimento_48" 48 10000 1000 0.95 30 0.4 1 0.8
0.999509216751903 30.5959063863431 "experimento_48" 48 10000 1000 0.95 30 0.4 1 0.8
1.00304959621939 28.8008471773871 "experimento_48" 48 10000 1000 0.95 30 0.4 1 0.8
0.997795992763713 27.5693160499855 "experimento_48" 48 10000 1000 0.95 30 0.4 1 0.8
0.99696565582417 30.0824508743865 "experimento_48" 48 10000 1000 0.95 30 0.4 1 0.8
0.997199570760131 31.0809142231962 "experimento_48" 48 10000 1000 0.95 30 0.4 1 0.8
0.999076766427606 29.3475090555631 "experimento_48" 48 10000 1000 0.95 30 0.4 1 0.8
1.01285257568559 28.7508185280129 "experimento_48" 48 10000 1000 0.95 30 0.4 1 0.8
0.9991098663304 30.4641904099406 "experimento_48" 48 10000 1000 0.95 30 0.4 1 0.8
0.9991719503887 31.9005789082345 "experimento_48" 48 10000 1000 0.95 30 0.4 1 0.8
1.00017821743774 31.2140604364175 "experimento_48" 48 10000 1000 0.95 30 0.4 1 0.8
1.01381963050614 30.0438073958808 "experimento_48" 48 10000 1000 0.95 30 0.4 1 0.8
1.02605707247912 31.6419879026513 "experimento_48" 48 10000 1000 0.95 30 0.4 1 0.8
0.998450200539082 30.7292205547593 "experimento_48" 48 10000 1000 0.95 30 0.4 1 0.8
1.00128345154463 31.7946036465071 "experimento_48" 48 10000 1000 0.95 30 0.4 1 0.8
0.998438175534829 29.8385718574263 "experimento_48" 48 10000 1000 0.95 30 0.4 1 0.8
0.998418403090909 28.338742447778 "experimento_48" 48 10000 1000 0.95 30 0.4 1 0.8
1.00601504736688 29.9909215357506 "experimento_48" 48 10000 1000 0.95 30 0.4 1 0.8
0.998627349734306 29.2272227909558 "experimento_48" 48 10000 1000 0.95 30 0.4 1 0.8
0.997643068898469 30.6382975067367 "experimento_48" 48 10000 1000 0.95 30 0.4 1 0.8
1.02006117225004 33.3223377308449 "experimento_48" 48 10000 1000 0.95 30 0.4 1 0.8
1.00895911629001 30.9025623116636 "experimento_48" 48 10000 1000 0.95 30 0.4 1 0.8
0.997525020036846 31.1043746842941 "experimento_48" 48 10000 1000 0.95 30 0.4 1 0.8
1.02963674890979 32.3533103818919 "experimento_48" 48 10000 1000 0.95 30 0.4 1 0.8
1.01410402709929 33.7553484876438 "experimento_48" 48 10000 1000 0.95 30 0.4 1 0.8
0.994538489729166 29.2935807325645 "experimento_48" 48 10000 1000 0.95 30 0.4 1 0.8
1.00209931864714 31.0862185948423 "experimento_48" 48 10000 1000 0.95 30 0.4 1 0.8
1.04441606802726 33.6234360258982 "experimento_48" 48 10000 1000 0.95 30 0.4 1 0.8
0.998426234582439 28.0035634653184 "experimento_48" 48 10000 1000 0.95 30 0.4 1 0.8
0.998673462076113 30.9968873586381 "experimento_48" 48 10000 1000 0.95 30 0.4 1 0.8
1.00620248257183 29.6501059860194 "experimento_48" 48 10000 1000 0.95 30 0.4 1 0.8
1.0013900549122 28.5454776907568 "experimento_48" 48 10000 1000 0.95 30 0.4 1 0.8
0.99625072395429 30.0142111615221 "experimento_48" 48 10000 1000 0.95 30 0.4 1 0.8
1.00015660965071 28.0411601008823 "experimento_48" 48 10000 1000 0.95 30 0.4 1 0.8
0.995629658224061 27.859453468347 "experimento_48" 48 10000 1000 0.95 30 0.4 1 0.8
1.04644878218689 31.4375947846918 "experimento_48" 48 10000 1000 0.95 30 0.4 1 0.8
1.01739859002021 29.9389534243981 "experimento_48" 48 10000 1000 0.95 30 0.4 1 0.8
0.998236611951143 29.3365708017714 "experimento_48" 48 10000 1000 0.95 30 0.4 1 0.8
0.998771793441847 29.3415030574802 "experimento_48" 48 10000 1000 0.95 30 0.4 1 0.8
0.9983176139649 28.4603954092723 "experimento_48" 48 10000 1000 0.95 30 0.4 1 0.8
1.02472305750955 28.7499080543847 "experimento_48" 48 10000 1000 0.95 30 0.4 1 0.8
1.00074715443576 30.1410709304756 "experimento_48" 48 10000 1000 0.95 30 0.4 1 0.8
1.02851591963802 34.7721749947662 "experimento_48" 48 10000 1000 0.95 30 0.4 1 0.8
0.998361048987135 28.654811402401 "experimento_48" 48 10000 1000 0.95 30 0.4 1 0.8
0.99947051028721 30.7686175974432 "experimento_48" 48 10000 1000 0.95 30 0.4 1 0.8
0.997712652431801 27.9680104300404 "experimento_48" 48 10000 1000 0.95 30 0.4 1 0.8
1.00173202037501 34.1696791884224 "experimento_48" 48 10000 1000 0.95 30 0.4 1 0.8
0.999750768765807 29.2418388820474 "experimento_48" 48 10000 1000 0.95 30 0.4 1 0.8
0.999285026220605 30.4159684742999 "experimento_48" 48 10000 1000 0.95 30 0.4 1 0.8
1.01300155869685 31.2325195564241 "experimento_48" 48 10000 1000 0.95 30 0.4 1 0.8
1.00274689451267 31.0284389254242 "experimento_48" 48 10000 1000 0.95 30 0.4 1 0.8
0.997838104143739 28.5420453282691 "experimento_48" 48 10000 1000 0.95 30 0.4 1 0.8
1.00513811915492 29.8440983566374 "experimento_48" 48 10000 1000 0.95 30 0.4 1 0.8
0.997737161815166 29.5140350389441 "experimento_48" 48 10000 1000 0.95 30 0.4 1 0.8
0.999760486651212 27.8671676401797 "experimento_48" 48 10000 1000 0.95 30 0.4 1 0.8
0.998283375520259 28.2595856022455 "experimento_48" 48 10000 1000 0.95 30 0.4 1 0.8
1.03200353337312 32.0586053899497 "experimento_48" 48 10000 1000 0.95 30 0.4 1 0.8
1.00202115379895 28.6218703582584 "experimento_48" 48 10000 1000 0.95 30 0.4 1 0.8
0.998604576569051 29.3954144806537 "experimento_48" 48 10000 1000 0.95 30 0.4 1 0.8
1.0020516054285 31.1458595027361 "experimento_48" 48 10000 1000 0.95 30 0.4 1 0.8
1.01330618850576 32.5072394056099 "experimento_48" 48 10000 1000 0.95 30 0.4 1 0.8
0.998561715940014 29.5220002750297 "experimento_48" 48 10000 1000 0.95 30 0.4 1 0.8
0.998382059391588 27.7359175200057 "experimento_48" 48 10000 1000 0.95 30 0.4 1 0.8
1.00123413414694 30.2719858957536 "experimento_48" 48 10000 1000 0.95 30 0.4 1 0.8
1.01857221576696 30.9226713874977 "experimento_48" 48 10000 1000 0.95 30 0.4 1 0.8
1.01520856781863 33.4519916289445 "experimento_48" 48 10000 1000 0.95 30 0.4 1 0.8
0.999522241763771 30.7051589855366 "experimento_48" 48 10000 1000 0.95 30 0.4 1 0.8
0.996684621553868 29.9077151522237 "experimento_48" 48 10000 1000 0.95 30 0.4 1 0.8
1.00780023103801 30.6737463076732 "experimento_48" 48 10000 1000 0.95 30 0.4 1 0.8
1.00175809996823 31.6910673536095 "experimento_48" 48 10000 1000 0.95 30 0.4 1 0.8
1.00444737159026 26.9971728307794 "experimento_48" 48 10000 1000 0.95 30 0.4 1 0.8
1.00783557530182 30.0417859966249 "experimento_48" 48 10000 1000 0.95 30 0.4 1 0.8
1.00339457956143 30.6808879237442 "experimento_48" 48 10000 1000 0.95 30 0.4 1 0.8
0.994430875172839 29.155115959505 "experimento_48" 48 10000 1000 0.95 30 0.4 1 0.8
0.999665510607883 31.6735581487525 "experimento_48" 48 10000 1000 0.95 30 0.4 1 0.8
1.00004721091789 30.3500144976878 "experimento_48" 48 10000 1000 0.95 30 0.4 1 0.8
0.998885608045384 28.6262561024365 "experimento_48" 48 10000 1000 0.95 30 0.4 1 0.8
1.00918867349004 26.8175439253952 "experimento_48" 48 10000 1000 0.95 30 0.4 1 0.8
0.997916095657274 29.3667516126049 "experimento_48" 48 10000 1000 0.95 30 0.4 1 0.8
0.999325313838199 29.634148441327 "experimento_48" 48 10000 1000 0.95 30 0.4 1 0.8
0.998570856172591 29.719733682397 "experimento_48" 48 10000 1000 0.95 30 0.4 1 0.8
1.03227992669229 32.3015340979306 "experimento_48" 48 10000 1000 0.95 30 0.4 1 0.8
0.998408339451998 26.9658250951137 "experimento_48" 48 10000 1000 0.95 30 0.4 1 0.8
1.00020687965993 31.8746469902191 "experimento_48" 48 10000 1000 0.95 30 0.4 1 0.8
0.998676737071946 27.0781287458162 "experimento_48" 48 10000 1000 0.95 30 0.4 1 0.8
0.99996468052268 29.367751109158 "experimento_48" 48 10000 1000 0.95 30 0.4 1 0.8
1.01996275838308 32.5210367213559 "experimento_48" 48 10000 1000 0.95 30 0.4 1 0.8
1.03427992503329 28.6781264590149 "experimento_48" 48 10000 1000 0.95 30 0.4 1 0.8
0.998672156129032 31.1015026189985 "experimento_48" 48 10000 1000 0.95 30 0.4 1 0.8
0.997608911013231 30.5236092906203 "experimento_48" 48 10000 1000 0.95 30 0.4 1 0.8
0.998234993545339 30.8543900474035 "experimento_48" 48 10000 1000 0.95 30 0.4 1 0.8
1.0070778701032 32.0950296536681 "experimento_48" 48 10000 1000 0.95 30 0.4 1 0.8
0.997228853404522 29.5435793235069 "experimento_48" 48 10000 1000 0.95 30 0.4 1 0.8
0.998222783673555 30.0417436298134 "experimento_48" 48 10000 1000 0.95 30 0.4 1 0.8
1.00153346744577 29.5035412868915 "experimento_48" 48 10000 1000 0.95 30 0.4 1 0.8
0.9975558987353 28.9422913857342 "experimento_48" 48 10000 1000 0.95 30 0.4 1 0.8
0.998408527346328 29.2284965987065 "experimento_48" 48 10000 1000 0.95 30 0.4 1 0.8
0.998961009085178 28.4491455012026 "experimento_48" 48 10000 1000 0.95 30 0.4 1 0.8
0.999999966472387 31.6655468594583 "experimento_48" 48 10000 1000 0.95 30 0.4 1 0.8
1.0004698161191 28.4708873293705 "experimento_48" 48 10000 1000 0.95 30 0.4 1 0.8
1.00054122060537 30.3471784967082 "experimento_48" 48 10000 1000 0.95 30 0.4 1 0.8
1.00425603962331 32.3609697502609 "experimento_48" 48 10000 1000 0.95 30 0.4 1 0.8
1.0163158553342 33.8772893078173 "experimento_48" 48 10000 1000 0.95 30 0.4 1 0.8
1.0040636027387 31.995613693752 "experimento_48" 48 10000 1000 0.95 30 0.4 1 0.8
0.999184264335781 32.2330511158768 "experimento_48" 48 10000 1000 0.95 30 0.4 1 0.8
0.997961949324235 28.4115692023916 "experimento_48" 48 10000 1000 0.95 30 0.4 1 0.8
1.00035759000491 27.9826669493479 "experimento_48" 48 10000 1000 0.95 30 0.4 1 0.8
0.999224996427074 29.0470138991969 "experimento_48" 48 10000 1000 0.95 30 0.4 1 0.8
1.00023847585681 28.9989863400867 "experimento_48" 48 10000 1000 0.95 30 0.4 1 0.8
1.00515495253106 29.8997611516111 "experimento_48" 48 10000 1000 0.95 30 0.4 1 0.8
1.0110166366833 27.1701411092785 "experimento_48" 48 10000 1000 0.95 30 0.4 1 0.8
0.998376972042024 27.7432383584509 "experimento_48" 48 10000 1000 0.95 30 0.4 1 0.8
1.0028679357322 30.969696334186 "experimento_48" 48 10000 1000 0.95 30 0.4 1 0.8
1.00058466871386 31.7726363093991 "experimento_48" 48 10000 1000 0.95 30 0.4 1 0.8
0.997707993257791 30.1230422751577 "experimento_48" 48 10000 1000 0.95 30 0.4 1 0.8
1.0123549850968 28.3563307199636 "experimento_48" 48 10000 1000 0.95 30 0.4 1 0.8
0.997930052923039 29.2384511845626 "experimento_48" 48 10000 1000 0.95 30 0.4 1 0.8
1.0003522411112 30.5694645059244 "experimento_48" 48 10000 1000 0.95 30 0.4 1 0.8
1.00285076863753 32.5214282674824 "experimento_48" 48 10000 1000 0.95 30 0.4 1 0.8
0.997584145516157 29.7085789398451 "experimento_48" 48 10000 1000 0.95 30 0.4 1 0.8
0.996489939745516 28.6783288435869 "experimento_48" 48 10000 1000 0.95 30 0.4 1 0.8
1.01347526870986 32.2394672531672 "experimento_48" 48 10000 1000 0.95 30 0.4 1 0.8
1.01409748263317 32.0286824679884 "experimento_48" 48 10000 1000 0.95 30 0.4 1 0.8
0.996452494990081 28.851640123893 "experimento_48" 48 10000 1000 0.95 30 0.4 1 0.8
0.998680705437437 30.3427015602285 "experimento_48" 48 10000 1000 0.95 30 0.4 1 0.8
0.999087171629071 31.0504374230385 "experimento_48" 48 10000 1000 0.95 30 0.4 1 0.8
0.997624746523798 27.4382764549065 "experimento_48" 48 10000 1000 0.95 30 0.4 1 0.8
0.99943314329721 30.3245534248467 "experimento_48" 48 10000 1000 0.95 30 0.4 1 0.8
1.00029427038195 28.3760728129592 "experimento_48" 48 10000 1000 0.95 30 0.4 1 0.8
0.998964786995202 27.9860794393526 "experimento_48" 48 10000 1000 0.95 30 0.4 1 0.8
0.998577841557562 29.3189271037615 "experimento_48" 48 10000 1000 0.95 30 0.4 1 0.8
1.00054889757497 31.6432444787628 "experimento_48" 48 10000 1000 0.95 30 0.4 1 0.8
1.00040804403834 28.1679715108673 "experimento_48" 48 10000 1000 0.95 30 0.4 1 0.8
0.997590652899817 28.8469890132709 "experimento_48" 48 10000 1000 0.95 30 0.4 1 0.8
1.00203117867932 30.2734375492306 "experimento_48" 48 10000 1000 0.95 30 0.4 1 0.8
1.00692947964805 26.7855473199167 "experimento_48" 48 10000 1000 0.95 30 0.4 1 0.8
0.999455854296684 29.0563280532588 "experimento_48" 48 10000 1000 0.95 30 0.4 1 0.8
1.0087532213707 30.9227775123149 "experimento_48" 48 10000 1000 0.95 30 0.4 1 0.8
0.998785592149943 31.4400726475064 "experimento_48" 48 10000 1000 0.95 30 0.4 1 0.8
0.996830197516829 27.2917666628586 "experimento_48" 48 10000 1000 0.95 30 0.4 1 0.8
0.999318586662412 29.7254331999332 "experimento_48" 48 10000 1000 0.95 30 0.4 1 0.8
0.999914039857686 29.6941951774537 "experimento_48" 48 10000 1000 0.95 30 0.4 1 0.8
1.00176085550338 31.9197026934108 "experimento_48" 48 10000 1000 0.95 30 0.4 1 0.8
0.993856614455581 29.4205254797145 "experimento_48" 48 10000 1000 0.95 30 0.4 1 0.8
1.00139481172945 30.5400978157863 "experimento_48" 48 10000 1000 0.95 30 0.4 1 0.8
0.997438598889858 27.9203285939898 "experimento_48" 48 10000 1000 0.95 30 0.4 1 0.8
0.999811571324244 28.5637745095299 "experimento_48" 48 10000 1000 0.95 30 0.4 1 0.8
1.00582120120568 30.0462070588048 "experimento_48" 48 10000 1000 0.95 30 0.4 1 0.8
1.02920254595733 35.516880696195 "experimento_48" 48 10000 1000 0.95 30 0.4 1 0.8
0.997258724877611 29.5393282992321 "experimento_48" 48 10000 1000 0.95 30 0.4 1 0.8
0.997089000884444 28.8421121054584 "experimento_48" 48 10000 1000 0.95 30 0.4 1 0.8
1.00275105760732 30.6384697728934 "experimento_48" 48 10000 1000 0.95 30 0.4 1 0.8
1.00051866195475 28.4521373659624 "experimento_48" 48 10000 1000 0.95 30 0.4 1 0.8
1.03595428534954 33.8588191283758 "experimento_48" 48 10000 1000 0.95 30 0.4 1 0.8
0.999990774318576 31.9369576513676 "experimento_48" 48 10000 1000 0.95 30 0.4 1 0.8
1.00433470420539 27.7148565338229 "experimento_48" 48 10000 1000 0.95 30 0.4 1 0.8
0.996454380219802 29.5954528991735 "experimento_48" 48 10000 1000 0.95 30 0.4 1 0.8
0.998019120190293 27.8549056438374 "experimento_48" 48 10000 1000 0.95 30 0.4 1 0.8
1.00058572687281 29.2551139438425 "experimento_48" 48 10000 1000 0.95 30 0.4 1 0.8
0.996361830737442 28.3285625973127 "experimento_48" 48 10000 1000 0.95 30 0.4 1 0.8
1.00389816779557 28.9862609722377 "experimento_48" 48 10000 1000 0.95 30 0.4 1 0.8
1.02706914907181 32.9792815483881 "experimento_48" 48 10000 1000 0.95 30 0.4 1 0.8
1.0127443511039 27.2548138162031 "experimento_48" 48 10000 1000 0.95 30 0.4 1 0.8
1.01275171278976 30.8248003941174 "experimento_48" 48 10000 1000 0.95 30 0.4 1 0.8
0.998116872273386 30.190321950634 "experimento_48" 48 10000 1000 0.95 30 0.4 1 0.8
1.00325503651072 30.8161249752262 "experimento_48" 48 10000 1000 0.95 30 0.4 1 0.8
1.00025501977869 29.0755143344443 "experimento_48" 48 10000 1000 0.95 30 0.4 1 0.8
0.999803678598255 29.1697684649331 "experimento_48" 48 10000 1000 0.95 30 0.4 1 0.8
1.00578524873522 30.1165173528976 "experimento_48" 48 10000 1000 0.95 30 0.4 1 0.8
0.995961560402066 27.4652916701528 "experimento_48" 48 10000 1000 0.95 30 0.4 1 0.8
0.996587225235999 27.6517181725389 "experimento_48" 48 10000 1000 0.95 30 0.4 1 0.8
0.998159027192742 30.2300181933681 "experimento_48" 48 10000 1000 0.95 30 0.4 1 0.8
1.02228652985456 33.0413057202641 "experimento_48" 48 10000 1000 0.95 30 0.4 1 0.8
1.00256657191463 30.2297918005136 "experimento_48" 48 10000 1000 0.95 30 0.4 1 0.8
0.999221992213279 30.555095877774 "experimento_48" 48 10000 1000 0.95 30 0.4 1 0.8
0.99649953795597 26.1984412988865 "experimento_48" 48 10000 1000 0.95 30 0.4 1 0.8
0.999611784238368 29.9559815583356 "experimento_48" 48 10000 1000 0.95 30 0.4 1 0.8
1.0151218432157 28.0050010714592 "experimento_48" 48 10000 1000 0.95 30 0.4 1 0.8
1.00986415063061 30.2476708331958 "experimento_48" 48 10000 1000 0.95 30 0.4 1 0.8
1.00889503885207 32.6621652860841 "experimento_48" 48 10000 1000 0.95 30 0.4 1 0.8
0.998058317694813 29.0960268463098 "experimento_48" 48 10000 1000 0.95 30 0.4 1 0.8
1.00028450867912 31.2481796920553 "experimento_48" 48 10000 1000 0.95 30 0.4 1 0.8
1.00107774472175 26.7746751985222 "experimento_48" 48 10000 1000 0.95 30 0.4 1 0.8
1.00462121325407 32.7421905326553 "experimento_48" 48 10000 1000 0.95 30 0.4 1 0.8
1.02288052512643 26.8861316568523 "experimento_48" 48 10000 1000 0.95 30 0.4 1 0.8
0.998642951482907 29.6482989403473 "experimento_48" 48 10000 1000 0.95 30 0.4 1 0.8
0.99984724749811 30.0409785498125 "experimento_48" 48 10000 1000 0.95 30 0.4 1 0.8
1.00015531751948 30.1418171646441 "experimento_48" 48 10000 1000 0.95 30 0.4 1 0.8
0.999420276610181 29.4659842152351 "experimento_48" 48 10000 1000 0.95 30 0.4 1 0.8
1.00475625336791 31.3038627040926 "experimento_48" 48 10000 1000 0.95 30 0.4 1 0.8
1.0032006705918 31.6920474605969 "experimento_48" 48 10000 1000 0.95 30 0.4 1 0.8
0.997724381741136 28.7434951961968 "experimento_48" 48 10000 1000 0.95 30 0.4 1 0.8
1.00012419344857 30.6592420628746 "experimento_48" 48 10000 1000 0.95 30 0.4 1 0.8
1.00008310051778 34.1294306761255 "experimento_48" 48 10000 1000 0.95 30 0.4 1 0.8
0.998201111564413 30.6006411885639 "experimento_48" 48 10000 1000 0.95 30 0.4 1 0.8
1.01888213300457 29.932274267464 "experimento_48" 48 10000 1000 0.95 30 0.4 1 0.8
0.996375567279756 29.4739113554717 "experimento_48" 48 10000 1000 0.95 30 0.4 1 0.8
1.03164055868843 29.5473890335013 "experimento_48" 48 10000 1000 0.95 30 0.4 1 0.8
0.997996276943013 29.0087502101522 "experimento_48" 48 10000 1000 0.95 30 0.4 1 0.8
1.00029447862568 29.9021605687576 "experimento_48" 48 10000 1000 0.95 30 0.4 1 0.8
1.03178770703434 26.0793835948809 "experimento_48" 48 10000 1000 0.95 30 0.4 1 0.8
0.999674034770578 30.7342106684674 "experimento_48" 48 10000 1000 0.95 30 0.4 1 0.8
0.998511754674837 26.6142986895621 "experimento_48" 48 10000 1000 0.95 30 0.4 1 0.8
