"est.u" "est.lamb" "name" "seed" "size" "replicates" "p_umbral" "exp_lambda" "alpha_pen" "n_pen" "c"
1.0190731005921 160.026843434433 "experimento_56" 56 1000 1000 0.95 50 0.4 1 0.8
0.995606579817832 48.0555634105056 "experimento_56" 56 1000 1000 0.95 50 0.4 1 0.8
0.999194227624685 48.0831183461082 "experimento_56" 56 1000 1000 0.95 50 0.4 1 0.8
0.98858680552803 34.5343155701626 "experimento_56" 56 1000 1000 0.95 50 0.4 1 0.8
1.00120922839269 44.6981385684772 "experimento_56" 56 1000 1000 0.95 50 0.4 1 0.8
1.00065925909469 53.4526295404845 "experimento_56" 56 1000 1000 0.95 50 0.4 1 0.8
1.02535678286021 80.8118756151257 "experimento_56" 56 1000 1000 0.95 50 0.4 1 0.8
0.996569965966046 52.6941754035488 "experimento_56" 56 1000 1000 0.95 50 0.4 1 0.8
0.999933341750875 59.4538027494613 "experimento_56" 56 1000 1000 0.95 50 0.4 1 0.8
0.992172688478604 47.3958459904187 "experimento_56" 56 1000 1000 0.95 50 0.4 1 0.8
0.993892319034785 42.7854365011772 "experimento_56" 56 1000 1000 0.95 50 0.4 1 0.8
1.00005471754545 54.235594977257 "experimento_56" 56 1000 1000 0.95 50 0.4 1 0.8
1.00786916384473 40.1309517185573 "experimento_56" 56 1000 1000 0.95 50 0.4 1 0.8
0.541999012697488 4.02922158370126 "experimento_56" 56 1000 1000 0.95 50 0.4 1 0.8
1.00132903914899 59.9113826437965 "experimento_56" 56 1000 1000 0.95 50 0.4 1 0.8
0.992388188838959 44.4340589884147 "experimento_56" 56 1000 1000 0.95 50 0.4 1 0.8
0.999687383882701 62.2796456263248 "experimento_56" 56 1000 1000 0.95 50 0.4 1 0.8
1.00425709042522 49.8302513136407 "experimento_56" 56 1000 1000 0.95 50 0.4 1 0.8
1.00909148644969 41.6546944575283 "experimento_56" 56 1000 1000 0.95 50 0.4 1 0.8
0.992869217414409 39.877577189553 "experimento_56" 56 1000 1000 0.95 50 0.4 1 0.8
1.00041090712883 55.4728874563133 "experimento_56" 56 1000 1000 0.95 50 0.4 1 0.8
1.00015361788683 54.0714450015332 "experimento_56" 56 1000 1000 0.95 50 0.4 1 0.8
1.00126816112644 56.0897363907882 "experimento_56" 56 1000 1000 0.95 50 0.4 1 0.8
0.994576398050413 43.3858075017165 "experimento_56" 56 1000 1000 0.95 50 0.4 1 0.8
1.02368385527633 73.5714793281287 "experimento_56" 56 1000 1000 0.95 50 0.4 1 0.8
1.00205471609719 46.5797692906194 "experimento_56" 56 1000 1000 0.95 50 0.4 1 0.8
1.00474559579976 59.6076696457924 "experimento_56" 56 1000 1000 0.95 50 0.4 1 0.8
1.00047440657392 47.6451690193786 "experimento_56" 56 1000 1000 0.95 50 0.4 1 0.8
0.993956178193912 39.9225481826822 "experimento_56" 56 1000 1000 0.95 50 0.4 1 0.8
1.0091631215997 66.7928254561202 "experimento_56" 56 1000 1000 0.95 50 0.4 1 0.8
0.999438410857692 82.8489492305643 "experimento_56" 56 1000 1000 0.95 50 0.4 1 0.8
0.979264094959944 39.064614685274 "experimento_56" 56 1000 1000 0.95 50 0.4 1 0.8
1.00079744570889 48.4758934238402 "experimento_56" 56 1000 1000 0.95 50 0.4 1 0.8
0.995616250671446 45.3368553476005 "experimento_56" 56 1000 1000 0.95 50 0.4 1 0.8
0.992948252474889 44.6645558259062 "experimento_56" 56 1000 1000 0.95 50 0.4 1 0.8
0.991385996807367 35.577953546034 "experimento_56" 56 1000 1000 0.95 50 0.4 1 0.8
1.00679811739363 44.4695727373407 "experimento_56" 56 1000 1000 0.95 50 0.4 1 0.8
0.999088067561388 55.3066488145821 "experimento_56" 56 1000 1000 0.95 50 0.4 1 0.8
0.998159428592771 61.7071426647481 "experimento_56" 56 1000 1000 0.95 50 0.4 1 0.8
1.00659922529012 46.8604040842615 "experimento_56" 56 1000 1000 0.95 50 0.4 1 0.8
0.992745500523597 48.9693550681357 "experimento_56" 56 1000 1000 0.95 50 0.4 1 0.8
1.00020905326446 55.2324007435976 "experimento_56" 56 1000 1000 0.95 50 0.4 1 0.8
0.991048713913187 30.549696783185 "experimento_56" 56 1000 1000 0.95 50 0.4 1 0.8
0.998654888011515 53.4347824567993 "experimento_56" 56 1000 1000 0.95 50 0.4 1 0.8
1.0048167859111 48.7199855637226 "experimento_56" 56 1000 1000 0.95 50 0.4 1 0.8
1.02501636575823 64.4005952695674 "experimento_56" 56 1000 1000 0.95 50 0.4 1 0.8
1.00252420186996 47.363798465697 "experimento_56" 56 1000 1000 0.95 50 0.4 1 0.8
0.99966562516056 39.2679097404358 "experimento_56" 56 1000 1000 0.95 50 0.4 1 0.8
1.00082134579308 56.2167245226927 "experimento_56" 56 1000 1000 0.95 50 0.4 1 0.8
1.01601376760885 82.17282022141 "experimento_56" 56 1000 1000 0.95 50 0.4 1 0.8
0.995664330432191 42.5642798554748 "experimento_56" 56 1000 1000 0.95 50 0.4 1 0.8
1.01269673205912 55.0515368438594 "experimento_56" 56 1000 1000 0.95 50 0.4 1 0.8
0.998012086143717 49.3783553814107 "experimento_56" 56 1000 1000 0.95 50 0.4 1 0.8
0.996474271640182 45.3961042493827 "experimento_56" 56 1000 1000 0.95 50 0.4 1 0.8
1.00831224422902 51.6888150058252 "experimento_56" 56 1000 1000 0.95 50 0.4 1 0.8
0.996236403938383 42.1108917237547 "experimento_56" 56 1000 1000 0.95 50 0.4 1 0.8
1.00758516126939 53.3169303475652 "experimento_56" 56 1000 1000 0.95 50 0.4 1 0.8
0.516630638157949 3.90890176294738 "experimento_56" 56 1000 1000 0.95 50 0.4 1 0.8
0.996118708513677 52.992031213675 "experimento_56" 56 1000 1000 0.95 50 0.4 1 0.8
1.01202919452451 75.6246374850299 "experimento_56" 56 1000 1000 0.95 50 0.4 1 0.8
1.00014181314036 51.973256675251 "experimento_56" 56 1000 1000 0.95 50 0.4 1 0.8
1.00502954194322 81.922554975172 "experimento_56" 56 1000 1000 0.95 50 0.4 1 0.8
1.0024835776072 61.338758702565 "experimento_56" 56 1000 1000 0.95 50 0.4 1 0.8
0.99530856590718 43.4389846691422 "experimento_56" 56 1000 1000 0.95 50 0.4 1 0.8
0.998721308307722 54.3739724417985 "experimento_56" 56 1000 1000 0.95 50 0.4 1 0.8
1.00296390896746 62.5894520152104 "experimento_56" 56 1000 1000 0.95 50 0.4 1 0.8
0.995061896275729 51.2912444319255 "experimento_56" 56 1000 1000 0.95 50 0.4 1 0.8
1.01362484254874 77.9507506815281 "experimento_56" 56 1000 1000 0.95 50 0.4 1 0.8
1.00000709289112 54.9158268527559 "experimento_56" 56 1000 1000 0.95 50 0.4 1 0.8
0.996280820574611 50.9945810832322 "experimento_56" 56 1000 1000 0.95 50 0.4 1 0.8
0.996833330020308 45.8534290400679 "experimento_56" 56 1000 1000 0.95 50 0.4 1 0.8
1.00385446930304 52.0283975830614 "experimento_56" 56 1000 1000 0.95 50 0.4 1 0.8
1.0121333504832 39.0201829909859 "experimento_56" 56 1000 1000 0.95 50 0.4 1 0.8
1.0058884590026 40.9996414136929 "experimento_56" 56 1000 1000 0.95 50 0.4 1 0.8
1.0074959979672 72.9066314548225 "experimento_56" 56 1000 1000 0.95 50 0.4 1 0.8
0.998460099333897 42.4026798341904 "experimento_56" 56 1000 1000 0.95 50 0.4 1 0.8
1.00007594312541 64.1202478336034 "experimento_56" 56 1000 1000 0.95 50 0.4 1 0.8
1.00258539838621 39.3063168796066 "experimento_56" 56 1000 1000 0.95 50 0.4 1 0.8
0.997426768997684 49.206973179219 "experimento_56" 56 1000 1000 0.95 50 0.4 1 0.8
0.998564021196216 39.7427300468568 "experimento_56" 56 1000 1000 0.95 50 0.4 1 0.8
0.999248085543513 50.7461248099018 "experimento_56" 56 1000 1000 0.95 50 0.4 1 0.8
1.00289164095023 43.7505174192278 "experimento_56" 56 1000 1000 0.95 50 0.4 1 0.8
1.02021199826763 90.7482633970919 "experimento_56" 56 1000 1000 0.95 50 0.4 1 0.8
0.9964352727402 46.9943611477379 "experimento_56" 56 1000 1000 0.95 50 0.4 1 0.8
0.538215668173507 3.96279301077297 "experimento_56" 56 1000 1000 0.95 50 0.4 1 0.8
0.997849688166752 48.4617868295545 "experimento_56" 56 1000 1000 0.95 50 0.4 1 0.8
0.997182827442884 57.441258866867 "experimento_56" 56 1000 1000 0.95 50 0.4 1 0.8
1.00039442465641 58.5859396116038 "experimento_56" 56 1000 1000 0.95 50 0.4 1 0.8
1.01364286231808 38.0128286245716 "experimento_56" 56 1000 1000 0.95 50 0.4 1 0.8
0.996114319656044 48.2991827121612 "experimento_56" 56 1000 1000 0.95 50 0.4 1 0.8
1.00038705359574 52.6004276122948 "experimento_56" 56 1000 1000 0.95 50 0.4 1 0.8
0.995189345441759 46.2193289885304 "experimento_56" 56 1000 1000 0.95 50 0.4 1 0.8
1.00137019670568 49.3769588565798 "experimento_56" 56 1000 1000 0.95 50 0.4 1 0.8
1.00047465651296 52.533084872965 "experimento_56" 56 1000 1000 0.95 50 0.4 1 0.8
1.0124053624738 67.6095110020161 "experimento_56" 56 1000 1000 0.95 50 0.4 1 0.8
0.997791007626802 49.526231751869 "experimento_56" 56 1000 1000 0.95 50 0.4 1 0.8
0.999804771272466 47.5899714516404 "experimento_56" 56 1000 1000 0.95 50 0.4 1 0.8
0.998906418448314 45.9606445319514 "experimento_56" 56 1000 1000 0.95 50 0.4 1 0.8
1.00098248521408 51.8320417285278 "experimento_56" 56 1000 1000 0.95 50 0.4 1 0.8
1.00146796728522 52.4183642846812 "experimento_56" 56 1000 1000 0.95 50 0.4 1 0.8
1.00554045558213 57.7937122938376 "experimento_56" 56 1000 1000 0.95 50 0.4 1 0.8
0.998016687575728 50.0758274492852 "experimento_56" 56 1000 1000 0.95 50 0.4 1 0.8
1.00889203447849 48.2927243177447 "experimento_56" 56 1000 1000 0.95 50 0.4 1 0.8
1.00221159609035 70.0928544924232 "experimento_56" 56 1000 1000 0.95 50 0.4 1 0.8
1.0028336381074 50.7297377276891 "experimento_56" 56 1000 1000 0.95 50 0.4 1 0.8
1.00030719381451 60.7268277983734 "experimento_56" 56 1000 1000 0.95 50 0.4 1 0.8
1.00634218212217 65.8627413301489 "experimento_56" 56 1000 1000 0.95 50 0.4 1 0.8
1.01319134351797 55.4368405821149 "experimento_56" 56 1000 1000 0.95 50 0.4 1 0.8
1.00513116585887 46.5198422782787 "experimento_56" 56 1000 1000 0.95 50 0.4 1 0.8
1.02077860804191 63.6604874881006 "experimento_56" 56 1000 1000 0.95 50 0.4 1 0.8
0.99850733904168 47.4590431037576 "experimento_56" 56 1000 1000 0.95 50 0.4 1 0.8
0.99432463105768 38.4131249732786 "experimento_56" 56 1000 1000 0.95 50 0.4 1 0.8
1.01598643764513 58.6039539111834 "experimento_56" 56 1000 1000 0.95 50 0.4 1 0.8
1.0040730818361 50.327559627974 "experimento_56" 56 1000 1000 0.95 50 0.4 1 0.8
0.999078079359606 49.1294707110645 "experimento_56" 56 1000 1000 0.95 50 0.4 1 0.8
1.00700713715427 39.7484924242708 "experimento_56" 56 1000 1000 0.95 50 0.4 1 0.8
1.00211004735902 60.9635136331994 "experimento_56" 56 1000 1000 0.95 50 0.4 1 0.8
0.998086562380195 63.9429404155849 "experimento_56" 56 1000 1000 0.95 50 0.4 1 0.8
0.998762068571523 44.0432971943838 "experimento_56" 56 1000 1000 0.95 50 0.4 1 0.8
0.990503653185442 44.4237168616996 "experimento_56" 56 1000 1000 0.95 50 0.4 1 0.8
0.995692419121042 45.1330632316001 "experimento_56" 56 1000 1000 0.95 50 0.4 1 0.8
1.00773952574469 48.1559336782092 "experimento_56" 56 1000 1000 0.95 50 0.4 1 0.8
1.00769405217841 71.1021295364137 "experimento_56" 56 1000 1000 0.95 50 0.4 1 0.8
1.00540307785384 59.8936353668064 "experimento_56" 56 1000 1000 0.95 50 0.4 1 0.8
0.989295678213239 43.2669995761766 "experimento_56" 56 1000 1000 0.95 50 0.4 1 0.8
1.0142479100815 94.6076150658407 "experimento_56" 56 1000 1000 0.95 50 0.4 1 0.8
1.01168405796401 62.907707964222 "experimento_56" 56 1000 1000 0.95 50 0.4 1 0.8
1.00625625981949 48.6755108903041 "experimento_56" 56 1000 1000 0.95 50 0.4 1 0.8
1.00454340534285 51.4160937096254 "experimento_56" 56 1000 1000 0.95 50 0.4 1 0.8
0.99863602174446 48.1652428182309 "experimento_56" 56 1000 1000 0.95 50 0.4 1 0.8
1.004175840877 49.9430121711877 "experimento_56" 56 1000 1000 0.95 50 0.4 1 0.8
1.00052440721542 47.4069184463468 "experimento_56" 56 1000 1000 0.95 50 0.4 1 0.8
0.999954484868795 54.2973920341801 "experimento_56" 56 1000 1000 0.95 50 0.4 1 0.8
0.996740414528176 46.9663039576649 "experimento_56" 56 1000 1000 0.95 50 0.4 1 0.8
1.00503340252901 36.694610773293 "experimento_56" 56 1000 1000 0.95 50 0.4 1 0.8
0.998244252055883 39.760293865328 "experimento_56" 56 1000 1000 0.95 50 0.4 1 0.8
1.00411688417196 45.270021448094 "experimento_56" 56 1000 1000 0.95 50 0.4 1 0.8
0.99811661359854 55.8789974997254 "experimento_56" 56 1000 1000 0.95 50 0.4 1 0.8
0.998485938180238 48.3527456733984 "experimento_56" 56 1000 1000 0.95 50 0.4 1 0.8
1.0220020033491 96.3301626528763 "experimento_56" 56 1000 1000 0.95 50 0.4 1 0.8
1.00261580004658 45.5549787581906 "experimento_56" 56 1000 1000 0.95 50 0.4 1 0.8
1.01445001674732 32.82550460468 "experimento_56" 56 1000 1000 0.95 50 0.4 1 0.8
1.00363016095944 68.4453548185116 "experimento_56" 56 1000 1000 0.95 50 0.4 1 0.8
0.998626210261136 46.2012132875188 "experimento_56" 56 1000 1000 0.95 50 0.4 1 0.8
1.00011051326171 54.4011465421637 "experimento_56" 56 1000 1000 0.95 50 0.4 1 0.8
1.00003020057354 60.066481153473 "experimento_56" 56 1000 1000 0.95 50 0.4 1 0.8
0.996806802460924 44.3425086851191 "experimento_56" 56 1000 1000 0.95 50 0.4 1 0.8
1.00051912312748 48.6400728744476 "experimento_56" 56 1000 1000 0.95 50 0.4 1 0.8
0.996847474947572 47.5170047334332 "experimento_56" 56 1000 1000 0.95 50 0.4 1 0.8
1.00845994588919 51.9101367617616 "experimento_56" 56 1000 1000 0.95 50 0.4 1 0.8
0.996251119067892 50.0075353049364 "experimento_56" 56 1000 1000 0.95 50 0.4 1 0.8
0.995652796234936 40.2378976883543 "experimento_56" 56 1000 1000 0.95 50 0.4 1 0.8
1.00534959737442 46.3521523714089 "experimento_56" 56 1000 1000 0.95 50 0.4 1 0.8
0.999217338627204 60.6758934086631 "experimento_56" 56 1000 1000 0.95 50 0.4 1 0.8
1.02464776247656 108.182605296298 "experimento_56" 56 1000 1000 0.95 50 0.4 1 0.8
0.996926744002849 46.850350682926 "experimento_56" 56 1000 1000 0.95 50 0.4 1 0.8
0.996607570676133 52.5264212000879 "experimento_56" 56 1000 1000 0.95 50 0.4 1 0.8
1.00039307531901 54.0634168477702 "experimento_56" 56 1000 1000 0.95 50 0.4 1 0.8
1.00428148841485 61.8880428017569 "experimento_56" 56 1000 1000 0.95 50 0.4 1 0.8
1.00226852550171 44.4662491495907 "experimento_56" 56 1000 1000 0.95 50 0.4 1 0.8
0.998098872834817 47.9732580271181 "experimento_56" 56 1000 1000 0.95 50 0.4 1 0.8
1.0136889534723 44.0536753327414 "experimento_56" 56 1000 1000 0.95 50 0.4 1 0.8
1.00082514242269 60.0289511361289 "experimento_56" 56 1000 1000 0.95 50 0.4 1 0.8
1.00096623803489 56.9941054945487 "experimento_56" 56 1000 1000 0.95 50 0.4 1 0.8
1.0075845544599 54.9443978594346 "experimento_56" 56 1000 1000 0.95 50 0.4 1 0.8
0.99643433955498 48.9689350384221 "experimento_56" 56 1000 1000 0.95 50 0.4 1 0.8
1.00004921109416 44.3483546810574 "experimento_56" 56 1000 1000 0.95 50 0.4 1 0.8
1.00519919263199 52.218946390888 "experimento_56" 56 1000 1000 0.95 50 0.4 1 0.8
0.99280894245021 36.7981047023359 "experimento_56" 56 1000 1000 0.95 50 0.4 1 0.8
1.00063924387097 47.9175546165176 "experimento_56" 56 1000 1000 0.95 50 0.4 1 0.8
1.0005592295646 52.837971627084 "experimento_56" 56 1000 1000 0.95 50 0.4 1 0.8
1.00020274708979 53.6238569658583 "experimento_56" 56 1000 1000 0.95 50 0.4 1 0.8
0.998226300347596 53.7446255160766 "experimento_56" 56 1000 1000 0.95 50 0.4 1 0.8
1.00636772201226 41.1321649238457 "experimento_56" 56 1000 1000 0.95 50 0.4 1 0.8
1.01389034486876 52.3394214048276 "experimento_56" 56 1000 1000 0.95 50 0.4 1 0.8
0.985016350867227 36.6675498804251 "experimento_56" 56 1000 1000 0.95 50 0.4 1 0.8
1.02621446758425 75.9577126181818 "experimento_56" 56 1000 1000 0.95 50 0.4 1 0.8
1.01329095299356 55.7629867190923 "experimento_56" 56 1000 1000 0.95 50 0.4 1 0.8
0.995100589934736 44.8177332724555 "experimento_56" 56 1000 1000 0.95 50 0.4 1 0.8
0.995071429992095 45.5172995336321 "experimento_56" 56 1000 1000 0.95 50 0.4 1 0.8
0.999207536224276 53.3007953926434 "experimento_56" 56 1000 1000 0.95 50 0.4 1 0.8
0.996261708205566 46.6377549311013 "experimento_56" 56 1000 1000 0.95 50 0.4 1 0.8
0.999658605083823 57.441518449518 "experimento_56" 56 1000 1000 0.95 50 0.4 1 0.8
1.01304834157228 38.7932959948479 "experimento_56" 56 1000 1000 0.95 50 0.4 1 0.8
1.00375803623528 50.8827646786385 "experimento_56" 56 1000 1000 0.95 50 0.4 1 0.8
1.0011787560242 58.754213630626 "experimento_56" 56 1000 1000 0.95 50 0.4 1 0.8
0.999845539685339 44.5046144027939 "experimento_56" 56 1000 1000 0.95 50 0.4 1 0.8
0.997150185983628 43.1963000830883 "experimento_56" 56 1000 1000 0.95 50 0.4 1 0.8
0.998735829722136 59.4409357580203 "experimento_56" 56 1000 1000 0.95 50 0.4 1 0.8
0.998947313753888 43.6919326648771 "experimento_56" 56 1000 1000 0.95 50 0.4 1 0.8
0.989309469703585 39.2571919554133 "experimento_56" 56 1000 1000 0.95 50 0.4 1 0.8
1.01377887565643 36.47936812661 "experimento_56" 56 1000 1000 0.95 50 0.4 1 0.8
0.999543405603617 51.4905579048708 "experimento_56" 56 1000 1000 0.95 50 0.4 1 0.8
0.614406997803599 4.78366470015431 "experimento_56" 56 1000 1000 0.95 50 0.4 1 0.8
0.99799262965098 50.1836974956829 "experimento_56" 56 1000 1000 0.95 50 0.4 1 0.8
1.00385313828476 49.6151867014236 "experimento_56" 56 1000 1000 0.95 50 0.4 1 0.8
0.99889391195029 54.4933381993174 "experimento_56" 56 1000 1000 0.95 50 0.4 1 0.8
1.00550051792525 78.420240635869 "experimento_56" 56 1000 1000 0.95 50 0.4 1 0.8
0.997769884066656 42.9619165621226 "experimento_56" 56 1000 1000 0.95 50 0.4 1 0.8
0.999291782733053 54.0054983828372 "experimento_56" 56 1000 1000 0.95 50 0.4 1 0.8
0.994423623196781 47.7976715202844 "experimento_56" 56 1000 1000 0.95 50 0.4 1 0.8
1.01128673115745 39.8394947505013 "experimento_56" 56 1000 1000 0.95 50 0.4 1 0.8
0.998538949294016 52.7837298804436 "experimento_56" 56 1000 1000 0.95 50 0.4 1 0.8
0.999053228413686 54.6708133547386 "experimento_56" 56 1000 1000 0.95 50 0.4 1 0.8
0.997547606471926 51.4323943430908 "experimento_56" 56 1000 1000 0.95 50 0.4 1 0.8
1.00177445227993 43.612407076921 "experimento_56" 56 1000 1000 0.95 50 0.4 1 0.8
0.993689846480265 45.7953110338868 "experimento_56" 56 1000 1000 0.95 50 0.4 1 0.8
0.996783779701218 56.5072789452561 "experimento_56" 56 1000 1000 0.95 50 0.4 1 0.8
1.01608685488548 48.4824672610019 "experimento_56" 56 1000 1000 0.95 50 0.4 1 0.8
1.00002081662875 50.2024273022571 "experimento_56" 56 1000 1000 0.95 50 0.4 1 0.8
1.00017334348613 55.7714426770876 "experimento_56" 56 1000 1000 0.95 50 0.4 1 0.8
1.00965520204976 54.0950448551565 "experimento_56" 56 1000 1000 0.95 50 0.4 1 0.8
0.991517507238314 44.0196326220528 "experimento_56" 56 1000 1000 0.95 50 0.4 1 0.8
0.999214357463643 64.4823087693638 "experimento_56" 56 1000 1000 0.95 50 0.4 1 0.8
0.994974186643958 41.8889530691963 "experimento_56" 56 1000 1000 0.95 50 0.4 1 0.8
0.996677491813898 49.9546756949655 "experimento_56" 56 1000 1000 0.95 50 0.4 1 0.8
0.99855712777935 53.0754687783983 "experimento_56" 56 1000 1000 0.95 50 0.4 1 0.8
1.01783900379807 62.9022891990084 "experimento_56" 56 1000 1000 0.95 50 0.4 1 0.8
0.998751459876075 49.3195227321184 "experimento_56" 56 1000 1000 0.95 50 0.4 1 0.8
1.00936546876225 68.446182775475 "experimento_56" 56 1000 1000 0.95 50 0.4 1 0.8
1.00100331222638 48.8266468297298 "experimento_56" 56 1000 1000 0.95 50 0.4 1 0.8
1.00008900939487 51.7239939134596 "experimento_56" 56 1000 1000 0.95 50 0.4 1 0.8
0.99594262172468 41.7926734875918 "experimento_56" 56 1000 1000 0.95 50 0.4 1 0.8
1.00909298400395 61.1262201127723 "experimento_56" 56 1000 1000 0.95 50 0.4 1 0.8
0.996872872579843 39.1496275171425 "experimento_56" 56 1000 1000 0.95 50 0.4 1 0.8
1.00037444359837 62.9377597526906 "experimento_56" 56 1000 1000 0.95 50 0.4 1 0.8
0.998087002895772 47.50129804528 "experimento_56" 56 1000 1000 0.95 50 0.4 1 0.8
1.01261031655595 48.5901748704222 "experimento_56" 56 1000 1000 0.95 50 0.4 1 0.8
1.00451251230203 55.4143094758056 "experimento_56" 56 1000 1000 0.95 50 0.4 1 0.8
1.00214518087916 60.157550777079 "experimento_56" 56 1000 1000 0.95 50 0.4 1 0.8
0.994523545494303 46.7350626830754 "experimento_56" 56 1000 1000 0.95 50 0.4 1 0.8
1.00566243308596 45.9363821128725 "experimento_56" 56 1000 1000 0.95 50 0.4 1 0.8
1.00018700558081 52.3189250078843 "experimento_56" 56 1000 1000 0.95 50 0.4 1 0.8
1.00526328271542 59.0377560358155 "experimento_56" 56 1000 1000 0.95 50 0.4 1 0.8
1.0132145113498 103.546431346396 "experimento_56" 56 1000 1000 0.95 50 0.4 1 0.8
0.999177509685978 54.4768531610375 "experimento_56" 56 1000 1000 0.95 50 0.4 1 0.8
1.01061850653961 61.7160471713171 "experimento_56" 56 1000 1000 0.95 50 0.4 1 0.8
1.02946897279303 112.647978542493 "experimento_56" 56 1000 1000 0.95 50 0.4 1 0.8
1.00332805225626 54.6018524542752 "experimento_56" 56 1000 1000 0.95 50 0.4 1 0.8
1.00015181058155 45.1760830027537 "experimento_56" 56 1000 1000 0.95 50 0.4 1 0.8
1.01402273127725 67.1887959226898 "experimento_56" 56 1000 1000 0.95 50 0.4 1 0.8
0.998989625368267 50.7531180103838 "experimento_56" 56 1000 1000 0.95 50 0.4 1 0.8
0.999723168322816 51.7420743105271 "experimento_56" 56 1000 1000 0.95 50 0.4 1 0.8
1.00101267914288 46.7149347925217 "experimento_56" 56 1000 1000 0.95 50 0.4 1 0.8
1.00203049021646 50.927010819554 "experimento_56" 56 1000 1000 0.95 50 0.4 1 0.8
0.998196734581143 47.7751003564961 "experimento_56" 56 1000 1000 0.95 50 0.4 1 0.8
0.99647469795309 50.0401936710636 "experimento_56" 56 1000 1000 0.95 50 0.4 1 0.8
1.00056532763876 43.0332234279891 "experimento_56" 56 1000 1000 0.95 50 0.4 1 0.8
0.99946503341198 46.6118571031366 "experimento_56" 56 1000 1000 0.95 50 0.4 1 0.8
0.99904996319674 59.3825134146731 "experimento_56" 56 1000 1000 0.95 50 0.4 1 0.8
0.817177327349782 9.41400853784597 "experimento_56" 56 1000 1000 0.95 50 0.4 1 0.8
0.998208490433171 45.3762417003676 "experimento_56" 56 1000 1000 0.95 50 0.4 1 0.8
1.00028624136338 57.5868187810312 "experimento_56" 56 1000 1000 0.95 50 0.4 1 0.8
0.995685486122966 55.6420320526209 "experimento_56" 56 1000 1000 0.95 50 0.4 1 0.8
1.00284569645301 39.9118710253334 "experimento_56" 56 1000 1000 0.95 50 0.4 1 0.8
0.997532428940758 46.0074495759157 "experimento_56" 56 1000 1000 0.95 50 0.4 1 0.8
1.0021987788938 52.030081632543 "experimento_56" 56 1000 1000 0.95 50 0.4 1 0.8
1.00000143712534 56.5085153299729 "experimento_56" 56 1000 1000 0.95 50 0.4 1 0.8
0.999533315189183 48.5847326436802 "experimento_56" 56 1000 1000 0.95 50 0.4 1 0.8
1.00737355825491 48.4388495419043 "experimento_56" 56 1000 1000 0.95 50 0.4 1 0.8
1.01262521345168 56.3849301586052 "experimento_56" 56 1000 1000 0.95 50 0.4 1 0.8
1.00339533722028 52.398723514106 "experimento_56" 56 1000 1000 0.95 50 0.4 1 0.8
1.02664876414379 70.0965279579031 "experimento_56" 56 1000 1000 0.95 50 0.4 1 0.8
1.00971466258168 42.5471037683681 "experimento_56" 56 1000 1000 0.95 50 0.4 1 0.8
0.997638992965221 48.2055977527049 "experimento_56" 56 1000 1000 0.95 50 0.4 1 0.8
0.998395138885826 47.5735694649699 "experimento_56" 56 1000 1000 0.95 50 0.4 1 0.8
1.00226611161605 50.7944671387596 "experimento_56" 56 1000 1000 0.95 50 0.4 1 0.8
0.996409893268719 51.5627512206917 "experimento_56" 56 1000 1000 0.95 50 0.4 1 0.8
0.998960922006518 58.4113818658212 "experimento_56" 56 1000 1000 0.95 50 0.4 1 0.8
0.998430110281333 60.5324764049915 "experimento_56" 56 1000 1000 0.95 50 0.4 1 0.8
0.997804956277832 46.0410865531297 "experimento_56" 56 1000 1000 0.95 50 0.4 1 0.8
1.01020770987496 66.7488126384562 "experimento_56" 56 1000 1000 0.95 50 0.4 1 0.8
0.996498137945309 43.9959252807767 "experimento_56" 56 1000 1000 0.95 50 0.4 1 0.8
0.997294828528538 44.3840556689531 "experimento_56" 56 1000 1000 0.95 50 0.4 1 0.8
0.998566719703376 41.0579541370649 "experimento_56" 56 1000 1000 0.95 50 0.4 1 0.8
0.99642673227936 41.4918221896067 "experimento_56" 56 1000 1000 0.95 50 0.4 1 0.8
0.993150918046013 41.6364625514116 "experimento_56" 56 1000 1000 0.95 50 0.4 1 0.8
1.00516560645003 39.4030668727136 "experimento_56" 56 1000 1000 0.95 50 0.4 1 0.8
1.00012765691616 53.8897097259681 "experimento_56" 56 1000 1000 0.95 50 0.4 1 0.8
1.00015263579786 52.9318206178902 "experimento_56" 56 1000 1000 0.95 50 0.4 1 0.8
0.998379044467583 43.853175576105 "experimento_56" 56 1000 1000 0.95 50 0.4 1 0.8
0.996358177624643 38.7684036853827 "experimento_56" 56 1000 1000 0.95 50 0.4 1 0.8
0.998706335667521 47.3453240208167 "experimento_56" 56 1000 1000 0.95 50 0.4 1 0.8
1.01722800652862 57.2818260744789 "experimento_56" 56 1000 1000 0.95 50 0.4 1 0.8
0.997931978898123 49.3557818663535 "experimento_56" 56 1000 1000 0.95 50 0.4 1 0.8
0.995515679009259 41.1486158942464 "experimento_56" 56 1000 1000 0.95 50 0.4 1 0.8
0.999020107788965 43.9205160238185 "experimento_56" 56 1000 1000 0.95 50 0.4 1 0.8
1.00180798307061 57.8967598322361 "experimento_56" 56 1000 1000 0.95 50 0.4 1 0.8
0.584622295340523 4.63448877516677 "experimento_56" 56 1000 1000 0.95 50 0.4 1 0.8
1.01064811921678 54.6689493148902 "experimento_56" 56 1000 1000 0.95 50 0.4 1 0.8
0.998599215177819 43.3009853949261 "experimento_56" 56 1000 1000 0.95 50 0.4 1 0.8
1.00458075622097 41.7154784933963 "experimento_56" 56 1000 1000 0.95 50 0.4 1 0.8
1.01226153249852 62.7078059986711 "experimento_56" 56 1000 1000 0.95 50 0.4 1 0.8
0.994419284397736 39.3583503124491 "experimento_56" 56 1000 1000 0.95 50 0.4 1 0.8
1.00527452008694 50.7404972930954 "experimento_56" 56 1000 1000 0.95 50 0.4 1 0.8
0.997080034809187 42.3492814072414 "experimento_56" 56 1000 1000 0.95 50 0.4 1 0.8
0.99926047003828 60.1798644142685 "experimento_56" 56 1000 1000 0.95 50 0.4 1 0.8
1.00080862076022 36.6194754877535 "experimento_56" 56 1000 1000 0.95 50 0.4 1 0.8
0.995868562720716 41.6917403051369 "experimento_56" 56 1000 1000 0.95 50 0.4 1 0.8
1.00101117924787 48.4387341637551 "experimento_56" 56 1000 1000 0.95 50 0.4 1 0.8
1.00916058841161 67.3178704407647 "experimento_56" 56 1000 1000 0.95 50 0.4 1 0.8
0.999963917536661 61.1443069997412 "experimento_56" 56 1000 1000 0.95 50 0.4 1 0.8
0.999271909007803 41.9257475378747 "experimento_56" 56 1000 1000 0.95 50 0.4 1 0.8
1.01164246319144 41.4338454100663 "experimento_56" 56 1000 1000 0.95 50 0.4 1 0.8
1.00144340385354 57.2350551159039 "experimento_56" 56 1000 1000 0.95 50 0.4 1 0.8
1.00056669722311 57.5855458316169 "experimento_56" 56 1000 1000 0.95 50 0.4 1 0.8
1.00384833076751 58.4814555403699 "experimento_56" 56 1000 1000 0.95 50 0.4 1 0.8
1.00038086354733 58.3504068293173 "experimento_56" 56 1000 1000 0.95 50 0.4 1 0.8
0.991731129121035 44.9140304016159 "experimento_56" 56 1000 1000 0.95 50 0.4 1 0.8
1.01052215001579 47.3354701495174 "experimento_56" 56 1000 1000 0.95 50 0.4 1 0.8
0.999325663782656 46.2522237970398 "experimento_56" 56 1000 1000 0.95 50 0.4 1 0.8
1.00311729108298 38.9817206953967 "experimento_56" 56 1000 1000 0.95 50 0.4 1 0.8
1.01202072381973 48.6191656652638 "experimento_56" 56 1000 1000 0.95 50 0.4 1 0.8
1.00074753724884 51.3647683714102 "experimento_56" 56 1000 1000 0.95 50 0.4 1 0.8
1.00505554835466 49.071709950649 "experimento_56" 56 1000 1000 0.95 50 0.4 1 0.8
1.00945709615015 66.7940108610544 "experimento_56" 56 1000 1000 0.95 50 0.4 1 0.8
0.989076780155301 45.2496635791618 "experimento_56" 56 1000 1000 0.95 50 0.4 1 0.8
0.995416569290683 48.3795042304141 "experimento_56" 56 1000 1000 0.95 50 0.4 1 0.8
1.00418225737289 61.7212031794605 "experimento_56" 56 1000 1000 0.95 50 0.4 1 0.8
0.999150186311454 62.9278249252988 "experimento_56" 56 1000 1000 0.95 50 0.4 1 0.8
0.994442026829347 43.1580026710658 "experimento_56" 56 1000 1000 0.95 50 0.4 1 0.8
0.995792231988162 56.632783328446 "experimento_56" 56 1000 1000 0.95 50 0.4 1 0.8
0.999526474392042 49.5092531377478 "experimento_56" 56 1000 1000 0.95 50 0.4 1 0.8
0.997592081781477 54.337957010527 "experimento_56" 56 1000 1000 0.95 50 0.4 1 0.8
1.00013296703104 47.5762050506808 "experimento_56" 56 1000 1000 0.95 50 0.4 1 0.8
0.995474858907983 50.0589753316328 "experimento_56" 56 1000 1000 0.95 50 0.4 1 0.8
0.898651297902688 15.7611646038971 "experimento_56" 56 1000 1000 0.95 50 0.4 1 0.8
1.00348476455547 52.4802163470876 "experimento_56" 56 1000 1000 0.95 50 0.4 1 0.8
1.00026045138016 52.772515634795 "experimento_56" 56 1000 1000 0.95 50 0.4 1 0.8
0.996544723166153 49.3125953860321 "experimento_56" 56 1000 1000 0.95 50 0.4 1 0.8
1.02112165849572 40.451159672995 "experimento_56" 56 1000 1000 0.95 50 0.4 1 0.8
0.999657342676073 58.2027016388813 "experimento_56" 56 1000 1000 0.95 50 0.4 1 0.8
1.00699117817916 42.4150364411941 "experimento_56" 56 1000 1000 0.95 50 0.4 1 0.8
0.989871700294316 35.377612188033 "experimento_56" 56 1000 1000 0.95 50 0.4 1 0.8
0.998323704116046 51.3226723875653 "experimento_56" 56 1000 1000 0.95 50 0.4 1 0.8
1.00043275881559 48.8976443836202 "experimento_56" 56 1000 1000 0.95 50 0.4 1 0.8
0.998266195179895 59.9041234984844 "experimento_56" 56 1000 1000 0.95 50 0.4 1 0.8
0.996010685805231 38.4449107393052 "experimento_56" 56 1000 1000 0.95 50 0.4 1 0.8
1.00407800740562 63.6561187024872 "experimento_56" 56 1000 1000 0.95 50 0.4 1 0.8
1.01785764271771 48.9787374724792 "experimento_56" 56 1000 1000 0.95 50 0.4 1 0.8
0.996438151225448 54.3230503733982 "experimento_56" 56 1000 1000 0.95 50 0.4 1 0.8
0.999566029757261 56.8297332482349 "experimento_56" 56 1000 1000 0.95 50 0.4 1 0.8
0.588056152220815 4.57110321153432 "experimento_56" 56 1000 1000 0.95 50 0.4 1 0.8
1.00014230450615 69.5576149351809 "experimento_56" 56 1000 1000 0.95 50 0.4 1 0.8
0.99547796533443 51.370303393012 "experimento_56" 56 1000 1000 0.95 50 0.4 1 0.8
0.995923478389159 42.6443289310613 "experimento_56" 56 1000 1000 0.95 50 0.4 1 0.8
0.997377800755203 36.586848941786 "experimento_56" 56 1000 1000 0.95 50 0.4 1 0.8
0.997056059772149 58.0577684585157 "experimento_56" 56 1000 1000 0.95 50 0.4 1 0.8
1.00031298058107 62.3756326039063 "experimento_56" 56 1000 1000 0.95 50 0.4 1 0.8
1.01374568648636 68.1830930245295 "experimento_56" 56 1000 1000 0.95 50 0.4 1 0.8
0.994221118511632 47.0226949699123 "experimento_56" 56 1000 1000 0.95 50 0.4 1 0.8
1.00401545987464 64.3378706950466 "experimento_56" 56 1000 1000 0.95 50 0.4 1 0.8
0.999191540526226 45.2159430960081 "experimento_56" 56 1000 1000 0.95 50 0.4 1 0.8
0.994564551161602 38.403407849817 "experimento_56" 56 1000 1000 0.95 50 0.4 1 0.8
0.516464361920953 4.10412266484119 "experimento_56" 56 1000 1000 0.95 50 0.4 1 0.8
0.998198640299961 53.2598594977384 "experimento_56" 56 1000 1000 0.95 50 0.4 1 0.8
0.994869323680177 45.4776523210778 "experimento_56" 56 1000 1000 0.95 50 0.4 1 0.8
1.00017866833135 48.6347639496042 "experimento_56" 56 1000 1000 0.95 50 0.4 1 0.8
1.01886657599276 66.8181039524787 "experimento_56" 56 1000 1000 0.95 50 0.4 1 0.8
0.999394227284938 53.630421888308 "experimento_56" 56 1000 1000 0.95 50 0.4 1 0.8
0.99722724291496 39.8228750334379 "experimento_56" 56 1000 1000 0.95 50 0.4 1 0.8
0.997915670741349 45.0976309407718 "experimento_56" 56 1000 1000 0.95 50 0.4 1 0.8
1.01585283538948 76.6372667971929 "experimento_56" 56 1000 1000 0.95 50 0.4 1 0.8
1.00280494796071 65.5006678631171 "experimento_56" 56 1000 1000 0.95 50 0.4 1 0.8
1.01266309439205 69.9189173171251 "experimento_56" 56 1000 1000 0.95 50 0.4 1 0.8
1.00004273515204 44.6948164888371 "experimento_56" 56 1000 1000 0.95 50 0.4 1 0.8
1.00040846317075 42.7389549477641 "experimento_56" 56 1000 1000 0.95 50 0.4 1 0.8
1.00131253413856 43.5767831795306 "experimento_56" 56 1000 1000 0.95 50 0.4 1 0.8
0.975544478744268 31.0226482003742 "experimento_56" 56 1000 1000 0.95 50 0.4 1 0.8
1.00012239093892 42.400110654712 "experimento_56" 56 1000 1000 0.95 50 0.4 1 0.8
1.00288612461649 51.7912690193034 "experimento_56" 56 1000 1000 0.95 50 0.4 1 0.8
1.01383484288119 85.2621816102159 "experimento_56" 56 1000 1000 0.95 50 0.4 1 0.8
1.00004045793787 44.065135367864 "experimento_56" 56 1000 1000 0.95 50 0.4 1 0.8
0.996910096378997 47.2163482709483 "experimento_56" 56 1000 1000 0.95 50 0.4 1 0.8
1.0002137836112 56.5694492417492 "experimento_56" 56 1000 1000 0.95 50 0.4 1 0.8
0.997488506138325 50.0227739326342 "experimento_56" 56 1000 1000 0.95 50 0.4 1 0.8
0.99782265140675 46.2846733211957 "experimento_56" 56 1000 1000 0.95 50 0.4 1 0.8
1.00760778128169 57.5866172530571 "experimento_56" 56 1000 1000 0.95 50 0.4 1 0.8
1.00106654718731 52.5875390109638 "experimento_56" 56 1000 1000 0.95 50 0.4 1 0.8
1.00848679322749 56.0226302967736 "experimento_56" 56 1000 1000 0.95 50 0.4 1 0.8
1.00654915449883 58.1931872938931 "experimento_56" 56 1000 1000 0.95 50 0.4 1 0.8
1.00034931129751 56.9943365412802 "experimento_56" 56 1000 1000 0.95 50 0.4 1 0.8
0.99391180393286 43.9812565905279 "experimento_56" 56 1000 1000 0.95 50 0.4 1 0.8
1.00834169644862 79.3604679535086 "experimento_56" 56 1000 1000 0.95 50 0.4 1 0.8
0.999913522740826 67.699632481163 "experimento_56" 56 1000 1000 0.95 50 0.4 1 0.8
1.00376039852388 52.8145125376711 "experimento_56" 56 1000 1000 0.95 50 0.4 1 0.8
1.01714581546345 79.0575296007688 "experimento_56" 56 1000 1000 0.95 50 0.4 1 0.8
1.01938629924644 94.0134657510375 "experimento_56" 56 1000 1000 0.95 50 0.4 1 0.8
1.00762523023412 40.2370945591145 "experimento_56" 56 1000 1000 0.95 50 0.4 1 0.8
1.00888147915713 70.9881014606736 "experimento_56" 56 1000 1000 0.95 50 0.4 1 0.8
0.996204207418486 61.973210539362 "experimento_56" 56 1000 1000 0.95 50 0.4 1 0.8
1.01267054578822 38.0825078455184 "experimento_56" 56 1000 1000 0.95 50 0.4 1 0.8
1.00065590743907 42.6343244590834 "experimento_56" 56 1000 1000 0.95 50 0.4 1 0.8
0.998075756477192 46.8021992206715 "experimento_56" 56 1000 1000 0.95 50 0.4 1 0.8
1.00030492316931 53.7389571343397 "experimento_56" 56 1000 1000 0.95 50 0.4 1 0.8
0.999105772236362 50.1353862105144 "experimento_56" 56 1000 1000 0.95 50 0.4 1 0.8
1.00757441057824 45.314063690649 "experimento_56" 56 1000 1000 0.95 50 0.4 1 0.8
1.00044337946792 50.4283209792887 "experimento_56" 56 1000 1000 0.95 50 0.4 1 0.8
1.00042169464756 53.0510431445417 "experimento_56" 56 1000 1000 0.95 50 0.4 1 0.8
1.00300708596595 38.262895410315 "experimento_56" 56 1000 1000 0.95 50 0.4 1 0.8
1.0017646505264 56.4100444636569 "experimento_56" 56 1000 1000 0.95 50 0.4 1 0.8
0.998364500468597 47.5814727558257 "experimento_56" 56 1000 1000 0.95 50 0.4 1 0.8
0.994376436574385 44.670360258724 "experimento_56" 56 1000 1000 0.95 50 0.4 1 0.8
0.988499803934246 34.6856206966186 "experimento_56" 56 1000 1000 0.95 50 0.4 1 0.8
0.997215834213421 50.4235535647454 "experimento_56" 56 1000 1000 0.95 50 0.4 1 0.8
0.560574394883588 4.44878705280768 "experimento_56" 56 1000 1000 0.95 50 0.4 1 0.8
0.999681344022974 51.5009578666618 "experimento_56" 56 1000 1000 0.95 50 0.4 1 0.8
1.00111986382887 54.2853616174683 "experimento_56" 56 1000 1000 0.95 50 0.4 1 0.8
1.0000366337318 50.155051196847 "experimento_56" 56 1000 1000 0.95 50 0.4 1 0.8
1.0132565064542 99.01841183554 "experimento_56" 56 1000 1000 0.95 50 0.4 1 0.8
1.0005518712098 48.0271373499783 "experimento_56" 56 1000 1000 0.95 50 0.4 1 0.8
0.999037350295112 48.1329592427812 "experimento_56" 56 1000 1000 0.95 50 0.4 1 0.8
0.561285093892366 4.11700242125541 "experimento_56" 56 1000 1000 0.95 50 0.4 1 0.8
1.00764178587124 38.0511143761793 "experimento_56" 56 1000 1000 0.95 50 0.4 1 0.8
0.994091057451442 42.1807119377417 "experimento_56" 56 1000 1000 0.95 50 0.4 1 0.8
0.999809805303812 58.8330921509005 "experimento_56" 56 1000 1000 0.95 50 0.4 1 0.8
1.00015744792029 47.5752263535616 "experimento_56" 56 1000 1000 0.95 50 0.4 1 0.8
1.0050330354739 43.3448169065362 "experimento_56" 56 1000 1000 0.95 50 0.4 1 0.8
1.00017739749514 56.9818648005164 "experimento_56" 56 1000 1000 0.95 50 0.4 1 0.8
1.00327469383136 49.1630067134712 "experimento_56" 56 1000 1000 0.95 50 0.4 1 0.8
1.00347776028328 47.4206434402049 "experimento_56" 56 1000 1000 0.95 50 0.4 1 0.8
0.998958227224648 56.2435372336711 "experimento_56" 56 1000 1000 0.95 50 0.4 1 0.8
1.00463421978988 74.6360722191961 "experimento_56" 56 1000 1000 0.95 50 0.4 1 0.8
1.00136031081223 58.4983464783506 "experimento_56" 56 1000 1000 0.95 50 0.4 1 0.8
1.00268973041326 49.1722416858261 "experimento_56" 56 1000 1000 0.95 50 0.4 1 0.8
1.00394603654742 63.8181385688583 "experimento_56" 56 1000 1000 0.95 50 0.4 1 0.8
0.996354172006249 46.6680703710181 "experimento_56" 56 1000 1000 0.95 50 0.4 1 0.8
0.997517096810043 55.1390161243919 "experimento_56" 56 1000 1000 0.95 50 0.4 1 0.8
0.998760554008186 51.1672929850978 "experimento_56" 56 1000 1000 0.95 50 0.4 1 0.8
0.99676826223731 49.8727725707431 "experimento_56" 56 1000 1000 0.95 50 0.4 1 0.8
1.01150213736109 95.9307383776664 "experimento_56" 56 1000 1000 0.95 50 0.4 1 0.8
1.01415925696408 56.4486086122625 "experimento_56" 56 1000 1000 0.95 50 0.4 1 0.8
0.99802990234457 54.7840395368209 "experimento_56" 56 1000 1000 0.95 50 0.4 1 0.8
0.992741008289158 36.3493406558557 "experimento_56" 56 1000 1000 0.95 50 0.4 1 0.8
1.00483678469078 53.7891487331485 "experimento_56" 56 1000 1000 0.95 50 0.4 1 0.8
1.000113795454 60.2906732701633 "experimento_56" 56 1000 1000 0.95 50 0.4 1 0.8
0.987865715753287 35.4111824436027 "experimento_56" 56 1000 1000 0.95 50 0.4 1 0.8
1.00628723354079 79.8391511766491 "experimento_56" 56 1000 1000 0.95 50 0.4 1 0.8
1.00851816069335 50.613078335137 "experimento_56" 56 1000 1000 0.95 50 0.4 1 0.8
0.998738785739988 54.0724467240193 "experimento_56" 56 1000 1000 0.95 50 0.4 1 0.8
1.00123693636619 53.4106743882333 "experimento_56" 56 1000 1000 0.95 50 0.4 1 0.8
0.99834476900287 41.8138640727767 "experimento_56" 56 1000 1000 0.95 50 0.4 1 0.8
0.997868544189259 48.0195708534295 "experimento_56" 56 1000 1000 0.95 50 0.4 1 0.8
1.00301591729745 41.95378693174 "experimento_56" 56 1000 1000 0.95 50 0.4 1 0.8
0.998048185836524 43.7594093457495 "experimento_56" 56 1000 1000 0.95 50 0.4 1 0.8
1.00339105207473 49.7980789262255 "experimento_56" 56 1000 1000 0.95 50 0.4 1 0.8
0.994182931957766 39.0520997714603 "experimento_56" 56 1000 1000 0.95 50 0.4 1 0.8
1.00173596320393 46.621037002797 "experimento_56" 56 1000 1000 0.95 50 0.4 1 0.8
0.997246125014499 51.3702356274824 "experimento_56" 56 1000 1000 0.95 50 0.4 1 0.8
1.00194608144462 50.2268783506709 "experimento_56" 56 1000 1000 0.95 50 0.4 1 0.8
0.994823079556227 36.4324245308579 "experimento_56" 56 1000 1000 0.95 50 0.4 1 0.8
0.997040021931753 43.8664769520821 "experimento_56" 56 1000 1000 0.95 50 0.4 1 0.8
0.997417418286204 50.0724488445432 "experimento_56" 56 1000 1000 0.95 50 0.4 1 0.8
0.999627865152434 50.5529884388357 "experimento_56" 56 1000 1000 0.95 50 0.4 1 0.8
1.01440750779983 66.3039895193546 "experimento_56" 56 1000 1000 0.95 50 0.4 1 0.8
1.01136767580174 57.4710228169211 "experimento_56" 56 1000 1000 0.95 50 0.4 1 0.8
0.997109338408336 48.4493217099693 "experimento_56" 56 1000 1000 0.95 50 0.4 1 0.8
0.999575927155092 49.0458237695859 "experimento_56" 56 1000 1000 0.95 50 0.4 1 0.8
0.999640476657078 44.4280157500384 "experimento_56" 56 1000 1000 0.95 50 0.4 1 0.8
1.01031172502786 46.6833258426012 "experimento_56" 56 1000 1000 0.95 50 0.4 1 0.8
0.997368478681892 52.9107269322807 "experimento_56" 56 1000 1000 0.95 50 0.4 1 0.8
1.00613518741913 76.8431482736248 "experimento_56" 56 1000 1000 0.95 50 0.4 1 0.8
1.00073410517536 59.9189023499766 "experimento_56" 56 1000 1000 0.95 50 0.4 1 0.8
1.0076586472895 46.8964818188179 "experimento_56" 56 1000 1000 0.95 50 0.4 1 0.8
1.01469172419896 77.6352623767411 "experimento_56" 56 1000 1000 0.95 50 0.4 1 0.8
1.00670162248263 47.1288003347173 "experimento_56" 56 1000 1000 0.95 50 0.4 1 0.8
1.00746999024414 58.2345346626281 "experimento_56" 56 1000 1000 0.95 50 0.4 1 0.8
1.00198364901356 55.7782522890401 "experimento_56" 56 1000 1000 0.95 50 0.4 1 0.8
0.998465314274654 46.9831171488947 "experimento_56" 56 1000 1000 0.95 50 0.4 1 0.8
1.0046627653949 65.5702153034046 "experimento_56" 56 1000 1000 0.95 50 0.4 1 0.8
0.994777589803562 51.7197795977182 "experimento_56" 56 1000 1000 0.95 50 0.4 1 0.8
1.00233989082277 61.7495216678899 "experimento_56" 56 1000 1000 0.95 50 0.4 1 0.8
0.999864961020648 42.4286456060177 "experimento_56" 56 1000 1000 0.95 50 0.4 1 0.8
0.985081469407305 39.6827980785425 "experimento_56" 56 1000 1000 0.95 50 0.4 1 0.8
1.01501069917522 91.9440465182149 "experimento_56" 56 1000 1000 0.95 50 0.4 1 0.8
1.00275404185057 54.237988361905 "experimento_56" 56 1000 1000 0.95 50 0.4 1 0.8
0.995926158037037 38.9942064232902 "experimento_56" 56 1000 1000 0.95 50 0.4 1 0.8
0.999584876699373 60.4201087608211 "experimento_56" 56 1000 1000 0.95 50 0.4 1 0.8
0.996194715378806 51.0841577023458 "experimento_56" 56 1000 1000 0.95 50 0.4 1 0.8
0.993712919997051 35.7994167735642 "experimento_56" 56 1000 1000 0.95 50 0.4 1 0.8
0.995798197342083 36.7432739472268 "experimento_56" 56 1000 1000 0.95 50 0.4 1 0.8
1.00779143476859 74.4577631531486 "experimento_56" 56 1000 1000 0.95 50 0.4 1 0.8
0.997399457963184 40.7142818607577 "experimento_56" 56 1000 1000 0.95 50 0.4 1 0.8
0.759861049242318 7.15850520252461 "experimento_56" 56 1000 1000 0.95 50 0.4 1 0.8
1.00073045477036 46.3311159262106 "experimento_56" 56 1000 1000 0.95 50 0.4 1 0.8
1.00044724363714 54.4336566643712 "experimento_56" 56 1000 1000 0.95 50 0.4 1 0.8
0.996893722563982 49.9011243715435 "experimento_56" 56 1000 1000 0.95 50 0.4 1 0.8
0.999733095988631 63.0657846450403 "experimento_56" 56 1000 1000 0.95 50 0.4 1 0.8
1.00104312857613 45.9253469870555 "experimento_56" 56 1000 1000 0.95 50 0.4 1 0.8
0.997315667569637 44.6744974991816 "experimento_56" 56 1000 1000 0.95 50 0.4 1 0.8
1.00093629090115 73.6619140865821 "experimento_56" 56 1000 1000 0.95 50 0.4 1 0.8
1.00000941054118 54.0048048547789 "experimento_56" 56 1000 1000 0.95 50 0.4 1 0.8
1.00449753200635 52.2682373156201 "experimento_56" 56 1000 1000 0.95 50 0.4 1 0.8
1.010930023361 73.4057165987176 "experimento_56" 56 1000 1000 0.95 50 0.4 1 0.8
1.00115533471088 50.7246479809234 "experimento_56" 56 1000 1000 0.95 50 0.4 1 0.8
0.992204486625269 45.7484456265569 "experimento_56" 56 1000 1000 0.95 50 0.4 1 0.8
1.01390696938997 55.1573974214884 "experimento_56" 56 1000 1000 0.95 50 0.4 1 0.8
1.00131948451652 46.7580778031128 "experimento_56" 56 1000 1000 0.95 50 0.4 1 0.8
0.999756659381092 53.694434022843 "experimento_56" 56 1000 1000 0.95 50 0.4 1 0.8
1.00532385103247 62.3894438103102 "experimento_56" 56 1000 1000 0.95 50 0.4 1 0.8
0.999919855501503 68.7221427921333 "experimento_56" 56 1000 1000 0.95 50 0.4 1 0.8
0.998320424929261 57.5294998994711 "experimento_56" 56 1000 1000 0.95 50 0.4 1 0.8
0.999669279670343 42.8426438722526 "experimento_56" 56 1000 1000 0.95 50 0.4 1 0.8
1.00076836696826 41.4029605139997 "experimento_56" 56 1000 1000 0.95 50 0.4 1 0.8
0.995380924083292 42.5352912173269 "experimento_56" 56 1000 1000 0.95 50 0.4 1 0.8
0.999794213334098 45.0079909629087 "experimento_56" 56 1000 1000 0.95 50 0.4 1 0.8
1.00010471130289 57.7088517460557 "experimento_56" 56 1000 1000 0.95 50 0.4 1 0.8
1.01039367661386 66.8158542185664 "experimento_56" 56 1000 1000 0.95 50 0.4 1 0.8
1.00755496251397 45.1148848416616 "experimento_56" 56 1000 1000 0.95 50 0.4 1 0.8
0.999653726583347 65.393239040975 "experimento_56" 56 1000 1000 0.95 50 0.4 1 0.8
0.999486846383661 54.5236003482194 "experimento_56" 56 1000 1000 0.95 50 0.4 1 0.8
1.00011148523539 53.2372591882294 "experimento_56" 56 1000 1000 0.95 50 0.4 1 0.8
1.00351846190169 49.6564747370356 "experimento_56" 56 1000 1000 0.95 50 0.4 1 0.8
1.00351191610098 47.4131118074221 "experimento_56" 56 1000 1000 0.95 50 0.4 1 0.8
1.01194781310856 69.0935899699981 "experimento_56" 56 1000 1000 0.95 50 0.4 1 0.8
1.00968676581979 77.1187263644512 "experimento_56" 56 1000 1000 0.95 50 0.4 1 0.8
1.00750768127851 50.9393331068828 "experimento_56" 56 1000 1000 0.95 50 0.4 1 0.8
0.998122974997386 53.5927199399911 "experimento_56" 56 1000 1000 0.95 50 0.4 1 0.8
0.998815410304815 54.3531058180944 "experimento_56" 56 1000 1000 0.95 50 0.4 1 0.8
1.0192335522716 88.1298577044321 "experimento_56" 56 1000 1000 0.95 50 0.4 1 0.8
0.996733062434942 47.8597101604213 "experimento_56" 56 1000 1000 0.95 50 0.4 1 0.8
1.00973418849644 39.1391863869381 "experimento_56" 56 1000 1000 0.95 50 0.4 1 0.8
1.00084677804261 39.2743500199512 "experimento_56" 56 1000 1000 0.95 50 0.4 1 0.8
1.01861782059495 57.3170954272403 "experimento_56" 56 1000 1000 0.95 50 0.4 1 0.8
0.999636596534401 54.8465153543918 "experimento_56" 56 1000 1000 0.95 50 0.4 1 0.8
1.00704592324811 50.7581739222281 "experimento_56" 56 1000 1000 0.95 50 0.4 1 0.8
0.999254940776154 43.9383261159128 "experimento_56" 56 1000 1000 0.95 50 0.4 1 0.8
1.0144604328966 45.5948896735868 "experimento_56" 56 1000 1000 0.95 50 0.4 1 0.8
1.00162697112379 52.3858400000732 "experimento_56" 56 1000 1000 0.95 50 0.4 1 0.8
1.01520245047961 43.3548992038736 "experimento_56" 56 1000 1000 0.95 50 0.4 1 0.8
0.998767526354641 48.0264737668985 "experimento_56" 56 1000 1000 0.95 50 0.4 1 0.8
1.00661342423409 51.441045497716 "experimento_56" 56 1000 1000 0.95 50 0.4 1 0.8
0.993390959687531 48.428401280448 "experimento_56" 56 1000 1000 0.95 50 0.4 1 0.8
0.998203325783834 47.9607008595221 "experimento_56" 56 1000 1000 0.95 50 0.4 1 0.8
1.00052945928138 51.8160473437675 "experimento_56" 56 1000 1000 0.95 50 0.4 1 0.8
1.00236378359608 41.2382742874154 "experimento_56" 56 1000 1000 0.95 50 0.4 1 0.8
0.999230032088235 54.3587368642559 "experimento_56" 56 1000 1000 0.95 50 0.4 1 0.8
1.0001173933316 65.2885908592099 "experimento_56" 56 1000 1000 0.95 50 0.4 1 0.8
0.923258938128129 19.4611704421911 "experimento_56" 56 1000 1000 0.95 50 0.4 1 0.8
0.991989141330123 42.6827500752489 "experimento_56" 56 1000 1000 0.95 50 0.4 1 0.8
1.0015869813133 45.4210430594569 "experimento_56" 56 1000 1000 0.95 50 0.4 1 0.8
0.9990488961339 45.2341259647349 "experimento_56" 56 1000 1000 0.95 50 0.4 1 0.8
1.009875619011 47.485589481246 "experimento_56" 56 1000 1000 0.95 50 0.4 1 0.8
1.00559436752461 45.6757721006634 "experimento_56" 56 1000 1000 0.95 50 0.4 1 0.8
0.999871774809435 41.6511557727512 "experimento_56" 56 1000 1000 0.95 50 0.4 1 0.8
1.00033883424476 56.2672721173511 "experimento_56" 56 1000 1000 0.95 50 0.4 1 0.8
1.01638598130932 97.9157562972474 "experimento_56" 56 1000 1000 0.95 50 0.4 1 0.8
1.00560401854105 56.2665188591192 "experimento_56" 56 1000 1000 0.95 50 0.4 1 0.8
1.01435606565877 69.135902562024 "experimento_56" 56 1000 1000 0.95 50 0.4 1 0.8
0.997962643625215 58.9400868769163 "experimento_56" 56 1000 1000 0.95 50 0.4 1 0.8
1.00120311498642 48.6534219453784 "experimento_56" 56 1000 1000 0.95 50 0.4 1 0.8
0.998520161956549 47.0731766615144 "experimento_56" 56 1000 1000 0.95 50 0.4 1 0.8
0.994191040750593 41.1149001262217 "experimento_56" 56 1000 1000 0.95 50 0.4 1 0.8
1.00648135393392 50.1695258533923 "experimento_56" 56 1000 1000 0.95 50 0.4 1 0.8
1.00225892167538 47.2121485732165 "experimento_56" 56 1000 1000 0.95 50 0.4 1 0.8
1.00587867439724 53.5555930475818 "experimento_56" 56 1000 1000 0.95 50 0.4 1 0.8
0.995177129749209 42.229813723785 "experimento_56" 56 1000 1000 0.95 50 0.4 1 0.8
1.00216945636086 45.742946946882 "experimento_56" 56 1000 1000 0.95 50 0.4 1 0.8
0.997783248778433 42.5626772225117 "experimento_56" 56 1000 1000 0.95 50 0.4 1 0.8
1.01430575456386 40.1681753736401 "experimento_56" 56 1000 1000 0.95 50 0.4 1 0.8
1.01269189254381 53.3789731232343 "experimento_56" 56 1000 1000 0.95 50 0.4 1 0.8
0.996526631526649 54.8709679681643 "experimento_56" 56 1000 1000 0.95 50 0.4 1 0.8
0.995601862901822 42.2818938707302 "experimento_56" 56 1000 1000 0.95 50 0.4 1 0.8
0.998539678752422 54.8504709151468 "experimento_56" 56 1000 1000 0.95 50 0.4 1 0.8
0.995041228597984 47.1288594984133 "experimento_56" 56 1000 1000 0.95 50 0.4 1 0.8
1.00231209684163 43.3929129100135 "experimento_56" 56 1000 1000 0.95 50 0.4 1 0.8
1.01543872553771 63.6463666943532 "experimento_56" 56 1000 1000 0.95 50 0.4 1 0.8
1.00152515222426 45.1368581527488 "experimento_56" 56 1000 1000 0.95 50 0.4 1 0.8
1.00009644488126 56.2865104274915 "experimento_56" 56 1000 1000 0.95 50 0.4 1 0.8
1.00058964011259 46.6372735935812 "experimento_56" 56 1000 1000 0.95 50 0.4 1 0.8
1.00027456345998 45.8385106784789 "experimento_56" 56 1000 1000 0.95 50 0.4 1 0.8
1.00109610990565 47.6150837100573 "experimento_56" 56 1000 1000 0.95 50 0.4 1 0.8
1.00341905701905 69.5766026649147 "experimento_56" 56 1000 1000 0.95 50 0.4 1 0.8
0.998418594244868 49.0760273243385 "experimento_56" 56 1000 1000 0.95 50 0.4 1 0.8
1.01011703004129 55.4756978828842 "experimento_56" 56 1000 1000 0.95 50 0.4 1 0.8
0.678588845068589 5.95323225125369 "experimento_56" 56 1000 1000 0.95 50 0.4 1 0.8
0.99769282178022 37.0095162186362 "experimento_56" 56 1000 1000 0.95 50 0.4 1 0.8
0.998015494085848 42.1307142388328 "experimento_56" 56 1000 1000 0.95 50 0.4 1 0.8
0.67949711647816 5.75319469159476 "experimento_56" 56 1000 1000 0.95 50 0.4 1 0.8
0.998771663289517 51.7865937142073 "experimento_56" 56 1000 1000 0.95 50 0.4 1 0.8
1.01710168234798 63.3474767507433 "experimento_56" 56 1000 1000 0.95 50 0.4 1 0.8
1.0221074823468 72.1555805624926 "experimento_56" 56 1000 1000 0.95 50 0.4 1 0.8
0.99864504346624 56.2125488438113 "experimento_56" 56 1000 1000 0.95 50 0.4 1 0.8
1.01167855275795 60.7060741056526 "experimento_56" 56 1000 1000 0.95 50 0.4 1 0.8
1.00003858886735 41.3725215838714 "experimento_56" 56 1000 1000 0.95 50 0.4 1 0.8
0.997685350943357 37.0933932233385 "experimento_56" 56 1000 1000 0.95 50 0.4 1 0.8
0.997498833108693 44.1338240650922 "experimento_56" 56 1000 1000 0.95 50 0.4 1 0.8
0.986207311972976 39.5580101561465 "experimento_56" 56 1000 1000 0.95 50 0.4 1 0.8
1.00160292689689 45.6824059883983 "experimento_56" 56 1000 1000 0.95 50 0.4 1 0.8
1.01178084443323 41.5983390897941 "experimento_56" 56 1000 1000 0.95 50 0.4 1 0.8
1.00813840442337 64.3838676748157 "experimento_56" 56 1000 1000 0.95 50 0.4 1 0.8
1.00488116431981 42.0743164524573 "experimento_56" 56 1000 1000 0.95 50 0.4 1 0.8
1.00088265701291 49.5091967212532 "experimento_56" 56 1000 1000 0.95 50 0.4 1 0.8
0.998880576109514 41.6669251678698 "experimento_56" 56 1000 1000 0.95 50 0.4 1 0.8
0.995039466070011 44.9606961806348 "experimento_56" 56 1000 1000 0.95 50 0.4 1 0.8
1.00162737759762 51.3109511874025 "experimento_56" 56 1000 1000 0.95 50 0.4 1 0.8
0.999544928781688 40.1892200990061 "experimento_56" 56 1000 1000 0.95 50 0.4 1 0.8
1.00012688966468 63.6259678167981 "experimento_56" 56 1000 1000 0.95 50 0.4 1 0.8
1.00282182256446 48.0107622457752 "experimento_56" 56 1000 1000 0.95 50 0.4 1 0.8
0.997259774710983 51.0575031770024 "experimento_56" 56 1000 1000 0.95 50 0.4 1 0.8
1.00323271735445 43.2293148280785 "experimento_56" 56 1000 1000 0.95 50 0.4 1 0.8
1.00688948536292 60.9650732128245 "experimento_56" 56 1000 1000 0.95 50 0.4 1 0.8
0.999351556645706 52.5648968189705 "experimento_56" 56 1000 1000 0.95 50 0.4 1 0.8
0.999558365205303 56.7874410711635 "experimento_56" 56 1000 1000 0.95 50 0.4 1 0.8
0.988374265376478 35.095463108837 "experimento_56" 56 1000 1000 0.95 50 0.4 1 0.8
1.00027428380726 43.8235441178652 "experimento_56" 56 1000 1000 0.95 50 0.4 1 0.8
1.00438934426613 51.512216516055 "experimento_56" 56 1000 1000 0.95 50 0.4 1 0.8
0.992740311892703 57.2612261205811 "experimento_56" 56 1000 1000 0.95 50 0.4 1 0.8
0.988796300953254 38.9502989339163 "experimento_56" 56 1000 1000 0.95 50 0.4 1 0.8
1.00465597861446 48.2792023835649 "experimento_56" 56 1000 1000 0.95 50 0.4 1 0.8
0.992470358265564 41.9742356785831 "experimento_56" 56 1000 1000 0.95 50 0.4 1 0.8
0.997542500495911 49.7313287073558 "experimento_56" 56 1000 1000 0.95 50 0.4 1 0.8
0.998761613387614 70.0388639266843 "experimento_56" 56 1000 1000 0.95 50 0.4 1 0.8
1.00010197591968 44.2662776589006 "experimento_56" 56 1000 1000 0.95 50 0.4 1 0.8
1.00262849579565 49.4482536317224 "experimento_56" 56 1000 1000 0.95 50 0.4 1 0.8
1.00027938758161 57.9705591254188 "experimento_56" 56 1000 1000 0.95 50 0.4 1 0.8
1.00757497200742 49.6349485903378 "experimento_56" 56 1000 1000 0.95 50 0.4 1 0.8
1.0219093271709 65.0563987613687 "experimento_56" 56 1000 1000 0.95 50 0.4 1 0.8
1.00419041115989 51.9643117425917 "experimento_56" 56 1000 1000 0.95 50 0.4 1 0.8
0.999612238956615 51.0552765791709 "experimento_56" 56 1000 1000 0.95 50 0.4 1 0.8
1.0023245459795 45.5104378034118 "experimento_56" 56 1000 1000 0.95 50 0.4 1 0.8
0.997061371803284 67.1716251777703 "experimento_56" 56 1000 1000 0.95 50 0.4 1 0.8
0.995883162831888 38.2775231953897 "experimento_56" 56 1000 1000 0.95 50 0.4 1 0.8
1.01490336744031 84.7281158110844 "experimento_56" 56 1000 1000 0.95 50 0.4 1 0.8
0.996095158392563 45.9126109548726 "experimento_56" 56 1000 1000 0.95 50 0.4 1 0.8
0.650054632453248 5.30456104726574 "experimento_56" 56 1000 1000 0.95 50 0.4 1 0.8
0.99759789952077 39.1514347100919 "experimento_56" 56 1000 1000 0.95 50 0.4 1 0.8
0.996455396059901 50.9360009039426 "experimento_56" 56 1000 1000 0.95 50 0.4 1 0.8
0.998323536943644 64.5355572076575 "experimento_56" 56 1000 1000 0.95 50 0.4 1 0.8
1.00872285164322 61.684779727462 "experimento_56" 56 1000 1000 0.95 50 0.4 1 0.8
0.993078648811206 38.3765401510289 "experimento_56" 56 1000 1000 0.95 50 0.4 1 0.8
0.991523886332288 38.7749000476722 "experimento_56" 56 1000 1000 0.95 50 0.4 1 0.8
0.998553051846102 55.50291246869 "experimento_56" 56 1000 1000 0.95 50 0.4 1 0.8
0.993239877047017 45.9698502593104 "experimento_56" 56 1000 1000 0.95 50 0.4 1 0.8
0.997713229851797 46.9602875650032 "experimento_56" 56 1000 1000 0.95 50 0.4 1 0.8
0.995763547252864 51.4480511378433 "experimento_56" 56 1000 1000 0.95 50 0.4 1 0.8
0.99921439983882 47.0068596827722 "experimento_56" 56 1000 1000 0.95 50 0.4 1 0.8
0.995450811693445 39.9184459662622 "experimento_56" 56 1000 1000 0.95 50 0.4 1 0.8
1.00097085044914 48.1732858745513 "experimento_56" 56 1000 1000 0.95 50 0.4 1 0.8
0.996044879546389 47.575248470957 "experimento_56" 56 1000 1000 0.95 50 0.4 1 0.8
0.998063276521862 47.9609151256869 "experimento_56" 56 1000 1000 0.95 50 0.4 1 0.8
0.994087129132822 44.5614141866279 "experimento_56" 56 1000 1000 0.95 50 0.4 1 0.8
0.99691743333824 44.2334524077988 "experimento_56" 56 1000 1000 0.95 50 0.4 1 0.8
1.01324142133817 70.2535414498444 "experimento_56" 56 1000 1000 0.95 50 0.4 1 0.8
1.00601290927269 47.0356232100554 "experimento_56" 56 1000 1000 0.95 50 0.4 1 0.8
1.00273255589418 76.4517332523115 "experimento_56" 56 1000 1000 0.95 50 0.4 1 0.8
1.00001921077259 50.4252797460086 "experimento_56" 56 1000 1000 0.95 50 0.4 1 0.8
1.01348914496601 37.5526655537813 "experimento_56" 56 1000 1000 0.95 50 0.4 1 0.8
0.995588583871722 55.4435521863529 "experimento_56" 56 1000 1000 0.95 50 0.4 1 0.8
0.967875154688954 31.7034365280027 "experimento_56" 56 1000 1000 0.95 50 0.4 1 0.8
1.01009970257059 60.2976089312433 "experimento_56" 56 1000 1000 0.95 50 0.4 1 0.8
0.530206239083782 4.01389316484485 "experimento_56" 56 1000 1000 0.95 50 0.4 1 0.8
1.01880376278467 47.7457053069871 "experimento_56" 56 1000 1000 0.95 50 0.4 1 0.8
1.00040796660818 46.8821514421108 "experimento_56" 56 1000 1000 0.95 50 0.4 1 0.8
0.998349878238514 42.8081558767996 "experimento_56" 56 1000 1000 0.95 50 0.4 1 0.8
1.01596471993169 54.1011815808939 "experimento_56" 56 1000 1000 0.95 50 0.4 1 0.8
1.01252962764353 48.969161027378 "experimento_56" 56 1000 1000 0.95 50 0.4 1 0.8
0.865899204742163 11.3103111881088 "experimento_56" 56 1000 1000 0.95 50 0.4 1 0.8
1.00027769299224 58.6348209429271 "experimento_56" 56 1000 1000 0.95 50 0.4 1 0.8
0.998457118635997 50.2348554382937 "experimento_56" 56 1000 1000 0.95 50 0.4 1 0.8
1.00793681610376 48.7552046920539 "experimento_56" 56 1000 1000 0.95 50 0.4 1 0.8
0.998737455811352 52.612262939355 "experimento_56" 56 1000 1000 0.95 50 0.4 1 0.8
1.00066368741738 62.6596758788395 "experimento_56" 56 1000 1000 0.95 50 0.4 1 0.8
1.001815429465 57.3072676130617 "experimento_56" 56 1000 1000 0.95 50 0.4 1 0.8
0.994782413588837 42.6756632991836 "experimento_56" 56 1000 1000 0.95 50 0.4 1 0.8
0.999898267444223 79.9462492165591 "experimento_56" 56 1000 1000 0.95 50 0.4 1 0.8
0.999357410240918 47.8280054437335 "experimento_56" 56 1000 1000 0.95 50 0.4 1 0.8
1.00007412511855 38.6678110141971 "experimento_56" 56 1000 1000 0.95 50 0.4 1 0.8
1.00386352480389 55.4012233381622 "experimento_56" 56 1000 1000 0.95 50 0.4 1 0.8
1.00019939494427 51.3296668953418 "experimento_56" 56 1000 1000 0.95 50 0.4 1 0.8
1.0029129651282 58.9126194214782 "experimento_56" 56 1000 1000 0.95 50 0.4 1 0.8
1.00485468083993 52.5517782100296 "experimento_56" 56 1000 1000 0.95 50 0.4 1 0.8
1.00473117743619 64.1357952089107 "experimento_56" 56 1000 1000 0.95 50 0.4 1 0.8
1.017271809931 120.649401735913 "experimento_56" 56 1000 1000 0.95 50 0.4 1 0.8
1.00006035318598 52.2741252240526 "experimento_56" 56 1000 1000 0.95 50 0.4 1 0.8
1.00127836154188 48.6033386743654 "experimento_56" 56 1000 1000 0.95 50 0.4 1 0.8
1.01067251107434 76.5552770440025 "experimento_56" 56 1000 1000 0.95 50 0.4 1 0.8
1.01204276163131 99.031037815618 "experimento_56" 56 1000 1000 0.95 50 0.4 1 0.8
1.00178075408317 58.4837022501225 "experimento_56" 56 1000 1000 0.95 50 0.4 1 0.8
0.998765732394531 49.7779928960744 "experimento_56" 56 1000 1000 0.95 50 0.4 1 0.8
1.0047518029809 65.3348967678143 "experimento_56" 56 1000 1000 0.95 50 0.4 1 0.8
0.996645422419533 46.2483818482005 "experimento_56" 56 1000 1000 0.95 50 0.4 1 0.8
0.999182129977271 51.1540623855278 "experimento_56" 56 1000 1000 0.95 50 0.4 1 0.8
1.01137094259262 38.6649591453544 "experimento_56" 56 1000 1000 0.95 50 0.4 1 0.8
1.00354510077275 78.7584749700211 "experimento_56" 56 1000 1000 0.95 50 0.4 1 0.8
1.00282335034572 54.9102251898945 "experimento_56" 56 1000 1000 0.95 50 0.4 1 0.8
1.00278380149145 43.1027063322644 "experimento_56" 56 1000 1000 0.95 50 0.4 1 0.8
0.997271457221359 47.7422637213702 "experimento_56" 56 1000 1000 0.95 50 0.4 1 0.8
0.997317745815963 48.5331174723488 "experimento_56" 56 1000 1000 0.95 50 0.4 1 0.8
1.00067806653994 53.6265143552623 "experimento_56" 56 1000 1000 0.95 50 0.4 1 0.8
1.01488307284107 60.7344024491956 "experimento_56" 56 1000 1000 0.95 50 0.4 1 0.8
0.99289809144102 42.0402123190574 "experimento_56" 56 1000 1000 0.95 50 0.4 1 0.8
1.00028175512329 53.9874716655916 "experimento_56" 56 1000 1000 0.95 50 0.4 1 0.8
0.997204572195187 52.1042708966429 "experimento_56" 56 1000 1000 0.95 50 0.4 1 0.8
0.991334727732465 34.27394320261 "experimento_56" 56 1000 1000 0.95 50 0.4 1 0.8
1.0004667368692 60.9992993400096 "experimento_56" 56 1000 1000 0.95 50 0.4 1 0.8
1.00391416208224 68.12119367423 "experimento_56" 56 1000 1000 0.95 50 0.4 1 0.8
1.02598625885239 113.10715009372 "experimento_56" 56 1000 1000 0.95 50 0.4 1 0.8
0.991284281481057 34.9717677053607 "experimento_56" 56 1000 1000 0.95 50 0.4 1 0.8
1.00997906625271 55.9554044654869 "experimento_56" 56 1000 1000 0.95 50 0.4 1 0.8
1.00406074405648 40.1740038634119 "experimento_56" 56 1000 1000 0.95 50 0.4 1 0.8
1.0004701606292 42.4582667931475 "experimento_56" 56 1000 1000 0.95 50 0.4 1 0.8
1.00083012589786 49.5073972045256 "experimento_56" 56 1000 1000 0.95 50 0.4 1 0.8
1.01920397385363 54.7641336971975 "experimento_56" 56 1000 1000 0.95 50 0.4 1 0.8
0.998699322575703 53.5226119924869 "experimento_56" 56 1000 1000 0.95 50 0.4 1 0.8
1.00055589443073 52.9288161175044 "experimento_56" 56 1000 1000 0.95 50 0.4 1 0.8
0.999530161498114 41.0503227573382 "experimento_56" 56 1000 1000 0.95 50 0.4 1 0.8
1.00068947351836 41.1661929759962 "experimento_56" 56 1000 1000 0.95 50 0.4 1 0.8
0.997756834840402 51.1287496661063 "experimento_56" 56 1000 1000 0.95 50 0.4 1 0.8
0.999405633192509 57.0343243195983 "experimento_56" 56 1000 1000 0.95 50 0.4 1 0.8
0.998241113498807 41.6351403288123 "experimento_56" 56 1000 1000 0.95 50 0.4 1 0.8
0.997747745830566 41.5308053186921 "experimento_56" 56 1000 1000 0.95 50 0.4 1 0.8
1.0059011606127 45.563102627976 "experimento_56" 56 1000 1000 0.95 50 0.4 1 0.8
1.00075995004877 43.4936057681837 "experimento_56" 56 1000 1000 0.95 50 0.4 1 0.8
0.999407912604511 68.6844105296653 "experimento_56" 56 1000 1000 0.95 50 0.4 1 0.8
0.996529958443716 48.7058939214184 "experimento_56" 56 1000 1000 0.95 50 0.4 1 0.8
0.998778565088287 51.9780728155033 "experimento_56" 56 1000 1000 0.95 50 0.4 1 0.8
0.999198590172455 58.5617344966529 "experimento_56" 56 1000 1000 0.95 50 0.4 1 0.8
0.994296632241458 41.7577286135314 "experimento_56" 56 1000 1000 0.95 50 0.4 1 0.8
1.0018128401831 41.7028567423312 "experimento_56" 56 1000 1000 0.95 50 0.4 1 0.8
0.996986642247066 50.6461003227367 "experimento_56" 56 1000 1000 0.95 50 0.4 1 0.8
1.00305932936259 46.7108499389883 "experimento_56" 56 1000 1000 0.95 50 0.4 1 0.8
1.00033501766752 60.6645997175974 "experimento_56" 56 1000 1000 0.95 50 0.4 1 0.8
0.99859521840699 43.7178598737835 "experimento_56" 56 1000 1000 0.95 50 0.4 1 0.8
1.00042354764417 42.3274871638536 "experimento_56" 56 1000 1000 0.95 50 0.4 1 0.8
0.999000782379881 65.4070787092606 "experimento_56" 56 1000 1000 0.95 50 0.4 1 0.8
0.999732070369646 47.8760628270867 "experimento_56" 56 1000 1000 0.95 50 0.4 1 0.8
0.999934700550511 42.9499489049627 "experimento_56" 56 1000 1000 0.95 50 0.4 1 0.8
0.993664544308558 37.8812098300112 "experimento_56" 56 1000 1000 0.95 50 0.4 1 0.8
0.998685116413981 59.8642753376863 "experimento_56" 56 1000 1000 0.95 50 0.4 1 0.8
1.00648032955825 53.710208104702 "experimento_56" 56 1000 1000 0.95 50 0.4 1 0.8
1.0009030666668 49.3469586468373 "experimento_56" 56 1000 1000 0.95 50 0.4 1 0.8
1.00010610786267 59.3608900489379 "experimento_56" 56 1000 1000 0.95 50 0.4 1 0.8
1.00241209926828 71.7323610537697 "experimento_56" 56 1000 1000 0.95 50 0.4 1 0.8
0.601626137970015 4.50831126604967 "experimento_56" 56 1000 1000 0.95 50 0.4 1 0.8
0.996676104608923 44.7986453803558 "experimento_56" 56 1000 1000 0.95 50 0.4 1 0.8
0.99914483493194 69.1148985780345 "experimento_56" 56 1000 1000 0.95 50 0.4 1 0.8
1.00009209879674 60.9852944095128 "experimento_56" 56 1000 1000 0.95 50 0.4 1 0.8
0.990397494286299 38.2536333368607 "experimento_56" 56 1000 1000 0.95 50 0.4 1 0.8
1.00654213178903 43.8794240742235 "experimento_56" 56 1000 1000 0.95 50 0.4 1 0.8
1.00053434567526 64.2355327002575 "experimento_56" 56 1000 1000 0.95 50 0.4 1 0.8
0.993674898054451 49.0356761286829 "experimento_56" 56 1000 1000 0.95 50 0.4 1 0.8
0.994957356946543 37.5598304458299 "experimento_56" 56 1000 1000 0.95 50 0.4 1 0.8
0.999401692068204 41.7546530843688 "experimento_56" 56 1000 1000 0.95 50 0.4 1 0.8
1.00104348523843 67.9894867767045 "experimento_56" 56 1000 1000 0.95 50 0.4 1 0.8
0.996922586113214 50.9261183326271 "experimento_56" 56 1000 1000 0.95 50 0.4 1 0.8
0.99882608349435 57.6323300883276 "experimento_56" 56 1000 1000 0.95 50 0.4 1 0.8
1.00592841621488 59.6047187909657 "experimento_56" 56 1000 1000 0.95 50 0.4 1 0.8
0.997213082853705 44.8666352945701 "experimento_56" 56 1000 1000 0.95 50 0.4 1 0.8
1.00047078283964 48.6856108453521 "experimento_56" 56 1000 1000 0.95 50 0.4 1 0.8
0.998934330884367 44.8243509508654 "experimento_56" 56 1000 1000 0.95 50 0.4 1 0.8
1.00094992596619 49.2137679393077 "experimento_56" 56 1000 1000 0.95 50 0.4 1 0.8
0.998002520995215 37.2886738592468 "experimento_56" 56 1000 1000 0.95 50 0.4 1 0.8
0.998656128998846 48.1233240287337 "experimento_56" 56 1000 1000 0.95 50 0.4 1 0.8
0.996760022826493 53.8165431166899 "experimento_56" 56 1000 1000 0.95 50 0.4 1 0.8
1.01674252077853 38.4160503003011 "experimento_56" 56 1000 1000 0.95 50 0.4 1 0.8
1.00032815773971 52.0008834871143 "experimento_56" 56 1000 1000 0.95 50 0.4 1 0.8
0.99535588757135 39.3478460926591 "experimento_56" 56 1000 1000 0.95 50 0.4 1 0.8
1.00037544381333 50.2852329046853 "experimento_56" 56 1000 1000 0.95 50 0.4 1 0.8
0.998415649635717 40.2901027347407 "experimento_56" 56 1000 1000 0.95 50 0.4 1 0.8
1.00014461909421 47.9362320512418 "experimento_56" 56 1000 1000 0.95 50 0.4 1 0.8
0.996911445399746 62.8867745674034 "experimento_56" 56 1000 1000 0.95 50 0.4 1 0.8
0.999542462639511 43.9177959467352 "experimento_56" 56 1000 1000 0.95 50 0.4 1 0.8
0.998726916033775 49.1633158612789 "experimento_56" 56 1000 1000 0.95 50 0.4 1 0.8
0.997404755325988 55.1828751930035 "experimento_56" 56 1000 1000 0.95 50 0.4 1 0.8
1.00830017977819 59.9073197327005 "experimento_56" 56 1000 1000 0.95 50 0.4 1 0.8
1.01562571544752 58.7393507748503 "experimento_56" 56 1000 1000 0.95 50 0.4 1 0.8
0.997180938720703 46.3669118436131 "experimento_56" 56 1000 1000 0.95 50 0.4 1 0.8
1.00479490772442 76.9312985656722 "experimento_56" 56 1000 1000 0.95 50 0.4 1 0.8
1.01961250625417 78.2523393990295 "experimento_56" 56 1000 1000 0.95 50 0.4 1 0.8
1.00000827511773 57.8177631570733 "experimento_56" 56 1000 1000 0.95 50 0.4 1 0.8
0.998216070234776 52.7779194501968 "experimento_56" 56 1000 1000 0.95 50 0.4 1 0.8
0.787820518016815 8.34499750201211 "experimento_56" 56 1000 1000 0.95 50 0.4 1 0.8
0.997497883159667 54.5974260600171 "experimento_56" 56 1000 1000 0.95 50 0.4 1 0.8
0.997486565029249 49.7913463485734 "experimento_56" 56 1000 1000 0.95 50 0.4 1 0.8
0.998217775020748 43.7882374003786 "experimento_56" 56 1000 1000 0.95 50 0.4 1 0.8
1.00061406469904 54.3277659775528 "experimento_56" 56 1000 1000 0.95 50 0.4 1 0.8
0.787406404037029 8.19901126849858 "experimento_56" 56 1000 1000 0.95 50 0.4 1 0.8
1.00504446970618 44.0051695027529 "experimento_56" 56 1000 1000 0.95 50 0.4 1 0.8
0.998793678591028 54.6769384555535 "experimento_56" 56 1000 1000 0.95 50 0.4 1 0.8
0.578180764336139 4.33951430627327 "experimento_56" 56 1000 1000 0.95 50 0.4 1 0.8
1.00487480052198 45.6791628201382 "experimento_56" 56 1000 1000 0.95 50 0.4 1 0.8
1.00009331558831 54.7640692551414 "experimento_56" 56 1000 1000 0.95 50 0.4 1 0.8
1.00697769807366 70.2243039369049 "experimento_56" 56 1000 1000 0.95 50 0.4 1 0.8
1.01095457972959 29.1790946789592 "experimento_56" 56 1000 1000 0.95 50 0.4 1 0.8
0.999426735565066 65.6529630742488 "experimento_56" 56 1000 1000 0.95 50 0.4 1 0.8
1.00258060982112 68.7499150027651 "experimento_56" 56 1000 1000 0.95 50 0.4 1 0.8
1.00042843818661 47.9683906202763 "experimento_56" 56 1000 1000 0.95 50 0.4 1 0.8
1.01432586447519 91.1808277898847 "experimento_56" 56 1000 1000 0.95 50 0.4 1 0.8
0.99966604844667 44.6977283922542 "experimento_56" 56 1000 1000 0.95 50 0.4 1 0.8
1.0259708894222 73.1840222571286 "experimento_56" 56 1000 1000 0.95 50 0.4 1 0.8
1.02812721033707 104.851039137104 "experimento_56" 56 1000 1000 0.95 50 0.4 1 0.8
0.998839396983385 50.1585987538228 "experimento_56" 56 1000 1000 0.95 50 0.4 1 0.8
1.00381712695584 46.023252334772 "experimento_56" 56 1000 1000 0.95 50 0.4 1 0.8
1.01190316966735 36.6414154682655 "experimento_56" 56 1000 1000 0.95 50 0.4 1 0.8
1.01099039952279 62.0508952073225 "experimento_56" 56 1000 1000 0.95 50 0.4 1 0.8
1.00081761501729 57.1784525240098 "experimento_56" 56 1000 1000 0.95 50 0.4 1 0.8
0.999920424073935 46.4290439987724 "experimento_56" 56 1000 1000 0.95 50 0.4 1 0.8
1.00006866158918 47.4464693963368 "experimento_56" 56 1000 1000 0.95 50 0.4 1 0.8
1.00249940777197 51.627840372797 "experimento_56" 56 1000 1000 0.95 50 0.4 1 0.8
1.0198575747191 68.4350277282042 "experimento_56" 56 1000 1000 0.95 50 0.4 1 0.8
1.00794541222043 66.9862761852562 "experimento_56" 56 1000 1000 0.95 50 0.4 1 0.8
0.996070836903527 36.5744552208239 "experimento_56" 56 1000 1000 0.95 50 0.4 1 0.8
0.998857012251392 49.0756541698212 "experimento_56" 56 1000 1000 0.95 50 0.4 1 0.8
1.00342963680034 66.3464811332252 "experimento_56" 56 1000 1000 0.95 50 0.4 1 0.8
1.00101670493372 54.0786619300792 "experimento_56" 56 1000 1000 0.95 50 0.4 1 0.8
1.00005282892846 56.14874190255 "experimento_56" 56 1000 1000 0.95 50 0.4 1 0.8
0.996020868420601 39.8109644295202 "experimento_56" 56 1000 1000 0.95 50 0.4 1 0.8
0.997052664868534 37.3234785537177 "experimento_56" 56 1000 1000 0.95 50 0.4 1 0.8
1.00449328381568 81.7117141065286 "experimento_56" 56 1000 1000 0.95 50 0.4 1 0.8
0.741395572200418 6.88743029927134 "experimento_56" 56 1000 1000 0.95 50 0.4 1 0.8
0.999443304492161 51.4568438913358 "experimento_56" 56 1000 1000 0.95 50 0.4 1 0.8
0.993630692362785 42.5192675652718 "experimento_56" 56 1000 1000 0.95 50 0.4 1 0.8
1.00952683372423 32.8871337680357 "experimento_56" 56 1000 1000 0.95 50 0.4 1 0.8
1.00835740034468 56.4389323430982 "experimento_56" 56 1000 1000 0.95 50 0.4 1 0.8
1.0032941711694 47.6808930766031 "experimento_56" 56 1000 1000 0.95 50 0.4 1 0.8
0.999659278197214 44.6709771942648 "experimento_56" 56 1000 1000 0.95 50 0.4 1 0.8
0.99503416265361 43.2951795295925 "experimento_56" 56 1000 1000 0.95 50 0.4 1 0.8
0.999620653223246 49.8537984734246 "experimento_56" 56 1000 1000 0.95 50 0.4 1 0.8
0.998793628299609 48.3765444933937 "experimento_56" 56 1000 1000 0.95 50 0.4 1 0.8
0.988273621769622 43.2357036703371 "experimento_56" 56 1000 1000 0.95 50 0.4 1 0.8
1.00562609484419 49.6499837489811 "experimento_56" 56 1000 1000 0.95 50 0.4 1 0.8
1.00171650216915 46.964939216985 "experimento_56" 56 1000 1000 0.95 50 0.4 1 0.8
0.998775063781068 44.7419753216683 "experimento_56" 56 1000 1000 0.95 50 0.4 1 0.8
0.999413260025904 47.4702855889344 "experimento_56" 56 1000 1000 0.95 50 0.4 1 0.8
0.998231000034139 56.5881795242145 "experimento_56" 56 1000 1000 0.95 50 0.4 1 0.8
0.639866216108203 5.04226829027515 "experimento_56" 56 1000 1000 0.95 50 0.4 1 0.8
0.9988887317013 49.8697890855613 "experimento_56" 56 1000 1000 0.95 50 0.4 1 0.8
0.999889740720391 52.3082010646731 "experimento_56" 56 1000 1000 0.95 50 0.4 1 0.8
0.998039254453033 43.2250154095093 "experimento_56" 56 1000 1000 0.95 50 0.4 1 0.8
1.00127586823888 51.7780415394394 "experimento_56" 56 1000 1000 0.95 50 0.4 1 0.8
1.00467305879109 72.1790246432564 "experimento_56" 56 1000 1000 0.95 50 0.4 1 0.8
0.998510705539957 37.6170441147094 "experimento_56" 56 1000 1000 0.95 50 0.4 1 0.8
0.998233214719221 51.1421309021101 "experimento_56" 56 1000 1000 0.95 50 0.4 1 0.8
0.993021744769067 36.7085445511806 "experimento_56" 56 1000 1000 0.95 50 0.4 1 0.8
1.00011648514053 62.6302393868053 "experimento_56" 56 1000 1000 0.95 50 0.4 1 0.8
0.999944758368656 54.4816977561142 "experimento_56" 56 1000 1000 0.95 50 0.4 1 0.8
1.00468985502608 51.921474265102 "experimento_56" 56 1000 1000 0.95 50 0.4 1 0.8
1.01059147962369 67.5279646508486 "experimento_56" 56 1000 1000 0.95 50 0.4 1 0.8
0.99690825631842 44.7223988371121 "experimento_56" 56 1000 1000 0.95 50 0.4 1 0.8
0.998840254032984 46.1082639082331 "experimento_56" 56 1000 1000 0.95 50 0.4 1 0.8
1.00384054241702 59.0787647059802 "experimento_56" 56 1000 1000 0.95 50 0.4 1 0.8
0.99818542948924 56.3642359106961 "experimento_56" 56 1000 1000 0.95 50 0.4 1 0.8
0.999295396730304 48.7945097839063 "experimento_56" 56 1000 1000 0.95 50 0.4 1 0.8
0.999145634705201 51.4290096380885 "experimento_56" 56 1000 1000 0.95 50 0.4 1 0.8
1.00543215521165 46.1500624283862 "experimento_56" 56 1000 1000 0.95 50 0.4 1 0.8
0.996699436567724 46.6724207397521 "experimento_56" 56 1000 1000 0.95 50 0.4 1 0.8
0.997339784167707 49.6555347991002 "experimento_56" 56 1000 1000 0.95 50 0.4 1 0.8
0.999013911234215 56.0866721521961 "experimento_56" 56 1000 1000 0.95 50 0.4 1 0.8
0.999953316757455 52.0809617967711 "experimento_56" 56 1000 1000 0.95 50 0.4 1 0.8
1.03034440893897 79.9552217419985 "experimento_56" 56 1000 1000 0.95 50 0.4 1 0.8
0.998834382975474 75.1144760471987 "experimento_56" 56 1000 1000 0.95 50 0.4 1 0.8
1.00069012091792 37.6238513722728 "experimento_56" 56 1000 1000 0.95 50 0.4 1 0.8
0.998355397721753 43.7185033611451 "experimento_56" 56 1000 1000 0.95 50 0.4 1 0.8
1.00070999588817 41.5920135984532 "experimento_56" 56 1000 1000 0.95 50 0.4 1 0.8
1.00820155211724 45.3316771065437 "experimento_56" 56 1000 1000 0.95 50 0.4 1 0.8
0.997111808974296 56.8303490547421 "experimento_56" 56 1000 1000 0.95 50 0.4 1 0.8
1.01468556524204 61.0567203701864 "experimento_56" 56 1000 1000 0.95 50 0.4 1 0.8
1.01205985994078 62.4769886752821 "experimento_56" 56 1000 1000 0.95 50 0.4 1 0.8
0.997615593951195 44.8533365765808 "experimento_56" 56 1000 1000 0.95 50 0.4 1 0.8
0.993652958422899 42.1181490663094 "experimento_56" 56 1000 1000 0.95 50 0.4 1 0.8
1.01649705034517 81.510183613444 "experimento_56" 56 1000 1000 0.95 50 0.4 1 0.8
0.999966107541695 60.4440138952776 "experimento_56" 56 1000 1000 0.95 50 0.4 1 0.8
0.999845964135602 62.0904907768657 "experimento_56" 56 1000 1000 0.95 50 0.4 1 0.8
0.586523995734751 4.66642300881053 "experimento_56" 56 1000 1000 0.95 50 0.4 1 0.8
1.01155438056216 60.5266392666288 "experimento_56" 56 1000 1000 0.95 50 0.4 1 0.8
1.00552926740609 38.0229266153227 "experimento_56" 56 1000 1000 0.95 50 0.4 1 0.8
0.996685768011957 38.0716587847506 "experimento_56" 56 1000 1000 0.95 50 0.4 1 0.8
1.00001743000932 75.3108548263968 "experimento_56" 56 1000 1000 0.95 50 0.4 1 0.8
0.995861472329125 38.5662423415877 "experimento_56" 56 1000 1000 0.95 50 0.4 1 0.8
0.998669128166512 37.8855922224411 "experimento_56" 56 1000 1000 0.95 50 0.4 1 0.8
1.01684246155541 52.0046213245002 "experimento_56" 56 1000 1000 0.95 50 0.4 1 0.8
1.03699248190801 93.8797437936807 "experimento_56" 56 1000 1000 0.95 50 0.4 1 0.8
0.99808835121803 63.318803134115 "experimento_56" 56 1000 1000 0.95 50 0.4 1 0.8
0.999452686402947 64.6574350528935 "experimento_56" 56 1000 1000 0.95 50 0.4 1 0.8
1.00722671553493 46.3791479280854 "experimento_56" 56 1000 1000 0.95 50 0.4 1 0.8
1.01651161868041 60.7144575734635 "experimento_56" 56 1000 1000 0.95 50 0.4 1 0.8
1.00104222613143 45.0417142396694 "experimento_56" 56 1000 1000 0.95 50 0.4 1 0.8
1.00572640874423 48.0074451054917 "experimento_56" 56 1000 1000 0.95 50 0.4 1 0.8
1.00015905818688 47.013139546103 "experimento_56" 56 1000 1000 0.95 50 0.4 1 0.8
0.997988026821986 50.0431381022691 "experimento_56" 56 1000 1000 0.95 50 0.4 1 0.8
1.00571307799604 54.1899531610627 "experimento_56" 56 1000 1000 0.95 50 0.4 1 0.8
1.0041380365569 46.7479293951894 "experimento_56" 56 1000 1000 0.95 50 0.4 1 0.8
1.00764062330127 62.9980919323139 "experimento_56" 56 1000 1000 0.95 50 0.4 1 0.8
0.999135828344151 61.4104314832555 "experimento_56" 56 1000 1000 0.95 50 0.4 1 0.8
0.996011736802757 39.2146857489368 "experimento_56" 56 1000 1000 0.95 50 0.4 1 0.8
1.01003905002959 51.314828769562 "experimento_56" 56 1000 1000 0.95 50 0.4 1 0.8
0.998182581737638 53.05724803731 "experimento_56" 56 1000 1000 0.95 50 0.4 1 0.8
0.999592422740534 58.1575272240639 "experimento_56" 56 1000 1000 0.95 50 0.4 1 0.8
0.524711595848203 4.04311277984198 "experimento_56" 56 1000 1000 0.95 50 0.4 1 0.8
1.00132660252973 50.702199680981 "experimento_56" 56 1000 1000 0.95 50 0.4 1 0.8
0.997966039692983 43.3616024466701 "experimento_56" 56 1000 1000 0.95 50 0.4 1 0.8
1.0085802999977 46.176739611105 "experimento_56" 56 1000 1000 0.95 50 0.4 1 0.8
0.992694204906002 37.8112720095951 "experimento_56" 56 1000 1000 0.95 50 0.4 1 0.8
0.995069099823013 45.1767852795786 "experimento_56" 56 1000 1000 0.95 50 0.4 1 0.8
1.00271379159225 55.2995222152492 "experimento_56" 56 1000 1000 0.95 50 0.4 1 0.8
0.992865327745676 40.9482987059367 "experimento_56" 56 1000 1000 0.95 50 0.4 1 0.8
0.99746107053943 46.4992167022414 "experimento_56" 56 1000 1000 0.95 50 0.4 1 0.8
1.00453351995908 62.2691317701937 "experimento_56" 56 1000 1000 0.95 50 0.4 1 0.8
0.991672064410523 40.3249546564941 "experimento_56" 56 1000 1000 0.95 50 0.4 1 0.8
1.00057604724541 51.747066538446 "experimento_56" 56 1000 1000 0.95 50 0.4 1 0.8
0.994859750615433 32.89172830902 "experimento_56" 56 1000 1000 0.95 50 0.4 1 0.8
0.997674336656928 47.0804641054798 "experimento_56" 56 1000 1000 0.95 50 0.4 1 0.8
0.993432308780029 37.6788879260373 "experimento_56" 56 1000 1000 0.95 50 0.4 1 0.8
0.991572186350822 40.0274691547336 "experimento_56" 56 1000 1000 0.95 50 0.4 1 0.8
0.99866812559776 52.7919301634867 "experimento_56" 56 1000 1000 0.95 50 0.4 1 0.8
0.998063170583919 66.4818076044363 "experimento_56" 56 1000 1000 0.95 50 0.4 1 0.8
1.00060728722252 40.2513411088297 "experimento_56" 56 1000 1000 0.95 50 0.4 1 0.8
0.994539237115532 46.3924376428386 "experimento_56" 56 1000 1000 0.95 50 0.4 1 0.8
1.01815889293244 54.9816168989516 "experimento_56" 56 1000 1000 0.95 50 0.4 1 0.8
1.00835583503707 45.4615633724547 "experimento_56" 56 1000 1000 0.95 50 0.4 1 0.8
1.01080179740288 59.5138188371335 "experimento_56" 56 1000 1000 0.95 50 0.4 1 0.8
0.997985227033496 51.7544073922105 "experimento_56" 56 1000 1000 0.95 50 0.4 1 0.8
1.01036460814953 50.8335907054358 "experimento_56" 56 1000 1000 0.95 50 0.4 1 0.8
0.997128409799188 45.8373771803683 "experimento_56" 56 1000 1000 0.95 50 0.4 1 0.8
1.01999986614744 57.6963854796624 "experimento_56" 56 1000 1000 0.95 50 0.4 1 0.8
1.01510563867136 42.8681025632369 "experimento_56" 56 1000 1000 0.95 50 0.4 1 0.8
1.00266888423435 54.3808495194677 "experimento_56" 56 1000 1000 0.95 50 0.4 1 0.8
0.993405041983351 53.0283093483301 "experimento_56" 56 1000 1000 0.95 50 0.4 1 0.8
1.01795576689681 123.861975434903 "experimento_56" 56 1000 1000 0.95 50 0.4 1 0.8
0.992593702627346 48.4088126392956 "experimento_56" 56 1000 1000 0.95 50 0.4 1 0.8
0.997090867953375 47.9237573536002 "experimento_56" 56 1000 1000 0.95 50 0.4 1 0.8
1.00003577711061 52.4279291040169 "experimento_56" 56 1000 1000 0.95 50 0.4 1 0.8
1.00062190285884 50.1647842572601 "experimento_56" 56 1000 1000 0.95 50 0.4 1 0.8
1.00791653174907 43.1174805675361 "experimento_56" 56 1000 1000 0.95 50 0.4 1 0.8
1.00075562710138 39.192313144265 "experimento_56" 56 1000 1000 0.95 50 0.4 1 0.8
0.993844436481595 48.2067805758775 "experimento_56" 56 1000 1000 0.95 50 0.4 1 0.8
0.99517334275879 44.7887231717271 "experimento_56" 56 1000 1000 0.95 50 0.4 1 0.8
1.00085755204782 50.1272006181754 "experimento_56" 56 1000 1000 0.95 50 0.4 1 0.8
1.011309877038 44.6115636955506 "experimento_56" 56 1000 1000 0.95 50 0.4 1 0.8
0.997663215035573 60.1862216733765 "experimento_56" 56 1000 1000 0.95 50 0.4 1 0.8
1.00265681938243 61.3547999069532 "experimento_56" 56 1000 1000 0.95 50 0.4 1 0.8
0.995541165117174 44.9587049504485 "experimento_56" 56 1000 1000 0.95 50 0.4 1 0.8
1.00556284850574 54.3218626768861 "experimento_56" 56 1000 1000 0.95 50 0.4 1 0.8
0.577037751208991 4.50577368872429 "experimento_56" 56 1000 1000 0.95 50 0.4 1 0.8
1.00164398902854 76.9606988511325 "experimento_56" 56 1000 1000 0.95 50 0.4 1 0.8
1.00034163843709 50.2026289283342 "experimento_56" 56 1000 1000 0.95 50 0.4 1 0.8
0.993820843519643 39.6864835930763 "experimento_56" 56 1000 1000 0.95 50 0.4 1 0.8
0.997564119985327 45.1503645507041 "experimento_56" 56 1000 1000 0.95 50 0.4 1 0.8
0.996464646654204 40.286591715226 "experimento_56" 56 1000 1000 0.95 50 0.4 1 0.8
0.997334028827026 46.4866268693973 "experimento_56" 56 1000 1000 0.95 50 0.4 1 0.8
0.997785002458841 45.5199976097789 "experimento_56" 56 1000 1000 0.95 50 0.4 1 0.8
1.00098696107045 52.130246404631 "experimento_56" 56 1000 1000 0.95 50 0.4 1 0.8
0.997130030533299 57.3597178703514 "experimento_56" 56 1000 1000 0.95 50 0.4 1 0.8
0.87501333700493 12.7893883604516 "experimento_56" 56 1000 1000 0.95 50 0.4 1 0.8
1.00046397796749 49.9508005644937 "experimento_56" 56 1000 1000 0.95 50 0.4 1 0.8
1.00411480619215 49.3361597473156 "experimento_56" 56 1000 1000 0.95 50 0.4 1 0.8
1.01883203386061 46.9935883178217 "experimento_56" 56 1000 1000 0.95 50 0.4 1 0.8
1.01140793832019 52.6390291615588 "experimento_56" 56 1000 1000 0.95 50 0.4 1 0.8
0.999524653190747 61.290632302495 "experimento_56" 56 1000 1000 0.95 50 0.4 1 0.8
1.01568262847056 95.5312816414674 "experimento_56" 56 1000 1000 0.95 50 0.4 1 0.8
1.00465202355757 47.3389678049893 "experimento_56" 56 1000 1000 0.95 50 0.4 1 0.8
1.00039663364376 61.3351863058066 "experimento_56" 56 1000 1000 0.95 50 0.4 1 0.8
0.998448362341151 42.994446548669 "experimento_56" 56 1000 1000 0.95 50 0.4 1 0.8
1.00143776098249 62.7469166817033 "experimento_56" 56 1000 1000 0.95 50 0.4 1 0.8
1.01556242477065 40.0929002757421 "experimento_56" 56 1000 1000 0.95 50 0.4 1 0.8
1.00077988194385 50.7258125860978 "experimento_56" 56 1000 1000 0.95 50 0.4 1 0.8
0.993284039897844 49.027459129255 "experimento_56" 56 1000 1000 0.95 50 0.4 1 0.8
1.00307098017074 64.8397234013666 "experimento_56" 56 1000 1000 0.95 50 0.4 1 0.8
1.00447151347995 44.5970587995118 "experimento_56" 56 1000 1000 0.95 50 0.4 1 0.8
1.00413343154825 52.7758876608411 "experimento_56" 56 1000 1000 0.95 50 0.4 1 0.8
1.00135743629187 44.9392650016211 "experimento_56" 56 1000 1000 0.95 50 0.4 1 0.8
0.995535815134645 43.1267699465894 "experimento_56" 56 1000 1000 0.95 50 0.4 1 0.8
0.994938899762928 41.425707391906 "experimento_56" 56 1000 1000 0.95 50 0.4 1 0.8
0.810022864490747 9.14967174156811 "experimento_56" 56 1000 1000 0.95 50 0.4 1 0.8
1.00368812998757 64.6796213848515 "experimento_56" 56 1000 1000 0.95 50 0.4 1 0.8
1.01064866206609 52.5404053588252 "experimento_56" 56 1000 1000 0.95 50 0.4 1 0.8
1.00327106912009 83.4530575930518 "experimento_56" 56 1000 1000 0.95 50 0.4 1 0.8
0.996602335013449 37.268923329998 "experimento_56" 56 1000 1000 0.95 50 0.4 1 0.8
1.00370080511082 59.7110410697978 "experimento_56" 56 1000 1000 0.95 50 0.4 1 0.8
0.999263325706124 53.2865891987914 "experimento_56" 56 1000 1000 0.95 50 0.4 1 0.8
0.999598982743919 46.0093713605251 "experimento_56" 56 1000 1000 0.95 50 0.4 1 0.8
1.00060223277658 50.241364376041 "experimento_56" 56 1000 1000 0.95 50 0.4 1 0.8
1.00002751454401 59.2891465985874 "experimento_56" 56 1000 1000 0.95 50 0.4 1 0.8
1.00069253270514 54.0495639187758 "experimento_56" 56 1000 1000 0.95 50 0.4 1 0.8
1.00015901287618 58.9765392443445 "experimento_56" 56 1000 1000 0.95 50 0.4 1 0.8
1.00685008497909 63.0755335589174 "experimento_56" 56 1000 1000 0.95 50 0.4 1 0.8
0.997847967781126 51.3894138891635 "experimento_56" 56 1000 1000 0.95 50 0.4 1 0.8
0.999030490405858 52.9562002249225 "experimento_56" 56 1000 1000 0.95 50 0.4 1 0.8
0.997931776801124 48.3391304907209 "experimento_56" 56 1000 1000 0.95 50 0.4 1 0.8
0.994541675085202 44.1653970137773 "experimento_56" 56 1000 1000 0.95 50 0.4 1 0.8
0.999270163709298 46.9404156013196 "experimento_56" 56 1000 1000 0.95 50 0.4 1 0.8
0.65538155566901 5.30739673811165 "experimento_56" 56 1000 1000 0.95 50 0.4 1 0.8
0.999363532755524 54.9190049953604 "experimento_56" 56 1000 1000 0.95 50 0.4 1 0.8
1.00150511369828 64.0748388931839 "experimento_56" 56 1000 1000 0.95 50 0.4 1 0.8
1.01799763373947 50.2806927004585 "experimento_56" 56 1000 1000 0.95 50 0.4 1 0.8
0.996517110150307 64.6114620135962 "experimento_56" 56 1000 1000 0.95 50 0.4 1 0.8
0.9992618013639 44.544778975183 "experimento_56" 56 1000 1000 0.95 50 0.4 1 0.8
1.00879161264747 62.2870309731014 "experimento_56" 56 1000 1000 0.95 50 0.4 1 0.8
1.00463959781453 56.6242198377512 "experimento_56" 56 1000 1000 0.95 50 0.4 1 0.8
1.00076197165575 59.1613783366637 "experimento_56" 56 1000 1000 0.95 50 0.4 1 0.8
1.02443904293617 57.8295600847312 "experimento_56" 56 1000 1000 0.95 50 0.4 1 0.8
1.00819680148736 47.4378368434774 "experimento_56" 56 1000 1000 0.95 50 0.4 1 0.8
0.999722308246419 66.1218313793733 "experimento_56" 56 1000 1000 0.95 50 0.4 1 0.8
1.01826548903771 63.0113991063536 "experimento_56" 56 1000 1000 0.95 50 0.4 1 0.8
0.995294250315055 42.0124306329075 "experimento_56" 56 1000 1000 0.95 50 0.4 1 0.8
1.00703107742593 52.6539031477093 "experimento_56" 56 1000 1000 0.95 50 0.4 1 0.8
0.998274082085118 42.0021053046795 "experimento_56" 56 1000 1000 0.95 50 0.4 1 0.8
1.00235328915383 67.6882500251315 "experimento_56" 56 1000 1000 0.95 50 0.4 1 0.8
1.01793291870421 61.2087332211918 "experimento_56" 56 1000 1000 0.95 50 0.4 1 0.8
