"est.u" "est.lamb" "name" "seed" "size" "replicates" "p_umbral" "exp_lambda" "alpha_pen" "n_pen" "c"
0.988536110147834 0.921866366018247 "experimento_13" 13 500 1000 0.8 1 0.4 1 0.8
0.988218102138489 1.09379719142911 "experimento_13" 13 500 1000 0.8 1 0.4 1 0.8
0.998434602515772 1.08929065406602 "experimento_13" 13 500 1000 0.8 1 0.4 1 0.8
1.00742917044755 1.13552451675704 "experimento_13" 13 500 1000 0.8 1 0.4 1 0.8
1.28285295609385 0.736833833580346 "experimento_13" 13 500 1000 0.8 1 0.4 1 0.8
0.978387349983677 1.10779870616492 "experimento_13" 13 500 1000 0.8 1 0.4 1 0.8
0.594989735633135 1.74088486624401 "experimento_13" 13 500 1000 0.8 1 0.4 1 0.8
0.981579505139962 1.01192863928976 "experimento_13" 13 500 1000 0.8 1 0.4 1 0.8
1.06131312903017 0.94140092861864 "experimento_13" 13 500 1000 0.8 1 0.4 1 0.8
0.995908915065229 0.834566307907397 "experimento_13" 13 500 1000 0.8 1 0.4 1 0.8
0.997510462999344 1.16270399111683 "experimento_13" 13 500 1000 0.8 1 0.4 1 0.8
0.972061451990157 1.23228963706938 "experimento_13" 13 500 1000 0.8 1 0.4 1 0.8
0.994808808434755 1.00181767610916 "experimento_13" 13 500 1000 0.8 1 0.4 1 0.8
0.998606956098229 0.948694117105359 "experimento_13" 13 500 1000 0.8 1 0.4 1 0.8
0.982799669727683 1.18812793318131 "experimento_13" 13 500 1000 0.8 1 0.4 1 0.8
0.988040982047096 1.0088906113523 "experimento_13" 13 500 1000 0.8 1 0.4 1 0.8
1.00983547155927 0.897303830426361 "experimento_13" 13 500 1000 0.8 1 0.4 1 0.8
0.997899283654988 0.913797005231171 "experimento_13" 13 500 1000 0.8 1 0.4 1 0.8
0.99069210793823 1.0358534691998 "experimento_13" 13 500 1000 0.8 1 0.4 1 0.8
1.04339273227379 1.14197259008376 "experimento_13" 13 500 1000 0.8 1 0.4 1 0.8
0.970903977751732 1.18258527336054 "experimento_13" 13 500 1000 0.8 1 0.4 1 0.8
1.1896776384674 1.11689810308345 "experimento_13" 13 500 1000 0.8 1 0.4 1 0.8
0.99924873560667 0.977001737795949 "experimento_13" 13 500 1000 0.8 1 0.4 1 0.8
1.13235779805109 1.13533309303274 "experimento_13" 13 500 1000 0.8 1 0.4 1 0.8
0.963357883272693 0.958868714799046 "experimento_13" 13 500 1000 0.8 1 0.4 1 0.8
0.981607526773587 1.0223636717226 "experimento_13" 13 500 1000 0.8 1 0.4 1 0.8
0.990125869400799 0.968184474991323 "experimento_13" 13 500 1000 0.8 1 0.4 1 0.8
0.986323591554537 0.984662758699012 "experimento_13" 13 500 1000 0.8 1 0.4 1 0.8
1.00990944169462 0.887081739247503 "experimento_13" 13 500 1000 0.8 1 0.4 1 0.8
0.953250916441903 1.14373672682754 "experimento_13" 13 500 1000 0.8 1 0.4 1 0.8
0.99266302306205 1.17399843330892 "experimento_13" 13 500 1000 0.8 1 0.4 1 0.8
0.9914640923962 1.14324670502804 "experimento_13" 13 500 1000 0.8 1 0.4 1 0.8
1.0015178821992 0.937624694425718 "experimento_13" 13 500 1000 0.8 1 0.4 1 0.8
1.22605406679213 0.917081891640449 "experimento_13" 13 500 1000 0.8 1 0.4 1 0.8
0.99729907233268 1.10504203825528 "experimento_13" 13 500 1000 0.8 1 0.4 1 0.8
0.990422448143363 1.21146962446398 "experimento_13" 13 500 1000 0.8 1 0.4 1 0.8
0.995745208347216 0.918213467852362 "experimento_13" 13 500 1000 0.8 1 0.4 1 0.8
0.997043257346377 1.00074380853774 "experimento_13" 13 500 1000 0.8 1 0.4 1 0.8
0.986721283290535 0.96331827725954 "experimento_13" 13 500 1000 0.8 1 0.4 1 0.8
1.00743809901178 0.956504625918516 "experimento_13" 13 500 1000 0.8 1 0.4 1 0.8
1.12618740076991 0.988629457268699 "experimento_13" 13 500 1000 0.8 1 0.4 1 0.8
1.12512381020788 1.03052002602777 "experimento_13" 13 500 1000 0.8 1 0.4 1 0.8
0.956353788729757 1.18587751345529 "experimento_13" 13 500 1000 0.8 1 0.4 1 0.8
0.977979698684067 1.05871663505219 "experimento_13" 13 500 1000 0.8 1 0.4 1 0.8
0.993277789559215 1.04191380374121 "experimento_13" 13 500 1000 0.8 1 0.4 1 0.8
0.992238409351557 1.06648059781312 "experimento_13" 13 500 1000 0.8 1 0.4 1 0.8
0.940186413470656 1.08206430467522 "experimento_13" 13 500 1000 0.8 1 0.4 1 0.8
0.984785896260291 0.752356882238886 "experimento_13" 13 500 1000 0.8 1 0.4 1 0.8
1.00213409774005 0.84112688626605 "experimento_13" 13 500 1000 0.8 1 0.4 1 0.8
0.992829175898805 1.01533980437071 "experimento_13" 13 500 1000 0.8 1 0.4 1 0.8
1.31800198787823 0.922370234530905 "experimento_13" 13 500 1000 0.8 1 0.4 1 0.8
0.995388817507774 0.942310156380777 "experimento_13" 13 500 1000 0.8 1 0.4 1 0.8
1.01193323655181 0.95202698329038 "experimento_13" 13 500 1000 0.8 1 0.4 1 0.8
0.967360625509173 1.15608241322044 "experimento_13" 13 500 1000 0.8 1 0.4 1 0.8
1.07664179196581 0.993242928950769 "experimento_13" 13 500 1000 0.8 1 0.4 1 0.8
0.99900070996955 0.962370822959184 "experimento_13" 13 500 1000 0.8 1 0.4 1 0.8
0.963671188103035 1.11135343004389 "experimento_13" 13 500 1000 0.8 1 0.4 1 0.8
1.00490638008341 1.21171582621705 "experimento_13" 13 500 1000 0.8 1 0.4 1 0.8
0.986596239963546 1.18608634608033 "experimento_13" 13 500 1000 0.8 1 0.4 1 0.8
0.985221156617627 1.06674385882685 "experimento_13" 13 500 1000 0.8 1 0.4 1 0.8
0.998292792355642 1.15412216673853 "experimento_13" 13 500 1000 0.8 1 0.4 1 0.8
1.01963310861408 1.01647345156148 "experimento_13" 13 500 1000 0.8 1 0.4 1 0.8
0.971438406733796 0.938693591414283 "experimento_13" 13 500 1000 0.8 1 0.4 1 0.8
0.995869931299239 1.03612754651549 "experimento_13" 13 500 1000 0.8 1 0.4 1 0.8
0.990812475560233 1.1776927429238 "experimento_13" 13 500 1000 0.8 1 0.4 1 0.8
0.994451413862407 0.944296734034484 "experimento_13" 13 500 1000 0.8 1 0.4 1 0.8
0.980928598204628 1.02266325338515 "experimento_13" 13 500 1000 0.8 1 0.4 1 0.8
0.997177601559088 0.971733528455934 "experimento_13" 13 500 1000 0.8 1 0.4 1 0.8
0.971399754285812 1.06400113155289 "experimento_13" 13 500 1000 0.8 1 0.4 1 0.8
0.990916448645294 0.96983747745546 "experimento_13" 13 500 1000 0.8 1 0.4 1 0.8
1.00024330200006 1.0082127073681 "experimento_13" 13 500 1000 0.8 1 0.4 1 0.8
1.00260264147073 0.930442008237535 "experimento_13" 13 500 1000 0.8 1 0.4 1 0.8
1.00319874705747 0.853521429830868 "experimento_13" 13 500 1000 0.8 1 0.4 1 0.8
0.978493303293362 0.960497736348845 "experimento_13" 13 500 1000 0.8 1 0.4 1 0.8
0.990136940032244 0.994029101742941 "experimento_13" 13 500 1000 0.8 1 0.4 1 0.8
0.990315941628069 1.09456737150829 "experimento_13" 13 500 1000 0.8 1 0.4 1 0.8
1.0699751903303 0.910539753916161 "experimento_13" 13 500 1000 0.8 1 0.4 1 0.8
0.993457245640457 1.00790054002981 "experimento_13" 13 500 1000 0.8 1 0.4 1 0.8
0.99821738479659 1.05646872473681 "experimento_13" 13 500 1000 0.8 1 0.4 1 0.8
1.04643857758492 0.994941268921658 "experimento_13" 13 500 1000 0.8 1 0.4 1 0.8
1.00544684613124 0.897565373380058 "experimento_13" 13 500 1000 0.8 1 0.4 1 0.8
0.998502082191408 1.05621519038821 "experimento_13" 13 500 1000 0.8 1 0.4 1 0.8
0.95480364584364 1.14586341264228 "experimento_13" 13 500 1000 0.8 1 0.4 1 0.8
0.99751966400072 1.06877738902023 "experimento_13" 13 500 1000 0.8 1 0.4 1 0.8
1.05890900770541 1.13097199431948 "experimento_13" 13 500 1000 0.8 1 0.4 1 0.8
1.00445449949012 0.896667317737996 "experimento_13" 13 500 1000 0.8 1 0.4 1 0.8
0.986834365874529 1.27089300011146 "experimento_13" 13 500 1000 0.8 1 0.4 1 0.8
0.984166944166645 1.0843887071036 "experimento_13" 13 500 1000 0.8 1 0.4 1 0.8
1.00460795844147 0.878411150064751 "experimento_13" 13 500 1000 0.8 1 0.4 1 0.8
1.01703076669946 1.07122234671442 "experimento_13" 13 500 1000 0.8 1 0.4 1 0.8
1.00179807798527 1.07565682502934 "experimento_13" 13 500 1000 0.8 1 0.4 1 0.8
0.984321178635582 1.27007094558233 "experimento_13" 13 500 1000 0.8 1 0.4 1 0.8
0.988080846145749 1.14619429207004 "experimento_13" 13 500 1000 0.8 1 0.4 1 0.8
1.01576211443171 1.17910166729704 "experimento_13" 13 500 1000 0.8 1 0.4 1 0.8
0.984338192036375 1.16829864721082 "experimento_13" 13 500 1000 0.8 1 0.4 1 0.8
0.98511593719013 1.246847244237 "experimento_13" 13 500 1000 0.8 1 0.4 1 0.8
0.989186129299924 1.01065517861439 "experimento_13" 13 500 1000 0.8 1 0.4 1 0.8
0.988099484471604 1.23190853566683 "experimento_13" 13 500 1000 0.8 1 0.4 1 0.8
0.989092289237306 1.24404063788 "experimento_13" 13 500 1000 0.8 1 0.4 1 0.8
0.99790607416071 0.825039088151829 "experimento_13" 13 500 1000 0.8 1 0.4 1 0.8
0.999015215551481 0.883138811621113 "experimento_13" 13 500 1000 0.8 1 0.4 1 0.8
0.947003912646323 1.13680573374357 "experimento_13" 13 500 1000 0.8 1 0.4 1 0.8
0.999664839357138 1.13021706830341 "experimento_13" 13 500 1000 0.8 1 0.4 1 0.8
0.983179197413847 1.12783790466067 "experimento_13" 13 500 1000 0.8 1 0.4 1 0.8
1.0244366512784 0.943004415954407 "experimento_13" 13 500 1000 0.8 1 0.4 1 0.8
0.999625039286911 0.996533003011245 "experimento_13" 13 500 1000 0.8 1 0.4 1 0.8
1.01915772125707 0.919655967051055 "experimento_13" 13 500 1000 0.8 1 0.4 1 0.8
1.28862237976864 1.11253161663129 "experimento_13" 13 500 1000 0.8 1 0.4 1 0.8
1.21257361304015 0.87698418828551 "experimento_13" 13 500 1000 0.8 1 0.4 1 0.8
0.974602501839399 0.862572707584754 "experimento_13" 13 500 1000 0.8 1 0.4 1 0.8
0.9858004222624 1.14604384698518 "experimento_13" 13 500 1000 0.8 1 0.4 1 0.8
0.982991133350879 1.1051484183425 "experimento_13" 13 500 1000 0.8 1 0.4 1 0.8
0.985319687286392 1.08755433507115 "experimento_13" 13 500 1000 0.8 1 0.4 1 0.8
0.985062193823978 0.983985712209679 "experimento_13" 13 500 1000 0.8 1 0.4 1 0.8
0.948652719147503 0.953541980957797 "experimento_13" 13 500 1000 0.8 1 0.4 1 0.8
1.01863695681095 1.10440149507803 "experimento_13" 13 500 1000 0.8 1 0.4 1 0.8
0.986203247914091 1.11696563910898 "experimento_13" 13 500 1000 0.8 1 0.4 1 0.8
0.987745488295332 1.05736463062815 "experimento_13" 13 500 1000 0.8 1 0.4 1 0.8
1.00285681663081 0.856292977639263 "experimento_13" 13 500 1000 0.8 1 0.4 1 0.8
0.986423789523542 1.24348892587209 "experimento_13" 13 500 1000 0.8 1 0.4 1 0.8
0.987601993605494 0.940205326303499 "experimento_13" 13 500 1000 0.8 1 0.4 1 0.8
0.997390845092013 0.959464203363569 "experimento_13" 13 500 1000 0.8 1 0.4 1 0.8
0.979406911646947 1.025638172934 "experimento_13" 13 500 1000 0.8 1 0.4 1 0.8
0.969321846263483 0.952455252249872 "experimento_13" 13 500 1000 0.8 1 0.4 1 0.8
0.939826166257262 0.994290626655029 "experimento_13" 13 500 1000 0.8 1 0.4 1 0.8
0.990893065696582 1.04870491334638 "experimento_13" 13 500 1000 0.8 1 0.4 1 0.8
1.0119399619866 0.903612046195122 "experimento_13" 13 500 1000 0.8 1 0.4 1 0.8
0.956801370950416 1.1290363716726 "experimento_13" 13 500 1000 0.8 1 0.4 1 0.8
0.994155549444258 1.16001279560207 "experimento_13" 13 500 1000 0.8 1 0.4 1 0.8
1.00100619156719 1.06899720711957 "experimento_13" 13 500 1000 0.8 1 0.4 1 0.8
0.997243935242295 0.899942135428426 "experimento_13" 13 500 1000 0.8 1 0.4 1 0.8
1.20238048164174 0.818126958989495 "experimento_13" 13 500 1000 0.8 1 0.4 1 0.8
0.995227977400646 1.15920661451624 "experimento_13" 13 500 1000 0.8 1 0.4 1 0.8
0.996079446282238 1.11424595040045 "experimento_13" 13 500 1000 0.8 1 0.4 1 0.8
0.986165331210941 1.07581000011452 "experimento_13" 13 500 1000 0.8 1 0.4 1 0.8
1.00862870039418 0.866134636944655 "experimento_13" 13 500 1000 0.8 1 0.4 1 0.8
1.03237103529607 0.913681150602679 "experimento_13" 13 500 1000 0.8 1 0.4 1 0.8
0.990895583294332 1.01916951646799 "experimento_13" 13 500 1000 0.8 1 0.4 1 0.8
0.976696979952976 0.893056116083453 "experimento_13" 13 500 1000 0.8 1 0.4 1 0.8
1.14727631257847 0.882888318958064 "experimento_13" 13 500 1000 0.8 1 0.4 1 0.8
0.969661681214347 1.34297640622393 "experimento_13" 13 500 1000 0.8 1 0.4 1 0.8
0.983338398160413 1.07115816087324 "experimento_13" 13 500 1000 0.8 1 0.4 1 0.8
0.985392705537379 1.11136220479165 "experimento_13" 13 500 1000 0.8 1 0.4 1 0.8
0.978857196401805 1.09306772657478 "experimento_13" 13 500 1000 0.8 1 0.4 1 0.8
0.972992125432938 0.925201974411726 "experimento_13" 13 500 1000 0.8 1 0.4 1 0.8
0.990207482827827 1.11254022128873 "experimento_13" 13 500 1000 0.8 1 0.4 1 0.8
0.956922670360655 1.19548337283935 "experimento_13" 13 500 1000 0.8 1 0.4 1 0.8
0.999926607822999 1.09970655971376 "experimento_13" 13 500 1000 0.8 1 0.4 1 0.8
1.09681247428924 1.1223800717575 "experimento_13" 13 500 1000 0.8 1 0.4 1 0.8
0.99011241318658 1.09618059130296 "experimento_13" 13 500 1000 0.8 1 0.4 1 0.8
0.974153332179412 1.01883814121146 "experimento_13" 13 500 1000 0.8 1 0.4 1 0.8
1.06453577242792 0.977357792372789 "experimento_13" 13 500 1000 0.8 1 0.4 1 0.8
0.989349039969966 0.737401232472934 "experimento_13" 13 500 1000 0.8 1 0.4 1 0.8
0.987315888982266 1.13494797346413 "experimento_13" 13 500 1000 0.8 1 0.4 1 0.8
0.990842750295997 1.02650419066636 "experimento_13" 13 500 1000 0.8 1 0.4 1 0.8
0.996603979729116 1.01615082202044 "experimento_13" 13 500 1000 0.8 1 0.4 1 0.8
1.02762291114777 1.16158941588242 "experimento_13" 13 500 1000 0.8 1 0.4 1 0.8
0.970030266558751 1.14383411473518 "experimento_13" 13 500 1000 0.8 1 0.4 1 0.8
0.974639560794458 1.11495578646858 "experimento_13" 13 500 1000 0.8 1 0.4 1 0.8
0.986294275382534 1.33751629919206 "experimento_13" 13 500 1000 0.8 1 0.4 1 0.8
0.994260587962344 0.987628412841185 "experimento_13" 13 500 1000 0.8 1 0.4 1 0.8
0.970823275391012 1.37637089891808 "experimento_13" 13 500 1000 0.8 1 0.4 1 0.8
0.979095545830205 1.07838156171424 "experimento_13" 13 500 1000 0.8 1 0.4 1 0.8
1.00033844215795 1.18313161438165 "experimento_13" 13 500 1000 0.8 1 0.4 1 0.8
1.07205507624894 0.979997147408164 "experimento_13" 13 500 1000 0.8 1 0.4 1 0.8
1.00108639116258 1.16125783104322 "experimento_13" 13 500 1000 0.8 1 0.4 1 0.8
0.987658639904112 1.0343884645604 "experimento_13" 13 500 1000 0.8 1 0.4 1 0.8
0.977841996122152 0.851571238896355 "experimento_13" 13 500 1000 0.8 1 0.4 1 0.8
0.981329357251525 1.10690107522667 "experimento_13" 13 500 1000 0.8 1 0.4 1 0.8
0.976552744861692 1.06919795684762 "experimento_13" 13 500 1000 0.8 1 0.4 1 0.8
1.0101009439677 1.07129921392772 "experimento_13" 13 500 1000 0.8 1 0.4 1 0.8
0.99093436030671 1.03555636334582 "experimento_13" 13 500 1000 0.8 1 0.4 1 0.8
0.948636640561745 1.13261447203299 "experimento_13" 13 500 1000 0.8 1 0.4 1 0.8
0.986000560689718 1.00596336268689 "experimento_13" 13 500 1000 0.8 1 0.4 1 0.8
0.932138415286317 1.18343481911428 "experimento_13" 13 500 1000 0.8 1 0.4 1 0.8
0.98857593932189 1.05050080536755 "experimento_13" 13 500 1000 0.8 1 0.4 1 0.8
0.995378214167431 0.894183536406296 "experimento_13" 13 500 1000 0.8 1 0.4 1 0.8
0.990610764594749 0.923976961376315 "experimento_13" 13 500 1000 0.8 1 0.4 1 0.8
0.961510027991608 1.25036968017952 "experimento_13" 13 500 1000 0.8 1 0.4 1 0.8
0.98018626938574 1.07638842704634 "experimento_13" 13 500 1000 0.8 1 0.4 1 0.8
0.98457731725648 1.00462761475196 "experimento_13" 13 500 1000 0.8 1 0.4 1 0.8
0.999473962001503 0.968041774955648 "experimento_13" 13 500 1000 0.8 1 0.4 1 0.8
1.00220480188727 1.05441234272398 "experimento_13" 13 500 1000 0.8 1 0.4 1 0.8
0.991712778806686 1.14108111159258 "experimento_13" 13 500 1000 0.8 1 0.4 1 0.8
0.992275472031906 0.993459922182292 "experimento_13" 13 500 1000 0.8 1 0.4 1 0.8
0.982850201660767 1.37244221474798 "experimento_13" 13 500 1000 0.8 1 0.4 1 0.8
0.978947142139077 1.03996434876924 "experimento_13" 13 500 1000 0.8 1 0.4 1 0.8
0.989342012442648 0.971384482877814 "experimento_13" 13 500 1000 0.8 1 0.4 1 0.8
1.00204759277403 0.952431118571905 "experimento_13" 13 500 1000 0.8 1 0.4 1 0.8
0.988369671627879 1.12117117280522 "experimento_13" 13 500 1000 0.8 1 0.4 1 0.8
0.994830826763064 1.01647861600283 "experimento_13" 13 500 1000 0.8 1 0.4 1 0.8
0.988985589006916 1.33216940160908 "experimento_13" 13 500 1000 0.8 1 0.4 1 0.8
1.04129748977721 0.993796010179163 "experimento_13" 13 500 1000 0.8 1 0.4 1 0.8
0.976767916465178 1.07530786788523 "experimento_13" 13 500 1000 0.8 1 0.4 1 0.8
1.03395193885224 0.817498366779441 "experimento_13" 13 500 1000 0.8 1 0.4 1 0.8
0.98590624355711 0.98502934256716 "experimento_13" 13 500 1000 0.8 1 0.4 1 0.8
0.994005190441385 0.985465598786668 "experimento_13" 13 500 1000 0.8 1 0.4 1 0.8
1.01050725067034 1.04685915362448 "experimento_13" 13 500 1000 0.8 1 0.4 1 0.8
0.996144518256187 1.0865905421062 "experimento_13" 13 500 1000 0.8 1 0.4 1 0.8
1.08296204920834 1.25245094271281 "experimento_13" 13 500 1000 0.8 1 0.4 1 0.8
0.975261951098219 1.13471729643572 "experimento_13" 13 500 1000 0.8 1 0.4 1 0.8
0.99694725102745 1.17101288908019 "experimento_13" 13 500 1000 0.8 1 0.4 1 0.8
0.984070719685405 0.999258709674509 "experimento_13" 13 500 1000 0.8 1 0.4 1 0.8
1.05832957336679 1.02304897950895 "experimento_13" 13 500 1000 0.8 1 0.4 1 0.8
0.972129746340215 0.993233997133996 "experimento_13" 13 500 1000 0.8 1 0.4 1 0.8
1.12117446893252 1.04447831441243 "experimento_13" 13 500 1000 0.8 1 0.4 1 0.8
0.994233384495601 0.929801093756993 "experimento_13" 13 500 1000 0.8 1 0.4 1 0.8
1.02026711975554 1.01904149409108 "experimento_13" 13 500 1000 0.8 1 0.4 1 0.8
0.989528608042747 0.944347967837643 "experimento_13" 13 500 1000 0.8 1 0.4 1 0.8
0.958344490965828 1.15091733103588 "experimento_13" 13 500 1000 0.8 1 0.4 1 0.8
0.979730911785737 1.01435680828389 "experimento_13" 13 500 1000 0.8 1 0.4 1 0.8
0.997455826960504 0.953382161686709 "experimento_13" 13 500 1000 0.8 1 0.4 1 0.8
0.990568663459271 1.0330814395491 "experimento_13" 13 500 1000 0.8 1 0.4 1 0.8
0.993966319831088 0.986039591973817 "experimento_13" 13 500 1000 0.8 1 0.4 1 0.8
0.985726439161226 0.898232142128868 "experimento_13" 13 500 1000 0.8 1 0.4 1 0.8
0.985396904638037 1.07339561448833 "experimento_13" 13 500 1000 0.8 1 0.4 1 0.8
0.969596482813358 1.03599423022839 "experimento_13" 13 500 1000 0.8 1 0.4 1 0.8
0.995706772198901 0.907377872897038 "experimento_13" 13 500 1000 0.8 1 0.4 1 0.8
0.98362959898077 1.01102322509335 "experimento_13" 13 500 1000 0.8 1 0.4 1 0.8
0.996647091116756 1.23688774180689 "experimento_13" 13 500 1000 0.8 1 0.4 1 0.8
0.995672620134428 1.01560692761595 "experimento_13" 13 500 1000 0.8 1 0.4 1 0.8
1.06283820124172 0.893645635933207 "experimento_13" 13 500 1000 0.8 1 0.4 1 0.8
1.03630502242595 1.07216258991105 "experimento_13" 13 500 1000 0.8 1 0.4 1 0.8
1.12613881239668 0.759490974133954 "experimento_13" 13 500 1000 0.8 1 0.4 1 0.8
0.976489799562842 0.984821566527802 "experimento_13" 13 500 1000 0.8 1 0.4 1 0.8
0.987292292295024 1.15528999473582 "experimento_13" 13 500 1000 0.8 1 0.4 1 0.8
0.572939309757203 1.34200155832024 "experimento_13" 13 500 1000 0.8 1 0.4 1 0.8
0.988052720436826 0.914771882185018 "experimento_13" 13 500 1000 0.8 1 0.4 1 0.8
0.995329274097458 0.987157827726804 "experimento_13" 13 500 1000 0.8 1 0.4 1 0.8
0.970436882227659 1.12234792157856 "experimento_13" 13 500 1000 0.8 1 0.4 1 0.8
0.930041046347469 1.23883344783584 "experimento_13" 13 500 1000 0.8 1 0.4 1 0.8
0.991091742180288 0.904973502317543 "experimento_13" 13 500 1000 0.8 1 0.4 1 0.8
1.0364634840695 0.896133429200049 "experimento_13" 13 500 1000 0.8 1 0.4 1 0.8
1.06451029703021 1.03390777170178 "experimento_13" 13 500 1000 0.8 1 0.4 1 0.8
0.987652635667473 1.03542764735805 "experimento_13" 13 500 1000 0.8 1 0.4 1 0.8
1.01180142629892 0.823620085900891 "experimento_13" 13 500 1000 0.8 1 0.4 1 0.8
0.97776490659453 0.972459483308424 "experimento_13" 13 500 1000 0.8 1 0.4 1 0.8
0.985683230683208 1.01334821473703 "experimento_13" 13 500 1000 0.8 1 0.4 1 0.8
1.03050512165091 0.930579365398515 "experimento_13" 13 500 1000 0.8 1 0.4 1 0.8
0.963470476213843 1.01909283270564 "experimento_13" 13 500 1000 0.8 1 0.4 1 0.8
0.99095734837465 1.08366716935204 "experimento_13" 13 500 1000 0.8 1 0.4 1 0.8
0.988332124892622 1.14449405738168 "experimento_13" 13 500 1000 0.8 1 0.4 1 0.8
0.998841850087047 1.1448145339389 "experimento_13" 13 500 1000 0.8 1 0.4 1 0.8
0.976445464184508 1.0297858529042 "experimento_13" 13 500 1000 0.8 1 0.4 1 0.8
0.96931152488105 1.10114607867397 "experimento_13" 13 500 1000 0.8 1 0.4 1 0.8
0.990959087619558 0.937602151491934 "experimento_13" 13 500 1000 0.8 1 0.4 1 0.8
0.992698213085532 1.09786707329835 "experimento_13" 13 500 1000 0.8 1 0.4 1 0.8
0.989582638023421 1.13220521615832 "experimento_13" 13 500 1000 0.8 1 0.4 1 0.8
0.990662975702435 0.989037651041993 "experimento_13" 13 500 1000 0.8 1 0.4 1 0.8
0.984194643096998 1.08946225026789 "experimento_13" 13 500 1000 0.8 1 0.4 1 0.8
0.998225670307875 1.08754922625207 "experimento_13" 13 500 1000 0.8 1 0.4 1 0.8
0.963306621415541 1.08950951147708 "experimento_13" 13 500 1000 0.8 1 0.4 1 0.8
0.986953151179478 1.03670771443308 "experimento_13" 13 500 1000 0.8 1 0.4 1 0.8
0.989828256191686 1.01184192384081 "experimento_13" 13 500 1000 0.8 1 0.4 1 0.8
0.99604529608041 1.15315644896318 "experimento_13" 13 500 1000 0.8 1 0.4 1 0.8
1.0115950461477 0.902356859367515 "experimento_13" 13 500 1000 0.8 1 0.4 1 0.8
0.9687302892562 1.05977298181792 "experimento_13" 13 500 1000 0.8 1 0.4 1 0.8
0.985470165964216 0.925090552882505 "experimento_13" 13 500 1000 0.8 1 0.4 1 0.8
0.983587532071397 0.980862222016157 "experimento_13" 13 500 1000 0.8 1 0.4 1 0.8
0.9945464853663 0.958277103403275 "experimento_13" 13 500 1000 0.8 1 0.4 1 0.8
0.966233826940879 1.07021010452915 "experimento_13" 13 500 1000 0.8 1 0.4 1 0.8
0.999049575300887 0.990011840376741 "experimento_13" 13 500 1000 0.8 1 0.4 1 0.8
0.986903580836952 0.992343440981508 "experimento_13" 13 500 1000 0.8 1 0.4 1 0.8
0.990893792361021 1.11424347620272 "experimento_13" 13 500 1000 0.8 1 0.4 1 0.8
0.999734381912276 0.96703649899786 "experimento_13" 13 500 1000 0.8 1 0.4 1 0.8
0.994134251493961 1.00413235700087 "experimento_13" 13 500 1000 0.8 1 0.4 1 0.8
0.980436671292409 1.18797115324054 "experimento_13" 13 500 1000 0.8 1 0.4 1 0.8
0.99039963632822 1.14400985775133 "experimento_13" 13 500 1000 0.8 1 0.4 1 0.8
0.977471904363483 1.26963815300342 "experimento_13" 13 500 1000 0.8 1 0.4 1 0.8
0.97653413307853 1.22498876552265 "experimento_13" 13 500 1000 0.8 1 0.4 1 0.8
0.9990074778907 1.07353098609367 "experimento_13" 13 500 1000 0.8 1 0.4 1 0.8
0.991348969750106 1.18509508149773 "experimento_13" 13 500 1000 0.8 1 0.4 1 0.8
0.975259562255815 1.13511925544023 "experimento_13" 13 500 1000 0.8 1 0.4 1 0.8
0.980662909103557 1.15129622671284 "experimento_13" 13 500 1000 0.8 1 0.4 1 0.8
0.999778116587549 0.96909187051264 "experimento_13" 13 500 1000 0.8 1 0.4 1 0.8
1.17124489920391 0.850306990111822 "experimento_13" 13 500 1000 0.8 1 0.4 1 0.8
1.00112620845425 1.05703092211464 "experimento_13" 13 500 1000 0.8 1 0.4 1 0.8
0.991891549667343 1.17467046104929 "experimento_13" 13 500 1000 0.8 1 0.4 1 0.8
1.0169321638532 0.836040579209533 "experimento_13" 13 500 1000 0.8 1 0.4 1 0.8
1.48001432316275 0.694023033700185 "experimento_13" 13 500 1000 0.8 1 0.4 1 0.8
0.994322050595656 0.977644407874721 "experimento_13" 13 500 1000 0.8 1 0.4 1 0.8
1.00067390315235 1.0558146580711 "experimento_13" 13 500 1000 0.8 1 0.4 1 0.8
0.978150660870597 0.791741969341559 "experimento_13" 13 500 1000 0.8 1 0.4 1 0.8
0.979348854860291 0.812083994702987 "experimento_13" 13 500 1000 0.8 1 0.4 1 0.8
0.999903761548921 1.07636561674902 "experimento_13" 13 500 1000 0.8 1 0.4 1 0.8
1.02480803381222 0.971148782863414 "experimento_13" 13 500 1000 0.8 1 0.4 1 0.8
0.993313876679167 1.10022346631724 "experimento_13" 13 500 1000 0.8 1 0.4 1 0.8
0.99256019666791 0.978985804706447 "experimento_13" 13 500 1000 0.8 1 0.4 1 0.8
1.00406793231796 1.02626524866662 "experimento_13" 13 500 1000 0.8 1 0.4 1 0.8
1.00065606832504 0.887413101571511 "experimento_13" 13 500 1000 0.8 1 0.4 1 0.8
0.975379064213485 0.971829088946909 "experimento_13" 13 500 1000 0.8 1 0.4 1 0.8
1.26838325476274 0.76365766465511 "experimento_13" 13 500 1000 0.8 1 0.4 1 0.8
0.996080125216395 0.971706658390319 "experimento_13" 13 500 1000 0.8 1 0.4 1 0.8
0.96528690867126 1.02195483215442 "experimento_13" 13 500 1000 0.8 1 0.4 1 0.8
0.985011372249573 1.01044666788101 "experimento_13" 13 500 1000 0.8 1 0.4 1 0.8
0.998355498770252 0.9528598489036 "experimento_13" 13 500 1000 0.8 1 0.4 1 0.8
0.982589618302882 0.956176923670828 "experimento_13" 13 500 1000 0.8 1 0.4 1 0.8
1.22386806597933 0.948284609280451 "experimento_13" 13 500 1000 0.8 1 0.4 1 0.8
1.00343596658145 1.04968517500983 "experimento_13" 13 500 1000 0.8 1 0.4 1 0.8
1.00156309881768 0.935813701419384 "experimento_13" 13 500 1000 0.8 1 0.4 1 0.8
0.998791018500924 1.14784180426254 "experimento_13" 13 500 1000 0.8 1 0.4 1 0.8
0.994270436931401 0.853676332247619 "experimento_13" 13 500 1000 0.8 1 0.4 1 0.8
0.968935089418665 1.16876640554457 "experimento_13" 13 500 1000 0.8 1 0.4 1 0.8
0.999544187681749 0.972820905780778 "experimento_13" 13 500 1000 0.8 1 0.4 1 0.8
1.10418170085177 1.05540700837762 "experimento_13" 13 500 1000 0.8 1 0.4 1 0.8
1.03858175120455 0.882892657737202 "experimento_13" 13 500 1000 0.8 1 0.4 1 0.8
1.04079979743426 0.919811116128202 "experimento_13" 13 500 1000 0.8 1 0.4 1 0.8
0.988368359161541 1.06982991351642 "experimento_13" 13 500 1000 0.8 1 0.4 1 0.8
0.995931840967387 1.05678869700624 "experimento_13" 13 500 1000 0.8 1 0.4 1 0.8
0.97855436312966 0.954709600530865 "experimento_13" 13 500 1000 0.8 1 0.4 1 0.8
0.991450423607603 1.11455729457229 "experimento_13" 13 500 1000 0.8 1 0.4 1 0.8
0.98126162448898 1.20563891827179 "experimento_13" 13 500 1000 0.8 1 0.4 1 0.8
0.9987516424153 1.17064592289969 "experimento_13" 13 500 1000 0.8 1 0.4 1 0.8
1.00748678166486 0.870874473920426 "experimento_13" 13 500 1000 0.8 1 0.4 1 0.8
0.99046845943667 1.02613085856449 "experimento_13" 13 500 1000 0.8 1 0.4 1 0.8
1.01884445082396 1.21786143476833 "experimento_13" 13 500 1000 0.8 1 0.4 1 0.8
1.01212366481778 0.864243113680399 "experimento_13" 13 500 1000 0.8 1 0.4 1 0.8
1.13395848218352 1.07160911282598 "experimento_13" 13 500 1000 0.8 1 0.4 1 0.8
1.00940416111348 1.1197040810067 "experimento_13" 13 500 1000 0.8 1 0.4 1 0.8
1.02796625105651 1.00377540955965 "experimento_13" 13 500 1000 0.8 1 0.4 1 0.8
0.999222745187581 0.828800233199803 "experimento_13" 13 500 1000 0.8 1 0.4 1 0.8
0.995562849799171 1.11965286353956 "experimento_13" 13 500 1000 0.8 1 0.4 1 0.8
0.954849844565615 1.06147942657398 "experimento_13" 13 500 1000 0.8 1 0.4 1 0.8
0.999881783034652 0.977194382386215 "experimento_13" 13 500 1000 0.8 1 0.4 1 0.8
0.987870406592265 0.947131459363782 "experimento_13" 13 500 1000 0.8 1 0.4 1 0.8
0.977351258974522 1.13749322858178 "experimento_13" 13 500 1000 0.8 1 0.4 1 0.8
1.39877052337049 0.859087411287514 "experimento_13" 13 500 1000 0.8 1 0.4 1 0.8
1.05171664363667 1.06240244859078 "experimento_13" 13 500 1000 0.8 1 0.4 1 0.8
0.977753271115944 1.10116295249486 "experimento_13" 13 500 1000 0.8 1 0.4 1 0.8
1.52293394226581 0.819814924371962 "experimento_13" 13 500 1000 0.8 1 0.4 1 0.8
1.00607399502769 0.881079175299371 "experimento_13" 13 500 1000 0.8 1 0.4 1 0.8
1.00243178830341 1.08657805552848 "experimento_13" 13 500 1000 0.8 1 0.4 1 0.8
0.975121438968927 1.26513980712419 "experimento_13" 13 500 1000 0.8 1 0.4 1 0.8
0.997933107661083 0.916395503206027 "experimento_13" 13 500 1000 0.8 1 0.4 1 0.8
0.982313717249781 0.983991607276128 "experimento_13" 13 500 1000 0.8 1 0.4 1 0.8
0.993067928822711 1.04276299206177 "experimento_13" 13 500 1000 0.8 1 0.4 1 0.8
1.01238119476055 1.01113618954617 "experimento_13" 13 500 1000 0.8 1 0.4 1 0.8
1.15928177302703 1.13139863024938 "experimento_13" 13 500 1000 0.8 1 0.4 1 0.8
0.987454055808485 0.90048236966991 "experimento_13" 13 500 1000 0.8 1 0.4 1 0.8
0.999365268973634 1.0575434566061 "experimento_13" 13 500 1000 0.8 1 0.4 1 0.8
1.03539556916803 0.940159312417468 "experimento_13" 13 500 1000 0.8 1 0.4 1 0.8
0.991809445433319 0.971897855352989 "experimento_13" 13 500 1000 0.8 1 0.4 1 0.8
1.00773807049193 0.974500751233879 "experimento_13" 13 500 1000 0.8 1 0.4 1 0.8
0.994118110509589 0.887605695598947 "experimento_13" 13 500 1000 0.8 1 0.4 1 0.8
0.998982109129429 0.976311613901644 "experimento_13" 13 500 1000 0.8 1 0.4 1 0.8
0.995991525705904 1.04158389368277 "experimento_13" 13 500 1000 0.8 1 0.4 1 0.8
1.07375392969698 0.904591823024067 "experimento_13" 13 500 1000 0.8 1 0.4 1 0.8
0.939624098595232 1.06219515075245 "experimento_13" 13 500 1000 0.8 1 0.4 1 0.8
0.999480015831068 1.04760898511899 "experimento_13" 13 500 1000 0.8 1 0.4 1 0.8
0.988769628340378 1.1289442936503 "experimento_13" 13 500 1000 0.8 1 0.4 1 0.8
0.917129043256864 1.47654927292255 "experimento_13" 13 500 1000 0.8 1 0.4 1 0.8
0.990364664467052 0.978980759633555 "experimento_13" 13 500 1000 0.8 1 0.4 1 0.8
1.00882086129638 1.18747522236356 "experimento_13" 13 500 1000 0.8 1 0.4 1 0.8
0.992298187687993 1.04285021424628 "experimento_13" 13 500 1000 0.8 1 0.4 1 0.8
1.24007639242336 0.815286881791606 "experimento_13" 13 500 1000 0.8 1 0.4 1 0.8
1.00168286869302 0.98660888124604 "experimento_13" 13 500 1000 0.8 1 0.4 1 0.8
0.97830065456219 1.09010722513618 "experimento_13" 13 500 1000 0.8 1 0.4 1 0.8
0.997467529494315 1.11286548800216 "experimento_13" 13 500 1000 0.8 1 0.4 1 0.8
0.988410925492644 0.814385155367813 "experimento_13" 13 500 1000 0.8 1 0.4 1 0.8
0.987393363844603 0.997477976773126 "experimento_13" 13 500 1000 0.8 1 0.4 1 0.8
1.02901883897314 0.997567574646941 "experimento_13" 13 500 1000 0.8 1 0.4 1 0.8
1.00940517493973 0.936626563184394 "experimento_13" 13 500 1000 0.8 1 0.4 1 0.8
0.969208158319816 1.16460537458781 "experimento_13" 13 500 1000 0.8 1 0.4 1 0.8
0.999735902296379 0.843386514506601 "experimento_13" 13 500 1000 0.8 1 0.4 1 0.8
0.99905916233547 0.967355391236799 "experimento_13" 13 500 1000 0.8 1 0.4 1 0.8
0.995452362811193 1.00016347396067 "experimento_13" 13 500 1000 0.8 1 0.4 1 0.8
0.952455055899918 0.963008478474484 "experimento_13" 13 500 1000 0.8 1 0.4 1 0.8
0.979820823995396 1.00556052186151 "experimento_13" 13 500 1000 0.8 1 0.4 1 0.8
0.984633484156802 0.986803723254945 "experimento_13" 13 500 1000 0.8 1 0.4 1 0.8
0.986749916570261 1.10308312767752 "experimento_13" 13 500 1000 0.8 1 0.4 1 0.8
0.998498282162473 1.02474099483711 "experimento_13" 13 500 1000 0.8 1 0.4 1 0.8
1.10366822561029 0.858402573555328 "experimento_13" 13 500 1000 0.8 1 0.4 1 0.8
0.998787430813536 0.981708753346767 "experimento_13" 13 500 1000 0.8 1 0.4 1 0.8
1.00795206986368 1.02278482049273 "experimento_13" 13 500 1000 0.8 1 0.4 1 0.8
1.00033166445792 0.834594442763145 "experimento_13" 13 500 1000 0.8 1 0.4 1 0.8
0.987685506464913 1.19105032367586 "experimento_13" 13 500 1000 0.8 1 0.4 1 0.8
0.984588665654883 0.989115203918587 "experimento_13" 13 500 1000 0.8 1 0.4 1 0.8
0.974990268470719 0.970658304345507 "experimento_13" 13 500 1000 0.8 1 0.4 1 0.8
0.980532294372097 1.04992665675701 "experimento_13" 13 500 1000 0.8 1 0.4 1 0.8
0.986634931992739 1.12267112031726 "experimento_13" 13 500 1000 0.8 1 0.4 1 0.8
0.995158396894112 0.886522271689911 "experimento_13" 13 500 1000 0.8 1 0.4 1 0.8
0.957769633503631 1.03671359662545 "experimento_13" 13 500 1000 0.8 1 0.4 1 0.8
1.00493538752198 0.931118196134868 "experimento_13" 13 500 1000 0.8 1 0.4 1 0.8
0.979590852279216 1.1870588751951 "experimento_13" 13 500 1000 0.8 1 0.4 1 0.8
0.979880291502923 1.02467918182158 "experimento_13" 13 500 1000 0.8 1 0.4 1 0.8
0.988590654684231 1.11921373435829 "experimento_13" 13 500 1000 0.8 1 0.4 1 0.8
0.980950997909531 1.01900481297541 "experimento_13" 13 500 1000 0.8 1 0.4 1 0.8
0.996731484308839 0.975509526203928 "experimento_13" 13 500 1000 0.8 1 0.4 1 0.8
0.987598004052415 0.960053796066526 "experimento_13" 13 500 1000 0.8 1 0.4 1 0.8
0.996635330142453 0.974097426023303 "experimento_13" 13 500 1000 0.8 1 0.4 1 0.8
0.995023920433596 1.08646149448919 "experimento_13" 13 500 1000 0.8 1 0.4 1 0.8
0.972616526065394 1.00912828588887 "experimento_13" 13 500 1000 0.8 1 0.4 1 0.8
0.968930590664968 1.2301062937328 "experimento_13" 13 500 1000 0.8 1 0.4 1 0.8
0.985587053466588 1.17619716854937 "experimento_13" 13 500 1000 0.8 1 0.4 1 0.8
1.30212939484045 0.889120185949404 "experimento_13" 13 500 1000 0.8 1 0.4 1 0.8
0.953651382355019 1.25074820550561 "experimento_13" 13 500 1000 0.8 1 0.4 1 0.8
0.99769877223298 0.869474559712051 "experimento_13" 13 500 1000 0.8 1 0.4 1 0.8
0.987740729702637 1.21740620072029 "experimento_13" 13 500 1000 0.8 1 0.4 1 0.8
1.08697973750532 0.877298914442961 "experimento_13" 13 500 1000 0.8 1 0.4 1 0.8
0.986255664145574 1.10675588733767 "experimento_13" 13 500 1000 0.8 1 0.4 1 0.8
0.980337389744818 1.17198757601059 "experimento_13" 13 500 1000 0.8 1 0.4 1 0.8
0.979450303129852 0.942533293734972 "experimento_13" 13 500 1000 0.8 1 0.4 1 0.8
0.999178600031883 0.773969695183552 "experimento_13" 13 500 1000 0.8 1 0.4 1 0.8
0.984642390627414 1.01828888070795 "experimento_13" 13 500 1000 0.8 1 0.4 1 0.8
1.13326990278438 0.92893053199108 "experimento_13" 13 500 1000 0.8 1 0.4 1 0.8
0.994515498401597 1.08636951548115 "experimento_13" 13 500 1000 0.8 1 0.4 1 0.8
1.28089092019945 0.891017007589638 "experimento_13" 13 500 1000 0.8 1 0.4 1 0.8
0.966685034101829 1.05046665467717 "experimento_13" 13 500 1000 0.8 1 0.4 1 0.8
1.00176770659164 0.998980417565208 "experimento_13" 13 500 1000 0.8 1 0.4 1 0.8
0.980230552144349 1.070847169846 "experimento_13" 13 500 1000 0.8 1 0.4 1 0.8
0.974543511401862 1.15163834297494 "experimento_13" 13 500 1000 0.8 1 0.4 1 0.8
0.977087127044797 1.27620519604703 "experimento_13" 13 500 1000 0.8 1 0.4 1 0.8
1.06025735740135 0.966840476802991 "experimento_13" 13 500 1000 0.8 1 0.4 1 0.8
0.980664377100766 1.01305936121049 "experimento_13" 13 500 1000 0.8 1 0.4 1 0.8
0.99737544124946 0.93080922145631 "experimento_13" 13 500 1000 0.8 1 0.4 1 0.8
0.979389932705089 0.952772850463421 "experimento_13" 13 500 1000 0.8 1 0.4 1 0.8
0.986598011571914 1.26296785157162 "experimento_13" 13 500 1000 0.8 1 0.4 1 0.8
0.999746374087408 1.16145881947497 "experimento_13" 13 500 1000 0.8 1 0.4 1 0.8
0.983273185789585 0.86115666322597 "experimento_13" 13 500 1000 0.8 1 0.4 1 0.8
0.981898953905329 1.23512758242455 "experimento_13" 13 500 1000 0.8 1 0.4 1 0.8
0.998230600031093 1.08106902768925 "experimento_13" 13 500 1000 0.8 1 0.4 1 0.8
1.22153644640067 1.08949194830722 "experimento_13" 13 500 1000 0.8 1 0.4 1 0.8
0.987126486143097 0.844931940522025 "experimento_13" 13 500 1000 0.8 1 0.4 1 0.8
0.981461723102257 1.0995866607936 "experimento_13" 13 500 1000 0.8 1 0.4 1 0.8
0.981006757123396 1.09020338079601 "experimento_13" 13 500 1000 0.8 1 0.4 1 0.8
0.995895224390551 1.00394817691391 "experimento_13" 13 500 1000 0.8 1 0.4 1 0.8
1.03776962634854 1.09808129328679 "experimento_13" 13 500 1000 0.8 1 0.4 1 0.8
0.971579475561157 0.957801595452281 "experimento_13" 13 500 1000 0.8 1 0.4 1 0.8
0.997427192516625 0.862987709188465 "experimento_13" 13 500 1000 0.8 1 0.4 1 0.8
1.07439488265663 0.95797617172499 "experimento_13" 13 500 1000 0.8 1 0.4 1 0.8
1.13704429888712 0.963232060254887 "experimento_13" 13 500 1000 0.8 1 0.4 1 0.8
0.995138713391498 1.09116707049006 "experimento_13" 13 500 1000 0.8 1 0.4 1 0.8
1.01879653847378 1.04009552249351 "experimento_13" 13 500 1000 0.8 1 0.4 1 0.8
0.964411169523373 1.04005206688055 "experimento_13" 13 500 1000 0.8 1 0.4 1 0.8
0.999810470500961 1.03042821811178 "experimento_13" 13 500 1000 0.8 1 0.4 1 0.8
0.987104012165219 1.03046160488729 "experimento_13" 13 500 1000 0.8 1 0.4 1 0.8
1.07179656252265 1.00384479176528 "experimento_13" 13 500 1000 0.8 1 0.4 1 0.8
0.975883555132896 0.995350940003425 "experimento_13" 13 500 1000 0.8 1 0.4 1 0.8
0.975452564656734 1.16424477498511 "experimento_13" 13 500 1000 0.8 1 0.4 1 0.8
0.980157547164708 1.05753065867704 "experimento_13" 13 500 1000 0.8 1 0.4 1 0.8
0.965787613298744 1.07745376335307 "experimento_13" 13 500 1000 0.8 1 0.4 1 0.8
0.989285166142508 1.17706934740008 "experimento_13" 13 500 1000 0.8 1 0.4 1 0.8
0.564256148645654 1.58520920143974 "experimento_13" 13 500 1000 0.8 1 0.4 1 0.8
0.997692494420335 0.829025019488006 "experimento_13" 13 500 1000 0.8 1 0.4 1 0.8
0.994701493764296 1.05435883556531 "experimento_13" 13 500 1000 0.8 1 0.4 1 0.8
0.98453314602375 1.2985590087056 "experimento_13" 13 500 1000 0.8 1 0.4 1 0.8
0.999045063508675 0.934506036722208 "experimento_13" 13 500 1000 0.8 1 0.4 1 0.8
0.996176617220044 0.883363501230583 "experimento_13" 13 500 1000 0.8 1 0.4 1 0.8
0.978708324721083 1.16826205324847 "experimento_13" 13 500 1000 0.8 1 0.4 1 0.8
0.959925413131714 1.00379039834741 "experimento_13" 13 500 1000 0.8 1 0.4 1 0.8
1.00120690604672 1.02216108132417 "experimento_13" 13 500 1000 0.8 1 0.4 1 0.8
0.998726372607052 1.14639505100744 "experimento_13" 13 500 1000 0.8 1 0.4 1 0.8
1.13763771625236 0.943479887552707 "experimento_13" 13 500 1000 0.8 1 0.4 1 0.8
0.999124335125089 1.00418197103803 "experimento_13" 13 500 1000 0.8 1 0.4 1 0.8
0.981782037299126 1.1459070103632 "experimento_13" 13 500 1000 0.8 1 0.4 1 0.8
0.977279708255082 0.972681364761752 "experimento_13" 13 500 1000 0.8 1 0.4 1 0.8
0.991426434367895 0.9455810151156 "experimento_13" 13 500 1000 0.8 1 0.4 1 0.8
0.976043439237401 0.991660838708643 "experimento_13" 13 500 1000 0.8 1 0.4 1 0.8
0.990848150569946 1.26048340196676 "experimento_13" 13 500 1000 0.8 1 0.4 1 0.8
0.993089279625565 0.965822806910336 "experimento_13" 13 500 1000 0.8 1 0.4 1 0.8
0.980637039523572 1.11600863029369 "experimento_13" 13 500 1000 0.8 1 0.4 1 0.8
0.975987520767376 1.07952373051115 "experimento_13" 13 500 1000 0.8 1 0.4 1 0.8
0.978380449581891 0.979432249464409 "experimento_13" 13 500 1000 0.8 1 0.4 1 0.8
1.00231070062087 0.972950646530002 "experimento_13" 13 500 1000 0.8 1 0.4 1 0.8
0.985878073610365 1.11658157224874 "experimento_13" 13 500 1000 0.8 1 0.4 1 0.8
0.985373877454549 0.996096757038193 "experimento_13" 13 500 1000 0.8 1 0.4 1 0.8
1.10764334630221 0.74437215806126 "experimento_13" 13 500 1000 0.8 1 0.4 1 0.8
0.976099479943514 0.917545496731507 "experimento_13" 13 500 1000 0.8 1 0.4 1 0.8
0.993905176175758 1.08964458384089 "experimento_13" 13 500 1000 0.8 1 0.4 1 0.8
0.99808317120187 0.83926053621273 "experimento_13" 13 500 1000 0.8 1 0.4 1 0.8
0.990477558225393 0.966472453183343 "experimento_13" 13 500 1000 0.8 1 0.4 1 0.8
0.959084583912045 0.836773590647499 "experimento_13" 13 500 1000 0.8 1 0.4 1 0.8
1.02073264541104 0.828492870138294 "experimento_13" 13 500 1000 0.8 1 0.4 1 0.8
0.97118697152473 1.11965320245439 "experimento_13" 13 500 1000 0.8 1 0.4 1 0.8
0.988853677175939 1.1085537594441 "experimento_13" 13 500 1000 0.8 1 0.4 1 0.8
0.987457380164415 1.00509075570547 "experimento_13" 13 500 1000 0.8 1 0.4 1 0.8
0.959778209216893 0.920454689705068 "experimento_13" 13 500 1000 0.8 1 0.4 1 0.8
0.986267780419439 0.923802244350641 "experimento_13" 13 500 1000 0.8 1 0.4 1 0.8
0.993758758530021 1.10954724986286 "experimento_13" 13 500 1000 0.8 1 0.4 1 0.8
1.02520461659878 1.01570973460779 "experimento_13" 13 500 1000 0.8 1 0.4 1 0.8
0.960993195185438 1.09845047825383 "experimento_13" 13 500 1000 0.8 1 0.4 1 0.8
1.0978059473561 0.930037152873293 "experimento_13" 13 500 1000 0.8 1 0.4 1 0.8
0.99508423381485 1.07034735150536 "experimento_13" 13 500 1000 0.8 1 0.4 1 0.8
1.00310117571922 0.905172756634539 "experimento_13" 13 500 1000 0.8 1 0.4 1 0.8
1.25335878413171 1.00889049933334 "experimento_13" 13 500 1000 0.8 1 0.4 1 0.8
0.98645831272006 1.24286841955915 "experimento_13" 13 500 1000 0.8 1 0.4 1 0.8
0.997688062954694 1.06230894168538 "experimento_13" 13 500 1000 0.8 1 0.4 1 0.8
0.964389785891399 1.0517353545717 "experimento_13" 13 500 1000 0.8 1 0.4 1 0.8
0.912863380974159 1.06517702095838 "experimento_13" 13 500 1000 0.8 1 0.4 1 0.8
1.32841447383874 0.787028222393899 "experimento_13" 13 500 1000 0.8 1 0.4 1 0.8
0.98158962582238 1.07254891468208 "experimento_13" 13 500 1000 0.8 1 0.4 1 0.8
0.990821908926591 0.939358175911502 "experimento_13" 13 500 1000 0.8 1 0.4 1 0.8
1.00239828733326 0.864011622187288 "experimento_13" 13 500 1000 0.8 1 0.4 1 0.8
1.01018095109612 1.03838536723421 "experimento_13" 13 500 1000 0.8 1 0.4 1 0.8
1.04775240805621 0.896298459787417 "experimento_13" 13 500 1000 0.8 1 0.4 1 0.8
0.987402473343536 0.956726611493064 "experimento_13" 13 500 1000 0.8 1 0.4 1 0.8
1.08695818949491 1.05031179382485 "experimento_13" 13 500 1000 0.8 1 0.4 1 0.8
0.974018718348816 1.29647603791475 "experimento_13" 13 500 1000 0.8 1 0.4 1 0.8
0.994501027744263 1.42035273331665 "experimento_13" 13 500 1000 0.8 1 0.4 1 0.8
0.99711329722777 1.09250441691755 "experimento_13" 13 500 1000 0.8 1 0.4 1 0.8
1.10788575047627 0.88003057693796 "experimento_13" 13 500 1000 0.8 1 0.4 1 0.8
0.988044244470075 0.770499448313926 "experimento_13" 13 500 1000 0.8 1 0.4 1 0.8
1.05332141602412 1.05638258568816 "experimento_13" 13 500 1000 0.8 1 0.4 1 0.8
0.997478248085827 1.10828233047639 "experimento_13" 13 500 1000 0.8 1 0.4 1 0.8
1.05436034696394 0.970270691192029 "experimento_13" 13 500 1000 0.8 1 0.4 1 0.8
1.02555915433913 1.05312610954861 "experimento_13" 13 500 1000 0.8 1 0.4 1 0.8
0.989053963450715 1.16724736600697 "experimento_13" 13 500 1000 0.8 1 0.4 1 0.8
0.996809254633263 1.05694350486288 "experimento_13" 13 500 1000 0.8 1 0.4 1 0.8
0.979486557189375 0.885546832962659 "experimento_13" 13 500 1000 0.8 1 0.4 1 0.8
0.987082116072997 1.02602121095533 "experimento_13" 13 500 1000 0.8 1 0.4 1 0.8
0.996850268682465 1.02271221436373 "experimento_13" 13 500 1000 0.8 1 0.4 1 0.8
0.970116147538647 1.10451218060662 "experimento_13" 13 500 1000 0.8 1 0.4 1 0.8
0.992545860819519 0.932670805783978 "experimento_13" 13 500 1000 0.8 1 0.4 1 0.8
0.987867157207802 1.06022397579692 "experimento_13" 13 500 1000 0.8 1 0.4 1 0.8
0.992265982786193 1.30075576254308 "experimento_13" 13 500 1000 0.8 1 0.4 1 0.8
0.995914706494659 1.09459403363521 "experimento_13" 13 500 1000 0.8 1 0.4 1 0.8
0.99854596471414 0.868109935069118 "experimento_13" 13 500 1000 0.8 1 0.4 1 0.8
0.998730449704453 0.938431152252603 "experimento_13" 13 500 1000 0.8 1 0.4 1 0.8
0.99616937036626 1.08882878897781 "experimento_13" 13 500 1000 0.8 1 0.4 1 0.8
0.979873473290354 1.14745693932405 "experimento_13" 13 500 1000 0.8 1 0.4 1 0.8
0.998357267817482 0.882357720729949 "experimento_13" 13 500 1000 0.8 1 0.4 1 0.8
0.991620038403198 0.974596567559926 "experimento_13" 13 500 1000 0.8 1 0.4 1 0.8
0.988158649066463 0.896154954481423 "experimento_13" 13 500 1000 0.8 1 0.4 1 0.8
0.98814021749422 1.07536441655701 "experimento_13" 13 500 1000 0.8 1 0.4 1 0.8
0.991312123835087 1.02933110757556 "experimento_13" 13 500 1000 0.8 1 0.4 1 0.8
0.995623547816649 0.90493084864783 "experimento_13" 13 500 1000 0.8 1 0.4 1 0.8
0.9992071071174 0.963987562228229 "experimento_13" 13 500 1000 0.8 1 0.4 1 0.8
1.01967549836263 0.893735111549788 "experimento_13" 13 500 1000 0.8 1 0.4 1 0.8
0.979046639287844 0.973869835232004 "experimento_13" 13 500 1000 0.8 1 0.4 1 0.8
0.998183251591399 1.04833751653367 "experimento_13" 13 500 1000 0.8 1 0.4 1 0.8
1.02611110475611 0.880713897377822 "experimento_13" 13 500 1000 0.8 1 0.4 1 0.8
0.988225570647046 0.930251758743882 "experimento_13" 13 500 1000 0.8 1 0.4 1 0.8
0.974007909186184 1.15393641675076 "experimento_13" 13 500 1000 0.8 1 0.4 1 0.8
0.966697734082118 1.18109286460616 "experimento_13" 13 500 1000 0.8 1 0.4 1 0.8
0.998728178441525 1.02263176386618 "experimento_13" 13 500 1000 0.8 1 0.4 1 0.8
0.99881557864137 0.987640759123408 "experimento_13" 13 500 1000 0.8 1 0.4 1 0.8
1.00809774454683 0.926246008920086 "experimento_13" 13 500 1000 0.8 1 0.4 1 0.8
0.983172093518078 1.03931830933383 "experimento_13" 13 500 1000 0.8 1 0.4 1 0.8
0.973118180176243 1.1198309315107 "experimento_13" 13 500 1000 0.8 1 0.4 1 0.8
0.988437447929755 1.10173930964663 "experimento_13" 13 500 1000 0.8 1 0.4 1 0.8
0.990921304794028 0.973594810138561 "experimento_13" 13 500 1000 0.8 1 0.4 1 0.8
1.03065477637574 1.09276495260334 "experimento_13" 13 500 1000 0.8 1 0.4 1 0.8
1.16731053857511 1.0541881098914 "experimento_13" 13 500 1000 0.8 1 0.4 1 0.8
1.02002965524502 1.17402035541281 "experimento_13" 13 500 1000 0.8 1 0.4 1 0.8
0.985351600451395 1.06148481101283 "experimento_13" 13 500 1000 0.8 1 0.4 1 0.8
0.980636679334566 0.986995441123082 "experimento_13" 13 500 1000 0.8 1 0.4 1 0.8
1.01409948839636 1.07846457195212 "experimento_13" 13 500 1000 0.8 1 0.4 1 0.8
0.975332665955648 1.08636107292375 "experimento_13" 13 500 1000 0.8 1 0.4 1 0.8
0.984697149600834 1.00845952960292 "experimento_13" 13 500 1000 0.8 1 0.4 1 0.8
0.987068353453651 1.04625387001967 "experimento_13" 13 500 1000 0.8 1 0.4 1 0.8
0.972392845433205 1.26890424240323 "experimento_13" 13 500 1000 0.8 1 0.4 1 0.8
1.0096578056906 0.988650623131234 "experimento_13" 13 500 1000 0.8 1 0.4 1 0.8
0.93125861720182 0.995230990601655 "experimento_13" 13 500 1000 0.8 1 0.4 1 0.8
0.996993757318705 0.870885038425774 "experimento_13" 13 500 1000 0.8 1 0.4 1 0.8
0.986245613545179 1.15308178673934 "experimento_13" 13 500 1000 0.8 1 0.4 1 0.8
0.991897065658122 0.886987235967498 "experimento_13" 13 500 1000 0.8 1 0.4 1 0.8
0.998166636331007 1.18543921005544 "experimento_13" 13 500 1000 0.8 1 0.4 1 0.8
0.997433986980468 0.997320270171574 "experimento_13" 13 500 1000 0.8 1 0.4 1 0.8
1.08090696400924 1.0148728095832 "experimento_13" 13 500 1000 0.8 1 0.4 1 0.8
1.08311328022728 1.00713401807656 "experimento_13" 13 500 1000 0.8 1 0.4 1 0.8
0.994484519818798 0.970478973703149 "experimento_13" 13 500 1000 0.8 1 0.4 1 0.8
0.993362279143184 1.01904544444176 "experimento_13" 13 500 1000 0.8 1 0.4 1 0.8
1.42029515607283 0.769191828305994 "experimento_13" 13 500 1000 0.8 1 0.4 1 0.8
0.992027457570657 1.14281975619853 "experimento_13" 13 500 1000 0.8 1 0.4 1 0.8
1.28860092632242 1.00653965422551 "experimento_13" 13 500 1000 0.8 1 0.4 1 0.8
0.98438477749005 1.01955838181696 "experimento_13" 13 500 1000 0.8 1 0.4 1 0.8
1.02868332913672 1.01918407510786 "experimento_13" 13 500 1000 0.8 1 0.4 1 0.8
0.972632164834067 0.948304388354437 "experimento_13" 13 500 1000 0.8 1 0.4 1 0.8
1.3874026001431 0.83083471011765 "experimento_13" 13 500 1000 0.8 1 0.4 1 0.8
0.999059290392324 0.975802149824582 "experimento_13" 13 500 1000 0.8 1 0.4 1 0.8
1.06653959304094 0.996077145816083 "experimento_13" 13 500 1000 0.8 1 0.4 1 0.8
0.970151252811775 1.09943998591251 "experimento_13" 13 500 1000 0.8 1 0.4 1 0.8
1.10097653111807 0.886437522542657 "experimento_13" 13 500 1000 0.8 1 0.4 1 0.8
0.988121571950614 1.05073995496345 "experimento_13" 13 500 1000 0.8 1 0.4 1 0.8
0.981345338746905 1.0644131979621 "experimento_13" 13 500 1000 0.8 1 0.4 1 0.8
0.997648966964334 1.01541343954808 "experimento_13" 13 500 1000 0.8 1 0.4 1 0.8
0.996712799882516 1.02361332726424 "experimento_13" 13 500 1000 0.8 1 0.4 1 0.8
0.979500570800155 1.19559945982053 "experimento_13" 13 500 1000 0.8 1 0.4 1 0.8
0.965595829067752 1.26352991170852 "experimento_13" 13 500 1000 0.8 1 0.4 1 0.8
0.976812331471592 1.06641717911817 "experimento_13" 13 500 1000 0.8 1 0.4 1 0.8
0.968115455936641 0.93149467151021 "experimento_13" 13 500 1000 0.8 1 0.4 1 0.8
0.980257462710142 0.924737730998087 "experimento_13" 13 500 1000 0.8 1 0.4 1 0.8
0.98768552346155 0.965959691168344 "experimento_13" 13 500 1000 0.8 1 0.4 1 0.8
1.08566415449604 1.02067188994031 "experimento_13" 13 500 1000 0.8 1 0.4 1 0.8
0.993903845082968 0.983445984680371 "experimento_13" 13 500 1000 0.8 1 0.4 1 0.8
1.01689781200796 0.989950062408332 "experimento_13" 13 500 1000 0.8 1 0.4 1 0.8
0.990257113007829 0.943193645167872 "experimento_13" 13 500 1000 0.8 1 0.4 1 0.8
0.999043788295239 0.967228834303298 "experimento_13" 13 500 1000 0.8 1 0.4 1 0.8
0.998810795601457 1.14182028537307 "experimento_13" 13 500 1000 0.8 1 0.4 1 0.8
0.994090922176838 0.911628009692125 "experimento_13" 13 500 1000 0.8 1 0.4 1 0.8
0.975543497130275 1.1380914289162 "experimento_13" 13 500 1000 0.8 1 0.4 1 0.8
0.972495001507923 1.19175243772969 "experimento_13" 13 500 1000 0.8 1 0.4 1 0.8
0.995988873997703 0.939072076921448 "experimento_13" 13 500 1000 0.8 1 0.4 1 0.8
0.995971435680985 1.12328082634349 "experimento_13" 13 500 1000 0.8 1 0.4 1 0.8
0.988130698911846 1.1864563870221 "experimento_13" 13 500 1000 0.8 1 0.4 1 0.8
0.933550260728225 1.07374482286293 "experimento_13" 13 500 1000 0.8 1 0.4 1 0.8
0.996763850562274 0.968593305404591 "experimento_13" 13 500 1000 0.8 1 0.4 1 0.8
1.02423609653488 0.875028707164488 "experimento_13" 13 500 1000 0.8 1 0.4 1 0.8
0.986587717663497 1.07230852886347 "experimento_13" 13 500 1000 0.8 1 0.4 1 0.8
0.971236048266292 1.01129631696777 "experimento_13" 13 500 1000 0.8 1 0.4 1 0.8
1.16218591434881 0.91858619523352 "experimento_13" 13 500 1000 0.8 1 0.4 1 0.8
0.981233282480389 0.91772213753375 "experimento_13" 13 500 1000 0.8 1 0.4 1 0.8
0.983777292305604 0.824366299401838 "experimento_13" 13 500 1000 0.8 1 0.4 1 0.8
0.953206687700003 1.03616787717917 "experimento_13" 13 500 1000 0.8 1 0.4 1 0.8
0.954949009697884 1.25614900627389 "experimento_13" 13 500 1000 0.8 1 0.4 1 0.8
1.01324768457562 1.05752669109159 "experimento_13" 13 500 1000 0.8 1 0.4 1 0.8
0.995007255580276 1.07559931904947 "experimento_13" 13 500 1000 0.8 1 0.4 1 0.8
0.996117214672267 1.19507560886739 "experimento_13" 13 500 1000 0.8 1 0.4 1 0.8
0.948475611163303 1.1179603690977 "experimento_13" 13 500 1000 0.8 1 0.4 1 0.8
0.99612182052806 1.01310583082196 "experimento_13" 13 500 1000 0.8 1 0.4 1 0.8
0.966179340379313 1.37880106501156 "experimento_13" 13 500 1000 0.8 1 0.4 1 0.8
0.979163350304589 0.867653984829884 "experimento_13" 13 500 1000 0.8 1 0.4 1 0.8
0.976639822358266 1.07887740688803 "experimento_13" 13 500 1000 0.8 1 0.4 1 0.8
0.988703698851168 1.02746793685722 "experimento_13" 13 500 1000 0.8 1 0.4 1 0.8
0.975923989666626 0.861563471812731 "experimento_13" 13 500 1000 0.8 1 0.4 1 0.8
0.998793974751607 0.936360339922084 "experimento_13" 13 500 1000 0.8 1 0.4 1 0.8
0.977569104637951 1.03240123398257 "experimento_13" 13 500 1000 0.8 1 0.4 1 0.8
1.00047714821994 0.955904446927654 "experimento_13" 13 500 1000 0.8 1 0.4 1 0.8
1.01417976617813 1.1119304408965 "experimento_13" 13 500 1000 0.8 1 0.4 1 0.8
0.985643952852115 1.01333935564188 "experimento_13" 13 500 1000 0.8 1 0.4 1 0.8
0.994068366242573 0.994337138488454 "experimento_13" 13 500 1000 0.8 1 0.4 1 0.8
0.977713002124801 0.983428023740558 "experimento_13" 13 500 1000 0.8 1 0.4 1 0.8
0.996427040779963 1.01518644731188 "experimento_13" 13 500 1000 0.8 1 0.4 1 0.8
0.991075468249619 0.985883591098506 "experimento_13" 13 500 1000 0.8 1 0.4 1 0.8
1.00371273420815 0.984810054414398 "experimento_13" 13 500 1000 0.8 1 0.4 1 0.8
0.994124652119353 0.90158719739921 "experimento_13" 13 500 1000 0.8 1 0.4 1 0.8
0.99948692903854 0.875898286227571 "experimento_13" 13 500 1000 0.8 1 0.4 1 0.8
0.986339744180441 1.08615470861944 "experimento_13" 13 500 1000 0.8 1 0.4 1 0.8
0.967564547201619 1.24885451464852 "experimento_13" 13 500 1000 0.8 1 0.4 1 0.8
0.979104072554037 1.11073149593744 "experimento_13" 13 500 1000 0.8 1 0.4 1 0.8
1.38653329806402 0.898475052605219 "experimento_13" 13 500 1000 0.8 1 0.4 1 0.8
0.984198330203071 1.11713556345928 "experimento_13" 13 500 1000 0.8 1 0.4 1 0.8
0.94984305370599 1.0493131370826 "experimento_13" 13 500 1000 0.8 1 0.4 1 0.8
0.985596004407853 1.07237947260508 "experimento_13" 13 500 1000 0.8 1 0.4 1 0.8
1.26971222041175 0.900564497949365 "experimento_13" 13 500 1000 0.8 1 0.4 1 0.8
0.918289634631947 0.979789054223267 "experimento_13" 13 500 1000 0.8 1 0.4 1 0.8
1.02688645460613 1.08586509724736 "experimento_13" 13 500 1000 0.8 1 0.4 1 0.8
0.969423396512866 0.966359969184491 "experimento_13" 13 500 1000 0.8 1 0.4 1 0.8
0.993470242945477 1.0355427649908 "experimento_13" 13 500 1000 0.8 1 0.4 1 0.8
1.02795500122011 1.03115574288432 "experimento_13" 13 500 1000 0.8 1 0.4 1 0.8
0.981785212876275 1.43526564039175 "experimento_13" 13 500 1000 0.8 1 0.4 1 0.8
0.959368480136618 1.01602332146827 "experimento_13" 13 500 1000 0.8 1 0.4 1 0.8
0.991715891752392 0.923334853189354 "experimento_13" 13 500 1000 0.8 1 0.4 1 0.8
0.997055405983701 1.02800204626103 "experimento_13" 13 500 1000 0.8 1 0.4 1 0.8
1.03144110925496 1.1090692407134 "experimento_13" 13 500 1000 0.8 1 0.4 1 0.8
0.983635636046529 1.25731884147027 "experimento_13" 13 500 1000 0.8 1 0.4 1 0.8
0.996950117871165 1.02693406308677 "experimento_13" 13 500 1000 0.8 1 0.4 1 0.8
1.1317177163437 0.957054520064855 "experimento_13" 13 500 1000 0.8 1 0.4 1 0.8
0.993935968261212 0.87468546620446 "experimento_13" 13 500 1000 0.8 1 0.4 1 0.8
0.989147705025971 1.06343774227456 "experimento_13" 13 500 1000 0.8 1 0.4 1 0.8
0.999069496057928 1.09588364745949 "experimento_13" 13 500 1000 0.8 1 0.4 1 0.8
0.944685574620962 1.13150266697434 "experimento_13" 13 500 1000 0.8 1 0.4 1 0.8
0.994004427222535 1.21206738162336 "experimento_13" 13 500 1000 0.8 1 0.4 1 0.8
1.00337087335223 0.991747874019668 "experimento_13" 13 500 1000 0.8 1 0.4 1 0.8
0.989324467955157 1.00610727209171 "experimento_13" 13 500 1000 0.8 1 0.4 1 0.8
0.999316856265068 1.04302084808593 "experimento_13" 13 500 1000 0.8 1 0.4 1 0.8
0.985329656163231 1.13854835803531 "experimento_13" 13 500 1000 0.8 1 0.4 1 0.8
0.986861211946234 0.973574283003661 "experimento_13" 13 500 1000 0.8 1 0.4 1 0.8
0.979367136722431 1.08503891021062 "experimento_13" 13 500 1000 0.8 1 0.4 1 0.8
1.0009456079443 1.05351923797721 "experimento_13" 13 500 1000 0.8 1 0.4 1 0.8
0.991283216746524 1.04615171464112 "experimento_13" 13 500 1000 0.8 1 0.4 1 0.8
0.978028716519475 0.895895151910853 "experimento_13" 13 500 1000 0.8 1 0.4 1 0.8
1.13137908559293 0.930357667709346 "experimento_13" 13 500 1000 0.8 1 0.4 1 0.8
0.971568095963448 1.07635463564442 "experimento_13" 13 500 1000 0.8 1 0.4 1 0.8
0.977005751570687 0.915406167648001 "experimento_13" 13 500 1000 0.8 1 0.4 1 0.8
0.978176183765754 0.974035640231343 "experimento_13" 13 500 1000 0.8 1 0.4 1 0.8
0.977122487733141 1.18626318063813 "experimento_13" 13 500 1000 0.8 1 0.4 1 0.8
0.994749456644058 1.16605653776592 "experimento_13" 13 500 1000 0.8 1 0.4 1 0.8
1.0213563437249 0.81544803974087 "experimento_13" 13 500 1000 0.8 1 0.4 1 0.8
0.996883473359048 1.12756832511861 "experimento_13" 13 500 1000 0.8 1 0.4 1 0.8
0.97827917849645 1.05562760059706 "experimento_13" 13 500 1000 0.8 1 0.4 1 0.8
1.27736785588786 0.88654320126731 "experimento_13" 13 500 1000 0.8 1 0.4 1 0.8
0.988292487803847 0.915733790671961 "experimento_13" 13 500 1000 0.8 1 0.4 1 0.8
1.00458696810529 1.12885555328908 "experimento_13" 13 500 1000 0.8 1 0.4 1 0.8
0.985361631261185 0.969106162682974 "experimento_13" 13 500 1000 0.8 1 0.4 1 0.8
0.966972349444404 1.13721956014751 "experimento_13" 13 500 1000 0.8 1 0.4 1 0.8
1.00854385336607 0.946892530947297 "experimento_13" 13 500 1000 0.8 1 0.4 1 0.8
0.994485520990565 1.16048763975395 "experimento_13" 13 500 1000 0.8 1 0.4 1 0.8
0.998405518243089 0.914290740353331 "experimento_13" 13 500 1000 0.8 1 0.4 1 0.8
1.00168396830647 0.976842780801017 "experimento_13" 13 500 1000 0.8 1 0.4 1 0.8
0.998958308016881 1.09465222655178 "experimento_13" 13 500 1000 0.8 1 0.4 1 0.8
1.03290919015003 0.966819444420916 "experimento_13" 13 500 1000 0.8 1 0.4 1 0.8
0.98013510578312 1.00842138804639 "experimento_13" 13 500 1000 0.8 1 0.4 1 0.8
0.997275610687211 0.947816343638068 "experimento_13" 13 500 1000 0.8 1 0.4 1 0.8
0.94552251463756 1.06393013174353 "experimento_13" 13 500 1000 0.8 1 0.4 1 0.8
1.00269542476601 1.06287770216949 "experimento_13" 13 500 1000 0.8 1 0.4 1 0.8
0.991459880257025 1.12019610931839 "experimento_13" 13 500 1000 0.8 1 0.4 1 0.8
0.976313685998321 0.980782068622207 "experimento_13" 13 500 1000 0.8 1 0.4 1 0.8
0.99916369561106 1.08402599132617 "experimento_13" 13 500 1000 0.8 1 0.4 1 0.8
0.977444575633854 0.915663736087163 "experimento_13" 13 500 1000 0.8 1 0.4 1 0.8
0.991492590168491 0.986503205408604 "experimento_13" 13 500 1000 0.8 1 0.4 1 0.8
1.01234007605295 0.967345955197192 "experimento_13" 13 500 1000 0.8 1 0.4 1 0.8
0.989452162757516 0.960386670347866 "experimento_13" 13 500 1000 0.8 1 0.4 1 0.8
1.11501536006108 1.03006029773619 "experimento_13" 13 500 1000 0.8 1 0.4 1 0.8
0.953343195607886 1.10805940692901 "experimento_13" 13 500 1000 0.8 1 0.4 1 0.8
0.990879410179332 0.894147651391844 "experimento_13" 13 500 1000 0.8 1 0.4 1 0.8
0.982621749164537 1.06429299594377 "experimento_13" 13 500 1000 0.8 1 0.4 1 0.8
0.966411358676851 1.0525379071751 "experimento_13" 13 500 1000 0.8 1 0.4 1 0.8
0.99501517531462 0.932103357815441 "experimento_13" 13 500 1000 0.8 1 0.4 1 0.8
0.990308600710705 0.880682455234295 "experimento_13" 13 500 1000 0.8 1 0.4 1 0.8
0.996254182420671 1.00614890905084 "experimento_13" 13 500 1000 0.8 1 0.4 1 0.8
0.976540640229359 1.07086897550721 "experimento_13" 13 500 1000 0.8 1 0.4 1 0.8
0.998590368544683 0.904418012403582 "experimento_13" 13 500 1000 0.8 1 0.4 1 0.8
0.997640466084704 0.934021790488079 "experimento_13" 13 500 1000 0.8 1 0.4 1 0.8
0.978345682146028 0.978421513562421 "experimento_13" 13 500 1000 0.8 1 0.4 1 0.8
0.992861509788781 0.947627956413343 "experimento_13" 13 500 1000 0.8 1 0.4 1 0.8
0.982735158642754 0.973699649831169 "experimento_13" 13 500 1000 0.8 1 0.4 1 0.8
0.984923250973225 1.15170156868559 "experimento_13" 13 500 1000 0.8 1 0.4 1 0.8
0.998813431710005 1.07096263401712 "experimento_13" 13 500 1000 0.8 1 0.4 1 0.8
0.999011147301644 1.06371716613027 "experimento_13" 13 500 1000 0.8 1 0.4 1 0.8
0.975431624567136 0.872360371529039 "experimento_13" 13 500 1000 0.8 1 0.4 1 0.8
0.971205461537465 1.20367325940415 "experimento_13" 13 500 1000 0.8 1 0.4 1 0.8
0.98869502171874 0.979041729738432 "experimento_13" 13 500 1000 0.8 1 0.4 1 0.8
1.24169004894793 0.825335477845308 "experimento_13" 13 500 1000 0.8 1 0.4 1 0.8
1.00608011710907 1.05523854275314 "experimento_13" 13 500 1000 0.8 1 0.4 1 0.8
0.99777513067238 0.840468198728134 "experimento_13" 13 500 1000 0.8 1 0.4 1 0.8
0.970654918812215 1.02234005193228 "experimento_13" 13 500 1000 0.8 1 0.4 1 0.8
0.981534787453711 1.0113415981918 "experimento_13" 13 500 1000 0.8 1 0.4 1 0.8
0.994038414210081 1.03087005928569 "experimento_13" 13 500 1000 0.8 1 0.4 1 0.8
0.990482590626925 1.21708489782609 "experimento_13" 13 500 1000 0.8 1 0.4 1 0.8
0.973924487363547 1.33658536736612 "experimento_13" 13 500 1000 0.8 1 0.4 1 0.8
0.992449224693701 1.10682794735521 "experimento_13" 13 500 1000 0.8 1 0.4 1 0.8
0.986991815501824 1.05084593773503 "experimento_13" 13 500 1000 0.8 1 0.4 1 0.8
1.00091786589473 1.02952921819746 "experimento_13" 13 500 1000 0.8 1 0.4 1 0.8
0.999430985655636 0.988826010325311 "experimento_13" 13 500 1000 0.8 1 0.4 1 0.8
0.989418040029705 1.08134375768179 "experimento_13" 13 500 1000 0.8 1 0.4 1 0.8
0.991458937060088 1.11989221627273 "experimento_13" 13 500 1000 0.8 1 0.4 1 0.8
0.98269643355161 0.999290946788061 "experimento_13" 13 500 1000 0.8 1 0.4 1 0.8
0.994594824733213 1.04077115774808 "experimento_13" 13 500 1000 0.8 1 0.4 1 0.8
0.955227302620187 1.26104028973396 "experimento_13" 13 500 1000 0.8 1 0.4 1 0.8
1.05759751015792 1.05129155425593 "experimento_13" 13 500 1000 0.8 1 0.4 1 0.8
0.979858428938314 1.23653772159479 "experimento_13" 13 500 1000 0.8 1 0.4 1 0.8
0.996876406483352 1.0632387767418 "experimento_13" 13 500 1000 0.8 1 0.4 1 0.8
0.967215147800744 0.970451747899715 "experimento_13" 13 500 1000 0.8 1 0.4 1 0.8
0.996502279769629 1.14393649885519 "experimento_13" 13 500 1000 0.8 1 0.4 1 0.8
1.0518143600581 1.1647712308325 "experimento_13" 13 500 1000 0.8 1 0.4 1 0.8
1.03790654663381 0.899987283624438 "experimento_13" 13 500 1000 0.8 1 0.4 1 0.8
0.97706075408496 1.07307882590057 "experimento_13" 13 500 1000 0.8 1 0.4 1 0.8
0.951916692545637 1.20269514212563 "experimento_13" 13 500 1000 0.8 1 0.4 1 0.8
0.981942750513554 0.963179860670822 "experimento_13" 13 500 1000 0.8 1 0.4 1 0.8
0.987365725450218 1.02902602462254 "experimento_13" 13 500 1000 0.8 1 0.4 1 0.8
1.02520355256274 0.964815342931056 "experimento_13" 13 500 1000 0.8 1 0.4 1 0.8
0.985513686668128 1.13380914663859 "experimento_13" 13 500 1000 0.8 1 0.4 1 0.8
0.98841500794515 1.08392908038876 "experimento_13" 13 500 1000 0.8 1 0.4 1 0.8
0.999925308162346 1.18198034567723 "experimento_13" 13 500 1000 0.8 1 0.4 1 0.8
0.992036477662623 1.05548558927201 "experimento_13" 13 500 1000 0.8 1 0.4 1 0.8
0.982961057685316 1.05027910534909 "experimento_13" 13 500 1000 0.8 1 0.4 1 0.8
1.3395879307298 0.809392372109725 "experimento_13" 13 500 1000 0.8 1 0.4 1 0.8
0.974462158512324 1.19369337811033 "experimento_13" 13 500 1000 0.8 1 0.4 1 0.8
0.997811052482575 1.05944850697654 "experimento_13" 13 500 1000 0.8 1 0.4 1 0.8
1.01246561668813 0.985220469512253 "experimento_13" 13 500 1000 0.8 1 0.4 1 0.8
1.00151188997552 0.962950708288567 "experimento_13" 13 500 1000 0.8 1 0.4 1 0.8
1.35495555913076 0.900302310813838 "experimento_13" 13 500 1000 0.8 1 0.4 1 0.8
1.1433209576644 0.906337006716979 "experimento_13" 13 500 1000 0.8 1 0.4 1 0.8
1.00765005499125 0.873188939148228 "experimento_13" 13 500 1000 0.8 1 0.4 1 0.8
0.963749364716932 1.11829492595932 "experimento_13" 13 500 1000 0.8 1 0.4 1 0.8
1.00025959180907 1.04865714346252 "experimento_13" 13 500 1000 0.8 1 0.4 1 0.8
0.995820153038949 0.834011994817759 "experimento_13" 13 500 1000 0.8 1 0.4 1 0.8
0.978515410795808 1.20784118384308 "experimento_13" 13 500 1000 0.8 1 0.4 1 0.8
0.993791457032785 0.997697845556111 "experimento_13" 13 500 1000 0.8 1 0.4 1 0.8
0.999829694163054 0.977811084500999 "experimento_13" 13 500 1000 0.8 1 0.4 1 0.8
0.988031826913357 1.19423600023124 "experimento_13" 13 500 1000 0.8 1 0.4 1 0.8
1.03991072019562 0.989725420615623 "experimento_13" 13 500 1000 0.8 1 0.4 1 0.8
0.991050182841718 0.987846986742661 "experimento_13" 13 500 1000 0.8 1 0.4 1 0.8
0.929235181305557 1.01643893975125 "experimento_13" 13 500 1000 0.8 1 0.4 1 0.8
0.982555767055601 1.03695463539223 "experimento_13" 13 500 1000 0.8 1 0.4 1 0.8
1.00094941165298 0.935302193638479 "experimento_13" 13 500 1000 0.8 1 0.4 1 0.8
0.998115098103881 0.953015276862364 "experimento_13" 13 500 1000 0.8 1 0.4 1 0.8
0.999998967396095 1.01943637435198 "experimento_13" 13 500 1000 0.8 1 0.4 1 0.8
0.962271331809461 1.05900745989447 "experimento_13" 13 500 1000 0.8 1 0.4 1 0.8
0.99677092814818 1.17893208656464 "experimento_13" 13 500 1000 0.8 1 0.4 1 0.8
0.996090420987457 1.1052111567521 "experimento_13" 13 500 1000 0.8 1 0.4 1 0.8
0.990495413774624 1.05412340717465 "experimento_13" 13 500 1000 0.8 1 0.4 1 0.8
0.973217349266633 1.00753526447822 "experimento_13" 13 500 1000 0.8 1 0.4 1 0.8
0.975962601602077 1.04299735403837 "experimento_13" 13 500 1000 0.8 1 0.4 1 0.8
1.00859062348526 1.00582681741298 "experimento_13" 13 500 1000 0.8 1 0.4 1 0.8
0.979982029646635 0.862693611878177 "experimento_13" 13 500 1000 0.8 1 0.4 1 0.8
0.976198761956766 0.985672102564432 "experimento_13" 13 500 1000 0.8 1 0.4 1 0.8
0.987673972500488 1.059656513763 "experimento_13" 13 500 1000 0.8 1 0.4 1 0.8
1.16378460498527 0.871402401868815 "experimento_13" 13 500 1000 0.8 1 0.4 1 0.8
0.956435189582407 1.1968446945301 "experimento_13" 13 500 1000 0.8 1 0.4 1 0.8
0.980553725501522 1.11000749014784 "experimento_13" 13 500 1000 0.8 1 0.4 1 0.8
0.99447174440138 1.24583172004005 "experimento_13" 13 500 1000 0.8 1 0.4 1 0.8
0.974810225656256 1.06654521370484 "experimento_13" 13 500 1000 0.8 1 0.4 1 0.8
0.983628544257954 0.894385165041 "experimento_13" 13 500 1000 0.8 1 0.4 1 0.8
0.980302622308955 1.01345979599857 "experimento_13" 13 500 1000 0.8 1 0.4 1 0.8
1.03417462460997 0.881594419366407 "experimento_13" 13 500 1000 0.8 1 0.4 1 0.8
1.12831203215809 0.928454628605685 "experimento_13" 13 500 1000 0.8 1 0.4 1 0.8
0.986232647905126 0.986606182874551 "experimento_13" 13 500 1000 0.8 1 0.4 1 0.8
1.01206498716242 1.01503743545756 "experimento_13" 13 500 1000 0.8 1 0.4 1 0.8
1.05282630724832 0.988945033386912 "experimento_13" 13 500 1000 0.8 1 0.4 1 0.8
0.966959124896675 0.95006473121604 "experimento_13" 13 500 1000 0.8 1 0.4 1 0.8
0.999188794055954 0.969552433303362 "experimento_13" 13 500 1000 0.8 1 0.4 1 0.8
0.977490707300603 1.13462322547893 "experimento_13" 13 500 1000 0.8 1 0.4 1 0.8
0.964941931189969 1.15948775581791 "experimento_13" 13 500 1000 0.8 1 0.4 1 0.8
1.09742127358913 1.06097939168337 "experimento_13" 13 500 1000 0.8 1 0.4 1 0.8
0.989023806294426 1.08248373921842 "experimento_13" 13 500 1000 0.8 1 0.4 1 0.8
0.991416993318126 1.37087489596147 "experimento_13" 13 500 1000 0.8 1 0.4 1 0.8
1.05964995702025 1.18650078019877 "experimento_13" 13 500 1000 0.8 1 0.4 1 0.8
0.981250244192779 1.04232803069833 "experimento_13" 13 500 1000 0.8 1 0.4 1 0.8
0.932990942383185 1.05008476474305 "experimento_13" 13 500 1000 0.8 1 0.4 1 0.8
0.997017306974158 1.10675748190073 "experimento_13" 13 500 1000 0.8 1 0.4 1 0.8
0.946399861946702 1.06015751000068 "experimento_13" 13 500 1000 0.8 1 0.4 1 0.8
0.989450357854366 1.03279763905368 "experimento_13" 13 500 1000 0.8 1 0.4 1 0.8
0.987701189238578 1.00271039430911 "experimento_13" 13 500 1000 0.8 1 0.4 1 0.8
0.99947763630189 0.934628567907016 "experimento_13" 13 500 1000 0.8 1 0.4 1 0.8
0.989683881169185 1.1241221438826 "experimento_13" 13 500 1000 0.8 1 0.4 1 0.8
1.14566044878084 1.08605631427197 "experimento_13" 13 500 1000 0.8 1 0.4 1 0.8
1.00329446000978 0.820753737514848 "experimento_13" 13 500 1000 0.8 1 0.4 1 0.8
1.11161054610258 1.09921862095242 "experimento_13" 13 500 1000 0.8 1 0.4 1 0.8
0.976049626944587 1.08747903418818 "experimento_13" 13 500 1000 0.8 1 0.4 1 0.8
0.997801480349153 1.18355687644443 "experimento_13" 13 500 1000 0.8 1 0.4 1 0.8
0.943470793077722 1.12122271963745 "experimento_13" 13 500 1000 0.8 1 0.4 1 0.8
1.09417227448856 1.10287909115017 "experimento_13" 13 500 1000 0.8 1 0.4 1 0.8
1.03689672611654 1.1028507457575 "experimento_13" 13 500 1000 0.8 1 0.4 1 0.8
1.07970040748457 0.967167205025854 "experimento_13" 13 500 1000 0.8 1 0.4 1 0.8
1.02742037566228 0.976331658422623 "experimento_13" 13 500 1000 0.8 1 0.4 1 0.8
0.983117813477293 1.03400984330763 "experimento_13" 13 500 1000 0.8 1 0.4 1 0.8
0.981324405875057 1.08906791311407 "experimento_13" 13 500 1000 0.8 1 0.4 1 0.8
0.98107303888537 1.11708897118451 "experimento_13" 13 500 1000 0.8 1 0.4 1 0.8
0.990378226386383 0.94606776509725 "experimento_13" 13 500 1000 0.8 1 0.4 1 0.8
1.10732826404274 0.951822072361123 "experimento_13" 13 500 1000 0.8 1 0.4 1 0.8
0.988454203121364 1.17621666441006 "experimento_13" 13 500 1000 0.8 1 0.4 1 0.8
1.18518287274874 0.777060314716064 "experimento_13" 13 500 1000 0.8 1 0.4 1 0.8
0.992601857054979 1.09534350094751 "experimento_13" 13 500 1000 0.8 1 0.4 1 0.8
0.989264783682302 1.01449086082228 "experimento_13" 13 500 1000 0.8 1 0.4 1 0.8
0.986802140483633 1.00610094394522 "experimento_13" 13 500 1000 0.8 1 0.4 1 0.8
1.02052919007838 1.06347611489747 "experimento_13" 13 500 1000 0.8 1 0.4 1 0.8
1.01121253008023 0.840772314703361 "experimento_13" 13 500 1000 0.8 1 0.4 1 0.8
0.987025059759617 0.830889636259005 "experimento_13" 13 500 1000 0.8 1 0.4 1 0.8
0.977802177425474 0.98316563216648 "experimento_13" 13 500 1000 0.8 1 0.4 1 0.8
0.960002004634589 1.12207675715852 "experimento_13" 13 500 1000 0.8 1 0.4 1 0.8
0.999019079376012 1.20411241558712 "experimento_13" 13 500 1000 0.8 1 0.4 1 0.8
1.1390102179721 0.960159295165154 "experimento_13" 13 500 1000 0.8 1 0.4 1 0.8
0.997527487808838 0.885815625003271 "experimento_13" 13 500 1000 0.8 1 0.4 1 0.8
0.982623779447749 0.97143212287081 "experimento_13" 13 500 1000 0.8 1 0.4 1 0.8
0.994494551094249 1.0698089671511 "experimento_13" 13 500 1000 0.8 1 0.4 1 0.8
0.980362114030868 1.00807636992796 "experimento_13" 13 500 1000 0.8 1 0.4 1 0.8
1.00076141767204 0.998489013185334 "experimento_13" 13 500 1000 0.8 1 0.4 1 0.8
0.999088724376634 0.97240452639927 "experimento_13" 13 500 1000 0.8 1 0.4 1 0.8
0.987086552195251 0.921303228709821 "experimento_13" 13 500 1000 0.8 1 0.4 1 0.8
0.979916194221005 1.04777769839187 "experimento_13" 13 500 1000 0.8 1 0.4 1 0.8
1.12585369683802 0.815970969540609 "experimento_13" 13 500 1000 0.8 1 0.4 1 0.8
0.999815756687894 1.07118082719235 "experimento_13" 13 500 1000 0.8 1 0.4 1 0.8
0.980475727468729 1.0449192695833 "experimento_13" 13 500 1000 0.8 1 0.4 1 0.8
1.00409533269703 1.06518234252311 "experimento_13" 13 500 1000 0.8 1 0.4 1 0.8
0.999534423695877 0.951558401851247 "experimento_13" 13 500 1000 0.8 1 0.4 1 0.8
1.07178534022993 0.88287075702648 "experimento_13" 13 500 1000 0.8 1 0.4 1 0.8
0.988266562810168 0.931050627730294 "experimento_13" 13 500 1000 0.8 1 0.4 1 0.8
0.967976600863039 1.25041114310653 "experimento_13" 13 500 1000 0.8 1 0.4 1 0.8
0.999932439532131 0.93906533200686 "experimento_13" 13 500 1000 0.8 1 0.4 1 0.8
0.995189550565556 0.922013647601496 "experimento_13" 13 500 1000 0.8 1 0.4 1 0.8
0.987721657613292 1.10949027782069 "experimento_13" 13 500 1000 0.8 1 0.4 1 0.8
0.985619748244062 0.932178851089815 "experimento_13" 13 500 1000 0.8 1 0.4 1 0.8
0.996948029845953 1.07839417136858 "experimento_13" 13 500 1000 0.8 1 0.4 1 0.8
0.998599207960069 1.02281440728935 "experimento_13" 13 500 1000 0.8 1 0.4 1 0.8
1.02075397688895 1.00184137664943 "experimento_13" 13 500 1000 0.8 1 0.4 1 0.8
0.998422992881387 1.04960815558367 "experimento_13" 13 500 1000 0.8 1 0.4 1 0.8
0.997445046203211 0.829105628513968 "experimento_13" 13 500 1000 0.8 1 0.4 1 0.8
0.993528295075521 0.941684862514589 "experimento_13" 13 500 1000 0.8 1 0.4 1 0.8
0.976772422203794 0.998596662990754 "experimento_13" 13 500 1000 0.8 1 0.4 1 0.8
0.984029685845599 1.10496126890818 "experimento_13" 13 500 1000 0.8 1 0.4 1 0.8
1.00567002221942 1.12482762334004 "experimento_13" 13 500 1000 0.8 1 0.4 1 0.8
1.06548812712531 0.911606099517431 "experimento_13" 13 500 1000 0.8 1 0.4 1 0.8
1.00441203724487 0.836881513818611 "experimento_13" 13 500 1000 0.8 1 0.4 1 0.8
0.991055764490739 0.99347180354927 "experimento_13" 13 500 1000 0.8 1 0.4 1 0.8
0.98635736736469 1.07668551965237 "experimento_13" 13 500 1000 0.8 1 0.4 1 0.8
1.24320434499532 1.09244979225392 "experimento_13" 13 500 1000 0.8 1 0.4 1 0.8
0.998127214377746 1.0645429310025 "experimento_13" 13 500 1000 0.8 1 0.4 1 0.8
0.999663561349735 0.968925979549663 "experimento_13" 13 500 1000 0.8 1 0.4 1 0.8
0.949426068225875 0.846899095180063 "experimento_13" 13 500 1000 0.8 1 0.4 1 0.8
1.02570642395283 0.958718602232685 "experimento_13" 13 500 1000 0.8 1 0.4 1 0.8
1.0096519425407 0.952943512284116 "experimento_13" 13 500 1000 0.8 1 0.4 1 0.8
0.978962877066806 1.08690662199422 "experimento_13" 13 500 1000 0.8 1 0.4 1 0.8
0.9885405364912 0.909435709242363 "experimento_13" 13 500 1000 0.8 1 0.4 1 0.8
0.984712715260684 1.0197945028763 "experimento_13" 13 500 1000 0.8 1 0.4 1 0.8
0.992875411175191 1.04893155316938 "experimento_13" 13 500 1000 0.8 1 0.4 1 0.8
1.01473844440193 1.16398462631976 "experimento_13" 13 500 1000 0.8 1 0.4 1 0.8
0.993254198692739 1.07713089326446 "experimento_13" 13 500 1000 0.8 1 0.4 1 0.8
1.21509868053684 0.798448156822999 "experimento_13" 13 500 1000 0.8 1 0.4 1 0.8
0.998983486322686 1.02281144031048 "experimento_13" 13 500 1000 0.8 1 0.4 1 0.8
0.960883790394291 1.11088202644246 "experimento_13" 13 500 1000 0.8 1 0.4 1 0.8
0.960878152633086 1.50781646048376 "experimento_13" 13 500 1000 0.8 1 0.4 1 0.8
0.991943557746708 0.895903556535863 "experimento_13" 13 500 1000 0.8 1 0.4 1 0.8
0.99297000723891 0.942469268153755 "experimento_13" 13 500 1000 0.8 1 0.4 1 0.8
0.990613186731935 1.05847984539669 "experimento_13" 13 500 1000 0.8 1 0.4 1 0.8
1.0999415857471 1.19502954381264 "experimento_13" 13 500 1000 0.8 1 0.4 1 0.8
0.989803793141618 1.2152459722566 "experimento_13" 13 500 1000 0.8 1 0.4 1 0.8
0.990564439212903 0.930211522323171 "experimento_13" 13 500 1000 0.8 1 0.4 1 0.8
1.35316412872091 0.90451086795683 "experimento_13" 13 500 1000 0.8 1 0.4 1 0.8
0.995399167761207 1.16097389114886 "experimento_13" 13 500 1000 0.8 1 0.4 1 0.8
0.96674587810412 1.11107405567384 "experimento_13" 13 500 1000 0.8 1 0.4 1 0.8
0.966125319246203 0.944559082689551 "experimento_13" 13 500 1000 0.8 1 0.4 1 0.8
0.955911210505292 1.24142449749528 "experimento_13" 13 500 1000 0.8 1 0.4 1 0.8
0.985038342885673 1.23115402555576 "experimento_13" 13 500 1000 0.8 1 0.4 1 0.8
0.990085378289223 0.941395448575889 "experimento_13" 13 500 1000 0.8 1 0.4 1 0.8
0.99079312523827 1.43799728258147 "experimento_13" 13 500 1000 0.8 1 0.4 1 0.8
1.49569618934765 0.745521739525524 "experimento_13" 13 500 1000 0.8 1 0.4 1 0.8
0.984818567056209 1.03903487678417 "experimento_13" 13 500 1000 0.8 1 0.4 1 0.8
0.949610609328374 1.08852679400502 "experimento_13" 13 500 1000 0.8 1 0.4 1 0.8
0.99275944265537 0.92955055849065 "experimento_13" 13 500 1000 0.8 1 0.4 1 0.8
1.20162921995505 0.704891221649108 "experimento_13" 13 500 1000 0.8 1 0.4 1 0.8
0.985242726979777 1.033037439041 "experimento_13" 13 500 1000 0.8 1 0.4 1 0.8
0.978650814387947 1.08498992169047 "experimento_13" 13 500 1000 0.8 1 0.4 1 0.8
0.981155834160745 0.963425816372131 "experimento_13" 13 500 1000 0.8 1 0.4 1 0.8
0.983652343507856 0.886702964186607 "experimento_13" 13 500 1000 0.8 1 0.4 1 0.8
0.992120534414425 0.990744603117155 "experimento_13" 13 500 1000 0.8 1 0.4 1 0.8
1.00626234955328 1.08227624325195 "experimento_13" 13 500 1000 0.8 1 0.4 1 0.8
0.991381072904915 0.950990709895567 "experimento_13" 13 500 1000 0.8 1 0.4 1 0.8
1.30205733142793 0.891531173746129 "experimento_13" 13 500 1000 0.8 1 0.4 1 0.8
0.971414000261575 1.11553775146224 "experimento_13" 13 500 1000 0.8 1 0.4 1 0.8
0.974324686685577 1.09620708619238 "experimento_13" 13 500 1000 0.8 1 0.4 1 0.8
1.00509173028037 1.15006848198063 "experimento_13" 13 500 1000 0.8 1 0.4 1 0.8
0.953434419818223 1.25642135724537 "experimento_13" 13 500 1000 0.8 1 0.4 1 0.8
0.976760553661734 1.07229763820991 "experimento_13" 13 500 1000 0.8 1 0.4 1 0.8
0.965672683669254 1.05317825456875 "experimento_13" 13 500 1000 0.8 1 0.4 1 0.8
1.01092790710812 1.10564238177285 "experimento_13" 13 500 1000 0.8 1 0.4 1 0.8
1.01216888381168 0.995283012638107 "experimento_13" 13 500 1000 0.8 1 0.4 1 0.8
0.981238737003878 1.00568603978785 "experimento_13" 13 500 1000 0.8 1 0.4 1 0.8
0.978150599403307 1.08661227882833 "experimento_13" 13 500 1000 0.8 1 0.4 1 0.8
0.978816027054563 0.985572229775818 "experimento_13" 13 500 1000 0.8 1 0.4 1 0.8
1.03690414782614 0.909465196936758 "experimento_13" 13 500 1000 0.8 1 0.4 1 0.8
0.999651983845979 0.997817111666585 "experimento_13" 13 500 1000 0.8 1 0.4 1 0.8
0.996212402358651 0.930569427247119 "experimento_13" 13 500 1000 0.8 1 0.4 1 0.8
1.32963224345604 0.8957207642048 "experimento_13" 13 500 1000 0.8 1 0.4 1 0.8
0.994301707949489 1.01550262599645 "experimento_13" 13 500 1000 0.8 1 0.4 1 0.8
1.24112980437546 0.987377975130709 "experimento_13" 13 500 1000 0.8 1 0.4 1 0.8
0.999828822445124 0.978786531550811 "experimento_13" 13 500 1000 0.8 1 0.4 1 0.8
0.993981309235096 0.920498770618696 "experimento_13" 13 500 1000 0.8 1 0.4 1 0.8
1.10377674972296 0.938436184027595 "experimento_13" 13 500 1000 0.8 1 0.4 1 0.8
0.983002610038966 0.981644853355889 "experimento_13" 13 500 1000 0.8 1 0.4 1 0.8
0.971347295213491 1.10619697516013 "experimento_13" 13 500 1000 0.8 1 0.4 1 0.8
0.997609280049801 1.16893936115264 "experimento_13" 13 500 1000 0.8 1 0.4 1 0.8
0.983404783532023 0.868468546000866 "experimento_13" 13 500 1000 0.8 1 0.4 1 0.8
0.991871620062739 1.08215872090634 "experimento_13" 13 500 1000 0.8 1 0.4 1 0.8
1.0099271347182 1.01306974729113 "experimento_13" 13 500 1000 0.8 1 0.4 1 0.8
0.996041974984109 1.2284186333951 "experimento_13" 13 500 1000 0.8 1 0.4 1 0.8
1.13283870788291 1.10950195873343 "experimento_13" 13 500 1000 0.8 1 0.4 1 0.8
1.01638529782369 1.12319868343581 "experimento_13" 13 500 1000 0.8 1 0.4 1 0.8
0.95200005103834 0.998190253173111 "experimento_13" 13 500 1000 0.8 1 0.4 1 0.8
1.33047122787684 0.847813370810628 "experimento_13" 13 500 1000 0.8 1 0.4 1 0.8
0.997596340021119 1.12629479833522 "experimento_13" 13 500 1000 0.8 1 0.4 1 0.8
0.998217588290572 0.998136170291643 "experimento_13" 13 500 1000 0.8 1 0.4 1 0.8
1.05363292107359 0.841998726259964 "experimento_13" 13 500 1000 0.8 1 0.4 1 0.8
0.999977230327204 1.08027233362121 "experimento_13" 13 500 1000 0.8 1 0.4 1 0.8
0.95596270263195 1.11379001954616 "experimento_13" 13 500 1000 0.8 1 0.4 1 0.8
1.03356315149419 1.06353995489861 "experimento_13" 13 500 1000 0.8 1 0.4 1 0.8
1.00227123886235 1.00689220055806 "experimento_13" 13 500 1000 0.8 1 0.4 1 0.8
1.16845995028774 0.906991050452705 "experimento_13" 13 500 1000 0.8 1 0.4 1 0.8
0.983148894039914 1.08036790396234 "experimento_13" 13 500 1000 0.8 1 0.4 1 0.8
0.962120044976473 1.01696700424333 "experimento_13" 13 500 1000 0.8 1 0.4 1 0.8
0.969495816389099 1.00696502244474 "experimento_13" 13 500 1000 0.8 1 0.4 1 0.8
1.0433376898687 0.845612619538705 "experimento_13" 13 500 1000 0.8 1 0.4 1 0.8
0.985222177579999 1.10043496707105 "experimento_13" 13 500 1000 0.8 1 0.4 1 0.8
1.04009496612339 1.07241124929304 "experimento_13" 13 500 1000 0.8 1 0.4 1 0.8
0.980181040707976 0.906007907729136 "experimento_13" 13 500 1000 0.8 1 0.4 1 0.8
0.963135028257966 1.19759870108574 "experimento_13" 13 500 1000 0.8 1 0.4 1 0.8
0.995138984639198 0.982940943110668 "experimento_13" 13 500 1000 0.8 1 0.4 1 0.8
0.970481235068291 1.0873358255392 "experimento_13" 13 500 1000 0.8 1 0.4 1 0.8
0.972349725663662 1.28634319051956 "experimento_13" 13 500 1000 0.8 1 0.4 1 0.8
0.998183422954753 1.02592733856414 "experimento_13" 13 500 1000 0.8 1 0.4 1 0.8
0.993970869341865 1.00465768140248 "experimento_13" 13 500 1000 0.8 1 0.4 1 0.8
0.999737414065748 1.01543547709059 "experimento_13" 13 500 1000 0.8 1 0.4 1 0.8
0.982840688433498 1.21987291202264 "experimento_13" 13 500 1000 0.8 1 0.4 1 0.8
0.99438899080269 1.01545471944787 "experimento_13" 13 500 1000 0.8 1 0.4 1 0.8
0.989013925893232 1.10745828268783 "experimento_13" 13 500 1000 0.8 1 0.4 1 0.8
0.999413013923913 1.13157459449456 "experimento_13" 13 500 1000 0.8 1 0.4 1 0.8
0.986584564205259 1.06440431856851 "experimento_13" 13 500 1000 0.8 1 0.4 1 0.8
0.987340831197798 1.07319686679252 "experimento_13" 13 500 1000 0.8 1 0.4 1 0.8
0.966631096089259 1.05630512848834 "experimento_13" 13 500 1000 0.8 1 0.4 1 0.8
0.992794978199527 1.01274706157518 "experimento_13" 13 500 1000 0.8 1 0.4 1 0.8
1.00229939828185 0.977894841944986 "experimento_13" 13 500 1000 0.8 1 0.4 1 0.8
1.00301380781457 0.992338964363345 "experimento_13" 13 500 1000 0.8 1 0.4 1 0.8
0.985266118776053 1.09887498582307 "experimento_13" 13 500 1000 0.8 1 0.4 1 0.8
1.62500155763701 0.667976918649783 "experimento_13" 13 500 1000 0.8 1 0.4 1 0.8
1.05225358906466 0.997826212525243 "experimento_13" 13 500 1000 0.8 1 0.4 1 0.8
0.980728628812358 0.986670813131366 "experimento_13" 13 500 1000 0.8 1 0.4 1 0.8
0.984108099946752 0.949124961472051 "experimento_13" 13 500 1000 0.8 1 0.4 1 0.8
0.987963071325794 0.998081762971582 "experimento_13" 13 500 1000 0.8 1 0.4 1 0.8
1.02007656786797 1.03680514326184 "experimento_13" 13 500 1000 0.8 1 0.4 1 0.8
0.997462644707412 0.996339378361528 "experimento_13" 13 500 1000 0.8 1 0.4 1 0.8
0.978420216124505 0.962046808313213 "experimento_13" 13 500 1000 0.8 1 0.4 1 0.8
0.983016881393269 1.05862992783479 "experimento_13" 13 500 1000 0.8 1 0.4 1 0.8
0.988800171762705 1.08278523621839 "experimento_13" 13 500 1000 0.8 1 0.4 1 0.8
0.987684541149065 0.994302635770605 "experimento_13" 13 500 1000 0.8 1 0.4 1 0.8
0.9953617695719 0.903926986543833 "experimento_13" 13 500 1000 0.8 1 0.4 1 0.8
0.96030282904394 0.948796631848471 "experimento_13" 13 500 1000 0.8 1 0.4 1 0.8
1.00436314603073 0.922071285497255 "experimento_13" 13 500 1000 0.8 1 0.4 1 0.8
0.999331426806748 1.14048493394668 "experimento_13" 13 500 1000 0.8 1 0.4 1 0.8
0.977938785217702 1.0708325733411 "experimento_13" 13 500 1000 0.8 1 0.4 1 0.8
0.962355457944795 1.03753160813959 "experimento_13" 13 500 1000 0.8 1 0.4 1 0.8
1.00129176553853 0.988714773765797 "experimento_13" 13 500 1000 0.8 1 0.4 1 0.8
0.985664886888117 1.30585133601892 "experimento_13" 13 500 1000 0.8 1 0.4 1 0.8
0.982029321836308 1.05852353943111 "experimento_13" 13 500 1000 0.8 1 0.4 1 0.8
0.98675287142396 1.06400384327053 "experimento_13" 13 500 1000 0.8 1 0.4 1 0.8
1.01975300510726 1.02873320700694 "experimento_13" 13 500 1000 0.8 1 0.4 1 0.8
0.999464777763933 0.89257162589347 "experimento_13" 13 500 1000 0.8 1 0.4 1 0.8
0.969337033340707 1.13838790746309 "experimento_13" 13 500 1000 0.8 1 0.4 1 0.8
0.984702497022226 0.965189964725716 "experimento_13" 13 500 1000 0.8 1 0.4 1 0.8
1.01600913277998 1.03976363776498 "experimento_13" 13 500 1000 0.8 1 0.4 1 0.8
