"est.u" "est.lamb" "name" "seed" "size" "replicates" "p_umbral" "exp_lambda" "alpha_pen" "n_pen" "c"
0.92839524964802 3.81122568586401 "experimento_65" 65 5000 1000 0.8 4 0.4 1 0.8
1.0003660617616 4.18427683996965 "experimento_65" 65 5000 1000 0.8 4 0.4 1 0.8
0.962051287759095 4.03182495081882 "experimento_65" 65 5000 1000 0.8 4 0.4 1 0.8
0.934336544945836 3.80101909210812 "experimento_65" 65 5000 1000 0.8 4 0.4 1 0.8
0.955868665827438 4.06221040898433 "experimento_65" 65 5000 1000 0.8 4 0.4 1 0.8
0.95304383081384 3.90277098076817 "experimento_65" 65 5000 1000 0.8 4 0.4 1 0.8
0.92897107754834 3.88789606246302 "experimento_65" 65 5000 1000 0.8 4 0.4 1 0.8
1.07677260402124 3.92778355100933 "experimento_65" 65 5000 1000 0.8 4 0.4 1 0.8
1.06331345241051 4.18357351388978 "experimento_65" 65 5000 1000 0.8 4 0.4 1 0.8
0.96246796916239 4.02414541338523 "experimento_65" 65 5000 1000 0.8 4 0.4 1 0.8
0.992777460021898 3.91365283342664 "experimento_65" 65 5000 1000 0.8 4 0.4 1 0.8
0.977563912514597 4.01226659988329 "experimento_65" 65 5000 1000 0.8 4 0.4 1 0.8
0.972748717991635 3.94535333972586 "experimento_65" 65 5000 1000 0.8 4 0.4 1 0.8
0.996253986144438 3.92378397683326 "experimento_65" 65 5000 1000 0.8 4 0.4 1 0.8
0.903164817020297 3.82292521000882 "experimento_65" 65 5000 1000 0.8 4 0.4 1 0.8
1.0408478245372 3.96938801448364 "experimento_65" 65 5000 1000 0.8 4 0.4 1 0.8
0.937681247247383 3.76967325438495 "experimento_65" 65 5000 1000 0.8 4 0.4 1 0.8
0.905181662878022 3.83540894769928 "experimento_65" 65 5000 1000 0.8 4 0.4 1 0.8
0.984901460586116 4.00224597117912 "experimento_65" 65 5000 1000 0.8 4 0.4 1 0.8
1.02462959522381 4.04133465405849 "experimento_65" 65 5000 1000 0.8 4 0.4 1 0.8
0.991646252106875 4.0706569733478 "experimento_65" 65 5000 1000 0.8 4 0.4 1 0.8
0.956269172951579 3.89061663032345 "experimento_65" 65 5000 1000 0.8 4 0.4 1 0.8
0.973381921416149 3.97893760820076 "experimento_65" 65 5000 1000 0.8 4 0.4 1 0.8
0.921157056931406 3.99770029419169 "experimento_65" 65 5000 1000 0.8 4 0.4 1 0.8
0.923500647069886 3.90600099104249 "experimento_65" 65 5000 1000 0.8 4 0.4 1 0.8
0.964026439003646 3.9560775967689 "experimento_65" 65 5000 1000 0.8 4 0.4 1 0.8
0.966238577850163 3.95257644521301 "experimento_65" 65 5000 1000 0.8 4 0.4 1 0.8
0.93932364275679 3.9815772524379 "experimento_65" 65 5000 1000 0.8 4 0.4 1 0.8
0.926399637479335 3.79799691872508 "experimento_65" 65 5000 1000 0.8 4 0.4 1 0.8
0.977732925442979 4.05921771483933 "experimento_65" 65 5000 1000 0.8 4 0.4 1 0.8
0.965743489796296 4.02100981250216 "experimento_65" 65 5000 1000 0.8 4 0.4 1 0.8
0.932551459176466 3.61731244023743 "experimento_65" 65 5000 1000 0.8 4 0.4 1 0.8
0.98578521120362 3.75848790012991 "experimento_65" 65 5000 1000 0.8 4 0.4 1 0.8
0.936422202037647 3.99815027177255 "experimento_65" 65 5000 1000 0.8 4 0.4 1 0.8
0.916272955480963 4.00638148352179 "experimento_65" 65 5000 1000 0.8 4 0.4 1 0.8
0.937946762889624 3.97154463175322 "experimento_65" 65 5000 1000 0.8 4 0.4 1 0.8
0.924119731644168 3.78345134102892 "experimento_65" 65 5000 1000 0.8 4 0.4 1 0.8
1.01766692219477 4.17352439739556 "experimento_65" 65 5000 1000 0.8 4 0.4 1 0.8
0.949577687773854 4.15210071229628 "experimento_65" 65 5000 1000 0.8 4 0.4 1 0.8
0.954373359214514 3.85395478023716 "experimento_65" 65 5000 1000 0.8 4 0.4 1 0.8
0.958321061218157 4.07353158697354 "experimento_65" 65 5000 1000 0.8 4 0.4 1 0.8
0.98110427800566 4.09910123049108 "experimento_65" 65 5000 1000 0.8 4 0.4 1 0.8
0.97713313694112 4.08330813942944 "experimento_65" 65 5000 1000 0.8 4 0.4 1 0.8
0.978149756789207 4.32828841916595 "experimento_65" 65 5000 1000 0.8 4 0.4 1 0.8
1.09978894272354 4.35838600048232 "experimento_65" 65 5000 1000 0.8 4 0.4 1 0.8
0.96668626810424 3.87729663965733 "experimento_65" 65 5000 1000 0.8 4 0.4 1 0.8
0.928225851152092 3.97953339264224 "experimento_65" 65 5000 1000 0.8 4 0.4 1 0.8
0.922647495521232 3.85721912193502 "experimento_65" 65 5000 1000 0.8 4 0.4 1 0.8
0.989435248076916 4.35004599377503 "experimento_65" 65 5000 1000 0.8 4 0.4 1 0.8
1.07178665441461 3.54204294973623 "experimento_65" 65 5000 1000 0.8 4 0.4 1 0.8
0.935464405454695 3.74299824927766 "experimento_65" 65 5000 1000 0.8 4 0.4 1 0.8
0.934817182365805 3.76150075002487 "experimento_65" 65 5000 1000 0.8 4 0.4 1 0.8
0.962232365272939 4.10103100224618 "experimento_65" 65 5000 1000 0.8 4 0.4 1 0.8
0.902331855613738 3.83030899147391 "experimento_65" 65 5000 1000 0.8 4 0.4 1 0.8
0.983714591013268 3.93018030132605 "experimento_65" 65 5000 1000 0.8 4 0.4 1 0.8
0.948604113887995 3.85926432929504 "experimento_65" 65 5000 1000 0.8 4 0.4 1 0.8
0.975452666636556 4.08055544764071 "experimento_65" 65 5000 1000 0.8 4 0.4 1 0.8
0.934840153902769 3.94586403729493 "experimento_65" 65 5000 1000 0.8 4 0.4 1 0.8
0.942767897387967 3.90925810291426 "experimento_65" 65 5000 1000 0.8 4 0.4 1 0.8
0.922989954473451 3.91337918499119 "experimento_65" 65 5000 1000 0.8 4 0.4 1 0.8
0.937664976809174 3.91229252343062 "experimento_65" 65 5000 1000 0.8 4 0.4 1 0.8
0.947488615987822 3.96623279019627 "experimento_65" 65 5000 1000 0.8 4 0.4 1 0.8
0.937613349407911 4.05710845430784 "experimento_65" 65 5000 1000 0.8 4 0.4 1 0.8
0.926402459386736 3.78278367356637 "experimento_65" 65 5000 1000 0.8 4 0.4 1 0.8
1.13549754151609 4.35492073890562 "experimento_65" 65 5000 1000 0.8 4 0.4 1 0.8
0.942882709670812 4.07798149894172 "experimento_65" 65 5000 1000 0.8 4 0.4 1 0.8
1.19230823806456 3.94037516190381 "experimento_65" 65 5000 1000 0.8 4 0.4 1 0.8
0.940124741289765 4.07841163890508 "experimento_65" 65 5000 1000 0.8 4 0.4 1 0.8
1.07942879770417 3.9337817225553 "experimento_65" 65 5000 1000 0.8 4 0.4 1 0.8
0.930008842376992 3.84507519336649 "experimento_65" 65 5000 1000 0.8 4 0.4 1 0.8
0.974910216405988 3.99531291071722 "experimento_65" 65 5000 1000 0.8 4 0.4 1 0.8
0.99935302673839 4.03734450962358 "experimento_65" 65 5000 1000 0.8 4 0.4 1 0.8
0.926413523266092 3.76599252656678 "experimento_65" 65 5000 1000 0.8 4 0.4 1 0.8
0.96954441908747 3.74821771888577 "experimento_65" 65 5000 1000 0.8 4 0.4 1 0.8
0.963367010233924 4.1634445036024 "experimento_65" 65 5000 1000 0.8 4 0.4 1 0.8
0.989981043152511 4.11358167136842 "experimento_65" 65 5000 1000 0.8 4 0.4 1 0.8
0.944026356097311 3.76670193415023 "experimento_65" 65 5000 1000 0.8 4 0.4 1 0.8
0.957773273810744 4.0589269708653 "experimento_65" 65 5000 1000 0.8 4 0.4 1 0.8
0.93258070689626 3.73672967780833 "experimento_65" 65 5000 1000 0.8 4 0.4 1 0.8
0.983822779497132 4.02347354997237 "experimento_65" 65 5000 1000 0.8 4 0.4 1 0.8
0.943698458606377 3.92851401974189 "experimento_65" 65 5000 1000 0.8 4 0.4 1 0.8
0.968317200429738 3.92029850289334 "experimento_65" 65 5000 1000 0.8 4 0.4 1 0.8
1.07587588477073 3.64456426327685 "experimento_65" 65 5000 1000 0.8 4 0.4 1 0.8
1.13218838104513 3.87317077762291 "experimento_65" 65 5000 1000 0.8 4 0.4 1 0.8
0.918904857942834 3.89475583896346 "experimento_65" 65 5000 1000 0.8 4 0.4 1 0.8
0.953365365974605 3.89833980442734 "experimento_65" 65 5000 1000 0.8 4 0.4 1 0.8
0.956720447866246 3.97761825710995 "experimento_65" 65 5000 1000 0.8 4 0.4 1 0.8
0.946580700576305 3.9145931070666 "experimento_65" 65 5000 1000 0.8 4 0.4 1 0.8
1.02606865251437 4.16226505531928 "experimento_65" 65 5000 1000 0.8 4 0.4 1 0.8
1.05913600197528 3.89580328186087 "experimento_65" 65 5000 1000 0.8 4 0.4 1 0.8
0.932371304370463 3.91227125986327 "experimento_65" 65 5000 1000 0.8 4 0.4 1 0.8
0.957334979437292 3.98080954672049 "experimento_65" 65 5000 1000 0.8 4 0.4 1 0.8
1.02281299128663 4.24251839730993 "experimento_65" 65 5000 1000 0.8 4 0.4 1 0.8
0.951865002047271 3.87299740796534 "experimento_65" 65 5000 1000 0.8 4 0.4 1 0.8
0.94965780666098 3.97493248529383 "experimento_65" 65 5000 1000 0.8 4 0.4 1 0.8
1.00856556277722 4.17085512390269 "experimento_65" 65 5000 1000 0.8 4 0.4 1 0.8
1.01545632057578 4.17899127040971 "experimento_65" 65 5000 1000 0.8 4 0.4 1 0.8
0.968944291351363 3.89147231019166 "experimento_65" 65 5000 1000 0.8 4 0.4 1 0.8
0.964570980984718 4.18447946706583 "experimento_65" 65 5000 1000 0.8 4 0.4 1 0.8
0.951358549529687 3.79898588217014 "experimento_65" 65 5000 1000 0.8 4 0.4 1 0.8
0.928951431298628 3.99530467454694 "experimento_65" 65 5000 1000 0.8 4 0.4 1 0.8
0.996439842972904 3.86932650406331 "experimento_65" 65 5000 1000 0.8 4 0.4 1 0.8
0.928150073392317 3.85226461163128 "experimento_65" 65 5000 1000 0.8 4 0.4 1 0.8
0.962977148359641 4.16465392499344 "experimento_65" 65 5000 1000 0.8 4 0.4 1 0.8
0.960908038076013 3.97918923971486 "experimento_65" 65 5000 1000 0.8 4 0.4 1 0.8
0.992254887940362 3.99792435819803 "experimento_65" 65 5000 1000 0.8 4 0.4 1 0.8
0.93145715794526 3.97214941876603 "experimento_65" 65 5000 1000 0.8 4 0.4 1 0.8
0.931101032299921 3.92536067730188 "experimento_65" 65 5000 1000 0.8 4 0.4 1 0.8
0.950581768760458 3.95286621247097 "experimento_65" 65 5000 1000 0.8 4 0.4 1 0.8
1.08484456234146 3.84528437548747 "experimento_65" 65 5000 1000 0.8 4 0.4 1 0.8
0.963054441614076 4.21721772487103 "experimento_65" 65 5000 1000 0.8 4 0.4 1 0.8
0.958273156778887 4.04314219646998 "experimento_65" 65 5000 1000 0.8 4 0.4 1 0.8
0.928438653703779 3.95934437115799 "experimento_65" 65 5000 1000 0.8 4 0.4 1 0.8
0.968233674066141 3.86929989488043 "experimento_65" 65 5000 1000 0.8 4 0.4 1 0.8
0.940295923734084 3.76986779056112 "experimento_65" 65 5000 1000 0.8 4 0.4 1 0.8
0.934174373513088 3.61802977208402 "experimento_65" 65 5000 1000 0.8 4 0.4 1 0.8
0.895705376984552 3.8358644347974 "experimento_65" 65 5000 1000 0.8 4 0.4 1 0.8
0.967939439462498 3.88400567172075 "experimento_65" 65 5000 1000 0.8 4 0.4 1 0.8
1.04933803666888 3.78253148061591 "experimento_65" 65 5000 1000 0.8 4 0.4 1 0.8
0.986796892015263 4.00631666598525 "experimento_65" 65 5000 1000 0.8 4 0.4 1 0.8
0.993925072485581 4.20978574224451 "experimento_65" 65 5000 1000 0.8 4 0.4 1 0.8
0.988153749145567 3.98705184337721 "experimento_65" 65 5000 1000 0.8 4 0.4 1 0.8
0.962820874294266 4.07643862671549 "experimento_65" 65 5000 1000 0.8 4 0.4 1 0.8
0.975324653089046 4.03009644456297 "experimento_65" 65 5000 1000 0.8 4 0.4 1 0.8
0.947623382555321 4.02700277864206 "experimento_65" 65 5000 1000 0.8 4 0.4 1 0.8
1.15511607472947 3.51246827309673 "experimento_65" 65 5000 1000 0.8 4 0.4 1 0.8
0.930444722995162 3.96528886150314 "experimento_65" 65 5000 1000 0.8 4 0.4 1 0.8
0.981207137461752 4.0876794154529 "experimento_65" 65 5000 1000 0.8 4 0.4 1 0.8
0.983447835315019 3.96389940876889 "experimento_65" 65 5000 1000 0.8 4 0.4 1 0.8
0.985148502280936 3.96060734023905 "experimento_65" 65 5000 1000 0.8 4 0.4 1 0.8
0.961411764612421 3.81588777497827 "experimento_65" 65 5000 1000 0.8 4 0.4 1 0.8
0.926128969527781 3.98738890031741 "experimento_65" 65 5000 1000 0.8 4 0.4 1 0.8
0.99392918497324 3.97264253588557 "experimento_65" 65 5000 1000 0.8 4 0.4 1 0.8
0.981945405248553 4.08406139139568 "experimento_65" 65 5000 1000 0.8 4 0.4 1 0.8
0.959985934663564 3.9599216988247 "experimento_65" 65 5000 1000 0.8 4 0.4 1 0.8
0.92909856303595 3.94106700432219 "experimento_65" 65 5000 1000 0.8 4 0.4 1 0.8
0.929094281513244 3.89479680207454 "experimento_65" 65 5000 1000 0.8 4 0.4 1 0.8
0.961442258907482 3.74582481791622 "experimento_65" 65 5000 1000 0.8 4 0.4 1 0.8
0.977659047348425 3.92766175007347 "experimento_65" 65 5000 1000 0.8 4 0.4 1 0.8
0.927300876006484 3.78708852487825 "experimento_65" 65 5000 1000 0.8 4 0.4 1 0.8
0.95507672871463 3.9955643238891 "experimento_65" 65 5000 1000 0.8 4 0.4 1 0.8
0.999337546061724 4.01055957974595 "experimento_65" 65 5000 1000 0.8 4 0.4 1 0.8
0.977813821285963 4.03892461693634 "experimento_65" 65 5000 1000 0.8 4 0.4 1 0.8
0.955062789609656 3.90643971425774 "experimento_65" 65 5000 1000 0.8 4 0.4 1 0.8
0.944730847142637 3.96063527461219 "experimento_65" 65 5000 1000 0.8 4 0.4 1 0.8
0.941472955048084 3.84065323603389 "experimento_65" 65 5000 1000 0.8 4 0.4 1 0.8
1.04636079015381 4.01358437001058 "experimento_65" 65 5000 1000 0.8 4 0.4 1 0.8
0.941042953403667 3.94349036725653 "experimento_65" 65 5000 1000 0.8 4 0.4 1 0.8
0.965520951431245 4.06943322087036 "experimento_65" 65 5000 1000 0.8 4 0.4 1 0.8
1.01268373534549 4.28930622014714 "experimento_65" 65 5000 1000 0.8 4 0.4 1 0.8
0.966140490258113 4.24548074407695 "experimento_65" 65 5000 1000 0.8 4 0.4 1 0.8
1.03837545914575 4.04164879427886 "experimento_65" 65 5000 1000 0.8 4 0.4 1 0.8
1.08223092148546 4.09581327697977 "experimento_65" 65 5000 1000 0.8 4 0.4 1 0.8
0.939248737879097 4.03005568933253 "experimento_65" 65 5000 1000 0.8 4 0.4 1 0.8
0.959798280382529 3.92514857407497 "experimento_65" 65 5000 1000 0.8 4 0.4 1 0.8
0.908479728037491 3.76751441658609 "experimento_65" 65 5000 1000 0.8 4 0.4 1 0.8
0.943694593617693 3.86220602833171 "experimento_65" 65 5000 1000 0.8 4 0.4 1 0.8
0.938004614086822 3.77363661195896 "experimento_65" 65 5000 1000 0.8 4 0.4 1 0.8
1.07737781608012 3.99320379185367 "experimento_65" 65 5000 1000 0.8 4 0.4 1 0.8
0.941680011339486 3.97792744927818 "experimento_65" 65 5000 1000 0.8 4 0.4 1 0.8
1.00372355206669 4.27315656275492 "experimento_65" 65 5000 1000 0.8 4 0.4 1 0.8
0.967440092470497 3.87327075468815 "experimento_65" 65 5000 1000 0.8 4 0.4 1 0.8
1.05047587712761 4.09930162933864 "experimento_65" 65 5000 1000 0.8 4 0.4 1 0.8
0.952537558740005 4.08251899513222 "experimento_65" 65 5000 1000 0.8 4 0.4 1 0.8
0.95115192164667 4.02521605743302 "experimento_65" 65 5000 1000 0.8 4 0.4 1 0.8
0.955050098942593 4.01481085442165 "experimento_65" 65 5000 1000 0.8 4 0.4 1 0.8
0.95550270495005 4.16687698939029 "experimento_65" 65 5000 1000 0.8 4 0.4 1 0.8
0.990886748535559 3.9361409131372 "experimento_65" 65 5000 1000 0.8 4 0.4 1 0.8
0.939720570342615 3.98179690732481 "experimento_65" 65 5000 1000 0.8 4 0.4 1 0.8
0.986270201392472 3.87321572873705 "experimento_65" 65 5000 1000 0.8 4 0.4 1 0.8
0.952334869885817 3.90758153564631 "experimento_65" 65 5000 1000 0.8 4 0.4 1 0.8
0.981298504164442 3.99855136231932 "experimento_65" 65 5000 1000 0.8 4 0.4 1 0.8
1.00478655110904 4.11487845146204 "experimento_65" 65 5000 1000 0.8 4 0.4 1 0.8
0.971092024352401 4.10684194225414 "experimento_65" 65 5000 1000 0.8 4 0.4 1 0.8
0.925837984774262 3.73884974486085 "experimento_65" 65 5000 1000 0.8 4 0.4 1 0.8
0.966776793356985 4.03632111744319 "experimento_65" 65 5000 1000 0.8 4 0.4 1 0.8
1.02322932276425 4.07287526964484 "experimento_65" 65 5000 1000 0.8 4 0.4 1 0.8
1.07928715331946 4.39357620685656 "experimento_65" 65 5000 1000 0.8 4 0.4 1 0.8
0.965569498250261 4.11241937565627 "experimento_65" 65 5000 1000 0.8 4 0.4 1 0.8
0.969115142244846 3.98517293217187 "experimento_65" 65 5000 1000 0.8 4 0.4 1 0.8
0.947561807464808 4.09385320230848 "experimento_65" 65 5000 1000 0.8 4 0.4 1 0.8
0.9341336179059 3.78004289483489 "experimento_65" 65 5000 1000 0.8 4 0.4 1 0.8
0.925074596656486 3.74675179917072 "experimento_65" 65 5000 1000 0.8 4 0.4 1 0.8
0.964890248142183 4.07650116688795 "experimento_65" 65 5000 1000 0.8 4 0.4 1 0.8
1.1185597369913 4.01598655953929 "experimento_65" 65 5000 1000 0.8 4 0.4 1 0.8
0.901772638782859 3.70364841021586 "experimento_65" 65 5000 1000 0.8 4 0.4 1 0.8
0.952398545807227 3.88152251160786 "experimento_65" 65 5000 1000 0.8 4 0.4 1 0.8
0.941710017854348 3.96960383194191 "experimento_65" 65 5000 1000 0.8 4 0.4 1 0.8
1.06064726726618 4.17251321865538 "experimento_65" 65 5000 1000 0.8 4 0.4 1 0.8
0.950035362271592 3.98250792222571 "experimento_65" 65 5000 1000 0.8 4 0.4 1 0.8
0.938116740435362 3.95324327299958 "experimento_65" 65 5000 1000 0.8 4 0.4 1 0.8
0.949051875155419 3.83488204385464 "experimento_65" 65 5000 1000 0.8 4 0.4 1 0.8
0.976337245898321 3.91921032348364 "experimento_65" 65 5000 1000 0.8 4 0.4 1 0.8
0.945220716064796 4.00227980921565 "experimento_65" 65 5000 1000 0.8 4 0.4 1 0.8
1.06209904560819 4.2774459231286 "experimento_65" 65 5000 1000 0.8 4 0.4 1 0.8
0.917701112572104 4.08529556667695 "experimento_65" 65 5000 1000 0.8 4 0.4 1 0.8
0.994018669705838 4.11368183180243 "experimento_65" 65 5000 1000 0.8 4 0.4 1 0.8
0.957304568728432 4.06114485527034 "experimento_65" 65 5000 1000 0.8 4 0.4 1 0.8
0.961802074220031 4.11841401351678 "experimento_65" 65 5000 1000 0.8 4 0.4 1 0.8
0.97610924532637 4.06065010424895 "experimento_65" 65 5000 1000 0.8 4 0.4 1 0.8
1.02299091337961 3.94320398132369 "experimento_65" 65 5000 1000 0.8 4 0.4 1 0.8
1.08711872690877 3.9916590588365 "experimento_65" 65 5000 1000 0.8 4 0.4 1 0.8
1.08785766852088 4.0740843134792 "experimento_65" 65 5000 1000 0.8 4 0.4 1 0.8
0.96892109606415 4.05948768892254 "experimento_65" 65 5000 1000 0.8 4 0.4 1 0.8
0.934029148658738 3.78849621645707 "experimento_65" 65 5000 1000 0.8 4 0.4 1 0.8
0.979226457187906 3.94427624961945 "experimento_65" 65 5000 1000 0.8 4 0.4 1 0.8
0.927359610330313 4.15240258657226 "experimento_65" 65 5000 1000 0.8 4 0.4 1 0.8
1.00619705370627 4.12046448166191 "experimento_65" 65 5000 1000 0.8 4 0.4 1 0.8
0.931549231056124 3.94969184258893 "experimento_65" 65 5000 1000 0.8 4 0.4 1 0.8
1.03860313810492 4.09017371729124 "experimento_65" 65 5000 1000 0.8 4 0.4 1 0.8
0.913753466680646 3.85457128047271 "experimento_65" 65 5000 1000 0.8 4 0.4 1 0.8
1.01751877460629 3.8893455900638 "experimento_65" 65 5000 1000 0.8 4 0.4 1 0.8
0.979972864035517 4.12185398575429 "experimento_65" 65 5000 1000 0.8 4 0.4 1 0.8
1.11315254156943 4.09823714592574 "experimento_65" 65 5000 1000 0.8 4 0.4 1 0.8
0.947648849338293 3.9259587486536 "experimento_65" 65 5000 1000 0.8 4 0.4 1 0.8
1.02181735462383 3.90148255051907 "experimento_65" 65 5000 1000 0.8 4 0.4 1 0.8
0.955233267974108 3.95671817982032 "experimento_65" 65 5000 1000 0.8 4 0.4 1 0.8
0.93333628680557 3.95303751042973 "experimento_65" 65 5000 1000 0.8 4 0.4 1 0.8
1.01848479856198 4.19283142379108 "experimento_65" 65 5000 1000 0.8 4 0.4 1 0.8
0.934083258965984 3.95711335131833 "experimento_65" 65 5000 1000 0.8 4 0.4 1 0.8
0.970085487235337 3.94805893264223 "experimento_65" 65 5000 1000 0.8 4 0.4 1 0.8
0.924356304574758 3.88003445564624 "experimento_65" 65 5000 1000 0.8 4 0.4 1 0.8
0.96697813551873 4.06981984730098 "experimento_65" 65 5000 1000 0.8 4 0.4 1 0.8
1.12387538386974 3.77950992054716 "experimento_65" 65 5000 1000 0.8 4 0.4 1 0.8
0.960145894438028 3.89634507087565 "experimento_65" 65 5000 1000 0.8 4 0.4 1 0.8
0.964869977906346 4.1489109019269 "experimento_65" 65 5000 1000 0.8 4 0.4 1 0.8
0.977707524551079 4.30182892226266 "experimento_65" 65 5000 1000 0.8 4 0.4 1 0.8
0.961196127813309 4.03450418313091 "experimento_65" 65 5000 1000 0.8 4 0.4 1 0.8
1.06893575311209 4.03403517178745 "experimento_65" 65 5000 1000 0.8 4 0.4 1 0.8
0.954092604108155 4.21983908759514 "experimento_65" 65 5000 1000 0.8 4 0.4 1 0.8
1.06280852237251 4.1488289990842 "experimento_65" 65 5000 1000 0.8 4 0.4 1 0.8
0.940945515176281 4.07499235108584 "experimento_65" 65 5000 1000 0.8 4 0.4 1 0.8
0.964958833530545 4.06836765516302 "experimento_65" 65 5000 1000 0.8 4 0.4 1 0.8
0.97060437547043 3.95434653568908 "experimento_65" 65 5000 1000 0.8 4 0.4 1 0.8
0.956657009897754 4.13932496206571 "experimento_65" 65 5000 1000 0.8 4 0.4 1 0.8
0.981749797938392 3.83479964251705 "experimento_65" 65 5000 1000 0.8 4 0.4 1 0.8
0.985850719735026 4.27678151757809 "experimento_65" 65 5000 1000 0.8 4 0.4 1 0.8
1.10831646318547 4.39588944517812 "experimento_65" 65 5000 1000 0.8 4 0.4 1 0.8
0.98262994736433 3.94968769269773 "experimento_65" 65 5000 1000 0.8 4 0.4 1 0.8
0.917695928830653 3.93827224279219 "experimento_65" 65 5000 1000 0.8 4 0.4 1 0.8
1.01207756309304 4.02985204758273 "experimento_65" 65 5000 1000 0.8 4 0.4 1 0.8
0.949466576334089 3.87676525201168 "experimento_65" 65 5000 1000 0.8 4 0.4 1 0.8
0.93273752881214 3.92271690827422 "experimento_65" 65 5000 1000 0.8 4 0.4 1 0.8
0.91331465728581 3.77138161511312 "experimento_65" 65 5000 1000 0.8 4 0.4 1 0.8
0.965010027866811 4.16617872530035 "experimento_65" 65 5000 1000 0.8 4 0.4 1 0.8
0.979116533417255 3.94817757144397 "experimento_65" 65 5000 1000 0.8 4 0.4 1 0.8
0.957204752368852 3.97752866533072 "experimento_65" 65 5000 1000 0.8 4 0.4 1 0.8
0.965547448489815 4.13176604751136 "experimento_65" 65 5000 1000 0.8 4 0.4 1 0.8
0.961176432203501 4.02339124491989 "experimento_65" 65 5000 1000 0.8 4 0.4 1 0.8
0.926393358036876 3.97490385252824 "experimento_65" 65 5000 1000 0.8 4 0.4 1 0.8
0.931183767272159 3.99185259973167 "experimento_65" 65 5000 1000 0.8 4 0.4 1 0.8
0.952419446082786 3.93557074464635 "experimento_65" 65 5000 1000 0.8 4 0.4 1 0.8
0.988003168255091 4.07890755126092 "experimento_65" 65 5000 1000 0.8 4 0.4 1 0.8
0.967663471587002 4.01489978910844 "experimento_65" 65 5000 1000 0.8 4 0.4 1 0.8
0.971692401682958 4.03071261345703 "experimento_65" 65 5000 1000 0.8 4 0.4 1 0.8
0.946754790144041 3.76811086504169 "experimento_65" 65 5000 1000 0.8 4 0.4 1 0.8
0.929723364533857 3.90370082017958 "experimento_65" 65 5000 1000 0.8 4 0.4 1 0.8
1.14131597441155 4.29696856931321 "experimento_65" 65 5000 1000 0.8 4 0.4 1 0.8
0.940297791734338 3.9010687343237 "experimento_65" 65 5000 1000 0.8 4 0.4 1 0.8
0.9505223587621 3.76052735908397 "experimento_65" 65 5000 1000 0.8 4 0.4 1 0.8
0.945593603188172 3.98917028009835 "experimento_65" 65 5000 1000 0.8 4 0.4 1 0.8
0.938186130486429 4.04297365126962 "experimento_65" 65 5000 1000 0.8 4 0.4 1 0.8
0.951767390128225 3.96051868354749 "experimento_65" 65 5000 1000 0.8 4 0.4 1 0.8
0.938920709304512 3.82315743301169 "experimento_65" 65 5000 1000 0.8 4 0.4 1 0.8
0.938420478254557 4.04609773740791 "experimento_65" 65 5000 1000 0.8 4 0.4 1 0.8
0.941641030367464 3.77305872465893 "experimento_65" 65 5000 1000 0.8 4 0.4 1 0.8
0.929393390892074 3.94475689730032 "experimento_65" 65 5000 1000 0.8 4 0.4 1 0.8
0.967628129059449 3.8706122850995 "experimento_65" 65 5000 1000 0.8 4 0.4 1 0.8
0.977950827218592 4.00614526692211 "experimento_65" 65 5000 1000 0.8 4 0.4 1 0.8
1.02874591434374 4.19466680962528 "experimento_65" 65 5000 1000 0.8 4 0.4 1 0.8
0.964339381083846 3.97957116870016 "experimento_65" 65 5000 1000 0.8 4 0.4 1 0.8
0.966719571268186 4.08391950874464 "experimento_65" 65 5000 1000 0.8 4 0.4 1 0.8
0.942252024076879 3.98969201463142 "experimento_65" 65 5000 1000 0.8 4 0.4 1 0.8
0.982155530713499 4.14437613125645 "experimento_65" 65 5000 1000 0.8 4 0.4 1 0.8
0.944571814034134 3.84745349717113 "experimento_65" 65 5000 1000 0.8 4 0.4 1 0.8
0.945167964091524 4.06340782685582 "experimento_65" 65 5000 1000 0.8 4 0.4 1 0.8
0.959186561638489 3.94649953661243 "experimento_65" 65 5000 1000 0.8 4 0.4 1 0.8
0.92042303388007 3.9565311933262 "experimento_65" 65 5000 1000 0.8 4 0.4 1 0.8
0.960790352197364 3.94451970774673 "experimento_65" 65 5000 1000 0.8 4 0.4 1 0.8
0.940765484469011 4.03703225369049 "experimento_65" 65 5000 1000 0.8 4 0.4 1 0.8
0.939654228510335 3.74104573865145 "experimento_65" 65 5000 1000 0.8 4 0.4 1 0.8
0.971671000821516 4.12955005855964 "experimento_65" 65 5000 1000 0.8 4 0.4 1 0.8
0.945642669219524 3.97833874193874 "experimento_65" 65 5000 1000 0.8 4 0.4 1 0.8
0.941963793244213 3.94797989975614 "experimento_65" 65 5000 1000 0.8 4 0.4 1 0.8
1.0021390945185 3.86493952827368 "experimento_65" 65 5000 1000 0.8 4 0.4 1 0.8
0.972700123442337 4.10537857752186 "experimento_65" 65 5000 1000 0.8 4 0.4 1 0.8
0.947934821248055 3.83885891182732 "experimento_65" 65 5000 1000 0.8 4 0.4 1 0.8
0.918055342277512 3.81633076581605 "experimento_65" 65 5000 1000 0.8 4 0.4 1 0.8
0.945104095386341 3.91671495518074 "experimento_65" 65 5000 1000 0.8 4 0.4 1 0.8
0.935660306131467 3.93758038298414 "experimento_65" 65 5000 1000 0.8 4 0.4 1 0.8
0.987814649939537 3.97372369924829 "experimento_65" 65 5000 1000 0.8 4 0.4 1 0.8
0.954921034630388 3.99864696174483 "experimento_65" 65 5000 1000 0.8 4 0.4 1 0.8
0.943282358115539 3.8752032629343 "experimento_65" 65 5000 1000 0.8 4 0.4 1 0.8
0.975584116531536 4.23224936075944 "experimento_65" 65 5000 1000 0.8 4 0.4 1 0.8
0.946955832652748 3.96145604686865 "experimento_65" 65 5000 1000 0.8 4 0.4 1 0.8
0.980795223964378 4.19772585903353 "experimento_65" 65 5000 1000 0.8 4 0.4 1 0.8
0.971848536049947 4.07587509212776 "experimento_65" 65 5000 1000 0.8 4 0.4 1 0.8
0.961228082654998 3.7940468979966 "experimento_65" 65 5000 1000 0.8 4 0.4 1 0.8
0.942372283432633 4.09041220717973 "experimento_65" 65 5000 1000 0.8 4 0.4 1 0.8
1.08612678188365 4.24766394626078 "experimento_65" 65 5000 1000 0.8 4 0.4 1 0.8
1.02811080240645 4.05229624968892 "experimento_65" 65 5000 1000 0.8 4 0.4 1 0.8
0.944443898741156 3.85527346294663 "experimento_65" 65 5000 1000 0.8 4 0.4 1 0.8
0.928611742565408 3.794602526967 "experimento_65" 65 5000 1000 0.8 4 0.4 1 0.8
0.92725948872976 3.75521639724639 "experimento_65" 65 5000 1000 0.8 4 0.4 1 0.8
0.92771000158973 3.8327792965884 "experimento_65" 65 5000 1000 0.8 4 0.4 1 0.8
0.940259695751593 4.08209450823586 "experimento_65" 65 5000 1000 0.8 4 0.4 1 0.8
1.02267120471602 4.19459133482094 "experimento_65" 65 5000 1000 0.8 4 0.4 1 0.8
0.930571337928995 3.9460215029453 "experimento_65" 65 5000 1000 0.8 4 0.4 1 0.8
1.10785341949668 4.22155513649352 "experimento_65" 65 5000 1000 0.8 4 0.4 1 0.8
0.950404445175081 4.16647935258768 "experimento_65" 65 5000 1000 0.8 4 0.4 1 0.8
0.98160337144509 4.11691561362185 "experimento_65" 65 5000 1000 0.8 4 0.4 1 0.8
0.935739140491933 4.01458082619016 "experimento_65" 65 5000 1000 0.8 4 0.4 1 0.8
0.965267775347456 3.90971730782308 "experimento_65" 65 5000 1000 0.8 4 0.4 1 0.8
0.948689239565283 3.88240870664108 "experimento_65" 65 5000 1000 0.8 4 0.4 1 0.8
0.963939252775162 4.23500630870416 "experimento_65" 65 5000 1000 0.8 4 0.4 1 0.8
0.962784556671977 4.14780997810274 "experimento_65" 65 5000 1000 0.8 4 0.4 1 0.8
0.9125421771314 3.89354529474375 "experimento_65" 65 5000 1000 0.8 4 0.4 1 0.8
1.0139453583397 3.89569559205008 "experimento_65" 65 5000 1000 0.8 4 0.4 1 0.8
0.957796334056184 4.09710374748095 "experimento_65" 65 5000 1000 0.8 4 0.4 1 0.8
0.946413115365431 3.88748274017 "experimento_65" 65 5000 1000 0.8 4 0.4 1 0.8
1.06926236844684 3.81685198469258 "experimento_65" 65 5000 1000 0.8 4 0.4 1 0.8
0.923495221883059 3.93720637967238 "experimento_65" 65 5000 1000 0.8 4 0.4 1 0.8
0.969345102552325 4.30697365102754 "experimento_65" 65 5000 1000 0.8 4 0.4 1 0.8
1.08828688436188 4.11676783314631 "experimento_65" 65 5000 1000 0.8 4 0.4 1 0.8
0.968764716992155 3.96662455476561 "experimento_65" 65 5000 1000 0.8 4 0.4 1 0.8
0.958335875766352 3.90067855733561 "experimento_65" 65 5000 1000 0.8 4 0.4 1 0.8
0.972811764571816 3.97825291273552 "experimento_65" 65 5000 1000 0.8 4 0.4 1 0.8
0.922534590819851 3.71334829556925 "experimento_65" 65 5000 1000 0.8 4 0.4 1 0.8
0.940780118806288 3.82391772941018 "experimento_65" 65 5000 1000 0.8 4 0.4 1 0.8
0.963995743077248 3.98268821448024 "experimento_65" 65 5000 1000 0.8 4 0.4 1 0.8
1.17759318904832 3.58916111966516 "experimento_65" 65 5000 1000 0.8 4 0.4 1 0.8
0.969920310657471 3.87272703677912 "experimento_65" 65 5000 1000 0.8 4 0.4 1 0.8
0.976105342851952 3.84916876590058 "experimento_65" 65 5000 1000 0.8 4 0.4 1 0.8
0.921694939723238 3.9560033655891 "experimento_65" 65 5000 1000 0.8 4 0.4 1 0.8
0.967164709698409 4.05905322034946 "experimento_65" 65 5000 1000 0.8 4 0.4 1 0.8
0.94924228778109 4.19598210034393 "experimento_65" 65 5000 1000 0.8 4 0.4 1 0.8
0.987012563273311 4.16248759977382 "experimento_65" 65 5000 1000 0.8 4 0.4 1 0.8
0.92779446952045 3.92633046978227 "experimento_65" 65 5000 1000 0.8 4 0.4 1 0.8
0.945749334990978 4.11057959086817 "experimento_65" 65 5000 1000 0.8 4 0.4 1 0.8
0.952265869127586 4.04634162011841 "experimento_65" 65 5000 1000 0.8 4 0.4 1 0.8
0.96331200725399 4.20246875943914 "experimento_65" 65 5000 1000 0.8 4 0.4 1 0.8
0.926000790670514 3.83916873640966 "experimento_65" 65 5000 1000 0.8 4 0.4 1 0.8
0.975587908178568 3.81966866255169 "experimento_65" 65 5000 1000 0.8 4 0.4 1 0.8
0.996647066902369 4.13962013449936 "experimento_65" 65 5000 1000 0.8 4 0.4 1 0.8
1.00385016919342 4.20213626274866 "experimento_65" 65 5000 1000 0.8 4 0.4 1 0.8
0.939900041325018 3.9166976317543 "experimento_65" 65 5000 1000 0.8 4 0.4 1 0.8
0.97862800443545 3.89190485886668 "experimento_65" 65 5000 1000 0.8 4 0.4 1 0.8
1.03771329007577 4.18420766217832 "experimento_65" 65 5000 1000 0.8 4 0.4 1 0.8
0.940741187194362 3.91962853342001 "experimento_65" 65 5000 1000 0.8 4 0.4 1 0.8
0.923171736998484 3.84634626154896 "experimento_65" 65 5000 1000 0.8 4 0.4 1 0.8
0.971698484849185 4.14847564845068 "experimento_65" 65 5000 1000 0.8 4 0.4 1 0.8
0.931111198617145 3.82252136833114 "experimento_65" 65 5000 1000 0.8 4 0.4 1 0.8
0.925129004521295 4.10823918458579 "experimento_65" 65 5000 1000 0.8 4 0.4 1 0.8
1.00160340676284 3.99283528386271 "experimento_65" 65 5000 1000 0.8 4 0.4 1 0.8
0.920025200815871 3.7381246267621 "experimento_65" 65 5000 1000 0.8 4 0.4 1 0.8
1.0051937662065 4.0457448906616 "experimento_65" 65 5000 1000 0.8 4 0.4 1 0.8
0.923707204172388 3.83948519797089 "experimento_65" 65 5000 1000 0.8 4 0.4 1 0.8
0.953819995047525 3.92882382248255 "experimento_65" 65 5000 1000 0.8 4 0.4 1 0.8
0.900319483596832 3.67562965567863 "experimento_65" 65 5000 1000 0.8 4 0.4 1 0.8
1.02389965190716 3.87092531930537 "experimento_65" 65 5000 1000 0.8 4 0.4 1 0.8
0.969891624292359 4.01290798894522 "experimento_65" 65 5000 1000 0.8 4 0.4 1 0.8
0.949869158444926 3.99462869423389 "experimento_65" 65 5000 1000 0.8 4 0.4 1 0.8
1.02202356687505 3.90241811978942 "experimento_65" 65 5000 1000 0.8 4 0.4 1 0.8
0.988196577643976 4.1190497546973 "experimento_65" 65 5000 1000 0.8 4 0.4 1 0.8
0.968920922605321 4.04773076590518 "experimento_65" 65 5000 1000 0.8 4 0.4 1 0.8
0.945463933050632 3.88481727690557 "experimento_65" 65 5000 1000 0.8 4 0.4 1 0.8
1.00260288780555 4.10175864972917 "experimento_65" 65 5000 1000 0.8 4 0.4 1 0.8
0.89779489277862 3.88045095529186 "experimento_65" 65 5000 1000 0.8 4 0.4 1 0.8
0.973748863907531 3.97763696607607 "experimento_65" 65 5000 1000 0.8 4 0.4 1 0.8
0.936422849306837 4.0337980357766 "experimento_65" 65 5000 1000 0.8 4 0.4 1 0.8
0.942733272211626 3.85780915487404 "experimento_65" 65 5000 1000 0.8 4 0.4 1 0.8
0.961568990489468 4.19655332328505 "experimento_65" 65 5000 1000 0.8 4 0.4 1 0.8
0.964773517567664 4.09668115426472 "experimento_65" 65 5000 1000 0.8 4 0.4 1 0.8
0.895198991522193 3.84266139677358 "experimento_65" 65 5000 1000 0.8 4 0.4 1 0.8
0.957488147774711 3.9477351392701 "experimento_65" 65 5000 1000 0.8 4 0.4 1 0.8
0.966154700843617 3.96992368846099 "experimento_65" 65 5000 1000 0.8 4 0.4 1 0.8
0.966824857983738 4.2459374879921 "experimento_65" 65 5000 1000 0.8 4 0.4 1 0.8
0.920381677569821 4.13197588882951 "experimento_65" 65 5000 1000 0.8 4 0.4 1 0.8
0.943628555396572 3.88815418677536 "experimento_65" 65 5000 1000 0.8 4 0.4 1 0.8
0.975804874207824 3.86585661591402 "experimento_65" 65 5000 1000 0.8 4 0.4 1 0.8
1.12556501419749 4.39869718277522 "experimento_65" 65 5000 1000 0.8 4 0.4 1 0.8
0.964630158618093 4.07762759994389 "experimento_65" 65 5000 1000 0.8 4 0.4 1 0.8
0.945203237934038 4.20561165258935 "experimento_65" 65 5000 1000 0.8 4 0.4 1 0.8
0.939589459681883 3.87415683904252 "experimento_65" 65 5000 1000 0.8 4 0.4 1 0.8
0.926433325977996 3.94751197249099 "experimento_65" 65 5000 1000 0.8 4 0.4 1 0.8
0.968745926162228 3.97826818478472 "experimento_65" 65 5000 1000 0.8 4 0.4 1 0.8
1.10765452450141 4.2228626171084 "experimento_65" 65 5000 1000 0.8 4 0.4 1 0.8
0.932756803464144 3.83094521908303 "experimento_65" 65 5000 1000 0.8 4 0.4 1 0.8
0.948982002679259 3.89867976562939 "experimento_65" 65 5000 1000 0.8 4 0.4 1 0.8
0.940814273664728 3.86721296015748 "experimento_65" 65 5000 1000 0.8 4 0.4 1 0.8
1.04341422894504 4.3712027625924 "experimento_65" 65 5000 1000 0.8 4 0.4 1 0.8
0.983601869549602 4.01709467684213 "experimento_65" 65 5000 1000 0.8 4 0.4 1 0.8
0.964117802446708 3.98294255363113 "experimento_65" 65 5000 1000 0.8 4 0.4 1 0.8
0.943693684414029 3.98340060546696 "experimento_65" 65 5000 1000 0.8 4 0.4 1 0.8
0.977906298357993 4.09411596594955 "experimento_65" 65 5000 1000 0.8 4 0.4 1 0.8
1.0526259309845 4.07767478973457 "experimento_65" 65 5000 1000 0.8 4 0.4 1 0.8
0.931163378991187 3.89852655205385 "experimento_65" 65 5000 1000 0.8 4 0.4 1 0.8
0.964375740615651 3.97083382297804 "experimento_65" 65 5000 1000 0.8 4 0.4 1 0.8
0.979582868050784 4.07953044474088 "experimento_65" 65 5000 1000 0.8 4 0.4 1 0.8
0.914572305046022 3.85468092379921 "experimento_65" 65 5000 1000 0.8 4 0.4 1 0.8
0.939633867703378 3.95402876591942 "experimento_65" 65 5000 1000 0.8 4 0.4 1 0.8
0.917791449464858 3.86973298945533 "experimento_65" 65 5000 1000 0.8 4 0.4 1 0.8
0.962660296587273 4.07147911456514 "experimento_65" 65 5000 1000 0.8 4 0.4 1 0.8
0.952952220570296 4.00749805325913 "experimento_65" 65 5000 1000 0.8 4 0.4 1 0.8
0.963631736813113 3.97332692989959 "experimento_65" 65 5000 1000 0.8 4 0.4 1 0.8
0.996812782948837 4.06304506234657 "experimento_65" 65 5000 1000 0.8 4 0.4 1 0.8
0.925640112254769 3.79482695695281 "experimento_65" 65 5000 1000 0.8 4 0.4 1 0.8
1.02338408091248 3.92017155009002 "experimento_65" 65 5000 1000 0.8 4 0.4 1 0.8
0.899678596993908 3.87713299780639 "experimento_65" 65 5000 1000 0.8 4 0.4 1 0.8
1.06370346737094 4.21125578089707 "experimento_65" 65 5000 1000 0.8 4 0.4 1 0.8
0.984611429274082 4.12464805533329 "experimento_65" 65 5000 1000 0.8 4 0.4 1 0.8
0.933485333109275 3.96971592317781 "experimento_65" 65 5000 1000 0.8 4 0.4 1 0.8
0.946528265019879 3.99137933307733 "experimento_65" 65 5000 1000 0.8 4 0.4 1 0.8
0.939676288515329 3.92501759115002 "experimento_65" 65 5000 1000 0.8 4 0.4 1 0.8
0.963037656387314 3.69278363422397 "experimento_65" 65 5000 1000 0.8 4 0.4 1 0.8
0.958615139359608 3.90794612506676 "experimento_65" 65 5000 1000 0.8 4 0.4 1 0.8
0.945350021123886 3.90940073725131 "experimento_65" 65 5000 1000 0.8 4 0.4 1 0.8
0.95007403451018 3.92363352523107 "experimento_65" 65 5000 1000 0.8 4 0.4 1 0.8
1.05739734205417 4.05618019868828 "experimento_65" 65 5000 1000 0.8 4 0.4 1 0.8
0.957055495586246 4.0775239434801 "experimento_65" 65 5000 1000 0.8 4 0.4 1 0.8
0.937352373497561 3.82129170689723 "experimento_65" 65 5000 1000 0.8 4 0.4 1 0.8
0.928095906972885 4.05936865111145 "experimento_65" 65 5000 1000 0.8 4 0.4 1 0.8
0.945781619055197 3.93509525072962 "experimento_65" 65 5000 1000 0.8 4 0.4 1 0.8
1.06863438938597 3.9785867656885 "experimento_65" 65 5000 1000 0.8 4 0.4 1 0.8
0.961435818811879 3.90044282420529 "experimento_65" 65 5000 1000 0.8 4 0.4 1 0.8
0.928443410200998 4.07193203566477 "experimento_65" 65 5000 1000 0.8 4 0.4 1 0.8
0.916960222180933 3.83079400375903 "experimento_65" 65 5000 1000 0.8 4 0.4 1 0.8
0.949185809120536 4.0178849022188 "experimento_65" 65 5000 1000 0.8 4 0.4 1 0.8
0.946166086709127 4.06929051072162 "experimento_65" 65 5000 1000 0.8 4 0.4 1 0.8
0.961931311758235 3.93224452472417 "experimento_65" 65 5000 1000 0.8 4 0.4 1 0.8
1.00914032719522 3.97271002563673 "experimento_65" 65 5000 1000 0.8 4 0.4 1 0.8
0.936811639927328 3.80167007592136 "experimento_65" 65 5000 1000 0.8 4 0.4 1 0.8
0.958161710062996 4.109436445236 "experimento_65" 65 5000 1000 0.8 4 0.4 1 0.8
0.966113577364013 3.82852796020779 "experimento_65" 65 5000 1000 0.8 4 0.4 1 0.8
0.968384800478816 3.92206715722131 "experimento_65" 65 5000 1000 0.8 4 0.4 1 0.8
0.979810640215874 4.14565586106893 "experimento_65" 65 5000 1000 0.8 4 0.4 1 0.8
0.963533730944619 3.9290314072501 "experimento_65" 65 5000 1000 0.8 4 0.4 1 0.8
1.06866810366046 3.89355308829457 "experimento_65" 65 5000 1000 0.8 4 0.4 1 0.8
0.937491738703102 3.95345925043792 "experimento_65" 65 5000 1000 0.8 4 0.4 1 0.8
0.956559114856645 3.93848849706749 "experimento_65" 65 5000 1000 0.8 4 0.4 1 0.8
0.973121457034722 4.02107578904374 "experimento_65" 65 5000 1000 0.8 4 0.4 1 0.8
0.959222830599174 3.7901109214535 "experimento_65" 65 5000 1000 0.8 4 0.4 1 0.8
0.979472249746323 4.00209538710771 "experimento_65" 65 5000 1000 0.8 4 0.4 1 0.8
0.918481196276844 4.0770326049914 "experimento_65" 65 5000 1000 0.8 4 0.4 1 0.8
0.935916374437511 4.0106758027665 "experimento_65" 65 5000 1000 0.8 4 0.4 1 0.8
0.962033591931686 4.0043745615481 "experimento_65" 65 5000 1000 0.8 4 0.4 1 0.8
0.9842546985019 4.0410960978114 "experimento_65" 65 5000 1000 0.8 4 0.4 1 0.8
0.935742934932932 3.91315693081703 "experimento_65" 65 5000 1000 0.8 4 0.4 1 0.8
0.954682209994644 3.81302774193793 "experimento_65" 65 5000 1000 0.8 4 0.4 1 0.8
0.935621861368418 3.93799595806941 "experimento_65" 65 5000 1000 0.8 4 0.4 1 0.8
0.95623286976479 4.00780661863996 "experimento_65" 65 5000 1000 0.8 4 0.4 1 0.8
0.969887756276876 4.20363768607631 "experimento_65" 65 5000 1000 0.8 4 0.4 1 0.8
0.966683242237195 3.92319679758992 "experimento_65" 65 5000 1000 0.8 4 0.4 1 0.8
0.951300925808027 4.00626445377862 "experimento_65" 65 5000 1000 0.8 4 0.4 1 0.8
1.11528916237876 4.1901663449847 "experimento_65" 65 5000 1000 0.8 4 0.4 1 0.8
1.05951352347486 4.02938950120587 "experimento_65" 65 5000 1000 0.8 4 0.4 1 0.8
0.91566135478206 3.91567950322846 "experimento_65" 65 5000 1000 0.8 4 0.4 1 0.8
0.977173891849816 4.01751627263078 "experimento_65" 65 5000 1000 0.8 4 0.4 1 0.8
0.963565782178193 3.9536348257871 "experimento_65" 65 5000 1000 0.8 4 0.4 1 0.8
0.968830341473222 4.04755272922858 "experimento_65" 65 5000 1000 0.8 4 0.4 1 0.8
0.928364526480436 3.8414354304516 "experimento_65" 65 5000 1000 0.8 4 0.4 1 0.8
0.976622503949329 3.93812680300442 "experimento_65" 65 5000 1000 0.8 4 0.4 1 0.8
0.941403918433934 3.88410503339251 "experimento_65" 65 5000 1000 0.8 4 0.4 1 0.8
0.928657170152292 3.89228735977648 "experimento_65" 65 5000 1000 0.8 4 0.4 1 0.8
0.979703090619296 3.93314441920846 "experimento_65" 65 5000 1000 0.8 4 0.4 1 0.8
1.00762607569471 4.15266096853341 "experimento_65" 65 5000 1000 0.8 4 0.4 1 0.8
0.905261180829257 3.9084426878659 "experimento_65" 65 5000 1000 0.8 4 0.4 1 0.8
0.946980213513598 4.13778766247146 "experimento_65" 65 5000 1000 0.8 4 0.4 1 0.8
1.03208367938227 3.88120131280564 "experimento_65" 65 5000 1000 0.8 4 0.4 1 0.8
1.00821187021211 4.09942572286068 "experimento_65" 65 5000 1000 0.8 4 0.4 1 0.8
1.01519175129943 4.20684967003944 "experimento_65" 65 5000 1000 0.8 4 0.4 1 0.8
0.955785096855834 3.84931086325933 "experimento_65" 65 5000 1000 0.8 4 0.4 1 0.8
0.96931187226437 4.10022498771414 "experimento_65" 65 5000 1000 0.8 4 0.4 1 0.8
1.00071140221865 4.02851072932213 "experimento_65" 65 5000 1000 0.8 4 0.4 1 0.8
0.952284965896979 3.77217079904743 "experimento_65" 65 5000 1000 0.8 4 0.4 1 0.8
1.07194489368703 4.12975377868589 "experimento_65" 65 5000 1000 0.8 4 0.4 1 0.8
0.940532542765141 4.11241132959022 "experimento_65" 65 5000 1000 0.8 4 0.4 1 0.8
0.970771498978138 4.09943023542717 "experimento_65" 65 5000 1000 0.8 4 0.4 1 0.8
0.961953184334561 4.01276832482622 "experimento_65" 65 5000 1000 0.8 4 0.4 1 0.8
0.945964405313134 3.93653321662782 "experimento_65" 65 5000 1000 0.8 4 0.4 1 0.8
0.933992724865675 3.92211612815147 "experimento_65" 65 5000 1000 0.8 4 0.4 1 0.8
0.92983957962133 3.76818421142977 "experimento_65" 65 5000 1000 0.8 4 0.4 1 0.8
0.971733389887959 4.13045751143279 "experimento_65" 65 5000 1000 0.8 4 0.4 1 0.8
0.962245997274294 3.89147412997904 "experimento_65" 65 5000 1000 0.8 4 0.4 1 0.8
0.970743274781853 3.85129793567756 "experimento_65" 65 5000 1000 0.8 4 0.4 1 0.8
0.989130086963996 4.22723354161195 "experimento_65" 65 5000 1000 0.8 4 0.4 1 0.8
0.962771413614973 4.0257828708324 "experimento_65" 65 5000 1000 0.8 4 0.4 1 0.8
0.988757393322885 3.75386802947525 "experimento_65" 65 5000 1000 0.8 4 0.4 1 0.8
0.920389138162136 3.95781190433834 "experimento_65" 65 5000 1000 0.8 4 0.4 1 0.8
1.09801520487863 4.03587820990297 "experimento_65" 65 5000 1000 0.8 4 0.4 1 0.8
0.944277719128877 4.00498270366248 "experimento_65" 65 5000 1000 0.8 4 0.4 1 0.8
0.966775985201821 3.85724081760099 "experimento_65" 65 5000 1000 0.8 4 0.4 1 0.8
0.922059142962098 3.84312307045508 "experimento_65" 65 5000 1000 0.8 4 0.4 1 0.8
0.901668648002669 3.72412414270513 "experimento_65" 65 5000 1000 0.8 4 0.4 1 0.8
0.947213073493913 3.94575388121834 "experimento_65" 65 5000 1000 0.8 4 0.4 1 0.8
1.02928975049872 3.90253652262214 "experimento_65" 65 5000 1000 0.8 4 0.4 1 0.8
0.992033712333068 4.13202248715365 "experimento_65" 65 5000 1000 0.8 4 0.4 1 0.8
0.961131846066564 3.80799864507668 "experimento_65" 65 5000 1000 0.8 4 0.4 1 0.8
0.943937461823225 3.9156618132998 "experimento_65" 65 5000 1000 0.8 4 0.4 1 0.8
0.971864239545539 3.94733192384398 "experimento_65" 65 5000 1000 0.8 4 0.4 1 0.8
0.941838638158515 3.87961136262065 "experimento_65" 65 5000 1000 0.8 4 0.4 1 0.8
0.950337237212807 4.10627469558522 "experimento_65" 65 5000 1000 0.8 4 0.4 1 0.8
0.960226899012923 3.92645073067331 "experimento_65" 65 5000 1000 0.8 4 0.4 1 0.8
0.942531534470618 3.90898273667012 "experimento_65" 65 5000 1000 0.8 4 0.4 1 0.8
0.936573335900903 3.92204983010985 "experimento_65" 65 5000 1000 0.8 4 0.4 1 0.8
0.937123168259859 4.08387545171753 "experimento_65" 65 5000 1000 0.8 4 0.4 1 0.8
0.929312993306667 3.71229244286391 "experimento_65" 65 5000 1000 0.8 4 0.4 1 0.8
0.966065482702106 3.84987320990615 "experimento_65" 65 5000 1000 0.8 4 0.4 1 0.8
0.942387390648946 3.85747558355753 "experimento_65" 65 5000 1000 0.8 4 0.4 1 0.8
0.96800853847526 3.96565208502011 "experimento_65" 65 5000 1000 0.8 4 0.4 1 0.8
1.08655856747646 4.26934041744777 "experimento_65" 65 5000 1000 0.8 4 0.4 1 0.8
0.965040693990886 4.02924743489651 "experimento_65" 65 5000 1000 0.8 4 0.4 1 0.8
0.981589836534113 3.98341394867224 "experimento_65" 65 5000 1000 0.8 4 0.4 1 0.8
0.947840075474232 3.94655330385037 "experimento_65" 65 5000 1000 0.8 4 0.4 1 0.8
0.972349468851462 4.11611299036059 "experimento_65" 65 5000 1000 0.8 4 0.4 1 0.8
0.951000600121915 3.94176017730995 "experimento_65" 65 5000 1000 0.8 4 0.4 1 0.8
0.979404898360372 3.9137287131402 "experimento_65" 65 5000 1000 0.8 4 0.4 1 0.8
0.938125176122412 3.97598034357184 "experimento_65" 65 5000 1000 0.8 4 0.4 1 0.8
0.972335059894249 3.8897371448706 "experimento_65" 65 5000 1000 0.8 4 0.4 1 0.8
0.93028779188171 3.83692661873601 "experimento_65" 65 5000 1000 0.8 4 0.4 1 0.8
0.908827636158094 3.8346371420502 "experimento_65" 65 5000 1000 0.8 4 0.4 1 0.8
0.930404027691111 3.83781815994529 "experimento_65" 65 5000 1000 0.8 4 0.4 1 0.8
0.977461599744856 4.1762191979827 "experimento_65" 65 5000 1000 0.8 4 0.4 1 0.8
0.977756432956085 3.94858101141839 "experimento_65" 65 5000 1000 0.8 4 0.4 1 0.8
1.15429742424749 4.32827534078821 "experimento_65" 65 5000 1000 0.8 4 0.4 1 0.8
0.957203632453457 4.12607654864932 "experimento_65" 65 5000 1000 0.8 4 0.4 1 0.8
0.975359564647079 3.97419969463442 "experimento_65" 65 5000 1000 0.8 4 0.4 1 0.8
0.925196381751448 3.84607922166165 "experimento_65" 65 5000 1000 0.8 4 0.4 1 0.8
0.963311339961365 3.88436377382932 "experimento_65" 65 5000 1000 0.8 4 0.4 1 0.8
0.980059885419905 4.08157800171155 "experimento_65" 65 5000 1000 0.8 4 0.4 1 0.8
0.955195970600471 3.881219402611 "experimento_65" 65 5000 1000 0.8 4 0.4 1 0.8
1.00998963648453 3.926694629498 "experimento_65" 65 5000 1000 0.8 4 0.4 1 0.8
0.976054772734642 3.96559238744592 "experimento_65" 65 5000 1000 0.8 4 0.4 1 0.8
0.964612771524116 3.95402360261596 "experimento_65" 65 5000 1000 0.8 4 0.4 1 0.8
0.946180290775374 4.00343438835374 "experimento_65" 65 5000 1000 0.8 4 0.4 1 0.8
0.955743062309921 3.96216938928675 "experimento_65" 65 5000 1000 0.8 4 0.4 1 0.8
1.0446317140433 3.82807137058478 "experimento_65" 65 5000 1000 0.8 4 0.4 1 0.8
1.05589789000805 4.07937211433667 "experimento_65" 65 5000 1000 0.8 4 0.4 1 0.8
0.968242882052436 4.12256004194719 "experimento_65" 65 5000 1000 0.8 4 0.4 1 0.8
0.921615541214123 3.83670663985054 "experimento_65" 65 5000 1000 0.8 4 0.4 1 0.8
1.00228886841796 3.93513074507043 "experimento_65" 65 5000 1000 0.8 4 0.4 1 0.8
0.990638837916777 3.98840342926296 "experimento_65" 65 5000 1000 0.8 4 0.4 1 0.8
0.959487810032442 3.88337233786342 "experimento_65" 65 5000 1000 0.8 4 0.4 1 0.8
0.99614452267997 4.09269428353646 "experimento_65" 65 5000 1000 0.8 4 0.4 1 0.8
0.926603063708171 3.85741989245073 "experimento_65" 65 5000 1000 0.8 4 0.4 1 0.8
0.906497956486419 3.71490351811549 "experimento_65" 65 5000 1000 0.8 4 0.4 1 0.8
0.975060971453786 4.00099198848242 "experimento_65" 65 5000 1000 0.8 4 0.4 1 0.8
0.964922382263467 3.96394005659625 "experimento_65" 65 5000 1000 0.8 4 0.4 1 0.8
0.948019360424951 3.91328595217828 "experimento_65" 65 5000 1000 0.8 4 0.4 1 0.8
1.07650449170345 4.19499357722043 "experimento_65" 65 5000 1000 0.8 4 0.4 1 0.8
0.956541591091082 4.21338277013878 "experimento_65" 65 5000 1000 0.8 4 0.4 1 0.8
0.975846329703927 4.06263881806838 "experimento_65" 65 5000 1000 0.8 4 0.4 1 0.8
1.11959468736313 4.1674869478227 "experimento_65" 65 5000 1000 0.8 4 0.4 1 0.8
0.945349164074287 3.94326432471148 "experimento_65" 65 5000 1000 0.8 4 0.4 1 0.8
0.932792865205556 3.89742909359823 "experimento_65" 65 5000 1000 0.8 4 0.4 1 0.8
0.982320349197835 3.99476954994132 "experimento_65" 65 5000 1000 0.8 4 0.4 1 0.8
0.939167758449912 3.85402913575405 "experimento_65" 65 5000 1000 0.8 4 0.4 1 0.8
0.968197766691446 3.99617713522301 "experimento_65" 65 5000 1000 0.8 4 0.4 1 0.8
1.00055243270525 3.9243698497777 "experimento_65" 65 5000 1000 0.8 4 0.4 1 0.8
1.07828683452681 3.94787772452336 "experimento_65" 65 5000 1000 0.8 4 0.4 1 0.8
0.968434706795961 4.07598332114997 "experimento_65" 65 5000 1000 0.8 4 0.4 1 0.8
0.931527669075876 3.94748709127909 "experimento_65" 65 5000 1000 0.8 4 0.4 1 0.8
1.03777486400702 4.16425301713527 "experimento_65" 65 5000 1000 0.8 4 0.4 1 0.8
0.967251464724541 4.02907941975378 "experimento_65" 65 5000 1000 0.8 4 0.4 1 0.8
0.955411354079843 3.98329626418224 "experimento_65" 65 5000 1000 0.8 4 0.4 1 0.8
1.13445066788699 4.36914232457818 "experimento_65" 65 5000 1000 0.8 4 0.4 1 0.8
0.984231668524444 4.1193588992522 "experimento_65" 65 5000 1000 0.8 4 0.4 1 0.8
0.990668571786955 4.05791132723673 "experimento_65" 65 5000 1000 0.8 4 0.4 1 0.8
0.918313723290339 3.82756737814553 "experimento_65" 65 5000 1000 0.8 4 0.4 1 0.8
0.969500595703721 4.04540267498151 "experimento_65" 65 5000 1000 0.8 4 0.4 1 0.8
1.00820162915625 4.0440749162867 "experimento_65" 65 5000 1000 0.8 4 0.4 1 0.8
0.966564076021314 3.89514885386334 "experimento_65" 65 5000 1000 0.8 4 0.4 1 0.8
1.17052822723053 4.3727595968625 "experimento_65" 65 5000 1000 0.8 4 0.4 1 0.8
1.08770618960261 4.08661355434184 "experimento_65" 65 5000 1000 0.8 4 0.4 1 0.8
0.996674106223509 4.10959743692807 "experimento_65" 65 5000 1000 0.8 4 0.4 1 0.8
0.952741220593452 3.92663568632517 "experimento_65" 65 5000 1000 0.8 4 0.4 1 0.8
0.965618206188083 4.01352389802979 "experimento_65" 65 5000 1000 0.8 4 0.4 1 0.8
0.942306720418856 3.9769162415085 "experimento_65" 65 5000 1000 0.8 4 0.4 1 0.8
0.951676574535668 3.95842163409103 "experimento_65" 65 5000 1000 0.8 4 0.4 1 0.8
1.0643962234237 4.10268647888468 "experimento_65" 65 5000 1000 0.8 4 0.4 1 0.8
0.936866321600974 3.85251027882629 "experimento_65" 65 5000 1000 0.8 4 0.4 1 0.8
0.934416364878416 3.9649856637829 "experimento_65" 65 5000 1000 0.8 4 0.4 1 0.8
0.983394894283265 3.97766896424532 "experimento_65" 65 5000 1000 0.8 4 0.4 1 0.8
0.917797993868589 3.84336826928908 "experimento_65" 65 5000 1000 0.8 4 0.4 1 0.8
0.950775507837534 3.96665925566874 "experimento_65" 65 5000 1000 0.8 4 0.4 1 0.8
0.952076664892957 3.87063235490282 "experimento_65" 65 5000 1000 0.8 4 0.4 1 0.8
0.97777015180327 4.02728958813752 "experimento_65" 65 5000 1000 0.8 4 0.4 1 0.8
0.946576559217647 3.95529056238614 "experimento_65" 65 5000 1000 0.8 4 0.4 1 0.8
1.0128210231947 4.09278626138488 "experimento_65" 65 5000 1000 0.8 4 0.4 1 0.8
0.926434668712318 4.02452896270134 "experimento_65" 65 5000 1000 0.8 4 0.4 1 0.8
0.976154402364045 3.96656614449142 "experimento_65" 65 5000 1000 0.8 4 0.4 1 0.8
0.973546173423529 3.92642359917835 "experimento_65" 65 5000 1000 0.8 4 0.4 1 0.8
0.948776323581114 3.95104304247609 "experimento_65" 65 5000 1000 0.8 4 0.4 1 0.8
0.924242075299844 3.84504450819751 "experimento_65" 65 5000 1000 0.8 4 0.4 1 0.8
0.950970347970724 4.01105949237317 "experimento_65" 65 5000 1000 0.8 4 0.4 1 0.8
0.939091969048604 3.84858927534167 "experimento_65" 65 5000 1000 0.8 4 0.4 1 0.8
0.946808009874076 3.83413576894755 "experimento_65" 65 5000 1000 0.8 4 0.4 1 0.8
0.955028593773022 4.14458526603284 "experimento_65" 65 5000 1000 0.8 4 0.4 1 0.8
0.940015359781682 4.07619678973481 "experimento_65" 65 5000 1000 0.8 4 0.4 1 0.8
0.957210692577064 3.99603399630577 "experimento_65" 65 5000 1000 0.8 4 0.4 1 0.8
1.03635083481209 4.26440522491905 "experimento_65" 65 5000 1000 0.8 4 0.4 1 0.8
1.04601826261272 3.99749685520508 "experimento_65" 65 5000 1000 0.8 4 0.4 1 0.8
0.95733566978015 3.96039758550607 "experimento_65" 65 5000 1000 0.8 4 0.4 1 0.8
1.00102451181261 4.273042767363 "experimento_65" 65 5000 1000 0.8 4 0.4 1 0.8
0.93121727835387 3.71005058262933 "experimento_65" 65 5000 1000 0.8 4 0.4 1 0.8
0.982240123907104 4.05094117320152 "experimento_65" 65 5000 1000 0.8 4 0.4 1 0.8
0.956910157343373 4.03585616909393 "experimento_65" 65 5000 1000 0.8 4 0.4 1 0.8
0.940012941835448 4.00797791383561 "experimento_65" 65 5000 1000 0.8 4 0.4 1 0.8
0.948280067648739 3.76962698690675 "experimento_65" 65 5000 1000 0.8 4 0.4 1 0.8
1.01230513192969 3.943294152624 "experimento_65" 65 5000 1000 0.8 4 0.4 1 0.8
0.954529990442097 3.89748198033667 "experimento_65" 65 5000 1000 0.8 4 0.4 1 0.8
0.953147736610845 3.91906038583945 "experimento_65" 65 5000 1000 0.8 4 0.4 1 0.8
0.966482887975872 3.88419451251906 "experimento_65" 65 5000 1000 0.8 4 0.4 1 0.8
1.00178222186053 3.99716651208016 "experimento_65" 65 5000 1000 0.8 4 0.4 1 0.8
0.949464312521741 4.03232086593082 "experimento_65" 65 5000 1000 0.8 4 0.4 1 0.8
0.934308688854799 3.96996808737486 "experimento_65" 65 5000 1000 0.8 4 0.4 1 0.8
0.951669991947711 3.95028686017414 "experimento_65" 65 5000 1000 0.8 4 0.4 1 0.8
0.959842787589878 4.0143395916614 "experimento_65" 65 5000 1000 0.8 4 0.4 1 0.8
0.929336043540388 3.89568648264039 "experimento_65" 65 5000 1000 0.8 4 0.4 1 0.8
0.935932156862691 3.82438336944956 "experimento_65" 65 5000 1000 0.8 4 0.4 1 0.8
0.970897146034986 3.9718375812502 "experimento_65" 65 5000 1000 0.8 4 0.4 1 0.8
0.984161970671266 4.23603276773057 "experimento_65" 65 5000 1000 0.8 4 0.4 1 0.8
1.00433864176739 4.11407295043486 "experimento_65" 65 5000 1000 0.8 4 0.4 1 0.8
0.927273812703788 3.85819895043494 "experimento_65" 65 5000 1000 0.8 4 0.4 1 0.8
0.95689918845892 3.96097618986218 "experimento_65" 65 5000 1000 0.8 4 0.4 1 0.8
0.983218139968812 3.98541363299396 "experimento_65" 65 5000 1000 0.8 4 0.4 1 0.8
0.925329656107351 3.98417484074675 "experimento_65" 65 5000 1000 0.8 4 0.4 1 0.8
0.983755968278274 4.20273542677086 "experimento_65" 65 5000 1000 0.8 4 0.4 1 0.8
0.929782858118415 3.9923648510413 "experimento_65" 65 5000 1000 0.8 4 0.4 1 0.8
0.940420051570982 3.97160929391388 "experimento_65" 65 5000 1000 0.8 4 0.4 1 0.8
0.965189829701558 3.98987707871222 "experimento_65" 65 5000 1000 0.8 4 0.4 1 0.8
0.957722688559443 4.14367758025748 "experimento_65" 65 5000 1000 0.8 4 0.4 1 0.8
0.908344467403367 3.89506118699934 "experimento_65" 65 5000 1000 0.8 4 0.4 1 0.8
1.02388517488725 3.98892401838211 "experimento_65" 65 5000 1000 0.8 4 0.4 1 0.8
0.966878328006715 3.82839414159635 "experimento_65" 65 5000 1000 0.8 4 0.4 1 0.8
0.972463625250384 4.00201086371088 "experimento_65" 65 5000 1000 0.8 4 0.4 1 0.8
0.957776998402551 3.9321874485964 "experimento_65" 65 5000 1000 0.8 4 0.4 1 0.8
1.04852143698372 4.18440193654005 "experimento_65" 65 5000 1000 0.8 4 0.4 1 0.8
0.989769693696871 3.99310653769686 "experimento_65" 65 5000 1000 0.8 4 0.4 1 0.8
0.981148259714246 4.29987266137235 "experimento_65" 65 5000 1000 0.8 4 0.4 1 0.8
0.995104684261605 4.06912937657295 "experimento_65" 65 5000 1000 0.8 4 0.4 1 0.8
0.958308233646676 3.96560408963958 "experimento_65" 65 5000 1000 0.8 4 0.4 1 0.8
0.98115955083631 4.21483274503806 "experimento_65" 65 5000 1000 0.8 4 0.4 1 0.8
0.952674926957116 4.06300854310651 "experimento_65" 65 5000 1000 0.8 4 0.4 1 0.8
1.06786101870239 4.32726809380775 "experimento_65" 65 5000 1000 0.8 4 0.4 1 0.8
0.976581955095753 4.13358707497842 "experimento_65" 65 5000 1000 0.8 4 0.4 1 0.8
0.963571151951328 3.96520907727259 "experimento_65" 65 5000 1000 0.8 4 0.4 1 0.8
1.12925739900675 4.03471474173146 "experimento_65" 65 5000 1000 0.8 4 0.4 1 0.8
0.9231154571753 3.98607453134635 "experimento_65" 65 5000 1000 0.8 4 0.4 1 0.8
0.912512923125178 3.84743796510406 "experimento_65" 65 5000 1000 0.8 4 0.4 1 0.8
1.02332902741967 4.33941960729783 "experimento_65" 65 5000 1000 0.8 4 0.4 1 0.8
0.957476454321295 3.91665778118406 "experimento_65" 65 5000 1000 0.8 4 0.4 1 0.8
0.909748066682369 3.8141986829228 "experimento_65" 65 5000 1000 0.8 4 0.4 1 0.8
0.955328828422353 3.80070675547439 "experimento_65" 65 5000 1000 0.8 4 0.4 1 0.8
1.10873079793623 4.10405833262314 "experimento_65" 65 5000 1000 0.8 4 0.4 1 0.8
0.943250137148425 3.97947349840094 "experimento_65" 65 5000 1000 0.8 4 0.4 1 0.8
0.952927880687639 4.00984243736589 "experimento_65" 65 5000 1000 0.8 4 0.4 1 0.8
0.971445167204365 3.93686002765797 "experimento_65" 65 5000 1000 0.8 4 0.4 1 0.8
0.929489115718752 3.83035221091339 "experimento_65" 65 5000 1000 0.8 4 0.4 1 0.8
0.912867075530812 3.89771720011972 "experimento_65" 65 5000 1000 0.8 4 0.4 1 0.8
1.05678972287569 4.30640590116828 "experimento_65" 65 5000 1000 0.8 4 0.4 1 0.8
0.936477655079216 3.77985040257506 "experimento_65" 65 5000 1000 0.8 4 0.4 1 0.8
1.03964970354342 4.08068830595692 "experimento_65" 65 5000 1000 0.8 4 0.4 1 0.8
0.94995664479211 4.1131677590935 "experimento_65" 65 5000 1000 0.8 4 0.4 1 0.8
0.961233200738207 3.80766061114677 "experimento_65" 65 5000 1000 0.8 4 0.4 1 0.8
0.973344465484843 4.02099311430012 "experimento_65" 65 5000 1000 0.8 4 0.4 1 0.8
0.971831660484895 3.96979846315091 "experimento_65" 65 5000 1000 0.8 4 0.4 1 0.8
0.962485126685351 3.9210411853672 "experimento_65" 65 5000 1000 0.8 4 0.4 1 0.8
1.00140578788705 4.30052278596384 "experimento_65" 65 5000 1000 0.8 4 0.4 1 0.8
0.985815093619749 3.98847155580753 "experimento_65" 65 5000 1000 0.8 4 0.4 1 0.8
0.96656515984796 4.09306961178059 "experimento_65" 65 5000 1000 0.8 4 0.4 1 0.8
0.957729333778843 3.99499736324592 "experimento_65" 65 5000 1000 0.8 4 0.4 1 0.8
1.01294959264706 4.1098477704209 "experimento_65" 65 5000 1000 0.8 4 0.4 1 0.8
0.984420308610424 4.05423818674078 "experimento_65" 65 5000 1000 0.8 4 0.4 1 0.8
0.969752687728032 4.0299959308486 "experimento_65" 65 5000 1000 0.8 4 0.4 1 0.8
0.960761682363227 3.80740343720367 "experimento_65" 65 5000 1000 0.8 4 0.4 1 0.8
0.953793422784656 3.96603122077077 "experimento_65" 65 5000 1000 0.8 4 0.4 1 0.8
0.95363136427477 3.912249440783 "experimento_65" 65 5000 1000 0.8 4 0.4 1 0.8
0.954222481464967 4.03558216742714 "experimento_65" 65 5000 1000 0.8 4 0.4 1 0.8
0.91171403741464 3.79364045524293 "experimento_65" 65 5000 1000 0.8 4 0.4 1 0.8
0.998954223236069 3.95308869653609 "experimento_65" 65 5000 1000 0.8 4 0.4 1 0.8
0.982279459014535 3.94973185605341 "experimento_65" 65 5000 1000 0.8 4 0.4 1 0.8
0.968853890895844 3.8624629781893 "experimento_65" 65 5000 1000 0.8 4 0.4 1 0.8
0.927798149408773 3.97149070436381 "experimento_65" 65 5000 1000 0.8 4 0.4 1 0.8
0.950828672619537 4.07778735245745 "experimento_65" 65 5000 1000 0.8 4 0.4 1 0.8
0.985493411077186 4.00850221967668 "experimento_65" 65 5000 1000 0.8 4 0.4 1 0.8
1.01021602968867 4.16559854670232 "experimento_65" 65 5000 1000 0.8 4 0.4 1 0.8
1.02447197271977 4.33503469244369 "experimento_65" 65 5000 1000 0.8 4 0.4 1 0.8
0.959791643545032 4.05069357596401 "experimento_65" 65 5000 1000 0.8 4 0.4 1 0.8
1.02277001226321 4.13008226472458 "experimento_65" 65 5000 1000 0.8 4 0.4 1 0.8
0.974934259196743 3.93303205274101 "experimento_65" 65 5000 1000 0.8 4 0.4 1 0.8
0.95719385962002 3.81620296461445 "experimento_65" 65 5000 1000 0.8 4 0.4 1 0.8
0.972292360616848 3.85876619982465 "experimento_65" 65 5000 1000 0.8 4 0.4 1 0.8
0.963407206581905 4.08257872045756 "experimento_65" 65 5000 1000 0.8 4 0.4 1 0.8
0.988272073445842 4.17035158692475 "experimento_65" 65 5000 1000 0.8 4 0.4 1 0.8
0.974812701810151 4.00436613019184 "experimento_65" 65 5000 1000 0.8 4 0.4 1 0.8
1.00565339322202 4.31871365758849 "experimento_65" 65 5000 1000 0.8 4 0.4 1 0.8
0.908167496323586 3.84316106826078 "experimento_65" 65 5000 1000 0.8 4 0.4 1 0.8
0.943624935345724 4.06194209013652 "experimento_65" 65 5000 1000 0.8 4 0.4 1 0.8
0.966383764985949 4.04556218757082 "experimento_65" 65 5000 1000 0.8 4 0.4 1 0.8
0.932563609676436 3.85795158402161 "experimento_65" 65 5000 1000 0.8 4 0.4 1 0.8
0.981268040370196 4.05184278746232 "experimento_65" 65 5000 1000 0.8 4 0.4 1 0.8
0.970769291277975 3.90164835412998 "experimento_65" 65 5000 1000 0.8 4 0.4 1 0.8
0.941901337122545 3.85295311535164 "experimento_65" 65 5000 1000 0.8 4 0.4 1 0.8
0.952863837825134 3.92451822499889 "experimento_65" 65 5000 1000 0.8 4 0.4 1 0.8
0.967979398788884 4.0292202022911 "experimento_65" 65 5000 1000 0.8 4 0.4 1 0.8
0.97231039358303 4.05875475719148 "experimento_65" 65 5000 1000 0.8 4 0.4 1 0.8
0.927182117942721 3.95463497935912 "experimento_65" 65 5000 1000 0.8 4 0.4 1 0.8
0.948637406807393 4.03912904904907 "experimento_65" 65 5000 1000 0.8 4 0.4 1 0.8
0.936422041384503 3.68855041175637 "experimento_65" 65 5000 1000 0.8 4 0.4 1 0.8
0.930489084450528 3.8919401217924 "experimento_65" 65 5000 1000 0.8 4 0.4 1 0.8
1.04072361532599 4.19014745008077 "experimento_65" 65 5000 1000 0.8 4 0.4 1 0.8
0.955703422660008 4.23556018331833 "experimento_65" 65 5000 1000 0.8 4 0.4 1 0.8
0.941787313437089 4.04837546730123 "experimento_65" 65 5000 1000 0.8 4 0.4 1 0.8
0.975689388113096 4.16631951669462 "experimento_65" 65 5000 1000 0.8 4 0.4 1 0.8
0.932733396766707 3.76171023273518 "experimento_65" 65 5000 1000 0.8 4 0.4 1 0.8
0.979833724442869 4.18071815166301 "experimento_65" 65 5000 1000 0.8 4 0.4 1 0.8
1.01977038674522 4.05111803220176 "experimento_65" 65 5000 1000 0.8 4 0.4 1 0.8
0.973901615245268 3.93420098114999 "experimento_65" 65 5000 1000 0.8 4 0.4 1 0.8
0.974023625487462 4.2325540046468 "experimento_65" 65 5000 1000 0.8 4 0.4 1 0.8
0.942217405652627 3.97385974033554 "experimento_65" 65 5000 1000 0.8 4 0.4 1 0.8
0.977171435020864 3.88536671003002 "experimento_65" 65 5000 1000 0.8 4 0.4 1 0.8
0.975091842934489 3.93955741152436 "experimento_65" 65 5000 1000 0.8 4 0.4 1 0.8
0.92101879324764 3.96945570899741 "experimento_65" 65 5000 1000 0.8 4 0.4 1 0.8
0.965569318737835 3.91359735864285 "experimento_65" 65 5000 1000 0.8 4 0.4 1 0.8
0.949377021519467 3.79755977703786 "experimento_65" 65 5000 1000 0.8 4 0.4 1 0.8
0.959888090379536 3.75558780860971 "experimento_65" 65 5000 1000 0.8 4 0.4 1 0.8
0.993840123526752 4.16979688741079 "experimento_65" 65 5000 1000 0.8 4 0.4 1 0.8
0.92523917532526 3.92582005265185 "experimento_65" 65 5000 1000 0.8 4 0.4 1 0.8
1.00009961344767 4.12665178222462 "experimento_65" 65 5000 1000 0.8 4 0.4 1 0.8
1.08839901508526 4.18666462749097 "experimento_65" 65 5000 1000 0.8 4 0.4 1 0.8
0.938298431923613 3.93953690093928 "experimento_65" 65 5000 1000 0.8 4 0.4 1 0.8
0.960723933298141 4.03662772269944 "experimento_65" 65 5000 1000 0.8 4 0.4 1 0.8
0.949922284577042 3.90979190810499 "experimento_65" 65 5000 1000 0.8 4 0.4 1 0.8
0.94124804623425 4.05805157432455 "experimento_65" 65 5000 1000 0.8 4 0.4 1 0.8
0.940695164492354 3.85184571039891 "experimento_65" 65 5000 1000 0.8 4 0.4 1 0.8
0.929536958923563 3.92812642241679 "experimento_65" 65 5000 1000 0.8 4 0.4 1 0.8
0.936517805093899 3.71364351510698 "experimento_65" 65 5000 1000 0.8 4 0.4 1 0.8
0.972583656432107 4.04197659020089 "experimento_65" 65 5000 1000 0.8 4 0.4 1 0.8
0.935418515931815 3.9308370309062 "experimento_65" 65 5000 1000 0.8 4 0.4 1 0.8
0.953008279204369 3.86122591147113 "experimento_65" 65 5000 1000 0.8 4 0.4 1 0.8
0.99121293053031 4.13205599950883 "experimento_65" 65 5000 1000 0.8 4 0.4 1 0.8
1.06464143481571 4.24718390359225 "experimento_65" 65 5000 1000 0.8 4 0.4 1 0.8
0.928030061535537 4.10241791445221 "experimento_65" 65 5000 1000 0.8 4 0.4 1 0.8
1.02748641266953 4.02245122057539 "experimento_65" 65 5000 1000 0.8 4 0.4 1 0.8
0.960278905695304 3.95621676795568 "experimento_65" 65 5000 1000 0.8 4 0.4 1 0.8
1.0182332888783 4.06386800185576 "experimento_65" 65 5000 1000 0.8 4 0.4 1 0.8
0.935850794194266 4.10013105785641 "experimento_65" 65 5000 1000 0.8 4 0.4 1 0.8
1.00505623659776 3.92892469298689 "experimento_65" 65 5000 1000 0.8 4 0.4 1 0.8
0.978169379988685 4.04263144425427 "experimento_65" 65 5000 1000 0.8 4 0.4 1 0.8
0.945446825120598 4.06629123842863 "experimento_65" 65 5000 1000 0.8 4 0.4 1 0.8
1.075605707055 4.41922367226633 "experimento_65" 65 5000 1000 0.8 4 0.4 1 0.8
0.941351773682982 3.85072410789722 "experimento_65" 65 5000 1000 0.8 4 0.4 1 0.8
1.12623940850608 4.23605907904382 "experimento_65" 65 5000 1000 0.8 4 0.4 1 0.8
1.0350881664662 4.04720948164909 "experimento_65" 65 5000 1000 0.8 4 0.4 1 0.8
0.943055866518989 4.05724420532312 "experimento_65" 65 5000 1000 0.8 4 0.4 1 0.8
0.978079407010227 3.8570178811659 "experimento_65" 65 5000 1000 0.8 4 0.4 1 0.8
0.97804225073196 4.09412522658739 "experimento_65" 65 5000 1000 0.8 4 0.4 1 0.8
0.924125886522233 3.97572299427287 "experimento_65" 65 5000 1000 0.8 4 0.4 1 0.8
0.958133202278987 3.9322878511587 "experimento_65" 65 5000 1000 0.8 4 0.4 1 0.8
0.940821551252156 3.87263495970484 "experimento_65" 65 5000 1000 0.8 4 0.4 1 0.8
0.948255158960819 3.82166474897102 "experimento_65" 65 5000 1000 0.8 4 0.4 1 0.8
1.10387657722458 3.55197609411095 "experimento_65" 65 5000 1000 0.8 4 0.4 1 0.8
0.96804213989526 4.06870284922848 "experimento_65" 65 5000 1000 0.8 4 0.4 1 0.8
0.965633844956756 4.22489347817243 "experimento_65" 65 5000 1000 0.8 4 0.4 1 0.8
0.953822242561728 3.86528273455564 "experimento_65" 65 5000 1000 0.8 4 0.4 1 0.8
0.957165141124278 4.1912443972427 "experimento_65" 65 5000 1000 0.8 4 0.4 1 0.8
1.12805411033 4.27316747078287 "experimento_65" 65 5000 1000 0.8 4 0.4 1 0.8
0.936183978337795 3.7629655620828 "experimento_65" 65 5000 1000 0.8 4 0.4 1 0.8
0.944311376893893 3.90034845207711 "experimento_65" 65 5000 1000 0.8 4 0.4 1 0.8
0.938794824527577 3.91500286117975 "experimento_65" 65 5000 1000 0.8 4 0.4 1 0.8
0.95509532187134 3.96570895634676 "experimento_65" 65 5000 1000 0.8 4 0.4 1 0.8
0.929159808671102 3.94003991742346 "experimento_65" 65 5000 1000 0.8 4 0.4 1 0.8
0.969189343973994 3.95057000019272 "experimento_65" 65 5000 1000 0.8 4 0.4 1 0.8
0.907555510755628 4.02191556617292 "experimento_65" 65 5000 1000 0.8 4 0.4 1 0.8
1.04418540152255 3.89247688655039 "experimento_65" 65 5000 1000 0.8 4 0.4 1 0.8
0.945937082869932 3.98686885156479 "experimento_65" 65 5000 1000 0.8 4 0.4 1 0.8
0.937834477284923 3.96344079342877 "experimento_65" 65 5000 1000 0.8 4 0.4 1 0.8
0.996813591104001 3.91491017812833 "experimento_65" 65 5000 1000 0.8 4 0.4 1 0.8
0.941890137502924 3.93115947558155 "experimento_65" 65 5000 1000 0.8 4 0.4 1 0.8
0.984175496967509 3.87385081710961 "experimento_65" 65 5000 1000 0.8 4 0.4 1 0.8
0.929681609384716 3.78624374715754 "experimento_65" 65 5000 1000 0.8 4 0.4 1 0.8
0.916852823924273 3.68139356304046 "experimento_65" 65 5000 1000 0.8 4 0.4 1 0.8
0.938243223587051 3.80241560816309 "experimento_65" 65 5000 1000 0.8 4 0.4 1 0.8
0.980374617734924 3.88277122135896 "experimento_65" 65 5000 1000 0.8 4 0.4 1 0.8
0.941049720859155 3.90870288380815 "experimento_65" 65 5000 1000 0.8 4 0.4 1 0.8
0.994185438379645 4.06239772134003 "experimento_65" 65 5000 1000 0.8 4 0.4 1 0.8
0.928588695358485 3.78885561150758 "experimento_65" 65 5000 1000 0.8 4 0.4 1 0.8
0.962768414989114 4.0850547504321 "experimento_65" 65 5000 1000 0.8 4 0.4 1 0.8
0.954526748042554 4.0782319491776 "experimento_65" 65 5000 1000 0.8 4 0.4 1 0.8
0.995454652467743 4.0478533025527 "experimento_65" 65 5000 1000 0.8 4 0.4 1 0.8
0.912732029333711 3.698785574814 "experimento_65" 65 5000 1000 0.8 4 0.4 1 0.8
0.957506838953122 4.09751489957054 "experimento_65" 65 5000 1000 0.8 4 0.4 1 0.8
0.991821506526321 3.94348043829525 "experimento_65" 65 5000 1000 0.8 4 0.4 1 0.8
0.958636327879503 3.9369852917685 "experimento_65" 65 5000 1000 0.8 4 0.4 1 0.8
1.03458998028389 3.9359718715607 "experimento_65" 65 5000 1000 0.8 4 0.4 1 0.8
1.07621429441497 3.89570024282978 "experimento_65" 65 5000 1000 0.8 4 0.4 1 0.8
0.98630878678523 4.17565852038723 "experimento_65" 65 5000 1000 0.8 4 0.4 1 0.8
0.943505980074406 3.86720133984403 "experimento_65" 65 5000 1000 0.8 4 0.4 1 0.8
0.952135684201494 4.15010318826735 "experimento_65" 65 5000 1000 0.8 4 0.4 1 0.8
0.936743808910251 3.78186281212924 "experimento_65" 65 5000 1000 0.8 4 0.4 1 0.8
0.982360262656584 4.03376032562098 "experimento_65" 65 5000 1000 0.8 4 0.4 1 0.8
0.973153724567965 4.10929371041949 "experimento_65" 65 5000 1000 0.8 4 0.4 1 0.8
1.00461202231236 3.93892945377278 "experimento_65" 65 5000 1000 0.8 4 0.4 1 0.8
0.967288026353344 3.8966404674767 "experimento_65" 65 5000 1000 0.8 4 0.4 1 0.8
0.964664136758074 3.82060497372212 "experimento_65" 65 5000 1000 0.8 4 0.4 1 0.8
0.968123514205217 3.90042654145231 "experimento_65" 65 5000 1000 0.8 4 0.4 1 0.8
0.973023551516235 3.99423694747323 "experimento_65" 65 5000 1000 0.8 4 0.4 1 0.8
0.958922867197543 3.99327050659686 "experimento_65" 65 5000 1000 0.8 4 0.4 1 0.8
0.958277356578037 3.91186782760092 "experimento_65" 65 5000 1000 0.8 4 0.4 1 0.8
0.94581226608716 3.9294188100345 "experimento_65" 65 5000 1000 0.8 4 0.4 1 0.8
0.94958985154517 3.95511907272619 "experimento_65" 65 5000 1000 0.8 4 0.4 1 0.8
0.931543790269643 3.91406378363662 "experimento_65" 65 5000 1000 0.8 4 0.4 1 0.8
1.0834642238915 4.09597140722123 "experimento_65" 65 5000 1000 0.8 4 0.4 1 0.8
0.993242759490386 4.35716783499264 "experimento_65" 65 5000 1000 0.8 4 0.4 1 0.8
0.927156220190227 3.9354781995171 "experimento_65" 65 5000 1000 0.8 4 0.4 1 0.8
0.960645698709413 4.09345662312298 "experimento_65" 65 5000 1000 0.8 4 0.4 1 0.8
0.951160314492881 3.85622283463394 "experimento_65" 65 5000 1000 0.8 4 0.4 1 0.8
0.965405487688258 3.88649102323242 "experimento_65" 65 5000 1000 0.8 4 0.4 1 0.8
0.916352227097377 3.8021289110733 "experimento_65" 65 5000 1000 0.8 4 0.4 1 0.8
1.09705248952378 4.31739877329646 "experimento_65" 65 5000 1000 0.8 4 0.4 1 0.8
0.986665650038049 4.07894382302669 "experimento_65" 65 5000 1000 0.8 4 0.4 1 0.8
0.917504670331255 3.78590276619965 "experimento_65" 65 5000 1000 0.8 4 0.4 1 0.8
0.978275467874482 4.09756593558176 "experimento_65" 65 5000 1000 0.8 4 0.4 1 0.8
1.03697243856732 3.87588922487011 "experimento_65" 65 5000 1000 0.8 4 0.4 1 0.8
0.943523909430951 4.18112234205993 "experimento_65" 65 5000 1000 0.8 4 0.4 1 0.8
0.95557764172554 3.93594749466316 "experimento_65" 65 5000 1000 0.8 4 0.4 1 0.8
0.948827476007864 4.07209684867491 "experimento_65" 65 5000 1000 0.8 4 0.4 1 0.8
0.931690624915063 3.8888700540477 "experimento_65" 65 5000 1000 0.8 4 0.4 1 0.8
0.951297311112285 3.88889481349377 "experimento_65" 65 5000 1000 0.8 4 0.4 1 0.8
0.915679334895685 3.84192525995173 "experimento_65" 65 5000 1000 0.8 4 0.4 1 0.8
0.927452419418842 3.86673274132187 "experimento_65" 65 5000 1000 0.8 4 0.4 1 0.8
0.927326685283333 3.82677699908291 "experimento_65" 65 5000 1000 0.8 4 0.4 1 0.8
0.962029492715374 4.0957970824808 "experimento_65" 65 5000 1000 0.8 4 0.4 1 0.8
0.949657283024862 3.83754945688716 "experimento_65" 65 5000 1000 0.8 4 0.4 1 0.8
0.99312615650706 4.10413950582353 "experimento_65" 65 5000 1000 0.8 4 0.4 1 0.8
1.1254618131741 3.70982768676721 "experimento_65" 65 5000 1000 0.8 4 0.4 1 0.8
0.94515144941397 3.89761561817592 "experimento_65" 65 5000 1000 0.8 4 0.4 1 0.8
0.899077782873064 3.64272917406569 "experimento_65" 65 5000 1000 0.8 4 0.4 1 0.8
0.96781005221419 3.98229524943601 "experimento_65" 65 5000 1000 0.8 4 0.4 1 0.8
0.984761025523767 4.22764939684181 "experimento_65" 65 5000 1000 0.8 4 0.4 1 0.8
0.943921602098271 4.01608406636286 "experimento_65" 65 5000 1000 0.8 4 0.4 1 0.8
0.988068157574162 3.8601233657883 "experimento_65" 65 5000 1000 0.8 4 0.4 1 0.8
0.937500503379852 3.89401826276888 "experimento_65" 65 5000 1000 0.8 4 0.4 1 0.8
0.971252400893718 3.95483569386454 "experimento_65" 65 5000 1000 0.8 4 0.4 1 0.8
0.949763054028153 3.97240900823021 "experimento_65" 65 5000 1000 0.8 4 0.4 1 0.8
0.957090521696955 4.14397869859522 "experimento_65" 65 5000 1000 0.8 4 0.4 1 0.8
0.988883288344368 4.13795313154012 "experimento_65" 65 5000 1000 0.8 4 0.4 1 0.8
0.901345017366111 3.83302494495798 "experimento_65" 65 5000 1000 0.8 4 0.4 1 0.8
0.928810561774299 3.7583584327782 "experimento_65" 65 5000 1000 0.8 4 0.4 1 0.8
1.06671447784174 3.94307996928859 "experimento_65" 65 5000 1000 0.8 4 0.4 1 0.8
0.997901839436963 3.92890663801813 "experimento_65" 65 5000 1000 0.8 4 0.4 1 0.8
0.952383288415149 3.97163911577517 "experimento_65" 65 5000 1000 0.8 4 0.4 1 0.8
0.969484543427825 4.0304843011586 "experimento_65" 65 5000 1000 0.8 4 0.4 1 0.8
1.01981731515843 3.92491933098899 "experimento_65" 65 5000 1000 0.8 4 0.4 1 0.8
0.976013048086315 4.25538810437895 "experimento_65" 65 5000 1000 0.8 4 0.4 1 0.8
0.920938551425934 4.13766310030697 "experimento_65" 65 5000 1000 0.8 4 0.4 1 0.8
0.95488151954487 4.13308911853745 "experimento_65" 65 5000 1000 0.8 4 0.4 1 0.8
0.945111725246534 3.8581308716785 "experimento_65" 65 5000 1000 0.8 4 0.4 1 0.8
0.9926214995794 4.10486020779913 "experimento_65" 65 5000 1000 0.8 4 0.4 1 0.8
0.941167490789667 3.78597298622741 "experimento_65" 65 5000 1000 0.8 4 0.4 1 0.8
0.922566358698532 3.81844492205801 "experimento_65" 65 5000 1000 0.8 4 0.4 1 0.8
0.979309672722593 3.89809158800905 "experimento_65" 65 5000 1000 0.8 4 0.4 1 0.8
0.985168072860688 3.81976306593194 "experimento_65" 65 5000 1000 0.8 4 0.4 1 0.8
0.971478566760197 3.99951032528785 "experimento_65" 65 5000 1000 0.8 4 0.4 1 0.8
0.95879947161302 3.8389112266294 "experimento_65" 65 5000 1000 0.8 4 0.4 1 0.8
0.923036168562248 3.87935556890804 "experimento_65" 65 5000 1000 0.8 4 0.4 1 0.8
1.0205770219909 3.97959301066858 "experimento_65" 65 5000 1000 0.8 4 0.4 1 0.8
0.993003430077806 4.02300058445536 "experimento_65" 65 5000 1000 0.8 4 0.4 1 0.8
1.09084823451879 3.84572834944798 "experimento_65" 65 5000 1000 0.8 4 0.4 1 0.8
0.943010390503332 4.02146623456285 "experimento_65" 65 5000 1000 0.8 4 0.4 1 0.8
0.954626859165728 3.99660678433555 "experimento_65" 65 5000 1000 0.8 4 0.4 1 0.8
1.01688728290915 4.22107453427194 "experimento_65" 65 5000 1000 0.8 4 0.4 1 0.8
0.974782189819962 3.93676456846407 "experimento_65" 65 5000 1000 0.8 4 0.4 1 0.8
0.951717597199604 3.91795589679786 "experimento_65" 65 5000 1000 0.8 4 0.4 1 0.8
1.00444613457628 4.08445614584241 "experimento_65" 65 5000 1000 0.8 4 0.4 1 0.8
0.935770950745791 3.84941336415333 "experimento_65" 65 5000 1000 0.8 4 0.4 1 0.8
1.00067347774156 4.21173651965947 "experimento_65" 65 5000 1000 0.8 4 0.4 1 0.8
0.984586580190808 4.13032547855806 "experimento_65" 65 5000 1000 0.8 4 0.4 1 0.8
0.930051034782082 3.84169964100474 "experimento_65" 65 5000 1000 0.8 4 0.4 1 0.8
0.955717815784737 3.86302553742539 "experimento_65" 65 5000 1000 0.8 4 0.4 1 0.8
0.961411920841783 4.17758086179624 "experimento_65" 65 5000 1000 0.8 4 0.4 1 0.8
0.96117822965607 4.09355495039542 "experimento_65" 65 5000 1000 0.8 4 0.4 1 0.8
1.06278492615093 4.11181596804495 "experimento_65" 65 5000 1000 0.8 4 0.4 1 0.8
0.906592963961884 3.83032688127345 "experimento_65" 65 5000 1000 0.8 4 0.4 1 0.8
0.929435597732663 3.83758958976947 "experimento_65" 65 5000 1000 0.8 4 0.4 1 0.8
1.00921255198685 4.0987494230914 "experimento_65" 65 5000 1000 0.8 4 0.4 1 0.8
0.906776167452335 3.88630551026653 "experimento_65" 65 5000 1000 0.8 4 0.4 1 0.8
0.946593689266592 3.94408690253528 "experimento_65" 65 5000 1000 0.8 4 0.4 1 0.8
0.948147437069565 4.11437414152574 "experimento_65" 65 5000 1000 0.8 4 0.4 1 0.8
0.999453441007063 3.93323091777579 "experimento_65" 65 5000 1000 0.8 4 0.4 1 0.8
0.996765045914799 3.99462503723115 "experimento_65" 65 5000 1000 0.8 4 0.4 1 0.8
0.939958904404193 3.85540115608258 "experimento_65" 65 5000 1000 0.8 4 0.4 1 0.8
0.924011487746611 4.05537456726486 "experimento_65" 65 5000 1000 0.8 4 0.4 1 0.8
0.946250094799325 3.9645850631597 "experimento_65" 65 5000 1000 0.8 4 0.4 1 0.8
1.12446970550809 3.75580842671515 "experimento_65" 65 5000 1000 0.8 4 0.4 1 0.8
0.961344940122217 3.97726766060279 "experimento_65" 65 5000 1000 0.8 4 0.4 1 0.8
1.07264158653967 4.32669929911975 "experimento_65" 65 5000 1000 0.8 4 0.4 1 0.8
0.921508561354131 3.82459859541928 "experimento_65" 65 5000 1000 0.8 4 0.4 1 0.8
1.061136501587 4.43070275626908 "experimento_65" 65 5000 1000 0.8 4 0.4 1 0.8
1.14507918816525 4.19703498049125 "experimento_65" 65 5000 1000 0.8 4 0.4 1 0.8
0.954280387843028 3.88932480062485 "experimento_65" 65 5000 1000 0.8 4 0.4 1 0.8
0.955584505107254 3.97275037326871 "experimento_65" 65 5000 1000 0.8 4 0.4 1 0.8
0.992221850901842 4.03629738261711 "experimento_65" 65 5000 1000 0.8 4 0.4 1 0.8
0.955544075928628 3.78349039549609 "experimento_65" 65 5000 1000 0.8 4 0.4 1 0.8
0.938759744167328 3.7453644640228 "experimento_65" 65 5000 1000 0.8 4 0.4 1 0.8
1.12258778256364 4.08304598831118 "experimento_65" 65 5000 1000 0.8 4 0.4 1 0.8
0.928353115683421 3.83360316478626 "experimento_65" 65 5000 1000 0.8 4 0.4 1 0.8
0.960497306194156 4.10558989346468 "experimento_65" 65 5000 1000 0.8 4 0.4 1 0.8
0.977183195063844 4.08110222388929 "experimento_65" 65 5000 1000 0.8 4 0.4 1 0.8
0.93048811214976 3.93608745699812 "experimento_65" 65 5000 1000 0.8 4 0.4 1 0.8
0.949472814332694 3.95834232813664 "experimento_65" 65 5000 1000 0.8 4 0.4 1 0.8
0.972275899723172 4.07363938254586 "experimento_65" 65 5000 1000 0.8 4 0.4 1 0.8
1.12172121100593 4.1046462742696 "experimento_65" 65 5000 1000 0.8 4 0.4 1 0.8
1.11343679290808 3.72253267409791 "experimento_65" 65 5000 1000 0.8 4 0.4 1 0.8
0.954350140644237 3.85931607713142 "experimento_65" 65 5000 1000 0.8 4 0.4 1 0.8
0.973287432221696 3.87361183987901 "experimento_65" 65 5000 1000 0.8 4 0.4 1 0.8
0.966810887446627 3.86496840445093 "experimento_65" 65 5000 1000 0.8 4 0.4 1 0.8
1.00097274688038 4.12901637880687 "experimento_65" 65 5000 1000 0.8 4 0.4 1 0.8
0.985954470699653 3.9794192439032 "experimento_65" 65 5000 1000 0.8 4 0.4 1 0.8
1.07042742329516 4.04968818920761 "experimento_65" 65 5000 1000 0.8 4 0.4 1 0.8
0.955177087569609 3.94060597034436 "experimento_65" 65 5000 1000 0.8 4 0.4 1 0.8
0.936073915334418 3.95203871259617 "experimento_65" 65 5000 1000 0.8 4 0.4 1 0.8
0.955650043673813 3.80540261503181 "experimento_65" 65 5000 1000 0.8 4 0.4 1 0.8
0.991673893528059 3.99261377964802 "experimento_65" 65 5000 1000 0.8 4 0.4 1 0.8
0.979765672935173 3.9942956396866 "experimento_65" 65 5000 1000 0.8 4 0.4 1 0.8
1.17569362111901 4.35886526782966 "experimento_65" 65 5000 1000 0.8 4 0.4 1 0.8
0.919737201184034 3.785574453963 "experimento_65" 65 5000 1000 0.8 4 0.4 1 0.8
1.00359580047775 4.18283572744089 "experimento_65" 65 5000 1000 0.8 4 0.4 1 0.8
0.915807803627104 3.7769579019544 "experimento_65" 65 5000 1000 0.8 4 0.4 1 0.8
0.952578010503203 3.9092773181881 "experimento_65" 65 5000 1000 0.8 4 0.4 1 0.8
0.999627677723765 3.93900885469018 "experimento_65" 65 5000 1000 0.8 4 0.4 1 0.8
0.973834741162136 3.95606805958364 "experimento_65" 65 5000 1000 0.8 4 0.4 1 0.8
1.07059341215063 3.8890404729603 "experimento_65" 65 5000 1000 0.8 4 0.4 1 0.8
1.14531430241186 3.65878071768164 "experimento_65" 65 5000 1000 0.8 4 0.4 1 0.8
1.04842163214926 4.32116788988374 "experimento_65" 65 5000 1000 0.8 4 0.4 1 0.8
0.956684370292351 3.98455013843576 "experimento_65" 65 5000 1000 0.8 4 0.4 1 0.8
0.970862233545631 3.85375789313303 "experimento_65" 65 5000 1000 0.8 4 0.4 1 0.8
0.977766507770866 4.33363027436464 "experimento_65" 65 5000 1000 0.8 4 0.4 1 0.8
0.98841482703574 3.99436327138105 "experimento_65" 65 5000 1000 0.8 4 0.4 1 0.8
0.941959391813725 4.02920712108345 "experimento_65" 65 5000 1000 0.8 4 0.4 1 0.8
0.952009236672893 4.06153851454948 "experimento_65" 65 5000 1000 0.8 4 0.4 1 0.8
0.957229975610971 3.96438032926903 "experimento_65" 65 5000 1000 0.8 4 0.4 1 0.8
0.951978158438578 3.97174278746748 "experimento_65" 65 5000 1000 0.8 4 0.4 1 0.8
0.979186098091304 4.0300614395568 "experimento_65" 65 5000 1000 0.8 4 0.4 1 0.8
0.922252324176952 4.00121701294365 "experimento_65" 65 5000 1000 0.8 4 0.4 1 0.8
1.00142688386949 4.26977931378695 "experimento_65" 65 5000 1000 0.8 4 0.4 1 0.8
0.918641729746014 4.01764264846947 "experimento_65" 65 5000 1000 0.8 4 0.4 1 0.8
0.962284803157672 4.00780315726119 "experimento_65" 65 5000 1000 0.8 4 0.4 1 0.8
0.950497874524444 3.80714522909083 "experimento_65" 65 5000 1000 0.8 4 0.4 1 0.8
0.97243435611017 3.94481133514807 "experimento_65" 65 5000 1000 0.8 4 0.4 1 0.8
0.949851948069409 3.96220286335332 "experimento_65" 65 5000 1000 0.8 4 0.4 1 0.8
1.00701802037656 4.09263226525724 "experimento_65" 65 5000 1000 0.8 4 0.4 1 0.8
0.966386087238789 4.05735442767646 "experimento_65" 65 5000 1000 0.8 4 0.4 1 0.8
1.0774482912384 3.98260824285309 "experimento_65" 65 5000 1000 0.8 4 0.4 1 0.8
0.959608857985586 4.04237695524381 "experimento_65" 65 5000 1000 0.8 4 0.4 1 0.8
1.11485907679889 4.04098169229137 "experimento_65" 65 5000 1000 0.8 4 0.4 1 0.8
0.979980383068323 4.23251641003547 "experimento_65" 65 5000 1000 0.8 4 0.4 1 0.8
1.04653883096228 3.95884106076022 "experimento_65" 65 5000 1000 0.8 4 0.4 1 0.8
0.933140851790085 3.96131923064552 "experimento_65" 65 5000 1000 0.8 4 0.4 1 0.8
0.948750216513872 3.86151202034624 "experimento_65" 65 5000 1000 0.8 4 0.4 1 0.8
0.925398902734742 3.76582522830797 "experimento_65" 65 5000 1000 0.8 4 0.4 1 0.8
0.94257929129526 3.90553949773373 "experimento_65" 65 5000 1000 0.8 4 0.4 1 0.8
1.02878585639126 4.0709844543858 "experimento_65" 65 5000 1000 0.8 4 0.4 1 0.8
0.93267774162814 3.87508914432364 "experimento_65" 65 5000 1000 0.8 4 0.4 1 0.8
0.926778088090941 3.87864115217939 "experimento_65" 65 5000 1000 0.8 4 0.4 1 0.8
0.903765663038939 3.93289250252912 "experimento_65" 65 5000 1000 0.8 4 0.4 1 0.8
1.12909950769972 4.403157620939 "experimento_65" 65 5000 1000 0.8 4 0.4 1 0.8
1.05589137549751 4.02397548554403 "experimento_65" 65 5000 1000 0.8 4 0.4 1 0.8
1.00276493409183 3.92546751492899 "experimento_65" 65 5000 1000 0.8 4 0.4 1 0.8
0.908115773461759 3.91580649127156 "experimento_65" 65 5000 1000 0.8 4 0.4 1 0.8
0.925318009918556 3.80564160589607 "experimento_65" 65 5000 1000 0.8 4 0.4 1 0.8
0.95320891123265 3.89161921004602 "experimento_65" 65 5000 1000 0.8 4 0.4 1 0.8
0.976070157252252 4.12583529118803 "experimento_65" 65 5000 1000 0.8 4 0.4 1 0.8
0.936514169443399 3.84377280118051 "experimento_65" 65 5000 1000 0.8 4 0.4 1 0.8
0.97288228967227 4.10814865966254 "experimento_65" 65 5000 1000 0.8 4 0.4 1 0.8
0.933601072989404 3.78094381972555 "experimento_65" 65 5000 1000 0.8 4 0.4 1 0.8
1.18850690614313 4.47912939639262 "experimento_65" 65 5000 1000 0.8 4 0.4 1 0.8
0.93402197631076 3.80665126169928 "experimento_65" 65 5000 1000 0.8 4 0.4 1 0.8
0.954207288101315 3.81934733462521 "experimento_65" 65 5000 1000 0.8 4 0.4 1 0.8
1.17606303656039 3.83008877770781 "experimento_65" 65 5000 1000 0.8 4 0.4 1 0.8
0.926164869451895 3.78752653726478 "experimento_65" 65 5000 1000 0.8 4 0.4 1 0.8
0.958561277482659 4.07465503296018 "experimento_65" 65 5000 1000 0.8 4 0.4 1 0.8
0.967157489154488 4.07636847855159 "experimento_65" 65 5000 1000 0.8 4 0.4 1 0.8
0.993489532964304 4.07361780855146 "experimento_65" 65 5000 1000 0.8 4 0.4 1 0.8
1.01640290615554 3.97242614045447 "experimento_65" 65 5000 1000 0.8 4 0.4 1 0.8
1.01413490425061 4.22815185920971 "experimento_65" 65 5000 1000 0.8 4 0.4 1 0.8
0.956944370176643 4.01735476645902 "experimento_65" 65 5000 1000 0.8 4 0.4 1 0.8
1.0134324291721 4.12194652057045 "experimento_65" 65 5000 1000 0.8 4 0.4 1 0.8
0.924483115086332 3.75902895778198 "experimento_65" 65 5000 1000 0.8 4 0.4 1 0.8
0.976440120954067 3.97274348734016 "experimento_65" 65 5000 1000 0.8 4 0.4 1 0.8
0.984166496200487 4.17710941317178 "experimento_65" 65 5000 1000 0.8 4 0.4 1 0.8
0.959168356843293 3.89803084783508 "experimento_65" 65 5000 1000 0.8 4 0.4 1 0.8
0.994173934217542 4.02122210021653 "experimento_65" 65 5000 1000 0.8 4 0.4 1 0.8
0.930491123348475 3.90010936859123 "experimento_65" 65 5000 1000 0.8 4 0.4 1 0.8
0.951118156779557 3.92463831362149 "experimento_65" 65 5000 1000 0.8 4 0.4 1 0.8
0.941749583231285 4.00369824954921 "experimento_65" 65 5000 1000 0.8 4 0.4 1 0.8
0.915367972804233 3.84654819880369 "experimento_65" 65 5000 1000 0.8 4 0.4 1 0.8
0.967633670195937 4.0604215109325 "experimento_65" 65 5000 1000 0.8 4 0.4 1 0.8
1.00815037762646 4.17934842561195 "experimento_65" 65 5000 1000 0.8 4 0.4 1 0.8
