"est.u" "est.lamb" "name" "seed" "size" "replicates" "p_umbral" "exp_lambda" "alpha_pen" "n_pen" "c"
0.77105437265709 3.61948149195721 "experimento_61" 61 500 1000 0.8 4 0.4 1 0.8
0.716486324323341 3.23213929051026 "experimento_61" 61 500 1000 0.8 4 0.4 1 0.8
0.951657400932163 3.40462751824215 "experimento_61" 61 500 1000 0.8 4 0.4 1 0.8
0.882867283886299 4.04824962578355 "experimento_61" 61 500 1000 0.8 4 0.4 1 0.8
0.86266135238111 3.57812335343988 "experimento_61" 61 500 1000 0.8 4 0.4 1 0.8
1.01127299584914 4.41256052774896 "experimento_61" 61 500 1000 0.8 4 0.4 1 0.8
0.88196809636429 4.2336910261434 "experimento_61" 61 500 1000 0.8 4 0.4 1 0.8
0.92081630625762 3.82818940277442 "experimento_61" 61 500 1000 0.8 4 0.4 1 0.8
0.89973103813827 3.56582225288517 "experimento_61" 61 500 1000 0.8 4 0.4 1 0.8
1.0925877369009 4.75870996367711 "experimento_61" 61 500 1000 0.8 4 0.4 1 0.8
0.941200885223225 4.13250450043461 "experimento_61" 61 500 1000 0.8 4 0.4 1 0.8
0.958815580001101 3.9802259232832 "experimento_61" 61 500 1000 0.8 4 0.4 1 0.8
0.929205927997828 3.72078212079864 "experimento_61" 61 500 1000 0.8 4 0.4 1 0.8
1.07794477418065 4.10966828963282 "experimento_61" 61 500 1000 0.8 4 0.4 1 0.8
0.897330452222377 3.22370449393282 "experimento_61" 61 500 1000 0.8 4 0.4 1 0.8
0.872257545823231 3.48053284399888 "experimento_61" 61 500 1000 0.8 4 0.4 1 0.8
0.874374783830717 3.71400638886078 "experimento_61" 61 500 1000 0.8 4 0.4 1 0.8
0.862678258214146 3.34623864037472 "experimento_61" 61 500 1000 0.8 4 0.4 1 0.8
0.925704378634691 3.69960034175978 "experimento_61" 61 500 1000 0.8 4 0.4 1 0.8
0.935097167268395 3.91098958894894 "experimento_61" 61 500 1000 0.8 4 0.4 1 0.8
0.8824921278283 3.68742415465561 "experimento_61" 61 500 1000 0.8 4 0.4 1 0.8
0.879068727139384 3.77172240327181 "experimento_61" 61 500 1000 0.8 4 0.4 1 0.8
0.90969675895758 3.82763124630446 "experimento_61" 61 500 1000 0.8 4 0.4 1 0.8
0.85041763423942 4.15340309777801 "experimento_61" 61 500 1000 0.8 4 0.4 1 0.8
0.811918170191348 3.41740224581391 "experimento_61" 61 500 1000 0.8 4 0.4 1 0.8
0.92993270419538 3.87490979123657 "experimento_61" 61 500 1000 0.8 4 0.4 1 0.8
0.886923047946766 4.0270724775816 "experimento_61" 61 500 1000 0.8 4 0.4 1 0.8
0.871503192000091 3.44393746997348 "experimento_61" 61 500 1000 0.8 4 0.4 1 0.8
0.93281707004644 4.23365116337382 "experimento_61" 61 500 1000 0.8 4 0.4 1 0.8
0.950831148773432 4.32430837612868 "experimento_61" 61 500 1000 0.8 4 0.4 1 0.8
0.868704021442682 3.71327154011848 "experimento_61" 61 500 1000 0.8 4 0.4 1 0.8
0.887427126523107 3.5004740458458 "experimento_61" 61 500 1000 0.8 4 0.4 1 0.8
0.757431976962835 3.35813805605437 "experimento_61" 61 500 1000 0.8 4 0.4 1 0.8
0.906006209319457 4.0058322572669 "experimento_61" 61 500 1000 0.8 4 0.4 1 0.8
0.946464136941358 3.88208215736046 "experimento_61" 61 500 1000 0.8 4 0.4 1 0.8
0.901242963038385 3.8433576207579 "experimento_61" 61 500 1000 0.8 4 0.4 1 0.8
0.767747843638062 3.37211085238539 "experimento_61" 61 500 1000 0.8 4 0.4 1 0.8
0.892575718695298 4.43106504070827 "experimento_61" 61 500 1000 0.8 4 0.4 1 0.8
0.808423887938261 3.48190504339108 "experimento_61" 61 500 1000 0.8 4 0.4 1 0.8
0.893429055577144 3.86318766351148 "experimento_61" 61 500 1000 0.8 4 0.4 1 0.8
0.878799068043008 3.84388352455478 "experimento_61" 61 500 1000 0.8 4 0.4 1 0.8
1.03862998311691 4.66598193121224 "experimento_61" 61 500 1000 0.8 4 0.4 1 0.8
0.897059671347961 4.11369622460099 "experimento_61" 61 500 1000 0.8 4 0.4 1 0.8
0.809909508563578 3.17140494157863 "experimento_61" 61 500 1000 0.8 4 0.4 1 0.8
0.887210595188662 4.03652988094077 "experimento_61" 61 500 1000 0.8 4 0.4 1 0.8
0.929597418056801 4.26353053722572 "experimento_61" 61 500 1000 0.8 4 0.4 1 0.8
0.897861256031319 3.89581537580259 "experimento_61" 61 500 1000 0.8 4 0.4 1 0.8
0.92051997827366 3.77156336239156 "experimento_61" 61 500 1000 0.8 4 0.4 1 0.8
0.844654305605218 3.69078741988761 "experimento_61" 61 500 1000 0.8 4 0.4 1 0.8
0.981599814724177 3.56440850900141 "experimento_61" 61 500 1000 0.8 4 0.4 1 0.8
0.879726723534986 4.3671854219987 "experimento_61" 61 500 1000 0.8 4 0.4 1 0.8
0.822894278680906 4.20102145855152 "experimento_61" 61 500 1000 0.8 4 0.4 1 0.8
0.904964858433232 4.84770319411831 "experimento_61" 61 500 1000 0.8 4 0.4 1 0.8
0.960638326592743 4.00675863929028 "experimento_61" 61 500 1000 0.8 4 0.4 1 0.8
0.968170169042423 3.9670493814007 "experimento_61" 61 500 1000 0.8 4 0.4 1 0.8
0.928586632711813 4.11423468169832 "experimento_61" 61 500 1000 0.8 4 0.4 1 0.8
0.761817299528047 3.21653199118889 "experimento_61" 61 500 1000 0.8 4 0.4 1 0.8
0.885535483015701 3.83581074312867 "experimento_61" 61 500 1000 0.8 4 0.4 1 0.8
0.827943670097739 3.78434878214652 "experimento_61" 61 500 1000 0.8 4 0.4 1 0.8
0.895262144273147 3.7123520975518 "experimento_61" 61 500 1000 0.8 4 0.4 1 0.8
0.901285316329449 3.99357585892307 "experimento_61" 61 500 1000 0.8 4 0.4 1 0.8
0.680975393624976 3.19778179530023 "experimento_61" 61 500 1000 0.8 4 0.4 1 0.8
1.00517144313587 4.02524847552229 "experimento_61" 61 500 1000 0.8 4 0.4 1 0.8
0.916162170935422 4.34637866121959 "experimento_61" 61 500 1000 0.8 4 0.4 1 0.8
0.923621640307829 3.94505171292032 "experimento_61" 61 500 1000 0.8 4 0.4 1 0.8
0.946689000818878 4.47711653669816 "experimento_61" 61 500 1000 0.8 4 0.4 1 0.8
0.964225667528808 3.92277848944867 "experimento_61" 61 500 1000 0.8 4 0.4 1 0.8
0.890933616086841 3.93125104936081 "experimento_61" 61 500 1000 0.8 4 0.4 1 0.8
0.986892455723137 5.4641797800482 "experimento_61" 61 500 1000 0.8 4 0.4 1 0.8
0.778557994402945 3.44876248122561 "experimento_61" 61 500 1000 0.8 4 0.4 1 0.8
0.891296794405207 4.4357243455262 "experimento_61" 61 500 1000 0.8 4 0.4 1 0.8
0.966434819623828 3.83103748995857 "experimento_61" 61 500 1000 0.8 4 0.4 1 0.8
0.896756012458354 4.40845487038649 "experimento_61" 61 500 1000 0.8 4 0.4 1 0.8
0.890237079933286 4.37907369174343 "experimento_61" 61 500 1000 0.8 4 0.4 1 0.8
0.870086698560044 3.70487335982328 "experimento_61" 61 500 1000 0.8 4 0.4 1 0.8
0.912187844049186 3.44357261352285 "experimento_61" 61 500 1000 0.8 4 0.4 1 0.8
0.837605335982516 3.4609290288 "experimento_61" 61 500 1000 0.8 4 0.4 1 0.8
0.909401533892378 4.01559207273408 "experimento_61" 61 500 1000 0.8 4 0.4 1 0.8
0.825731008313596 3.78021015275843 "experimento_61" 61 500 1000 0.8 4 0.4 1 0.8
0.921230948297307 3.84843861569985 "experimento_61" 61 500 1000 0.8 4 0.4 1 0.8
0.847539326874539 3.36988402428265 "experimento_61" 61 500 1000 0.8 4 0.4 1 0.8
0.931954490253702 3.87034304951705 "experimento_61" 61 500 1000 0.8 4 0.4 1 0.8
0.837845473783091 3.28411827689093 "experimento_61" 61 500 1000 0.8 4 0.4 1 0.8
0.981583854183555 4.08712516977116 "experimento_61" 61 500 1000 0.8 4 0.4 1 0.8
0.936601378256455 4.7358964595466 "experimento_61" 61 500 1000 0.8 4 0.4 1 0.8
0.90222990559414 4.08690715844649 "experimento_61" 61 500 1000 0.8 4 0.4 1 0.8
0.941796189406887 4.5518545836656 "experimento_61" 61 500 1000 0.8 4 0.4 1 0.8
0.787949823774397 3.32303656281077 "experimento_61" 61 500 1000 0.8 4 0.4 1 0.8
0.971639939118177 4.76268144874629 "experimento_61" 61 500 1000 0.8 4 0.4 1 0.8
0.91889271279797 3.62462898410011 "experimento_61" 61 500 1000 0.8 4 0.4 1 0.8
0.909069170709699 3.89903732183829 "experimento_61" 61 500 1000 0.8 4 0.4 1 0.8
0.973760751774535 3.90478069215696 "experimento_61" 61 500 1000 0.8 4 0.4 1 0.8
1.02141117874999 4.07415021700503 "experimento_61" 61 500 1000 0.8 4 0.4 1 0.8
0.848412246210501 3.49082765523716 "experimento_61" 61 500 1000 0.8 4 0.4 1 0.8
0.938667731359601 4.04532317620239 "experimento_61" 61 500 1000 0.8 4 0.4 1 0.8
0.986287313513458 4.01152893807018 "experimento_61" 61 500 1000 0.8 4 0.4 1 0.8
0.907712351065129 3.947082359721 "experimento_61" 61 500 1000 0.8 4 0.4 1 0.8
0.866990124573931 4.01873024147338 "experimento_61" 61 500 1000 0.8 4 0.4 1 0.8
1.00217224413063 4.28266319740891 "experimento_61" 61 500 1000 0.8 4 0.4 1 0.8
0.947146458318457 3.76023261978955 "experimento_61" 61 500 1000 0.8 4 0.4 1 0.8
1.10247214460432 3.79628425612696 "experimento_61" 61 500 1000 0.8 4 0.4 1 0.8
0.763478065375239 3.60451369375475 "experimento_61" 61 500 1000 0.8 4 0.4 1 0.8
0.877438120543957 3.53507381207856 "experimento_61" 61 500 1000 0.8 4 0.4 1 0.8
0.868891491554677 3.88085812209517 "experimento_61" 61 500 1000 0.8 4 0.4 1 0.8
0.90152913169004 3.84984120517969 "experimento_61" 61 500 1000 0.8 4 0.4 1 0.8
1.01755325939353 5.2438613300774 "experimento_61" 61 500 1000 0.8 4 0.4 1 0.8
0.981599072692916 4.06638244668322 "experimento_61" 61 500 1000 0.8 4 0.4 1 0.8
0.931566881947219 4.24869976399544 "experimento_61" 61 500 1000 0.8 4 0.4 1 0.8
0.985279039479792 5.10431401804677 "experimento_61" 61 500 1000 0.8 4 0.4 1 0.8
0.918165274430066 3.96229101284862 "experimento_61" 61 500 1000 0.8 4 0.4 1 0.8
0.901732600061223 4.05423670079414 "experimento_61" 61 500 1000 0.8 4 0.4 1 0.8
1.03836606920231 5.39068008846013 "experimento_61" 61 500 1000 0.8 4 0.4 1 0.8
0.851472565205768 4.2583389226904 "experimento_61" 61 500 1000 0.8 4 0.4 1 0.8
0.861129392171279 3.75242339089277 "experimento_61" 61 500 1000 0.8 4 0.4 1 0.8
0.87531244312413 3.71926585251313 "experimento_61" 61 500 1000 0.8 4 0.4 1 0.8
0.820896420395002 3.48356863719947 "experimento_61" 61 500 1000 0.8 4 0.4 1 0.8
0.927400472341105 4.03995182230633 "experimento_61" 61 500 1000 0.8 4 0.4 1 0.8
0.831302113831043 3.77989941820743 "experimento_61" 61 500 1000 0.8 4 0.4 1 0.8
0.884735869476572 3.35707647416262 "experimento_61" 61 500 1000 0.8 4 0.4 1 0.8
0.838096825173125 3.58160279330664 "experimento_61" 61 500 1000 0.8 4 0.4 1 0.8
1.10582716453502 4.7682226922021 "experimento_61" 61 500 1000 0.8 4 0.4 1 0.8
0.942623663460836 3.89261741511969 "experimento_61" 61 500 1000 0.8 4 0.4 1 0.8
0.949118158780038 3.65371218752306 "experimento_61" 61 500 1000 0.8 4 0.4 1 0.8
0.682385864201933 3.19191758028219 "experimento_61" 61 500 1000 0.8 4 0.4 1 0.8
1.01373780160489 4.16701033130412 "experimento_61" 61 500 1000 0.8 4 0.4 1 0.8
0.983408218948171 4.01436196577648 "experimento_61" 61 500 1000 0.8 4 0.4 1 0.8
0.897217836230993 4.50980266700962 "experimento_61" 61 500 1000 0.8 4 0.4 1 0.8
0.890957080991939 3.86298701361424 "experimento_61" 61 500 1000 0.8 4 0.4 1 0.8
0.943121343618259 3.66311900010135 "experimento_61" 61 500 1000 0.8 4 0.4 1 0.8
0.928805710049346 4.04250531970843 "experimento_61" 61 500 1000 0.8 4 0.4 1 0.8
0.676755796652287 2.79753170388001 "experimento_61" 61 500 1000 0.8 4 0.4 1 0.8
0.960371010471135 3.85542694304585 "experimento_61" 61 500 1000 0.8 4 0.4 1 0.8
0.91460479516536 4.05261398135535 "experimento_61" 61 500 1000 0.8 4 0.4 1 0.8
0.913181882351637 3.94081087590535 "experimento_61" 61 500 1000 0.8 4 0.4 1 0.8
0.882225115317851 4.31685013291072 "experimento_61" 61 500 1000 0.8 4 0.4 1 0.8
0.922249143477529 4.41232139599972 "experimento_61" 61 500 1000 0.8 4 0.4 1 0.8
0.829360616626218 3.11695651047374 "experimento_61" 61 500 1000 0.8 4 0.4 1 0.8
0.882141667185351 4.52293116569448 "experimento_61" 61 500 1000 0.8 4 0.4 1 0.8
0.931404817616567 4.48596265182076 "experimento_61" 61 500 1000 0.8 4 0.4 1 0.8
1.00076648953836 4.11303400046071 "experimento_61" 61 500 1000 0.8 4 0.4 1 0.8
0.88093787827529 4.46717311304843 "experimento_61" 61 500 1000 0.8 4 0.4 1 0.8
0.752799288136885 3.00925497347734 "experimento_61" 61 500 1000 0.8 4 0.4 1 0.8
0.841778808040544 3.6921329694698 "experimento_61" 61 500 1000 0.8 4 0.4 1 0.8
0.969022329663858 4.61066009070207 "experimento_61" 61 500 1000 0.8 4 0.4 1 0.8
0.93277469323948 4.20339385885585 "experimento_61" 61 500 1000 0.8 4 0.4 1 0.8
0.868681125110015 3.82869735126072 "experimento_61" 61 500 1000 0.8 4 0.4 1 0.8
0.931862670462579 4.52575623882767 "experimento_61" 61 500 1000 0.8 4 0.4 1 0.8
0.936545150587335 3.06810644528039 "experimento_61" 61 500 1000 0.8 4 0.4 1 0.8
0.769496085587889 3.77266622379545 "experimento_61" 61 500 1000 0.8 4 0.4 1 0.8
1.00024600699544 4.92998506492736 "experimento_61" 61 500 1000 0.8 4 0.4 1 0.8
0.888233798090369 3.9147307565485 "experimento_61" 61 500 1000 0.8 4 0.4 1 0.8
0.900774956913665 3.64951655288567 "experimento_61" 61 500 1000 0.8 4 0.4 1 0.8
0.923067201394588 3.73083976783617 "experimento_61" 61 500 1000 0.8 4 0.4 1 0.8
0.91953399614431 4.90499472667967 "experimento_61" 61 500 1000 0.8 4 0.4 1 0.8
0.867306411964819 3.5533778815543 "experimento_61" 61 500 1000 0.8 4 0.4 1 0.8
0.880660257767886 3.07529187353275 "experimento_61" 61 500 1000 0.8 4 0.4 1 0.8
0.966777195222676 4.59465094437684 "experimento_61" 61 500 1000 0.8 4 0.4 1 0.8
0.958416061708704 4.44727443701653 "experimento_61" 61 500 1000 0.8 4 0.4 1 0.8
0.92349837301299 4.09536772072411 "experimento_61" 61 500 1000 0.8 4 0.4 1 0.8
0.847815609769896 3.90738141892482 "experimento_61" 61 500 1000 0.8 4 0.4 1 0.8
0.731712387176231 3.5904717738371 "experimento_61" 61 500 1000 0.8 4 0.4 1 0.8
0.861803267616779 3.58931114765739 "experimento_61" 61 500 1000 0.8 4 0.4 1 0.8
0.86173368152231 4.06088977061963 "experimento_61" 61 500 1000 0.8 4 0.4 1 0.8
0.786627887981012 3.32477588040333 "experimento_61" 61 500 1000 0.8 4 0.4 1 0.8
0.873517826898023 3.80610440202653 "experimento_61" 61 500 1000 0.8 4 0.4 1 0.8
0.961269456893206 4.79662761167986 "experimento_61" 61 500 1000 0.8 4 0.4 1 0.8
0.897623613011092 3.7588270957241 "experimento_61" 61 500 1000 0.8 4 0.4 1 0.8
0.922756195766851 3.99922889088322 "experimento_61" 61 500 1000 0.8 4 0.4 1 0.8
1.02390077132014 4.79511591795561 "experimento_61" 61 500 1000 0.8 4 0.4 1 0.8
0.919661647174507 3.39868866386761 "experimento_61" 61 500 1000 0.8 4 0.4 1 0.8
0.946715564234182 4.41979359886785 "experimento_61" 61 500 1000 0.8 4 0.4 1 0.8
0.764613638399169 3.49401910053702 "experimento_61" 61 500 1000 0.8 4 0.4 1 0.8
1.01537821956199 4.90039674970255 "experimento_61" 61 500 1000 0.8 4 0.4 1 0.8
0.97952199797146 4.11300078580574 "experimento_61" 61 500 1000 0.8 4 0.4 1 0.8
0.867142162285745 4.39607175712356 "experimento_61" 61 500 1000 0.8 4 0.4 1 0.8
0.900541468523443 3.64577426295011 "experimento_61" 61 500 1000 0.8 4 0.4 1 0.8
0.896921146428213 3.66256287782792 "experimento_61" 61 500 1000 0.8 4 0.4 1 0.8
0.82319599436596 3.4521453015985 "experimento_61" 61 500 1000 0.8 4 0.4 1 0.8
0.905649204272777 4.05729728659496 "experimento_61" 61 500 1000 0.8 4 0.4 1 0.8
0.850154272280633 3.65425360937689 "experimento_61" 61 500 1000 0.8 4 0.4 1 0.8
0.798955540172756 3.78339332337617 "experimento_61" 61 500 1000 0.8 4 0.4 1 0.8
0.971446472918615 4.67383837293111 "experimento_61" 61 500 1000 0.8 4 0.4 1 0.8
0.724775121780112 3.29647762545255 "experimento_61" 61 500 1000 0.8 4 0.4 1 0.8
0.911489890422672 4.27440590730026 "experimento_61" 61 500 1000 0.8 4 0.4 1 0.8
0.829052771441638 3.39564960233072 "experimento_61" 61 500 1000 0.8 4 0.4 1 0.8
0.829706159420311 4.09597802810356 "experimento_61" 61 500 1000 0.8 4 0.4 1 0.8
0.939152331789955 4.11748739632983 "experimento_61" 61 500 1000 0.8 4 0.4 1 0.8
0.813880054745823 3.59382697433351 "experimento_61" 61 500 1000 0.8 4 0.4 1 0.8
1.01035724557005 3.57556641958373 "experimento_61" 61 500 1000 0.8 4 0.4 1 0.8
0.89489076519385 3.97646705575138 "experimento_61" 61 500 1000 0.8 4 0.4 1 0.8
0.93422400765121 4.98278677211939 "experimento_61" 61 500 1000 0.8 4 0.4 1 0.8
0.928825351409614 4.11466117552401 "experimento_61" 61 500 1000 0.8 4 0.4 1 0.8
0.892034981166944 4.27372060097335 "experimento_61" 61 500 1000 0.8 4 0.4 1 0.8
0.951409477274865 3.64488724614561 "experimento_61" 61 500 1000 0.8 4 0.4 1 0.8
0.941622301237658 3.82939324475747 "experimento_61" 61 500 1000 0.8 4 0.4 1 0.8
0.907306618755683 3.97056878495102 "experimento_61" 61 500 1000 0.8 4 0.4 1 0.8
0.847465466242284 3.83314868169976 "experimento_61" 61 500 1000 0.8 4 0.4 1 0.8
0.923600527457893 4.56600301690871 "experimento_61" 61 500 1000 0.8 4 0.4 1 0.8
0.999793942784891 4.36308279318657 "experimento_61" 61 500 1000 0.8 4 0.4 1 0.8
0.966579378815368 3.97038311210764 "experimento_61" 61 500 1000 0.8 4 0.4 1 0.8
0.902214504778385 4.04443176269595 "experimento_61" 61 500 1000 0.8 4 0.4 1 0.8
0.916958013083786 4.17471344275575 "experimento_61" 61 500 1000 0.8 4 0.4 1 0.8
1.02446449943818 4.36057900883084 "experimento_61" 61 500 1000 0.8 4 0.4 1 0.8
0.789669538848102 3.55494317704411 "experimento_61" 61 500 1000 0.8 4 0.4 1 0.8
1.06141349195968 4.84106516480746 "experimento_61" 61 500 1000 0.8 4 0.4 1 0.8
0.90502195735462 3.82371657028089 "experimento_61" 61 500 1000 0.8 4 0.4 1 0.8
0.931907613994554 3.91448651707007 "experimento_61" 61 500 1000 0.8 4 0.4 1 0.8
0.887500311946496 3.58468662801363 "experimento_61" 61 500 1000 0.8 4 0.4 1 0.8
0.850125154945999 3.59317616140252 "experimento_61" 61 500 1000 0.8 4 0.4 1 0.8
1.0147783162538 4.74358843508292 "experimento_61" 61 500 1000 0.8 4 0.4 1 0.8
0.941019380232319 4.11045774976738 "experimento_61" 61 500 1000 0.8 4 0.4 1 0.8
0.845568443182856 3.66170088779544 "experimento_61" 61 500 1000 0.8 4 0.4 1 0.8
0.969697466818616 4.05632880316467 "experimento_61" 61 500 1000 0.8 4 0.4 1 0.8
0.937272266950458 4.18969481582925 "experimento_61" 61 500 1000 0.8 4 0.4 1 0.8
0.923284161370248 4.17787135397346 "experimento_61" 61 500 1000 0.8 4 0.4 1 0.8
0.913338429993019 4.29860929312459 "experimento_61" 61 500 1000 0.8 4 0.4 1 0.8
0.781780425924808 3.04993703907492 "experimento_61" 61 500 1000 0.8 4 0.4 1 0.8
0.94999826233834 3.48514820005151 "experimento_61" 61 500 1000 0.8 4 0.4 1 0.8
0.917829479090869 4.18610545927076 "experimento_61" 61 500 1000 0.8 4 0.4 1 0.8
0.641151576768607 2.79221571503752 "experimento_61" 61 500 1000 0.8 4 0.4 1 0.8
0.940593015402555 5.21265753501686 "experimento_61" 61 500 1000 0.8 4 0.4 1 0.8
0.947125050006434 3.89462905027289 "experimento_61" 61 500 1000 0.8 4 0.4 1 0.8
0.871298131998628 3.58301706889656 "experimento_61" 61 500 1000 0.8 4 0.4 1 0.8
0.902017259271815 3.88431936517151 "experimento_61" 61 500 1000 0.8 4 0.4 1 0.8
0.95692708180286 4.04745525182391 "experimento_61" 61 500 1000 0.8 4 0.4 1 0.8
0.812510405434296 3.39580053316993 "experimento_61" 61 500 1000 0.8 4 0.4 1 0.8
0.92517366935499 4.00288705427463 "experimento_61" 61 500 1000 0.8 4 0.4 1 0.8
0.732187378453091 3.35776421550683 "experimento_61" 61 500 1000 0.8 4 0.4 1 0.8
1.01624301754942 4.00106587538876 "experimento_61" 61 500 1000 0.8 4 0.4 1 0.8
0.791784579632804 3.51907480337321 "experimento_61" 61 500 1000 0.8 4 0.4 1 0.8
0.90196246933192 4.31195823290055 "experimento_61" 61 500 1000 0.8 4 0.4 1 0.8
0.898432912072167 3.50932910838086 "experimento_61" 61 500 1000 0.8 4 0.4 1 0.8
0.8809714904055 4.32737543039777 "experimento_61" 61 500 1000 0.8 4 0.4 1 0.8
0.970214901026338 4.45872796004852 "experimento_61" 61 500 1000 0.8 4 0.4 1 0.8
0.919612206052989 3.41548704047645 "experimento_61" 61 500 1000 0.8 4 0.4 1 0.8
0.975185836665332 3.85837681147748 "experimento_61" 61 500 1000 0.8 4 0.4 1 0.8
0.843556068371981 3.04354664379152 "experimento_61" 61 500 1000 0.8 4 0.4 1 0.8
0.870179275749251 3.76334164249304 "experimento_61" 61 500 1000 0.8 4 0.4 1 0.8
0.833785845432431 3.39542187903193 "experimento_61" 61 500 1000 0.8 4 0.4 1 0.8
0.906562082236633 3.62897489009792 "experimento_61" 61 500 1000 0.8 4 0.4 1 0.8
0.929003105964512 3.82669080964498 "experimento_61" 61 500 1000 0.8 4 0.4 1 0.8
1.14632916660048 3.30205635617541 "experimento_61" 61 500 1000 0.8 4 0.4 1 0.8
0.850958437193185 3.39730641473991 "experimento_61" 61 500 1000 0.8 4 0.4 1 0.8
0.980637626955286 3.66388846269242 "experimento_61" 61 500 1000 0.8 4 0.4 1 0.8
1.01251192111522 4.73630767541041 "experimento_61" 61 500 1000 0.8 4 0.4 1 0.8
0.910325660603121 4.4801622028106 "experimento_61" 61 500 1000 0.8 4 0.4 1 0.8
0.902408718597144 3.79349290115589 "experimento_61" 61 500 1000 0.8 4 0.4 1 0.8
0.92995929135941 4.32055082692601 "experimento_61" 61 500 1000 0.8 4 0.4 1 0.8
0.953972014831379 4.11573714851453 "experimento_61" 61 500 1000 0.8 4 0.4 1 0.8
0.889232986373827 3.78861792405943 "experimento_61" 61 500 1000 0.8 4 0.4 1 0.8
0.925515060080215 3.850474762399 "experimento_61" 61 500 1000 0.8 4 0.4 1 0.8
0.960228641051799 4.04552955273897 "experimento_61" 61 500 1000 0.8 4 0.4 1 0.8
0.814133446663618 3.52037229775503 "experimento_61" 61 500 1000 0.8 4 0.4 1 0.8
0.943936332128942 3.83863628703393 "experimento_61" 61 500 1000 0.8 4 0.4 1 0.8
0.832320192130283 3.67692618533802 "experimento_61" 61 500 1000 0.8 4 0.4 1 0.8
0.989760832628235 3.90141739420773 "experimento_61" 61 500 1000 0.8 4 0.4 1 0.8
0.963688961463049 4.8992363569598 "experimento_61" 61 500 1000 0.8 4 0.4 1 0.8
0.993159953504801 3.89332346208366 "experimento_61" 61 500 1000 0.8 4 0.4 1 0.8
0.95935535361059 4.02957731533607 "experimento_61" 61 500 1000 0.8 4 0.4 1 0.8
0.884069443214685 3.71967667751192 "experimento_61" 61 500 1000 0.8 4 0.4 1 0.8
0.987490188330412 4.68757263081837 "experimento_61" 61 500 1000 0.8 4 0.4 1 0.8
0.920167022384703 3.78767378213939 "experimento_61" 61 500 1000 0.8 4 0.4 1 0.8
0.865310902940109 3.59112203470905 "experimento_61" 61 500 1000 0.8 4 0.4 1 0.8
0.839477342087775 4.37214929788242 "experimento_61" 61 500 1000 0.8 4 0.4 1 0.8
0.875710756517947 4.40464556636147 "experimento_61" 61 500 1000 0.8 4 0.4 1 0.8
0.958246416645125 4.0736870484688 "experimento_61" 61 500 1000 0.8 4 0.4 1 0.8
0.873125183163211 4.22656214341285 "experimento_61" 61 500 1000 0.8 4 0.4 1 0.8
0.89686080487445 4.16944527362724 "experimento_61" 61 500 1000 0.8 4 0.4 1 0.8
0.819799528922886 3.51410897335408 "experimento_61" 61 500 1000 0.8 4 0.4 1 0.8
0.858216498279944 4.20302470442134 "experimento_61" 61 500 1000 0.8 4 0.4 1 0.8
0.872525712708011 4.13730013139197 "experimento_61" 61 500 1000 0.8 4 0.4 1 0.8
0.962799159344286 3.80757490556003 "experimento_61" 61 500 1000 0.8 4 0.4 1 0.8
0.995212818961591 4.61944584819114 "experimento_61" 61 500 1000 0.8 4 0.4 1 0.8
0.812675037188455 3.70347675131165 "experimento_61" 61 500 1000 0.8 4 0.4 1 0.8
0.895613603992388 4.42885746463603 "experimento_61" 61 500 1000 0.8 4 0.4 1 0.8
0.905049097025767 3.92586682550683 "experimento_61" 61 500 1000 0.8 4 0.4 1 0.8
0.957034571794793 4.3319048048993 "experimento_61" 61 500 1000 0.8 4 0.4 1 0.8
0.850291449576616 3.96993855700962 "experimento_61" 61 500 1000 0.8 4 0.4 1 0.8
0.952658707043156 4.03746471076404 "experimento_61" 61 500 1000 0.8 4 0.4 1 0.8
0.941315959440544 4.0855312381192 "experimento_61" 61 500 1000 0.8 4 0.4 1 0.8
0.921617669984698 4.39080251899625 "experimento_61" 61 500 1000 0.8 4 0.4 1 0.8
0.935567577602342 4.34471314947427 "experimento_61" 61 500 1000 0.8 4 0.4 1 0.8
0.861895210808143 3.62291693261547 "experimento_61" 61 500 1000 0.8 4 0.4 1 0.8
0.843123943544924 3.84193926784717 "experimento_61" 61 500 1000 0.8 4 0.4 1 0.8
0.895505655324087 4.30478296075657 "experimento_61" 61 500 1000 0.8 4 0.4 1 0.8
0.894453859422356 3.59804663002338 "experimento_61" 61 500 1000 0.8 4 0.4 1 0.8
0.795765267917886 3.65934836320199 "experimento_61" 61 500 1000 0.8 4 0.4 1 0.8
0.841682187281549 3.30853980896569 "experimento_61" 61 500 1000 0.8 4 0.4 1 0.8
0.89088480360806 3.85331899702014 "experimento_61" 61 500 1000 0.8 4 0.4 1 0.8
0.871545359957963 3.47652968042681 "experimento_61" 61 500 1000 0.8 4 0.4 1 0.8
0.757790628122166 3.28604614535126 "experimento_61" 61 500 1000 0.8 4 0.4 1 0.8
0.863650455372408 3.39027611862011 "experimento_61" 61 500 1000 0.8 4 0.4 1 0.8
0.838088894728571 3.87919708520501 "experimento_61" 61 500 1000 0.8 4 0.4 1 0.8
0.980705106630921 4.2155706567413 "experimento_61" 61 500 1000 0.8 4 0.4 1 0.8
0.878585870377719 3.51035903717152 "experimento_61" 61 500 1000 0.8 4 0.4 1 0.8
0.884160174522549 4.16506082977352 "experimento_61" 61 500 1000 0.8 4 0.4 1 0.8
0.904769915156066 4.39133767044361 "experimento_61" 61 500 1000 0.8 4 0.4 1 0.8
0.748951882822439 3.66402717261803 "experimento_61" 61 500 1000 0.8 4 0.4 1 0.8
0.915357950143516 3.78833177805325 "experimento_61" 61 500 1000 0.8 4 0.4 1 0.8
0.839285981608555 4.2378137845032 "experimento_61" 61 500 1000 0.8 4 0.4 1 0.8
0.950256117153913 5.15474154629047 "experimento_61" 61 500 1000 0.8 4 0.4 1 0.8
1.10524581906088 5.21888191623279 "experimento_61" 61 500 1000 0.8 4 0.4 1 0.8
0.991655148100108 3.75637240535334 "experimento_61" 61 500 1000 0.8 4 0.4 1 0.8
0.845677558565512 4.23534102759782 "experimento_61" 61 500 1000 0.8 4 0.4 1 0.8
0.924947902094573 3.80156189355465 "experimento_61" 61 500 1000 0.8 4 0.4 1 0.8
0.977094117552042 4.77498279328155 "experimento_61" 61 500 1000 0.8 4 0.4 1 0.8
0.911489683203399 3.30135829121155 "experimento_61" 61 500 1000 0.8 4 0.4 1 0.8
0.906362522626296 4.20321698935886 "experimento_61" 61 500 1000 0.8 4 0.4 1 0.8
0.956156343687326 4.47212062537714 "experimento_61" 61 500 1000 0.8 4 0.4 1 0.8
0.921126586617902 4.38736359277533 "experimento_61" 61 500 1000 0.8 4 0.4 1 0.8
1.10951818749748 5.09331859264665 "experimento_61" 61 500 1000 0.8 4 0.4 1 0.8
0.825765382265672 3.63312357505576 "experimento_61" 61 500 1000 0.8 4 0.4 1 0.8
0.893068810226396 4.23721510182871 "experimento_61" 61 500 1000 0.8 4 0.4 1 0.8
0.847567653749138 3.66368085295069 "experimento_61" 61 500 1000 0.8 4 0.4 1 0.8
0.872115522157401 4.08555653502421 "experimento_61" 61 500 1000 0.8 4 0.4 1 0.8
1.01662210759241 4.43953961262471 "experimento_61" 61 500 1000 0.8 4 0.4 1 0.8
0.921093910234049 4.77685107982037 "experimento_61" 61 500 1000 0.8 4 0.4 1 0.8
0.840893486747518 3.6950793388029 "experimento_61" 61 500 1000 0.8 4 0.4 1 0.8
1.13516612746753 4.91228401979493 "experimento_61" 61 500 1000 0.8 4 0.4 1 0.8
0.929560847813264 4.09615909611399 "experimento_61" 61 500 1000 0.8 4 0.4 1 0.8
1.04732274834532 4.36102884307278 "experimento_61" 61 500 1000 0.8 4 0.4 1 0.8
0.885578557383269 4.10029966921945 "experimento_61" 61 500 1000 0.8 4 0.4 1 0.8
0.814219042425975 3.86340618607601 "experimento_61" 61 500 1000 0.8 4 0.4 1 0.8
1.00752154923975 4.07420957356807 "experimento_61" 61 500 1000 0.8 4 0.4 1 0.8
0.894854670623317 3.82718683071025 "experimento_61" 61 500 1000 0.8 4 0.4 1 0.8
0.833000691374764 3.60787245165946 "experimento_61" 61 500 1000 0.8 4 0.4 1 0.8
0.85498247621581 3.47462824137876 "experimento_61" 61 500 1000 0.8 4 0.4 1 0.8
0.862860867287964 3.581479400894 "experimento_61" 61 500 1000 0.8 4 0.4 1 0.8
0.849253477295861 3.57372185622786 "experimento_61" 61 500 1000 0.8 4 0.4 1 0.8
0.85931091895327 3.31580902919861 "experimento_61" 61 500 1000 0.8 4 0.4 1 0.8
0.912326854420826 4.15298177818556 "experimento_61" 61 500 1000 0.8 4 0.4 1 0.8
0.930698467651382 3.95451766433594 "experimento_61" 61 500 1000 0.8 4 0.4 1 0.8
1.05084520077799 3.85386760053475 "experimento_61" 61 500 1000 0.8 4 0.4 1 0.8
0.909382417565212 4.25528441894308 "experimento_61" 61 500 1000 0.8 4 0.4 1 0.8
0.767592148389667 3.22227099732274 "experimento_61" 61 500 1000 0.8 4 0.4 1 0.8
0.905180518981069 4.0045713217276 "experimento_61" 61 500 1000 0.8 4 0.4 1 0.8
0.872900599148124 3.86192367627484 "experimento_61" 61 500 1000 0.8 4 0.4 1 0.8
0.865070509724319 3.91103394600208 "experimento_61" 61 500 1000 0.8 4 0.4 1 0.8
0.875775707187131 3.72871639025123 "experimento_61" 61 500 1000 0.8 4 0.4 1 0.8
0.897680046036839 4.02613763637464 "experimento_61" 61 500 1000 0.8 4 0.4 1 0.8
0.941015005577356 4.27698176841668 "experimento_61" 61 500 1000 0.8 4 0.4 1 0.8
0.722405493026599 3.05730876371834 "experimento_61" 61 500 1000 0.8 4 0.4 1 0.8
0.960109122563154 4.51378238932734 "experimento_61" 61 500 1000 0.8 4 0.4 1 0.8
0.895913937361911 4.08027834569488 "experimento_61" 61 500 1000 0.8 4 0.4 1 0.8
0.853372886311263 3.85627405934205 "experimento_61" 61 500 1000 0.8 4 0.4 1 0.8
0.931702326983213 3.88718050533233 "experimento_61" 61 500 1000 0.8 4 0.4 1 0.8
0.982856323709711 4.28423210170691 "experimento_61" 61 500 1000 0.8 4 0.4 1 0.8
0.949658262077719 4.31978666588793 "experimento_61" 61 500 1000 0.8 4 0.4 1 0.8
0.89852088293992 3.95178987329915 "experimento_61" 61 500 1000 0.8 4 0.4 1 0.8
0.848006603308022 4.03378512381556 "experimento_61" 61 500 1000 0.8 4 0.4 1 0.8
0.901646913029253 3.74142008911741 "experimento_61" 61 500 1000 0.8 4 0.4 1 0.8
0.862467965343967 4.03498947930645 "experimento_61" 61 500 1000 0.8 4 0.4 1 0.8
0.921880412846804 3.834400522378 "experimento_61" 61 500 1000 0.8 4 0.4 1 0.8
0.849156102864072 3.36743528156069 "experimento_61" 61 500 1000 0.8 4 0.4 1 0.8
0.969869546825066 4.16320812858914 "experimento_61" 61 500 1000 0.8 4 0.4 1 0.8
0.92437527817674 3.91614974842256 "experimento_61" 61 500 1000 0.8 4 0.4 1 0.8
0.836497307289392 3.73244215784746 "experimento_61" 61 500 1000 0.8 4 0.4 1 0.8
0.951127179898322 3.89131905132606 "experimento_61" 61 500 1000 0.8 4 0.4 1 0.8
0.877037928905338 3.8269037589425 "experimento_61" 61 500 1000 0.8 4 0.4 1 0.8
0.942053331295028 5.03962286973266 "experimento_61" 61 500 1000 0.8 4 0.4 1 0.8
1.03640130104031 5.15261358008269 "experimento_61" 61 500 1000 0.8 4 0.4 1 0.8
0.867549360729754 3.90265757283754 "experimento_61" 61 500 1000 0.8 4 0.4 1 0.8
0.873619576450437 3.17072272812998 "experimento_61" 61 500 1000 0.8 4 0.4 1 0.8
0.911658849101514 4.48277708208238 "experimento_61" 61 500 1000 0.8 4 0.4 1 0.8
0.908218471100554 4.00141571332614 "experimento_61" 61 500 1000 0.8 4 0.4 1 0.8
0.886226942064241 3.66624720733226 "experimento_61" 61 500 1000 0.8 4 0.4 1 0.8
0.865559152793139 3.9686473915785 "experimento_61" 61 500 1000 0.8 4 0.4 1 0.8
1.01307686580749 4.48602182601398 "experimento_61" 61 500 1000 0.8 4 0.4 1 0.8
0.991343978093937 4.5329656963258 "experimento_61" 61 500 1000 0.8 4 0.4 1 0.8
0.917146259685978 3.75008803033069 "experimento_61" 61 500 1000 0.8 4 0.4 1 0.8
1.02791831496451 4.22971322791434 "experimento_61" 61 500 1000 0.8 4 0.4 1 0.8
0.930990289198235 4.20942535630032 "experimento_61" 61 500 1000 0.8 4 0.4 1 0.8
0.877210078993812 3.46463085446566 "experimento_61" 61 500 1000 0.8 4 0.4 1 0.8
0.870220292359591 3.46846487791674 "experimento_61" 61 500 1000 0.8 4 0.4 1 0.8
0.862095230957493 3.68654704347957 "experimento_61" 61 500 1000 0.8 4 0.4 1 0.8
0.904844592092559 3.56811059638629 "experimento_61" 61 500 1000 0.8 4 0.4 1 0.8
0.907696887152269 4.70789368259321 "experimento_61" 61 500 1000 0.8 4 0.4 1 0.8
0.914906118065119 4.08210151598531 "experimento_61" 61 500 1000 0.8 4 0.4 1 0.8
0.784844033885747 3.47821952293914 "experimento_61" 61 500 1000 0.8 4 0.4 1 0.8
0.973520316882059 4.91096803130417 "experimento_61" 61 500 1000 0.8 4 0.4 1 0.8
0.894278502557427 3.79948109132824 "experimento_61" 61 500 1000 0.8 4 0.4 1 0.8
0.845235674176365 3.60728749556912 "experimento_61" 61 500 1000 0.8 4 0.4 1 0.8
0.80373359634541 3.70262985539829 "experimento_61" 61 500 1000 0.8 4 0.4 1 0.8
0.874904316850007 3.63136179442046 "experimento_61" 61 500 1000 0.8 4 0.4 1 0.8
0.933183262357488 4.6005622234086 "experimento_61" 61 500 1000 0.8 4 0.4 1 0.8
0.862051112577319 3.39944966141874 "experimento_61" 61 500 1000 0.8 4 0.4 1 0.8
0.877550490666181 3.93109951839801 "experimento_61" 61 500 1000 0.8 4 0.4 1 0.8
0.798960176995024 3.58530927014684 "experimento_61" 61 500 1000 0.8 4 0.4 1 0.8
0.879712886177003 3.58704005927542 "experimento_61" 61 500 1000 0.8 4 0.4 1 0.8
0.886114531662315 3.88171954913668 "experimento_61" 61 500 1000 0.8 4 0.4 1 0.8
0.934938915073872 4.29983954170418 "experimento_61" 61 500 1000 0.8 4 0.4 1 0.8
0.973423361079767 3.91563987939404 "experimento_61" 61 500 1000 0.8 4 0.4 1 0.8
0.915413327515125 3.91981434733512 "experimento_61" 61 500 1000 0.8 4 0.4 1 0.8
0.874975681537762 3.87824763861717 "experimento_61" 61 500 1000 0.8 4 0.4 1 0.8
0.729642079910263 3.69436594997672 "experimento_61" 61 500 1000 0.8 4 0.4 1 0.8
0.915229653008282 4.56212907308901 "experimento_61" 61 500 1000 0.8 4 0.4 1 0.8
0.845728429732844 3.39558299874475 "experimento_61" 61 500 1000 0.8 4 0.4 1 0.8
0.81012816214934 3.38096387325135 "experimento_61" 61 500 1000 0.8 4 0.4 1 0.8
0.959265332203358 4.43308488372861 "experimento_61" 61 500 1000 0.8 4 0.4 1 0.8
0.906783477636054 3.64270080629225 "experimento_61" 61 500 1000 0.8 4 0.4 1 0.8
0.894451227039099 3.67509550992058 "experimento_61" 61 500 1000 0.8 4 0.4 1 0.8
0.819344862597063 3.36766395277732 "experimento_61" 61 500 1000 0.8 4 0.4 1 0.8
0.977926316205412 5.17718997240289 "experimento_61" 61 500 1000 0.8 4 0.4 1 0.8
0.964704861398786 4.34624083213327 "experimento_61" 61 500 1000 0.8 4 0.4 1 0.8
0.819749355316162 3.62310542825166 "experimento_61" 61 500 1000 0.8 4 0.4 1 0.8
0.981404148973525 4.46558887438729 "experimento_61" 61 500 1000 0.8 4 0.4 1 0.8
1.14986881462391 4.82083168932727 "experimento_61" 61 500 1000 0.8 4 0.4 1 0.8
0.974095001351088 4.33550566600026 "experimento_61" 61 500 1000 0.8 4 0.4 1 0.8
0.942143545486033 4.18145149303944 "experimento_61" 61 500 1000 0.8 4 0.4 1 0.8
0.926361736143008 4.01269210364597 "experimento_61" 61 500 1000 0.8 4 0.4 1 0.8
0.773259672569111 3.37006339206592 "experimento_61" 61 500 1000 0.8 4 0.4 1 0.8
0.740911656990647 2.94321820428925 "experimento_61" 61 500 1000 0.8 4 0.4 1 0.8
0.899496304569766 3.7705078731869 "experimento_61" 61 500 1000 0.8 4 0.4 1 0.8
0.753722646273673 3.1259175152689 "experimento_61" 61 500 1000 0.8 4 0.4 1 0.8
0.86947307921946 3.36586641960305 "experimento_61" 61 500 1000 0.8 4 0.4 1 0.8
0.874389345059171 4.21649418620976 "experimento_61" 61 500 1000 0.8 4 0.4 1 0.8
0.893688209122047 4.39585008351965 "experimento_61" 61 500 1000 0.8 4 0.4 1 0.8
0.878525182371959 3.77115107084585 "experimento_61" 61 500 1000 0.8 4 0.4 1 0.8
0.897725955815986 4.20695043597617 "experimento_61" 61 500 1000 0.8 4 0.4 1 0.8
0.848413880215958 3.32688753312207 "experimento_61" 61 500 1000 0.8 4 0.4 1 0.8
0.841114304261282 3.47923242082038 "experimento_61" 61 500 1000 0.8 4 0.4 1 0.8
0.905800522770733 4.13524846381038 "experimento_61" 61 500 1000 0.8 4 0.4 1 0.8
0.932865134207532 4.09795734521602 "experimento_61" 61 500 1000 0.8 4 0.4 1 0.8
0.906252551125363 4.08180506021172 "experimento_61" 61 500 1000 0.8 4 0.4 1 0.8
0.837655425304547 3.90489283216104 "experimento_61" 61 500 1000 0.8 4 0.4 1 0.8
0.864064729539678 3.71251780953298 "experimento_61" 61 500 1000 0.8 4 0.4 1 0.8
1.04129159685011 4.75610418605682 "experimento_61" 61 500 1000 0.8 4 0.4 1 0.8
0.751445452915505 3.67166118320027 "experimento_61" 61 500 1000 0.8 4 0.4 1 0.8
0.922692708671093 3.8095075305059 "experimento_61" 61 500 1000 0.8 4 0.4 1 0.8
0.896545385941863 4.14129038827229 "experimento_61" 61 500 1000 0.8 4 0.4 1 0.8
1.1457302813651 5.11237782993974 "experimento_61" 61 500 1000 0.8 4 0.4 1 0.8
0.8736494386103 4.12836982122385 "experimento_61" 61 500 1000 0.8 4 0.4 1 0.8
0.853163179475814 3.83483809353162 "experimento_61" 61 500 1000 0.8 4 0.4 1 0.8
0.916430185781792 3.70698288519984 "experimento_61" 61 500 1000 0.8 4 0.4 1 0.8
1.02083118865266 4.2967999304788 "experimento_61" 61 500 1000 0.8 4 0.4 1 0.8
0.948710193159059 4.18428426103294 "experimento_61" 61 500 1000 0.8 4 0.4 1 0.8
0.856609255308285 3.46712893213772 "experimento_61" 61 500 1000 0.8 4 0.4 1 0.8
0.886028683977202 3.48153301537056 "experimento_61" 61 500 1000 0.8 4 0.4 1 0.8
0.811366782989353 3.58704400932605 "experimento_61" 61 500 1000 0.8 4 0.4 1 0.8
0.916254225885496 4.13846415917814 "experimento_61" 61 500 1000 0.8 4 0.4 1 0.8
0.806624657707289 3.63042850527426 "experimento_61" 61 500 1000 0.8 4 0.4 1 0.8
0.805374492425472 3.39955417608104 "experimento_61" 61 500 1000 0.8 4 0.4 1 0.8
0.822693261550739 3.46009563661424 "experimento_61" 61 500 1000 0.8 4 0.4 1 0.8
0.833780085667968 3.12908475861142 "experimento_61" 61 500 1000 0.8 4 0.4 1 0.8
0.847358819795772 3.3861310754269 "experimento_61" 61 500 1000 0.8 4 0.4 1 0.8
0.840786868473515 3.46499291476077 "experimento_61" 61 500 1000 0.8 4 0.4 1 0.8
0.859112254111096 3.7717534160871 "experimento_61" 61 500 1000 0.8 4 0.4 1 0.8
0.857865048572421 3.5947585277361 "experimento_61" 61 500 1000 0.8 4 0.4 1 0.8
0.90648945257999 4.2889882025907 "experimento_61" 61 500 1000 0.8 4 0.4 1 0.8
0.852245477493852 3.75202846780101 "experimento_61" 61 500 1000 0.8 4 0.4 1 0.8
0.967260407516733 4.02932748959532 "experimento_61" 61 500 1000 0.8 4 0.4 1 0.8
0.947612192248926 4.78811551055615 "experimento_61" 61 500 1000 0.8 4 0.4 1 0.8
0.873198897577822 3.47691549353726 "experimento_61" 61 500 1000 0.8 4 0.4 1 0.8
0.940697582904249 3.99641327585014 "experimento_61" 61 500 1000 0.8 4 0.4 1 0.8
0.846103376010433 3.56413225588363 "experimento_61" 61 500 1000 0.8 4 0.4 1 0.8
0.930016654543579 4.7005689070475 "experimento_61" 61 500 1000 0.8 4 0.4 1 0.8
0.86298566753976 3.71411622976228 "experimento_61" 61 500 1000 0.8 4 0.4 1 0.8
1.01053728989791 4.17229640567622 "experimento_61" 61 500 1000 0.8 4 0.4 1 0.8
0.823438435327262 3.00512549569586 "experimento_61" 61 500 1000 0.8 4 0.4 1 0.8
0.787573126377538 3.23716034575648 "experimento_61" 61 500 1000 0.8 4 0.4 1 0.8
0.993565148906782 4.30023917530314 "experimento_61" 61 500 1000 0.8 4 0.4 1 0.8
1.02394813392734 4.40323807106896 "experimento_61" 61 500 1000 0.8 4 0.4 1 0.8
1.00965867133345 3.83256935742812 "experimento_61" 61 500 1000 0.8 4 0.4 1 0.8
0.93648314406164 4.21488863598959 "experimento_61" 61 500 1000 0.8 4 0.4 1 0.8
0.959198738913983 3.81205759440822 "experimento_61" 61 500 1000 0.8 4 0.4 1 0.8
0.845297500258312 3.78909869340803 "experimento_61" 61 500 1000 0.8 4 0.4 1 0.8
0.633787334896624 2.83112404068215 "experimento_61" 61 500 1000 0.8 4 0.4 1 0.8
0.734091012505814 3.62033005397161 "experimento_61" 61 500 1000 0.8 4 0.4 1 0.8
0.794434116920456 3.08506513613692 "experimento_61" 61 500 1000 0.8 4 0.4 1 0.8
0.833240593317896 3.71401977799692 "experimento_61" 61 500 1000 0.8 4 0.4 1 0.8
0.996101435972378 4.75218202564533 "experimento_61" 61 500 1000 0.8 4 0.4 1 0.8
0.918791497359052 4.11769834076732 "experimento_61" 61 500 1000 0.8 4 0.4 1 0.8
0.880819540005177 4.34306837887474 "experimento_61" 61 500 1000 0.8 4 0.4 1 0.8
0.936321137240157 3.90345187164089 "experimento_61" 61 500 1000 0.8 4 0.4 1 0.8
0.843613158445805 3.80627419096362 "experimento_61" 61 500 1000 0.8 4 0.4 1 0.8
0.873897959943861 4.21294394383089 "experimento_61" 61 500 1000 0.8 4 0.4 1 0.8
0.942649770760909 4.61494351441855 "experimento_61" 61 500 1000 0.8 4 0.4 1 0.8
0.94833143777214 3.58992983882689 "experimento_61" 61 500 1000 0.8 4 0.4 1 0.8
0.876334462314844 4.29534349940544 "experimento_61" 61 500 1000 0.8 4 0.4 1 0.8
1.02178930107349 4.49402245498352 "experimento_61" 61 500 1000 0.8 4 0.4 1 0.8
0.863871707580984 3.77340308558249 "experimento_61" 61 500 1000 0.8 4 0.4 1 0.8
0.880550971254706 4.02047624612935 "experimento_61" 61 500 1000 0.8 4 0.4 1 0.8
0.85095063992776 3.45532363593156 "experimento_61" 61 500 1000 0.8 4 0.4 1 0.8
0.859598453622311 3.41164620887186 "experimento_61" 61 500 1000 0.8 4 0.4 1 0.8
0.920735049527138 3.97079398711502 "experimento_61" 61 500 1000 0.8 4 0.4 1 0.8
0.964619955280796 3.94358034093913 "experimento_61" 61 500 1000 0.8 4 0.4 1 0.8
0.773130625020713 3.14328578313165 "experimento_61" 61 500 1000 0.8 4 0.4 1 0.8
0.905903696781024 3.64443187551067 "experimento_61" 61 500 1000 0.8 4 0.4 1 0.8
0.85887199640274 3.29662720419503 "experimento_61" 61 500 1000 0.8 4 0.4 1 0.8
0.994512978708372 4.5447366947497 "experimento_61" 61 500 1000 0.8 4 0.4 1 0.8
0.840068255085498 3.40054245123307 "experimento_61" 61 500 1000 0.8 4 0.4 1 0.8
0.937422109069303 4.21938258059552 "experimento_61" 61 500 1000 0.8 4 0.4 1 0.8
0.894465560559183 3.80596826750867 "experimento_61" 61 500 1000 0.8 4 0.4 1 0.8
1.09295913297683 4.40152802634161 "experimento_61" 61 500 1000 0.8 4 0.4 1 0.8
1.17008638766129 7.03583139049937 "experimento_61" 61 500 1000 0.8 4 0.4 1 0.8
1.03450060549638 4.64508359634241 "experimento_61" 61 500 1000 0.8 4 0.4 1 0.8
0.959834558190778 3.98974619312027 "experimento_61" 61 500 1000 0.8 4 0.4 1 0.8
1.05403559660471 3.61988952195694 "experimento_61" 61 500 1000 0.8 4 0.4 1 0.8
0.812287047505379 3.91339880332542 "experimento_61" 61 500 1000 0.8 4 0.4 1 0.8
0.978918758453801 4.06177108785497 "experimento_61" 61 500 1000 0.8 4 0.4 1 0.8
0.935602617450058 3.98081565275221 "experimento_61" 61 500 1000 0.8 4 0.4 1 0.8
0.866542193572968 3.82099371492101 "experimento_61" 61 500 1000 0.8 4 0.4 1 0.8
1.0335625589255 4.41140979440495 "experimento_61" 61 500 1000 0.8 4 0.4 1 0.8
0.93701447872445 4.30062491806925 "experimento_61" 61 500 1000 0.8 4 0.4 1 0.8
1.03735254332094 5.88765412217233 "experimento_61" 61 500 1000 0.8 4 0.4 1 0.8
0.880828515393659 3.50836017035754 "experimento_61" 61 500 1000 0.8 4 0.4 1 0.8
0.959309124853462 4.38023482569464 "experimento_61" 61 500 1000 0.8 4 0.4 1 0.8
0.848670644685626 3.59946159145723 "experimento_61" 61 500 1000 0.8 4 0.4 1 0.8
1.03611862007529 4.40289822389715 "experimento_61" 61 500 1000 0.8 4 0.4 1 0.8
0.901866221567616 3.61318430702152 "experimento_61" 61 500 1000 0.8 4 0.4 1 0.8
0.997110910946503 3.76400520520101 "experimento_61" 61 500 1000 0.8 4 0.4 1 0.8
0.765714349225163 3.12698336980884 "experimento_61" 61 500 1000 0.8 4 0.4 1 0.8
0.902786583406851 3.908039636666 "experimento_61" 61 500 1000 0.8 4 0.4 1 0.8
0.790604498470202 3.59984746107809 "experimento_61" 61 500 1000 0.8 4 0.4 1 0.8
0.903173227328807 3.72441503499977 "experimento_61" 61 500 1000 0.8 4 0.4 1 0.8
0.882839972851798 3.62664329403221 "experimento_61" 61 500 1000 0.8 4 0.4 1 0.8
0.853695449186489 3.45319226088068 "experimento_61" 61 500 1000 0.8 4 0.4 1 0.8
1.12935726845171 5.27623179567159 "experimento_61" 61 500 1000 0.8 4 0.4 1 0.8
0.950626110425219 4.19294555492132 "experimento_61" 61 500 1000 0.8 4 0.4 1 0.8
0.808692650170997 3.00545533624582 "experimento_61" 61 500 1000 0.8 4 0.4 1 0.8
0.766560016898438 3.19808926885544 "experimento_61" 61 500 1000 0.8 4 0.4 1 0.8
0.936620948836207 3.83539784386866 "experimento_61" 61 500 1000 0.8 4 0.4 1 0.8
0.810215534176677 3.38060814596744 "experimento_61" 61 500 1000 0.8 4 0.4 1 0.8
0.88045515329577 4.06633380849525 "experimento_61" 61 500 1000 0.8 4 0.4 1 0.8
0.925210508750752 4.436982349422 "experimento_61" 61 500 1000 0.8 4 0.4 1 0.8
0.843379828380421 3.41889199920612 "experimento_61" 61 500 1000 0.8 4 0.4 1 0.8
0.89556812052615 3.707422817851 "experimento_61" 61 500 1000 0.8 4 0.4 1 0.8
0.721349010709673 3.12725684523151 "experimento_61" 61 500 1000 0.8 4 0.4 1 0.8
0.807892758166417 3.52630218905924 "experimento_61" 61 500 1000 0.8 4 0.4 1 0.8
0.97825022530742 4.40461405632009 "experimento_61" 61 500 1000 0.8 4 0.4 1 0.8
0.872309606522322 3.50519568614201 "experimento_61" 61 500 1000 0.8 4 0.4 1 0.8
0.888935212045908 3.96003811082543 "experimento_61" 61 500 1000 0.8 4 0.4 1 0.8
0.706684358883649 3.35972519205721 "experimento_61" 61 500 1000 0.8 4 0.4 1 0.8
0.879287538351491 3.93021459915644 "experimento_61" 61 500 1000 0.8 4 0.4 1 0.8
1.01499472291804 4.3647344186818 "experimento_61" 61 500 1000 0.8 4 0.4 1 0.8
0.861231850460172 3.65695888701804 "experimento_61" 61 500 1000 0.8 4 0.4 1 0.8
0.914103996008635 3.41177934696855 "experimento_61" 61 500 1000 0.8 4 0.4 1 0.8
1.02609587763436 3.73600243231961 "experimento_61" 61 500 1000 0.8 4 0.4 1 0.8
0.905328521039337 4.45632891081735 "experimento_61" 61 500 1000 0.8 4 0.4 1 0.8
0.872537336312234 3.91551645537343 "experimento_61" 61 500 1000 0.8 4 0.4 1 0.8
0.951387800043449 4.02341086530414 "experimento_61" 61 500 1000 0.8 4 0.4 1 0.8
0.926676918985322 3.91372456751814 "experimento_61" 61 500 1000 0.8 4 0.4 1 0.8
0.859114900464192 3.60012087235988 "experimento_61" 61 500 1000 0.8 4 0.4 1 0.8
0.927807239117101 4.0139348684267 "experimento_61" 61 500 1000 0.8 4 0.4 1 0.8
0.885633867699653 4.08261119714774 "experimento_61" 61 500 1000 0.8 4 0.4 1 0.8
0.832200015196577 3.64111945149946 "experimento_61" 61 500 1000 0.8 4 0.4 1 0.8
0.936755957780406 4.49040544831341 "experimento_61" 61 500 1000 0.8 4 0.4 1 0.8
0.872342221438885 3.2491559498102 "experimento_61" 61 500 1000 0.8 4 0.4 1 0.8
0.988104928284883 4.3560286588444 "experimento_61" 61 500 1000 0.8 4 0.4 1 0.8
0.95184767129831 3.99195210301657 "experimento_61" 61 500 1000 0.8 4 0.4 1 0.8
0.947376114781946 4.07400018484233 "experimento_61" 61 500 1000 0.8 4 0.4 1 0.8
0.837505013681948 3.23550477362763 "experimento_61" 61 500 1000 0.8 4 0.4 1 0.8
0.956168671138585 4.09425567383482 "experimento_61" 61 500 1000 0.8 4 0.4 1 0.8
0.945994697278365 4.07042186864431 "experimento_61" 61 500 1000 0.8 4 0.4 1 0.8
0.856636157259345 3.65131500408618 "experimento_61" 61 500 1000 0.8 4 0.4 1 0.8
0.915027930634096 4.24731264949939 "experimento_61" 61 500 1000 0.8 4 0.4 1 0.8
0.900868643308058 3.61020187114577 "experimento_61" 61 500 1000 0.8 4 0.4 1 0.8
0.937515815487131 4.03495862491412 "experimento_61" 61 500 1000 0.8 4 0.4 1 0.8
0.862453864188865 4.51757031662307 "experimento_61" 61 500 1000 0.8 4 0.4 1 0.8
0.877306833863258 4.51358491381683 "experimento_61" 61 500 1000 0.8 4 0.4 1 0.8
0.860536435851827 3.84407188065536 "experimento_61" 61 500 1000 0.8 4 0.4 1 0.8
0.802746114786714 3.38247901168222 "experimento_61" 61 500 1000 0.8 4 0.4 1 0.8
0.980009853374213 4.83164692492852 "experimento_61" 61 500 1000 0.8 4 0.4 1 0.8
0.89349886844866 4.01863199928665 "experimento_61" 61 500 1000 0.8 4 0.4 1 0.8
0.849096560617909 3.90723990393559 "experimento_61" 61 500 1000 0.8 4 0.4 1 0.8
0.893188493093476 3.79512339687324 "experimento_61" 61 500 1000 0.8 4 0.4 1 0.8
0.934172406326979 5.11088045277618 "experimento_61" 61 500 1000 0.8 4 0.4 1 0.8
0.729987123981118 3.3214874563545 "experimento_61" 61 500 1000 0.8 4 0.4 1 0.8
0.790398731827736 3.81256241789713 "experimento_61" 61 500 1000 0.8 4 0.4 1 0.8
0.879145777318627 4.28880278166994 "experimento_61" 61 500 1000 0.8 4 0.4 1 0.8
0.900630496907979 3.23842209983958 "experimento_61" 61 500 1000 0.8 4 0.4 1 0.8
0.966730401385576 4.10348330781339 "experimento_61" 61 500 1000 0.8 4 0.4 1 0.8
0.895595136098564 4.79414805707258 "experimento_61" 61 500 1000 0.8 4 0.4 1 0.8
0.840779995080084 3.80863055016875 "experimento_61" 61 500 1000 0.8 4 0.4 1 0.8
0.8347100217361 3.87077048948237 "experimento_61" 61 500 1000 0.8 4 0.4 1 0.8
0.86774401855655 3.98801429565136 "experimento_61" 61 500 1000 0.8 4 0.4 1 0.8
0.635964598506689 2.98727371686012 "experimento_61" 61 500 1000 0.8 4 0.4 1 0.8
0.877279704203829 3.9933963619804 "experimento_61" 61 500 1000 0.8 4 0.4 1 0.8
0.917514748172835 3.55514013882198 "experimento_61" 61 500 1000 0.8 4 0.4 1 0.8
0.939906838117167 4.07405428882559 "experimento_61" 61 500 1000 0.8 4 0.4 1 0.8
0.955349006224424 4.23591553928338 "experimento_61" 61 500 1000 0.8 4 0.4 1 0.8
0.929034442640841 3.68698907927039 "experimento_61" 61 500 1000 0.8 4 0.4 1 0.8
0.852046209853142 3.97712856078412 "experimento_61" 61 500 1000 0.8 4 0.4 1 0.8
0.943336158292368 3.66146624975169 "experimento_61" 61 500 1000 0.8 4 0.4 1 0.8
0.877431361703202 3.9878085492591 "experimento_61" 61 500 1000 0.8 4 0.4 1 0.8
1.06396034325534 4.07326802346729 "experimento_61" 61 500 1000 0.8 4 0.4 1 0.8
0.891686557792127 3.98484640507036 "experimento_61" 61 500 1000 0.8 4 0.4 1 0.8
1.02173299518572 4.55567193663362 "experimento_61" 61 500 1000 0.8 4 0.4 1 0.8
0.861390987178311 4.08543062400979 "experimento_61" 61 500 1000 0.8 4 0.4 1 0.8
0.84832242783159 4.03707094856909 "experimento_61" 61 500 1000 0.8 4 0.4 1 0.8
0.78233678243123 3.4837279238712 "experimento_61" 61 500 1000 0.8 4 0.4 1 0.8
0.989273700397462 4.13265065691727 "experimento_61" 61 500 1000 0.8 4 0.4 1 0.8
0.854318333789706 3.50006123907819 "experimento_61" 61 500 1000 0.8 4 0.4 1 0.8
0.907829514937475 3.94903328845663 "experimento_61" 61 500 1000 0.8 4 0.4 1 0.8
0.837430263869464 3.81196489968348 "experimento_61" 61 500 1000 0.8 4 0.4 1 0.8
0.671713730553165 2.8643874632527 "experimento_61" 61 500 1000 0.8 4 0.4 1 0.8
0.880601342534646 3.65915723800823 "experimento_61" 61 500 1000 0.8 4 0.4 1 0.8
0.943297223420814 3.87954980341868 "experimento_61" 61 500 1000 0.8 4 0.4 1 0.8
0.90992375346832 3.97072733859262 "experimento_61" 61 500 1000 0.8 4 0.4 1 0.8
0.900414562551305 3.58419571860904 "experimento_61" 61 500 1000 0.8 4 0.4 1 0.8
1.03502565296367 3.1178508986871 "experimento_61" 61 500 1000 0.8 4 0.4 1 0.8
0.851890349760652 3.86330621169464 "experimento_61" 61 500 1000 0.8 4 0.4 1 0.8
0.951786102028564 3.71321854318508 "experimento_61" 61 500 1000 0.8 4 0.4 1 0.8
1.14654245704878 5.52166174953381 "experimento_61" 61 500 1000 0.8 4 0.4 1 0.8
0.865366583224386 3.50558227883943 "experimento_61" 61 500 1000 0.8 4 0.4 1 0.8
0.859065240016207 3.64062439886388 "experimento_61" 61 500 1000 0.8 4 0.4 1 0.8
0.928908234927803 3.59514675176156 "experimento_61" 61 500 1000 0.8 4 0.4 1 0.8
0.943806134397164 4.70233808967007 "experimento_61" 61 500 1000 0.8 4 0.4 1 0.8
1.07270247035194 5.23469240621439 "experimento_61" 61 500 1000 0.8 4 0.4 1 0.8
0.912508465815336 4.00465972069819 "experimento_61" 61 500 1000 0.8 4 0.4 1 0.8
0.823176196077839 3.57426599471318 "experimento_61" 61 500 1000 0.8 4 0.4 1 0.8
0.87478425190784 3.82742892842275 "experimento_61" 61 500 1000 0.8 4 0.4 1 0.8
0.852497531101108 3.55372396768504 "experimento_61" 61 500 1000 0.8 4 0.4 1 0.8
0.952624161262065 3.8253610905503 "experimento_61" 61 500 1000 0.8 4 0.4 1 0.8
0.716472653206438 3.37294860541737 "experimento_61" 61 500 1000 0.8 4 0.4 1 0.8
0.877783257281408 4.14507393734196 "experimento_61" 61 500 1000 0.8 4 0.4 1 0.8
0.85083663277328 3.44810607527286 "experimento_61" 61 500 1000 0.8 4 0.4 1 0.8
0.848079407587647 3.70995693345267 "experimento_61" 61 500 1000 0.8 4 0.4 1 0.8
1.00146162381861 4.6613823625729 "experimento_61" 61 500 1000 0.8 4 0.4 1 0.8
0.985646954504773 4.16319783937743 "experimento_61" 61 500 1000 0.8 4 0.4 1 0.8
0.940552459796891 3.75078684417689 "experimento_61" 61 500 1000 0.8 4 0.4 1 0.8
0.809989173198119 3.56177886159556 "experimento_61" 61 500 1000 0.8 4 0.4 1 0.8
0.899766778107733 4.06973151509281 "experimento_61" 61 500 1000 0.8 4 0.4 1 0.8
0.949063463835046 4.36918497863641 "experimento_61" 61 500 1000 0.8 4 0.4 1 0.8
0.969578287797049 3.74082991580265 "experimento_61" 61 500 1000 0.8 4 0.4 1 0.8
0.919539294438437 4.32764936135401 "experimento_61" 61 500 1000 0.8 4 0.4 1 0.8
0.915393447270617 4.48067254588346 "experimento_61" 61 500 1000 0.8 4 0.4 1 0.8
0.964001551736146 4.58438910586326 "experimento_61" 61 500 1000 0.8 4 0.4 1 0.8
0.858540892135352 3.72295470863977 "experimento_61" 61 500 1000 0.8 4 0.4 1 0.8
0.920042522950098 3.55273211328827 "experimento_61" 61 500 1000 0.8 4 0.4 1 0.8
0.855552250286564 3.44376773831779 "experimento_61" 61 500 1000 0.8 4 0.4 1 0.8
0.847503145225346 3.64332129952497 "experimento_61" 61 500 1000 0.8 4 0.4 1 0.8
0.861519729951397 3.68742162404579 "experimento_61" 61 500 1000 0.8 4 0.4 1 0.8
0.892243339214474 4.03956393102195 "experimento_61" 61 500 1000 0.8 4 0.4 1 0.8
0.971996293403208 4.13568045583715 "experimento_61" 61 500 1000 0.8 4 0.4 1 0.8
0.921806948957965 4.41355494180946 "experimento_61" 61 500 1000 0.8 4 0.4 1 0.8
0.835862819105387 3.95554305736932 "experimento_61" 61 500 1000 0.8 4 0.4 1 0.8
0.856002436485142 3.2780752579596 "experimento_61" 61 500 1000 0.8 4 0.4 1 0.8
1.02583483047783 4.39713012915865 "experimento_61" 61 500 1000 0.8 4 0.4 1 0.8
0.879852421581745 3.86867880891841 "experimento_61" 61 500 1000 0.8 4 0.4 1 0.8
1.05820914008655 3.30346797535014 "experimento_61" 61 500 1000 0.8 4 0.4 1 0.8
0.800500617595389 3.81727173242368 "experimento_61" 61 500 1000 0.8 4 0.4 1 0.8
0.91126377764158 3.24599064281819 "experimento_61" 61 500 1000 0.8 4 0.4 1 0.8
0.800178515957668 3.49787786699103 "experimento_61" 61 500 1000 0.8 4 0.4 1 0.8
0.892151431646198 3.40860342740871 "experimento_61" 61 500 1000 0.8 4 0.4 1 0.8
0.830185705795884 3.50106888530544 "experimento_61" 61 500 1000 0.8 4 0.4 1 0.8
0.80552729498595 3.47443255313315 "experimento_61" 61 500 1000 0.8 4 0.4 1 0.8
0.786470052553341 3.37243791221495 "experimento_61" 61 500 1000 0.8 4 0.4 1 0.8
0.932072633178905 4.21886753581556 "experimento_61" 61 500 1000 0.8 4 0.4 1 0.8
1.0257074541878 3.76337986980033 "experimento_61" 61 500 1000 0.8 4 0.4 1 0.8
0.821297061163932 3.30313108447619 "experimento_61" 61 500 1000 0.8 4 0.4 1 0.8
0.820078541524708 3.62313350471839 "experimento_61" 61 500 1000 0.8 4 0.4 1 0.8
0.953292415011674 4.48609522682937 "experimento_61" 61 500 1000 0.8 4 0.4 1 0.8
0.819793359842151 3.76497693395621 "experimento_61" 61 500 1000 0.8 4 0.4 1 0.8
0.845390893518925 3.61613344860994 "experimento_61" 61 500 1000 0.8 4 0.4 1 0.8
0.90733756753616 3.96947699789656 "experimento_61" 61 500 1000 0.8 4 0.4 1 0.8
0.86913360026665 3.53894121604069 "experimento_61" 61 500 1000 0.8 4 0.4 1 0.8
0.870167354121804 3.5699664670961 "experimento_61" 61 500 1000 0.8 4 0.4 1 0.8
0.879955995827913 3.69367807309895 "experimento_61" 61 500 1000 0.8 4 0.4 1 0.8
0.936815636232495 4.91841329191301 "experimento_61" 61 500 1000 0.8 4 0.4 1 0.8
0.844008218031377 3.4731616436249 "experimento_61" 61 500 1000 0.8 4 0.4 1 0.8
0.89369763340801 3.84884589963012 "experimento_61" 61 500 1000 0.8 4 0.4 1 0.8
0.974859590874985 3.68654682021096 "experimento_61" 61 500 1000 0.8 4 0.4 1 0.8
0.844086317578331 3.52844258010399 "experimento_61" 61 500 1000 0.8 4 0.4 1 0.8
0.858143416466191 3.42223253249102 "experimento_61" 61 500 1000 0.8 4 0.4 1 0.8
0.907932645641267 3.98888244967033 "experimento_61" 61 500 1000 0.8 4 0.4 1 0.8
0.945288552669808 4.28979612457785 "experimento_61" 61 500 1000 0.8 4 0.4 1 0.8
0.82720369216986 3.44813213763433 "experimento_61" 61 500 1000 0.8 4 0.4 1 0.8
0.900543329538777 3.93169032663131 "experimento_61" 61 500 1000 0.8 4 0.4 1 0.8
1.06881247297861 5.43566644098479 "experimento_61" 61 500 1000 0.8 4 0.4 1 0.8
0.90027148462832 3.90887572681885 "experimento_61" 61 500 1000 0.8 4 0.4 1 0.8
0.909800073131919 3.79424731338561 "experimento_61" 61 500 1000 0.8 4 0.4 1 0.8
0.875713521614671 3.40619052297126 "experimento_61" 61 500 1000 0.8 4 0.4 1 0.8
0.945759808178991 3.97334567495943 "experimento_61" 61 500 1000 0.8 4 0.4 1 0.8
0.97041480964981 5.11779016127134 "experimento_61" 61 500 1000 0.8 4 0.4 1 0.8
0.839416452916339 3.82826479689536 "experimento_61" 61 500 1000 0.8 4 0.4 1 0.8
0.938084553694353 3.82750495136856 "experimento_61" 61 500 1000 0.8 4 0.4 1 0.8
0.914650014601648 4.5954815810832 "experimento_61" 61 500 1000 0.8 4 0.4 1 0.8
0.652387689100578 2.93230419812366 "experimento_61" 61 500 1000 0.8 4 0.4 1 0.8
0.865206192713231 4.43538700697543 "experimento_61" 61 500 1000 0.8 4 0.4 1 0.8
0.907400106312707 3.63020614950283 "experimento_61" 61 500 1000 0.8 4 0.4 1 0.8
0.99210677202791 3.96730394986558 "experimento_61" 61 500 1000 0.8 4 0.4 1 0.8
0.915053938049823 4.21922116982727 "experimento_61" 61 500 1000 0.8 4 0.4 1 0.8
0.946039772359654 4.07327460601301 "experimento_61" 61 500 1000 0.8 4 0.4 1 0.8
0.923195106210187 3.5960918766533 "experimento_61" 61 500 1000 0.8 4 0.4 1 0.8
0.914548154221848 4.14052777045208 "experimento_61" 61 500 1000 0.8 4 0.4 1 0.8
0.702202604152262 3.22263536841398 "experimento_61" 61 500 1000 0.8 4 0.4 1 0.8
0.993337402353063 4.44300058630756 "experimento_61" 61 500 1000 0.8 4 0.4 1 0.8
0.926780758891255 4.4771848993554 "experimento_61" 61 500 1000 0.8 4 0.4 1 0.8
0.931456420570612 3.63247497208577 "experimento_61" 61 500 1000 0.8 4 0.4 1 0.8
0.9512989949435 4.66195170963801 "experimento_61" 61 500 1000 0.8 4 0.4 1 0.8
0.990672265645117 3.83403859649004 "experimento_61" 61 500 1000 0.8 4 0.4 1 0.8
0.993417806224898 3.87897322657527 "experimento_61" 61 500 1000 0.8 4 0.4 1 0.8
0.865560378413647 3.90491254321165 "experimento_61" 61 500 1000 0.8 4 0.4 1 0.8
0.97542924201116 4.43519951482146 "experimento_61" 61 500 1000 0.8 4 0.4 1 0.8
0.950781230116263 4.22830896528281 "experimento_61" 61 500 1000 0.8 4 0.4 1 0.8
0.907252255128697 3.85006424294324 "experimento_61" 61 500 1000 0.8 4 0.4 1 0.8
0.811667152214795 3.14474783185153 "experimento_61" 61 500 1000 0.8 4 0.4 1 0.8
1.07528592320159 4.41069263494651 "experimento_61" 61 500 1000 0.8 4 0.4 1 0.8
0.731927586253732 2.78003101408055 "experimento_61" 61 500 1000 0.8 4 0.4 1 0.8
0.931742013664916 3.75424600318742 "experimento_61" 61 500 1000 0.8 4 0.4 1 0.8
0.809634663863108 3.91990543156642 "experimento_61" 61 500 1000 0.8 4 0.4 1 0.8
0.871917661977932 3.67268497098899 "experimento_61" 61 500 1000 0.8 4 0.4 1 0.8
0.997578505659476 3.95753465585562 "experimento_61" 61 500 1000 0.8 4 0.4 1 0.8
0.93382850009948 3.96215414036604 "experimento_61" 61 500 1000 0.8 4 0.4 1 0.8
0.716530386824161 3.21605067989755 "experimento_61" 61 500 1000 0.8 4 0.4 1 0.8
0.894830186385661 4.49877642619054 "experimento_61" 61 500 1000 0.8 4 0.4 1 0.8
0.882817837409675 4.21118395516214 "experimento_61" 61 500 1000 0.8 4 0.4 1 0.8
0.884185631293803 3.84452573944568 "experimento_61" 61 500 1000 0.8 4 0.4 1 0.8
0.886843316489831 3.84270335366857 "experimento_61" 61 500 1000 0.8 4 0.4 1 0.8
1.03705450640385 3.47860562609627 "experimento_61" 61 500 1000 0.8 4 0.4 1 0.8
0.885859223781154 3.9207906131576 "experimento_61" 61 500 1000 0.8 4 0.4 1 0.8
0.843026731628925 3.45664797585226 "experimento_61" 61 500 1000 0.8 4 0.4 1 0.8
0.928427033126354 4.13419044592221 "experimento_61" 61 500 1000 0.8 4 0.4 1 0.8
0.80355099006556 3.65496997203512 "experimento_61" 61 500 1000 0.8 4 0.4 1 0.8
0.825601005693898 3.69888795255763 "experimento_61" 61 500 1000 0.8 4 0.4 1 0.8
0.855622896458954 3.68166298179897 "experimento_61" 61 500 1000 0.8 4 0.4 1 0.8
1.15609673853032 5.27136083830182 "experimento_61" 61 500 1000 0.8 4 0.4 1 0.8
1.10421971837059 4.94611253031585 "experimento_61" 61 500 1000 0.8 4 0.4 1 0.8
0.772622476797551 3.06286319056533 "experimento_61" 61 500 1000 0.8 4 0.4 1 0.8
0.854289433686063 4.04170342759321 "experimento_61" 61 500 1000 0.8 4 0.4 1 0.8
0.858703358331695 3.80677385752617 "experimento_61" 61 500 1000 0.8 4 0.4 1 0.8
0.95692701311782 4.20350429805881 "experimento_61" 61 500 1000 0.8 4 0.4 1 0.8
0.870348534546793 3.51259985203648 "experimento_61" 61 500 1000 0.8 4 0.4 1 0.8
0.813260472845286 3.32762285066984 "experimento_61" 61 500 1000 0.8 4 0.4 1 0.8
1.01899203930045 4.59984364504226 "experimento_61" 61 500 1000 0.8 4 0.4 1 0.8
0.916253411443904 3.70380999157733 "experimento_61" 61 500 1000 0.8 4 0.4 1 0.8
1.05273917166051 4.14405744076859 "experimento_61" 61 500 1000 0.8 4 0.4 1 0.8
0.968988995067775 4.65542922876863 "experimento_61" 61 500 1000 0.8 4 0.4 1 0.8
0.976367950206622 4.00927059899606 "experimento_61" 61 500 1000 0.8 4 0.4 1 0.8
0.805083461338654 3.62712643950713 "experimento_61" 61 500 1000 0.8 4 0.4 1 0.8
0.843531948514283 3.78043572151225 "experimento_61" 61 500 1000 0.8 4 0.4 1 0.8
0.884235176956281 4.11322835789691 "experimento_61" 61 500 1000 0.8 4 0.4 1 0.8
0.887300045927987 3.75523820937057 "experimento_61" 61 500 1000 0.8 4 0.4 1 0.8
0.872389739844948 3.67663897559727 "experimento_61" 61 500 1000 0.8 4 0.4 1 0.8
0.886547050671652 4.12529395027744 "experimento_61" 61 500 1000 0.8 4 0.4 1 0.8
0.881284476490691 4.13718787373033 "experimento_61" 61 500 1000 0.8 4 0.4 1 0.8
0.961998670827597 3.83633087759907 "experimento_61" 61 500 1000 0.8 4 0.4 1 0.8
0.821573744527996 3.52454486282615 "experimento_61" 61 500 1000 0.8 4 0.4 1 0.8
0.983787150122225 4.4133870739318 "experimento_61" 61 500 1000 0.8 4 0.4 1 0.8
0.897542332066223 4.25035515404697 "experimento_61" 61 500 1000 0.8 4 0.4 1 0.8
1.0223451644415 4.56521050787983 "experimento_61" 61 500 1000 0.8 4 0.4 1 0.8
0.874170761322603 3.70932011167445 "experimento_61" 61 500 1000 0.8 4 0.4 1 0.8
1.15880880411714 5.68136358868412 "experimento_61" 61 500 1000 0.8 4 0.4 1 0.8
0.901795167243108 4.00221082268037 "experimento_61" 61 500 1000 0.8 4 0.4 1 0.8
0.886068089399487 4.3825837884289 "experimento_61" 61 500 1000 0.8 4 0.4 1 0.8
0.825564321130514 3.35889826050885 "experimento_61" 61 500 1000 0.8 4 0.4 1 0.8
0.844383910531178 3.6310331030094 "experimento_61" 61 500 1000 0.8 4 0.4 1 0.8
1.02745046388541 3.98543175332083 "experimento_61" 61 500 1000 0.8 4 0.4 1 0.8
1.01590665519195 4.35785674034579 "experimento_61" 61 500 1000 0.8 4 0.4 1 0.8
0.643902595853433 2.97309841155833 "experimento_61" 61 500 1000 0.8 4 0.4 1 0.8
0.847171419067308 3.30046269786603 "experimento_61" 61 500 1000 0.8 4 0.4 1 0.8
0.876548360334709 4.26098807983447 "experimento_61" 61 500 1000 0.8 4 0.4 1 0.8
0.800029172096401 3.40985604780868 "experimento_61" 61 500 1000 0.8 4 0.4 1 0.8
0.954542152350768 4.4981471234856 "experimento_61" 61 500 1000 0.8 4 0.4 1 0.8
1.09348114754539 4.80805710551887 "experimento_61" 61 500 1000 0.8 4 0.4 1 0.8
1.03693861979991 4.30266081109623 "experimento_61" 61 500 1000 0.8 4 0.4 1 0.8
0.935146909207106 3.40681361888239 "experimento_61" 61 500 1000 0.8 4 0.4 1 0.8
0.915869726333767 3.81093167332666 "experimento_61" 61 500 1000 0.8 4 0.4 1 0.8
0.984804175095633 4.951075918493 "experimento_61" 61 500 1000 0.8 4 0.4 1 0.8
0.879705833503976 3.61210622902646 "experimento_61" 61 500 1000 0.8 4 0.4 1 0.8
0.936828294536099 4.51821542411668 "experimento_61" 61 500 1000 0.8 4 0.4 1 0.8
0.858236561995 3.87304252772357 "experimento_61" 61 500 1000 0.8 4 0.4 1 0.8
0.914330261293799 3.45189048574599 "experimento_61" 61 500 1000 0.8 4 0.4 1 0.8
0.835951242595911 3.48264838918446 "experimento_61" 61 500 1000 0.8 4 0.4 1 0.8
0.799572184449062 3.56688675145153 "experimento_61" 61 500 1000 0.8 4 0.4 1 0.8
0.938150296220556 4.11653382165151 "experimento_61" 61 500 1000 0.8 4 0.4 1 0.8
1.02660576191285 3.99337011478051 "experimento_61" 61 500 1000 0.8 4 0.4 1 0.8
0.882356511661783 3.87766239946996 "experimento_61" 61 500 1000 0.8 4 0.4 1 0.8
0.747315869899467 3.03678290413018 "experimento_61" 61 500 1000 0.8 4 0.4 1 0.8
0.9445400449913 4.16013678756075 "experimento_61" 61 500 1000 0.8 4 0.4 1 0.8
0.984083577059209 4.72020611015049 "experimento_61" 61 500 1000 0.8 4 0.4 1 0.8
0.876001229509711 3.92352725802407 "experimento_61" 61 500 1000 0.8 4 0.4 1 0.8
0.921541795134544 3.87989734544939 "experimento_61" 61 500 1000 0.8 4 0.4 1 0.8
0.832117862766609 3.51106597431221 "experimento_61" 61 500 1000 0.8 4 0.4 1 0.8
0.76883883588016 3.58012490434352 "experimento_61" 61 500 1000 0.8 4 0.4 1 0.8
0.981719246599823 3.95511153738837 "experimento_61" 61 500 1000 0.8 4 0.4 1 0.8
0.933247689390555 4.0184755823033 "experimento_61" 61 500 1000 0.8 4 0.4 1 0.8
0.918227172223851 3.747292701925 "experimento_61" 61 500 1000 0.8 4 0.4 1 0.8
0.876049532322213 3.45620413486678 "experimento_61" 61 500 1000 0.8 4 0.4 1 0.8
0.941982878604904 3.87218535226453 "experimento_61" 61 500 1000 0.8 4 0.4 1 0.8
1.18342186206833 5.80938764670541 "experimento_61" 61 500 1000 0.8 4 0.4 1 0.8
1.05149207974318 4.12280205271276 "experimento_61" 61 500 1000 0.8 4 0.4 1 0.8
0.872997714905068 3.4203270719126 "experimento_61" 61 500 1000 0.8 4 0.4 1 0.8
0.800610632402822 3.55584845249102 "experimento_61" 61 500 1000 0.8 4 0.4 1 0.8
0.972602613968775 3.76011588293308 "experimento_61" 61 500 1000 0.8 4 0.4 1 0.8
0.942020709626377 3.97053848403449 "experimento_61" 61 500 1000 0.8 4 0.4 1 0.8
1.067003386328 3.9741938712053 "experimento_61" 61 500 1000 0.8 4 0.4 1 0.8
0.842193367425352 3.82264158668992 "experimento_61" 61 500 1000 0.8 4 0.4 1 0.8
0.976571307284757 4.2709438992398 "experimento_61" 61 500 1000 0.8 4 0.4 1 0.8
0.933087707962841 3.98173465564323 "experimento_61" 61 500 1000 0.8 4 0.4 1 0.8
0.836098060710356 3.99046818199176 "experimento_61" 61 500 1000 0.8 4 0.4 1 0.8
0.876347570447251 3.50140345575835 "experimento_61" 61 500 1000 0.8 4 0.4 1 0.8
0.908829376101494 3.99136600360883 "experimento_61" 61 500 1000 0.8 4 0.4 1 0.8
0.85149483801797 3.60312901247892 "experimento_61" 61 500 1000 0.8 4 0.4 1 0.8
0.834623154951259 3.51591080596895 "experimento_61" 61 500 1000 0.8 4 0.4 1 0.8
0.892167401034385 3.9153608085228 "experimento_61" 61 500 1000 0.8 4 0.4 1 0.8
0.903421390801668 3.64144637926575 "experimento_61" 61 500 1000 0.8 4 0.4 1 0.8
0.901808597380295 3.51908894386394 "experimento_61" 61 500 1000 0.8 4 0.4 1 0.8
0.912633798783645 4.31884579781795 "experimento_61" 61 500 1000 0.8 4 0.4 1 0.8
0.886271941708401 4.11853124021849 "experimento_61" 61 500 1000 0.8 4 0.4 1 0.8
1.0057682035258 4.37376654928047 "experimento_61" 61 500 1000 0.8 4 0.4 1 0.8
0.784953654045239 3.68244701894504 "experimento_61" 61 500 1000 0.8 4 0.4 1 0.8
0.897243394283578 4.05811492693512 "experimento_61" 61 500 1000 0.8 4 0.4 1 0.8
0.78678027051501 3.55210923538746 "experimento_61" 61 500 1000 0.8 4 0.4 1 0.8
0.84257542155683 3.85879434940231 "experimento_61" 61 500 1000 0.8 4 0.4 1 0.8
0.816639839671552 3.87484618907129 "experimento_61" 61 500 1000 0.8 4 0.4 1 0.8
0.923728812020272 4.81104321574302 "experimento_61" 61 500 1000 0.8 4 0.4 1 0.8
0.951940663624555 4.12554073162699 "experimento_61" 61 500 1000 0.8 4 0.4 1 0.8
0.897090525366366 4.84948818000973 "experimento_61" 61 500 1000 0.8 4 0.4 1 0.8
0.628373469226062 2.96103052130426 "experimento_61" 61 500 1000 0.8 4 0.4 1 0.8
0.962262879591435 4.57998890008869 "experimento_61" 61 500 1000 0.8 4 0.4 1 0.8
0.932584796566516 4.11683866776 "experimento_61" 61 500 1000 0.8 4 0.4 1 0.8
0.949833256658167 4.29911741075278 "experimento_61" 61 500 1000 0.8 4 0.4 1 0.8
0.874557950533926 3.93401360526955 "experimento_61" 61 500 1000 0.8 4 0.4 1 0.8
0.992411677958444 3.99029197839708 "experimento_61" 61 500 1000 0.8 4 0.4 1 0.8
0.864887282717973 3.69952740223066 "experimento_61" 61 500 1000 0.8 4 0.4 1 0.8
0.901133824605495 4.33411834368141 "experimento_61" 61 500 1000 0.8 4 0.4 1 0.8
0.801944343373179 3.67014822946436 "experimento_61" 61 500 1000 0.8 4 0.4 1 0.8
0.920804559485987 4.06731258488369 "experimento_61" 61 500 1000 0.8 4 0.4 1 0.8
0.923269069986418 3.99936506185708 "experimento_61" 61 500 1000 0.8 4 0.4 1 0.8
1.00677629641723 5.69849482574795 "experimento_61" 61 500 1000 0.8 4 0.4 1 0.8
0.941525178030133 4.27251287472877 "experimento_61" 61 500 1000 0.8 4 0.4 1 0.8
0.971009886125103 4.33016039801861 "experimento_61" 61 500 1000 0.8 4 0.4 1 0.8
0.868189813336357 4.24768610522919 "experimento_61" 61 500 1000 0.8 4 0.4 1 0.8
0.846418738830835 3.75701761285764 "experimento_61" 61 500 1000 0.8 4 0.4 1 0.8
0.88692244165577 3.43979435284602 "experimento_61" 61 500 1000 0.8 4 0.4 1 0.8
0.918495244113728 4.23829268045737 "experimento_61" 61 500 1000 0.8 4 0.4 1 0.8
0.845790894469246 3.87990680702014 "experimento_61" 61 500 1000 0.8 4 0.4 1 0.8
0.864688157569617 3.64522988449136 "experimento_61" 61 500 1000 0.8 4 0.4 1 0.8
0.883469335502014 4.52726863756262 "experimento_61" 61 500 1000 0.8 4 0.4 1 0.8
0.872898357454687 3.72820232398741 "experimento_61" 61 500 1000 0.8 4 0.4 1 0.8
0.699853634461761 3.22219400070588 "experimento_61" 61 500 1000 0.8 4 0.4 1 0.8
0.828212680062279 3.54115862878669 "experimento_61" 61 500 1000 0.8 4 0.4 1 0.8
0.908838988514617 4.07869740363117 "experimento_61" 61 500 1000 0.8 4 0.4 1 0.8
0.813316295621917 3.73264611458706 "experimento_61" 61 500 1000 0.8 4 0.4 1 0.8
0.96272236877121 4.32566551411914 "experimento_61" 61 500 1000 0.8 4 0.4 1 0.8
0.99590043630451 4.2982199330171 "experimento_61" 61 500 1000 0.8 4 0.4 1 0.8
0.957283341325819 3.69294964680466 "experimento_61" 61 500 1000 0.8 4 0.4 1 0.8
0.892438852228224 3.65293879217982 "experimento_61" 61 500 1000 0.8 4 0.4 1 0.8
0.94955405802466 4.58780752108049 "experimento_61" 61 500 1000 0.8 4 0.4 1 0.8
0.954521721228957 3.98545061905124 "experimento_61" 61 500 1000 0.8 4 0.4 1 0.8
0.845187958562747 3.55703561554784 "experimento_61" 61 500 1000 0.8 4 0.4 1 0.8
0.875536432489753 3.58200817504533 "experimento_61" 61 500 1000 0.8 4 0.4 1 0.8
0.881411847192794 3.75913047732083 "experimento_61" 61 500 1000 0.8 4 0.4 1 0.8
0.866204962600023 3.69367314708215 "experimento_61" 61 500 1000 0.8 4 0.4 1 0.8
0.983099644770846 4.86700230600474 "experimento_61" 61 500 1000 0.8 4 0.4 1 0.8
0.965843498473987 3.62218878893367 "experimento_61" 61 500 1000 0.8 4 0.4 1 0.8
0.86599731282331 3.71059563252292 "experimento_61" 61 500 1000 0.8 4 0.4 1 0.8
0.862280784640461 3.21843052142545 "experimento_61" 61 500 1000 0.8 4 0.4 1 0.8
0.987265068106353 4.02596544044949 "experimento_61" 61 500 1000 0.8 4 0.4 1 0.8
0.878958268091083 4.03157540023338 "experimento_61" 61 500 1000 0.8 4 0.4 1 0.8
0.855495805619285 3.84385933279973 "experimento_61" 61 500 1000 0.8 4 0.4 1 0.8
0.881207259604707 3.84915609729964 "experimento_61" 61 500 1000 0.8 4 0.4 1 0.8
0.960506570991129 3.88848254920059 "experimento_61" 61 500 1000 0.8 4 0.4 1 0.8
0.909111838787794 3.70103794588693 "experimento_61" 61 500 1000 0.8 4 0.4 1 0.8
0.847404412692413 3.63865870356883 "experimento_61" 61 500 1000 0.8 4 0.4 1 0.8
0.987215756438673 4.57325847430637 "experimento_61" 61 500 1000 0.8 4 0.4 1 0.8
0.901116134598851 3.91323162089893 "experimento_61" 61 500 1000 0.8 4 0.4 1 0.8
1.13244370941538 4.14207458166867 "experimento_61" 61 500 1000 0.8 4 0.4 1 0.8
0.833000591956079 3.11656352579688 "experimento_61" 61 500 1000 0.8 4 0.4 1 0.8
0.848955729510635 3.32221064823326 "experimento_61" 61 500 1000 0.8 4 0.4 1 0.8
0.81330106430687 3.36163180867462 "experimento_61" 61 500 1000 0.8 4 0.4 1 0.8
0.864749304018915 3.51567244006435 "experimento_61" 61 500 1000 0.8 4 0.4 1 0.8
0.926235507242382 3.65194283478648 "experimento_61" 61 500 1000 0.8 4 0.4 1 0.8
0.827785489149392 3.23189737687518 "experimento_61" 61 500 1000 0.8 4 0.4 1 0.8
1.07564838207327 4.69541814544263 "experimento_61" 61 500 1000 0.8 4 0.4 1 0.8
0.897206178633496 3.56831183483825 "experimento_61" 61 500 1000 0.8 4 0.4 1 0.8
0.97693814849481 4.5534379219446 "experimento_61" 61 500 1000 0.8 4 0.4 1 0.8
0.990807185182348 4.41743338078623 "experimento_61" 61 500 1000 0.8 4 0.4 1 0.8
0.917309211799875 4.13207574480793 "experimento_61" 61 500 1000 0.8 4 0.4 1 0.8
0.988097759895027 4.35554426580344 "experimento_61" 61 500 1000 0.8 4 0.4 1 0.8
0.875214274041355 5.03973091250364 "experimento_61" 61 500 1000 0.8 4 0.4 1 0.8
0.877973173279315 3.99966713117787 "experimento_61" 61 500 1000 0.8 4 0.4 1 0.8
0.934299828717485 3.96530945798083 "experimento_61" 61 500 1000 0.8 4 0.4 1 0.8
0.951271458994597 3.74958896087339 "experimento_61" 61 500 1000 0.8 4 0.4 1 0.8
0.836858371738344 3.47217708092895 "experimento_61" 61 500 1000 0.8 4 0.4 1 0.8
0.921036656713113 3.84014193341009 "experimento_61" 61 500 1000 0.8 4 0.4 1 0.8
0.976054710801691 4.32475178214499 "experimento_61" 61 500 1000 0.8 4 0.4 1 0.8
0.931831696536392 4.31908228064028 "experimento_61" 61 500 1000 0.8 4 0.4 1 0.8
0.882978108944371 3.63091112003468 "experimento_61" 61 500 1000 0.8 4 0.4 1 0.8
0.893678760156035 4.46716289287797 "experimento_61" 61 500 1000 0.8 4 0.4 1 0.8
0.848175156163052 3.67537317882336 "experimento_61" 61 500 1000 0.8 4 0.4 1 0.8
1.05476437338773 4.33765180365675 "experimento_61" 61 500 1000 0.8 4 0.4 1 0.8
0.939040184020996 4.26866655080023 "experimento_61" 61 500 1000 0.8 4 0.4 1 0.8
0.87305532884784 3.97599223615515 "experimento_61" 61 500 1000 0.8 4 0.4 1 0.8
0.953422121936455 3.63723433639546 "experimento_61" 61 500 1000 0.8 4 0.4 1 0.8
0.897263537161052 4.27646974448453 "experimento_61" 61 500 1000 0.8 4 0.4 1 0.8
0.904513338115066 3.61446172861459 "experimento_61" 61 500 1000 0.8 4 0.4 1 0.8
1.02014218677142 4.39235751660095 "experimento_61" 61 500 1000 0.8 4 0.4 1 0.8
1.03216515399981 5.21221029469209 "experimento_61" 61 500 1000 0.8 4 0.4 1 0.8
1.06131321925204 5.23121126381443 "experimento_61" 61 500 1000 0.8 4 0.4 1 0.8
0.88535467046313 3.38671208624004 "experimento_61" 61 500 1000 0.8 4 0.4 1 0.8
0.916196435224265 4.62181827612818 "experimento_61" 61 500 1000 0.8 4 0.4 1 0.8
0.793772351928055 3.21090696954935 "experimento_61" 61 500 1000 0.8 4 0.4 1 0.8
0.945489938138053 4.26084882867806 "experimento_61" 61 500 1000 0.8 4 0.4 1 0.8
0.901268762769178 4.06698732286441 "experimento_61" 61 500 1000 0.8 4 0.4 1 0.8
0.898355469573289 4.31605090732618 "experimento_61" 61 500 1000 0.8 4 0.4 1 0.8
0.882923237979412 3.505604884904 "experimento_61" 61 500 1000 0.8 4 0.4 1 0.8
0.741156843490899 3.33866700419122 "experimento_61" 61 500 1000 0.8 4 0.4 1 0.8
0.94095459789969 3.48625858028291 "experimento_61" 61 500 1000 0.8 4 0.4 1 0.8
0.907531736651435 3.92244387293531 "experimento_61" 61 500 1000 0.8 4 0.4 1 0.8
1.00460983733652 4.8760655705572 "experimento_61" 61 500 1000 0.8 4 0.4 1 0.8
0.770358393434435 3.67428837765532 "experimento_61" 61 500 1000 0.8 4 0.4 1 0.8
0.914875308983028 4.06859476429795 "experimento_61" 61 500 1000 0.8 4 0.4 1 0.8
0.899078771704808 3.85468951330835 "experimento_61" 61 500 1000 0.8 4 0.4 1 0.8
0.991112873889506 4.48989020040962 "experimento_61" 61 500 1000 0.8 4 0.4 1 0.8
0.874194097239524 4.19025077854429 "experimento_61" 61 500 1000 0.8 4 0.4 1 0.8
0.942927596857771 4.23389590941259 "experimento_61" 61 500 1000 0.8 4 0.4 1 0.8
0.981343110790476 4.84362413616473 "experimento_61" 61 500 1000 0.8 4 0.4 1 0.8
0.908258021343499 4.04726455798807 "experimento_61" 61 500 1000 0.8 4 0.4 1 0.8
0.956299811368808 4.03790876789087 "experimento_61" 61 500 1000 0.8 4 0.4 1 0.8
0.910555211827159 4.72860815532563 "experimento_61" 61 500 1000 0.8 4 0.4 1 0.8
1.0570093113929 3.41269137571859 "experimento_61" 61 500 1000 0.8 4 0.4 1 0.8
0.924496711231768 4.22103897477149 "experimento_61" 61 500 1000 0.8 4 0.4 1 0.8
0.845656527904794 3.41461525132083 "experimento_61" 61 500 1000 0.8 4 0.4 1 0.8
0.93948374944739 4.58097605045577 "experimento_61" 61 500 1000 0.8 4 0.4 1 0.8
0.834976609097794 3.4577405675288 "experimento_61" 61 500 1000 0.8 4 0.4 1 0.8
0.843763836659491 3.63700145054784 "experimento_61" 61 500 1000 0.8 4 0.4 1 0.8
0.924361756304279 3.82571573694085 "experimento_61" 61 500 1000 0.8 4 0.4 1 0.8
0.89713093615137 4.18674095944332 "experimento_61" 61 500 1000 0.8 4 0.4 1 0.8
0.82763360789977 3.42688466808769 "experimento_61" 61 500 1000 0.8 4 0.4 1 0.8
0.964600006118417 4.3902597346627 "experimento_61" 61 500 1000 0.8 4 0.4 1 0.8
0.859149223193526 4.26528584208959 "experimento_61" 61 500 1000 0.8 4 0.4 1 0.8
1.01675452990457 4.19030481383817 "experimento_61" 61 500 1000 0.8 4 0.4 1 0.8
0.970678194891661 4.19233275647135 "experimento_61" 61 500 1000 0.8 4 0.4 1 0.8
0.920398113783449 3.89975578121886 "experimento_61" 61 500 1000 0.8 4 0.4 1 0.8
0.787295037647709 3.41954119879643 "experimento_61" 61 500 1000 0.8 4 0.4 1 0.8
0.731296103214845 3.15040749218648 "experimento_61" 61 500 1000 0.8 4 0.4 1 0.8
0.990882665617391 3.92525296460529 "experimento_61" 61 500 1000 0.8 4 0.4 1 0.8
0.918357824441046 4.53361093133368 "experimento_61" 61 500 1000 0.8 4 0.4 1 0.8
0.847119437064976 3.52417941032411 "experimento_61" 61 500 1000 0.8 4 0.4 1 0.8
0.983257898595184 4.26145061844725 "experimento_61" 61 500 1000 0.8 4 0.4 1 0.8
0.906222763704136 3.89260087930564 "experimento_61" 61 500 1000 0.8 4 0.4 1 0.8
0.967205341439694 4.67710779936638 "experimento_61" 61 500 1000 0.8 4 0.4 1 0.8
0.835578866535798 3.7676614043889 "experimento_61" 61 500 1000 0.8 4 0.4 1 0.8
0.844639417715371 3.74696427124299 "experimento_61" 61 500 1000 0.8 4 0.4 1 0.8
0.93929216475226 3.979363650503 "experimento_61" 61 500 1000 0.8 4 0.4 1 0.8
0.952062567463145 3.7592222128757 "experimento_61" 61 500 1000 0.8 4 0.4 1 0.8
0.917208356782794 4.32231983627421 "experimento_61" 61 500 1000 0.8 4 0.4 1 0.8
0.924230969510972 3.97457246709638 "experimento_61" 61 500 1000 0.8 4 0.4 1 0.8
0.873351365095004 3.35660089335614 "experimento_61" 61 500 1000 0.8 4 0.4 1 0.8
1.06470106182869 4.35411961536485 "experimento_61" 61 500 1000 0.8 4 0.4 1 0.8
0.836001476505771 3.61588247639103 "experimento_61" 61 500 1000 0.8 4 0.4 1 0.8
1.01740820731635 4.29567815524277 "experimento_61" 61 500 1000 0.8 4 0.4 1 0.8
0.908030482707545 3.62236422250855 "experimento_61" 61 500 1000 0.8 4 0.4 1 0.8
0.85737146763131 3.83717421933797 "experimento_61" 61 500 1000 0.8 4 0.4 1 0.8
0.864770168671384 3.65317572908537 "experimento_61" 61 500 1000 0.8 4 0.4 1 0.8
0.9694982948713 3.94598474695901 "experimento_61" 61 500 1000 0.8 4 0.4 1 0.8
0.923932359553874 3.96236092264306 "experimento_61" 61 500 1000 0.8 4 0.4 1 0.8
0.857214861549437 3.57330749212046 "experimento_61" 61 500 1000 0.8 4 0.4 1 0.8
0.910135509446263 3.7025444937351 "experimento_61" 61 500 1000 0.8 4 0.4 1 0.8
0.819440621649846 3.54805736323209 "experimento_61" 61 500 1000 0.8 4 0.4 1 0.8
0.868114257231355 3.97303586160115 "experimento_61" 61 500 1000 0.8 4 0.4 1 0.8
0.733703922480345 3.17472530013134 "experimento_61" 61 500 1000 0.8 4 0.4 1 0.8
0.901815718971193 3.9705781042648 "experimento_61" 61 500 1000 0.8 4 0.4 1 0.8
0.940590236103162 3.83500674162811 "experimento_61" 61 500 1000 0.8 4 0.4 1 0.8
1.01996919774521 4.54615406592285 "experimento_61" 61 500 1000 0.8 4 0.4 1 0.8
0.784771389095113 3.35631862647869 "experimento_61" 61 500 1000 0.8 4 0.4 1 0.8
0.914086466887966 3.92995846189187 "experimento_61" 61 500 1000 0.8 4 0.4 1 0.8
1.16587822174188 6.55807161746254 "experimento_61" 61 500 1000 0.8 4 0.4 1 0.8
0.832179883029312 3.996776098718 "experimento_61" 61 500 1000 0.8 4 0.4 1 0.8
0.944615369662642 4.74338335400937 "experimento_61" 61 500 1000 0.8 4 0.4 1 0.8
0.877299268031493 3.29793807646149 "experimento_61" 61 500 1000 0.8 4 0.4 1 0.8
0.961159626021981 4.12692779850015 "experimento_61" 61 500 1000 0.8 4 0.4 1 0.8
0.982683681650087 4.34665789441845 "experimento_61" 61 500 1000 0.8 4 0.4 1 0.8
0.950721140718088 3.86074335152537 "experimento_61" 61 500 1000 0.8 4 0.4 1 0.8
0.858216481981799 4.06284976282121 "experimento_61" 61 500 1000 0.8 4 0.4 1 0.8
0.89102127822116 4.04147885981408 "experimento_61" 61 500 1000 0.8 4 0.4 1 0.8
0.872307806275785 3.31834156512216 "experimento_61" 61 500 1000 0.8 4 0.4 1 0.8
0.727750738151371 3.28383283546825 "experimento_61" 61 500 1000 0.8 4 0.4 1 0.8
0.794688628055155 3.22961581792263 "experimento_61" 61 500 1000 0.8 4 0.4 1 0.8
0.945484813302755 3.85423023579177 "experimento_61" 61 500 1000 0.8 4 0.4 1 0.8
0.994261187268421 5.10655156059288 "experimento_61" 61 500 1000 0.8 4 0.4 1 0.8
0.850321637233719 3.68078889208571 "experimento_61" 61 500 1000 0.8 4 0.4 1 0.8
0.89544653869234 4.46311325071458 "experimento_61" 61 500 1000 0.8 4 0.4 1 0.8
0.900514896726236 4.80427972279036 "experimento_61" 61 500 1000 0.8 4 0.4 1 0.8
0.859804298030213 3.49023255311155 "experimento_61" 61 500 1000 0.8 4 0.4 1 0.8
0.881748629501089 4.08729930370439 "experimento_61" 61 500 1000 0.8 4 0.4 1 0.8
0.828644563443959 4.27344224599114 "experimento_61" 61 500 1000 0.8 4 0.4 1 0.8
0.815745670814067 3.22983298828269 "experimento_61" 61 500 1000 0.8 4 0.4 1 0.8
0.826122638536617 3.25266240107975 "experimento_61" 61 500 1000 0.8 4 0.4 1 0.8
0.816811934579164 3.55673172969417 "experimento_61" 61 500 1000 0.8 4 0.4 1 0.8
0.899708853568882 3.83185766879307 "experimento_61" 61 500 1000 0.8 4 0.4 1 0.8
0.805451725143939 3.38842052726209 "experimento_61" 61 500 1000 0.8 4 0.4 1 0.8
0.91740379598923 4.61372314239416 "experimento_61" 61 500 1000 0.8 4 0.4 1 0.8
0.962257813196629 3.93633916377489 "experimento_61" 61 500 1000 0.8 4 0.4 1 0.8
0.932764073135331 3.92994769888661 "experimento_61" 61 500 1000 0.8 4 0.4 1 0.8
0.869733431842178 3.47531118567482 "experimento_61" 61 500 1000 0.8 4 0.4 1 0.8
0.918642912060022 3.82524181515401 "experimento_61" 61 500 1000 0.8 4 0.4 1 0.8
0.847327111521736 3.93323736005762 "experimento_61" 61 500 1000 0.8 4 0.4 1 0.8
0.912098877830431 3.80466583368012 "experimento_61" 61 500 1000 0.8 4 0.4 1 0.8
0.87661327701062 3.67563941865252 "experimento_61" 61 500 1000 0.8 4 0.4 1 0.8
0.971689131576568 3.88114620686122 "experimento_61" 61 500 1000 0.8 4 0.4 1 0.8
0.812939784023911 3.77515827558981 "experimento_61" 61 500 1000 0.8 4 0.4 1 0.8
0.830312506994233 3.26381067076552 "experimento_61" 61 500 1000 0.8 4 0.4 1 0.8
0.881415496813133 3.82875055406198 "experimento_61" 61 500 1000 0.8 4 0.4 1 0.8
0.95167081290856 4.13244437919589 "experimento_61" 61 500 1000 0.8 4 0.4 1 0.8
0.956209111958742 3.50817636685678 "experimento_61" 61 500 1000 0.8 4 0.4 1 0.8
0.768918506568298 3.64128243486611 "experimento_61" 61 500 1000 0.8 4 0.4 1 0.8
