"est.u" "est.lamb" "name" "seed" "size" "replicates" "p_umbral" "exp_lambda" "alpha_pen" "n_pen" "c"
1.00062635128229 0.527801718271859 "experimento_1" 1 500 1000 0.8 0.5 0.4 1 0.8
0.992425251752138 0.484375136630364 "experimento_1" 1 500 1000 0.8 0.5 0.4 1 0.8
0.998194753890857 0.519792397163155 "experimento_1" 1 500 1000 0.8 0.5 0.4 1 0.8
1.6670834440738 0.395405267512104 "experimento_1" 1 500 1000 0.8 0.5 0.4 1 0.8
1.12181754503399 0.467819252774852 "experimento_1" 1 500 1000 0.8 0.5 0.4 1 0.8
0.988743632100523 0.534744257464492 "experimento_1" 1 500 1000 0.8 0.5 0.4 1 0.8
0.997340897331014 0.466277557485012 "experimento_1" 1 500 1000 0.8 0.5 0.4 1 0.8
1.00156313932554 0.589803693995192 "experimento_1" 1 500 1000 0.8 0.5 0.4 1 0.8
0.987249047728255 0.585212389701143 "experimento_1" 1 500 1000 0.8 0.5 0.4 1 0.8
0.986343884374946 0.499644339300064 "experimento_1" 1 500 1000 0.8 0.5 0.4 1 0.8
0.972570363665 0.536852936344475 "experimento_1" 1 500 1000 0.8 0.5 0.4 1 0.8
0.965951531659812 0.446110132063421 "experimento_1" 1 500 1000 0.8 0.5 0.4 1 0.8
0.993845372227952 0.603338091813679 "experimento_1" 1 500 1000 0.8 0.5 0.4 1 0.8
0.968501287745312 0.5668168737023 "experimento_1" 1 500 1000 0.8 0.5 0.4 1 0.8
0.996355973184109 0.618745022006825 "experimento_1" 1 500 1000 0.8 0.5 0.4 1 0.8
0.999273953959346 0.627479938638492 "experimento_1" 1 500 1000 0.8 0.5 0.4 1 0.8
0.990094399545342 0.558937130312862 "experimento_1" 1 500 1000 0.8 0.5 0.4 1 0.8
0.989643184235319 0.526317044998399 "experimento_1" 1 500 1000 0.8 0.5 0.4 1 0.8
1.37818172616437 0.530792690451545 "experimento_1" 1 500 1000 0.8 0.5 0.4 1 0.8
0.999432450160384 0.650072110335679 "experimento_1" 1 500 1000 0.8 0.5 0.4 1 0.8
1.01831056839748 0.451214595963079 "experimento_1" 1 500 1000 0.8 0.5 0.4 1 0.8
1.00356137938797 0.588819550047087 "experimento_1" 1 500 1000 0.8 0.5 0.4 1 0.8
0.985074110794812 0.618178686527537 "experimento_1" 1 500 1000 0.8 0.5 0.4 1 0.8
1.02309973319159 0.446712102379759 "experimento_1" 1 500 1000 0.8 0.5 0.4 1 0.8
1.0324275419116 0.577182646119145 "experimento_1" 1 500 1000 0.8 0.5 0.4 1 0.8
0.995575247798115 0.425640389246866 "experimento_1" 1 500 1000 0.8 0.5 0.4 1 0.8
0.999291894724593 0.462322473973708 "experimento_1" 1 500 1000 0.8 0.5 0.4 1 0.8
0.985803661402315 0.50549427283924 "experimento_1" 1 500 1000 0.8 0.5 0.4 1 0.8
0.978179026627913 0.517241326249531 "experimento_1" 1 500 1000 0.8 0.5 0.4 1 0.8
1.00798332719807 0.515991036414641 "experimento_1" 1 500 1000 0.8 0.5 0.4 1 0.8
1.00229482395978 0.503991304044733 "experimento_1" 1 500 1000 0.8 0.5 0.4 1 0.8
0.979420147836208 0.54226627315237 "experimento_1" 1 500 1000 0.8 0.5 0.4 1 0.8
0.982392192585394 0.550588960547659 "experimento_1" 1 500 1000 0.8 0.5 0.4 1 0.8
1.13994949547219 0.428292627932719 "experimento_1" 1 500 1000 0.8 0.5 0.4 1 0.8
1.0124876499176 0.450063118665837 "experimento_1" 1 500 1000 0.8 0.5 0.4 1 0.8
0.999089613789693 0.436428782898961 "experimento_1" 1 500 1000 0.8 0.5 0.4 1 0.8
0.981596413999796 0.484550343899217 "experimento_1" 1 500 1000 0.8 0.5 0.4 1 0.8
0.983237627428025 0.552952276999774 "experimento_1" 1 500 1000 0.8 0.5 0.4 1 0.8
1.16795589867979 0.479990860489884 "experimento_1" 1 500 1000 0.8 0.5 0.4 1 0.8
0.987051038537174 0.517466295989588 "experimento_1" 1 500 1000 0.8 0.5 0.4 1 0.8
0.997483084443957 0.473635275909371 "experimento_1" 1 500 1000 0.8 0.5 0.4 1 0.8
0.978607613826171 0.529891662983897 "experimento_1" 1 500 1000 0.8 0.5 0.4 1 0.8
1.05146870389581 0.45643839710385 "experimento_1" 1 500 1000 0.8 0.5 0.4 1 0.8
0.979609962087125 0.505131037665251 "experimento_1" 1 500 1000 0.8 0.5 0.4 1 0.8
0.992033770075068 0.466247635150748 "experimento_1" 1 500 1000 0.8 0.5 0.4 1 0.8
0.999156954465434 0.514896793992937 "experimento_1" 1 500 1000 0.8 0.5 0.4 1 0.8
0.987829003483057 0.564950490611615 "experimento_1" 1 500 1000 0.8 0.5 0.4 1 0.8
0.999253217829391 0.487336475912897 "experimento_1" 1 500 1000 0.8 0.5 0.4 1 0.8
0.998983170371503 0.442599271718139 "experimento_1" 1 500 1000 0.8 0.5 0.4 1 0.8
0.995137243764475 0.506138392877517 "experimento_1" 1 500 1000 0.8 0.5 0.4 1 0.8
0.985574037535116 0.478381213869084 "experimento_1" 1 500 1000 0.8 0.5 0.4 1 0.8
0.999257185263559 0.593629361782199 "experimento_1" 1 500 1000 0.8 0.5 0.4 1 0.8
0.965162358479574 0.564206413853255 "experimento_1" 1 500 1000 0.8 0.5 0.4 1 0.8
0.972569999750704 0.588288221222312 "experimento_1" 1 500 1000 0.8 0.5 0.4 1 0.8
1.07905601710081 0.527194106082049 "experimento_1" 1 500 1000 0.8 0.5 0.4 1 0.8
0.982946916017681 0.482097056886619 "experimento_1" 1 500 1000 0.8 0.5 0.4 1 0.8
0.998532246798277 0.480399684740032 "experimento_1" 1 500 1000 0.8 0.5 0.4 1 0.8
0.98227037768811 0.505632367802845 "experimento_1" 1 500 1000 0.8 0.5 0.4 1 0.8
1.05985831590572 0.48851784888189 "experimento_1" 1 500 1000 0.8 0.5 0.4 1 0.8
0.96374412975274 0.466915903553297 "experimento_1" 1 500 1000 0.8 0.5 0.4 1 0.8
1.38287040125579 0.478415961674243 "experimento_1" 1 500 1000 0.8 0.5 0.4 1 0.8
0.996298333164304 0.441600447633221 "experimento_1" 1 500 1000 0.8 0.5 0.4 1 0.8
0.989084459841251 0.442027132925173 "experimento_1" 1 500 1000 0.8 0.5 0.4 1 0.8
1.26364901552413 0.437202757524495 "experimento_1" 1 500 1000 0.8 0.5 0.4 1 0.8
1.02141042656218 0.498344022422331 "experimento_1" 1 500 1000 0.8 0.5 0.4 1 0.8
0.976414029952139 0.518212741109116 "experimento_1" 1 500 1000 0.8 0.5 0.4 1 0.8
1.02592818706735 0.452580306394612 "experimento_1" 1 500 1000 0.8 0.5 0.4 1 0.8
1.17849847115576 0.465848075328831 "experimento_1" 1 500 1000 0.8 0.5 0.4 1 0.8
1.00742356180322 0.487801446120946 "experimento_1" 1 500 1000 0.8 0.5 0.4 1 0.8
0.989041030174121 0.507272013149282 "experimento_1" 1 500 1000 0.8 0.5 0.4 1 0.8
0.997757342644036 0.558149121646293 "experimento_1" 1 500 1000 0.8 0.5 0.4 1 0.8
0.999267366481945 0.525015912367522 "experimento_1" 1 500 1000 0.8 0.5 0.4 1 0.8
0.990942381788045 0.567755592602876 "experimento_1" 1 500 1000 0.8 0.5 0.4 1 0.8
1.05536315297764 0.555223916775393 "experimento_1" 1 500 1000 0.8 0.5 0.4 1 0.8
0.999357021180913 0.561697949698581 "experimento_1" 1 500 1000 0.8 0.5 0.4 1 0.8
1.00578327711053 0.526585449270575 "experimento_1" 1 500 1000 0.8 0.5 0.4 1 0.8
0.988432338926941 0.453362691479871 "experimento_1" 1 500 1000 0.8 0.5 0.4 1 0.8
0.996523460838944 0.634966951537321 "experimento_1" 1 500 1000 0.8 0.5 0.4 1 0.8
0.995417496422306 0.497557853131126 "experimento_1" 1 500 1000 0.8 0.5 0.4 1 0.8
0.998008102411404 0.582492052936921 "experimento_1" 1 500 1000 0.8 0.5 0.4 1 0.8
1.00689834635705 0.446702568797596 "experimento_1" 1 500 1000 0.8 0.5 0.4 1 0.8
1.01140730362386 0.490461478177622 "experimento_1" 1 500 1000 0.8 0.5 0.4 1 0.8
0.991188097978011 0.477996768097552 "experimento_1" 1 500 1000 0.8 0.5 0.4 1 0.8
0.991143477614969 0.47841693911857 "experimento_1" 1 500 1000 0.8 0.5 0.4 1 0.8
0.987152404850349 0.597597930027108 "experimento_1" 1 500 1000 0.8 0.5 0.4 1 0.8
0.98213479295373 0.473207988002741 "experimento_1" 1 500 1000 0.8 0.5 0.4 1 0.8
0.983996605267748 0.624246705906963 "experimento_1" 1 500 1000 0.8 0.5 0.4 1 0.8
1.00442569178345 0.501412771042811 "experimento_1" 1 500 1000 0.8 0.5 0.4 1 0.8
1.23764738813043 0.455125200839427 "experimento_1" 1 500 1000 0.8 0.5 0.4 1 0.8
0.999032896477729 0.483408260200256 "experimento_1" 1 500 1000 0.8 0.5 0.4 1 0.8
0.990095930872485 0.553707337436772 "experimento_1" 1 500 1000 0.8 0.5 0.4 1 0.8
0.983284008689225 0.606568515318036 "experimento_1" 1 500 1000 0.8 0.5 0.4 1 0.8
0.994284020969644 0.500753528907857 "experimento_1" 1 500 1000 0.8 0.5 0.4 1 0.8
0.998297983780503 0.520644233189338 "experimento_1" 1 500 1000 0.8 0.5 0.4 1 0.8
0.99556078040041 0.47723523502841 "experimento_1" 1 500 1000 0.8 0.5 0.4 1 0.8
0.975049687083811 0.640602630920326 "experimento_1" 1 500 1000 0.8 0.5 0.4 1 0.8
0.968475935747847 0.578253489743145 "experimento_1" 1 500 1000 0.8 0.5 0.4 1 0.8
0.999657837674022 0.562788755617216 "experimento_1" 1 500 1000 0.8 0.5 0.4 1 0.8
0.992897842079401 0.54161336451358 "experimento_1" 1 500 1000 0.8 0.5 0.4 1 0.8
0.984263873426244 0.527433931023414 "experimento_1" 1 500 1000 0.8 0.5 0.4 1 0.8
0.99070172291249 0.445710765005626 "experimento_1" 1 500 1000 0.8 0.5 0.4 1 0.8
0.979390618856996 0.509633888745283 "experimento_1" 1 500 1000 0.8 0.5 0.4 1 0.8
0.999392929021269 0.476972718099828 "experimento_1" 1 500 1000 0.8 0.5 0.4 1 0.8
1.38666373956949 0.453509187085617 "experimento_1" 1 500 1000 0.8 0.5 0.4 1 0.8
0.985655904980376 0.585074775140326 "experimento_1" 1 500 1000 0.8 0.5 0.4 1 0.8
0.980433820746839 0.47553945820687 "experimento_1" 1 500 1000 0.8 0.5 0.4 1 0.8
0.983728022780269 0.543127103743134 "experimento_1" 1 500 1000 0.8 0.5 0.4 1 0.8
0.998242824338377 0.564336148870237 "experimento_1" 1 500 1000 0.8 0.5 0.4 1 0.8
0.997544784797356 0.474006212738028 "experimento_1" 1 500 1000 0.8 0.5 0.4 1 0.8
1.06540281604975 0.513470943313573 "experimento_1" 1 500 1000 0.8 0.5 0.4 1 0.8
0.98170569119975 0.591443922669298 "experimento_1" 1 500 1000 0.8 0.5 0.4 1 0.8
0.973821237217635 0.580823745263749 "experimento_1" 1 500 1000 0.8 0.5 0.4 1 0.8
0.994362254627049 0.515104457166472 "experimento_1" 1 500 1000 0.8 0.5 0.4 1 0.8
0.982686950592324 0.501774713005419 "experimento_1" 1 500 1000 0.8 0.5 0.4 1 0.8
0.999666510848328 0.486705038113141 "experimento_1" 1 500 1000 0.8 0.5 0.4 1 0.8
0.994689211947843 0.508538196095181 "experimento_1" 1 500 1000 0.8 0.5 0.4 1 0.8
0.978227795567364 0.539003091821049 "experimento_1" 1 500 1000 0.8 0.5 0.4 1 0.8
0.970936063444242 0.591613798662411 "experimento_1" 1 500 1000 0.8 0.5 0.4 1 0.8
0.992952837608755 0.573760508613888 "experimento_1" 1 500 1000 0.8 0.5 0.4 1 0.8
0.966730436775833 0.629126814127637 "experimento_1" 1 500 1000 0.8 0.5 0.4 1 0.8
0.989726850530133 0.571438167978546 "experimento_1" 1 500 1000 0.8 0.5 0.4 1 0.8
0.982310478109866 0.589379528811144 "experimento_1" 1 500 1000 0.8 0.5 0.4 1 0.8
0.995267748599872 0.504667489078383 "experimento_1" 1 500 1000 0.8 0.5 0.4 1 0.8
1.01662936108106 0.61510145026092 "experimento_1" 1 500 1000 0.8 0.5 0.4 1 0.8
0.99210236989893 0.502577370304825 "experimento_1" 1 500 1000 0.8 0.5 0.4 1 0.8
1.00879346055202 0.511360400637739 "experimento_1" 1 500 1000 0.8 0.5 0.4 1 0.8
1.13604948760834 0.45597725383868 "experimento_1" 1 500 1000 0.8 0.5 0.4 1 0.8
0.981208528624848 0.595039518705267 "experimento_1" 1 500 1000 0.8 0.5 0.4 1 0.8
1.01412320416421 0.48612238588995 "experimento_1" 1 500 1000 0.8 0.5 0.4 1 0.8
0.997294814325869 0.435501868324139 "experimento_1" 1 500 1000 0.8 0.5 0.4 1 0.8
0.997824041871354 0.513088305180815 "experimento_1" 1 500 1000 0.8 0.5 0.4 1 0.8
1.01569742523134 0.447144289403582 "experimento_1" 1 500 1000 0.8 0.5 0.4 1 0.8
0.992771628778428 0.571162070541768 "experimento_1" 1 500 1000 0.8 0.5 0.4 1 0.8
1.16963428902158 0.508156727939492 "experimento_1" 1 500 1000 0.8 0.5 0.4 1 0.8
0.964892832795158 0.476114467234314 "experimento_1" 1 500 1000 0.8 0.5 0.4 1 0.8
0.985899833729491 0.478612289166751 "experimento_1" 1 500 1000 0.8 0.5 0.4 1 0.8
1.00050672236694 0.562249242484359 "experimento_1" 1 500 1000 0.8 0.5 0.4 1 0.8
0.986538485391065 0.604182117209966 "experimento_1" 1 500 1000 0.8 0.5 0.4 1 0.8
0.998075886163861 0.534877971526929 "experimento_1" 1 500 1000 0.8 0.5 0.4 1 0.8
0.99866831023246 0.504726329686755 "experimento_1" 1 500 1000 0.8 0.5 0.4 1 0.8
0.997792105656117 0.501174100221622 "experimento_1" 1 500 1000 0.8 0.5 0.4 1 0.8
0.994105445686728 0.596782466260873 "experimento_1" 1 500 1000 0.8 0.5 0.4 1 0.8
0.998773369472474 0.55716620762158 "experimento_1" 1 500 1000 0.8 0.5 0.4 1 0.8
0.995966362766922 0.460436558833797 "experimento_1" 1 500 1000 0.8 0.5 0.4 1 0.8
0.99329409468919 0.469773636789606 "experimento_1" 1 500 1000 0.8 0.5 0.4 1 0.8
0.983035617507994 0.512471963163414 "experimento_1" 1 500 1000 0.8 0.5 0.4 1 0.8
0.987128895241767 0.558005614273264 "experimento_1" 1 500 1000 0.8 0.5 0.4 1 0.8
0.986789499409497 0.495052637737346 "experimento_1" 1 500 1000 0.8 0.5 0.4 1 0.8
0.981247019954026 0.473147955889377 "experimento_1" 1 500 1000 0.8 0.5 0.4 1 0.8
1.13082922715694 0.477756647837003 "experimento_1" 1 500 1000 0.8 0.5 0.4 1 0.8
0.987994007766247 0.462865939398869 "experimento_1" 1 500 1000 0.8 0.5 0.4 1 0.8
0.984394874656573 0.579922904224187 "experimento_1" 1 500 1000 0.8 0.5 0.4 1 0.8
0.979601359693334 0.527566261026404 "experimento_1" 1 500 1000 0.8 0.5 0.4 1 0.8
0.999422848457471 0.451708787254087 "experimento_1" 1 500 1000 0.8 0.5 0.4 1 0.8
1.03337296466153 0.456156831128184 "experimento_1" 1 500 1000 0.8 0.5 0.4 1 0.8
0.995406796690077 0.413126600042819 "experimento_1" 1 500 1000 0.8 0.5 0.4 1 0.8
0.985792826628312 0.568667760722704 "experimento_1" 1 500 1000 0.8 0.5 0.4 1 0.8
0.999487754423171 0.50936080599411 "experimento_1" 1 500 1000 0.8 0.5 0.4 1 0.8
0.987817210610956 0.478514021893574 "experimento_1" 1 500 1000 0.8 0.5 0.4 1 0.8
0.977937022224069 0.631801410747652 "experimento_1" 1 500 1000 0.8 0.5 0.4 1 0.8
0.997583564370871 0.518370688526297 "experimento_1" 1 500 1000 0.8 0.5 0.4 1 0.8
1.04383686184883 0.500313337431853 "experimento_1" 1 500 1000 0.8 0.5 0.4 1 0.8
1.00578084179724 0.512081393852285 "experimento_1" 1 500 1000 0.8 0.5 0.4 1 0.8
0.998393402667716 0.507449840746274 "experimento_1" 1 500 1000 0.8 0.5 0.4 1 0.8
0.987782608019188 0.594430811631753 "experimento_1" 1 500 1000 0.8 0.5 0.4 1 0.8
0.980376146035269 0.505137477524719 "experimento_1" 1 500 1000 0.8 0.5 0.4 1 0.8
0.996422956930473 0.548113451226916 "experimento_1" 1 500 1000 0.8 0.5 0.4 1 0.8
1.00248664896935 0.453727833098278 "experimento_1" 1 500 1000 0.8 0.5 0.4 1 0.8
0.993613227503374 0.487685091439087 "experimento_1" 1 500 1000 0.8 0.5 0.4 1 0.8
0.99754618993029 0.56545774086158 "experimento_1" 1 500 1000 0.8 0.5 0.4 1 0.8
0.991489589912817 0.399210644514053 "experimento_1" 1 500 1000 0.8 0.5 0.4 1 0.8
0.994448950979859 0.496807639405982 "experimento_1" 1 500 1000 0.8 0.5 0.4 1 0.8
1.00785770826042 0.446256807278617 "experimento_1" 1 500 1000 0.8 0.5 0.4 1 0.8
0.98041520640254 0.434978077079395 "experimento_1" 1 500 1000 0.8 0.5 0.4 1 0.8
0.998453645734116 0.495160074593615 "experimento_1" 1 500 1000 0.8 0.5 0.4 1 0.8
0.980601067887619 0.609920090041016 "experimento_1" 1 500 1000 0.8 0.5 0.4 1 0.8
0.988096073037013 0.449031889343238 "experimento_1" 1 500 1000 0.8 0.5 0.4 1 0.8
0.994222743436694 0.530466952498298 "experimento_1" 1 500 1000 0.8 0.5 0.4 1 0.8
0.99753685365431 0.474521539305228 "experimento_1" 1 500 1000 0.8 0.5 0.4 1 0.8
1.26729690987894 0.481187976193933 "experimento_1" 1 500 1000 0.8 0.5 0.4 1 0.8
0.978603855473921 0.520709777444899 "experimento_1" 1 500 1000 0.8 0.5 0.4 1 0.8
0.982463377760723 0.474860592712293 "experimento_1" 1 500 1000 0.8 0.5 0.4 1 0.8
1.72865694016218 0.370518284584868 "experimento_1" 1 500 1000 0.8 0.5 0.4 1 0.8
1.11462652031332 0.55102134457815 "experimento_1" 1 500 1000 0.8 0.5 0.4 1 0.8
0.968242000089958 0.543365823811586 "experimento_1" 1 500 1000 0.8 0.5 0.4 1 0.8
1.02814241033047 0.497872895005719 "experimento_1" 1 500 1000 0.8 0.5 0.4 1 0.8
0.949504918884486 0.483811981038226 "experimento_1" 1 500 1000 0.8 0.5 0.4 1 0.8
0.999313195236027 0.505497783756035 "experimento_1" 1 500 1000 0.8 0.5 0.4 1 0.8
0.978978713508695 0.565799504176092 "experimento_1" 1 500 1000 0.8 0.5 0.4 1 0.8
0.971811075462028 0.587575938030158 "experimento_1" 1 500 1000 0.8 0.5 0.4 1 0.8
0.966928720939904 0.485831921016349 "experimento_1" 1 500 1000 0.8 0.5 0.4 1 0.8
0.996166423894465 0.506550108936518 "experimento_1" 1 500 1000 0.8 0.5 0.4 1 0.8
0.998496780870482 0.510464452459064 "experimento_1" 1 500 1000 0.8 0.5 0.4 1 0.8
0.968216303735971 0.580612631953762 "experimento_1" 1 500 1000 0.8 0.5 0.4 1 0.8
0.991611708886921 0.546651135747912 "experimento_1" 1 500 1000 0.8 0.5 0.4 1 0.8
1.07990770477356 0.428547413220817 "experimento_1" 1 500 1000 0.8 0.5 0.4 1 0.8
0.987449288833886 0.51556797172569 "experimento_1" 1 500 1000 0.8 0.5 0.4 1 0.8
0.989162456942722 0.565952381410015 "experimento_1" 1 500 1000 0.8 0.5 0.4 1 0.8
1.00143164582551 0.535871427413666 "experimento_1" 1 500 1000 0.8 0.5 0.4 1 0.8
0.991593506187201 0.574317153202631 "experimento_1" 1 500 1000 0.8 0.5 0.4 1 0.8
0.999481565319002 0.462179866074217 "experimento_1" 1 500 1000 0.8 0.5 0.4 1 0.8
0.998348283581436 0.464836883068865 "experimento_1" 1 500 1000 0.8 0.5 0.4 1 0.8
1.03458249568939 0.489337546427209 "experimento_1" 1 500 1000 0.8 0.5 0.4 1 0.8
1.04756322223693 0.449667528687352 "experimento_1" 1 500 1000 0.8 0.5 0.4 1 0.8
0.997890444705263 0.49068892266086 "experimento_1" 1 500 1000 0.8 0.5 0.4 1 0.8
0.990698349429294 0.587753097111301 "experimento_1" 1 500 1000 0.8 0.5 0.4 1 0.8
1.08468341547996 0.498180781193194 "experimento_1" 1 500 1000 0.8 0.5 0.4 1 0.8
0.992183038033545 0.578756204351345 "experimento_1" 1 500 1000 0.8 0.5 0.4 1 0.8
0.999322341987863 0.505942041628314 "experimento_1" 1 500 1000 0.8 0.5 0.4 1 0.8
0.980791525449604 0.463307225955891 "experimento_1" 1 500 1000 0.8 0.5 0.4 1 0.8
0.979376908391714 0.508484678529157 "experimento_1" 1 500 1000 0.8 0.5 0.4 1 0.8
0.9783482728526 0.589204417905151 "experimento_1" 1 500 1000 0.8 0.5 0.4 1 0.8
0.974816508591175 0.560511758084859 "experimento_1" 1 500 1000 0.8 0.5 0.4 1 0.8
0.985495029482991 0.596008632308602 "experimento_1" 1 500 1000 0.8 0.5 0.4 1 0.8
0.966658658348024 0.531362152554559 "experimento_1" 1 500 1000 0.8 0.5 0.4 1 0.8
0.978012808132917 0.536055270744769 "experimento_1" 1 500 1000 0.8 0.5 0.4 1 0.8
0.983725001569837 0.542693904384292 "experimento_1" 1 500 1000 0.8 0.5 0.4 1 0.8
1.06111085837548 0.599909717979102 "experimento_1" 1 500 1000 0.8 0.5 0.4 1 0.8
0.992594839306548 0.593513753406505 "experimento_1" 1 500 1000 0.8 0.5 0.4 1 0.8
0.971214426681399 0.446700251153131 "experimento_1" 1 500 1000 0.8 0.5 0.4 1 0.8
0.981000673957169 0.534097967659291 "experimento_1" 1 500 1000 0.8 0.5 0.4 1 0.8
0.996423078933731 0.560253416899276 "experimento_1" 1 500 1000 0.8 0.5 0.4 1 0.8
0.968105693347752 0.576580591388021 "experimento_1" 1 500 1000 0.8 0.5 0.4 1 0.8
0.977907120017335 0.600386137747893 "experimento_1" 1 500 1000 0.8 0.5 0.4 1 0.8
0.980962225468829 0.59379392683247 "experimento_1" 1 500 1000 0.8 0.5 0.4 1 0.8
0.992919725133106 0.535177617253411 "experimento_1" 1 500 1000 0.8 0.5 0.4 1 0.8
0.990678000962362 0.580521611424372 "experimento_1" 1 500 1000 0.8 0.5 0.4 1 0.8
0.988011026522145 0.506143401255631 "experimento_1" 1 500 1000 0.8 0.5 0.4 1 0.8
0.973920368822291 0.539143907887158 "experimento_1" 1 500 1000 0.8 0.5 0.4 1 0.8
0.993851169012487 0.457502182541819 "experimento_1" 1 500 1000 0.8 0.5 0.4 1 0.8
0.991441221907735 0.515674858813572 "experimento_1" 1 500 1000 0.8 0.5 0.4 1 0.8
1.12992994424565 0.586617320706923 "experimento_1" 1 500 1000 0.8 0.5 0.4 1 0.8
1.18441054614086 0.443045449238169 "experimento_1" 1 500 1000 0.8 0.5 0.4 1 0.8
0.997579244663939 0.486738311015541 "experimento_1" 1 500 1000 0.8 0.5 0.4 1 0.8
0.985630462411791 0.53820347313696 "experimento_1" 1 500 1000 0.8 0.5 0.4 1 0.8
0.998226796742529 0.532671179882296 "experimento_1" 1 500 1000 0.8 0.5 0.4 1 0.8
0.982104712864384 0.522050769228296 "experimento_1" 1 500 1000 0.8 0.5 0.4 1 0.8
0.984532347880304 0.482122759031302 "experimento_1" 1 500 1000 0.8 0.5 0.4 1 0.8
1.36191729363054 0.409203438676686 "experimento_1" 1 500 1000 0.8 0.5 0.4 1 0.8
0.997998300474137 0.555497402908095 "experimento_1" 1 500 1000 0.8 0.5 0.4 1 0.8
0.992184047820047 0.507998042754959 "experimento_1" 1 500 1000 0.8 0.5 0.4 1 0.8
0.987563817063347 0.484104552391255 "experimento_1" 1 500 1000 0.8 0.5 0.4 1 0.8
0.978475115494803 0.556969781220521 "experimento_1" 1 500 1000 0.8 0.5 0.4 1 0.8
1.71866414323449 0.459792116951981 "experimento_1" 1 500 1000 0.8 0.5 0.4 1 0.8
0.975497209466994 0.564392947419458 "experimento_1" 1 500 1000 0.8 0.5 0.4 1 0.8
0.986707703908905 0.550360906094925 "experimento_1" 1 500 1000 0.8 0.5 0.4 1 0.8
0.995335014304146 0.552102306320715 "experimento_1" 1 500 1000 0.8 0.5 0.4 1 0.8
0.959931379649788 0.600589672665507 "experimento_1" 1 500 1000 0.8 0.5 0.4 1 0.8
0.997478977078572 0.480234912305039 "experimento_1" 1 500 1000 0.8 0.5 0.4 1 0.8
0.980376745807007 0.529390679115613 "experimento_1" 1 500 1000 0.8 0.5 0.4 1 0.8
1.00122631629201 0.535878796754032 "experimento_1" 1 500 1000 0.8 0.5 0.4 1 0.8
0.994829369476065 0.515212291007447 "experimento_1" 1 500 1000 0.8 0.5 0.4 1 0.8
1.09538808092475 0.552345442296318 "experimento_1" 1 500 1000 0.8 0.5 0.4 1 0.8
0.950028983410448 0.495310582115787 "experimento_1" 1 500 1000 0.8 0.5 0.4 1 0.8
1.01968530472368 0.523983229711216 "experimento_1" 1 500 1000 0.8 0.5 0.4 1 0.8
1.00511653907597 0.495717688542865 "experimento_1" 1 500 1000 0.8 0.5 0.4 1 0.8
0.978182367514819 0.50918385309151 "experimento_1" 1 500 1000 0.8 0.5 0.4 1 0.8
0.981213893741369 0.555132730061604 "experimento_1" 1 500 1000 0.8 0.5 0.4 1 0.8
1.58070212323219 0.5653863812909 "experimento_1" 1 500 1000 0.8 0.5 0.4 1 0.8
1.00060880056521 0.491833290309041 "experimento_1" 1 500 1000 0.8 0.5 0.4 1 0.8
0.990327719133347 0.674205903298909 "experimento_1" 1 500 1000 0.8 0.5 0.4 1 0.8
0.977669124025851 0.534481282436406 "experimento_1" 1 500 1000 0.8 0.5 0.4 1 0.8
0.993733814451844 0.493614467163156 "experimento_1" 1 500 1000 0.8 0.5 0.4 1 0.8
0.981137935537845 0.52161015417257 "experimento_1" 1 500 1000 0.8 0.5 0.4 1 0.8
0.998238090192899 0.527317816324359 "experimento_1" 1 500 1000 0.8 0.5 0.4 1 0.8
0.989890975411981 0.463985808737952 "experimento_1" 1 500 1000 0.8 0.5 0.4 1 0.8
0.984747318550944 0.47522430044175 "experimento_1" 1 500 1000 0.8 0.5 0.4 1 0.8
0.993248329497874 0.506301057637197 "experimento_1" 1 500 1000 0.8 0.5 0.4 1 0.8
1.02612963225693 0.577132570122125 "experimento_1" 1 500 1000 0.8 0.5 0.4 1 0.8
1.00784323364496 0.474927019167886 "experimento_1" 1 500 1000 0.8 0.5 0.4 1 0.8
0.997279808158055 0.570140459198625 "experimento_1" 1 500 1000 0.8 0.5 0.4 1 0.8
0.982426267815754 0.480964977280554 "experimento_1" 1 500 1000 0.8 0.5 0.4 1 0.8
0.966943891253322 0.507144017786695 "experimento_1" 1 500 1000 0.8 0.5 0.4 1 0.8
0.984512696275488 0.471984105464121 "experimento_1" 1 500 1000 0.8 0.5 0.4 1 0.8
0.983096710639074 0.5489280642917 "experimento_1" 1 500 1000 0.8 0.5 0.4 1 0.8
0.997713765362278 0.576212875410726 "experimento_1" 1 500 1000 0.8 0.5 0.4 1 0.8
0.997413682984188 0.479844503642848 "experimento_1" 1 500 1000 0.8 0.5 0.4 1 0.8
1.0042820744673 0.348994277942497 "experimento_1" 1 500 1000 0.8 0.5 0.4 1 0.8
1.60716612357646 0.435368496777925 "experimento_1" 1 500 1000 0.8 0.5 0.4 1 0.8
1.02732848995218 0.560028483163351 "experimento_1" 1 500 1000 0.8 0.5 0.4 1 0.8
0.986250206362456 0.64243692843484 "experimento_1" 1 500 1000 0.8 0.5 0.4 1 0.8
0.954403777606785 0.552818853507296 "experimento_1" 1 500 1000 0.8 0.5 0.4 1 0.8
0.997233043424785 0.512466299503067 "experimento_1" 1 500 1000 0.8 0.5 0.4 1 0.8
0.994412392145023 0.459971378281317 "experimento_1" 1 500 1000 0.8 0.5 0.4 1 0.8
0.998625728068873 0.475486806616303 "experimento_1" 1 500 1000 0.8 0.5 0.4 1 0.8
0.986702363006771 0.457953686557811 "experimento_1" 1 500 1000 0.8 0.5 0.4 1 0.8
0.987619540886953 0.593410766702308 "experimento_1" 1 500 1000 0.8 0.5 0.4 1 0.8
1.12668485716517 0.536244559172596 "experimento_1" 1 500 1000 0.8 0.5 0.4 1 0.8
0.997939855558798 0.477055119865314 "experimento_1" 1 500 1000 0.8 0.5 0.4 1 0.8
0.998677500756457 0.512511289497639 "experimento_1" 1 500 1000 0.8 0.5 0.4 1 0.8
0.987416861113161 0.565113953395609 "experimento_1" 1 500 1000 0.8 0.5 0.4 1 0.8
0.999601821415126 0.475685999757312 "experimento_1" 1 500 1000 0.8 0.5 0.4 1 0.8
0.990929572843015 0.528568585342299 "experimento_1" 1 500 1000 0.8 0.5 0.4 1 0.8
0.981736172689125 0.539954276064782 "experimento_1" 1 500 1000 0.8 0.5 0.4 1 0.8
1.0331123881042 0.426714577265426 "experimento_1" 1 500 1000 0.8 0.5 0.4 1 0.8
1.03747998457402 0.531699769737736 "experimento_1" 1 500 1000 0.8 0.5 0.4 1 0.8
0.986599255586043 0.518097511808413 "experimento_1" 1 500 1000 0.8 0.5 0.4 1 0.8
0.994349983986467 0.507537161880172 "experimento_1" 1 500 1000 0.8 0.5 0.4 1 0.8
0.983337503392249 0.536917805795989 "experimento_1" 1 500 1000 0.8 0.5 0.4 1 0.8
0.994595627300441 0.474327546001329 "experimento_1" 1 500 1000 0.8 0.5 0.4 1 0.8
0.99975363095291 0.455940334556853 "experimento_1" 1 500 1000 0.8 0.5 0.4 1 0.8
0.990359247429296 0.514574862633922 "experimento_1" 1 500 1000 0.8 0.5 0.4 1 0.8
0.994099156465381 0.477384161590197 "experimento_1" 1 500 1000 0.8 0.5 0.4 1 0.8
0.985573220765218 0.550644930796615 "experimento_1" 1 500 1000 0.8 0.5 0.4 1 0.8
0.991270218044519 0.51588887761997 "experimento_1" 1 500 1000 0.8 0.5 0.4 1 0.8
0.989870117045939 0.493883212600701 "experimento_1" 1 500 1000 0.8 0.5 0.4 1 0.8
0.989971925271675 0.540961171495566 "experimento_1" 1 500 1000 0.8 0.5 0.4 1 0.8
1.03270222354075 0.515938405312969 "experimento_1" 1 500 1000 0.8 0.5 0.4 1 0.8
1.09331467802434 0.580790480839117 "experimento_1" 1 500 1000 0.8 0.5 0.4 1 0.8
0.988698001019657 0.47037103207011 "experimento_1" 1 500 1000 0.8 0.5 0.4 1 0.8
1.05387480601277 0.402356080392479 "experimento_1" 1 500 1000 0.8 0.5 0.4 1 0.8
0.975440157810226 0.432083802513823 "experimento_1" 1 500 1000 0.8 0.5 0.4 1 0.8
0.996462875977159 0.581640002982684 "experimento_1" 1 500 1000 0.8 0.5 0.4 1 0.8
0.98476903187111 0.568962615926055 "experimento_1" 1 500 1000 0.8 0.5 0.4 1 0.8
0.976891190279275 0.470054841597436 "experimento_1" 1 500 1000 0.8 0.5 0.4 1 0.8
1.26225873083069 0.464503284550152 "experimento_1" 1 500 1000 0.8 0.5 0.4 1 0.8
0.982349455123767 0.451133517091687 "experimento_1" 1 500 1000 0.8 0.5 0.4 1 0.8
0.994279293343425 0.534225805968817 "experimento_1" 1 500 1000 0.8 0.5 0.4 1 0.8
0.960128266364336 0.688929878751457 "experimento_1" 1 500 1000 0.8 0.5 0.4 1 0.8
0.991779877105728 0.439812535508875 "experimento_1" 1 500 1000 0.8 0.5 0.4 1 0.8
0.970044874818996 0.515647180367287 "experimento_1" 1 500 1000 0.8 0.5 0.4 1 0.8
0.999485852429643 0.558796157978262 "experimento_1" 1 500 1000 0.8 0.5 0.4 1 0.8
0.982893630862236 0.4957836496996 "experimento_1" 1 500 1000 0.8 0.5 0.4 1 0.8
0.998873551376164 0.451426459613092 "experimento_1" 1 500 1000 0.8 0.5 0.4 1 0.8
0.983387686312199 0.527936210822212 "experimento_1" 1 500 1000 0.8 0.5 0.4 1 0.8
1.00856509271938 0.486347503297047 "experimento_1" 1 500 1000 0.8 0.5 0.4 1 0.8
0.998224574374035 0.502089748900804 "experimento_1" 1 500 1000 0.8 0.5 0.4 1 0.8
0.987698931014165 0.519646331182868 "experimento_1" 1 500 1000 0.8 0.5 0.4 1 0.8
1.03355714729301 0.45420235064209 "experimento_1" 1 500 1000 0.8 0.5 0.4 1 0.8
0.999787738313898 0.508746086289143 "experimento_1" 1 500 1000 0.8 0.5 0.4 1 0.8
0.999431802658364 0.437277074646708 "experimento_1" 1 500 1000 0.8 0.5 0.4 1 0.8
1.00941847264767 0.489349621392118 "experimento_1" 1 500 1000 0.8 0.5 0.4 1 0.8
0.990260321181267 0.484047509149545 "experimento_1" 1 500 1000 0.8 0.5 0.4 1 0.8
1.28002377839877 0.433422049994273 "experimento_1" 1 500 1000 0.8 0.5 0.4 1 0.8
0.996540921274573 0.57494137607099 "experimento_1" 1 500 1000 0.8 0.5 0.4 1 0.8
0.973051572917029 0.570347909454184 "experimento_1" 1 500 1000 0.8 0.5 0.4 1 0.8
0.987791240448132 0.428608685772589 "experimento_1" 1 500 1000 0.8 0.5 0.4 1 0.8
0.982170998584479 0.501513685332165 "experimento_1" 1 500 1000 0.8 0.5 0.4 1 0.8
1.03628980088979 0.462132827628776 "experimento_1" 1 500 1000 0.8 0.5 0.4 1 0.8
0.998097343603149 0.478557957252234 "experimento_1" 1 500 1000 0.8 0.5 0.4 1 0.8
0.982859753770754 0.563411383123523 "experimento_1" 1 500 1000 0.8 0.5 0.4 1 0.8
0.983491575578228 0.504423141083548 "experimento_1" 1 500 1000 0.8 0.5 0.4 1 0.8
0.964116080431268 0.585355252885215 "experimento_1" 1 500 1000 0.8 0.5 0.4 1 0.8
0.978856593370438 0.485932165451676 "experimento_1" 1 500 1000 0.8 0.5 0.4 1 0.8
1.25193149317056 0.491722456160648 "experimento_1" 1 500 1000 0.8 0.5 0.4 1 0.8
0.997265650425106 0.572697623374873 "experimento_1" 1 500 1000 0.8 0.5 0.4 1 0.8
0.991228554164991 0.625664377772906 "experimento_1" 1 500 1000 0.8 0.5 0.4 1 0.8
0.989614581689239 0.491548903633175 "experimento_1" 1 500 1000 0.8 0.5 0.4 1 0.8
0.994416001485661 0.405771763363816 "experimento_1" 1 500 1000 0.8 0.5 0.4 1 0.8
1.02592067842677 0.512168525802889 "experimento_1" 1 500 1000 0.8 0.5 0.4 1 0.8
0.969033639412373 0.595254481786457 "experimento_1" 1 500 1000 0.8 0.5 0.4 1 0.8
0.992406423669308 0.463498559643569 "experimento_1" 1 500 1000 0.8 0.5 0.4 1 0.8
0.995198173914105 0.508211408610167 "experimento_1" 1 500 1000 0.8 0.5 0.4 1 0.8
0.989728435641155 0.536362873760113 "experimento_1" 1 500 1000 0.8 0.5 0.4 1 0.8
1.15261610217263 0.517258985908702 "experimento_1" 1 500 1000 0.8 0.5 0.4 1 0.8
1.01979201287031 0.485680250310701 "experimento_1" 1 500 1000 0.8 0.5 0.4 1 0.8
1.01294948907766 0.44017504364325 "experimento_1" 1 500 1000 0.8 0.5 0.4 1 0.8
1.00884739961475 0.524640447603811 "experimento_1" 1 500 1000 0.8 0.5 0.4 1 0.8
1.08263142468462 0.57556952937317 "experimento_1" 1 500 1000 0.8 0.5 0.4 1 0.8
1.0688655579096 0.500901525038638 "experimento_1" 1 500 1000 0.8 0.5 0.4 1 0.8
1.00633278582245 0.424788008318522 "experimento_1" 1 500 1000 0.8 0.5 0.4 1 0.8
1.05456516891718 0.633424579352239 "experimento_1" 1 500 1000 0.8 0.5 0.4 1 0.8
0.991606699069962 0.563975581004595 "experimento_1" 1 500 1000 0.8 0.5 0.4 1 0.8
1.00073328041806 0.590962427227214 "experimento_1" 1 500 1000 0.8 0.5 0.4 1 0.8
0.994808529503644 0.418418529250925 "experimento_1" 1 500 1000 0.8 0.5 0.4 1 0.8
0.997304151766002 0.574042408085662 "experimento_1" 1 500 1000 0.8 0.5 0.4 1 0.8
0.982534872367978 0.565189399202169 "experimento_1" 1 500 1000 0.8 0.5 0.4 1 0.8
0.999376049498096 0.540924236462948 "experimento_1" 1 500 1000 0.8 0.5 0.4 1 0.8
0.993291866732761 0.500783914458127 "experimento_1" 1 500 1000 0.8 0.5 0.4 1 0.8
0.987678403034806 0.507144548998942 "experimento_1" 1 500 1000 0.8 0.5 0.4 1 0.8
0.999358478467911 0.472611771568274 "experimento_1" 1 500 1000 0.8 0.5 0.4 1 0.8
0.993502107681707 0.501804776259497 "experimento_1" 1 500 1000 0.8 0.5 0.4 1 0.8
0.996323367813602 0.46366313157939 "experimento_1" 1 500 1000 0.8 0.5 0.4 1 0.8
1.03171919938177 0.466851478590749 "experimento_1" 1 500 1000 0.8 0.5 0.4 1 0.8
0.983677158132195 0.486972250417171 "experimento_1" 1 500 1000 0.8 0.5 0.4 1 0.8
1.16174362250872 0.482883897627734 "experimento_1" 1 500 1000 0.8 0.5 0.4 1 0.8
1.01031004264951 0.447732998097998 "experimento_1" 1 500 1000 0.8 0.5 0.4 1 0.8
0.999020128045231 0.44910494768523 "experimento_1" 1 500 1000 0.8 0.5 0.4 1 0.8
0.98801057250239 0.560480900061863 "experimento_1" 1 500 1000 0.8 0.5 0.4 1 0.8
0.982448375318199 0.583806160726102 "experimento_1" 1 500 1000 0.8 0.5 0.4 1 0.8
0.996052264235914 0.481735210310941 "experimento_1" 1 500 1000 0.8 0.5 0.4 1 0.8
0.996636389289051 0.49130668849284 "experimento_1" 1 500 1000 0.8 0.5 0.4 1 0.8
0.991958057507873 0.416765962410075 "experimento_1" 1 500 1000 0.8 0.5 0.4 1 0.8
0.979890920687467 0.554776138152149 "experimento_1" 1 500 1000 0.8 0.5 0.4 1 0.8
0.992054144386202 0.543651709308488 "experimento_1" 1 500 1000 0.8 0.5 0.4 1 0.8
0.988795351935551 0.492551542821975 "experimento_1" 1 500 1000 0.8 0.5 0.4 1 0.8
0.999405375914648 0.500926909387226 "experimento_1" 1 500 1000 0.8 0.5 0.4 1 0.8
0.99996316852048 0.50627634636589 "experimento_1" 1 500 1000 0.8 0.5 0.4 1 0.8
0.996034880401567 0.461269865321324 "experimento_1" 1 500 1000 0.8 0.5 0.4 1 0.8
0.973931351909414 0.630609877321679 "experimento_1" 1 500 1000 0.8 0.5 0.4 1 0.8
1.28994489274919 0.414013539671829 "experimento_1" 1 500 1000 0.8 0.5 0.4 1 0.8
0.995766334235668 0.503309536495331 "experimento_1" 1 500 1000 0.8 0.5 0.4 1 0.8
0.966811647871509 0.555372938375303 "experimento_1" 1 500 1000 0.8 0.5 0.4 1 0.8
0.999460122780874 0.430147830636353 "experimento_1" 1 500 1000 0.8 0.5 0.4 1 0.8
1.03530501731656 0.572192229072606 "experimento_1" 1 500 1000 0.8 0.5 0.4 1 0.8
1.02368217717924 0.500920953415007 "experimento_1" 1 500 1000 0.8 0.5 0.4 1 0.8
0.987519438844174 0.564262589992388 "experimento_1" 1 500 1000 0.8 0.5 0.4 1 0.8
0.988405872602016 0.516796850263336 "experimento_1" 1 500 1000 0.8 0.5 0.4 1 0.8
1.02789010759443 0.467202639977507 "experimento_1" 1 500 1000 0.8 0.5 0.4 1 0.8
1.1402647851073 0.406042694831474 "experimento_1" 1 500 1000 0.8 0.5 0.4 1 0.8
0.997405987698585 0.547946692439684 "experimento_1" 1 500 1000 0.8 0.5 0.4 1 0.8
0.994193462654948 0.564003200054097 "experimento_1" 1 500 1000 0.8 0.5 0.4 1 0.8
0.992479798384011 0.597124322701293 "experimento_1" 1 500 1000 0.8 0.5 0.4 1 0.8
0.998413242166862 0.491601868556174 "experimento_1" 1 500 1000 0.8 0.5 0.4 1 0.8
1.06552946101874 0.441071233172819 "experimento_1" 1 500 1000 0.8 0.5 0.4 1 0.8
0.985012258403003 0.485158686456767 "experimento_1" 1 500 1000 0.8 0.5 0.4 1 0.8
0.988970852689818 0.537874027857954 "experimento_1" 1 500 1000 0.8 0.5 0.4 1 0.8
0.996402044780552 0.474111985856456 "experimento_1" 1 500 1000 0.8 0.5 0.4 1 0.8
0.973020957084373 0.488152401984356 "experimento_1" 1 500 1000 0.8 0.5 0.4 1 0.8
0.995727002387866 0.519210213043386 "experimento_1" 1 500 1000 0.8 0.5 0.4 1 0.8
1.16241740528494 0.511560888277225 "experimento_1" 1 500 1000 0.8 0.5 0.4 1 0.8
0.973399429349229 0.535232556451339 "experimento_1" 1 500 1000 0.8 0.5 0.4 1 0.8
0.974277290282771 0.507196456896715 "experimento_1" 1 500 1000 0.8 0.5 0.4 1 0.8
0.994735921965912 0.464312136574335 "experimento_1" 1 500 1000 0.8 0.5 0.4 1 0.8
0.998850093455985 0.489285204845288 "experimento_1" 1 500 1000 0.8 0.5 0.4 1 0.8
0.98146141320467 0.60390066130304 "experimento_1" 1 500 1000 0.8 0.5 0.4 1 0.8
0.972844734787941 0.519434666601842 "experimento_1" 1 500 1000 0.8 0.5 0.4 1 0.8
0.981607830850407 0.460784227322525 "experimento_1" 1 500 1000 0.8 0.5 0.4 1 0.8
0.989405081607401 0.482692387674698 "experimento_1" 1 500 1000 0.8 0.5 0.4 1 0.8
1.00204018969089 0.454977518529319 "experimento_1" 1 500 1000 0.8 0.5 0.4 1 0.8
0.994750648271292 0.448743217163424 "experimento_1" 1 500 1000 0.8 0.5 0.4 1 0.8
1.23598010653771 0.469611946311057 "experimento_1" 1 500 1000 0.8 0.5 0.4 1 0.8
1.00022518914193 0.422025761498208 "experimento_1" 1 500 1000 0.8 0.5 0.4 1 0.8
0.99763857992366 0.520480421391892 "experimento_1" 1 500 1000 0.8 0.5 0.4 1 0.8
0.99417276121676 0.508508353556946 "experimento_1" 1 500 1000 0.8 0.5 0.4 1 0.8
1.19860490378854 0.443075696813608 "experimento_1" 1 500 1000 0.8 0.5 0.4 1 0.8
0.992390935309231 0.465576639002309 "experimento_1" 1 500 1000 0.8 0.5 0.4 1 0.8
0.996729110367596 0.484063595339484 "experimento_1" 1 500 1000 0.8 0.5 0.4 1 0.8
1.00333398859948 0.554188483501624 "experimento_1" 1 500 1000 0.8 0.5 0.4 1 0.8
0.991559572517872 0.572770934001321 "experimento_1" 1 500 1000 0.8 0.5 0.4 1 0.8
0.99925513821654 0.445840040603537 "experimento_1" 1 500 1000 0.8 0.5 0.4 1 0.8
0.982970163226128 0.573366063077775 "experimento_1" 1 500 1000 0.8 0.5 0.4 1 0.8
1.05453389765344 0.53382471749412 "experimento_1" 1 500 1000 0.8 0.5 0.4 1 0.8
0.993520620511845 0.540591466886804 "experimento_1" 1 500 1000 0.8 0.5 0.4 1 0.8
0.988743973430246 0.584861550023112 "experimento_1" 1 500 1000 0.8 0.5 0.4 1 0.8
0.994252709904686 0.538765574390719 "experimento_1" 1 500 1000 0.8 0.5 0.4 1 0.8
0.989530346821994 0.564305804163224 "experimento_1" 1 500 1000 0.8 0.5 0.4 1 0.8
0.99451738782227 0.54918348277811 "experimento_1" 1 500 1000 0.8 0.5 0.4 1 0.8
0.997714034980163 0.550029671680359 "experimento_1" 1 500 1000 0.8 0.5 0.4 1 0.8
0.986277490155771 0.536653171858418 "experimento_1" 1 500 1000 0.8 0.5 0.4 1 0.8
0.978455815231428 0.506298914689364 "experimento_1" 1 500 1000 0.8 0.5 0.4 1 0.8
0.994560987688601 0.510692443672899 "experimento_1" 1 500 1000 0.8 0.5 0.4 1 0.8
1.50821727779524 0.440194994736405 "experimento_1" 1 500 1000 0.8 0.5 0.4 1 0.8
0.985390012618154 0.605881728913292 "experimento_1" 1 500 1000 0.8 0.5 0.4 1 0.8
0.999803167069331 0.490768335989296 "experimento_1" 1 500 1000 0.8 0.5 0.4 1 0.8
1.18670462707994 0.438358543270408 "experimento_1" 1 500 1000 0.8 0.5 0.4 1 0.8
0.967081305105239 0.576593833410287 "experimento_1" 1 500 1000 0.8 0.5 0.4 1 0.8
0.99802131485194 0.516805182805825 "experimento_1" 1 500 1000 0.8 0.5 0.4 1 0.8
0.995296304812655 0.48976170694261 "experimento_1" 1 500 1000 0.8 0.5 0.4 1 0.8
0.987652759766206 0.426333279959443 "experimento_1" 1 500 1000 0.8 0.5 0.4 1 0.8
1.02420646511077 0.44121302237968 "experimento_1" 1 500 1000 0.8 0.5 0.4 1 0.8
1.00051584746689 0.607686593832918 "experimento_1" 1 500 1000 0.8 0.5 0.4 1 0.8
0.993677309947088 0.498674131094793 "experimento_1" 1 500 1000 0.8 0.5 0.4 1 0.8
0.980327994795516 0.567792573398793 "experimento_1" 1 500 1000 0.8 0.5 0.4 1 0.8
1.27340301173244 0.489234128051759 "experimento_1" 1 500 1000 0.8 0.5 0.4 1 0.8
0.982453960459679 0.467024204529535 "experimento_1" 1 500 1000 0.8 0.5 0.4 1 0.8
0.999894256936386 0.56730802787505 "experimento_1" 1 500 1000 0.8 0.5 0.4 1 0.8
0.999582759104669 0.512264063584851 "experimento_1" 1 500 1000 0.8 0.5 0.4 1 0.8
0.993543995311484 0.473297602002833 "experimento_1" 1 500 1000 0.8 0.5 0.4 1 0.8
1.16837454587221 0.520411972993189 "experimento_1" 1 500 1000 0.8 0.5 0.4 1 0.8
1.00215575482119 0.492485346929198 "experimento_1" 1 500 1000 0.8 0.5 0.4 1 0.8
0.994774723658338 0.485465146166466 "experimento_1" 1 500 1000 0.8 0.5 0.4 1 0.8
1.25995144271476 0.456349741872525 "experimento_1" 1 500 1000 0.8 0.5 0.4 1 0.8
1.00750394444913 0.530414989789559 "experimento_1" 1 500 1000 0.8 0.5 0.4 1 0.8
0.990882066544145 0.437785529508199 "experimento_1" 1 500 1000 0.8 0.5 0.4 1 0.8
0.966766941361129 0.57248918244861 "experimento_1" 1 500 1000 0.8 0.5 0.4 1 0.8
1.03059878260596 0.637878244214212 "experimento_1" 1 500 1000 0.8 0.5 0.4 1 0.8
0.981685514794663 0.501500407925005 "experimento_1" 1 500 1000 0.8 0.5 0.4 1 0.8
1.0140387089923 0.466672162052556 "experimento_1" 1 500 1000 0.8 0.5 0.4 1 0.8
0.989778835792094 0.577307519977265 "experimento_1" 1 500 1000 0.8 0.5 0.4 1 0.8
0.983056199038401 0.431739733530275 "experimento_1" 1 500 1000 0.8 0.5 0.4 1 0.8
1.06719992123544 0.487146036455641 "experimento_1" 1 500 1000 0.8 0.5 0.4 1 0.8
0.984168206807226 0.485055911546422 "experimento_1" 1 500 1000 0.8 0.5 0.4 1 0.8
0.994809675263241 0.501560522674606 "experimento_1" 1 500 1000 0.8 0.5 0.4 1 0.8
0.998194713843986 0.531812953667697 "experimento_1" 1 500 1000 0.8 0.5 0.4 1 0.8
0.99184515257366 0.510447046772597 "experimento_1" 1 500 1000 0.8 0.5 0.4 1 0.8
1.00912500079721 0.521081411111612 "experimento_1" 1 500 1000 0.8 0.5 0.4 1 0.8
0.977843888802454 0.535580361262902 "experimento_1" 1 500 1000 0.8 0.5 0.4 1 0.8
0.999143515015021 0.462973456951149 "experimento_1" 1 500 1000 0.8 0.5 0.4 1 0.8
0.983389233471826 0.529157065601572 "experimento_1" 1 500 1000 0.8 0.5 0.4 1 0.8
1.00659412637236 0.484493126861953 "experimento_1" 1 500 1000 0.8 0.5 0.4 1 0.8
1.01886318065226 0.516648967955598 "experimento_1" 1 500 1000 0.8 0.5 0.4 1 0.8
0.976135142613202 0.744228339449585 "experimento_1" 1 500 1000 0.8 0.5 0.4 1 0.8
0.997006107121706 0.443234945996893 "experimento_1" 1 500 1000 0.8 0.5 0.4 1 0.8
1.00949492771178 0.554715463642578 "experimento_1" 1 500 1000 0.8 0.5 0.4 1 0.8
0.980793449794874 0.548941227465673 "experimento_1" 1 500 1000 0.8 0.5 0.4 1 0.8
0.975485536968336 0.501247601342071 "experimento_1" 1 500 1000 0.8 0.5 0.4 1 0.8
0.989639130420983 0.49817672775398 "experimento_1" 1 500 1000 0.8 0.5 0.4 1 0.8
0.979120639385656 0.505133096059641 "experimento_1" 1 500 1000 0.8 0.5 0.4 1 0.8
0.984689302975312 0.410385140567938 "experimento_1" 1 500 1000 0.8 0.5 0.4 1 0.8
2.10846467121336 0.350676614296662 "experimento_1" 1 500 1000 0.8 0.5 0.4 1 0.8
0.97862287866883 0.468872844745656 "experimento_1" 1 500 1000 0.8 0.5 0.4 1 0.8
0.98811471182853 0.561115549623013 "experimento_1" 1 500 1000 0.8 0.5 0.4 1 0.8
0.998176699038595 0.604556679688637 "experimento_1" 1 500 1000 0.8 0.5 0.4 1 0.8
0.991655334597453 0.447119215197868 "experimento_1" 1 500 1000 0.8 0.5 0.4 1 0.8
0.986714500933886 0.495531934044881 "experimento_1" 1 500 1000 0.8 0.5 0.4 1 0.8
0.992146254051477 0.54048464668977 "experimento_1" 1 500 1000 0.8 0.5 0.4 1 0.8
1.00028262448255 0.528090939189938 "experimento_1" 1 500 1000 0.8 0.5 0.4 1 0.8
0.979555801255628 0.54809977852373 "experimento_1" 1 500 1000 0.8 0.5 0.4 1 0.8
0.996240048669279 0.48910754046652 "experimento_1" 1 500 1000 0.8 0.5 0.4 1 0.8
1.00597233069137 0.486954150041362 "experimento_1" 1 500 1000 0.8 0.5 0.4 1 0.8
0.987099010962993 0.502764225086498 "experimento_1" 1 500 1000 0.8 0.5 0.4 1 0.8
1.00093610764028 0.423373273012271 "experimento_1" 1 500 1000 0.8 0.5 0.4 1 0.8
0.970804037991911 0.618524802079243 "experimento_1" 1 500 1000 0.8 0.5 0.4 1 0.8
1.00742897016764 0.510289097258922 "experimento_1" 1 500 1000 0.8 0.5 0.4 1 0.8
0.992143458453938 0.66282819222036 "experimento_1" 1 500 1000 0.8 0.5 0.4 1 0.8
0.99113077041693 0.505928401703153 "experimento_1" 1 500 1000 0.8 0.5 0.4 1 0.8
1.03458788226713 0.549179119172593 "experimento_1" 1 500 1000 0.8 0.5 0.4 1 0.8
0.986230209004134 0.481103645869025 "experimento_1" 1 500 1000 0.8 0.5 0.4 1 0.8
0.980100874556229 0.514895353474717 "experimento_1" 1 500 1000 0.8 0.5 0.4 1 0.8
0.974601918132976 0.457886728882249 "experimento_1" 1 500 1000 0.8 0.5 0.4 1 0.8
1.02054243069142 0.507065388264629 "experimento_1" 1 500 1000 0.8 0.5 0.4 1 0.8
0.996379027608782 0.54366582498347 "experimento_1" 1 500 1000 0.8 0.5 0.4 1 0.8
0.986778585938737 0.515105014949927 "experimento_1" 1 500 1000 0.8 0.5 0.4 1 0.8
1.00535344798118 0.520637026132768 "experimento_1" 1 500 1000 0.8 0.5 0.4 1 0.8
0.991617817198858 0.507819574786036 "experimento_1" 1 500 1000 0.8 0.5 0.4 1 0.8
0.992743267444894 0.523904782963661 "experimento_1" 1 500 1000 0.8 0.5 0.4 1 0.8
0.988211005460471 0.510550434544021 "experimento_1" 1 500 1000 0.8 0.5 0.4 1 0.8
0.993356205988675 0.469587419915777 "experimento_1" 1 500 1000 0.8 0.5 0.4 1 0.8
0.999854661989957 0.466966106674179 "experimento_1" 1 500 1000 0.8 0.5 0.4 1 0.8
1.0699762403965 0.43739039231261 "experimento_1" 1 500 1000 0.8 0.5 0.4 1 0.8
0.998958293814212 0.5432130126906 "experimento_1" 1 500 1000 0.8 0.5 0.4 1 0.8
0.995761289028451 0.460186369211781 "experimento_1" 1 500 1000 0.8 0.5 0.4 1 0.8
0.982542394427583 0.53021041378146 "experimento_1" 1 500 1000 0.8 0.5 0.4 1 0.8
0.99288746714592 0.566638869589076 "experimento_1" 1 500 1000 0.8 0.5 0.4 1 0.8
0.980768251931295 0.470143372031178 "experimento_1" 1 500 1000 0.8 0.5 0.4 1 0.8
1.00222443044186 0.447260335427716 "experimento_1" 1 500 1000 0.8 0.5 0.4 1 0.8
1.00563103339503 0.496468898824866 "experimento_1" 1 500 1000 0.8 0.5 0.4 1 0.8
1.07495311833918 0.44185648183613 "experimento_1" 1 500 1000 0.8 0.5 0.4 1 0.8
0.965279682772234 0.588373935993286 "experimento_1" 1 500 1000 0.8 0.5 0.4 1 0.8
1.04482269065823 0.546549733268686 "experimento_1" 1 500 1000 0.8 0.5 0.4 1 0.8
0.961254743393511 0.492142589638806 "experimento_1" 1 500 1000 0.8 0.5 0.4 1 0.8
0.974735455587506 0.562153848959717 "experimento_1" 1 500 1000 0.8 0.5 0.4 1 0.8
0.988250870956108 0.557519279823532 "experimento_1" 1 500 1000 0.8 0.5 0.4 1 0.8
1.00891033590107 0.488419625000957 "experimento_1" 1 500 1000 0.8 0.5 0.4 1 0.8
0.999332220526412 0.493544911752534 "experimento_1" 1 500 1000 0.8 0.5 0.4 1 0.8
0.99515856988728 0.548468454960716 "experimento_1" 1 500 1000 0.8 0.5 0.4 1 0.8
0.988869703607634 0.444149833800169 "experimento_1" 1 500 1000 0.8 0.5 0.4 1 0.8
0.982692257966846 0.570087890707051 "experimento_1" 1 500 1000 0.8 0.5 0.4 1 0.8
0.98513436736539 0.547837217903782 "experimento_1" 1 500 1000 0.8 0.5 0.4 1 0.8
0.988738942658529 0.553734259346478 "experimento_1" 1 500 1000 0.8 0.5 0.4 1 0.8
0.991067019756883 0.435619319101873 "experimento_1" 1 500 1000 0.8 0.5 0.4 1 0.8
0.968205959070474 0.478995834835321 "experimento_1" 1 500 1000 0.8 0.5 0.4 1 0.8
0.994169746525586 0.538558678626951 "experimento_1" 1 500 1000 0.8 0.5 0.4 1 0.8
0.987477423856035 0.455527956295846 "experimento_1" 1 500 1000 0.8 0.5 0.4 1 0.8
0.993284814991057 0.508592181929883 "experimento_1" 1 500 1000 0.8 0.5 0.4 1 0.8
0.98415884305723 0.562858307833714 "experimento_1" 1 500 1000 0.8 0.5 0.4 1 0.8
0.995829483959824 0.468483708782175 "experimento_1" 1 500 1000 0.8 0.5 0.4 1 0.8
1.00680709573034 0.498971756386441 "experimento_1" 1 500 1000 0.8 0.5 0.4 1 0.8
0.991124744992703 0.51236938848165 "experimento_1" 1 500 1000 0.8 0.5 0.4 1 0.8
0.993688634596765 0.556211262543259 "experimento_1" 1 500 1000 0.8 0.5 0.4 1 0.8
1.17586928108193 0.474891657798561 "experimento_1" 1 500 1000 0.8 0.5 0.4 1 0.8
0.993408570997417 0.50694685832573 "experimento_1" 1 500 1000 0.8 0.5 0.4 1 0.8
0.979379953350872 0.531524554295273 "experimento_1" 1 500 1000 0.8 0.5 0.4 1 0.8
0.988731409423053 0.596043133150826 "experimento_1" 1 500 1000 0.8 0.5 0.4 1 0.8
1.0534745857545 0.437749078408496 "experimento_1" 1 500 1000 0.8 0.5 0.4 1 0.8
0.989448386477306 0.587242525189862 "experimento_1" 1 500 1000 0.8 0.5 0.4 1 0.8
0.978149010799825 0.518793581377444 "experimento_1" 1 500 1000 0.8 0.5 0.4 1 0.8
0.99059587251395 0.497202358105801 "experimento_1" 1 500 1000 0.8 0.5 0.4 1 0.8
0.988720614695922 0.509915114372362 "experimento_1" 1 500 1000 0.8 0.5 0.4 1 0.8
1.06481711100787 0.462294457708978 "experimento_1" 1 500 1000 0.8 0.5 0.4 1 0.8
0.992271685274318 0.52197418632774 "experimento_1" 1 500 1000 0.8 0.5 0.4 1 0.8
1.01743107912843 0.468909653618774 "experimento_1" 1 500 1000 0.8 0.5 0.4 1 0.8
0.991572333266959 0.479247855594331 "experimento_1" 1 500 1000 0.8 0.5 0.4 1 0.8
0.973415128421038 0.516124082250939 "experimento_1" 1 500 1000 0.8 0.5 0.4 1 0.8
0.976336153689772 0.613923054871038 "experimento_1" 1 500 1000 0.8 0.5 0.4 1 0.8
0.997984184185043 0.543097559119891 "experimento_1" 1 500 1000 0.8 0.5 0.4 1 0.8
0.968204985139892 0.444787994488536 "experimento_1" 1 500 1000 0.8 0.5 0.4 1 0.8
1.00665515195578 0.483190921937244 "experimento_1" 1 500 1000 0.8 0.5 0.4 1 0.8
1.00583602208644 0.566418474228797 "experimento_1" 1 500 1000 0.8 0.5 0.4 1 0.8
0.96802718588151 0.537280174081719 "experimento_1" 1 500 1000 0.8 0.5 0.4 1 0.8
0.993699538754299 0.514471079954611 "experimento_1" 1 500 1000 0.8 0.5 0.4 1 0.8
0.990052334964275 0.535073991786334 "experimento_1" 1 500 1000 0.8 0.5 0.4 1 0.8
0.973731876118109 0.478577240584345 "experimento_1" 1 500 1000 0.8 0.5 0.4 1 0.8
1.0936863264069 0.500423796488892 "experimento_1" 1 500 1000 0.8 0.5 0.4 1 0.8
0.996562717249617 0.435051978234839 "experimento_1" 1 500 1000 0.8 0.5 0.4 1 0.8
1.00637192651629 0.548389831844125 "experimento_1" 1 500 1000 0.8 0.5 0.4 1 0.8
0.973089907085523 0.577425943807136 "experimento_1" 1 500 1000 0.8 0.5 0.4 1 0.8
0.988101065158844 0.495250625236837 "experimento_1" 1 500 1000 0.8 0.5 0.4 1 0.8
0.999836008762941 0.576086812383466 "experimento_1" 1 500 1000 0.8 0.5 0.4 1 0.8
0.999065706972033 0.54463994126926 "experimento_1" 1 500 1000 0.8 0.5 0.4 1 0.8
0.965326700126752 0.550914525392606 "experimento_1" 1 500 1000 0.8 0.5 0.4 1 0.8
1.00101520400494 0.506586363835148 "experimento_1" 1 500 1000 0.8 0.5 0.4 1 0.8
0.995594703359529 0.541070973194466 "experimento_1" 1 500 1000 0.8 0.5 0.4 1 0.8
0.996263624401763 0.555826337025072 "experimento_1" 1 500 1000 0.8 0.5 0.4 1 0.8
0.997062267037109 0.526962106941219 "experimento_1" 1 500 1000 0.8 0.5 0.4 1 0.8
0.987647302914411 0.523967924201896 "experimento_1" 1 500 1000 0.8 0.5 0.4 1 0.8
0.992051952984184 0.557399388998629 "experimento_1" 1 500 1000 0.8 0.5 0.4 1 0.8
1.02738167177196 0.495058197192634 "experimento_1" 1 500 1000 0.8 0.5 0.4 1 0.8
0.9798516666051 0.559855251576733 "experimento_1" 1 500 1000 0.8 0.5 0.4 1 0.8
1.13345125814867 0.665456594374409 "experimento_1" 1 500 1000 0.8 0.5 0.4 1 0.8
1.02588933857526 0.490976263322627 "experimento_1" 1 500 1000 0.8 0.5 0.4 1 0.8
0.994130061939359 0.542239788475076 "experimento_1" 1 500 1000 0.8 0.5 0.4 1 0.8
1.0043135844171 0.500341075464149 "experimento_1" 1 500 1000 0.8 0.5 0.4 1 0.8
1.13937212255243 0.57208751632384 "experimento_1" 1 500 1000 0.8 0.5 0.4 1 0.8
0.990336251445115 0.549509941008044 "experimento_1" 1 500 1000 0.8 0.5 0.4 1 0.8
0.988118496956304 0.460734256153204 "experimento_1" 1 500 1000 0.8 0.5 0.4 1 0.8
0.981642085360363 0.5764688037815 "experimento_1" 1 500 1000 0.8 0.5 0.4 1 0.8
0.988040739204735 0.593875550440335 "experimento_1" 1 500 1000 0.8 0.5 0.4 1 0.8
0.997844893950969 0.491828473730508 "experimento_1" 1 500 1000 0.8 0.5 0.4 1 0.8
0.972330766264349 0.514919091428469 "experimento_1" 1 500 1000 0.8 0.5 0.4 1 0.8
0.991977719357237 0.551573607466622 "experimento_1" 1 500 1000 0.8 0.5 0.4 1 0.8
1.16373255756232 0.520008238077193 "experimento_1" 1 500 1000 0.8 0.5 0.4 1 0.8
0.994840426370502 0.575672900641007 "experimento_1" 1 500 1000 0.8 0.5 0.4 1 0.8
0.993616416817531 0.508056870309876 "experimento_1" 1 500 1000 0.8 0.5 0.4 1 0.8
0.992303628707305 0.487280046315402 "experimento_1" 1 500 1000 0.8 0.5 0.4 1 0.8
1.15438421579845 0.518570937244766 "experimento_1" 1 500 1000 0.8 0.5 0.4 1 0.8
0.972348745912313 0.432926471244647 "experimento_1" 1 500 1000 0.8 0.5 0.4 1 0.8
0.973618996329606 0.46187899541376 "experimento_1" 1 500 1000 0.8 0.5 0.4 1 0.8
1.15605996439805 0.479296033543543 "experimento_1" 1 500 1000 0.8 0.5 0.4 1 0.8
0.996749032754451 0.663719220123425 "experimento_1" 1 500 1000 0.8 0.5 0.4 1 0.8
1.01733829081059 0.622183709881234 "experimento_1" 1 500 1000 0.8 0.5 0.4 1 0.8
0.99982945737429 0.502294855927473 "experimento_1" 1 500 1000 0.8 0.5 0.4 1 0.8
0.979333275929093 0.542783108638382 "experimento_1" 1 500 1000 0.8 0.5 0.4 1 0.8
0.986398515524343 0.616332740722266 "experimento_1" 1 500 1000 0.8 0.5 0.4 1 0.8
0.991962870117277 0.53672220525093 "experimento_1" 1 500 1000 0.8 0.5 0.4 1 0.8
0.99789507733658 0.622055196908452 "experimento_1" 1 500 1000 0.8 0.5 0.4 1 0.8
0.987533338367939 0.5596671257072 "experimento_1" 1 500 1000 0.8 0.5 0.4 1 0.8
0.994945500511676 0.573166267669285 "experimento_1" 1 500 1000 0.8 0.5 0.4 1 0.8
0.998007629066706 0.493946568677691 "experimento_1" 1 500 1000 0.8 0.5 0.4 1 0.8
0.986695774598047 0.489660159206835 "experimento_1" 1 500 1000 0.8 0.5 0.4 1 0.8
0.990431650076061 0.495478082623671 "experimento_1" 1 500 1000 0.8 0.5 0.4 1 0.8
1.12750566471368 0.372117124437706 "experimento_1" 1 500 1000 0.8 0.5 0.4 1 0.8
0.999598264694214 0.459875990728334 "experimento_1" 1 500 1000 0.8 0.5 0.4 1 0.8
0.9977589501068 0.473819970035725 "experimento_1" 1 500 1000 0.8 0.5 0.4 1 0.8
0.983858403749764 0.526969874824679 "experimento_1" 1 500 1000 0.8 0.5 0.4 1 0.8
1.09038347490773 0.487589351317935 "experimento_1" 1 500 1000 0.8 0.5 0.4 1 0.8
1.03281965922166 0.465886294682757 "experimento_1" 1 500 1000 0.8 0.5 0.4 1 0.8
0.987501004943624 0.496717352529829 "experimento_1" 1 500 1000 0.8 0.5 0.4 1 0.8
0.985521267866716 0.563658205023194 "experimento_1" 1 500 1000 0.8 0.5 0.4 1 0.8
0.994064070517197 0.488044288831365 "experimento_1" 1 500 1000 0.8 0.5 0.4 1 0.8
0.973333347355947 0.571216372090511 "experimento_1" 1 500 1000 0.8 0.5 0.4 1 0.8
0.96807047072798 0.55359526414012 "experimento_1" 1 500 1000 0.8 0.5 0.4 1 0.8
1.12961337622255 0.430108858603352 "experimento_1" 1 500 1000 0.8 0.5 0.4 1 0.8
1.17390847671777 0.569312833953847 "experimento_1" 1 500 1000 0.8 0.5 0.4 1 0.8
0.999026199569926 0.488173105719316 "experimento_1" 1 500 1000 0.8 0.5 0.4 1 0.8
1.04978031554626 0.497301637095305 "experimento_1" 1 500 1000 0.8 0.5 0.4 1 0.8
0.97490140167065 0.47433063833445 "experimento_1" 1 500 1000 0.8 0.5 0.4 1 0.8
0.99946658895351 0.421238958280467 "experimento_1" 1 500 1000 0.8 0.5 0.4 1 0.8
0.997645836789161 0.467767457338297 "experimento_1" 1 500 1000 0.8 0.5 0.4 1 0.8
0.990819303086028 0.547429439616847 "experimento_1" 1 500 1000 0.8 0.5 0.4 1 0.8
0.998642070218921 0.595988826993078 "experimento_1" 1 500 1000 0.8 0.5 0.4 1 0.8
0.994352982612327 0.505805882509372 "experimento_1" 1 500 1000 0.8 0.5 0.4 1 0.8
1.03823251184076 0.484543497362533 "experimento_1" 1 500 1000 0.8 0.5 0.4 1 0.8
0.998514495557174 0.533951484152169 "experimento_1" 1 500 1000 0.8 0.5 0.4 1 0.8
0.998200752772391 0.552846885880478 "experimento_1" 1 500 1000 0.8 0.5 0.4 1 0.8
1.08340183031608 0.409042584887103 "experimento_1" 1 500 1000 0.8 0.5 0.4 1 0.8
0.995084790280089 0.582524711835839 "experimento_1" 1 500 1000 0.8 0.5 0.4 1 0.8
0.996061677578837 0.580747901432862 "experimento_1" 1 500 1000 0.8 0.5 0.4 1 0.8
0.980228522326797 0.542263910564754 "experimento_1" 1 500 1000 0.8 0.5 0.4 1 0.8
0.963428423274308 0.470520146189425 "experimento_1" 1 500 1000 0.8 0.5 0.4 1 0.8
0.979896524688229 0.532993608623137 "experimento_1" 1 500 1000 0.8 0.5 0.4 1 0.8
0.989765068748966 0.518420347838686 "experimento_1" 1 500 1000 0.8 0.5 0.4 1 0.8
0.988170711323619 0.480617406019318 "experimento_1" 1 500 1000 0.8 0.5 0.4 1 0.8
1.03618537258238 0.495767104798668 "experimento_1" 1 500 1000 0.8 0.5 0.4 1 0.8
0.999201888451353 0.524893558830811 "experimento_1" 1 500 1000 0.8 0.5 0.4 1 0.8
0.999668143922463 0.50196778459464 "experimento_1" 1 500 1000 0.8 0.5 0.4 1 0.8
1.2392296474427 0.467253361914591 "experimento_1" 1 500 1000 0.8 0.5 0.4 1 0.8
1.06091318065469 0.510784871643184 "experimento_1" 1 500 1000 0.8 0.5 0.4 1 0.8
1.08266407717019 0.455929157956252 "experimento_1" 1 500 1000 0.8 0.5 0.4 1 0.8
0.979239090112969 0.522656130441268 "experimento_1" 1 500 1000 0.8 0.5 0.4 1 0.8
0.97114090831019 0.57481687765547 "experimento_1" 1 500 1000 0.8 0.5 0.4 1 0.8
0.980803557438776 0.542532436730576 "experimento_1" 1 500 1000 0.8 0.5 0.4 1 0.8
0.989403621526435 0.514352369767467 "experimento_1" 1 500 1000 0.8 0.5 0.4 1 0.8
0.999475613934919 0.464781652493201 "experimento_1" 1 500 1000 0.8 0.5 0.4 1 0.8
1.1015456058085 0.500083508543405 "experimento_1" 1 500 1000 0.8 0.5 0.4 1 0.8
0.997548425104469 0.500681005344779 "experimento_1" 1 500 1000 0.8 0.5 0.4 1 0.8
1.30492923491008 0.459364042039473 "experimento_1" 1 500 1000 0.8 0.5 0.4 1 0.8
0.998496774816886 0.614067639341231 "experimento_1" 1 500 1000 0.8 0.5 0.4 1 0.8
0.998317514313385 0.525238713191131 "experimento_1" 1 500 1000 0.8 0.5 0.4 1 0.8
0.986830756533891 0.421857201319722 "experimento_1" 1 500 1000 0.8 0.5 0.4 1 0.8
0.992111247964203 0.478060679566609 "experimento_1" 1 500 1000 0.8 0.5 0.4 1 0.8
0.979098993586376 0.555478465124771 "experimento_1" 1 500 1000 0.8 0.5 0.4 1 0.8
0.99927099281922 0.467748140909578 "experimento_1" 1 500 1000 0.8 0.5 0.4 1 0.8
0.978108520852402 0.458663273797373 "experimento_1" 1 500 1000 0.8 0.5 0.4 1 0.8
0.984438472893089 0.452469415679968 "experimento_1" 1 500 1000 0.8 0.5 0.4 1 0.8
1.0029080864042 0.561857868303482 "experimento_1" 1 500 1000 0.8 0.5 0.4 1 0.8
0.993588801007718 0.503822819871904 "experimento_1" 1 500 1000 0.8 0.5 0.4 1 0.8
0.987830931087956 0.6312507616555 "experimento_1" 1 500 1000 0.8 0.5 0.4 1 0.8
0.990337570896372 0.602338905449064 "experimento_1" 1 500 1000 0.8 0.5 0.4 1 0.8
0.997384280664846 0.476706794981656 "experimento_1" 1 500 1000 0.8 0.5 0.4 1 0.8
0.991219244431704 0.518705119193179 "experimento_1" 1 500 1000 0.8 0.5 0.4 1 0.8
0.99886993994005 0.410211332178416 "experimento_1" 1 500 1000 0.8 0.5 0.4 1 0.8
1.00585326501283 0.421323654937656 "experimento_1" 1 500 1000 0.8 0.5 0.4 1 0.8
1.24260480795056 0.452039658484399 "experimento_1" 1 500 1000 0.8 0.5 0.4 1 0.8
0.979643072700128 0.447773996933602 "experimento_1" 1 500 1000 0.8 0.5 0.4 1 0.8
0.999938397202641 0.496540157654698 "experimento_1" 1 500 1000 0.8 0.5 0.4 1 0.8
0.984600923955441 0.517624336060116 "experimento_1" 1 500 1000 0.8 0.5 0.4 1 0.8
1.03737879455385 0.503760609087332 "experimento_1" 1 500 1000 0.8 0.5 0.4 1 0.8
1.33487396128476 0.511644383370082 "experimento_1" 1 500 1000 0.8 0.5 0.4 1 0.8
0.992955875350162 0.586812860948952 "experimento_1" 1 500 1000 0.8 0.5 0.4 1 0.8
0.990573100047186 0.502499803949563 "experimento_1" 1 500 1000 0.8 0.5 0.4 1 0.8
0.984155666315928 0.664253759258658 "experimento_1" 1 500 1000 0.8 0.5 0.4 1 0.8
0.982091872254387 0.45847601950808 "experimento_1" 1 500 1000 0.8 0.5 0.4 1 0.8
0.985772469080985 0.478994124361024 "experimento_1" 1 500 1000 0.8 0.5 0.4 1 0.8
0.986351786646992 0.419116761248422 "experimento_1" 1 500 1000 0.8 0.5 0.4 1 0.8
0.990450295154005 0.498662135138387 "experimento_1" 1 500 1000 0.8 0.5 0.4 1 0.8
0.996888554655015 0.583498699753684 "experimento_1" 1 500 1000 0.8 0.5 0.4 1 0.8
0.975316967815161 0.554909722483632 "experimento_1" 1 500 1000 0.8 0.5 0.4 1 0.8
1.27707317844033 0.457239260321376 "experimento_1" 1 500 1000 0.8 0.5 0.4 1 0.8
0.97679005167447 0.576837384192273 "experimento_1" 1 500 1000 0.8 0.5 0.4 1 0.8
1.05680818461137 0.503119432438912 "experimento_1" 1 500 1000 0.8 0.5 0.4 1 0.8
1.00462658915303 0.532143910883662 "experimento_1" 1 500 1000 0.8 0.5 0.4 1 0.8
1.09670513474912 0.403255488598673 "experimento_1" 1 500 1000 0.8 0.5 0.4 1 0.8
1.29123469721526 0.497892135520168 "experimento_1" 1 500 1000 0.8 0.5 0.4 1 0.8
0.974272815510631 0.429943282971495 "experimento_1" 1 500 1000 0.8 0.5 0.4 1 0.8
0.994737150380388 0.476981624620095 "experimento_1" 1 500 1000 0.8 0.5 0.4 1 0.8
0.993083358276635 0.559566273393965 "experimento_1" 1 500 1000 0.8 0.5 0.4 1 0.8
0.997300380840898 0.52962652926741 "experimento_1" 1 500 1000 0.8 0.5 0.4 1 0.8
1.0031503373757 0.528466006143187 "experimento_1" 1 500 1000 0.8 0.5 0.4 1 0.8
0.995272926520556 0.443566552554184 "experimento_1" 1 500 1000 0.8 0.5 0.4 1 0.8
1.02886422304624 0.534092147496997 "experimento_1" 1 500 1000 0.8 0.5 0.4 1 0.8
0.989693480078131 0.492708380951278 "experimento_1" 1 500 1000 0.8 0.5 0.4 1 0.8
0.986411324003711 0.45417182840763 "experimento_1" 1 500 1000 0.8 0.5 0.4 1 0.8
0.994151548482478 0.619846852795395 "experimento_1" 1 500 1000 0.8 0.5 0.4 1 0.8
0.996548845199868 0.584238559903683 "experimento_1" 1 500 1000 0.8 0.5 0.4 1 0.8
0.998168895253912 0.539877395819033 "experimento_1" 1 500 1000 0.8 0.5 0.4 1 0.8
1.06291732891193 0.517584441089611 "experimento_1" 1 500 1000 0.8 0.5 0.4 1 0.8
1.1095257634297 0.409003721788132 "experimento_1" 1 500 1000 0.8 0.5 0.4 1 0.8
0.999129626899958 0.465780365338881 "experimento_1" 1 500 1000 0.8 0.5 0.4 1 0.8
0.996108729857951 0.498329720207571 "experimento_1" 1 500 1000 0.8 0.5 0.4 1 0.8
0.974650603719056 0.561622550544841 "experimento_1" 1 500 1000 0.8 0.5 0.4 1 0.8
0.983980583492666 0.468828254616422 "experimento_1" 1 500 1000 0.8 0.5 0.4 1 0.8
0.999698943691328 0.459961189241188 "experimento_1" 1 500 1000 0.8 0.5 0.4 1 0.8
0.997902971925214 0.511204245765776 "experimento_1" 1 500 1000 0.8 0.5 0.4 1 0.8
0.989171038148925 0.577010859628097 "experimento_1" 1 500 1000 0.8 0.5 0.4 1 0.8
0.998201034031808 0.456672023352863 "experimento_1" 1 500 1000 0.8 0.5 0.4 1 0.8
1.00023061409593 0.463363617313542 "experimento_1" 1 500 1000 0.8 0.5 0.4 1 0.8
0.987242445582524 0.560709803671086 "experimento_1" 1 500 1000 0.8 0.5 0.4 1 0.8
0.986986304400489 0.498228046060608 "experimento_1" 1 500 1000 0.8 0.5 0.4 1 0.8
1.02188815269619 0.507284967622383 "experimento_1" 1 500 1000 0.8 0.5 0.4 1 0.8
1.09109318136399 0.483798529858867 "experimento_1" 1 500 1000 0.8 0.5 0.4 1 0.8
1.03512851019869 0.530240843707157 "experimento_1" 1 500 1000 0.8 0.5 0.4 1 0.8
0.997375738341361 0.552227654158578 "experimento_1" 1 500 1000 0.8 0.5 0.4 1 0.8
1.01142372737308 0.558043920332101 "experimento_1" 1 500 1000 0.8 0.5 0.4 1 0.8
0.98576187575236 0.633494682207785 "experimento_1" 1 500 1000 0.8 0.5 0.4 1 0.8
0.954462455352768 0.567425363790995 "experimento_1" 1 500 1000 0.8 0.5 0.4 1 0.8
1.50892795934514 0.419845594731156 "experimento_1" 1 500 1000 0.8 0.5 0.4 1 0.8
0.981411218177527 0.504958628875722 "experimento_1" 1 500 1000 0.8 0.5 0.4 1 0.8
0.989989975001663 0.485820786956342 "experimento_1" 1 500 1000 0.8 0.5 0.4 1 0.8
0.987007204443216 0.518674186967856 "experimento_1" 1 500 1000 0.8 0.5 0.4 1 0.8
0.973168846685439 0.59227040375598 "experimento_1" 1 500 1000 0.8 0.5 0.4 1 0.8
1.27211058419198 0.426904668475857 "experimento_1" 1 500 1000 0.8 0.5 0.4 1 0.8
0.970239925431088 0.522389971253553 "experimento_1" 1 500 1000 0.8 0.5 0.4 1 0.8
0.994628181681037 0.506974821548113 "experimento_1" 1 500 1000 0.8 0.5 0.4 1 0.8
0.985141055192798 0.719715671802321 "experimento_1" 1 500 1000 0.8 0.5 0.4 1 0.8
0.99411740177311 0.481495993063012 "experimento_1" 1 500 1000 0.8 0.5 0.4 1 0.8
0.979682555655017 0.565200195630805 "experimento_1" 1 500 1000 0.8 0.5 0.4 1 0.8
1.00067006610334 0.505169010695831 "experimento_1" 1 500 1000 0.8 0.5 0.4 1 0.8
0.968780439347029 0.445911467011821 "experimento_1" 1 500 1000 0.8 0.5 0.4 1 0.8
0.995500951539725 0.469228690398126 "experimento_1" 1 500 1000 0.8 0.5 0.4 1 0.8
0.985760873649269 0.487814469724006 "experimento_1" 1 500 1000 0.8 0.5 0.4 1 0.8
0.992746612988412 0.463264427694064 "experimento_1" 1 500 1000 0.8 0.5 0.4 1 0.8
0.991370549192652 0.43935945289077 "experimento_1" 1 500 1000 0.8 0.5 0.4 1 0.8
0.989330333890393 0.532421690086211 "experimento_1" 1 500 1000 0.8 0.5 0.4 1 0.8
0.980110041797161 0.534111788484997 "experimento_1" 1 500 1000 0.8 0.5 0.4 1 0.8
1.00417225071395 0.428927691014939 "experimento_1" 1 500 1000 0.8 0.5 0.4 1 0.8
0.9791860494297 0.578657824378115 "experimento_1" 1 500 1000 0.8 0.5 0.4 1 0.8
0.973433951614425 0.535258255336906 "experimento_1" 1 500 1000 0.8 0.5 0.4 1 0.8
0.971317480318248 0.462026708570359 "experimento_1" 1 500 1000 0.8 0.5 0.4 1 0.8
0.974043837282807 0.50882749015859 "experimento_1" 1 500 1000 0.8 0.5 0.4 1 0.8
0.999028871767223 0.575389898378662 "experimento_1" 1 500 1000 0.8 0.5 0.4 1 0.8
0.984828907530755 0.57897419215153 "experimento_1" 1 500 1000 0.8 0.5 0.4 1 0.8
1.0059621462725 0.537680748624284 "experimento_1" 1 500 1000 0.8 0.5 0.4 1 0.8
1.0088549453538 0.541246452318603 "experimento_1" 1 500 1000 0.8 0.5 0.4 1 0.8
0.969487607711926 0.516940136500715 "experimento_1" 1 500 1000 0.8 0.5 0.4 1 0.8
0.997155071701854 0.584853284491912 "experimento_1" 1 500 1000 0.8 0.5 0.4 1 0.8
0.996951441280544 0.492448308838769 "experimento_1" 1 500 1000 0.8 0.5 0.4 1 0.8
0.998899751110002 0.491515101204785 "experimento_1" 1 500 1000 0.8 0.5 0.4 1 0.8
0.996033721836284 0.494106457605675 "experimento_1" 1 500 1000 0.8 0.5 0.4 1 0.8
1.05395590210686 0.479245308803147 "experimento_1" 1 500 1000 0.8 0.5 0.4 1 0.8
0.988706392701715 0.483045937351635 "experimento_1" 1 500 1000 0.8 0.5 0.4 1 0.8
0.999377425760031 0.520320114406586 "experimento_1" 1 500 1000 0.8 0.5 0.4 1 0.8
0.98325163195841 0.474521322454896 "experimento_1" 1 500 1000 0.8 0.5 0.4 1 0.8
1.23961892939084 0.529657311237529 "experimento_1" 1 500 1000 0.8 0.5 0.4 1 0.8
0.99867596058175 0.546050460069988 "experimento_1" 1 500 1000 0.8 0.5 0.4 1 0.8
0.995755436830223 0.520079471170289 "experimento_1" 1 500 1000 0.8 0.5 0.4 1 0.8
0.991382510634139 0.513892738302195 "experimento_1" 1 500 1000 0.8 0.5 0.4 1 0.8
0.997859853785485 0.413668329727002 "experimento_1" 1 500 1000 0.8 0.5 0.4 1 0.8
1.0642882976681 0.47561880798963 "experimento_1" 1 500 1000 0.8 0.5 0.4 1 0.8
0.982744932174683 0.543589938211444 "experimento_1" 1 500 1000 0.8 0.5 0.4 1 0.8
0.993772035697475 0.573962093910031 "experimento_1" 1 500 1000 0.8 0.5 0.4 1 0.8
0.995423418935388 0.458330587382528 "experimento_1" 1 500 1000 0.8 0.5 0.4 1 0.8
0.983462715754285 0.533733693845474 "experimento_1" 1 500 1000 0.8 0.5 0.4 1 0.8
0.994787110481411 0.555025125965233 "experimento_1" 1 500 1000 0.8 0.5 0.4 1 0.8
1.00233387760818 0.588373165104253 "experimento_1" 1 500 1000 0.8 0.5 0.4 1 0.8
0.996135052293539 0.58346120418719 "experimento_1" 1 500 1000 0.8 0.5 0.4 1 0.8
0.99466673983261 0.506332629697258 "experimento_1" 1 500 1000 0.8 0.5 0.4 1 0.8
0.999495244584978 0.525717887332657 "experimento_1" 1 500 1000 0.8 0.5 0.4 1 0.8
1.10400328040123 0.526953910146023 "experimento_1" 1 500 1000 0.8 0.5 0.4 1 0.8
1.01330423075706 0.511486637343632 "experimento_1" 1 500 1000 0.8 0.5 0.4 1 0.8
0.997473105788231 0.452301122511959 "experimento_1" 1 500 1000 0.8 0.5 0.4 1 0.8
0.995804508216679 0.520558376272558 "experimento_1" 1 500 1000 0.8 0.5 0.4 1 0.8
0.999911687802523 0.56108318847067 "experimento_1" 1 500 1000 0.8 0.5 0.4 1 0.8
1.23567877523601 0.455449885239744 "experimento_1" 1 500 1000 0.8 0.5 0.4 1 0.8
0.998993886867538 0.531274784275073 "experimento_1" 1 500 1000 0.8 0.5 0.4 1 0.8
0.979030219139531 0.547656924945617 "experimento_1" 1 500 1000 0.8 0.5 0.4 1 0.8
0.9964283851441 0.43039660204026 "experimento_1" 1 500 1000 0.8 0.5 0.4 1 0.8
0.99825042905286 0.516840401711614 "experimento_1" 1 500 1000 0.8 0.5 0.4 1 0.8
1.36345498077571 0.389680297320207 "experimento_1" 1 500 1000 0.8 0.5 0.4 1 0.8
1.00269030965865 0.537077162088818 "experimento_1" 1 500 1000 0.8 0.5 0.4 1 0.8
0.998972362373024 0.468785212477265 "experimento_1" 1 500 1000 0.8 0.5 0.4 1 0.8
1.15874763391912 0.446998368985159 "experimento_1" 1 500 1000 0.8 0.5 0.4 1 0.8
0.997890820493922 0.522098408581685 "experimento_1" 1 500 1000 0.8 0.5 0.4 1 0.8
1.12488702271122 0.622097935354972 "experimento_1" 1 500 1000 0.8 0.5 0.4 1 0.8
0.988706775242463 0.451508820829906 "experimento_1" 1 500 1000 0.8 0.5 0.4 1 0.8
0.999576904112473 0.557133965101144 "experimento_1" 1 500 1000 0.8 0.5 0.4 1 0.8
0.975521420594305 0.53355965257822 "experimento_1" 1 500 1000 0.8 0.5 0.4 1 0.8
1.00437730054285 0.56582662729181 "experimento_1" 1 500 1000 0.8 0.5 0.4 1 0.8
0.97329412959516 0.508393473126156 "experimento_1" 1 500 1000 0.8 0.5 0.4 1 0.8
0.988039447693154 0.46839371141349 "experimento_1" 1 500 1000 0.8 0.5 0.4 1 0.8
0.955998394871131 0.552954789981845 "experimento_1" 1 500 1000 0.8 0.5 0.4 1 0.8
0.997533096466213 0.457606160931496 "experimento_1" 1 500 1000 0.8 0.5 0.4 1 0.8
0.990852459101006 0.514370263280304 "experimento_1" 1 500 1000 0.8 0.5 0.4 1 0.8
1.00314706515554 0.462258685270626 "experimento_1" 1 500 1000 0.8 0.5 0.4 1 0.8
0.989759171847254 0.511051202246092 "experimento_1" 1 500 1000 0.8 0.5 0.4 1 0.8
0.9778520334512 0.397804630542606 "experimento_1" 1 500 1000 0.8 0.5 0.4 1 0.8
0.995385579997674 0.526333125131564 "experimento_1" 1 500 1000 0.8 0.5 0.4 1 0.8
0.985483093885705 0.506961745268698 "experimento_1" 1 500 1000 0.8 0.5 0.4 1 0.8
0.991864497540519 0.612929854414283 "experimento_1" 1 500 1000 0.8 0.5 0.4 1 0.8
0.991439394420013 0.543858756233705 "experimento_1" 1 500 1000 0.8 0.5 0.4 1 0.8
1.16958772670478 0.483000619335323 "experimento_1" 1 500 1000 0.8 0.5 0.4 1 0.8
0.995826530503109 0.491063501345608 "experimento_1" 1 500 1000 0.8 0.5 0.4 1 0.8
1.4404697464779 0.425864515149084 "experimento_1" 1 500 1000 0.8 0.5 0.4 1 0.8
1.08710637874901 0.44753557802452 "experimento_1" 1 500 1000 0.8 0.5 0.4 1 0.8
0.996749134967104 0.48369532717373 "experimento_1" 1 500 1000 0.8 0.5 0.4 1 0.8
0.987118581309915 0.545881288470935 "experimento_1" 1 500 1000 0.8 0.5 0.4 1 0.8
0.987140690209344 0.484833705705263 "experimento_1" 1 500 1000 0.8 0.5 0.4 1 0.8
1.00596319495811 0.448416735923311 "experimento_1" 1 500 1000 0.8 0.5 0.4 1 0.8
0.993300183909014 0.556333408374265 "experimento_1" 1 500 1000 0.8 0.5 0.4 1 0.8
0.984300022246316 0.553132949146557 "experimento_1" 1 500 1000 0.8 0.5 0.4 1 0.8
0.985320754814893 0.460925021456707 "experimento_1" 1 500 1000 0.8 0.5 0.4 1 0.8
0.996638962300494 0.515447805226737 "experimento_1" 1 500 1000 0.8 0.5 0.4 1 0.8
0.990926050813869 0.480229704642214 "experimento_1" 1 500 1000 0.8 0.5 0.4 1 0.8
1.0091005647555 0.495541466150253 "experimento_1" 1 500 1000 0.8 0.5 0.4 1 0.8
1.13248057938831 0.483806559170402 "experimento_1" 1 500 1000 0.8 0.5 0.4 1 0.8
0.974834748078138 0.432583595370525 "experimento_1" 1 500 1000 0.8 0.5 0.4 1 0.8
0.998316808370873 0.542132315203372 "experimento_1" 1 500 1000 0.8 0.5 0.4 1 0.8
0.985024480381981 0.517084951856266 "experimento_1" 1 500 1000 0.8 0.5 0.4 1 0.8
0.97969097783789 0.582833919921995 "experimento_1" 1 500 1000 0.8 0.5 0.4 1 0.8
0.998875386314467 0.505191176363732 "experimento_1" 1 500 1000 0.8 0.5 0.4 1 0.8
0.98899616394192 0.611593211154095 "experimento_1" 1 500 1000 0.8 0.5 0.4 1 0.8
0.970662419917062 0.442943602301741 "experimento_1" 1 500 1000 0.8 0.5 0.4 1 0.8
0.996242803055793 0.467083844678601 "experimento_1" 1 500 1000 0.8 0.5 0.4 1 0.8
0.997344601433724 0.48049432888027 "experimento_1" 1 500 1000 0.8 0.5 0.4 1 0.8
0.98737012129277 0.583462767981429 "experimento_1" 1 500 1000 0.8 0.5 0.4 1 0.8
0.997428753646091 0.630945768548611 "experimento_1" 1 500 1000 0.8 0.5 0.4 1 0.8
0.988225605804473 0.503373289136842 "experimento_1" 1 500 1000 0.8 0.5 0.4 1 0.8
0.992148144403473 0.491002460690624 "experimento_1" 1 500 1000 0.8 0.5 0.4 1 0.8
0.990282464306802 0.460633473481728 "experimento_1" 1 500 1000 0.8 0.5 0.4 1 0.8
0.996936853276566 0.527009200794741 "experimento_1" 1 500 1000 0.8 0.5 0.4 1 0.8
0.999007768696174 0.549177603920686 "experimento_1" 1 500 1000 0.8 0.5 0.4 1 0.8
0.988804717548192 0.534295593505502 "experimento_1" 1 500 1000 0.8 0.5 0.4 1 0.8
0.998123138444498 0.556525629146514 "experimento_1" 1 500 1000 0.8 0.5 0.4 1 0.8
0.972682972671464 0.473044673166224 "experimento_1" 1 500 1000 0.8 0.5 0.4 1 0.8
0.988772254902869 0.581172942397105 "experimento_1" 1 500 1000 0.8 0.5 0.4 1 0.8
1.07437461148947 0.469412566707597 "experimento_1" 1 500 1000 0.8 0.5 0.4 1 0.8
0.98257284401916 0.487225122597878 "experimento_1" 1 500 1000 0.8 0.5 0.4 1 0.8
0.972323500784114 0.531809473792508 "experimento_1" 1 500 1000 0.8 0.5 0.4 1 0.8
0.994325082516298 0.472053533522866 "experimento_1" 1 500 1000 0.8 0.5 0.4 1 0.8
0.982589794090018 0.430879997782318 "experimento_1" 1 500 1000 0.8 0.5 0.4 1 0.8
0.98945685965009 0.574581930454316 "experimento_1" 1 500 1000 0.8 0.5 0.4 1 0.8
1.02646384947002 0.458323256017298 "experimento_1" 1 500 1000 0.8 0.5 0.4 1 0.8
0.982612709747627 0.484207244289672 "experimento_1" 1 500 1000 0.8 0.5 0.4 1 0.8
0.988333114422858 0.434205733995628 "experimento_1" 1 500 1000 0.8 0.5 0.4 1 0.8
0.995973028009757 0.493931881166765 "experimento_1" 1 500 1000 0.8 0.5 0.4 1 0.8
1.03283815178688 0.473641120871513 "experimento_1" 1 500 1000 0.8 0.5 0.4 1 0.8
1.07729053441864 0.558833749962061 "experimento_1" 1 500 1000 0.8 0.5 0.4 1 0.8
0.992777340812609 0.487761432663742 "experimento_1" 1 500 1000 0.8 0.5 0.4 1 0.8
0.998021794948727 0.482814174927233 "experimento_1" 1 500 1000 0.8 0.5 0.4 1 0.8
1.00542418217668 0.507456771878319 "experimento_1" 1 500 1000 0.8 0.5 0.4 1 0.8
1.02350469819545 0.513653682670625 "experimento_1" 1 500 1000 0.8 0.5 0.4 1 0.8
0.999338158639148 0.489413217589802 "experimento_1" 1 500 1000 0.8 0.5 0.4 1 0.8
0.986081460257992 0.516869349130226 "experimento_1" 1 500 1000 0.8 0.5 0.4 1 0.8
1.00193069409579 0.44575247696333 "experimento_1" 1 500 1000 0.8 0.5 0.4 1 0.8
0.978940859436989 0.505164515141962 "experimento_1" 1 500 1000 0.8 0.5 0.4 1 0.8
0.996671181870624 0.595760482556191 "experimento_1" 1 500 1000 0.8 0.5 0.4 1 0.8
0.984941102098674 0.522248548890343 "experimento_1" 1 500 1000 0.8 0.5 0.4 1 0.8
1.00888047176227 0.466534591069583 "experimento_1" 1 500 1000 0.8 0.5 0.4 1 0.8
1.01242514175612 0.491118041690326 "experimento_1" 1 500 1000 0.8 0.5 0.4 1 0.8
1.00007554667839 0.467140911067207 "experimento_1" 1 500 1000 0.8 0.5 0.4 1 0.8
0.995445996057242 0.521315222360429 "experimento_1" 1 500 1000 0.8 0.5 0.4 1 0.8
0.997549917083234 0.463159109043809 "experimento_1" 1 500 1000 0.8 0.5 0.4 1 0.8
1.13387275294238 0.563150948723232 "experimento_1" 1 500 1000 0.8 0.5 0.4 1 0.8
1.03663274721968 0.434704355089036 "experimento_1" 1 500 1000 0.8 0.5 0.4 1 0.8
1.05770013287222 0.514527805884933 "experimento_1" 1 500 1000 0.8 0.5 0.4 1 0.8
0.987968515371904 0.5954947199664 "experimento_1" 1 500 1000 0.8 0.5 0.4 1 0.8
0.991882559843361 0.511509843006548 "experimento_1" 1 500 1000 0.8 0.5 0.4 1 0.8
0.981735988752916 0.523411638839025 "experimento_1" 1 500 1000 0.8 0.5 0.4 1 0.8
1.01156529132277 0.445480233723955 "experimento_1" 1 500 1000 0.8 0.5 0.4 1 0.8
0.989840796217322 0.514782134745875 "experimento_1" 1 500 1000 0.8 0.5 0.4 1 0.8
0.992997562047094 0.466759079535248 "experimento_1" 1 500 1000 0.8 0.5 0.4 1 0.8
0.99626155407168 0.499181064204375 "experimento_1" 1 500 1000 0.8 0.5 0.4 1 0.8
0.982530330540612 0.600735667311152 "experimento_1" 1 500 1000 0.8 0.5 0.4 1 0.8
0.988248987589031 0.519724414581765 "experimento_1" 1 500 1000 0.8 0.5 0.4 1 0.8
0.996389532228932 0.572356657251339 "experimento_1" 1 500 1000 0.8 0.5 0.4 1 0.8
1.4018380454485 0.375417174950621 "experimento_1" 1 500 1000 0.8 0.5 0.4 1 0.8
0.982147380476817 0.571900494819732 "experimento_1" 1 500 1000 0.8 0.5 0.4 1 0.8
1.04488283176097 0.51090660806136 "experimento_1" 1 500 1000 0.8 0.5 0.4 1 0.8
0.997179578524083 0.493408432386235 "experimento_1" 1 500 1000 0.8 0.5 0.4 1 0.8
1.03474267572165 0.506729203370252 "experimento_1" 1 500 1000 0.8 0.5 0.4 1 0.8
0.99141608341597 0.456545444999687 "experimento_1" 1 500 1000 0.8 0.5 0.4 1 0.8
0.999656647443771 0.560512684012086 "experimento_1" 1 500 1000 0.8 0.5 0.4 1 0.8
0.999109664233401 0.60784806250187 "experimento_1" 1 500 1000 0.8 0.5 0.4 1 0.8
0.973145328927785 0.522004109256219 "experimento_1" 1 500 1000 0.8 0.5 0.4 1 0.8
1.01068327851592 0.524033734567008 "experimento_1" 1 500 1000 0.8 0.5 0.4 1 0.8
0.993826175807044 0.52399025668446 "experimento_1" 1 500 1000 0.8 0.5 0.4 1 0.8
0.992227877257392 0.529011152876438 "experimento_1" 1 500 1000 0.8 0.5 0.4 1 0.8
1.00959855285587 0.522188823069273 "experimento_1" 1 500 1000 0.8 0.5 0.4 1 0.8
0.982966131530702 0.552019210094794 "experimento_1" 1 500 1000 0.8 0.5 0.4 1 0.8
0.951728714397177 0.55351537122498 "experimento_1" 1 500 1000 0.8 0.5 0.4 1 0.8
1.12860279809684 0.55145268182735 "experimento_1" 1 500 1000 0.8 0.5 0.4 1 0.8
0.992804343113676 0.548884418992838 "experimento_1" 1 500 1000 0.8 0.5 0.4 1 0.8
0.998498786706477 0.536646116145406 "experimento_1" 1 500 1000 0.8 0.5 0.4 1 0.8
0.983986779814586 0.494212392152873 "experimento_1" 1 500 1000 0.8 0.5 0.4 1 0.8
0.996351421112195 0.481751541181813 "experimento_1" 1 500 1000 0.8 0.5 0.4 1 0.8
1.03562205657363 0.510480214697976 "experimento_1" 1 500 1000 0.8 0.5 0.4 1 0.8
0.99856673926115 0.516011912655831 "experimento_1" 1 500 1000 0.8 0.5 0.4 1 0.8
0.99378911126405 0.515726715498524 "experimento_1" 1 500 1000 0.8 0.5 0.4 1 0.8
1.05216539166802 0.537302189570938 "experimento_1" 1 500 1000 0.8 0.5 0.4 1 0.8
1.05150441266596 0.50289062524328 "experimento_1" 1 500 1000 0.8 0.5 0.4 1 0.8
0.998955195769668 0.46007997817001 "experimento_1" 1 500 1000 0.8 0.5 0.4 1 0.8
0.990267500514165 0.454342907148362 "experimento_1" 1 500 1000 0.8 0.5 0.4 1 0.8
0.981882448773831 0.438652054704671 "experimento_1" 1 500 1000 0.8 0.5 0.4 1 0.8
0.990120244445279 0.506710755677733 "experimento_1" 1 500 1000 0.8 0.5 0.4 1 0.8
0.969855794217438 0.513470134756262 "experimento_1" 1 500 1000 0.8 0.5 0.4 1 0.8
0.994880631100386 0.592950487313994 "experimento_1" 1 500 1000 0.8 0.5 0.4 1 0.8
0.993076907470822 0.524874393020677 "experimento_1" 1 500 1000 0.8 0.5 0.4 1 0.8
0.98534750007093 0.562925057562057 "experimento_1" 1 500 1000 0.8 0.5 0.4 1 0.8
0.986861752346158 0.649194085489396 "experimento_1" 1 500 1000 0.8 0.5 0.4 1 0.8
0.992923051118851 0.570322764388025 "experimento_1" 1 500 1000 0.8 0.5 0.4 1 0.8
0.994929190725088 0.54716030862535 "experimento_1" 1 500 1000 0.8 0.5 0.4 1 0.8
1.02555435953707 0.507855136714768 "experimento_1" 1 500 1000 0.8 0.5 0.4 1 0.8
0.994745869887993 0.507001742714455 "experimento_1" 1 500 1000 0.8 0.5 0.4 1 0.8
1.02195133641362 0.515578750973601 "experimento_1" 1 500 1000 0.8 0.5 0.4 1 0.8
0.980718250852078 0.524569943011426 "experimento_1" 1 500 1000 0.8 0.5 0.4 1 0.8
0.974472122034058 0.438938901160161 "experimento_1" 1 500 1000 0.8 0.5 0.4 1 0.8
0.991124507272616 0.557727606148385 "experimento_1" 1 500 1000 0.8 0.5 0.4 1 0.8
0.988925047917292 0.468808132328822 "experimento_1" 1 500 1000 0.8 0.5 0.4 1 0.8
0.995060460874811 0.530369557027164 "experimento_1" 1 500 1000 0.8 0.5 0.4 1 0.8
1.08190889935941 0.454946079157422 "experimento_1" 1 500 1000 0.8 0.5 0.4 1 0.8
0.985196083784103 0.476470699921812 "experimento_1" 1 500 1000 0.8 0.5 0.4 1 0.8
0.984360303496942 0.459952265753837 "experimento_1" 1 500 1000 0.8 0.5 0.4 1 0.8
1.00946577638388 0.479128299927955 "experimento_1" 1 500 1000 0.8 0.5 0.4 1 0.8
1.43719573505223 0.401513095039054 "experimento_1" 1 500 1000 0.8 0.5 0.4 1 0.8
1.2294581560418 0.517700207989341 "experimento_1" 1 500 1000 0.8 0.5 0.4 1 0.8
0.998022720916197 0.449617110624163 "experimento_1" 1 500 1000 0.8 0.5 0.4 1 0.8
1.27259275443411 0.387337318091401 "experimento_1" 1 500 1000 0.8 0.5 0.4 1 0.8
0.979957243893296 0.611847086622463 "experimento_1" 1 500 1000 0.8 0.5 0.4 1 0.8
0.994812632678077 0.500600942225576 "experimento_1" 1 500 1000 0.8 0.5 0.4 1 0.8
1.01016091927886 0.588343163819712 "experimento_1" 1 500 1000 0.8 0.5 0.4 1 0.8
0.98948766104877 0.493681616403474 "experimento_1" 1 500 1000 0.8 0.5 0.4 1 0.8
0.991084842942655 0.50375400553522 "experimento_1" 1 500 1000 0.8 0.5 0.4 1 0.8
0.987473443383351 0.495781017276977 "experimento_1" 1 500 1000 0.8 0.5 0.4 1 0.8
0.99748801253736 0.487604049128645 "experimento_1" 1 500 1000 0.8 0.5 0.4 1 0.8
0.971482704859227 0.605285084474246 "experimento_1" 1 500 1000 0.8 0.5 0.4 1 0.8
1.01295739039779 0.563535115490106 "experimento_1" 1 500 1000 0.8 0.5 0.4 1 0.8
0.983904856489971 0.610078186130184 "experimento_1" 1 500 1000 0.8 0.5 0.4 1 0.8
0.997637112392113 0.49034433325497 "experimento_1" 1 500 1000 0.8 0.5 0.4 1 0.8
0.998656658222899 0.489740433412938 "experimento_1" 1 500 1000 0.8 0.5 0.4 1 0.8
0.984182576648891 0.508528111240037 "experimento_1" 1 500 1000 0.8 0.5 0.4 1 0.8
1.11055057833132 0.553587899684273 "experimento_1" 1 500 1000 0.8 0.5 0.4 1 0.8
0.998372422531247 0.459627584319641 "experimento_1" 1 500 1000 0.8 0.5 0.4 1 0.8
1.03934692438222 0.510125186556556 "experimento_1" 1 500 1000 0.8 0.5 0.4 1 0.8
1.10610684845597 0.465698143108108 "experimento_1" 1 500 1000 0.8 0.5 0.4 1 0.8
0.99510764121078 0.443091724020084 "experimento_1" 1 500 1000 0.8 0.5 0.4 1 0.8
0.991760362638161 0.423656077427151 "experimento_1" 1 500 1000 0.8 0.5 0.4 1 0.8
0.992000291822478 0.474320712184982 "experimento_1" 1 500 1000 0.8 0.5 0.4 1 0.8
1.01725438982248 0.463954842749385 "experimento_1" 1 500 1000 0.8 0.5 0.4 1 0.8
0.98228101991117 0.64971969804471 "experimento_1" 1 500 1000 0.8 0.5 0.4 1 0.8
1.01935251709074 0.482452573791044 "experimento_1" 1 500 1000 0.8 0.5 0.4 1 0.8
0.987589599797502 0.445363451945539 "experimento_1" 1 500 1000 0.8 0.5 0.4 1 0.8
0.990157749503851 0.535384129988031 "experimento_1" 1 500 1000 0.8 0.5 0.4 1 0.8
0.996249370276928 0.51374729379683 "experimento_1" 1 500 1000 0.8 0.5 0.4 1 0.8
0.976063343463466 0.524615318893269 "experimento_1" 1 500 1000 0.8 0.5 0.4 1 0.8
0.99221329158172 0.513035779758492 "experimento_1" 1 500 1000 0.8 0.5 0.4 1 0.8
0.986749365227297 0.502434458825111 "experimento_1" 1 500 1000 0.8 0.5 0.4 1 0.8
0.977481870679185 0.619302853096276 "experimento_1" 1 500 1000 0.8 0.5 0.4 1 0.8
0.993186919949949 0.536603208454536 "experimento_1" 1 500 1000 0.8 0.5 0.4 1 0.8
1.24096350314078 0.475328400155339 "experimento_1" 1 500 1000 0.8 0.5 0.4 1 0.8
0.998241758905351 0.497281169621358 "experimento_1" 1 500 1000 0.8 0.5 0.4 1 0.8
1.12007308873131 0.50142645032951 "experimento_1" 1 500 1000 0.8 0.5 0.4 1 0.8
0.967258068034425 0.454619953554305 "experimento_1" 1 500 1000 0.8 0.5 0.4 1 0.8
1.00728131458163 0.511183127512968 "experimento_1" 1 500 1000 0.8 0.5 0.4 1 0.8
1.21904326695949 0.484562601216851 "experimento_1" 1 500 1000 0.8 0.5 0.4 1 0.8
0.989996883785352 0.459121663872942 "experimento_1" 1 500 1000 0.8 0.5 0.4 1 0.8
0.994722901377827 0.537061157689295 "experimento_1" 1 500 1000 0.8 0.5 0.4 1 0.8
0.983264193870127 0.580028593818473 "experimento_1" 1 500 1000 0.8 0.5 0.4 1 0.8
0.992442663991824 0.490867274500554 "experimento_1" 1 500 1000 0.8 0.5 0.4 1 0.8
0.991705079097301 0.471976507029286 "experimento_1" 1 500 1000 0.8 0.5 0.4 1 0.8
0.992484476882964 0.619886645971799 "experimento_1" 1 500 1000 0.8 0.5 0.4 1 0.8
0.99207502650097 0.510719857049062 "experimento_1" 1 500 1000 0.8 0.5 0.4 1 0.8
1.00884574931115 0.430088951227235 "experimento_1" 1 500 1000 0.8 0.5 0.4 1 0.8
0.97045315313153 0.493176100267607 "experimento_1" 1 500 1000 0.8 0.5 0.4 1 0.8
0.986633043037727 0.468867985956276 "experimento_1" 1 500 1000 0.8 0.5 0.4 1 0.8
0.983446130761877 0.434957310358805 "experimento_1" 1 500 1000 0.8 0.5 0.4 1 0.8
1.03816521579967 0.454892239989886 "experimento_1" 1 500 1000 0.8 0.5 0.4 1 0.8
0.996170463040471 0.532689777743889 "experimento_1" 1 500 1000 0.8 0.5 0.4 1 0.8
0.986565179890022 0.520565640626818 "experimento_1" 1 500 1000 0.8 0.5 0.4 1 0.8
1.00283611286432 0.485151027168696 "experimento_1" 1 500 1000 0.8 0.5 0.4 1 0.8
