"est.u" "est.lamb" "name" "seed" "size" "replicates" "p_umbral" "exp_lambda" "alpha_pen" "n_pen" "c"
1.00222690251345 39.4859170705227 "experimento_44" 44 1000 1000 0.95 30 0.4 1 0.8
0.992771988501772 29.9420901644224 "experimento_44" 44 1000 1000 0.95 30 0.4 1 0.8
0.992723675677553 24.320618626865 "experimento_44" 44 1000 1000 0.95 30 0.4 1 0.8
0.98932659579441 27.9433642494051 "experimento_44" 44 1000 1000 0.95 30 0.4 1 0.8
0.995599045185372 27.6481431629347 "experimento_44" 44 1000 1000 0.95 30 0.4 1 0.8
1.00064252131606 37.1278848430718 "experimento_44" 44 1000 1000 0.95 30 0.4 1 0.8
0.998395197326317 28.8189384866405 "experimento_44" 44 1000 1000 0.95 30 0.4 1 0.8
0.980745517183095 25.1456955725259 "experimento_44" 44 1000 1000 0.95 30 0.4 1 0.8
0.997844054363668 26.4746111772553 "experimento_44" 44 1000 1000 0.95 30 0.4 1 0.8
0.993988436181098 26.6901598147464 "experimento_44" 44 1000 1000 0.95 30 0.4 1 0.8
0.991699740523472 23.979006790295 "experimento_44" 44 1000 1000 0.95 30 0.4 1 0.8
0.996944258920848 25.7389550524523 "experimento_44" 44 1000 1000 0.95 30 0.4 1 0.8
1.01068572158304 25.0979487313513 "experimento_44" 44 1000 1000 0.95 30 0.4 1 0.8
0.992549599613994 26.3509378703989 "experimento_44" 44 1000 1000 0.95 30 0.4 1 0.8
1.00934490648409 35.0883778681185 "experimento_44" 44 1000 1000 0.95 30 0.4 1 0.8
1.00598055855361 28.7101483727083 "experimento_44" 44 1000 1000 0.95 30 0.4 1 0.8
0.994396644644439 30.7451703852968 "experimento_44" 44 1000 1000 0.95 30 0.4 1 0.8
0.995931579731405 35.0814406349299 "experimento_44" 44 1000 1000 0.95 30 0.4 1 0.8
1.01461447083081 28.9551543249509 "experimento_44" 44 1000 1000 0.95 30 0.4 1 0.8
1.00114798891979 31.9372942904094 "experimento_44" 44 1000 1000 0.95 30 0.4 1 0.8
0.987898682942614 24.6189439310657 "experimento_44" 44 1000 1000 0.95 30 0.4 1 0.8
0.994094656547531 30.9123485042812 "experimento_44" 44 1000 1000 0.95 30 0.4 1 0.8
0.9891745634377 28.1615724460323 "experimento_44" 44 1000 1000 0.95 30 0.4 1 0.8
0.998873755102977 44.6791199899376 "experimento_44" 44 1000 1000 0.95 30 0.4 1 0.8
0.997022722149268 22.3522235561065 "experimento_44" 44 1000 1000 0.95 30 0.4 1 0.8
0.97381973429583 23.0951246547796 "experimento_44" 44 1000 1000 0.95 30 0.4 1 0.8
0.996324533596635 39.054995889549 "experimento_44" 44 1000 1000 0.95 30 0.4 1 0.8
0.999169666785747 31.8816260011961 "experimento_44" 44 1000 1000 0.95 30 0.4 1 0.8
0.991631287150085 27.7514163188164 "experimento_44" 44 1000 1000 0.95 30 0.4 1 0.8
1.01695339350651 37.4889100894945 "experimento_44" 44 1000 1000 0.95 30 0.4 1 0.8
0.998819271568209 42.7237747640682 "experimento_44" 44 1000 1000 0.95 30 0.4 1 0.8
0.998937719967216 35.9173888177755 "experimento_44" 44 1000 1000 0.95 30 0.4 1 0.8
1.00277124127994 33.0973806210541 "experimento_44" 44 1000 1000 0.95 30 0.4 1 0.8
1.01343152100436 27.4733078874538 "experimento_44" 44 1000 1000 0.95 30 0.4 1 0.8
0.985447031911463 24.7895311255834 "experimento_44" 44 1000 1000 0.95 30 0.4 1 0.8
0.991169271524996 30.5806890699225 "experimento_44" 44 1000 1000 0.95 30 0.4 1 0.8
0.997823884477839 32.9630414033771 "experimento_44" 44 1000 1000 0.95 30 0.4 1 0.8
1.02697750680645 41.6108785766314 "experimento_44" 44 1000 1000 0.95 30 0.4 1 0.8
0.990813680458814 30.8517484199382 "experimento_44" 44 1000 1000 0.95 30 0.4 1 0.8
1.01826141631852 23.8151355903 "experimento_44" 44 1000 1000 0.95 30 0.4 1 0.8
0.99938206304796 34.3544176401601 "experimento_44" 44 1000 1000 0.95 30 0.4 1 0.8
0.990673857508227 28.7033181442078 "experimento_44" 44 1000 1000 0.95 30 0.4 1 0.8
1.00048468490131 25.5340304143627 "experimento_44" 44 1000 1000 0.95 30 0.4 1 0.8
0.983955777948722 28.3809179401983 "experimento_44" 44 1000 1000 0.95 30 0.4 1 0.8
0.903077172115445 14.5542405344908 "experimento_44" 44 1000 1000 0.95 30 0.4 1 0.8
0.990456508705392 23.2950793628761 "experimento_44" 44 1000 1000 0.95 30 0.4 1 0.8
0.998186228331178 29.6211607700456 "experimento_44" 44 1000 1000 0.95 30 0.4 1 0.8
1.00133723880475 34.7907681718907 "experimento_44" 44 1000 1000 0.95 30 0.4 1 0.8
0.995211376808584 33.4092424580093 "experimento_44" 44 1000 1000 0.95 30 0.4 1 0.8
1.00137412977615 32.1666220521006 "experimento_44" 44 1000 1000 0.95 30 0.4 1 0.8
1.01630617816312 49.0103621619135 "experimento_44" 44 1000 1000 0.95 30 0.4 1 0.8
0.995598267065361 34.1342956720828 "experimento_44" 44 1000 1000 0.95 30 0.4 1 0.8
1.00893054489667 29.285109755462 "experimento_44" 44 1000 1000 0.95 30 0.4 1 0.8
0.996243238681927 27.4080262508868 "experimento_44" 44 1000 1000 0.95 30 0.4 1 0.8
1.00241980090116 30.0185353800363 "experimento_44" 44 1000 1000 0.95 30 0.4 1 0.8
0.970322801964357 20.7788124813982 "experimento_44" 44 1000 1000 0.95 30 0.4 1 0.8
0.993445874424651 28.8394040370662 "experimento_44" 44 1000 1000 0.95 30 0.4 1 0.8
1.02071732268669 46.0613409240213 "experimento_44" 44 1000 1000 0.95 30 0.4 1 0.8
0.989250489743426 28.2361783003712 "experimento_44" 44 1000 1000 0.95 30 0.4 1 0.8
0.997414097888395 29.0378806735375 "experimento_44" 44 1000 1000 0.95 30 0.4 1 0.8
1.00797759407821 32.2614022172904 "experimento_44" 44 1000 1000 0.95 30 0.4 1 0.8
0.995667955605313 31.8626400327141 "experimento_44" 44 1000 1000 0.95 30 0.4 1 0.8
0.990826468681917 27.290609541064 "experimento_44" 44 1000 1000 0.95 30 0.4 1 0.8
0.993711467832327 29.540557191425 "experimento_44" 44 1000 1000 0.95 30 0.4 1 0.8
1.03195633285849 37.6635697631939 "experimento_44" 44 1000 1000 0.95 30 0.4 1 0.8
0.999418451916426 31.9575749064276 "experimento_44" 44 1000 1000 0.95 30 0.4 1 0.8
0.915675467811525 16.2798534803656 "experimento_44" 44 1000 1000 0.95 30 0.4 1 0.8
0.981911333044991 23.992485194412 "experimento_44" 44 1000 1000 0.95 30 0.4 1 0.8
0.979653576854616 24.5342553522406 "experimento_44" 44 1000 1000 0.95 30 0.4 1 0.8
0.880065547302365 11.1065935320945 "experimento_44" 44 1000 1000 0.95 30 0.4 1 0.8
0.993157657096162 28.5174749489305 "experimento_44" 44 1000 1000 0.95 30 0.4 1 0.8
0.994922372512519 35.6668239694537 "experimento_44" 44 1000 1000 0.95 30 0.4 1 0.8
1.00703780614394 25.5171000072181 "experimento_44" 44 1000 1000 0.95 30 0.4 1 0.8
0.999607775826007 31.5926348570401 "experimento_44" 44 1000 1000 0.95 30 0.4 1 0.8
1.01718342647267 40.7781816010332 "experimento_44" 44 1000 1000 0.95 30 0.4 1 0.8
1.00275522648978 31.4487988749482 "experimento_44" 44 1000 1000 0.95 30 0.4 1 0.8
0.993228789651766 24.3791306621028 "experimento_44" 44 1000 1000 0.95 30 0.4 1 0.8
1.00091614422078 29.2808602990938 "experimento_44" 44 1000 1000 0.95 30 0.4 1 0.8
1.00052886701499 31.5150543885129 "experimento_44" 44 1000 1000 0.95 30 0.4 1 0.8
1.00327434777282 27.5945473017646 "experimento_44" 44 1000 1000 0.95 30 0.4 1 0.8
1.03369852832068 44.9081635558755 "experimento_44" 44 1000 1000 0.95 30 0.4 1 0.8
0.99498460511677 29.461100844731 "experimento_44" 44 1000 1000 0.95 30 0.4 1 0.8
0.998879038961604 31.7260761544072 "experimento_44" 44 1000 1000 0.95 30 0.4 1 0.8
1.00298278333309 33.3289408946951 "experimento_44" 44 1000 1000 0.95 30 0.4 1 0.8
1.00719049743687 32.8825422504846 "experimento_44" 44 1000 1000 0.95 30 0.4 1 0.8
0.998884032713249 34.6367467231161 "experimento_44" 44 1000 1000 0.95 30 0.4 1 0.8
0.953245236072689 20.8942435740236 "experimento_44" 44 1000 1000 0.95 30 0.4 1 0.8
1.01226265005146 29.2687701694242 "experimento_44" 44 1000 1000 0.95 30 0.4 1 0.8
0.972883916459978 24.1781453463138 "experimento_44" 44 1000 1000 0.95 30 0.4 1 0.8
1.01320286796739 33.0363964277772 "experimento_44" 44 1000 1000 0.95 30 0.4 1 0.8
0.965919049689546 20.3769231619537 "experimento_44" 44 1000 1000 0.95 30 0.4 1 0.8
1.0098775800628 26.7827965945695 "experimento_44" 44 1000 1000 0.95 30 0.4 1 0.8
1.02333633674059 31.3015842160931 "experimento_44" 44 1000 1000 0.95 30 0.4 1 0.8
0.993483809987083 25.0210820445896 "experimento_44" 44 1000 1000 0.95 30 0.4 1 0.8
0.991843852214515 35.0220896570895 "experimento_44" 44 1000 1000 0.95 30 0.4 1 0.8
0.993511819280684 26.9192228567667 "experimento_44" 44 1000 1000 0.95 30 0.4 1 0.8
0.984131001401693 29.3753732126877 "experimento_44" 44 1000 1000 0.95 30 0.4 1 0.8
0.659737371839583 5.30515418536391 "experimento_44" 44 1000 1000 0.95 30 0.4 1 0.8
1.00159372041046 36.2441232355224 "experimento_44" 44 1000 1000 0.95 30 0.4 1 0.8
0.99502543755807 37.6493992301982 "experimento_44" 44 1000 1000 0.95 30 0.4 1 0.8
0.978583688382059 21.3014333843118 "experimento_44" 44 1000 1000 0.95 30 0.4 1 0.8
0.987447398481891 24.8253303031019 "experimento_44" 44 1000 1000 0.95 30 0.4 1 0.8
1.00460966859634 24.254147298936 "experimento_44" 44 1000 1000 0.95 30 0.4 1 0.8
1.00523990383372 24.1330982038542 "experimento_44" 44 1000 1000 0.95 30 0.4 1 0.8
0.998644450446591 31.8352671049572 "experimento_44" 44 1000 1000 0.95 30 0.4 1 0.8
1.01579070004324 29.9831838072581 "experimento_44" 44 1000 1000 0.95 30 0.4 1 0.8
0.994917193427682 24.6380775690238 "experimento_44" 44 1000 1000 0.95 30 0.4 1 0.8
1.00106143041171 40.1196909127615 "experimento_44" 44 1000 1000 0.95 30 0.4 1 0.8
0.997785258572549 32.4997229558973 "experimento_44" 44 1000 1000 0.95 30 0.4 1 0.8
1.00441865360675 29.4786602888208 "experimento_44" 44 1000 1000 0.95 30 0.4 1 0.8
0.982548519503325 21.3672728646929 "experimento_44" 44 1000 1000 0.95 30 0.4 1 0.8
1.01871692615872 22.6267505972064 "experimento_44" 44 1000 1000 0.95 30 0.4 1 0.8
0.991138607729226 28.0687917440867 "experimento_44" 44 1000 1000 0.95 30 0.4 1 0.8
0.98681073798798 22.9905605546732 "experimento_44" 44 1000 1000 0.95 30 0.4 1 0.8
1.00075427806005 28.9972126941798 "experimento_44" 44 1000 1000 0.95 30 0.4 1 0.8
0.989273227984086 31.3987891159632 "experimento_44" 44 1000 1000 0.95 30 0.4 1 0.8
0.974201187957078 23.4170276602412 "experimento_44" 44 1000 1000 0.95 30 0.4 1 0.8
0.998612635303289 30.2995094695461 "experimento_44" 44 1000 1000 0.95 30 0.4 1 0.8
0.981545402901247 26.7779385589644 "experimento_44" 44 1000 1000 0.95 30 0.4 1 0.8
0.998646579217166 32.6714176039692 "experimento_44" 44 1000 1000 0.95 30 0.4 1 0.8
0.986560077406466 28.3273145131438 "experimento_44" 44 1000 1000 0.95 30 0.4 1 0.8
1.00196688192276 34.2210435029572 "experimento_44" 44 1000 1000 0.95 30 0.4 1 0.8
1.01229851950581 28.437348253072 "experimento_44" 44 1000 1000 0.95 30 0.4 1 0.8
1.00104101746182 33.6116943768938 "experimento_44" 44 1000 1000 0.95 30 0.4 1 0.8
0.993919726461172 33.8179179330663 "experimento_44" 44 1000 1000 0.95 30 0.4 1 0.8
0.995765449013561 39.0654418352191 "experimento_44" 44 1000 1000 0.95 30 0.4 1 0.8
0.994383091572672 25.1520998808024 "experimento_44" 44 1000 1000 0.95 30 0.4 1 0.8
1.00032115203018 25.917869482625 "experimento_44" 44 1000 1000 0.95 30 0.4 1 0.8
0.997579370159656 28.8777592958459 "experimento_44" 44 1000 1000 0.95 30 0.4 1 0.8
0.995617891428992 25.4299311601528 "experimento_44" 44 1000 1000 0.95 30 0.4 1 0.8
0.996548333903775 23.0296565296741 "experimento_44" 44 1000 1000 0.95 30 0.4 1 0.8
0.820435890927911 8.89547532294123 "experimento_44" 44 1000 1000 0.95 30 0.4 1 0.8
0.997977256542072 30.7080985686699 "experimento_44" 44 1000 1000 0.95 30 0.4 1 0.8
1.00664775376208 33.2405778992357 "experimento_44" 44 1000 1000 0.95 30 0.4 1 0.8
0.996599598089233 32.6569929441745 "experimento_44" 44 1000 1000 0.95 30 0.4 1 0.8
0.983154656132683 25.824783658488 "experimento_44" 44 1000 1000 0.95 30 0.4 1 0.8
1.01302594871571 27.9646467398876 "experimento_44" 44 1000 1000 0.95 30 0.4 1 0.8
0.997218561591581 48.6348160893018 "experimento_44" 44 1000 1000 0.95 30 0.4 1 0.8
0.926549270283431 15.5071570482424 "experimento_44" 44 1000 1000 0.95 30 0.4 1 0.8
1.00359839651113 32.9536442204116 "experimento_44" 44 1000 1000 0.95 30 0.4 1 0.8
1.00921185786525 41.8626983630952 "experimento_44" 44 1000 1000 0.95 30 0.4 1 0.8
0.988216230412945 32.6446346911664 "experimento_44" 44 1000 1000 0.95 30 0.4 1 0.8
1.01160579700954 39.1132416988461 "experimento_44" 44 1000 1000 0.95 30 0.4 1 0.8
1.0002231908472 33.1059877637079 "experimento_44" 44 1000 1000 0.95 30 0.4 1 0.8
1.01546196849085 35.8054129616021 "experimento_44" 44 1000 1000 0.95 30 0.4 1 0.8
1.02358479274475 26.1144594898933 "experimento_44" 44 1000 1000 0.95 30 0.4 1 0.8
0.990898379823193 33.7869505191469 "experimento_44" 44 1000 1000 0.95 30 0.4 1 0.8
1.0135897090969 30.6702507952579 "experimento_44" 44 1000 1000 0.95 30 0.4 1 0.8
1.00433448442879 34.9875655632085 "experimento_44" 44 1000 1000 0.95 30 0.4 1 0.8
0.988784680841491 35.3259588822858 "experimento_44" 44 1000 1000 0.95 30 0.4 1 0.8
0.992549785180017 29.7478212358283 "experimento_44" 44 1000 1000 0.95 30 0.4 1 0.8
0.990054411347955 26.3962909454721 "experimento_44" 44 1000 1000 0.95 30 0.4 1 0.8
0.985961596481502 25.334028586431 "experimento_44" 44 1000 1000 0.95 30 0.4 1 0.8
0.966726936399937 19.7075596389612 "experimento_44" 44 1000 1000 0.95 30 0.4 1 0.8
0.989473374094814 33.1465351004964 "experimento_44" 44 1000 1000 0.95 30 0.4 1 0.8
1.01040452751331 29.7181927254233 "experimento_44" 44 1000 1000 0.95 30 0.4 1 0.8
0.995833449531347 31.2537756475585 "experimento_44" 44 1000 1000 0.95 30 0.4 1 0.8
0.993491704808548 28.7853788691645 "experimento_44" 44 1000 1000 0.95 30 0.4 1 0.8
0.991320672444999 33.7074499942611 "experimento_44" 44 1000 1000 0.95 30 0.4 1 0.8
0.97650208324194 24.1572737001839 "experimento_44" 44 1000 1000 0.95 30 0.4 1 0.8
0.995481433114037 33.1955840879312 "experimento_44" 44 1000 1000 0.95 30 0.4 1 0.8
1.01218466690431 37.4973219969777 "experimento_44" 44 1000 1000 0.95 30 0.4 1 0.8
1.00407422383626 31.110344773096 "experimento_44" 44 1000 1000 0.95 30 0.4 1 0.8
0.946328390622512 19.7274499904874 "experimento_44" 44 1000 1000 0.95 30 0.4 1 0.8
0.971599447540939 23.8488404583198 "experimento_44" 44 1000 1000 0.95 30 0.4 1 0.8
0.999648430151865 30.6539461422172 "experimento_44" 44 1000 1000 0.95 30 0.4 1 0.8
0.984906214056537 24.1772183459649 "experimento_44" 44 1000 1000 0.95 30 0.4 1 0.8
1.03426674616694 28.5637068102285 "experimento_44" 44 1000 1000 0.95 30 0.4 1 0.8
0.990474993363023 22.8941829502952 "experimento_44" 44 1000 1000 0.95 30 0.4 1 0.8
0.942870699800551 19.2810863665986 "experimento_44" 44 1000 1000 0.95 30 0.4 1 0.8
1.02067919820547 44.4123202603837 "experimento_44" 44 1000 1000 0.95 30 0.4 1 0.8
1.01366439655734 36.0163576415229 "experimento_44" 44 1000 1000 0.95 30 0.4 1 0.8
0.989354585995898 28.7080724386134 "experimento_44" 44 1000 1000 0.95 30 0.4 1 0.8
0.996097187977284 34.0559485978537 "experimento_44" 44 1000 1000 0.95 30 0.4 1 0.8
0.988531825132668 21.4035292942869 "experimento_44" 44 1000 1000 0.95 30 0.4 1 0.8
0.993393401615322 29.6281924497756 "experimento_44" 44 1000 1000 0.95 30 0.4 1 0.8
0.989758546231315 26.8553780698336 "experimento_44" 44 1000 1000 0.95 30 0.4 1 0.8
0.99295379081741 32.9832996472793 "experimento_44" 44 1000 1000 0.95 30 0.4 1 0.8
0.997833658708259 40.5622429030245 "experimento_44" 44 1000 1000 0.95 30 0.4 1 0.8
0.99518902390264 34.5153270137997 "experimento_44" 44 1000 1000 0.95 30 0.4 1 0.8
0.994666842045262 26.7353780634515 "experimento_44" 44 1000 1000 0.95 30 0.4 1 0.8
1.00382042286364 26.7015796456329 "experimento_44" 44 1000 1000 0.95 30 0.4 1 0.8
1.00728638156628 39.307201461835 "experimento_44" 44 1000 1000 0.95 30 0.4 1 0.8
0.853906370466575 11.1165911667285 "experimento_44" 44 1000 1000 0.95 30 0.4 1 0.8
0.995733046438545 33.6122543204642 "experimento_44" 44 1000 1000 0.95 30 0.4 1 0.8
0.98935398645699 29.6960358255494 "experimento_44" 44 1000 1000 0.95 30 0.4 1 0.8
0.99455181742087 38.7327356932415 "experimento_44" 44 1000 1000 0.95 30 0.4 1 0.8
1.00001703100067 31.350511259727 "experimento_44" 44 1000 1000 0.95 30 0.4 1 0.8
0.990902042482048 36.2622394810351 "experimento_44" 44 1000 1000 0.95 30 0.4 1 0.8
1.00374936553029 40.3433733911073 "experimento_44" 44 1000 1000 0.95 30 0.4 1 0.8
0.999830744694918 35.7196707243118 "experimento_44" 44 1000 1000 0.95 30 0.4 1 0.8
0.997944486327469 26.0467078277689 "experimento_44" 44 1000 1000 0.95 30 0.4 1 0.8
1.00028898450546 39.226855407022 "experimento_44" 44 1000 1000 0.95 30 0.4 1 0.8
0.987789697479457 24.8910370823167 "experimento_44" 44 1000 1000 0.95 30 0.4 1 0.8
1.00971380978202 23.5325634641099 "experimento_44" 44 1000 1000 0.95 30 0.4 1 0.8
0.998095049522817 27.6893080677817 "experimento_44" 44 1000 1000 0.95 30 0.4 1 0.8
0.998228595824912 33.1818887597141 "experimento_44" 44 1000 1000 0.95 30 0.4 1 0.8
0.987685525324196 25.7867531711724 "experimento_44" 44 1000 1000 0.95 30 0.4 1 0.8
0.987923340406269 24.9268884970113 "experimento_44" 44 1000 1000 0.95 30 0.4 1 0.8
1.01558028796652 31.1547393988492 "experimento_44" 44 1000 1000 0.95 30 0.4 1 0.8
1.00108282404994 23.3517270440432 "experimento_44" 44 1000 1000 0.95 30 0.4 1 0.8
0.997474276227877 29.1948016120537 "experimento_44" 44 1000 1000 0.95 30 0.4 1 0.8
0.995350521523505 28.5928992445683 "experimento_44" 44 1000 1000 0.95 30 0.4 1 0.8
1.02200279124081 37.8170450011916 "experimento_44" 44 1000 1000 0.95 30 0.4 1 0.8
1.01614524768665 37.0206909053455 "experimento_44" 44 1000 1000 0.95 30 0.4 1 0.8
0.992140461690724 34.1847864704711 "experimento_44" 44 1000 1000 0.95 30 0.4 1 0.8
1.0251450565608 51.8527845001815 "experimento_44" 44 1000 1000 0.95 30 0.4 1 0.8
0.986720395740122 23.8702481643683 "experimento_44" 44 1000 1000 0.95 30 0.4 1 0.8
1.00373477647247 28.6248832320149 "experimento_44" 44 1000 1000 0.95 30 0.4 1 0.8
0.990935991518199 23.1703189336524 "experimento_44" 44 1000 1000 0.95 30 0.4 1 0.8
0.972230575280264 23.9417925272228 "experimento_44" 44 1000 1000 0.95 30 0.4 1 0.8
0.964846891118214 27.6337692861457 "experimento_44" 44 1000 1000 0.95 30 0.4 1 0.8
1.00122578308374 34.5623099802498 "experimento_44" 44 1000 1000 0.95 30 0.4 1 0.8
1.00827599563636 25.5950646614719 "experimento_44" 44 1000 1000 0.95 30 0.4 1 0.8
1.018185318339 28.1163012794173 "experimento_44" 44 1000 1000 0.95 30 0.4 1 0.8
0.990299148252234 31.1383363620508 "experimento_44" 44 1000 1000 0.95 30 0.4 1 0.8
0.995809226995334 30.7690754857729 "experimento_44" 44 1000 1000 0.95 30 0.4 1 0.8
0.986271493835375 26.8072044310811 "experimento_44" 44 1000 1000 0.95 30 0.4 1 0.8
0.987056049518287 21.5290645369118 "experimento_44" 44 1000 1000 0.95 30 0.4 1 0.8
0.996801163768396 27.0613183747256 "experimento_44" 44 1000 1000 0.95 30 0.4 1 0.8
1.00692541787174 31.9339237022046 "experimento_44" 44 1000 1000 0.95 30 0.4 1 0.8
0.976336078951135 20.9397811258743 "experimento_44" 44 1000 1000 0.95 30 0.4 1 0.8
0.983574412995949 27.4572747413419 "experimento_44" 44 1000 1000 0.95 30 0.4 1 0.8
1.00963157052174 25.7260258193538 "experimento_44" 44 1000 1000 0.95 30 0.4 1 0.8
0.978835269110277 23.4585359266632 "experimento_44" 44 1000 1000 0.95 30 0.4 1 0.8
0.988302604295313 25.4857658147626 "experimento_44" 44 1000 1000 0.95 30 0.4 1 0.8
0.999287308426574 26.64131885235 "experimento_44" 44 1000 1000 0.95 30 0.4 1 0.8
0.996481283567846 24.0844699132759 "experimento_44" 44 1000 1000 0.95 30 0.4 1 0.8
0.991198428208008 32.0592282958149 "experimento_44" 44 1000 1000 0.95 30 0.4 1 0.8
0.990518664009869 24.2512445437664 "experimento_44" 44 1000 1000 0.95 30 0.4 1 0.8
0.989211892243475 28.8377124916448 "experimento_44" 44 1000 1000 0.95 30 0.4 1 0.8
1.00365919257849 38.2218673567747 "experimento_44" 44 1000 1000 0.95 30 0.4 1 0.8
0.969281015451998 26.7733677041933 "experimento_44" 44 1000 1000 0.95 30 0.4 1 0.8
0.988095465581864 29.8755368437263 "experimento_44" 44 1000 1000 0.95 30 0.4 1 0.8
0.999644222203642 31.2676769306412 "experimento_44" 44 1000 1000 0.95 30 0.4 1 0.8
1.00226320960161 44.2025248733464 "experimento_44" 44 1000 1000 0.95 30 0.4 1 0.8
1.01741775562987 34.960036774211 "experimento_44" 44 1000 1000 0.95 30 0.4 1 0.8
0.99763553077355 43.1964823678102 "experimento_44" 44 1000 1000 0.95 30 0.4 1 0.8
1.00089023215696 37.2940242998323 "experimento_44" 44 1000 1000 0.95 30 0.4 1 0.8
1.00486472005335 28.2412594508834 "experimento_44" 44 1000 1000 0.95 30 0.4 1 0.8
0.994081198005006 30.6972797984777 "experimento_44" 44 1000 1000 0.95 30 0.4 1 0.8
1.00716153810761 31.7555923710531 "experimento_44" 44 1000 1000 0.95 30 0.4 1 0.8
0.991960129933432 27.638691670489 "experimento_44" 44 1000 1000 0.95 30 0.4 1 0.8
1.00853364329222 30.8257654026479 "experimento_44" 44 1000 1000 0.95 30 0.4 1 0.8
0.990328994346783 30.559610657724 "experimento_44" 44 1000 1000 0.95 30 0.4 1 0.8
0.990730454912409 30.7482825399128 "experimento_44" 44 1000 1000 0.95 30 0.4 1 0.8
0.936167418025434 17.3998192963062 "experimento_44" 44 1000 1000 0.95 30 0.4 1 0.8
1.00441818105367 30.7555023691171 "experimento_44" 44 1000 1000 0.95 30 0.4 1 0.8
0.996156392386183 30.9249831172452 "experimento_44" 44 1000 1000 0.95 30 0.4 1 0.8
1.00053649096529 28.6854625600274 "experimento_44" 44 1000 1000 0.95 30 0.4 1 0.8
1.0016162868562 34.3475426434077 "experimento_44" 44 1000 1000 0.95 30 0.4 1 0.8
1.00976632547875 39.3516603718075 "experimento_44" 44 1000 1000 0.95 30 0.4 1 0.8
0.972803397569805 25.330072035463 "experimento_44" 44 1000 1000 0.95 30 0.4 1 0.8
1.0266213075607 27.8116978197169 "experimento_44" 44 1000 1000 0.95 30 0.4 1 0.8
0.558830223977566 4.13763813682737 "experimento_44" 44 1000 1000 0.95 30 0.4 1 0.8
1.0089242672082 36.2550668341063 "experimento_44" 44 1000 1000 0.95 30 0.4 1 0.8
0.99689522664994 29.9296652003794 "experimento_44" 44 1000 1000 0.95 30 0.4 1 0.8
0.987609053729102 23.6569244609657 "experimento_44" 44 1000 1000 0.95 30 0.4 1 0.8
1.01455340284544 33.2738770286562 "experimento_44" 44 1000 1000 0.95 30 0.4 1 0.8
0.99655901407823 31.0995724381518 "experimento_44" 44 1000 1000 0.95 30 0.4 1 0.8
0.997003838652745 33.5728324876122 "experimento_44" 44 1000 1000 0.95 30 0.4 1 0.8
1.01241328803202 34.9763735509243 "experimento_44" 44 1000 1000 0.95 30 0.4 1 0.8
0.997074290877208 32.028333775176 "experimento_44" 44 1000 1000 0.95 30 0.4 1 0.8
0.998549394775182 32.4095769419356 "experimento_44" 44 1000 1000 0.95 30 0.4 1 0.8
0.989815354347229 25.083235268674 "experimento_44" 44 1000 1000 0.95 30 0.4 1 0.8
0.99848893773742 35.032488443722 "experimento_44" 44 1000 1000 0.95 30 0.4 1 0.8
0.984380113892257 21.8060968780978 "experimento_44" 44 1000 1000 0.95 30 0.4 1 0.8
0.990069065708667 26.3892113666602 "experimento_44" 44 1000 1000 0.95 30 0.4 1 0.8
1.01154792403492 39.1455444661861 "experimento_44" 44 1000 1000 0.95 30 0.4 1 0.8
0.995672764023766 26.0023248824735 "experimento_44" 44 1000 1000 0.95 30 0.4 1 0.8
0.997130322037265 34.0576306929632 "experimento_44" 44 1000 1000 0.95 30 0.4 1 0.8
1.00348996794783 35.7943038444314 "experimento_44" 44 1000 1000 0.95 30 0.4 1 0.8
0.528830415103585 4.1870375210581 "experimento_44" 44 1000 1000 0.95 30 0.4 1 0.8
1.00193084874846 27.222736442423 "experimento_44" 44 1000 1000 0.95 30 0.4 1 0.8
1.00011299106603 37.9919609254815 "experimento_44" 44 1000 1000 0.95 30 0.4 1 0.8
1.01311912247911 35.6135043567914 "experimento_44" 44 1000 1000 0.95 30 0.4 1 0.8
1.04770147558022 33.254308217288 "experimento_44" 44 1000 1000 0.95 30 0.4 1 0.8
0.988085524411872 26.5240558445788 "experimento_44" 44 1000 1000 0.95 30 0.4 1 0.8
0.984530824469402 21.5588611799374 "experimento_44" 44 1000 1000 0.95 30 0.4 1 0.8
0.995715995319188 33.4113507314064 "experimento_44" 44 1000 1000 0.95 30 0.4 1 0.8
1.0006513095263 35.2608484216478 "experimento_44" 44 1000 1000 0.95 30 0.4 1 0.8
0.992304843850434 28.2014471619116 "experimento_44" 44 1000 1000 0.95 30 0.4 1 0.8
0.998507964424789 32.8995714423175 "experimento_44" 44 1000 1000 0.95 30 0.4 1 0.8
1.01956115879714 37.3607621080803 "experimento_44" 44 1000 1000 0.95 30 0.4 1 0.8
1.00345363821834 38.090145213743 "experimento_44" 44 1000 1000 0.95 30 0.4 1 0.8
0.991942243883386 34.3303029453862 "experimento_44" 44 1000 1000 0.95 30 0.4 1 0.8
0.976049755001441 22.3947254943397 "experimento_44" 44 1000 1000 0.95 30 0.4 1 0.8
1.01408788713937 34.0776033084586 "experimento_44" 44 1000 1000 0.95 30 0.4 1 0.8
0.948942916467786 20.8720432699979 "experimento_44" 44 1000 1000 0.95 30 0.4 1 0.8
1.00364475692137 32.0515923257145 "experimento_44" 44 1000 1000 0.95 30 0.4 1 0.8
0.996288097929209 38.3957174944622 "experimento_44" 44 1000 1000 0.95 30 0.4 1 0.8
0.970554261468351 19.862027797369 "experimento_44" 44 1000 1000 0.95 30 0.4 1 0.8
0.994151080958545 33.2757262001491 "experimento_44" 44 1000 1000 0.95 30 0.4 1 0.8
0.999837077921256 30.0672230779321 "experimento_44" 44 1000 1000 0.95 30 0.4 1 0.8
1.00218790083503 37.5877722225765 "experimento_44" 44 1000 1000 0.95 30 0.4 1 0.8
1.01419957318964 28.6863318059354 "experimento_44" 44 1000 1000 0.95 30 0.4 1 0.8
0.996360699413344 29.5265613991817 "experimento_44" 44 1000 1000 0.95 30 0.4 1 0.8
0.997006394667551 26.7691024961173 "experimento_44" 44 1000 1000 0.95 30 0.4 1 0.8
0.998398589901626 31.4560053645045 "experimento_44" 44 1000 1000 0.95 30 0.4 1 0.8
0.991710452130064 29.406181741604 "experimento_44" 44 1000 1000 0.95 30 0.4 1 0.8
0.997123375302181 27.0077639070004 "experimento_44" 44 1000 1000 0.95 30 0.4 1 0.8
0.99452117853798 35.4229628836726 "experimento_44" 44 1000 1000 0.95 30 0.4 1 0.8
1.00156335091839 36.7684046337557 "experimento_44" 44 1000 1000 0.95 30 0.4 1 0.8
0.974935868987814 25.0673203015394 "experimento_44" 44 1000 1000 0.95 30 0.4 1 0.8
1.00002900467565 29.7048947883128 "experimento_44" 44 1000 1000 0.95 30 0.4 1 0.8
0.939174405764788 18.3039998658959 "experimento_44" 44 1000 1000 0.95 30 0.4 1 0.8
0.9884312315844 23.344436374948 "experimento_44" 44 1000 1000 0.95 30 0.4 1 0.8
0.978632454061881 23.8357479769064 "experimento_44" 44 1000 1000 0.95 30 0.4 1 0.8
0.987655147677287 28.7908286967532 "experimento_44" 44 1000 1000 0.95 30 0.4 1 0.8
0.99742914410308 32.270630656699 "experimento_44" 44 1000 1000 0.95 30 0.4 1 0.8
0.991881836205721 34.0668741812563 "experimento_44" 44 1000 1000 0.95 30 0.4 1 0.8
0.994305722648278 23.8272913918993 "experimento_44" 44 1000 1000 0.95 30 0.4 1 0.8
0.999069885583594 34.0450114901105 "experimento_44" 44 1000 1000 0.95 30 0.4 1 0.8
0.991070672869682 33.3241729381663 "experimento_44" 44 1000 1000 0.95 30 0.4 1 0.8
1.00101552576137 39.8120095286606 "experimento_44" 44 1000 1000 0.95 30 0.4 1 0.8
0.991932571399957 27.1253635955005 "experimento_44" 44 1000 1000 0.95 30 0.4 1 0.8
0.98534555057995 21.6477549384216 "experimento_44" 44 1000 1000 0.95 30 0.4 1 0.8
0.995049238670617 32.0951726540122 "experimento_44" 44 1000 1000 0.95 30 0.4 1 0.8
1.02176042029945 43.7891761388327 "experimento_44" 44 1000 1000 0.95 30 0.4 1 0.8
1.01728355181915 38.2677534951264 "experimento_44" 44 1000 1000 0.95 30 0.4 1 0.8
0.991222103359178 23.0136295756649 "experimento_44" 44 1000 1000 0.95 30 0.4 1 0.8
1.02860025632986 36.0266779380246 "experimento_44" 44 1000 1000 0.95 30 0.4 1 0.8
1.00252561076809 34.6885168560402 "experimento_44" 44 1000 1000 0.95 30 0.4 1 0.8
0.99450952722691 32.8823767824556 "experimento_44" 44 1000 1000 0.95 30 0.4 1 0.8
0.996569151757285 29.5400382660757 "experimento_44" 44 1000 1000 0.95 30 0.4 1 0.8
1.0171314627553 55.4118666085113 "experimento_44" 44 1000 1000 0.95 30 0.4 1 0.8
0.997868648963049 42.1979414651728 "experimento_44" 44 1000 1000 0.95 30 0.4 1 0.8
1.03974605761328 33.1219500419137 "experimento_44" 44 1000 1000 0.95 30 0.4 1 0.8
0.982708257390186 29.279476059755 "experimento_44" 44 1000 1000 0.95 30 0.4 1 0.8
0.992517069447786 23.3165789967054 "experimento_44" 44 1000 1000 0.95 30 0.4 1 0.8
0.988247753120959 30.2481257937662 "experimento_44" 44 1000 1000 0.95 30 0.4 1 0.8
0.986493908101693 23.9213099223924 "experimento_44" 44 1000 1000 0.95 30 0.4 1 0.8
0.984269757987931 27.4553221788119 "experimento_44" 44 1000 1000 0.95 30 0.4 1 0.8
1.00089644122248 36.1475533346152 "experimento_44" 44 1000 1000 0.95 30 0.4 1 0.8
0.985952090704814 32.5542628413381 "experimento_44" 44 1000 1000 0.95 30 0.4 1 0.8
0.864479849580675 11.1267084067303 "experimento_44" 44 1000 1000 0.95 30 0.4 1 0.8
0.970283052651212 28.3875014215721 "experimento_44" 44 1000 1000 0.95 30 0.4 1 0.8
1.00164465190222 30.8100261844061 "experimento_44" 44 1000 1000 0.95 30 0.4 1 0.8
0.983902154723182 24.5474939527752 "experimento_44" 44 1000 1000 0.95 30 0.4 1 0.8
1.01859727272143 27.6877362678515 "experimento_44" 44 1000 1000 0.95 30 0.4 1 0.8
1.01802171578941 29.7505690819121 "experimento_44" 44 1000 1000 0.95 30 0.4 1 0.8
0.991795912384987 24.9351009081823 "experimento_44" 44 1000 1000 0.95 30 0.4 1 0.8
0.631373166805133 5.1707045587307 "experimento_44" 44 1000 1000 0.95 30 0.4 1 0.8
1.0029333868239 27.3042057496258 "experimento_44" 44 1000 1000 0.95 30 0.4 1 0.8
0.994991190498695 29.2708804898791 "experimento_44" 44 1000 1000 0.95 30 0.4 1 0.8
1.00003823945934 26.9863067458392 "experimento_44" 44 1000 1000 0.95 30 0.4 1 0.8
0.992335728369653 27.2360435589258 "experimento_44" 44 1000 1000 0.95 30 0.4 1 0.8
0.997058829991147 29.4990534610176 "experimento_44" 44 1000 1000 0.95 30 0.4 1 0.8
0.991449952824041 31.0503389339672 "experimento_44" 44 1000 1000 0.95 30 0.4 1 0.8
0.91418178146705 15.79770409117 "experimento_44" 44 1000 1000 0.95 30 0.4 1 0.8
0.970303493086249 21.5447735313086 "experimento_44" 44 1000 1000 0.95 30 0.4 1 0.8
1.00310372710126 34.2239871953555 "experimento_44" 44 1000 1000 0.95 30 0.4 1 0.8
0.995583128882572 25.0988567085292 "experimento_44" 44 1000 1000 0.95 30 0.4 1 0.8
0.996842581778765 23.52156421424 "experimento_44" 44 1000 1000 0.95 30 0.4 1 0.8
0.989673094591126 34.6298982282446 "experimento_44" 44 1000 1000 0.95 30 0.4 1 0.8
0.999103817390278 24.9325231317048 "experimento_44" 44 1000 1000 0.95 30 0.4 1 0.8
1.01294292976769 27.6189510212678 "experimento_44" 44 1000 1000 0.95 30 0.4 1 0.8
1.00478536762918 34.1588540106462 "experimento_44" 44 1000 1000 0.95 30 0.4 1 0.8
0.982118846382946 24.706578969611 "experimento_44" 44 1000 1000 0.95 30 0.4 1 0.8
0.995371929369867 31.0745816561632 "experimento_44" 44 1000 1000 0.95 30 0.4 1 0.8
1.01225652120387 34.8950611896899 "experimento_44" 44 1000 1000 0.95 30 0.4 1 0.8
1.00388103050076 34.7535988680857 "experimento_44" 44 1000 1000 0.95 30 0.4 1 0.8
0.998242781031877 39.5486382696799 "experimento_44" 44 1000 1000 0.95 30 0.4 1 0.8
1.01490426049568 31.1753861503274 "experimento_44" 44 1000 1000 0.95 30 0.4 1 0.8
0.996694698464125 32.4383172167197 "experimento_44" 44 1000 1000 0.95 30 0.4 1 0.8
0.989773092558607 27.7734795470799 "experimento_44" 44 1000 1000 0.95 30 0.4 1 0.8
0.991380758117884 25.5249003534123 "experimento_44" 44 1000 1000 0.95 30 0.4 1 0.8
0.903061471413821 15.1343191424062 "experimento_44" 44 1000 1000 0.95 30 0.4 1 0.8
1.01361369712589 24.2806325720153 "experimento_44" 44 1000 1000 0.95 30 0.4 1 0.8
1.01735120237184 28.8181292987204 "experimento_44" 44 1000 1000 0.95 30 0.4 1 0.8
0.998638248303905 33.6506382061232 "experimento_44" 44 1000 1000 0.95 30 0.4 1 0.8
1.00925248985489 41.4735855713148 "experimento_44" 44 1000 1000 0.95 30 0.4 1 0.8
0.996021160157397 25.120096342209 "experimento_44" 44 1000 1000 0.95 30 0.4 1 0.8
1.0171647465943 35.7414451805494 "experimento_44" 44 1000 1000 0.95 30 0.4 1 0.8
0.975984092568979 24.8367452587874 "experimento_44" 44 1000 1000 0.95 30 0.4 1 0.8
0.996290389448404 34.5034533446969 "experimento_44" 44 1000 1000 0.95 30 0.4 1 0.8
1.01583290126485 34.5173236520046 "experimento_44" 44 1000 1000 0.95 30 0.4 1 0.8
0.99559668940492 35.5371093842688 "experimento_44" 44 1000 1000 0.95 30 0.4 1 0.8
0.922714250395074 14.2075885986016 "experimento_44" 44 1000 1000 0.95 30 0.4 1 0.8
1.00612276189254 27.0294277517908 "experimento_44" 44 1000 1000 0.95 30 0.4 1 0.8
0.991903302958235 27.6630557118119 "experimento_44" 44 1000 1000 0.95 30 0.4 1 0.8
1.02437457184478 42.8599844866901 "experimento_44" 44 1000 1000 0.95 30 0.4 1 0.8
0.998419645708054 32.5389024923219 "experimento_44" 44 1000 1000 0.95 30 0.4 1 0.8
1.000602637797 33.2596455807025 "experimento_44" 44 1000 1000 0.95 30 0.4 1 0.8
1.00426789369232 31.1397072108622 "experimento_44" 44 1000 1000 0.95 30 0.4 1 0.8
1.00251430220281 31.6975406263403 "experimento_44" 44 1000 1000 0.95 30 0.4 1 0.8
1.00070470787274 42.7897995169 "experimento_44" 44 1000 1000 0.95 30 0.4 1 0.8
1.02005390936198 46.2376576332563 "experimento_44" 44 1000 1000 0.95 30 0.4 1 0.8
0.991290005622432 27.9440522436507 "experimento_44" 44 1000 1000 0.95 30 0.4 1 0.8
0.999674048507586 40.8881290306609 "experimento_44" 44 1000 1000 0.95 30 0.4 1 0.8
0.986781133105978 23.820240138859 "experimento_44" 44 1000 1000 0.95 30 0.4 1 0.8
0.997185950400308 31.5222482463341 "experimento_44" 44 1000 1000 0.95 30 0.4 1 0.8
0.995366149349138 30.8656338931406 "experimento_44" 44 1000 1000 0.95 30 0.4 1 0.8
1.00879559312016 24.1426005615259 "experimento_44" 44 1000 1000 0.95 30 0.4 1 0.8
0.990076460409909 25.8717878803277 "experimento_44" 44 1000 1000 0.95 30 0.4 1 0.8
1.00013889560166 33.1770009062341 "experimento_44" 44 1000 1000 0.95 30 0.4 1 0.8
0.981649817200378 28.056152325936 "experimento_44" 44 1000 1000 0.95 30 0.4 1 0.8
1.01557398387231 26.4879644981351 "experimento_44" 44 1000 1000 0.95 30 0.4 1 0.8
0.977423694217578 23.6383397269166 "experimento_44" 44 1000 1000 0.95 30 0.4 1 0.8
1.01302268410412 38.4480247104934 "experimento_44" 44 1000 1000 0.95 30 0.4 1 0.8
0.96488946210593 21.1358718277758 "experimento_44" 44 1000 1000 0.95 30 0.4 1 0.8
0.994223312474787 32.0772082260752 "experimento_44" 44 1000 1000 0.95 30 0.4 1 0.8
1.01761227987396 43.3276287885225 "experimento_44" 44 1000 1000 0.95 30 0.4 1 0.8
0.996472934726626 29.7206330920995 "experimento_44" 44 1000 1000 0.95 30 0.4 1 0.8
1.00204516500123 37.4591725968635 "experimento_44" 44 1000 1000 0.95 30 0.4 1 0.8
0.996291755931452 28.2845861031288 "experimento_44" 44 1000 1000 0.95 30 0.4 1 0.8
1.01523692868014 33.916092278982 "experimento_44" 44 1000 1000 0.95 30 0.4 1 0.8
1.00128477878558 27.8120905490503 "experimento_44" 44 1000 1000 0.95 30 0.4 1 0.8
1.01190888657665 25.7706071473951 "experimento_44" 44 1000 1000 0.95 30 0.4 1 0.8
0.996674534864724 37.837292442746 "experimento_44" 44 1000 1000 0.95 30 0.4 1 0.8
0.992892986396328 25.8009131536612 "experimento_44" 44 1000 1000 0.95 30 0.4 1 0.8
1.00018861573189 29.5633219544424 "experimento_44" 44 1000 1000 0.95 30 0.4 1 0.8
1.0133836782227 36.1189247927412 "experimento_44" 44 1000 1000 0.95 30 0.4 1 0.8
1.01402345549626 35.7279750097026 "experimento_44" 44 1000 1000 0.95 30 0.4 1 0.8
0.993350868113339 24.5300748599247 "experimento_44" 44 1000 1000 0.95 30 0.4 1 0.8
1.01384421219161 30.6112806306139 "experimento_44" 44 1000 1000 0.95 30 0.4 1 0.8
0.997899955138564 27.8386804021404 "experimento_44" 44 1000 1000 0.95 30 0.4 1 0.8
0.987633009441197 34.3901665765597 "experimento_44" 44 1000 1000 0.95 30 0.4 1 0.8
0.992221829714254 29.0234949533577 "experimento_44" 44 1000 1000 0.95 30 0.4 1 0.8
0.970250016078353 22.6931297922438 "experimento_44" 44 1000 1000 0.95 30 0.4 1 0.8
0.995728318346664 34.1893314255694 "experimento_44" 44 1000 1000 0.95 30 0.4 1 0.8
0.987273906124756 26.4291103732556 "experimento_44" 44 1000 1000 0.95 30 0.4 1 0.8
0.997995655750856 31.084789690606 "experimento_44" 44 1000 1000 0.95 30 0.4 1 0.8
0.885109395487234 12.5967578934347 "experimento_44" 44 1000 1000 0.95 30 0.4 1 0.8
0.989057871513069 25.6924319279891 "experimento_44" 44 1000 1000 0.95 30 0.4 1 0.8
0.973123825388029 23.8447194017417 "experimento_44" 44 1000 1000 0.95 30 0.4 1 0.8
1.01418562593326 29.3570850758354 "experimento_44" 44 1000 1000 0.95 30 0.4 1 0.8
0.880706066731364 12.4249875172201 "experimento_44" 44 1000 1000 0.95 30 0.4 1 0.8
0.967171512544155 25.5593963540197 "experimento_44" 44 1000 1000 0.95 30 0.4 1 0.8
0.999872719403356 28.9777534006316 "experimento_44" 44 1000 1000 0.95 30 0.4 1 0.8
1.00427910188834 37.9274148526491 "experimento_44" 44 1000 1000 0.95 30 0.4 1 0.8
0.988331011729315 30.3805079563122 "experimento_44" 44 1000 1000 0.95 30 0.4 1 0.8
0.988019288517535 26.3109539310185 "experimento_44" 44 1000 1000 0.95 30 0.4 1 0.8
0.995336219202727 30.9483952724782 "experimento_44" 44 1000 1000 0.95 30 0.4 1 0.8
0.990921182790771 31.0190644460108 "experimento_44" 44 1000 1000 0.95 30 0.4 1 0.8
1.02698732690202 40.825978476863 "experimento_44" 44 1000 1000 0.95 30 0.4 1 0.8
1.00023769842325 35.0223446957016 "experimento_44" 44 1000 1000 0.95 30 0.4 1 0.8
1.00279235462658 27.768158512013 "experimento_44" 44 1000 1000 0.95 30 0.4 1 0.8
1.0145430821385 22.8576389790733 "experimento_44" 44 1000 1000 0.95 30 0.4 1 0.8
1.01218614247641 36.4495351388545 "experimento_44" 44 1000 1000 0.95 30 0.4 1 0.8
0.996009830618277 38.9232348930893 "experimento_44" 44 1000 1000 0.95 30 0.4 1 0.8
1.01027857840013 47.1783422106944 "experimento_44" 44 1000 1000 0.95 30 0.4 1 0.8
1.00969966671418 40.6441136519267 "experimento_44" 44 1000 1000 0.95 30 0.4 1 0.8
1.00133890275686 29.3367574938051 "experimento_44" 44 1000 1000 0.95 30 0.4 1 0.8
1.01313260256623 42.0525953818995 "experimento_44" 44 1000 1000 0.95 30 0.4 1 0.8
0.993549488950521 29.1950719619126 "experimento_44" 44 1000 1000 0.95 30 0.4 1 0.8
0.993856015615165 31.301093544402 "experimento_44" 44 1000 1000 0.95 30 0.4 1 0.8
0.98700572643429 25.8822309828552 "experimento_44" 44 1000 1000 0.95 30 0.4 1 0.8
0.981333416420966 35.5940439910388 "experimento_44" 44 1000 1000 0.95 30 0.4 1 0.8
0.997255696682259 31.3011161046328 "experimento_44" 44 1000 1000 0.95 30 0.4 1 0.8
0.984129020944238 25.6477452260372 "experimento_44" 44 1000 1000 0.95 30 0.4 1 0.8
0.995756167452782 26.9329121011949 "experimento_44" 44 1000 1000 0.95 30 0.4 1 0.8
1.00205040047877 32.5644016509341 "experimento_44" 44 1000 1000 0.95 30 0.4 1 0.8
0.994062640005723 31.6055050359146 "experimento_44" 44 1000 1000 0.95 30 0.4 1 0.8
0.999688285868615 27.4808112492237 "experimento_44" 44 1000 1000 0.95 30 0.4 1 0.8
0.999931105878204 29.2430695582658 "experimento_44" 44 1000 1000 0.95 30 0.4 1 0.8
0.988201742526144 27.7362913659212 "experimento_44" 44 1000 1000 0.95 30 0.4 1 0.8
0.998021628241986 27.155117489116 "experimento_44" 44 1000 1000 0.95 30 0.4 1 0.8
0.980638712411746 21.5639818825836 "experimento_44" 44 1000 1000 0.95 30 0.4 1 0.8
1.00249438820647 32.6517327440517 "experimento_44" 44 1000 1000 0.95 30 0.4 1 0.8
1.01326336204074 37.8747542511677 "experimento_44" 44 1000 1000 0.95 30 0.4 1 0.8
0.994087668601424 35.1960337447971 "experimento_44" 44 1000 1000 0.95 30 0.4 1 0.8
0.996971011394635 27.462448542158 "experimento_44" 44 1000 1000 0.95 30 0.4 1 0.8
0.993427699431777 29.7625090943566 "experimento_44" 44 1000 1000 0.95 30 0.4 1 0.8
0.971934580709785 25.1108579038962 "experimento_44" 44 1000 1000 0.95 30 0.4 1 0.8
1.00020789986787 28.863313993977 "experimento_44" 44 1000 1000 0.95 30 0.4 1 0.8
1.00709870428157 32.6571021474751 "experimento_44" 44 1000 1000 0.95 30 0.4 1 0.8
0.987789128208533 28.2220374753294 "experimento_44" 44 1000 1000 0.95 30 0.4 1 0.8
0.993965082569048 29.2917266853253 "experimento_44" 44 1000 1000 0.95 30 0.4 1 0.8
1.00911235226671 47.2731736982585 "experimento_44" 44 1000 1000 0.95 30 0.4 1 0.8
0.992465807357803 27.3515924671084 "experimento_44" 44 1000 1000 0.95 30 0.4 1 0.8
0.997247307095677 36.1730723125971 "experimento_44" 44 1000 1000 0.95 30 0.4 1 0.8
0.986510486807674 26.0741668736722 "experimento_44" 44 1000 1000 0.95 30 0.4 1 0.8
0.987738604191691 29.1109876070516 "experimento_44" 44 1000 1000 0.95 30 0.4 1 0.8
1.00322290473858 23.9051426711694 "experimento_44" 44 1000 1000 0.95 30 0.4 1 0.8
0.986966846743599 30.0307405144767 "experimento_44" 44 1000 1000 0.95 30 0.4 1 0.8
0.982717511011288 23.8071372287538 "experimento_44" 44 1000 1000 0.95 30 0.4 1 0.8
0.990706380223855 31.13347784539 "experimento_44" 44 1000 1000 0.95 30 0.4 1 0.8
0.99538785032928 33.1300714183642 "experimento_44" 44 1000 1000 0.95 30 0.4 1 0.8
0.989235009299591 28.256901385671 "experimento_44" 44 1000 1000 0.95 30 0.4 1 0.8
0.990575306816027 40.4959734524841 "experimento_44" 44 1000 1000 0.95 30 0.4 1 0.8
1.00655536679852 29.7877770586864 "experimento_44" 44 1000 1000 0.95 30 0.4 1 0.8
0.984745750902221 27.9899605657335 "experimento_44" 44 1000 1000 0.95 30 0.4 1 0.8
0.996964782010764 36.1150727542342 "experimento_44" 44 1000 1000 0.95 30 0.4 1 0.8
0.996504831826314 35.3967903032465 "experimento_44" 44 1000 1000 0.95 30 0.4 1 0.8
0.98557250504382 20.8797756140994 "experimento_44" 44 1000 1000 0.95 30 0.4 1 0.8
0.997650785604492 32.0318510255943 "experimento_44" 44 1000 1000 0.95 30 0.4 1 0.8
0.996761735994369 31.9813764971359 "experimento_44" 44 1000 1000 0.95 30 0.4 1 0.8
1.00906359508323 34.6532607220818 "experimento_44" 44 1000 1000 0.95 30 0.4 1 0.8
1.00400469234834 35.4743541944983 "experimento_44" 44 1000 1000 0.95 30 0.4 1 0.8
0.982241811929271 25.2938461341254 "experimento_44" 44 1000 1000 0.95 30 0.4 1 0.8
1.00135577595793 25.9501490085716 "experimento_44" 44 1000 1000 0.95 30 0.4 1 0.8
0.990966924466193 25.4670248924041 "experimento_44" 44 1000 1000 0.95 30 0.4 1 0.8
0.957861448638141 23.6000487923014 "experimento_44" 44 1000 1000 0.95 30 0.4 1 0.8
1.0027305688709 35.2855178585985 "experimento_44" 44 1000 1000 0.95 30 0.4 1 0.8
1.01300314161927 34.7948025949768 "experimento_44" 44 1000 1000 0.95 30 0.4 1 0.8
1.00862177795278 27.633481461185 "experimento_44" 44 1000 1000 0.95 30 0.4 1 0.8
0.9976416148711 28.5307337972473 "experimento_44" 44 1000 1000 0.95 30 0.4 1 0.8
1.00009042223295 33.1563808537798 "experimento_44" 44 1000 1000 0.95 30 0.4 1 0.8
1.00487855499935 38.8776550725043 "experimento_44" 44 1000 1000 0.95 30 0.4 1 0.8
1.01046861110387 47.6236085436127 "experimento_44" 44 1000 1000 0.95 30 0.4 1 0.8
0.98760428535752 24.5119841857256 "experimento_44" 44 1000 1000 0.95 30 0.4 1 0.8
0.99064800911583 25.2533583509811 "experimento_44" 44 1000 1000 0.95 30 0.4 1 0.8
0.994013052433729 26.851860978128 "experimento_44" 44 1000 1000 0.95 30 0.4 1 0.8
0.99641613685526 32.8486814630108 "experimento_44" 44 1000 1000 0.95 30 0.4 1 0.8
0.993328571086749 30.8718330730863 "experimento_44" 44 1000 1000 0.95 30 0.4 1 0.8
1.0203084092432 38.924569232107 "experimento_44" 44 1000 1000 0.95 30 0.4 1 0.8
0.998982772696763 31.5630722944723 "experimento_44" 44 1000 1000 0.95 30 0.4 1 0.8
1.00030877267325 32.1008086609929 "experimento_44" 44 1000 1000 0.95 30 0.4 1 0.8
0.997847465332597 37.2350043769845 "experimento_44" 44 1000 1000 0.95 30 0.4 1 0.8
0.998378635384142 31.9636597194007 "experimento_44" 44 1000 1000 0.95 30 0.4 1 0.8
1.01370932358938 31.4291061018429 "experimento_44" 44 1000 1000 0.95 30 0.4 1 0.8
0.993998294463381 31.7140997219702 "experimento_44" 44 1000 1000 0.95 30 0.4 1 0.8
1.02288228877199 28.6859154715393 "experimento_44" 44 1000 1000 0.95 30 0.4 1 0.8
0.995213048765436 32.5457852656174 "experimento_44" 44 1000 1000 0.95 30 0.4 1 0.8
1.00014101210115 37.3163755008558 "experimento_44" 44 1000 1000 0.95 30 0.4 1 0.8
0.988729671109468 26.5953120844227 "experimento_44" 44 1000 1000 0.95 30 0.4 1 0.8
0.992441026028246 28.7193932355477 "experimento_44" 44 1000 1000 0.95 30 0.4 1 0.8
1.01493690943656 47.1017745409424 "experimento_44" 44 1000 1000 0.95 30 0.4 1 0.8
0.996368172112852 31.7940898864212 "experimento_44" 44 1000 1000 0.95 30 0.4 1 0.8
0.994548780610785 29.9574232970464 "experimento_44" 44 1000 1000 0.95 30 0.4 1 0.8
0.992611150257289 32.5457150835702 "experimento_44" 44 1000 1000 0.95 30 0.4 1 0.8
1.0103744703345 32.0444088282497 "experimento_44" 44 1000 1000 0.95 30 0.4 1 0.8
0.993917485931888 31.9468775933674 "experimento_44" 44 1000 1000 0.95 30 0.4 1 0.8
0.99768728739582 28.6345934582312 "experimento_44" 44 1000 1000 0.95 30 0.4 1 0.8
1.00876202249589 33.1127198427916 "experimento_44" 44 1000 1000 0.95 30 0.4 1 0.8
0.979832106735557 25.9666915426807 "experimento_44" 44 1000 1000 0.95 30 0.4 1 0.8
1.01181252083431 33.9702576570459 "experimento_44" 44 1000 1000 0.95 30 0.4 1 0.8
0.992303675273433 27.1241673832632 "experimento_44" 44 1000 1000 0.95 30 0.4 1 0.8
0.989514308050275 26.5627170335008 "experimento_44" 44 1000 1000 0.95 30 0.4 1 0.8
1.02016068956194 36.5113173045918 "experimento_44" 44 1000 1000 0.95 30 0.4 1 0.8
0.998212292557582 36.4868538497876 "experimento_44" 44 1000 1000 0.95 30 0.4 1 0.8
0.994545675814152 31.963661473888 "experimento_44" 44 1000 1000 0.95 30 0.4 1 0.8
0.999591341242194 27.9000874435065 "experimento_44" 44 1000 1000 0.95 30 0.4 1 0.8
0.999455536017194 29.6751902839212 "experimento_44" 44 1000 1000 0.95 30 0.4 1 0.8
1.00750445827908 33.193987172621 "experimento_44" 44 1000 1000 0.95 30 0.4 1 0.8
0.993708594702184 23.9333315267697 "experimento_44" 44 1000 1000 0.95 30 0.4 1 0.8
1.01834110010726 32.6650276636078 "experimento_44" 44 1000 1000 0.95 30 0.4 1 0.8
0.999920837115496 37.9346786067804 "experimento_44" 44 1000 1000 0.95 30 0.4 1 0.8
0.995834654429927 28.1711075116856 "experimento_44" 44 1000 1000 0.95 30 0.4 1 0.8
0.989954036194831 26.7366985128761 "experimento_44" 44 1000 1000 0.95 30 0.4 1 0.8
1.00678097722121 31.520505384804 "experimento_44" 44 1000 1000 0.95 30 0.4 1 0.8
1.02712362840011 39.7869833899438 "experimento_44" 44 1000 1000 0.95 30 0.4 1 0.8
0.99239192949608 29.3415838769664 "experimento_44" 44 1000 1000 0.95 30 0.4 1 0.8
0.987204818055034 29.4403477265389 "experimento_44" 44 1000 1000 0.95 30 0.4 1 0.8
0.991424059728161 36.1682167862003 "experimento_44" 44 1000 1000 0.95 30 0.4 1 0.8
1.02242287178524 38.6998231188424 "experimento_44" 44 1000 1000 0.95 30 0.4 1 0.8
0.996422113385051 31.6090092728038 "experimento_44" 44 1000 1000 0.95 30 0.4 1 0.8
0.978741326369345 24.3884408696796 "experimento_44" 44 1000 1000 0.95 30 0.4 1 0.8
1.00430813469193 25.8012599707562 "experimento_44" 44 1000 1000 0.95 30 0.4 1 0.8
0.986991642974317 28.769111365109 "experimento_44" 44 1000 1000 0.95 30 0.4 1 0.8
0.987463188590482 30.594524453248 "experimento_44" 44 1000 1000 0.95 30 0.4 1 0.8
1.02415015884374 29.165714931298 "experimento_44" 44 1000 1000 0.95 30 0.4 1 0.8
0.996466773794964 34.327398748612 "experimento_44" 44 1000 1000 0.95 30 0.4 1 0.8
0.992744690040126 29.6322844389508 "experimento_44" 44 1000 1000 0.95 30 0.4 1 0.8
0.989993090042844 32.3453892169533 "experimento_44" 44 1000 1000 0.95 30 0.4 1 0.8
0.997288010083139 26.7463005251163 "experimento_44" 44 1000 1000 0.95 30 0.4 1 0.8
0.999484539264813 28.4935142332557 "experimento_44" 44 1000 1000 0.95 30 0.4 1 0.8
0.993015964282677 33.8320263681996 "experimento_44" 44 1000 1000 0.95 30 0.4 1 0.8
1.00067084844535 22.7299509274472 "experimento_44" 44 1000 1000 0.95 30 0.4 1 0.8
0.977669086772949 23.1017406691976 "experimento_44" 44 1000 1000 0.95 30 0.4 1 0.8
1.03993128385876 30.1739587805233 "experimento_44" 44 1000 1000 0.95 30 0.4 1 0.8
1.00380398627991 29.2773427987792 "experimento_44" 44 1000 1000 0.95 30 0.4 1 0.8
1.02846577161162 27.4402188646901 "experimento_44" 44 1000 1000 0.95 30 0.4 1 0.8
0.999272019369528 34.4684521873551 "experimento_44" 44 1000 1000 0.95 30 0.4 1 0.8
0.998278064187616 33.1978176722936 "experimento_44" 44 1000 1000 0.95 30 0.4 1 0.8
0.997906051576138 33.6695113775758 "experimento_44" 44 1000 1000 0.95 30 0.4 1 0.8
0.994305310072377 31.8639237488898 "experimento_44" 44 1000 1000 0.95 30 0.4 1 0.8
0.994729338446632 40.8022967775513 "experimento_44" 44 1000 1000 0.95 30 0.4 1 0.8
0.9990002613049 30.5282213359914 "experimento_44" 44 1000 1000 0.95 30 0.4 1 0.8
0.999554655980319 27.5219083551221 "experimento_44" 44 1000 1000 0.95 30 0.4 1 0.8
1.0001441960191 31.5561856542744 "experimento_44" 44 1000 1000 0.95 30 0.4 1 0.8
0.998954624868929 30.6222862865445 "experimento_44" 44 1000 1000 0.95 30 0.4 1 0.8
0.987859610235319 23.791558375944 "experimento_44" 44 1000 1000 0.95 30 0.4 1 0.8
1.00239598117769 40.8985804104385 "experimento_44" 44 1000 1000 0.95 30 0.4 1 0.8
0.992074226727709 27.1609419600061 "experimento_44" 44 1000 1000 0.95 30 0.4 1 0.8
1.00426580909019 29.7684394211805 "experimento_44" 44 1000 1000 0.95 30 0.4 1 0.8
1.03239641377822 33.7293164256954 "experimento_44" 44 1000 1000 0.95 30 0.4 1 0.8
1.00022758073173 48.6288245561046 "experimento_44" 44 1000 1000 0.95 30 0.4 1 0.8
1.00226258186934 33.9137835139524 "experimento_44" 44 1000 1000 0.95 30 0.4 1 0.8
0.998403846984729 38.2559355094285 "experimento_44" 44 1000 1000 0.95 30 0.4 1 0.8
1.00486405206223 29.0811255767787 "experimento_44" 44 1000 1000 0.95 30 0.4 1 0.8
1.00972763071149 39.4636187786171 "experimento_44" 44 1000 1000 0.95 30 0.4 1 0.8
1.03003799168976 64.9051364775363 "experimento_44" 44 1000 1000 0.95 30 0.4 1 0.8
0.992757270578295 27.2883652541018 "experimento_44" 44 1000 1000 0.95 30 0.4 1 0.8
0.998077769065276 34.6513239808787 "experimento_44" 44 1000 1000 0.95 30 0.4 1 0.8
0.995620083063841 30.0649092217507 "experimento_44" 44 1000 1000 0.95 30 0.4 1 0.8
1.00005482557825 26.6434482673527 "experimento_44" 44 1000 1000 0.95 30 0.4 1 0.8
0.996192785911262 31.0044132599247 "experimento_44" 44 1000 1000 0.95 30 0.4 1 0.8
0.964197919238359 25.4018950957887 "experimento_44" 44 1000 1000 0.95 30 0.4 1 0.8
0.99259115755558 31.5747395290423 "experimento_44" 44 1000 1000 0.95 30 0.4 1 0.8
0.986069455277175 26.5816994271072 "experimento_44" 44 1000 1000 0.95 30 0.4 1 0.8
0.998190846526995 35.4048890792897 "experimento_44" 44 1000 1000 0.95 30 0.4 1 0.8
0.840705827111378 10.2225109670584 "experimento_44" 44 1000 1000 0.95 30 0.4 1 0.8
1.00232198492934 35.4526582042737 "experimento_44" 44 1000 1000 0.95 30 0.4 1 0.8
0.99522705306299 26.234661914492 "experimento_44" 44 1000 1000 0.95 30 0.4 1 0.8
1.01401929641142 36.7611536541599 "experimento_44" 44 1000 1000 0.95 30 0.4 1 0.8
0.987805088516325 26.7396916935163 "experimento_44" 44 1000 1000 0.95 30 0.4 1 0.8
0.978898151312023 28.8623344668337 "experimento_44" 44 1000 1000 0.95 30 0.4 1 0.8
0.995529134990647 32.5848463499882 "experimento_44" 44 1000 1000 0.95 30 0.4 1 0.8
0.992299465229735 27.3382355536014 "experimento_44" 44 1000 1000 0.95 30 0.4 1 0.8
0.731205318123102 6.74920133031187 "experimento_44" 44 1000 1000 0.95 30 0.4 1 0.8
0.998931859619915 30.4618317319336 "experimento_44" 44 1000 1000 0.95 30 0.4 1 0.8
0.993827573955059 34.9546732780954 "experimento_44" 44 1000 1000 0.95 30 0.4 1 0.8
1.02338285002097 37.427356514001 "experimento_44" 44 1000 1000 0.95 30 0.4 1 0.8
1.00090555213392 27.6393524818167 "experimento_44" 44 1000 1000 0.95 30 0.4 1 0.8
1.00001163416459 31.0537952559177 "experimento_44" 44 1000 1000 0.95 30 0.4 1 0.8
1.01879152942759 21.8807729362291 "experimento_44" 44 1000 1000 0.95 30 0.4 1 0.8
1.03360594473639 28.5025172745391 "experimento_44" 44 1000 1000 0.95 30 0.4 1 0.8
1.00071151908487 34.501564507616 "experimento_44" 44 1000 1000 0.95 30 0.4 1 0.8
0.988915532128885 26.2138907357609 "experimento_44" 44 1000 1000 0.95 30 0.4 1 0.8
1.00390665949686 34.9524671342003 "experimento_44" 44 1000 1000 0.95 30 0.4 1 0.8
1.00054167749671 30.4153216546199 "experimento_44" 44 1000 1000 0.95 30 0.4 1 0.8
0.994776173029095 29.4912174953998 "experimento_44" 44 1000 1000 0.95 30 0.4 1 0.8
0.993937648134306 21.5751797260716 "experimento_44" 44 1000 1000 0.95 30 0.4 1 0.8
1.02598584859181 53.9558598464725 "experimento_44" 44 1000 1000 0.95 30 0.4 1 0.8
0.995938670588657 31.0217310588663 "experimento_44" 44 1000 1000 0.95 30 0.4 1 0.8
0.993520743446425 30.0973668080819 "experimento_44" 44 1000 1000 0.95 30 0.4 1 0.8
0.985146422637627 26.8806226391665 "experimento_44" 44 1000 1000 0.95 30 0.4 1 0.8
0.954774886835366 23.8390771751289 "experimento_44" 44 1000 1000 0.95 30 0.4 1 0.8
0.994234728626907 36.9615999024012 "experimento_44" 44 1000 1000 0.95 30 0.4 1 0.8
0.996223924448714 29.2983215072323 "experimento_44" 44 1000 1000 0.95 30 0.4 1 0.8
0.989029618678614 32.5050194482673 "experimento_44" 44 1000 1000 0.95 30 0.4 1 0.8
0.981120724696666 20.8320523974559 "experimento_44" 44 1000 1000 0.95 30 0.4 1 0.8
1.02822878574293 46.1606740610787 "experimento_44" 44 1000 1000 0.95 30 0.4 1 0.8
1.00178659120575 38.9337727098923 "experimento_44" 44 1000 1000 0.95 30 0.4 1 0.8
0.97779204370454 24.7501224792019 "experimento_44" 44 1000 1000 0.95 30 0.4 1 0.8
1.00290664757346 28.8709518124138 "experimento_44" 44 1000 1000 0.95 30 0.4 1 0.8
0.980477132601663 22.2779360996402 "experimento_44" 44 1000 1000 0.95 30 0.4 1 0.8
1.02426321537404 32.2258394625864 "experimento_44" 44 1000 1000 0.95 30 0.4 1 0.8
1.0230259804676 40.9082959955275 "experimento_44" 44 1000 1000 0.95 30 0.4 1 0.8
0.998749773716554 32.0275420066487 "experimento_44" 44 1000 1000 0.95 30 0.4 1 0.8
1.00006178457072 25.8322977655843 "experimento_44" 44 1000 1000 0.95 30 0.4 1 0.8
0.973739743232727 24.7535340613139 "experimento_44" 44 1000 1000 0.95 30 0.4 1 0.8
0.996141177136451 36.9307958497209 "experimento_44" 44 1000 1000 0.95 30 0.4 1 0.8
0.984180055791512 31.2242526944466 "experimento_44" 44 1000 1000 0.95 30 0.4 1 0.8
0.993787606945261 29.0044500485708 "experimento_44" 44 1000 1000 0.95 30 0.4 1 0.8
0.990136639680713 24.481683679351 "experimento_44" 44 1000 1000 0.95 30 0.4 1 0.8
0.99040219350718 22.0242748341372 "experimento_44" 44 1000 1000 0.95 30 0.4 1 0.8
1.00267252648934 30.8950934649154 "experimento_44" 44 1000 1000 0.95 30 0.4 1 0.8
0.999064967501909 30.3315979513267 "experimento_44" 44 1000 1000 0.95 30 0.4 1 0.8
0.991685174638405 29.5932627317401 "experimento_44" 44 1000 1000 0.95 30 0.4 1 0.8
0.986021509859711 28.1718292423763 "experimento_44" 44 1000 1000 0.95 30 0.4 1 0.8
1.02526720867663 29.4215403113517 "experimento_44" 44 1000 1000 0.95 30 0.4 1 0.8
0.996209574164823 24.9329961036079 "experimento_44" 44 1000 1000 0.95 30 0.4 1 0.8
1.02058823372548 43.4172222438968 "experimento_44" 44 1000 1000 0.95 30 0.4 1 0.8
0.940035683568567 18.958027221592 "experimento_44" 44 1000 1000 0.95 30 0.4 1 0.8
1.0033424812304 27.2570339980407 "experimento_44" 44 1000 1000 0.95 30 0.4 1 0.8
1.00484849962716 33.6650745986565 "experimento_44" 44 1000 1000 0.95 30 0.4 1 0.8
0.993651474826038 25.3445742462064 "experimento_44" 44 1000 1000 0.95 30 0.4 1 0.8
1.00397767387331 51.284991466893 "experimento_44" 44 1000 1000 0.95 30 0.4 1 0.8
0.999241801444441 32.5282723884177 "experimento_44" 44 1000 1000 0.95 30 0.4 1 0.8
0.971169725991786 22.0773467226259 "experimento_44" 44 1000 1000 0.95 30 0.4 1 0.8
0.993482560152188 37.393801094005 "experimento_44" 44 1000 1000 0.95 30 0.4 1 0.8
0.997729969210923 30.0497124615749 "experimento_44" 44 1000 1000 0.95 30 0.4 1 0.8
0.992092416156083 31.8255804253153 "experimento_44" 44 1000 1000 0.95 30 0.4 1 0.8
0.995982635067776 28.8367014895133 "experimento_44" 44 1000 1000 0.95 30 0.4 1 0.8
0.994831172516569 32.900992256274 "experimento_44" 44 1000 1000 0.95 30 0.4 1 0.8
1.02814456355008 34.2983477186781 "experimento_44" 44 1000 1000 0.95 30 0.4 1 0.8
0.99921795213595 40.4870361264466 "experimento_44" 44 1000 1000 0.95 30 0.4 1 0.8
1.00451925892072 30.6331268617861 "experimento_44" 44 1000 1000 0.95 30 0.4 1 0.8
0.997199075296521 32.3915278949921 "experimento_44" 44 1000 1000 0.95 30 0.4 1 0.8
1.01776877663409 46.2241978082014 "experimento_44" 44 1000 1000 0.95 30 0.4 1 0.8
0.985591679578647 29.9575342310714 "experimento_44" 44 1000 1000 0.95 30 0.4 1 0.8
1.0113597447371 38.4420416656075 "experimento_44" 44 1000 1000 0.95 30 0.4 1 0.8
0.988048032158986 23.0354247717245 "experimento_44" 44 1000 1000 0.95 30 0.4 1 0.8
0.996269464958459 32.2386290976726 "experimento_44" 44 1000 1000 0.95 30 0.4 1 0.8
1.026783876368 18.7512445009216 "experimento_44" 44 1000 1000 0.95 30 0.4 1 0.8
1.00384846724188 38.3850816885451 "experimento_44" 44 1000 1000 0.95 30 0.4 1 0.8
0.9983813946601 29.7368702178275 "experimento_44" 44 1000 1000 0.95 30 0.4 1 0.8
0.996229465119541 42.2354549420508 "experimento_44" 44 1000 1000 0.95 30 0.4 1 0.8
0.996189893223345 28.9363791916361 "experimento_44" 44 1000 1000 0.95 30 0.4 1 0.8
0.990602059289813 28.0072757288869 "experimento_44" 44 1000 1000 0.95 30 0.4 1 0.8
0.996264355489984 26.394463870619 "experimento_44" 44 1000 1000 0.95 30 0.4 1 0.8
1.00477199763991 27.2672884287547 "experimento_44" 44 1000 1000 0.95 30 0.4 1 0.8
1.00136298739207 30.00411609552 "experimento_44" 44 1000 1000 0.95 30 0.4 1 0.8
0.979985532118008 23.4410398854609 "experimento_44" 44 1000 1000 0.95 30 0.4 1 0.8
0.991508397972211 25.3826139606534 "experimento_44" 44 1000 1000 0.95 30 0.4 1 0.8
0.995245574042201 28.0003209485134 "experimento_44" 44 1000 1000 0.95 30 0.4 1 0.8
0.994759944500402 30.6056432032947 "experimento_44" 44 1000 1000 0.95 30 0.4 1 0.8
0.999966289848089 30.0306483407986 "experimento_44" 44 1000 1000 0.95 30 0.4 1 0.8
1.00023642847219 28.7231522102651 "experimento_44" 44 1000 1000 0.95 30 0.4 1 0.8
0.995804047444835 29.0522556682254 "experimento_44" 44 1000 1000 0.95 30 0.4 1 0.8
0.97429890348576 23.9530768436356 "experimento_44" 44 1000 1000 0.95 30 0.4 1 0.8
0.996129951206967 28.608807513297 "experimento_44" 44 1000 1000 0.95 30 0.4 1 0.8
1.05215117395718 45.7980027215375 "experimento_44" 44 1000 1000 0.95 30 0.4 1 0.8
0.992661772761494 30.560716050826 "experimento_44" 44 1000 1000 0.95 30 0.4 1 0.8
0.982633293606341 32.2638879465489 "experimento_44" 44 1000 1000 0.95 30 0.4 1 0.8
0.997856787173077 33.3268505208223 "experimento_44" 44 1000 1000 0.95 30 0.4 1 0.8
0.995915807783604 38.5797417157274 "experimento_44" 44 1000 1000 0.95 30 0.4 1 0.8
0.981813618214801 23.986435247841 "experimento_44" 44 1000 1000 0.95 30 0.4 1 0.8
0.994300768245012 30.2963274557332 "experimento_44" 44 1000 1000 0.95 30 0.4 1 0.8
0.966251035686582 23.6478080104368 "experimento_44" 44 1000 1000 0.95 30 0.4 1 0.8
1.03437097233891 47.4943838292281 "experimento_44" 44 1000 1000 0.95 30 0.4 1 0.8
1.0652474583409 58.6663464485099 "experimento_44" 44 1000 1000 0.95 30 0.4 1 0.8
0.993249878520146 28.4107683542851 "experimento_44" 44 1000 1000 0.95 30 0.4 1 0.8
0.998180994298309 27.8715307054657 "experimento_44" 44 1000 1000 0.95 30 0.4 1 0.8
1.00068393641963 27.8447030839065 "experimento_44" 44 1000 1000 0.95 30 0.4 1 0.8
1.01511701778509 35.7049145407908 "experimento_44" 44 1000 1000 0.95 30 0.4 1 0.8
0.943229771684855 17.8944072508949 "experimento_44" 44 1000 1000 0.95 30 0.4 1 0.8
1.02213160732451 21.9648565944185 "experimento_44" 44 1000 1000 0.95 30 0.4 1 0.8
0.991138658020645 24.980951872325 "experimento_44" 44 1000 1000 0.95 30 0.4 1 0.8
0.984827292151749 26.6227796738717 "experimento_44" 44 1000 1000 0.95 30 0.4 1 0.8
0.994513743789867 36.0418256823195 "experimento_44" 44 1000 1000 0.95 30 0.4 1 0.8
0.985563182039186 21.0956646259177 "experimento_44" 44 1000 1000 0.95 30 0.4 1 0.8
0.993631419260055 29.1665182240192 "experimento_44" 44 1000 1000 0.95 30 0.4 1 0.8
0.992794879944995 25.3051649923175 "experimento_44" 44 1000 1000 0.95 30 0.4 1 0.8
0.986597681418061 23.8163735107725 "experimento_44" 44 1000 1000 0.95 30 0.4 1 0.8
1.02725379882351 32.7510111330204 "experimento_44" 44 1000 1000 0.95 30 0.4 1 0.8
1.00336932057204 22.6573097092322 "experimento_44" 44 1000 1000 0.95 30 0.4 1 0.8
1.00056367282135 28.549888703076 "experimento_44" 44 1000 1000 0.95 30 0.4 1 0.8
0.994144658092409 28.3304935732182 "experimento_44" 44 1000 1000 0.95 30 0.4 1 0.8
0.997784752864391 40.2584661430976 "experimento_44" 44 1000 1000 0.95 30 0.4 1 0.8
0.992347273509949 29.395070911158 "experimento_44" 44 1000 1000 0.95 30 0.4 1 0.8
0.996025902917609 33.8108236225553 "experimento_44" 44 1000 1000 0.95 30 0.4 1 0.8
0.986544211627916 25.5228392421357 "experimento_44" 44 1000 1000 0.95 30 0.4 1 0.8
1.00681428002829 33.0836302521676 "experimento_44" 44 1000 1000 0.95 30 0.4 1 0.8
1.00841274692987 27.6399412399939 "experimento_44" 44 1000 1000 0.95 30 0.4 1 0.8
0.994499955326319 30.1260505651219 "experimento_44" 44 1000 1000 0.95 30 0.4 1 0.8
0.998866997892037 35.3149001475543 "experimento_44" 44 1000 1000 0.95 30 0.4 1 0.8
0.964877234771848 26.249115583665 "experimento_44" 44 1000 1000 0.95 30 0.4 1 0.8
0.993629790842533 30.6929790805619 "experimento_44" 44 1000 1000 0.95 30 0.4 1 0.8
0.976425993954763 20.7713485846748 "experimento_44" 44 1000 1000 0.95 30 0.4 1 0.8
0.998721917625517 33.4615070790314 "experimento_44" 44 1000 1000 0.95 30 0.4 1 0.8
0.988668251316994 24.812241114037 "experimento_44" 44 1000 1000 0.95 30 0.4 1 0.8
0.992002599406987 29.452016493517 "experimento_44" 44 1000 1000 0.95 30 0.4 1 0.8
0.944696886464953 18.6540338821904 "experimento_44" 44 1000 1000 0.95 30 0.4 1 0.8
1.02789541144405 49.870103546357 "experimento_44" 44 1000 1000 0.95 30 0.4 1 0.8
1.03058083162813 33.4592154891046 "experimento_44" 44 1000 1000 0.95 30 0.4 1 0.8
0.990311817964539 31.0196533369759 "experimento_44" 44 1000 1000 0.95 30 0.4 1 0.8
1.00479233413935 30.2965384437051 "experimento_44" 44 1000 1000 0.95 30 0.4 1 0.8
0.987911364762112 25.6227914390739 "experimento_44" 44 1000 1000 0.95 30 0.4 1 0.8
1.04488449847928 52.8272728264884 "experimento_44" 44 1000 1000 0.95 30 0.4 1 0.8
0.998262592125684 39.5686301199346 "experimento_44" 44 1000 1000 0.95 30 0.4 1 0.8
0.997865182347596 29.6829410980696 "experimento_44" 44 1000 1000 0.95 30 0.4 1 0.8
0.99328675866127 25.9445047710093 "experimento_44" 44 1000 1000 0.95 30 0.4 1 0.8
0.996919794473797 31.6993790891507 "experimento_44" 44 1000 1000 0.95 30 0.4 1 0.8
0.972898886771873 22.3577818948313 "experimento_44" 44 1000 1000 0.95 30 0.4 1 0.8
0.995426693465561 36.9547262312629 "experimento_44" 44 1000 1000 0.95 30 0.4 1 0.8
1.00096849421386 34.7708922046723 "experimento_44" 44 1000 1000 0.95 30 0.4 1 0.8
1.028980868774 37.6401630333886 "experimento_44" 44 1000 1000 0.95 30 0.4 1 0.8
0.988543382845819 23.3913945230393 "experimento_44" 44 1000 1000 0.95 30 0.4 1 0.8
1.00085424394347 27.1082559267197 "experimento_44" 44 1000 1000 0.95 30 0.4 1 0.8
1.02927482055264 46.5494506158197 "experimento_44" 44 1000 1000 0.95 30 0.4 1 0.8
0.98619914567098 27.7694076835486 "experimento_44" 44 1000 1000 0.95 30 0.4 1 0.8
0.95971247041598 21.3693670368357 "experimento_44" 44 1000 1000 0.95 30 0.4 1 0.8
0.957234743749723 26.7751211548081 "experimento_44" 44 1000 1000 0.95 30 0.4 1 0.8
0.995046927127987 37.8234703884797 "experimento_44" 44 1000 1000 0.95 30 0.4 1 0.8
1.01211307800064 33.1312309640257 "experimento_44" 44 1000 1000 0.95 30 0.4 1 0.8
1.00657541992453 30.6393406711448 "experimento_44" 44 1000 1000 0.95 30 0.4 1 0.8
0.997719791019335 35.8919872153933 "experimento_44" 44 1000 1000 0.95 30 0.4 1 0.8
1.00649643680081 34.8279121339736 "experimento_44" 44 1000 1000 0.95 30 0.4 1 0.8
0.998858561739326 30.1954777819939 "experimento_44" 44 1000 1000 0.95 30 0.4 1 0.8
1.00102706675728 33.4595874292765 "experimento_44" 44 1000 1000 0.95 30 0.4 1 0.8
0.98625461361371 27.581819571202 "experimento_44" 44 1000 1000 0.95 30 0.4 1 0.8
0.989228672580793 31.8826763427223 "experimento_44" 44 1000 1000 0.95 30 0.4 1 0.8
1.00815360254298 32.8875983561565 "experimento_44" 44 1000 1000 0.95 30 0.4 1 0.8
1.02653538939567 36.630798581216 "experimento_44" 44 1000 1000 0.95 30 0.4 1 0.8
1.0025647220556 28.9407594019776 "experimento_44" 44 1000 1000 0.95 30 0.4 1 0.8
1.00140634309121 39.5775182686263 "experimento_44" 44 1000 1000 0.95 30 0.4 1 0.8
0.997664307244122 31.1307247246828 "experimento_44" 44 1000 1000 0.95 30 0.4 1 0.8
1.00290995203055 38.5075506378098 "experimento_44" 44 1000 1000 0.95 30 0.4 1 0.8
0.991545992204919 35.1631973264504 "experimento_44" 44 1000 1000 0.95 30 0.4 1 0.8
1.00613243201127 30.231906560628 "experimento_44" 44 1000 1000 0.95 30 0.4 1 0.8
1.02034486133064 39.1524177921874 "experimento_44" 44 1000 1000 0.95 30 0.4 1 0.8
0.996671171160415 34.1058556720395 "experimento_44" 44 1000 1000 0.95 30 0.4 1 0.8
0.997731029288843 44.8044060247619 "experimento_44" 44 1000 1000 0.95 30 0.4 1 0.8
0.995973373530433 35.8360284996835 "experimento_44" 44 1000 1000 0.95 30 0.4 1 0.8
0.987548838136718 28.5870669196803 "experimento_44" 44 1000 1000 0.95 30 0.4 1 0.8
1.01170447634843 27.0789916432202 "experimento_44" 44 1000 1000 0.95 30 0.4 1 0.8
1.00294178368946 27.288497683027 "experimento_44" 44 1000 1000 0.95 30 0.4 1 0.8
0.988992244703695 27.3688701063848 "experimento_44" 44 1000 1000 0.95 30 0.4 1 0.8
0.991129683330655 25.8400466600679 "experimento_44" 44 1000 1000 0.95 30 0.4 1 0.8
1.00160655089033 35.6223421804742 "experimento_44" 44 1000 1000 0.95 30 0.4 1 0.8
0.993417200865224 32.9108942783815 "experimento_44" 44 1000 1000 0.95 30 0.4 1 0.8
0.977860556449741 25.2426255768664 "experimento_44" 44 1000 1000 0.95 30 0.4 1 0.8
0.935480719432235 19.6958913139891 "experimento_44" 44 1000 1000 0.95 30 0.4 1 0.8
0.948488078312948 16.7393514073322 "experimento_44" 44 1000 1000 0.95 30 0.4 1 0.8
0.992906296160072 28.9651918091862 "experimento_44" 44 1000 1000 0.95 30 0.4 1 0.8
0.994035619078204 37.9854028422919 "experimento_44" 44 1000 1000 0.95 30 0.4 1 0.8
0.998250621603802 29.8974816128093 "experimento_44" 44 1000 1000 0.95 30 0.4 1 0.8
1.0291477303938 48.9233261893514 "experimento_44" 44 1000 1000 0.95 30 0.4 1 0.8
0.998957333387807 38.1511572640381 "experimento_44" 44 1000 1000 0.95 30 0.4 1 0.8
0.97710802545771 22.8921429931074 "experimento_44" 44 1000 1000 0.95 30 0.4 1 0.8
0.991326736984774 27.8874488022651 "experimento_44" 44 1000 1000 0.95 30 0.4 1 0.8
0.993116994854063 33.0056149594917 "experimento_44" 44 1000 1000 0.95 30 0.4 1 0.8
0.979857366299257 26.7544624111907 "experimento_44" 44 1000 1000 0.95 30 0.4 1 0.8
1.00337043072407 28.9498044457728 "experimento_44" 44 1000 1000 0.95 30 0.4 1 0.8
0.99074249016121 28.132511358339 "experimento_44" 44 1000 1000 0.95 30 0.4 1 0.8
1.00019529887165 33.1441788753569 "experimento_44" 44 1000 1000 0.95 30 0.4 1 0.8
0.990717667154968 29.0013093912797 "experimento_44" 44 1000 1000 0.95 30 0.4 1 0.8
0.991146580083296 39.2791877419897 "experimento_44" 44 1000 1000 0.95 30 0.4 1 0.8
0.997810408705845 31.4017164067403 "experimento_44" 44 1000 1000 0.95 30 0.4 1 0.8
1.01644604671746 29.5066857882494 "experimento_44" 44 1000 1000 0.95 30 0.4 1 0.8
1.00001030376491 28.8109092298389 "experimento_44" 44 1000 1000 0.95 30 0.4 1 0.8
1.01535680969246 38.4744137729784 "experimento_44" 44 1000 1000 0.95 30 0.4 1 0.8
0.994477869709954 31.6023232558277 "experimento_44" 44 1000 1000 0.95 30 0.4 1 0.8
0.972048983210698 22.3503605262998 "experimento_44" 44 1000 1000 0.95 30 0.4 1 0.8
0.980585276149213 25.2625868224019 "experimento_44" 44 1000 1000 0.95 30 0.4 1 0.8
0.997763932682574 32.0584165103936 "experimento_44" 44 1000 1000 0.95 30 0.4 1 0.8
0.995058204280213 30.9546335471376 "experimento_44" 44 1000 1000 0.95 30 0.4 1 0.8
1.00272044480468 31.8399510688422 "experimento_44" 44 1000 1000 0.95 30 0.4 1 0.8
0.991757543524727 27.4752041201639 "experimento_44" 44 1000 1000 0.95 30 0.4 1 0.8
0.984673753613606 25.7986814603038 "experimento_44" 44 1000 1000 0.95 30 0.4 1 0.8
1.00274370773819 28.9453991106623 "experimento_44" 44 1000 1000 0.95 30 0.4 1 0.8
1.00443318168712 33.0249822251281 "experimento_44" 44 1000 1000 0.95 30 0.4 1 0.8
1.02469521055659 41.4236043257438 "experimento_44" 44 1000 1000 0.95 30 0.4 1 0.8
1.00467294116194 31.6843705368268 "experimento_44" 44 1000 1000 0.95 30 0.4 1 0.8
0.999751521740109 35.2574753925689 "experimento_44" 44 1000 1000 0.95 30 0.4 1 0.8
0.969810330308974 20.3706353317945 "experimento_44" 44 1000 1000 0.95 30 0.4 1 0.8
0.993118211394176 27.1748736938966 "experimento_44" 44 1000 1000 0.95 30 0.4 1 0.8
0.989330424228683 23.0879228162567 "experimento_44" 44 1000 1000 0.95 30 0.4 1 0.8
0.991446576081216 27.6637437430019 "experimento_44" 44 1000 1000 0.95 30 0.4 1 0.8
0.996500211767852 27.9508859713267 "experimento_44" 44 1000 1000 0.95 30 0.4 1 0.8
1.03243470626897 37.4082278477333 "experimento_44" 44 1000 1000 0.95 30 0.4 1 0.8
0.986218100180849 35.9673131088014 "experimento_44" 44 1000 1000 0.95 30 0.4 1 0.8
0.998649122193456 26.2832382285889 "experimento_44" 44 1000 1000 0.95 30 0.4 1 0.8
1.00781140503221 32.1830482263491 "experimento_44" 44 1000 1000 0.95 30 0.4 1 0.8
0.998216180829331 27.4465431114488 "experimento_44" 44 1000 1000 0.95 30 0.4 1 0.8
0.989148564403877 26.6018373544187 "experimento_44" 44 1000 1000 0.95 30 0.4 1 0.8
1.00103028927309 28.7869568072679 "experimento_44" 44 1000 1000 0.95 30 0.4 1 0.8
1.00834650673593 30.6158368882782 "experimento_44" 44 1000 1000 0.95 30 0.4 1 0.8
1.01672948836349 26.5238830609452 "experimento_44" 44 1000 1000 0.95 30 0.4 1 0.8
1.03709344708763 67.6763264623115 "experimento_44" 44 1000 1000 0.95 30 0.4 1 0.8
1.02155145546421 40.1843535532694 "experimento_44" 44 1000 1000 0.95 30 0.4 1 0.8
0.991985511267558 32.5632538190218 "experimento_44" 44 1000 1000 0.95 30 0.4 1 0.8
0.986686402466148 23.2756737564318 "experimento_44" 44 1000 1000 0.95 30 0.4 1 0.8
0.997464037500322 29.1442214818247 "experimento_44" 44 1000 1000 0.95 30 0.4 1 0.8
0.98792785522528 27.605144469089 "experimento_44" 44 1000 1000 0.95 30 0.4 1 0.8
0.993536236695945 32.7042742580637 "experimento_44" 44 1000 1000 0.95 30 0.4 1 0.8
0.998041851678863 29.0746807692077 "experimento_44" 44 1000 1000 0.95 30 0.4 1 0.8
0.980199357261881 23.3952337223507 "experimento_44" 44 1000 1000 0.95 30 0.4 1 0.8
1.01394910436744 36.0123564254245 "experimento_44" 44 1000 1000 0.95 30 0.4 1 0.8
1.0008530176879 31.7733643185997 "experimento_44" 44 1000 1000 0.95 30 0.4 1 0.8
1.00374508810647 29.3010039346638 "experimento_44" 44 1000 1000 0.95 30 0.4 1 0.8
1.00766041860916 30.2933972544437 "experimento_44" 44 1000 1000 0.95 30 0.4 1 0.8
0.998399029718712 30.7350274687611 "experimento_44" 44 1000 1000 0.95 30 0.4 1 0.8
0.975515440572053 24.5700710500313 "experimento_44" 44 1000 1000 0.95 30 0.4 1 0.8
0.950100701535121 19.4620603969943 "experimento_44" 44 1000 1000 0.95 30 0.4 1 0.8
1.00191884048597 26.4257657077192 "experimento_44" 44 1000 1000 0.95 30 0.4 1 0.8
0.993531878571957 32.9911735647027 "experimento_44" 44 1000 1000 0.95 30 0.4 1 0.8
0.99832150246948 31.447927868989 "experimento_44" 44 1000 1000 0.95 30 0.4 1 0.8
1.00708427402812 29.4703529640923 "experimento_44" 44 1000 1000 0.95 30 0.4 1 0.8
0.993331935023889 26.3550690209542 "experimento_44" 44 1000 1000 0.95 30 0.4 1 0.8
1.00000310849088 33.4448411242024 "experimento_44" 44 1000 1000 0.95 30 0.4 1 0.8
0.99796402361244 27.7995710174255 "experimento_44" 44 1000 1000 0.95 30 0.4 1 0.8
0.987733616726473 25.2123432685785 "experimento_44" 44 1000 1000 0.95 30 0.4 1 0.8
0.993100141175091 24.8067322795732 "experimento_44" 44 1000 1000 0.95 30 0.4 1 0.8
0.997656362596899 32.5826488656635 "experimento_44" 44 1000 1000 0.95 30 0.4 1 0.8
0.999016069807112 26.4298358275288 "experimento_44" 44 1000 1000 0.95 30 0.4 1 0.8
0.98672655201517 26.9793289950194 "experimento_44" 44 1000 1000 0.95 30 0.4 1 0.8
0.997158210491762 33.0972637737221 "experimento_44" 44 1000 1000 0.95 30 0.4 1 0.8
0.897303471341729 13.5191580918808 "experimento_44" 44 1000 1000 0.95 30 0.4 1 0.8
0.991657975362614 32.174608064249 "experimento_44" 44 1000 1000 0.95 30 0.4 1 0.8
0.999459164217114 34.3085698266342 "experimento_44" 44 1000 1000 0.95 30 0.4 1 0.8
1.01420549529915 43.752829384541 "experimento_44" 44 1000 1000 0.95 30 0.4 1 0.8
1.00090763825764 35.5925912007089 "experimento_44" 44 1000 1000 0.95 30 0.4 1 0.8
0.993299552705139 25.5086398946684 "experimento_44" 44 1000 1000 0.95 30 0.4 1 0.8
0.991681952727959 27.3720841757996 "experimento_44" 44 1000 1000 0.95 30 0.4 1 0.8
1.00159312463288 28.1255399225998 "experimento_44" 44 1000 1000 0.95 30 0.4 1 0.8
0.9859686170239 26.1931605521538 "experimento_44" 44 1000 1000 0.95 30 0.4 1 0.8
0.992162445094436 25.5303322317788 "experimento_44" 44 1000 1000 0.95 30 0.4 1 0.8
0.998742817901075 32.5948069004407 "experimento_44" 44 1000 1000 0.95 30 0.4 1 0.8
0.988765652757138 27.5738180868396 "experimento_44" 44 1000 1000 0.95 30 0.4 1 0.8
0.98465119744651 30.1453711079953 "experimento_44" 44 1000 1000 0.95 30 0.4 1 0.8
1.0033956233412 32.4729749080091 "experimento_44" 44 1000 1000 0.95 30 0.4 1 0.8
0.981662571197376 26.1925630098528 "experimento_44" 44 1000 1000 0.95 30 0.4 1 0.8
0.974185743834823 26.8901041222001 "experimento_44" 44 1000 1000 0.95 30 0.4 1 0.8
1.00735331568867 30.6040948228163 "experimento_44" 44 1000 1000 0.95 30 0.4 1 0.8
0.983570689801127 20.99139431645 "experimento_44" 44 1000 1000 0.95 30 0.4 1 0.8
0.99237562995404 28.4191229222349 "experimento_44" 44 1000 1000 0.95 30 0.4 1 0.8
0.981030668597668 26.9152077660309 "experimento_44" 44 1000 1000 0.95 30 0.4 1 0.8
0.993974465643987 24.3634629856787 "experimento_44" 44 1000 1000 0.95 30 0.4 1 0.8
1.02472954935565 41.0291796475046 "experimento_44" 44 1000 1000 0.95 30 0.4 1 0.8
0.994720806367695 32.6075825967413 "experimento_44" 44 1000 1000 0.95 30 0.4 1 0.8
0.99870205600746 35.1333430424152 "experimento_44" 44 1000 1000 0.95 30 0.4 1 0.8
0.989701688755304 24.074033324099 "experimento_44" 44 1000 1000 0.95 30 0.4 1 0.8
1.00768887605518 36.0520940641137 "experimento_44" 44 1000 1000 0.95 30 0.4 1 0.8
0.997968573123217 28.9063816634477 "experimento_44" 44 1000 1000 0.95 30 0.4 1 0.8
0.99476108700037 32.6683286807932 "experimento_44" 44 1000 1000 0.95 30 0.4 1 0.8
0.985710104927421 21.2597371354297 "experimento_44" 44 1000 1000 0.95 30 0.4 1 0.8
1.01594598455755 40.2379943646958 "experimento_44" 44 1000 1000 0.95 30 0.4 1 0.8
0.987106018932536 27.2778235541269 "experimento_44" 44 1000 1000 0.95 30 0.4 1 0.8
0.990623524179682 26.7786089282395 "experimento_44" 44 1000 1000 0.95 30 0.4 1 0.8
0.997960401698947 43.279357087379 "experimento_44" 44 1000 1000 0.95 30 0.4 1 0.8
0.990748431999236 23.2673023273589 "experimento_44" 44 1000 1000 0.95 30 0.4 1 0.8
1.02109149202394 37.4870727111855 "experimento_44" 44 1000 1000 0.95 30 0.4 1 0.8
0.983658561017364 25.0055968740642 "experimento_44" 44 1000 1000 0.95 30 0.4 1 0.8
1.00653314657199 37.0248412285394 "experimento_44" 44 1000 1000 0.95 30 0.4 1 0.8
1.00458155761783 26.5193749344352 "experimento_44" 44 1000 1000 0.95 30 0.4 1 0.8
0.988851778907701 27.487471577311 "experimento_44" 44 1000 1000 0.95 30 0.4 1 0.8
0.989381251391023 24.148898039095 "experimento_44" 44 1000 1000 0.95 30 0.4 1 0.8
0.986547210020944 31.7541945274024 "experimento_44" 44 1000 1000 0.95 30 0.4 1 0.8
1.00994096910581 27.6534907854467 "experimento_44" 44 1000 1000 0.95 30 0.4 1 0.8
0.995675981510431 29.6544862310059 "experimento_44" 44 1000 1000 0.95 30 0.4 1 0.8
0.98847043630667 27.138741097955 "experimento_44" 44 1000 1000 0.95 30 0.4 1 0.8
1.01658048050789 37.2093297096632 "experimento_44" 44 1000 1000 0.95 30 0.4 1 0.8
0.99593863543123 26.8828286558046 "experimento_44" 44 1000 1000 0.95 30 0.4 1 0.8
1.00665621155122 28.9068960180131 "experimento_44" 44 1000 1000 0.95 30 0.4 1 0.8
0.99140318389982 29.3961474997458 "experimento_44" 44 1000 1000 0.95 30 0.4 1 0.8
0.918322442797944 15.6698273489296 "experimento_44" 44 1000 1000 0.95 30 0.4 1 0.8
0.977136169327423 25.6268550791618 "experimento_44" 44 1000 1000 0.95 30 0.4 1 0.8
1.02972194968272 39.1893935680581 "experimento_44" 44 1000 1000 0.95 30 0.4 1 0.8
1.03040054859453 25.2818197189907 "experimento_44" 44 1000 1000 0.95 30 0.4 1 0.8
1.00752325236487 34.7050121896143 "experimento_44" 44 1000 1000 0.95 30 0.4 1 0.8
0.988746985793114 32.0196834190627 "experimento_44" 44 1000 1000 0.95 30 0.4 1 0.8
0.993442649487406 27.2967274187196 "experimento_44" 44 1000 1000 0.95 30 0.4 1 0.8
1.00131921709205 29.7472031708742 "experimento_44" 44 1000 1000 0.95 30 0.4 1 0.8
0.983324656262994 29.1247480296708 "experimento_44" 44 1000 1000 0.95 30 0.4 1 0.8
0.995551983825862 30.3994604090634 "experimento_44" 44 1000 1000 0.95 30 0.4 1 0.8
0.989294390659779 28.3090970153908 "experimento_44" 44 1000 1000 0.95 30 0.4 1 0.8
1.01684860883591 27.1352721374171 "experimento_44" 44 1000 1000 0.95 30 0.4 1 0.8
1.02683927332407 33.8545313645469 "experimento_44" 44 1000 1000 0.95 30 0.4 1 0.8
1.01143956963594 31.7299796874757 "experimento_44" 44 1000 1000 0.95 30 0.4 1 0.8
0.976910598576069 22.5333897687079 "experimento_44" 44 1000 1000 0.95 30 0.4 1 0.8
1.0185607133278 31.6267290300512 "experimento_44" 44 1000 1000 0.95 30 0.4 1 0.8
0.989004843402654 29.4193675753459 "experimento_44" 44 1000 1000 0.95 30 0.4 1 0.8
1.02352492424209 25.6236096367128 "experimento_44" 44 1000 1000 0.95 30 0.4 1 0.8
0.996152410283685 25.6495133749956 "experimento_44" 44 1000 1000 0.95 30 0.4 1 0.8
0.526510637020692 3.93128581103877 "experimento_44" 44 1000 1000 0.95 30 0.4 1 0.8
0.994041046127677 30.3071680625959 "experimento_44" 44 1000 1000 0.95 30 0.4 1 0.8
0.995934768114239 25.7648977452009 "experimento_44" 44 1000 1000 0.95 30 0.4 1 0.8
0.963322944007814 22.648552439498 "experimento_44" 44 1000 1000 0.95 30 0.4 1 0.8
0.995662608882412 29.0024374489928 "experimento_44" 44 1000 1000 0.95 30 0.4 1 0.8
0.997350854799151 29.900831689713 "experimento_44" 44 1000 1000 0.95 30 0.4 1 0.8
0.999247753759846 29.297696840542 "experimento_44" 44 1000 1000 0.95 30 0.4 1 0.8
0.983887578127906 26.575330268752 "experimento_44" 44 1000 1000 0.95 30 0.4 1 0.8
1.00526418647218 32.9522271234902 "experimento_44" 44 1000 1000 0.95 30 0.4 1 0.8
1.01407397959071 34.220032983496 "experimento_44" 44 1000 1000 0.95 30 0.4 1 0.8
0.993696129182354 30.0946019039696 "experimento_44" 44 1000 1000 0.95 30 0.4 1 0.8
1.00464667435735 31.0145477569829 "experimento_44" 44 1000 1000 0.95 30 0.4 1 0.8
1.00475217274701 34.4722764803603 "experimento_44" 44 1000 1000 0.95 30 0.4 1 0.8
1.00073073278018 29.2522603571362 "experimento_44" 44 1000 1000 0.95 30 0.4 1 0.8
0.99019013135694 36.5993991447943 "experimento_44" 44 1000 1000 0.95 30 0.4 1 0.8
0.992100623901933 26.6045557852975 "experimento_44" 44 1000 1000 0.95 30 0.4 1 0.8
1.00445574181191 35.8720219791056 "experimento_44" 44 1000 1000 0.95 30 0.4 1 0.8
1.00728123399811 36.9031722047626 "experimento_44" 44 1000 1000 0.95 30 0.4 1 0.8
0.99307400197722 28.1331876382466 "experimento_44" 44 1000 1000 0.95 30 0.4 1 0.8
0.997305776458234 38.1391528635877 "experimento_44" 44 1000 1000 0.95 30 0.4 1 0.8
0.992955594323575 31.2196380834997 "experimento_44" 44 1000 1000 0.95 30 0.4 1 0.8
0.98730005719699 24.1994049460791 "experimento_44" 44 1000 1000 0.95 30 0.4 1 0.8
1.02984721852947 42.5781690234896 "experimento_44" 44 1000 1000 0.95 30 0.4 1 0.8
1.00230616952871 27.8748343842044 "experimento_44" 44 1000 1000 0.95 30 0.4 1 0.8
0.924790135584772 16.6611370751185 "experimento_44" 44 1000 1000 0.95 30 0.4 1 0.8
0.994240225758404 42.9312542611204 "experimento_44" 44 1000 1000 0.95 30 0.4 1 0.8
1.01127166206328 33.4505036984936 "experimento_44" 44 1000 1000 0.95 30 0.4 1 0.8
0.980126037495211 29.0497170062765 "experimento_44" 44 1000 1000 0.95 30 0.4 1 0.8
1.00781236762382 37.0073928105389 "experimento_44" 44 1000 1000 0.95 30 0.4 1 0.8
0.998664156533778 31.9821390996271 "experimento_44" 44 1000 1000 0.95 30 0.4 1 0.8
1.00766942275998 30.6758507067396 "experimento_44" 44 1000 1000 0.95 30 0.4 1 0.8
1.00397245492786 38.5937128949845 "experimento_44" 44 1000 1000 0.95 30 0.4 1 0.8
0.998150950297713 28.9397200835137 "experimento_44" 44 1000 1000 0.95 30 0.4 1 0.8
1.03225872904543 44.5119380494343 "experimento_44" 44 1000 1000 0.95 30 0.4 1 0.8
0.995066899107769 23.5551316366343 "experimento_44" 44 1000 1000 0.95 30 0.4 1 0.8
1.01792857327188 24.904009512864 "experimento_44" 44 1000 1000 0.95 30 0.4 1 0.8
1.00966917367963 27.0395958371416 "experimento_44" 44 1000 1000 0.95 30 0.4 1 0.8
1.0057951420856 37.807930776454 "experimento_44" 44 1000 1000 0.95 30 0.4 1 0.8
0.994001833721995 23.723107858156 "experimento_44" 44 1000 1000 0.95 30 0.4 1 0.8
0.995188797125593 32.0078097552659 "experimento_44" 44 1000 1000 0.95 30 0.4 1 0.8
1.00124901168359 28.3522124717411 "experimento_44" 44 1000 1000 0.95 30 0.4 1 0.8
0.996705898083746 28.1228582264975 "experimento_44" 44 1000 1000 0.95 30 0.4 1 0.8
1.0058326027002 33.7304253102169 "experimento_44" 44 1000 1000 0.95 30 0.4 1 0.8
1.01010272859906 30.2728529179708 "experimento_44" 44 1000 1000 0.95 30 0.4 1 0.8
0.997366877971217 37.6197645168862 "experimento_44" 44 1000 1000 0.95 30 0.4 1 0.8
0.983045132597908 28.7984738931704 "experimento_44" 44 1000 1000 0.95 30 0.4 1 0.8
0.931500688893721 17.0278898232485 "experimento_44" 44 1000 1000 0.95 30 0.4 1 0.8
0.992657865397632 23.4896682638929 "experimento_44" 44 1000 1000 0.95 30 0.4 1 0.8
0.994544968241826 27.1354786753425 "experimento_44" 44 1000 1000 0.95 30 0.4 1 0.8
0.992234292207286 34.7459469258091 "experimento_44" 44 1000 1000 0.95 30 0.4 1 0.8
0.994329513050616 37.8565402829993 "experimento_44" 44 1000 1000 0.95 30 0.4 1 0.8
1.0063995127889 32.3317644534203 "experimento_44" 44 1000 1000 0.95 30 0.4 1 0.8
0.970136557240039 25.4941698758049 "experimento_44" 44 1000 1000 0.95 30 0.4 1 0.8
0.991968689020723 26.1295991427071 "experimento_44" 44 1000 1000 0.95 30 0.4 1 0.8
0.995564573444426 26.5104409550036 "experimento_44" 44 1000 1000 0.95 30 0.4 1 0.8
1.01260540881194 36.9387561407105 "experimento_44" 44 1000 1000 0.95 30 0.4 1 0.8
1.00426585215526 31.3647453252653 "experimento_44" 44 1000 1000 0.95 30 0.4 1 0.8
0.993989657610655 26.4403180836715 "experimento_44" 44 1000 1000 0.95 30 0.4 1 0.8
0.994210082339123 31.845479894369 "experimento_44" 44 1000 1000 0.95 30 0.4 1 0.8
1.00023065408454 31.2531542472297 "experimento_44" 44 1000 1000 0.95 30 0.4 1 0.8
0.987337352940813 25.3716216059326 "experimento_44" 44 1000 1000 0.95 30 0.4 1 0.8
1.04126183275614 44.2786390657894 "experimento_44" 44 1000 1000 0.95 30 0.4 1 0.8
0.999335072003305 26.7219402681997 "experimento_44" 44 1000 1000 0.95 30 0.4 1 0.8
0.998542748624459 32.4700601438088 "experimento_44" 44 1000 1000 0.95 30 0.4 1 0.8
0.995082851033658 25.8684078330993 "experimento_44" 44 1000 1000 0.95 30 0.4 1 0.8
1.01207081012185 34.7243529088926 "experimento_44" 44 1000 1000 0.95 30 0.4 1 0.8
1.00657189752286 32.2622270454159 "experimento_44" 44 1000 1000 0.95 30 0.4 1 0.8
0.993159756762907 22.8587091253674 "experimento_44" 44 1000 1000 0.95 30 0.4 1 0.8
0.991782903438434 25.4400039906023 "experimento_44" 44 1000 1000 0.95 30 0.4 1 0.8
0.997659128392115 31.960198220982 "experimento_44" 44 1000 1000 0.95 30 0.4 1 0.8
0.972069496521726 21.9580149851035 "experimento_44" 44 1000 1000 0.95 30 0.4 1 0.8
0.978266785154119 26.1793637948304 "experimento_44" 44 1000 1000 0.95 30 0.4 1 0.8
0.960691278101876 21.7093145857043 "experimento_44" 44 1000 1000 0.95 30 0.4 1 0.8
1.01776385622409 37.4412301443215 "experimento_44" 44 1000 1000 0.95 30 0.4 1 0.8
1.00213978208291 31.3783298791446 "experimento_44" 44 1000 1000 0.95 30 0.4 1 0.8
0.991188672138378 28.5301049912097 "experimento_44" 44 1000 1000 0.95 30 0.4 1 0.8
0.995283889817074 29.2875047065612 "experimento_44" 44 1000 1000 0.95 30 0.4 1 0.8
0.856874168617651 10.7826874857107 "experimento_44" 44 1000 1000 0.95 30 0.4 1 0.8
1.00562217079665 43.0691427409896 "experimento_44" 44 1000 1000 0.95 30 0.4 1 0.8
1.00471521794486 29.3006362228359 "experimento_44" 44 1000 1000 0.95 30 0.4 1 0.8
0.998503601644188 32.2485066920833 "experimento_44" 44 1000 1000 0.95 30 0.4 1 0.8
