"est.u" "est.lamb" "name" "seed" "size" "replicates" "p_umbral" "exp_lambda" "alpha_pen" "n_pen" "c"
0.986737993313 3.82339324217104 "experimento_64" 64 2000 1000 0.8 4 0.4 1 0.8
1.04532644175924 4.47739817137971 "experimento_64" 64 2000 1000 0.8 4 0.4 1 0.8
0.957256125286222 3.95798550178737 "experimento_64" 64 2000 1000 0.8 4 0.4 1 0.8
0.899383329320699 3.69926529009675 "experimento_64" 64 2000 1000 0.8 4 0.4 1 0.8
0.946538956137374 3.94816243157049 "experimento_64" 64 2000 1000 0.8 4 0.4 1 0.8
1.04783332906663 3.93416551338339 "experimento_64" 64 2000 1000 0.8 4 0.4 1 0.8
0.910040940856561 3.79257316501824 "experimento_64" 64 2000 1000 0.8 4 0.4 1 0.8
0.905508208088577 3.94462355210141 "experimento_64" 64 2000 1000 0.8 4 0.4 1 0.8
1.00417508243117 4.74552740600301 "experimento_64" 64 2000 1000 0.8 4 0.4 1 0.8
0.962302459869534 3.96963657278306 "experimento_64" 64 2000 1000 0.8 4 0.4 1 0.8
0.968626452377066 3.89331199836721 "experimento_64" 64 2000 1000 0.8 4 0.4 1 0.8
0.935049770632759 4.20095625637344 "experimento_64" 64 2000 1000 0.8 4 0.4 1 0.8
0.959970206953585 4.11305588083292 "experimento_64" 64 2000 1000 0.8 4 0.4 1 0.8
0.903455256018788 3.83960970107495 "experimento_64" 64 2000 1000 0.8 4 0.4 1 0.8
0.879783466691151 3.76030183308137 "experimento_64" 64 2000 1000 0.8 4 0.4 1 0.8
0.936150255147368 4.10828616027913 "experimento_64" 64 2000 1000 0.8 4 0.4 1 0.8
0.988597545772791 4.13744128469502 "experimento_64" 64 2000 1000 0.8 4 0.4 1 0.8
0.937240602215752 4.00212807622484 "experimento_64" 64 2000 1000 0.8 4 0.4 1 0.8
0.928816176950932 4.0776022433234 "experimento_64" 64 2000 1000 0.8 4 0.4 1 0.8
0.886038131546229 3.74417712273521 "experimento_64" 64 2000 1000 0.8 4 0.4 1 0.8
0.962458896450698 3.84470606583589 "experimento_64" 64 2000 1000 0.8 4 0.4 1 0.8
0.935224272776395 3.93024929073903 "experimento_64" 64 2000 1000 0.8 4 0.4 1 0.8
0.903482570080087 3.81510179284486 "experimento_64" 64 2000 1000 0.8 4 0.4 1 0.8
0.883580244844779 3.59459969103281 "experimento_64" 64 2000 1000 0.8 4 0.4 1 0.8
0.979404319543391 4.08499160929586 "experimento_64" 64 2000 1000 0.8 4 0.4 1 0.8
0.974514710716903 3.97635312570461 "experimento_64" 64 2000 1000 0.8 4 0.4 1 0.8
0.912586706923321 3.73559540188343 "experimento_64" 64 2000 1000 0.8 4 0.4 1 0.8
0.954914537724108 4.21923096374847 "experimento_64" 64 2000 1000 0.8 4 0.4 1 0.8
0.881176063790917 3.74809105330361 "experimento_64" 64 2000 1000 0.8 4 0.4 1 0.8
0.875931114191189 3.56071953346461 "experimento_64" 64 2000 1000 0.8 4 0.4 1 0.8
0.914213289972395 3.88951504985043 "experimento_64" 64 2000 1000 0.8 4 0.4 1 0.8
0.917270525824279 3.75105472598142 "experimento_64" 64 2000 1000 0.8 4 0.4 1 0.8
0.96955888508819 4.08481616440015 "experimento_64" 64 2000 1000 0.8 4 0.4 1 0.8
0.970678620738909 4.15297820436359 "experimento_64" 64 2000 1000 0.8 4 0.4 1 0.8
0.92186372471042 3.73040704398233 "experimento_64" 64 2000 1000 0.8 4 0.4 1 0.8
0.964189925696701 3.9787374267466 "experimento_64" 64 2000 1000 0.8 4 0.4 1 0.8
0.904734039446339 4.05514890693519 "experimento_64" 64 2000 1000 0.8 4 0.4 1 0.8
0.970121182268485 4.2779386382361 "experimento_64" 64 2000 1000 0.8 4 0.4 1 0.8
0.879084865096956 3.86515909227134 "experimento_64" 64 2000 1000 0.8 4 0.4 1 0.8
0.945667372550815 4.07674440431216 "experimento_64" 64 2000 1000 0.8 4 0.4 1 0.8
0.953467685496435 4.00622334348768 "experimento_64" 64 2000 1000 0.8 4 0.4 1 0.8
0.968009961536154 4.09435529164597 "experimento_64" 64 2000 1000 0.8 4 0.4 1 0.8
0.939221787499264 3.92188323747802 "experimento_64" 64 2000 1000 0.8 4 0.4 1 0.8
0.929797404911369 3.9643960653638 "experimento_64" 64 2000 1000 0.8 4 0.4 1 0.8
0.893244384089485 3.64674642233567 "experimento_64" 64 2000 1000 0.8 4 0.4 1 0.8
0.958703425247222 4.04764155339323 "experimento_64" 64 2000 1000 0.8 4 0.4 1 0.8
0.922880589263514 3.6920540129205 "experimento_64" 64 2000 1000 0.8 4 0.4 1 0.8
0.961860971990973 4.17681399314162 "experimento_64" 64 2000 1000 0.8 4 0.4 1 0.8
0.94134739623405 4.05250232460659 "experimento_64" 64 2000 1000 0.8 4 0.4 1 0.8
0.928325264248997 4.10858060695773 "experimento_64" 64 2000 1000 0.8 4 0.4 1 0.8
0.895630890270695 3.74742260581439 "experimento_64" 64 2000 1000 0.8 4 0.4 1 0.8
0.899811153300107 3.80226482971768 "experimento_64" 64 2000 1000 0.8 4 0.4 1 0.8
1.10892904107459 4.33809115137846 "experimento_64" 64 2000 1000 0.8 4 0.4 1 0.8
1.14673999778461 4.54082314253935 "experimento_64" 64 2000 1000 0.8 4 0.4 1 0.8
0.941201322479174 3.74119202677172 "experimento_64" 64 2000 1000 0.8 4 0.4 1 0.8
0.994347900385037 3.9755150445366 "experimento_64" 64 2000 1000 0.8 4 0.4 1 0.8
0.887074321741238 3.80331160163971 "experimento_64" 64 2000 1000 0.8 4 0.4 1 0.8
0.960130576975644 3.68182314908507 "experimento_64" 64 2000 1000 0.8 4 0.4 1 0.8
0.9748619152233 4.16107331378475 "experimento_64" 64 2000 1000 0.8 4 0.4 1 0.8
0.930235654115677 3.89472205289209 "experimento_64" 64 2000 1000 0.8 4 0.4 1 0.8
0.942067547235638 3.74917605841837 "experimento_64" 64 2000 1000 0.8 4 0.4 1 0.8
0.930439236806706 3.80526409170943 "experimento_64" 64 2000 1000 0.8 4 0.4 1 0.8
0.932189321378246 4.02555175719982 "experimento_64" 64 2000 1000 0.8 4 0.4 1 0.8
0.95351147535257 3.83808431866929 "experimento_64" 64 2000 1000 0.8 4 0.4 1 0.8
0.952530016656965 3.83433889894905 "experimento_64" 64 2000 1000 0.8 4 0.4 1 0.8
0.956684853881598 3.96545021764825 "experimento_64" 64 2000 1000 0.8 4 0.4 1 0.8
1.05553191417731 4.06018547024454 "experimento_64" 64 2000 1000 0.8 4 0.4 1 0.8
0.893980559892952 4.01802335853282 "experimento_64" 64 2000 1000 0.8 4 0.4 1 0.8
0.934763002907857 3.68801377484159 "experimento_64" 64 2000 1000 0.8 4 0.4 1 0.8
0.919358341488987 4.27598499186364 "experimento_64" 64 2000 1000 0.8 4 0.4 1 0.8
0.907332421047613 3.89087192169873 "experimento_64" 64 2000 1000 0.8 4 0.4 1 0.8
1.00180346944452 4.06793618586159 "experimento_64" 64 2000 1000 0.8 4 0.4 1 0.8
0.979594953591004 4.17323861291829 "experimento_64" 64 2000 1000 0.8 4 0.4 1 0.8
1.00377634103284 4.18546549928324 "experimento_64" 64 2000 1000 0.8 4 0.4 1 0.8
1.16983195801731 5.06561401384215 "experimento_64" 64 2000 1000 0.8 4 0.4 1 0.8
0.93601041357033 3.67478867315569 "experimento_64" 64 2000 1000 0.8 4 0.4 1 0.8
1.04228742804844 4.01006281528826 "experimento_64" 64 2000 1000 0.8 4 0.4 1 0.8
0.978772143134847 3.90275126613001 "experimento_64" 64 2000 1000 0.8 4 0.4 1 0.8
0.937415937660262 4.17222519504803 "experimento_64" 64 2000 1000 0.8 4 0.4 1 0.8
0.975947514874861 4.12339151824232 "experimento_64" 64 2000 1000 0.8 4 0.4 1 0.8
0.940136573743075 3.97876971988766 "experimento_64" 64 2000 1000 0.8 4 0.4 1 0.8
0.908906915923581 4.00481735017579 "experimento_64" 64 2000 1000 0.8 4 0.4 1 0.8
0.900496696820483 3.65338114633486 "experimento_64" 64 2000 1000 0.8 4 0.4 1 0.8
0.900768254185095 3.75454206358319 "experimento_64" 64 2000 1000 0.8 4 0.4 1 0.8
0.929233548697084 4.22010434620601 "experimento_64" 64 2000 1000 0.8 4 0.4 1 0.8
0.938233450287953 4.07877391219948 "experimento_64" 64 2000 1000 0.8 4 0.4 1 0.8
0.957946994109079 4.20268585135711 "experimento_64" 64 2000 1000 0.8 4 0.4 1 0.8
0.962170319398865 3.95336918005705 "experimento_64" 64 2000 1000 0.8 4 0.4 1 0.8
0.860160178737715 3.73431407173932 "experimento_64" 64 2000 1000 0.8 4 0.4 1 0.8
0.901974396547303 4.01368040205381 "experimento_64" 64 2000 1000 0.8 4 0.4 1 0.8
0.958223066758364 3.87932067820909 "experimento_64" 64 2000 1000 0.8 4 0.4 1 0.8
0.930286336224526 3.83279103961981 "experimento_64" 64 2000 1000 0.8 4 0.4 1 0.8
0.894373479997739 3.81709124653648 "experimento_64" 64 2000 1000 0.8 4 0.4 1 0.8
0.947831186233088 3.7767463701227 "experimento_64" 64 2000 1000 0.8 4 0.4 1 0.8
1.00395281345118 4.22289891138372 "experimento_64" 64 2000 1000 0.8 4 0.4 1 0.8
0.886416353750974 3.88782921723423 "experimento_64" 64 2000 1000 0.8 4 0.4 1 0.8
0.934566905722022 3.92847959049652 "experimento_64" 64 2000 1000 0.8 4 0.4 1 0.8
0.933527758577839 4.01456099448041 "experimento_64" 64 2000 1000 0.8 4 0.4 1 0.8
0.979454610496759 3.94744223072228 "experimento_64" 64 2000 1000 0.8 4 0.4 1 0.8
0.911392372334376 3.98414189046683 "experimento_64" 64 2000 1000 0.8 4 0.4 1 0.8
0.976299772504717 4.0705674894458 "experimento_64" 64 2000 1000 0.8 4 0.4 1 0.8
0.938439436024055 4.02055438081926 "experimento_64" 64 2000 1000 0.8 4 0.4 1 0.8
0.926038081757724 4.04222149918088 "experimento_64" 64 2000 1000 0.8 4 0.4 1 0.8
0.939765919931233 4.01258213141029 "experimento_64" 64 2000 1000 0.8 4 0.4 1 0.8
0.978083398658782 3.84153453678032 "experimento_64" 64 2000 1000 0.8 4 0.4 1 0.8
0.957446101820096 3.49815644452762 "experimento_64" 64 2000 1000 0.8 4 0.4 1 0.8
0.969722546404228 3.98116508140911 "experimento_64" 64 2000 1000 0.8 4 0.4 1 0.8
0.974042996531352 4.02502708440096 "experimento_64" 64 2000 1000 0.8 4 0.4 1 0.8
0.942775294417515 4.10806491204783 "experimento_64" 64 2000 1000 0.8 4 0.4 1 0.8
0.938358018174767 3.94408025856411 "experimento_64" 64 2000 1000 0.8 4 0.4 1 0.8
1.03497882024385 4.21662234592548 "experimento_64" 64 2000 1000 0.8 4 0.4 1 0.8
0.937916044145823 4.1276675590771 "experimento_64" 64 2000 1000 0.8 4 0.4 1 0.8
0.973650531377643 4.26282277225817 "experimento_64" 64 2000 1000 0.8 4 0.4 1 0.8
0.947522721718997 3.67586220562941 "experimento_64" 64 2000 1000 0.8 4 0.4 1 0.8
0.917158749885857 3.88905563831376 "experimento_64" 64 2000 1000 0.8 4 0.4 1 0.8
0.903542483458295 4.15218612781733 "experimento_64" 64 2000 1000 0.8 4 0.4 1 0.8
0.927397700259462 3.84567474301917 "experimento_64" 64 2000 1000 0.8 4 0.4 1 0.8
0.936020996421576 3.90927795327614 "experimento_64" 64 2000 1000 0.8 4 0.4 1 0.8
0.922140718903393 3.85399853564901 "experimento_64" 64 2000 1000 0.8 4 0.4 1 0.8
0.950322314864025 3.98648026580318 "experimento_64" 64 2000 1000 0.8 4 0.4 1 0.8
0.939592657610774 3.93420261761203 "experimento_64" 64 2000 1000 0.8 4 0.4 1 0.8
0.922732479404658 3.78946788969349 "experimento_64" 64 2000 1000 0.8 4 0.4 1 0.8
0.92495962488465 3.83554358713073 "experimento_64" 64 2000 1000 0.8 4 0.4 1 0.8
0.913030211580917 4.29218703671489 "experimento_64" 64 2000 1000 0.8 4 0.4 1 0.8
0.958034276263788 4.11021298089222 "experimento_64" 64 2000 1000 0.8 4 0.4 1 0.8
0.974208621075377 4.2440573537846 "experimento_64" 64 2000 1000 0.8 4 0.4 1 0.8
1.05016786104534 4.31577652563889 "experimento_64" 64 2000 1000 0.8 4 0.4 1 0.8
0.97581919375807 4.09807776089697 "experimento_64" 64 2000 1000 0.8 4 0.4 1 0.8
0.890156889799982 3.63918948052905 "experimento_64" 64 2000 1000 0.8 4 0.4 1 0.8
0.917447233572602 4.04939384510687 "experimento_64" 64 2000 1000 0.8 4 0.4 1 0.8
1.01351704868544 4.19585203120487 "experimento_64" 64 2000 1000 0.8 4 0.4 1 0.8
0.943351765163243 4.01819343603473 "experimento_64" 64 2000 1000 0.8 4 0.4 1 0.8
0.920348215615377 3.87942955671614 "experimento_64" 64 2000 1000 0.8 4 0.4 1 0.8
0.912504263222218 4.16623769425214 "experimento_64" 64 2000 1000 0.8 4 0.4 1 0.8
0.912193409865722 3.82751724970215 "experimento_64" 64 2000 1000 0.8 4 0.4 1 0.8
0.946223441977054 3.92018808005941 "experimento_64" 64 2000 1000 0.8 4 0.4 1 0.8
0.97484889975749 3.94721003091351 "experimento_64" 64 2000 1000 0.8 4 0.4 1 0.8
0.924316431162879 3.98149486491344 "experimento_64" 64 2000 1000 0.8 4 0.4 1 0.8
0.971870318055153 4.34811556893331 "experimento_64" 64 2000 1000 0.8 4 0.4 1 0.8
0.858979976503178 3.69058426691724 "experimento_64" 64 2000 1000 0.8 4 0.4 1 0.8
0.933660097420216 3.85011720863442 "experimento_64" 64 2000 1000 0.8 4 0.4 1 0.8
0.897605678532273 3.94122095376643 "experimento_64" 64 2000 1000 0.8 4 0.4 1 0.8
0.946347763994709 3.83941756685169 "experimento_64" 64 2000 1000 0.8 4 0.4 1 0.8
0.953767458442599 3.88655571643894 "experimento_64" 64 2000 1000 0.8 4 0.4 1 0.8
0.928483641706407 4.09473487264564 "experimento_64" 64 2000 1000 0.8 4 0.4 1 0.8
0.933802656596527 3.88689869132545 "experimento_64" 64 2000 1000 0.8 4 0.4 1 0.8
0.905612072441727 3.75856811988295 "experimento_64" 64 2000 1000 0.8 4 0.4 1 0.8
0.91245789732784 3.91273385406098 "experimento_64" 64 2000 1000 0.8 4 0.4 1 0.8
1.02067534794203 4.36125112943033 "experimento_64" 64 2000 1000 0.8 4 0.4 1 0.8
0.943172585451975 3.9830561697495 "experimento_64" 64 2000 1000 0.8 4 0.4 1 0.8
0.984566547907889 3.98736344854596 "experimento_64" 64 2000 1000 0.8 4 0.4 1 0.8
1.00041745766066 4.27287861345947 "experimento_64" 64 2000 1000 0.8 4 0.4 1 0.8
0.928253731690347 4.02435874644802 "experimento_64" 64 2000 1000 0.8 4 0.4 1 0.8
0.943511115619913 4.01683410683081 "experimento_64" 64 2000 1000 0.8 4 0.4 1 0.8
0.986585618695244 4.02320320141218 "experimento_64" 64 2000 1000 0.8 4 0.4 1 0.8
0.948027946520597 3.98009941706826 "experimento_64" 64 2000 1000 0.8 4 0.4 1 0.8
0.935035405680537 3.88269646518592 "experimento_64" 64 2000 1000 0.8 4 0.4 1 0.8
0.94624479743652 3.89359027164977 "experimento_64" 64 2000 1000 0.8 4 0.4 1 0.8
0.920752993086353 3.77051846706879 "experimento_64" 64 2000 1000 0.8 4 0.4 1 0.8
0.968073594616726 4.18264852600045 "experimento_64" 64 2000 1000 0.8 4 0.4 1 0.8
0.942980834515765 4.01090234798077 "experimento_64" 64 2000 1000 0.8 4 0.4 1 0.8
0.867204369977117 3.61139023487287 "experimento_64" 64 2000 1000 0.8 4 0.4 1 0.8
0.931377201806754 3.74880917971021 "experimento_64" 64 2000 1000 0.8 4 0.4 1 0.8
0.945652536582202 4.04091025567486 "experimento_64" 64 2000 1000 0.8 4 0.4 1 0.8
0.958554971497506 3.95584895387551 "experimento_64" 64 2000 1000 0.8 4 0.4 1 0.8
0.953651283867657 4.03314130092636 "experimento_64" 64 2000 1000 0.8 4 0.4 1 0.8
0.895055873319507 3.98818333448028 "experimento_64" 64 2000 1000 0.8 4 0.4 1 0.8
0.9562482975889 4.00766959906964 "experimento_64" 64 2000 1000 0.8 4 0.4 1 0.8
0.992048606043682 4.32812113026649 "experimento_64" 64 2000 1000 0.8 4 0.4 1 0.8
1.26954873135415 3.46498792400036 "experimento_64" 64 2000 1000 0.8 4 0.4 1 0.8
0.872621838236228 3.68120289361049 "experimento_64" 64 2000 1000 0.8 4 0.4 1 0.8
0.991472903639078 3.96586639645337 "experimento_64" 64 2000 1000 0.8 4 0.4 1 0.8
0.951796285808086 3.82965864336284 "experimento_64" 64 2000 1000 0.8 4 0.4 1 0.8
0.978158026235178 4.04874804036395 "experimento_64" 64 2000 1000 0.8 4 0.4 1 0.8
0.96308038639836 4.20937353789704 "experimento_64" 64 2000 1000 0.8 4 0.4 1 0.8
0.983613624004647 4.08315233120216 "experimento_64" 64 2000 1000 0.8 4 0.4 1 0.8
0.935825065011159 3.92764576454088 "experimento_64" 64 2000 1000 0.8 4 0.4 1 0.8
0.974016537889838 4.10965278695219 "experimento_64" 64 2000 1000 0.8 4 0.4 1 0.8
0.92523047933355 4.03273653347041 "experimento_64" 64 2000 1000 0.8 4 0.4 1 0.8
0.950499595375732 4.05064727447048 "experimento_64" 64 2000 1000 0.8 4 0.4 1 0.8
1.04071533039678 4.54676859713671 "experimento_64" 64 2000 1000 0.8 4 0.4 1 0.8
0.909630570560694 3.98573549947812 "experimento_64" 64 2000 1000 0.8 4 0.4 1 0.8
0.967720777960494 4.63013558788595 "experimento_64" 64 2000 1000 0.8 4 0.4 1 0.8
0.894697705516592 3.42893457530883 "experimento_64" 64 2000 1000 0.8 4 0.4 1 0.8
0.924485297640786 3.92461307381208 "experimento_64" 64 2000 1000 0.8 4 0.4 1 0.8
0.998233702499419 4.1939051602067 "experimento_64" 64 2000 1000 0.8 4 0.4 1 0.8
0.915532064624131 3.95652106743518 "experimento_64" 64 2000 1000 0.8 4 0.4 1 0.8
0.972965646302328 4.15310873435389 "experimento_64" 64 2000 1000 0.8 4 0.4 1 0.8
0.957250377396122 4.20839234339002 "experimento_64" 64 2000 1000 0.8 4 0.4 1 0.8
0.964503657771274 4.11641136003742 "experimento_64" 64 2000 1000 0.8 4 0.4 1 0.8
0.906440396793187 3.85114088144861 "experimento_64" 64 2000 1000 0.8 4 0.4 1 0.8
0.901267620967701 3.78063486873558 "experimento_64" 64 2000 1000 0.8 4 0.4 1 0.8
0.893673942191526 3.80360108713483 "experimento_64" 64 2000 1000 0.8 4 0.4 1 0.8
0.964962689438835 3.83194154503154 "experimento_64" 64 2000 1000 0.8 4 0.4 1 0.8
0.923597005894408 3.70355409269423 "experimento_64" 64 2000 1000 0.8 4 0.4 1 0.8
0.925258988514543 4.40457828721368 "experimento_64" 64 2000 1000 0.8 4 0.4 1 0.8
0.940146905137226 3.84259485489982 "experimento_64" 64 2000 1000 0.8 4 0.4 1 0.8
0.920371865155175 3.81184098916322 "experimento_64" 64 2000 1000 0.8 4 0.4 1 0.8
0.904721268918365 3.60837700897405 "experimento_64" 64 2000 1000 0.8 4 0.4 1 0.8
0.922530416864902 3.89281632926679 "experimento_64" 64 2000 1000 0.8 4 0.4 1 0.8
0.99729036539793 4.18767761728983 "experimento_64" 64 2000 1000 0.8 4 0.4 1 0.8
0.953670167829841 3.88708906119067 "experimento_64" 64 2000 1000 0.8 4 0.4 1 0.8
0.929860664065927 3.86791826266272 "experimento_64" 64 2000 1000 0.8 4 0.4 1 0.8
0.873877261998132 3.82414547705004 "experimento_64" 64 2000 1000 0.8 4 0.4 1 0.8
0.92067948076874 3.90901744544891 "experimento_64" 64 2000 1000 0.8 4 0.4 1 0.8
0.954300376120955 3.98096042704547 "experimento_64" 64 2000 1000 0.8 4 0.4 1 0.8
0.850472518242896 3.51238587774909 "experimento_64" 64 2000 1000 0.8 4 0.4 1 0.8
0.917269109282643 3.91371053873001 "experimento_64" 64 2000 1000 0.8 4 0.4 1 0.8
0.919493686407804 3.50176432198831 "experimento_64" 64 2000 1000 0.8 4 0.4 1 0.8
0.911697428440675 3.82246914148151 "experimento_64" 64 2000 1000 0.8 4 0.4 1 0.8
0.968596188118681 4.52281702691073 "experimento_64" 64 2000 1000 0.8 4 0.4 1 0.8
1.01690355851315 4.28729749425454 "experimento_64" 64 2000 1000 0.8 4 0.4 1 0.8
0.909106197068468 3.73516052726535 "experimento_64" 64 2000 1000 0.8 4 0.4 1 0.8
0.980491891270503 4.01947257143955 "experimento_64" 64 2000 1000 0.8 4 0.4 1 0.8
1.05834605247782 4.21490805435831 "experimento_64" 64 2000 1000 0.8 4 0.4 1 0.8
0.925729303155094 3.98329921179519 "experimento_64" 64 2000 1000 0.8 4 0.4 1 0.8
0.885835497407243 3.74996224919476 "experimento_64" 64 2000 1000 0.8 4 0.4 1 0.8
1.05150502172994 3.98002923673354 "experimento_64" 64 2000 1000 0.8 4 0.4 1 0.8
0.920558313373476 4.09277397465759 "experimento_64" 64 2000 1000 0.8 4 0.4 1 0.8
0.914485721616074 3.90133503734636 "experimento_64" 64 2000 1000 0.8 4 0.4 1 0.8
0.939814560348168 3.80413101769181 "experimento_64" 64 2000 1000 0.8 4 0.4 1 0.8
0.926517816027626 3.98915818318473 "experimento_64" 64 2000 1000 0.8 4 0.4 1 0.8
0.935163338202983 3.98897219828684 "experimento_64" 64 2000 1000 0.8 4 0.4 1 0.8
0.925944977207109 4.00207119285909 "experimento_64" 64 2000 1000 0.8 4 0.4 1 0.8
0.937965126242489 3.96099110147316 "experimento_64" 64 2000 1000 0.8 4 0.4 1 0.8
0.881876064930111 4.08691264593369 "experimento_64" 64 2000 1000 0.8 4 0.4 1 0.8
0.954370952676982 4.04822245922047 "experimento_64" 64 2000 1000 0.8 4 0.4 1 0.8
0.936617084778845 4.10893244050601 "experimento_64" 64 2000 1000 0.8 4 0.4 1 0.8
0.903317508520558 3.62085214654307 "experimento_64" 64 2000 1000 0.8 4 0.4 1 0.8
0.928150926018134 3.85407356597257 "experimento_64" 64 2000 1000 0.8 4 0.4 1 0.8
0.947004624875262 3.78969538459881 "experimento_64" 64 2000 1000 0.8 4 0.4 1 0.8
0.943457201588899 3.97320684126916 "experimento_64" 64 2000 1000 0.8 4 0.4 1 0.8
1.18656759382453 5.0992157889079 "experimento_64" 64 2000 1000 0.8 4 0.4 1 0.8
0.966124719474465 3.90654273967844 "experimento_64" 64 2000 1000 0.8 4 0.4 1 0.8
0.933294528862461 3.96369501369799 "experimento_64" 64 2000 1000 0.8 4 0.4 1 0.8
0.928972342517227 3.76130654454071 "experimento_64" 64 2000 1000 0.8 4 0.4 1 0.8
0.939062025398016 4.07220648933607 "experimento_64" 64 2000 1000 0.8 4 0.4 1 0.8
0.965999390929937 3.88179230835666 "experimento_64" 64 2000 1000 0.8 4 0.4 1 0.8
0.939070453401655 4.08915175015256 "experimento_64" 64 2000 1000 0.8 4 0.4 1 0.8
0.985614370321855 4.09443228785553 "experimento_64" 64 2000 1000 0.8 4 0.4 1 0.8
1.04482244502889 4.25841499487171 "experimento_64" 64 2000 1000 0.8 4 0.4 1 0.8
0.931500902865082 3.84594250216956 "experimento_64" 64 2000 1000 0.8 4 0.4 1 0.8
1.00964693585411 4.18612118448471 "experimento_64" 64 2000 1000 0.8 4 0.4 1 0.8
1.04335562093183 3.9367751067815 "experimento_64" 64 2000 1000 0.8 4 0.4 1 0.8
0.934009408345446 3.94663790122661 "experimento_64" 64 2000 1000 0.8 4 0.4 1 0.8
0.948788905050606 3.7783503191185 "experimento_64" 64 2000 1000 0.8 4 0.4 1 0.8
0.995455033844337 3.99348766804769 "experimento_64" 64 2000 1000 0.8 4 0.4 1 0.8
0.956524105276912 4.08340780214365 "experimento_64" 64 2000 1000 0.8 4 0.4 1 0.8
0.925332734826952 4.25969864957667 "experimento_64" 64 2000 1000 0.8 4 0.4 1 0.8
0.913610132643953 3.73155107250483 "experimento_64" 64 2000 1000 0.8 4 0.4 1 0.8
0.893422998022288 3.68445169958454 "experimento_64" 64 2000 1000 0.8 4 0.4 1 0.8
0.975486697861925 3.96067856037103 "experimento_64" 64 2000 1000 0.8 4 0.4 1 0.8
1.06094755786961 4.24883407304966 "experimento_64" 64 2000 1000 0.8 4 0.4 1 0.8
0.913731105625629 4.02002395837033 "experimento_64" 64 2000 1000 0.8 4 0.4 1 0.8
0.94213971728459 3.88741595212149 "experimento_64" 64 2000 1000 0.8 4 0.4 1 0.8
0.942464726045728 3.7570732464786 "experimento_64" 64 2000 1000 0.8 4 0.4 1 0.8
0.940285956952721 4.0137835936954 "experimento_64" 64 2000 1000 0.8 4 0.4 1 0.8
1.11729668721091 4.3926553370646 "experimento_64" 64 2000 1000 0.8 4 0.4 1 0.8
0.967019628267735 3.99941755077805 "experimento_64" 64 2000 1000 0.8 4 0.4 1 0.8
1.00011321273632 3.836078294438 "experimento_64" 64 2000 1000 0.8 4 0.4 1 0.8
0.943765615578741 4.13892809108326 "experimento_64" 64 2000 1000 0.8 4 0.4 1 0.8
0.939074095804244 3.88785008804787 "experimento_64" 64 2000 1000 0.8 4 0.4 1 0.8
0.882751821307465 3.72646968868885 "experimento_64" 64 2000 1000 0.8 4 0.4 1 0.8
0.910067943390459 3.98265261907021 "experimento_64" 64 2000 1000 0.8 4 0.4 1 0.8
0.9362040059641 3.80380710130355 "experimento_64" 64 2000 1000 0.8 4 0.4 1 0.8
0.914216727484018 3.95495540143693 "experimento_64" 64 2000 1000 0.8 4 0.4 1 0.8
0.952437907224521 3.9599704371676 "experimento_64" 64 2000 1000 0.8 4 0.4 1 0.8
0.974781547673047 4.22307840835991 "experimento_64" 64 2000 1000 0.8 4 0.4 1 0.8
1.08395051681068 4.14684792380538 "experimento_64" 64 2000 1000 0.8 4 0.4 1 0.8
1.02675576251931 4.08568250822714 "experimento_64" 64 2000 1000 0.8 4 0.4 1 0.8
0.932653626659885 3.68579618073289 "experimento_64" 64 2000 1000 0.8 4 0.4 1 0.8
0.912313638487831 3.76102890311347 "experimento_64" 64 2000 1000 0.8 4 0.4 1 0.8
0.969667108496651 4.00680296313953 "experimento_64" 64 2000 1000 0.8 4 0.4 1 0.8
1.07000439594056 3.84528992117787 "experimento_64" 64 2000 1000 0.8 4 0.4 1 0.8
0.982439663726836 4.0857653384173 "experimento_64" 64 2000 1000 0.8 4 0.4 1 0.8
0.904438594821841 3.95645996756477 "experimento_64" 64 2000 1000 0.8 4 0.4 1 0.8
0.882172658108175 3.77532264470201 "experimento_64" 64 2000 1000 0.8 4 0.4 1 0.8
0.986862367717549 4.38660335097272 "experimento_64" 64 2000 1000 0.8 4 0.4 1 0.8
0.969852661713958 3.95748631426066 "experimento_64" 64 2000 1000 0.8 4 0.4 1 0.8
0.940578997367993 4.20423283728359 "experimento_64" 64 2000 1000 0.8 4 0.4 1 0.8
0.959652483463287 4.12144869496615 "experimento_64" 64 2000 1000 0.8 4 0.4 1 0.8
0.958677392452955 4.27771360151451 "experimento_64" 64 2000 1000 0.8 4 0.4 1 0.8
0.955769307212904 4.11395988925963 "experimento_64" 64 2000 1000 0.8 4 0.4 1 0.8
0.959909758530557 3.9564252930618 "experimento_64" 64 2000 1000 0.8 4 0.4 1 0.8
0.971983283990994 3.98204151353811 "experimento_64" 64 2000 1000 0.8 4 0.4 1 0.8
0.939736283849925 4.05516366396125 "experimento_64" 64 2000 1000 0.8 4 0.4 1 0.8
0.913139242911711 3.9806172633366 "experimento_64" 64 2000 1000 0.8 4 0.4 1 0.8
0.98557758401148 4.04234370486953 "experimento_64" 64 2000 1000 0.8 4 0.4 1 0.8
0.944070260738954 3.70908357687736 "experimento_64" 64 2000 1000 0.8 4 0.4 1 0.8
0.960366025567055 3.96577586035574 "experimento_64" 64 2000 1000 0.8 4 0.4 1 0.8
0.95724225579761 4.03020051195993 "experimento_64" 64 2000 1000 0.8 4 0.4 1 0.8
0.931304828962311 3.78270716066741 "experimento_64" 64 2000 1000 0.8 4 0.4 1 0.8
0.928762167226523 4.0403865649538 "experimento_64" 64 2000 1000 0.8 4 0.4 1 0.8
0.934986630454659 3.77809642048311 "experimento_64" 64 2000 1000 0.8 4 0.4 1 0.8
0.903635560302064 3.71321723779843 "experimento_64" 64 2000 1000 0.8 4 0.4 1 0.8
0.912354607135057 3.83226849533944 "experimento_64" 64 2000 1000 0.8 4 0.4 1 0.8
0.939735312946141 4.37398142401921 "experimento_64" 64 2000 1000 0.8 4 0.4 1 0.8
0.959087756462395 4.45911245582425 "experimento_64" 64 2000 1000 0.8 4 0.4 1 0.8
0.962045448133722 3.85357489034063 "experimento_64" 64 2000 1000 0.8 4 0.4 1 0.8
0.930660333251581 3.93921767742746 "experimento_64" 64 2000 1000 0.8 4 0.4 1 0.8
0.924118417548016 3.81285590200297 "experimento_64" 64 2000 1000 0.8 4 0.4 1 0.8
1.03263933875132 4.4271043760188 "experimento_64" 64 2000 1000 0.8 4 0.4 1 0.8
0.972197918919846 4.08367755274978 "experimento_64" 64 2000 1000 0.8 4 0.4 1 0.8
0.900835705455393 3.52767048943828 "experimento_64" 64 2000 1000 0.8 4 0.4 1 0.8
0.957993421237916 3.88840316677236 "experimento_64" 64 2000 1000 0.8 4 0.4 1 0.8
0.926177451387048 3.75515284558243 "experimento_64" 64 2000 1000 0.8 4 0.4 1 0.8
0.994609058368951 3.96146995991418 "experimento_64" 64 2000 1000 0.8 4 0.4 1 0.8
0.898183197248727 3.67753294983289 "experimento_64" 64 2000 1000 0.8 4 0.4 1 0.8
1.01467496750411 3.89744101662201 "experimento_64" 64 2000 1000 0.8 4 0.4 1 0.8
0.970321906497702 3.88746960693931 "experimento_64" 64 2000 1000 0.8 4 0.4 1 0.8
0.932313091587275 4.23369699530716 "experimento_64" 64 2000 1000 0.8 4 0.4 1 0.8
0.942600626498461 3.99822861063297 "experimento_64" 64 2000 1000 0.8 4 0.4 1 0.8
0.921174482209608 4.05908162758158 "experimento_64" 64 2000 1000 0.8 4 0.4 1 0.8
0.982434140052646 4.22965149525874 "experimento_64" 64 2000 1000 0.8 4 0.4 1 0.8
0.92944778688252 3.56904605790787 "experimento_64" 64 2000 1000 0.8 4 0.4 1 0.8
0.991393375210464 3.83692402209668 "experimento_64" 64 2000 1000 0.8 4 0.4 1 0.8
0.956725638592616 3.98024312569525 "experimento_64" 64 2000 1000 0.8 4 0.4 1 0.8
0.991162867983803 3.97058444003183 "experimento_64" 64 2000 1000 0.8 4 0.4 1 0.8
0.979352661874145 4.04378215962152 "experimento_64" 64 2000 1000 0.8 4 0.4 1 0.8
0.867555114906281 3.60899061115477 "experimento_64" 64 2000 1000 0.8 4 0.4 1 0.8
0.976855440530926 3.90650533019213 "experimento_64" 64 2000 1000 0.8 4 0.4 1 0.8
0.952335723675787 3.81633375959602 "experimento_64" 64 2000 1000 0.8 4 0.4 1 0.8
0.988843200961128 3.95625683188555 "experimento_64" 64 2000 1000 0.8 4 0.4 1 0.8
0.928009185474366 3.8840797297032 "experimento_64" 64 2000 1000 0.8 4 0.4 1 0.8
0.955125335836783 3.85014628899734 "experimento_64" 64 2000 1000 0.8 4 0.4 1 0.8
0.934385018190369 3.83136915735638 "experimento_64" 64 2000 1000 0.8 4 0.4 1 0.8
0.955549734644592 4.24186405498214 "experimento_64" 64 2000 1000 0.8 4 0.4 1 0.8
0.929963889764622 4.24542953464157 "experimento_64" 64 2000 1000 0.8 4 0.4 1 0.8
0.878866461571306 3.84796345978533 "experimento_64" 64 2000 1000 0.8 4 0.4 1 0.8
0.996633119881153 4.30884143825632 "experimento_64" 64 2000 1000 0.8 4 0.4 1 0.8
0.913039159961045 3.96128139504333 "experimento_64" 64 2000 1000 0.8 4 0.4 1 0.8
0.869511482538655 3.71627048059179 "experimento_64" 64 2000 1000 0.8 4 0.4 1 0.8
0.997024364769459 4.14697232956808 "experimento_64" 64 2000 1000 0.8 4 0.4 1 0.8
0.975551361683756 4.0081168336568 "experimento_64" 64 2000 1000 0.8 4 0.4 1 0.8
0.95714586135 4.28466607461148 "experimento_64" 64 2000 1000 0.8 4 0.4 1 0.8
0.976582601200789 3.87263660326431 "experimento_64" 64 2000 1000 0.8 4 0.4 1 0.8
1.0728261253098 3.99759475557947 "experimento_64" 64 2000 1000 0.8 4 0.4 1 0.8
0.914870842127129 3.83178755885385 "experimento_64" 64 2000 1000 0.8 4 0.4 1 0.8
0.926624505780637 4.08091824223481 "experimento_64" 64 2000 1000 0.8 4 0.4 1 0.8
0.90025501139462 4.02162092775252 "experimento_64" 64 2000 1000 0.8 4 0.4 1 0.8
0.973218221450225 4.05418986804699 "experimento_64" 64 2000 1000 0.8 4 0.4 1 0.8
0.950486889574677 4.09129386381842 "experimento_64" 64 2000 1000 0.8 4 0.4 1 0.8
0.903725647600368 3.76364493818544 "experimento_64" 64 2000 1000 0.8 4 0.4 1 0.8
0.922595014097169 3.69531990333185 "experimento_64" 64 2000 1000 0.8 4 0.4 1 0.8
0.910434374120086 4.09003933891904 "experimento_64" 64 2000 1000 0.8 4 0.4 1 0.8
0.928732505301014 3.80624792215237 "experimento_64" 64 2000 1000 0.8 4 0.4 1 0.8
0.919637582497671 3.98772879613657 "experimento_64" 64 2000 1000 0.8 4 0.4 1 0.8
0.969424509676173 4.09048663974926 "experimento_64" 64 2000 1000 0.8 4 0.4 1 0.8
0.943134466651827 3.94215950072127 "experimento_64" 64 2000 1000 0.8 4 0.4 1 0.8
0.973414563573897 4.16664857229906 "experimento_64" 64 2000 1000 0.8 4 0.4 1 0.8
0.972906517097726 4.15248941937143 "experimento_64" 64 2000 1000 0.8 4 0.4 1 0.8
0.991392543539405 4.26572250767455 "experimento_64" 64 2000 1000 0.8 4 0.4 1 0.8
0.930922807427123 3.78953872237571 "experimento_64" 64 2000 1000 0.8 4 0.4 1 0.8
0.982401828980073 4.3995561828047 "experimento_64" 64 2000 1000 0.8 4 0.4 1 0.8
0.961459349840879 4.27890174077176 "experimento_64" 64 2000 1000 0.8 4 0.4 1 0.8
0.952503668377176 3.82796954182548 "experimento_64" 64 2000 1000 0.8 4 0.4 1 0.8
0.974823944270611 4.48776466224367 "experimento_64" 64 2000 1000 0.8 4 0.4 1 0.8
0.993369673145935 4.20159591055927 "experimento_64" 64 2000 1000 0.8 4 0.4 1 0.8
0.967172005679458 4.14552407069776 "experimento_64" 64 2000 1000 0.8 4 0.4 1 0.8
0.939847529167309 3.85856634622492 "experimento_64" 64 2000 1000 0.8 4 0.4 1 0.8
0.917560841422528 3.77362743626789 "experimento_64" 64 2000 1000 0.8 4 0.4 1 0.8
0.927434938959777 3.86421620723284 "experimento_64" 64 2000 1000 0.8 4 0.4 1 0.8
0.969555914402008 3.97199444287569 "experimento_64" 64 2000 1000 0.8 4 0.4 1 0.8
0.970431787660345 4.08645995696589 "experimento_64" 64 2000 1000 0.8 4 0.4 1 0.8
0.960025458829477 4.09122241000167 "experimento_64" 64 2000 1000 0.8 4 0.4 1 0.8
0.884275055490434 3.66890037814938 "experimento_64" 64 2000 1000 0.8 4 0.4 1 0.8
0.901180061046034 3.89530613277277 "experimento_64" 64 2000 1000 0.8 4 0.4 1 0.8
0.97110555996187 4.15077084326733 "experimento_64" 64 2000 1000 0.8 4 0.4 1 0.8
0.920791888143867 3.58759585880211 "experimento_64" 64 2000 1000 0.8 4 0.4 1 0.8
0.899905614089221 4.24259748035593 "experimento_64" 64 2000 1000 0.8 4 0.4 1 0.8
0.938875243533403 4.11253432964617 "experimento_64" 64 2000 1000 0.8 4 0.4 1 0.8
0.94032653933391 3.8132910820499 "experimento_64" 64 2000 1000 0.8 4 0.4 1 0.8
0.984044261276722 4.26209319914978 "experimento_64" 64 2000 1000 0.8 4 0.4 1 0.8
0.944250663276762 3.89682179323061 "experimento_64" 64 2000 1000 0.8 4 0.4 1 0.8
0.923803771147504 3.85295927636608 "experimento_64" 64 2000 1000 0.8 4 0.4 1 0.8
0.93004658841528 4.15156530768476 "experimento_64" 64 2000 1000 0.8 4 0.4 1 0.8
0.954547431319952 4.08395566922335 "experimento_64" 64 2000 1000 0.8 4 0.4 1 0.8
0.931956400861964 3.87559558989749 "experimento_64" 64 2000 1000 0.8 4 0.4 1 0.8
0.982900083763525 3.96055794168951 "experimento_64" 64 2000 1000 0.8 4 0.4 1 0.8
0.966172430897132 3.87410981310358 "experimento_64" 64 2000 1000 0.8 4 0.4 1 0.8
0.936752633657306 3.78068393150822 "experimento_64" 64 2000 1000 0.8 4 0.4 1 0.8
0.996709336992353 4.07344741062668 "experimento_64" 64 2000 1000 0.8 4 0.4 1 0.8
0.985830910038203 4.10258411541147 "experimento_64" 64 2000 1000 0.8 4 0.4 1 0.8
0.941743639297783 4.07847310878794 "experimento_64" 64 2000 1000 0.8 4 0.4 1 0.8
1.03597490402002 3.99911415194552 "experimento_64" 64 2000 1000 0.8 4 0.4 1 0.8
0.939934311201796 3.70703623103984 "experimento_64" 64 2000 1000 0.8 4 0.4 1 0.8
1.18793949483775 4.33428034404898 "experimento_64" 64 2000 1000 0.8 4 0.4 1 0.8
0.969640233786777 4.16199623415775 "experimento_64" 64 2000 1000 0.8 4 0.4 1 0.8
0.948213735828176 4.42641137454568 "experimento_64" 64 2000 1000 0.8 4 0.4 1 0.8
0.975874088937417 4.40803512076007 "experimento_64" 64 2000 1000 0.8 4 0.4 1 0.8
0.969405150739476 3.93391998862491 "experimento_64" 64 2000 1000 0.8 4 0.4 1 0.8
0.878587701590732 3.57906443536388 "experimento_64" 64 2000 1000 0.8 4 0.4 1 0.8
0.914363976567984 4.06616138204874 "experimento_64" 64 2000 1000 0.8 4 0.4 1 0.8
0.939845642074943 4.09677983097957 "experimento_64" 64 2000 1000 0.8 4 0.4 1 0.8
0.967381192371249 3.94665252683353 "experimento_64" 64 2000 1000 0.8 4 0.4 1 0.8
0.906479795929044 3.85123691834797 "experimento_64" 64 2000 1000 0.8 4 0.4 1 0.8
0.944996208650991 4.48460921498857 "experimento_64" 64 2000 1000 0.8 4 0.4 1 0.8
0.95869603077881 4.01123292665964 "experimento_64" 64 2000 1000 0.8 4 0.4 1 0.8
0.928787059616297 4.21227050982353 "experimento_64" 64 2000 1000 0.8 4 0.4 1 0.8
0.973062726436183 4.0149169861012 "experimento_64" 64 2000 1000 0.8 4 0.4 1 0.8
0.986399795627221 3.9979669043283 "experimento_64" 64 2000 1000 0.8 4 0.4 1 0.8
1.010887168115 3.93854958784078 "experimento_64" 64 2000 1000 0.8 4 0.4 1 0.8
0.884366093436256 3.96962115017253 "experimento_64" 64 2000 1000 0.8 4 0.4 1 0.8
0.951254634885117 3.78541711061415 "experimento_64" 64 2000 1000 0.8 4 0.4 1 0.8
0.928973137401044 4.09618487316736 "experimento_64" 64 2000 1000 0.8 4 0.4 1 0.8
0.927196994889528 4.14096968536141 "experimento_64" 64 2000 1000 0.8 4 0.4 1 0.8
0.98788884608075 4.25877655667515 "experimento_64" 64 2000 1000 0.8 4 0.4 1 0.8
0.920222962042317 3.92721661670389 "experimento_64" 64 2000 1000 0.8 4 0.4 1 0.8
0.906604503514245 3.38001484846898 "experimento_64" 64 2000 1000 0.8 4 0.4 1 0.8
1.06392545650478 4.24539250487598 "experimento_64" 64 2000 1000 0.8 4 0.4 1 0.8
0.941688323859125 4.20333008371047 "experimento_64" 64 2000 1000 0.8 4 0.4 1 0.8
0.943541769403964 4.05430068343423 "experimento_64" 64 2000 1000 0.8 4 0.4 1 0.8
0.956562987528741 4.14392106973645 "experimento_64" 64 2000 1000 0.8 4 0.4 1 0.8
0.920299076475203 3.99495518233997 "experimento_64" 64 2000 1000 0.8 4 0.4 1 0.8
0.971298065269366 4.27906398500919 "experimento_64" 64 2000 1000 0.8 4 0.4 1 0.8
0.925077786436304 4.17309067097303 "experimento_64" 64 2000 1000 0.8 4 0.4 1 0.8
0.909664950799197 3.67121254019988 "experimento_64" 64 2000 1000 0.8 4 0.4 1 0.8
0.966438135132194 3.93179143417297 "experimento_64" 64 2000 1000 0.8 4 0.4 1 0.8
0.94218298769556 3.97958874424508 "experimento_64" 64 2000 1000 0.8 4 0.4 1 0.8
0.904411828145385 3.58517741962763 "experimento_64" 64 2000 1000 0.8 4 0.4 1 0.8
0.951125921215862 3.79916092482051 "experimento_64" 64 2000 1000 0.8 4 0.4 1 0.8
0.949062818428501 3.89892655590176 "experimento_64" 64 2000 1000 0.8 4 0.4 1 0.8
0.90430565434508 3.88086545600412 "experimento_64" 64 2000 1000 0.8 4 0.4 1 0.8
0.919621956301853 3.97310439020857 "experimento_64" 64 2000 1000 0.8 4 0.4 1 0.8
0.985263921320438 4.22446282887309 "experimento_64" 64 2000 1000 0.8 4 0.4 1 0.8
1.02153810684104 3.63419288411312 "experimento_64" 64 2000 1000 0.8 4 0.4 1 0.8
0.949965379899368 4.16697102792426 "experimento_64" 64 2000 1000 0.8 4 0.4 1 0.8
0.962493572151288 3.89499919668197 "experimento_64" 64 2000 1000 0.8 4 0.4 1 0.8
0.948558101896197 3.72125769052087 "experimento_64" 64 2000 1000 0.8 4 0.4 1 0.8
0.909703121287748 4.18457378972214 "experimento_64" 64 2000 1000 0.8 4 0.4 1 0.8
1.08009503770154 3.91165634076439 "experimento_64" 64 2000 1000 0.8 4 0.4 1 0.8
0.922164285555482 3.77732338447757 "experimento_64" 64 2000 1000 0.8 4 0.4 1 0.8
1.01271956716664 3.84197809588798 "experimento_64" 64 2000 1000 0.8 4 0.4 1 0.8
1.03668256965466 4.13485154635259 "experimento_64" 64 2000 1000 0.8 4 0.4 1 0.8
0.942624815972522 3.79301218719358 "experimento_64" 64 2000 1000 0.8 4 0.4 1 0.8
0.986826216103509 3.90888125532645 "experimento_64" 64 2000 1000 0.8 4 0.4 1 0.8
0.944851002423093 4.00539757482277 "experimento_64" 64 2000 1000 0.8 4 0.4 1 0.8
0.957671395270154 3.95445293205632 "experimento_64" 64 2000 1000 0.8 4 0.4 1 0.8
0.907179218251258 3.83507745593929 "experimento_64" 64 2000 1000 0.8 4 0.4 1 0.8
0.911327410954982 3.68464905805922 "experimento_64" 64 2000 1000 0.8 4 0.4 1 0.8
0.901731017045677 3.94484802672429 "experimento_64" 64 2000 1000 0.8 4 0.4 1 0.8
0.927616275148466 3.80138905892143 "experimento_64" 64 2000 1000 0.8 4 0.4 1 0.8
0.974112082738429 4.20338381504727 "experimento_64" 64 2000 1000 0.8 4 0.4 1 0.8
1.08385166630615 3.5310187091043 "experimento_64" 64 2000 1000 0.8 4 0.4 1 0.8
0.923354534432292 4.07073020663725 "experimento_64" 64 2000 1000 0.8 4 0.4 1 0.8
0.925276040099561 4.07153416189592 "experimento_64" 64 2000 1000 0.8 4 0.4 1 0.8
0.913953938055784 4.04320306003995 "experimento_64" 64 2000 1000 0.8 4 0.4 1 0.8
1.00738365187604 3.94057343125573 "experimento_64" 64 2000 1000 0.8 4 0.4 1 0.8
0.949432746972889 4.4058683535143 "experimento_64" 64 2000 1000 0.8 4 0.4 1 0.8
0.97119624982588 3.95871477206468 "experimento_64" 64 2000 1000 0.8 4 0.4 1 0.8
0.930339318234473 3.77519114908443 "experimento_64" 64 2000 1000 0.8 4 0.4 1 0.8
1.10192967345938 4.33131164036573 "experimento_64" 64 2000 1000 0.8 4 0.4 1 0.8
0.892884195549414 3.76769698402197 "experimento_64" 64 2000 1000 0.8 4 0.4 1 0.8
0.953083025291562 4.04778290339196 "experimento_64" 64 2000 1000 0.8 4 0.4 1 0.8
0.99094880791381 4.26210361176337 "experimento_64" 64 2000 1000 0.8 4 0.4 1 0.8
0.935798655729741 3.90174949493133 "experimento_64" 64 2000 1000 0.8 4 0.4 1 0.8
0.892129602842033 3.76496245106901 "experimento_64" 64 2000 1000 0.8 4 0.4 1 0.8
0.92381487460807 3.80718822621069 "experimento_64" 64 2000 1000 0.8 4 0.4 1 0.8
0.89067519758828 4.0126956835933 "experimento_64" 64 2000 1000 0.8 4 0.4 1 0.8
0.962282470660284 3.88802829711235 "experimento_64" 64 2000 1000 0.8 4 0.4 1 0.8
0.915097036864609 3.88088477846576 "experimento_64" 64 2000 1000 0.8 4 0.4 1 0.8
0.915559749118984 3.8222975406548 "experimento_64" 64 2000 1000 0.8 4 0.4 1 0.8
0.909977125469595 3.62720429334133 "experimento_64" 64 2000 1000 0.8 4 0.4 1 0.8
0.930390210589394 3.94044811272457 "experimento_64" 64 2000 1000 0.8 4 0.4 1 0.8
0.914613145170733 3.76278616999594 "experimento_64" 64 2000 1000 0.8 4 0.4 1 0.8
1.00426792888902 4.21036566336079 "experimento_64" 64 2000 1000 0.8 4 0.4 1 0.8
0.89817746472545 3.88106126619277 "experimento_64" 64 2000 1000 0.8 4 0.4 1 0.8
0.932120350655168 4.06722908688553 "experimento_64" 64 2000 1000 0.8 4 0.4 1 0.8
0.961910022888333 4.07753917710383 "experimento_64" 64 2000 1000 0.8 4 0.4 1 0.8
0.912423986475915 3.97125436356808 "experimento_64" 64 2000 1000 0.8 4 0.4 1 0.8
1.02561348983955 4.14913077009999 "experimento_64" 64 2000 1000 0.8 4 0.4 1 0.8
0.941615004325286 3.83380350308787 "experimento_64" 64 2000 1000 0.8 4 0.4 1 0.8
0.992679318413138 3.84196057662197 "experimento_64" 64 2000 1000 0.8 4 0.4 1 0.8
0.91221540607512 3.78410474098686 "experimento_64" 64 2000 1000 0.8 4 0.4 1 0.8
0.921367746545002 3.79802067730081 "experimento_64" 64 2000 1000 0.8 4 0.4 1 0.8
0.937453072983772 3.9743641811314 "experimento_64" 64 2000 1000 0.8 4 0.4 1 0.8
0.950035591376945 3.38042668890906 "experimento_64" 64 2000 1000 0.8 4 0.4 1 0.8
0.995032389648259 4.08781210325167 "experimento_64" 64 2000 1000 0.8 4 0.4 1 0.8
0.951900713844225 3.70756266734982 "experimento_64" 64 2000 1000 0.8 4 0.4 1 0.8
1.03691469959449 4.04438568047981 "experimento_64" 64 2000 1000 0.8 4 0.4 1 0.8
0.949814167339355 3.86810983176528 "experimento_64" 64 2000 1000 0.8 4 0.4 1 0.8
0.921413033036515 4.05944729770467 "experimento_64" 64 2000 1000 0.8 4 0.4 1 0.8
1.27524458778903 5.03796798058131 "experimento_64" 64 2000 1000 0.8 4 0.4 1 0.8
0.925271922256798 4.00896838080313 "experimento_64" 64 2000 1000 0.8 4 0.4 1 0.8
1.01828581222799 4.04188437489282 "experimento_64" 64 2000 1000 0.8 4 0.4 1 0.8
0.97476613917388 3.85955439912325 "experimento_64" 64 2000 1000 0.8 4 0.4 1 0.8
0.944536703638732 3.64891501532538 "experimento_64" 64 2000 1000 0.8 4 0.4 1 0.8
0.945396996568888 3.90628953322127 "experimento_64" 64 2000 1000 0.8 4 0.4 1 0.8
0.941130361752585 3.9571689003646 "experimento_64" 64 2000 1000 0.8 4 0.4 1 0.8
0.856846021022648 4.00007555132852 "experimento_64" 64 2000 1000 0.8 4 0.4 1 0.8
0.918369989609346 3.71908194496213 "experimento_64" 64 2000 1000 0.8 4 0.4 1 0.8
0.939104368677363 3.71201046303932 "experimento_64" 64 2000 1000 0.8 4 0.4 1 0.8
0.968201677780598 4.28011226243777 "experimento_64" 64 2000 1000 0.8 4 0.4 1 0.8
1.02826451096858 3.8993876094046 "experimento_64" 64 2000 1000 0.8 4 0.4 1 0.8
0.930901058251038 3.89528903092608 "experimento_64" 64 2000 1000 0.8 4 0.4 1 0.8
0.962513548787683 3.91245114822899 "experimento_64" 64 2000 1000 0.8 4 0.4 1 0.8
0.961454620817676 3.8602855912153 "experimento_64" 64 2000 1000 0.8 4 0.4 1 0.8
0.9875450192485 3.99894665683644 "experimento_64" 64 2000 1000 0.8 4 0.4 1 0.8
0.909412103937939 3.84663885655781 "experimento_64" 64 2000 1000 0.8 4 0.4 1 0.8
0.931951518636197 3.76956068686812 "experimento_64" 64 2000 1000 0.8 4 0.4 1 0.8
1.05246321289285 3.89509675082244 "experimento_64" 64 2000 1000 0.8 4 0.4 1 0.8
0.907937759999186 3.78745879361 "experimento_64" 64 2000 1000 0.8 4 0.4 1 0.8
0.967265111627057 3.72732834580537 "experimento_64" 64 2000 1000 0.8 4 0.4 1 0.8
0.949844500981271 4.01360489826622 "experimento_64" 64 2000 1000 0.8 4 0.4 1 0.8
0.993774973787367 4.12823912796648 "experimento_64" 64 2000 1000 0.8 4 0.4 1 0.8
0.951475350419059 3.905469389781 "experimento_64" 64 2000 1000 0.8 4 0.4 1 0.8
0.947174607077613 4.127829656145 "experimento_64" 64 2000 1000 0.8 4 0.4 1 0.8
0.94563238020055 4.0073736774166 "experimento_64" 64 2000 1000 0.8 4 0.4 1 0.8
0.904418516438454 3.783302729965 "experimento_64" 64 2000 1000 0.8 4 0.4 1 0.8
0.973471245728433 4.2302028427182 "experimento_64" 64 2000 1000 0.8 4 0.4 1 0.8
0.920055198716 4.17792439573386 "experimento_64" 64 2000 1000 0.8 4 0.4 1 0.8
0.946447283960879 4.25052404860972 "experimento_64" 64 2000 1000 0.8 4 0.4 1 0.8
0.875670019071549 3.51406735813096 "experimento_64" 64 2000 1000 0.8 4 0.4 1 0.8
0.933873867150396 3.9715357298072 "experimento_64" 64 2000 1000 0.8 4 0.4 1 0.8
0.937512073898688 4.05693567436131 "experimento_64" 64 2000 1000 0.8 4 0.4 1 0.8
0.916217672172934 4.06367755392813 "experimento_64" 64 2000 1000 0.8 4 0.4 1 0.8
1.15188361285254 4.191236193557 "experimento_64" 64 2000 1000 0.8 4 0.4 1 0.8
0.925420159241185 3.8834666458442 "experimento_64" 64 2000 1000 0.8 4 0.4 1 0.8
0.923057823674753 3.87995831052527 "experimento_64" 64 2000 1000 0.8 4 0.4 1 0.8
0.979204595787451 3.9880466484 "experimento_64" 64 2000 1000 0.8 4 0.4 1 0.8
0.967723010573536 3.99345035413888 "experimento_64" 64 2000 1000 0.8 4 0.4 1 0.8
0.931732893921435 3.59840798506593 "experimento_64" 64 2000 1000 0.8 4 0.4 1 0.8
0.995836770627648 3.99508398490503 "experimento_64" 64 2000 1000 0.8 4 0.4 1 0.8
0.902340825647116 3.77020171819643 "experimento_64" 64 2000 1000 0.8 4 0.4 1 0.8
0.931934832595289 3.78834541645026 "experimento_64" 64 2000 1000 0.8 4 0.4 1 0.8
0.935117819113657 3.97759729181122 "experimento_64" 64 2000 1000 0.8 4 0.4 1 0.8
0.975665505276993 4.02512229220631 "experimento_64" 64 2000 1000 0.8 4 0.4 1 0.8
0.967880476033315 4.18882813606147 "experimento_64" 64 2000 1000 0.8 4 0.4 1 0.8
0.918288578279316 4.01924423997537 "experimento_64" 64 2000 1000 0.8 4 0.4 1 0.8
0.947560486383736 4.32147725062468 "experimento_64" 64 2000 1000 0.8 4 0.4 1 0.8
0.949701788136736 3.99599325605733 "experimento_64" 64 2000 1000 0.8 4 0.4 1 0.8
0.917128879576921 3.89396600319998 "experimento_64" 64 2000 1000 0.8 4 0.4 1 0.8
0.892636502627283 3.93829792457962 "experimento_64" 64 2000 1000 0.8 4 0.4 1 0.8
0.960857773665339 4.28465139401006 "experimento_64" 64 2000 1000 0.8 4 0.4 1 0.8
0.9351714795921 3.86589101346168 "experimento_64" 64 2000 1000 0.8 4 0.4 1 0.8
0.93687376845628 3.91993941783572 "experimento_64" 64 2000 1000 0.8 4 0.4 1 0.8
0.918231231393293 3.77392924465449 "experimento_64" 64 2000 1000 0.8 4 0.4 1 0.8
0.937927503837273 3.85697511361009 "experimento_64" 64 2000 1000 0.8 4 0.4 1 0.8
0.907573187723756 3.58511130640663 "experimento_64" 64 2000 1000 0.8 4 0.4 1 0.8
0.950187182519585 4.08552141970547 "experimento_64" 64 2000 1000 0.8 4 0.4 1 0.8
0.925704843597487 4.02210040421168 "experimento_64" 64 2000 1000 0.8 4 0.4 1 0.8
0.961355121806264 3.95275097095185 "experimento_64" 64 2000 1000 0.8 4 0.4 1 0.8
0.931855089962482 4.03304106367012 "experimento_64" 64 2000 1000 0.8 4 0.4 1 0.8
0.975850737188011 3.99250240069315 "experimento_64" 64 2000 1000 0.8 4 0.4 1 0.8
0.932150665670633 4.05940757708109 "experimento_64" 64 2000 1000 0.8 4 0.4 1 0.8
0.925587749108672 3.91941685691196 "experimento_64" 64 2000 1000 0.8 4 0.4 1 0.8
0.99588296492584 4.33069706743585 "experimento_64" 64 2000 1000 0.8 4 0.4 1 0.8
1.01088667288856 4.04513278225738 "experimento_64" 64 2000 1000 0.8 4 0.4 1 0.8
0.976708767004311 3.86488729935279 "experimento_64" 64 2000 1000 0.8 4 0.4 1 0.8
0.941685739438981 3.75174640844045 "experimento_64" 64 2000 1000 0.8 4 0.4 1 0.8
0.9454291081056 4.17591398171392 "experimento_64" 64 2000 1000 0.8 4 0.4 1 0.8
1.11904405383393 4.22889221680267 "experimento_64" 64 2000 1000 0.8 4 0.4 1 0.8
1.04879710369278 4.13854196342229 "experimento_64" 64 2000 1000 0.8 4 0.4 1 0.8
0.921848138794303 3.97609626378692 "experimento_64" 64 2000 1000 0.8 4 0.4 1 0.8
0.900852287886664 3.79198820376195 "experimento_64" 64 2000 1000 0.8 4 0.4 1 0.8
0.928629028378054 3.72379140869542 "experimento_64" 64 2000 1000 0.8 4 0.4 1 0.8
0.96792335039936 4.02259415860983 "experimento_64" 64 2000 1000 0.8 4 0.4 1 0.8
0.905244496883824 3.71057978985752 "experimento_64" 64 2000 1000 0.8 4 0.4 1 0.8
0.979464119300246 3.95943983599815 "experimento_64" 64 2000 1000 0.8 4 0.4 1 0.8
0.941482342081144 4.1661186277093 "experimento_64" 64 2000 1000 0.8 4 0.4 1 0.8
0.893868554849178 3.80930467392448 "experimento_64" 64 2000 1000 0.8 4 0.4 1 0.8
0.962540247477591 4.17105630224606 "experimento_64" 64 2000 1000 0.8 4 0.4 1 0.8
0.941774772712961 3.9701849628046 "experimento_64" 64 2000 1000 0.8 4 0.4 1 0.8
0.91004345100373 4.10892019866452 "experimento_64" 64 2000 1000 0.8 4 0.4 1 0.8
0.901516963960603 3.68737643602418 "experimento_64" 64 2000 1000 0.8 4 0.4 1 0.8
0.987857758300379 4.10897521318733 "experimento_64" 64 2000 1000 0.8 4 0.4 1 0.8
0.896279225125909 3.82371918625052 "experimento_64" 64 2000 1000 0.8 4 0.4 1 0.8
0.974364349618554 3.85776324306258 "experimento_64" 64 2000 1000 0.8 4 0.4 1 0.8
1.00857531127136 4.30581977727 "experimento_64" 64 2000 1000 0.8 4 0.4 1 0.8
0.947367125423625 4.27089987746231 "experimento_64" 64 2000 1000 0.8 4 0.4 1 0.8
0.916616168804467 4.06413019698083 "experimento_64" 64 2000 1000 0.8 4 0.4 1 0.8
0.947158704511821 3.90872283560187 "experimento_64" 64 2000 1000 0.8 4 0.4 1 0.8
0.968073242809623 4.05166817447168 "experimento_64" 64 2000 1000 0.8 4 0.4 1 0.8
0.962248119525611 4.14434499309398 "experimento_64" 64 2000 1000 0.8 4 0.4 1 0.8
1.01225967988953 4.29144447700944 "experimento_64" 64 2000 1000 0.8 4 0.4 1 0.8
0.963010361418128 4.32214650564431 "experimento_64" 64 2000 1000 0.8 4 0.4 1 0.8
0.965452677570283 3.91138873236793 "experimento_64" 64 2000 1000 0.8 4 0.4 1 0.8
0.957297660177574 3.72039998785056 "experimento_64" 64 2000 1000 0.8 4 0.4 1 0.8
0.949333796510473 4.03170587816602 "experimento_64" 64 2000 1000 0.8 4 0.4 1 0.8
0.939594094175845 4.01538846119133 "experimento_64" 64 2000 1000 0.8 4 0.4 1 0.8
0.941277717007324 3.99871740378613 "experimento_64" 64 2000 1000 0.8 4 0.4 1 0.8
0.932318940293044 3.99725150549867 "experimento_64" 64 2000 1000 0.8 4 0.4 1 0.8
0.945407688617706 3.49931232679047 "experimento_64" 64 2000 1000 0.8 4 0.4 1 0.8
0.966137567302212 3.98961396149388 "experimento_64" 64 2000 1000 0.8 4 0.4 1 0.8
1.15063810849097 4.42342115799809 "experimento_64" 64 2000 1000 0.8 4 0.4 1 0.8
0.899775336263701 3.87713675605062 "experimento_64" 64 2000 1000 0.8 4 0.4 1 0.8
0.981800511712208 4.07453254686301 "experimento_64" 64 2000 1000 0.8 4 0.4 1 0.8
0.976838242495432 3.98662578791123 "experimento_64" 64 2000 1000 0.8 4 0.4 1 0.8
0.970595664810389 4.33972160814055 "experimento_64" 64 2000 1000 0.8 4 0.4 1 0.8
0.956230435986072 4.04628740091036 "experimento_64" 64 2000 1000 0.8 4 0.4 1 0.8
0.953397099394351 4.10844829183506 "experimento_64" 64 2000 1000 0.8 4 0.4 1 0.8
1.02216682260607 4.43296330979511 "experimento_64" 64 2000 1000 0.8 4 0.4 1 0.8
0.887121337931603 3.60870522802457 "experimento_64" 64 2000 1000 0.8 4 0.4 1 0.8
0.953297665342689 4.33440416373786 "experimento_64" 64 2000 1000 0.8 4 0.4 1 0.8
0.895053832093254 3.69197314582547 "experimento_64" 64 2000 1000 0.8 4 0.4 1 0.8
0.942109821131453 3.97942717759436 "experimento_64" 64 2000 1000 0.8 4 0.4 1 0.8
0.972276494838297 4.02836972958291 "experimento_64" 64 2000 1000 0.8 4 0.4 1 0.8
0.87642688723281 3.90929385920128 "experimento_64" 64 2000 1000 0.8 4 0.4 1 0.8
0.954830788774416 3.74161076328439 "experimento_64" 64 2000 1000 0.8 4 0.4 1 0.8
0.924051344394684 3.79655787412165 "experimento_64" 64 2000 1000 0.8 4 0.4 1 0.8
1.02018816163763 4.08521166102126 "experimento_64" 64 2000 1000 0.8 4 0.4 1 0.8
0.87851988314651 3.51667834889303 "experimento_64" 64 2000 1000 0.8 4 0.4 1 0.8
0.955881459871307 4.10590758665428 "experimento_64" 64 2000 1000 0.8 4 0.4 1 0.8
0.974279246525839 4.21112667436664 "experimento_64" 64 2000 1000 0.8 4 0.4 1 0.8
1.04148274380786 4.03975681507579 "experimento_64" 64 2000 1000 0.8 4 0.4 1 0.8
0.908363504568115 4.03526827470284 "experimento_64" 64 2000 1000 0.8 4 0.4 1 0.8
0.936305104987696 3.97735527779188 "experimento_64" 64 2000 1000 0.8 4 0.4 1 0.8
0.888449930818751 3.58812600432669 "experimento_64" 64 2000 1000 0.8 4 0.4 1 0.8
0.953660593600944 3.87700515124956 "experimento_64" 64 2000 1000 0.8 4 0.4 1 0.8
0.92352367285639 3.88155336898859 "experimento_64" 64 2000 1000 0.8 4 0.4 1 0.8
0.963190687121823 4.06207790898484 "experimento_64" 64 2000 1000 0.8 4 0.4 1 0.8
0.941841825377196 3.923419075813 "experimento_64" 64 2000 1000 0.8 4 0.4 1 0.8
0.931658703600988 3.49978045345324 "experimento_64" 64 2000 1000 0.8 4 0.4 1 0.8
0.960616770666093 3.86610131542984 "experimento_64" 64 2000 1000 0.8 4 0.4 1 0.8
0.925712003838271 4.02666629487963 "experimento_64" 64 2000 1000 0.8 4 0.4 1 0.8
1.01838219957141 3.94304383179217 "experimento_64" 64 2000 1000 0.8 4 0.4 1 0.8
0.93722281861119 4.05813302496195 "experimento_64" 64 2000 1000 0.8 4 0.4 1 0.8
0.888211166718975 3.6860831805159 "experimento_64" 64 2000 1000 0.8 4 0.4 1 0.8
0.966780349146575 4.34986704134089 "experimento_64" 64 2000 1000 0.8 4 0.4 1 0.8
0.964934475719929 3.89085823081538 "experimento_64" 64 2000 1000 0.8 4 0.4 1 0.8
0.924597203033045 3.72383925964537 "experimento_64" 64 2000 1000 0.8 4 0.4 1 0.8
0.938163066050038 4.12818669333794 "experimento_64" 64 2000 1000 0.8 4 0.4 1 0.8
0.90402363287285 3.55188432590002 "experimento_64" 64 2000 1000 0.8 4 0.4 1 0.8
0.952383450930938 3.90336376288496 "experimento_64" 64 2000 1000 0.8 4 0.4 1 0.8
0.929474942618981 4.02026932242132 "experimento_64" 64 2000 1000 0.8 4 0.4 1 0.8
0.911905533168465 3.90154546263536 "experimento_64" 64 2000 1000 0.8 4 0.4 1 0.8
1.00927617785055 4.17085633982384 "experimento_64" 64 2000 1000 0.8 4 0.4 1 0.8
0.978112796321511 3.95752446418447 "experimento_64" 64 2000 1000 0.8 4 0.4 1 0.8
0.896593486890197 3.80942232274422 "experimento_64" 64 2000 1000 0.8 4 0.4 1 0.8
1.12825167865958 4.63907708968078 "experimento_64" 64 2000 1000 0.8 4 0.4 1 0.8
1.0724652711079 4.087445620449 "experimento_64" 64 2000 1000 0.8 4 0.4 1 0.8
0.948853743262589 4.03744771332913 "experimento_64" 64 2000 1000 0.8 4 0.4 1 0.8
0.921248889295384 3.8348405055639 "experimento_64" 64 2000 1000 0.8 4 0.4 1 0.8
1.05742736207321 3.96297992800394 "experimento_64" 64 2000 1000 0.8 4 0.4 1 0.8
1.10033266526914 4.54839975792566 "experimento_64" 64 2000 1000 0.8 4 0.4 1 0.8
0.902240897295997 3.54564725116232 "experimento_64" 64 2000 1000 0.8 4 0.4 1 0.8
0.950634591979906 3.87415968796361 "experimento_64" 64 2000 1000 0.8 4 0.4 1 0.8
0.952768226852641 3.82515578601632 "experimento_64" 64 2000 1000 0.8 4 0.4 1 0.8
0.902676648227498 4.02431487591814 "experimento_64" 64 2000 1000 0.8 4 0.4 1 0.8
0.962164555676281 3.71180241584236 "experimento_64" 64 2000 1000 0.8 4 0.4 1 0.8
0.940427059773356 4.29832864958744 "experimento_64" 64 2000 1000 0.8 4 0.4 1 0.8
0.890537112718448 3.85349630747129 "experimento_64" 64 2000 1000 0.8 4 0.4 1 0.8
0.905020870035514 3.75116129819207 "experimento_64" 64 2000 1000 0.8 4 0.4 1 0.8
0.963934655999765 3.91656813880408 "experimento_64" 64 2000 1000 0.8 4 0.4 1 0.8
0.914006034377962 3.59894009981435 "experimento_64" 64 2000 1000 0.8 4 0.4 1 0.8
0.902826952282339 3.85859593561503 "experimento_64" 64 2000 1000 0.8 4 0.4 1 0.8
0.932166147511452 3.73737392912231 "experimento_64" 64 2000 1000 0.8 4 0.4 1 0.8
0.944834627211094 4.06820006388553 "experimento_64" 64 2000 1000 0.8 4 0.4 1 0.8
1.03236530896107 4.04973353793442 "experimento_64" 64 2000 1000 0.8 4 0.4 1 0.8
0.95636112196371 3.83834922895378 "experimento_64" 64 2000 1000 0.8 4 0.4 1 0.8
0.920586111955345 3.92360571960062 "experimento_64" 64 2000 1000 0.8 4 0.4 1 0.8
0.906389830866829 3.88230955987023 "experimento_64" 64 2000 1000 0.8 4 0.4 1 0.8
0.981398210627958 3.90791717195783 "experimento_64" 64 2000 1000 0.8 4 0.4 1 0.8
0.952438307926059 3.77671966826943 "experimento_64" 64 2000 1000 0.8 4 0.4 1 0.8
0.919696860481054 4.13417628005772 "experimento_64" 64 2000 1000 0.8 4 0.4 1 0.8
0.901979949325323 3.46279499942113 "experimento_64" 64 2000 1000 0.8 4 0.4 1 0.8
0.86631557578221 3.69054538502901 "experimento_64" 64 2000 1000 0.8 4 0.4 1 0.8
0.968563639558852 4.09133540201576 "experimento_64" 64 2000 1000 0.8 4 0.4 1 0.8
0.966812634142116 3.93944920783555 "experimento_64" 64 2000 1000 0.8 4 0.4 1 0.8
0.942045619245619 3.99129601515626 "experimento_64" 64 2000 1000 0.8 4 0.4 1 0.8
0.976642390713096 3.8190582203059 "experimento_64" 64 2000 1000 0.8 4 0.4 1 0.8
0.950550091685727 3.99572898824307 "experimento_64" 64 2000 1000 0.8 4 0.4 1 0.8
0.880540235899389 3.73452900012452 "experimento_64" 64 2000 1000 0.8 4 0.4 1 0.8
0.927705112844706 3.81353803382994 "experimento_64" 64 2000 1000 0.8 4 0.4 1 0.8
0.964264414273202 4.10972118594698 "experimento_64" 64 2000 1000 0.8 4 0.4 1 0.8
1.05882957298309 4.2098441705588 "experimento_64" 64 2000 1000 0.8 4 0.4 1 0.8
0.916277845622972 3.90934799510158 "experimento_64" 64 2000 1000 0.8 4 0.4 1 0.8
0.989606672665104 3.89159514371934 "experimento_64" 64 2000 1000 0.8 4 0.4 1 0.8
0.905663972254843 3.89310813108769 "experimento_64" 64 2000 1000 0.8 4 0.4 1 0.8
1.08192651439458 4.55267256460498 "experimento_64" 64 2000 1000 0.8 4 0.4 1 0.8
0.950307703576982 4.03404253192624 "experimento_64" 64 2000 1000 0.8 4 0.4 1 0.8
0.941878268262371 3.75747542371278 "experimento_64" 64 2000 1000 0.8 4 0.4 1 0.8
0.961076878476888 3.73688463502681 "experimento_64" 64 2000 1000 0.8 4 0.4 1 0.8
0.886470237979665 3.88974800104681 "experimento_64" 64 2000 1000 0.8 4 0.4 1 0.8
0.928510969271883 3.94773726840994 "experimento_64" 64 2000 1000 0.8 4 0.4 1 0.8
0.95860023284331 3.79112996203915 "experimento_64" 64 2000 1000 0.8 4 0.4 1 0.8
0.977963423123583 3.97152293862289 "experimento_64" 64 2000 1000 0.8 4 0.4 1 0.8
0.961228456348181 3.94931971535177 "experimento_64" 64 2000 1000 0.8 4 0.4 1 0.8
0.905611643800512 3.8219637572221 "experimento_64" 64 2000 1000 0.8 4 0.4 1 0.8
0.937350606312975 4.01262191014298 "experimento_64" 64 2000 1000 0.8 4 0.4 1 0.8
1.0166403548792 4.29789160361157 "experimento_64" 64 2000 1000 0.8 4 0.4 1 0.8
0.954826624831185 4.10818422270947 "experimento_64" 64 2000 1000 0.8 4 0.4 1 0.8
0.926501992158592 3.75434102613788 "experimento_64" 64 2000 1000 0.8 4 0.4 1 0.8
0.967330588027835 4.27428569405447 "experimento_64" 64 2000 1000 0.8 4 0.4 1 0.8
0.992035157280043 4.07064604659259 "experimento_64" 64 2000 1000 0.8 4 0.4 1 0.8
0.942059958353639 3.74598925382383 "experimento_64" 64 2000 1000 0.8 4 0.4 1 0.8
0.900845942553133 3.8229945054898 "experimento_64" 64 2000 1000 0.8 4 0.4 1 0.8
0.983984732534736 3.70490316069841 "experimento_64" 64 2000 1000 0.8 4 0.4 1 0.8
0.92556141433306 3.6789508061276 "experimento_64" 64 2000 1000 0.8 4 0.4 1 0.8
0.896773072890937 3.82488562181643 "experimento_64" 64 2000 1000 0.8 4 0.4 1 0.8
0.946842187549919 4.17312937440753 "experimento_64" 64 2000 1000 0.8 4 0.4 1 0.8
0.962212961865589 3.88324174689689 "experimento_64" 64 2000 1000 0.8 4 0.4 1 0.8
1.0797216052888 4.53042268715414 "experimento_64" 64 2000 1000 0.8 4 0.4 1 0.8
0.92210357543081 4.09159918911937 "experimento_64" 64 2000 1000 0.8 4 0.4 1 0.8
0.950335897970945 3.98227703655777 "experimento_64" 64 2000 1000 0.8 4 0.4 1 0.8
0.927275418536738 3.99299694102901 "experimento_64" 64 2000 1000 0.8 4 0.4 1 0.8
0.946295039495453 4.34705036053293 "experimento_64" 64 2000 1000 0.8 4 0.4 1 0.8
0.952031911117956 3.87935819133787 "experimento_64" 64 2000 1000 0.8 4 0.4 1 0.8
0.89831837057136 3.47362071879529 "experimento_64" 64 2000 1000 0.8 4 0.4 1 0.8
0.926378127885982 4.13198998551427 "experimento_64" 64 2000 1000 0.8 4 0.4 1 0.8
0.96345546329394 4.09066222726755 "experimento_64" 64 2000 1000 0.8 4 0.4 1 0.8
0.9050683893729 3.67184470947376 "experimento_64" 64 2000 1000 0.8 4 0.4 1 0.8
0.941026248270646 4.05216331957138 "experimento_64" 64 2000 1000 0.8 4 0.4 1 0.8
1.02324448432773 3.90814485521299 "experimento_64" 64 2000 1000 0.8 4 0.4 1 0.8
0.862694670446217 3.60060680149768 "experimento_64" 64 2000 1000 0.8 4 0.4 1 0.8
0.96398214600049 3.94747217459869 "experimento_64" 64 2000 1000 0.8 4 0.4 1 0.8
1.02627162119375 3.96968702408094 "experimento_64" 64 2000 1000 0.8 4 0.4 1 0.8
0.940374655881897 3.79972671358551 "experimento_64" 64 2000 1000 0.8 4 0.4 1 0.8
0.895662472117692 3.85099120849913 "experimento_64" 64 2000 1000 0.8 4 0.4 1 0.8
1.18619003234894 4.79363724397816 "experimento_64" 64 2000 1000 0.8 4 0.4 1 0.8
1.07474999758415 3.58643119023295 "experimento_64" 64 2000 1000 0.8 4 0.4 1 0.8
0.939551486633718 3.87667597216794 "experimento_64" 64 2000 1000 0.8 4 0.4 1 0.8
0.922974137822166 3.83118368476788 "experimento_64" 64 2000 1000 0.8 4 0.4 1 0.8
0.972558577079326 4.06786233486151 "experimento_64" 64 2000 1000 0.8 4 0.4 1 0.8
1.08566314389464 4.30567211789845 "experimento_64" 64 2000 1000 0.8 4 0.4 1 0.8
0.951095059281215 3.83312303972594 "experimento_64" 64 2000 1000 0.8 4 0.4 1 0.8
0.91928724036552 3.98162141115824 "experimento_64" 64 2000 1000 0.8 4 0.4 1 0.8
0.984301352407783 3.85412711264626 "experimento_64" 64 2000 1000 0.8 4 0.4 1 0.8
0.932708233129233 3.7308996999105 "experimento_64" 64 2000 1000 0.8 4 0.4 1 0.8
1.00186381740365 3.92759215051228 "experimento_64" 64 2000 1000 0.8 4 0.4 1 0.8
0.959337045904249 3.65559189739834 "experimento_64" 64 2000 1000 0.8 4 0.4 1 0.8
0.932527753990144 4.12143560508257 "experimento_64" 64 2000 1000 0.8 4 0.4 1 0.8
0.963923420291394 4.05069061874854 "experimento_64" 64 2000 1000 0.8 4 0.4 1 0.8
0.92864054068923 4.02133078846438 "experimento_64" 64 2000 1000 0.8 4 0.4 1 0.8
0.978637323714793 3.67606984862789 "experimento_64" 64 2000 1000 0.8 4 0.4 1 0.8
0.956742145586759 3.98202644823256 "experimento_64" 64 2000 1000 0.8 4 0.4 1 0.8
0.958956113550812 3.98396670793192 "experimento_64" 64 2000 1000 0.8 4 0.4 1 0.8
0.976081367116421 3.94501633634096 "experimento_64" 64 2000 1000 0.8 4 0.4 1 0.8
0.961811467539519 4.09885984909896 "experimento_64" 64 2000 1000 0.8 4 0.4 1 0.8
0.998580361017957 3.89894686933318 "experimento_64" 64 2000 1000 0.8 4 0.4 1 0.8
0.902365781599656 4.0736133729824 "experimento_64" 64 2000 1000 0.8 4 0.4 1 0.8
0.987769617233425 3.95724724206968 "experimento_64" 64 2000 1000 0.8 4 0.4 1 0.8
0.923486426705495 4.08404395702664 "experimento_64" 64 2000 1000 0.8 4 0.4 1 0.8
0.957985517336056 3.8371720741561 "experimento_64" 64 2000 1000 0.8 4 0.4 1 0.8
0.951035575242713 4.06822771859817 "experimento_64" 64 2000 1000 0.8 4 0.4 1 0.8
0.9229455224704 3.69314363353807 "experimento_64" 64 2000 1000 0.8 4 0.4 1 0.8
0.950245320564136 4.09178168701677 "experimento_64" 64 2000 1000 0.8 4 0.4 1 0.8
0.892069299472496 3.92050694493024 "experimento_64" 64 2000 1000 0.8 4 0.4 1 0.8
0.901476979022846 3.67098008142876 "experimento_64" 64 2000 1000 0.8 4 0.4 1 0.8
0.953965104185045 3.84112023160669 "experimento_64" 64 2000 1000 0.8 4 0.4 1 0.8
0.872940423898399 3.83461962833939 "experimento_64" 64 2000 1000 0.8 4 0.4 1 0.8
0.868741417303681 3.92729212986958 "experimento_64" 64 2000 1000 0.8 4 0.4 1 0.8
1.01599444623571 4.24093176366584 "experimento_64" 64 2000 1000 0.8 4 0.4 1 0.8
0.948920018272474 3.96304981507444 "experimento_64" 64 2000 1000 0.8 4 0.4 1 0.8
0.951701551442966 4.16250717645523 "experimento_64" 64 2000 1000 0.8 4 0.4 1 0.8
0.973519905470312 4.03437206341177 "experimento_64" 64 2000 1000 0.8 4 0.4 1 0.8
0.981046697124839 3.9289215973269 "experimento_64" 64 2000 1000 0.8 4 0.4 1 0.8
0.926124994643033 4.04917255990872 "experimento_64" 64 2000 1000 0.8 4 0.4 1 0.8
0.946402663830668 3.86999395072912 "experimento_64" 64 2000 1000 0.8 4 0.4 1 0.8
0.94579782243818 4.17643800925234 "experimento_64" 64 2000 1000 0.8 4 0.4 1 0.8
0.976474740309641 4.21647940885819 "experimento_64" 64 2000 1000 0.8 4 0.4 1 0.8
0.91742259892635 4.02389110322516 "experimento_64" 64 2000 1000 0.8 4 0.4 1 0.8
0.921705538174137 3.72412324541983 "experimento_64" 64 2000 1000 0.8 4 0.4 1 0.8
0.871449270052835 3.4058093054643 "experimento_64" 64 2000 1000 0.8 4 0.4 1 0.8
0.933453638106585 3.97820789447017 "experimento_64" 64 2000 1000 0.8 4 0.4 1 0.8
0.918750882614404 3.81557215811883 "experimento_64" 64 2000 1000 0.8 4 0.4 1 0.8
0.96782160596922 4.1634981429585 "experimento_64" 64 2000 1000 0.8 4 0.4 1 0.8
0.987040141830221 4.37412497277104 "experimento_64" 64 2000 1000 0.8 4 0.4 1 0.8
0.941642086720094 4.16970142113859 "experimento_64" 64 2000 1000 0.8 4 0.4 1 0.8
0.940868998644873 3.90518730908025 "experimento_64" 64 2000 1000 0.8 4 0.4 1 0.8
0.946721548214555 3.94998206416 "experimento_64" 64 2000 1000 0.8 4 0.4 1 0.8
0.938487641979009 3.91165103065035 "experimento_64" 64 2000 1000 0.8 4 0.4 1 0.8
0.934424261096865 4.00741763887304 "experimento_64" 64 2000 1000 0.8 4 0.4 1 0.8
0.917221859563142 3.83158413522528 "experimento_64" 64 2000 1000 0.8 4 0.4 1 0.8
0.918320385040715 3.98129363199485 "experimento_64" 64 2000 1000 0.8 4 0.4 1 0.8
0.998202939284965 4.37658244775477 "experimento_64" 64 2000 1000 0.8 4 0.4 1 0.8
1.08740734215826 4.06020840217879 "experimento_64" 64 2000 1000 0.8 4 0.4 1 0.8
0.947395159397274 3.70819487257382 "experimento_64" 64 2000 1000 0.8 4 0.4 1 0.8
0.906353844096884 4.08751540393072 "experimento_64" 64 2000 1000 0.8 4 0.4 1 0.8
1.08019022725057 4.33460632346199 "experimento_64" 64 2000 1000 0.8 4 0.4 1 0.8
0.91777545074001 3.74608274274274 "experimento_64" 64 2000 1000 0.8 4 0.4 1 0.8
0.882380227791145 3.54051679224112 "experimento_64" 64 2000 1000 0.8 4 0.4 1 0.8
0.963233780581504 3.80312475372871 "experimento_64" 64 2000 1000 0.8 4 0.4 1 0.8
1.1343431067653 4.29949666324505 "experimento_64" 64 2000 1000 0.8 4 0.4 1 0.8
0.944080274319276 3.78751837691538 "experimento_64" 64 2000 1000 0.8 4 0.4 1 0.8
1.00543295128152 4.01666677285433 "experimento_64" 64 2000 1000 0.8 4 0.4 1 0.8
0.926287153968588 3.84544152116541 "experimento_64" 64 2000 1000 0.8 4 0.4 1 0.8
1.11548394546844 3.83903510215088 "experimento_64" 64 2000 1000 0.8 4 0.4 1 0.8
0.896914643701166 3.75894232538582 "experimento_64" 64 2000 1000 0.8 4 0.4 1 0.8
0.893336010165513 3.72107913851395 "experimento_64" 64 2000 1000 0.8 4 0.4 1 0.8
0.946033031912521 3.91590385330146 "experimento_64" 64 2000 1000 0.8 4 0.4 1 0.8
0.953774619381875 4.1524451341561 "experimento_64" 64 2000 1000 0.8 4 0.4 1 0.8
0.966076542856172 3.95498721260388 "experimento_64" 64 2000 1000 0.8 4 0.4 1 0.8
0.942162961000577 4.2088419445199 "experimento_64" 64 2000 1000 0.8 4 0.4 1 0.8
0.927503003273159 3.72396138443639 "experimento_64" 64 2000 1000 0.8 4 0.4 1 0.8
0.908109324984252 4.38047882381118 "experimento_64" 64 2000 1000 0.8 4 0.4 1 0.8
0.92860795580782 3.51113890120587 "experimento_64" 64 2000 1000 0.8 4 0.4 1 0.8
0.947413090150803 4.03056373782552 "experimento_64" 64 2000 1000 0.8 4 0.4 1 0.8
0.989336525090039 4.5892585498504 "experimento_64" 64 2000 1000 0.8 4 0.4 1 0.8
0.957198400283232 4.27740590634555 "experimento_64" 64 2000 1000 0.8 4 0.4 1 0.8
0.92729519167915 4.23010724412124 "experimento_64" 64 2000 1000 0.8 4 0.4 1 0.8
1.06264636269771 4.21545600911846 "experimento_64" 64 2000 1000 0.8 4 0.4 1 0.8
0.93957085814327 4.07688613379054 "experimento_64" 64 2000 1000 0.8 4 0.4 1 0.8
1.06786540616304 4.64636340321649 "experimento_64" 64 2000 1000 0.8 4 0.4 1 0.8
0.884646205930039 3.83268116496125 "experimento_64" 64 2000 1000 0.8 4 0.4 1 0.8
0.926175978034735 3.84102817633242 "experimento_64" 64 2000 1000 0.8 4 0.4 1 0.8
0.89117795182392 3.58806678068363 "experimento_64" 64 2000 1000 0.8 4 0.4 1 0.8
0.9249162315391 3.87964734065369 "experimento_64" 64 2000 1000 0.8 4 0.4 1 0.8
0.877337332582101 3.55975525024649 "experimento_64" 64 2000 1000 0.8 4 0.4 1 0.8
0.927768587367609 3.73828197228702 "experimento_64" 64 2000 1000 0.8 4 0.4 1 0.8
0.950533477589488 3.98997049915564 "experimento_64" 64 2000 1000 0.8 4 0.4 1 0.8
0.93855873378925 4.05460638737116 "experimento_64" 64 2000 1000 0.8 4 0.4 1 0.8
0.897841709898785 3.95267491703231 "experimento_64" 64 2000 1000 0.8 4 0.4 1 0.8
0.963998799212277 4.0605076378592 "experimento_64" 64 2000 1000 0.8 4 0.4 1 0.8
0.93253160500899 3.71914323749902 "experimento_64" 64 2000 1000 0.8 4 0.4 1 0.8
0.933332481887192 4.1225505655322 "experimento_64" 64 2000 1000 0.8 4 0.4 1 0.8
0.956413950305432 4.06977720375151 "experimento_64" 64 2000 1000 0.8 4 0.4 1 0.8
0.958433944731951 4.27975740643862 "experimento_64" 64 2000 1000 0.8 4 0.4 1 0.8
0.969511098228395 4.04079199374968 "experimento_64" 64 2000 1000 0.8 4 0.4 1 0.8
1.1359395122854 4.17377276758996 "experimento_64" 64 2000 1000 0.8 4 0.4 1 0.8
0.919837813591585 3.89780452491962 "experimento_64" 64 2000 1000 0.8 4 0.4 1 0.8
0.884857310215011 3.82627501445538 "experimento_64" 64 2000 1000 0.8 4 0.4 1 0.8
0.998397706542164 4.02658076204099 "experimento_64" 64 2000 1000 0.8 4 0.4 1 0.8
0.90709710191004 3.91167085055309 "experimento_64" 64 2000 1000 0.8 4 0.4 1 0.8
0.968237732537091 3.9402967934316 "experimento_64" 64 2000 1000 0.8 4 0.4 1 0.8
1.01903518417384 4.35662634735933 "experimento_64" 64 2000 1000 0.8 4 0.4 1 0.8
0.925984248286113 4.19832276289985 "experimento_64" 64 2000 1000 0.8 4 0.4 1 0.8
0.915541141061112 3.63971503422018 "experimento_64" 64 2000 1000 0.8 4 0.4 1 0.8
0.96883630566299 3.87636785257657 "experimento_64" 64 2000 1000 0.8 4 0.4 1 0.8
0.995780517812818 4.01592971102676 "experimento_64" 64 2000 1000 0.8 4 0.4 1 0.8
0.947435607202351 4.07273141041822 "experimento_64" 64 2000 1000 0.8 4 0.4 1 0.8
0.943356988951564 3.99650049252979 "experimento_64" 64 2000 1000 0.8 4 0.4 1 0.8
0.922987580532208 3.74128769048468 "experimento_64" 64 2000 1000 0.8 4 0.4 1 0.8
0.927613300504163 3.56210193456862 "experimento_64" 64 2000 1000 0.8 4 0.4 1 0.8
0.903871230781078 3.83377470420419 "experimento_64" 64 2000 1000 0.8 4 0.4 1 0.8
0.998031457187608 3.91481276338585 "experimento_64" 64 2000 1000 0.8 4 0.4 1 0.8
0.963945983443409 3.90907413658042 "experimento_64" 64 2000 1000 0.8 4 0.4 1 0.8
0.907601858023554 3.9843060804501 "experimento_64" 64 2000 1000 0.8 4 0.4 1 0.8
1.01684608205687 4.42893811112054 "experimento_64" 64 2000 1000 0.8 4 0.4 1 0.8
0.938600954134017 3.99132360104158 "experimento_64" 64 2000 1000 0.8 4 0.4 1 0.8
0.910823860904202 4.08721130748685 "experimento_64" 64 2000 1000 0.8 4 0.4 1 0.8
0.917827975470573 3.99145454514179 "experimento_64" 64 2000 1000 0.8 4 0.4 1 0.8
0.998057352378964 3.99943209340761 "experimento_64" 64 2000 1000 0.8 4 0.4 1 0.8
0.935847932472825 3.76251791174701 "experimento_64" 64 2000 1000 0.8 4 0.4 1 0.8
0.902491003740579 3.86274658583898 "experimento_64" 64 2000 1000 0.8 4 0.4 1 0.8
0.964980095392093 4.0583251555056 "experimento_64" 64 2000 1000 0.8 4 0.4 1 0.8
0.886508757714182 3.64058433332871 "experimento_64" 64 2000 1000 0.8 4 0.4 1 0.8
1.00694392248988 3.95393790088202 "experimento_64" 64 2000 1000 0.8 4 0.4 1 0.8
0.904098040889949 4.11209106248161 "experimento_64" 64 2000 1000 0.8 4 0.4 1 0.8
0.959461483173072 3.81165819607845 "experimento_64" 64 2000 1000 0.8 4 0.4 1 0.8
0.871218156302348 3.80237263729719 "experimento_64" 64 2000 1000 0.8 4 0.4 1 0.8
0.893850951688364 3.61271445839706 "experimento_64" 64 2000 1000 0.8 4 0.4 1 0.8
0.911176471039653 3.61256249187791 "experimento_64" 64 2000 1000 0.8 4 0.4 1 0.8
0.94410699699074 4.403510463063 "experimento_64" 64 2000 1000 0.8 4 0.4 1 0.8
0.968269689241424 4.05010886976479 "experimento_64" 64 2000 1000 0.8 4 0.4 1 0.8
1.03355843253001 3.88900443587242 "experimento_64" 64 2000 1000 0.8 4 0.4 1 0.8
0.938549186801538 4.05503168920024 "experimento_64" 64 2000 1000 0.8 4 0.4 1 0.8
0.856211978709325 3.73592442344127 "experimento_64" 64 2000 1000 0.8 4 0.4 1 0.8
0.888761900132522 3.60479434411401 "experimento_64" 64 2000 1000 0.8 4 0.4 1 0.8
0.951357547892258 3.80309740410813 "experimento_64" 64 2000 1000 0.8 4 0.4 1 0.8
0.942708395887166 3.95417561382049 "experimento_64" 64 2000 1000 0.8 4 0.4 1 0.8
1.09318486088887 4.94034898591953 "experimento_64" 64 2000 1000 0.8 4 0.4 1 0.8
0.909171875100583 4.11526984513093 "experimento_64" 64 2000 1000 0.8 4 0.4 1 0.8
0.997340574627742 4.13413454459367 "experimento_64" 64 2000 1000 0.8 4 0.4 1 0.8
0.932302483124658 4.04698882188469 "experimento_64" 64 2000 1000 0.8 4 0.4 1 0.8
0.927016630303115 4.09026013135827 "experimento_64" 64 2000 1000 0.8 4 0.4 1 0.8
0.933209461160004 4.21470921620244 "experimento_64" 64 2000 1000 0.8 4 0.4 1 0.8
1.08941946341656 4.3162295256407 "experimento_64" 64 2000 1000 0.8 4 0.4 1 0.8
0.970825769472867 4.07213708308716 "experimento_64" 64 2000 1000 0.8 4 0.4 1 0.8
0.923853678861633 3.69809763255919 "experimento_64" 64 2000 1000 0.8 4 0.4 1 0.8
0.990985155571252 3.91303285556053 "experimento_64" 64 2000 1000 0.8 4 0.4 1 0.8
0.930826844181865 3.72291578153604 "experimento_64" 64 2000 1000 0.8 4 0.4 1 0.8
0.988009953871369 4.18852892465792 "experimento_64" 64 2000 1000 0.8 4 0.4 1 0.8
0.908448624424636 3.82364931747401 "experimento_64" 64 2000 1000 0.8 4 0.4 1 0.8
0.936399491969496 3.95386157278233 "experimento_64" 64 2000 1000 0.8 4 0.4 1 0.8
0.94240271882154 4.21158162978338 "experimento_64" 64 2000 1000 0.8 4 0.4 1 0.8
0.950283222831786 3.91487971902038 "experimento_64" 64 2000 1000 0.8 4 0.4 1 0.8
0.969878688920289 3.7702237888136 "experimento_64" 64 2000 1000 0.8 4 0.4 1 0.8
0.965209550689906 3.90545669537732 "experimento_64" 64 2000 1000 0.8 4 0.4 1 0.8
0.979390999302268 3.93598447226026 "experimento_64" 64 2000 1000 0.8 4 0.4 1 0.8
0.9423800597433 3.79263024627383 "experimento_64" 64 2000 1000 0.8 4 0.4 1 0.8
0.913382962811738 4.08949998067187 "experimento_64" 64 2000 1000 0.8 4 0.4 1 0.8
0.919376517413184 3.74718593237237 "experimento_64" 64 2000 1000 0.8 4 0.4 1 0.8
0.931084030074999 3.79605561823196 "experimento_64" 64 2000 1000 0.8 4 0.4 1 0.8
0.967340213013813 3.80083294716358 "experimento_64" 64 2000 1000 0.8 4 0.4 1 0.8
0.950633972184733 3.98359853089794 "experimento_64" 64 2000 1000 0.8 4 0.4 1 0.8
0.916270389920101 3.78818074953913 "experimento_64" 64 2000 1000 0.8 4 0.4 1 0.8
0.96953471773304 3.97395500667451 "experimento_64" 64 2000 1000 0.8 4 0.4 1 0.8
0.915967392968014 3.96535713857993 "experimento_64" 64 2000 1000 0.8 4 0.4 1 0.8
0.966684873448685 3.9936797042749 "experimento_64" 64 2000 1000 0.8 4 0.4 1 0.8
1.04424588603433 4.27383949251728 "experimento_64" 64 2000 1000 0.8 4 0.4 1 0.8
1.02485843433533 4.20273500777216 "experimento_64" 64 2000 1000 0.8 4 0.4 1 0.8
1.08109182969201 4.5048825653634 "experimento_64" 64 2000 1000 0.8 4 0.4 1 0.8
0.861360929207876 3.51112503161448 "experimento_64" 64 2000 1000 0.8 4 0.4 1 0.8
0.899841525824741 3.89311210298742 "experimento_64" 64 2000 1000 0.8 4 0.4 1 0.8
0.904406784102321 3.90209487964071 "experimento_64" 64 2000 1000 0.8 4 0.4 1 0.8
0.943832829594612 3.70294407747381 "experimento_64" 64 2000 1000 0.8 4 0.4 1 0.8
0.877677078125998 3.52707361258083 "experimento_64" 64 2000 1000 0.8 4 0.4 1 0.8
0.944032666273415 4.06225434330185 "experimento_64" 64 2000 1000 0.8 4 0.4 1 0.8
0.952693487051874 4.15512679547108 "experimento_64" 64 2000 1000 0.8 4 0.4 1 0.8
0.960137768415734 4.50409530427494 "experimento_64" 64 2000 1000 0.8 4 0.4 1 0.8
0.878226367291063 3.56995090422026 "experimento_64" 64 2000 1000 0.8 4 0.4 1 0.8
0.967410380020738 4.19856863179089 "experimento_64" 64 2000 1000 0.8 4 0.4 1 0.8
0.969716275110841 4.11867111423844 "experimento_64" 64 2000 1000 0.8 4 0.4 1 0.8
0.961304388009012 4.29130774542284 "experimento_64" 64 2000 1000 0.8 4 0.4 1 0.8
0.943202964263037 4.09759570659743 "experimento_64" 64 2000 1000 0.8 4 0.4 1 0.8
1.21665006838638 4.60078935286781 "experimento_64" 64 2000 1000 0.8 4 0.4 1 0.8
0.973478624830022 4.07796834973669 "experimento_64" 64 2000 1000 0.8 4 0.4 1 0.8
0.964764316333458 4.05941893398252 "experimento_64" 64 2000 1000 0.8 4 0.4 1 0.8
0.958209869684651 3.98705103238182 "experimento_64" 64 2000 1000 0.8 4 0.4 1 0.8
0.865490193711594 3.6652661430732 "experimento_64" 64 2000 1000 0.8 4 0.4 1 0.8
0.996805588016286 4.21600619482746 "experimento_64" 64 2000 1000 0.8 4 0.4 1 0.8
0.922020665137097 4.2479985890606 "experimento_64" 64 2000 1000 0.8 4 0.4 1 0.8
1.02806703336631 4.60143421618901 "experimento_64" 64 2000 1000 0.8 4 0.4 1 0.8
0.943712942069396 3.93458942946164 "experimento_64" 64 2000 1000 0.8 4 0.4 1 0.8
0.954575666459277 3.83602576455474 "experimento_64" 64 2000 1000 0.8 4 0.4 1 0.8
0.917567677795887 3.86832632461257 "experimento_64" 64 2000 1000 0.8 4 0.4 1 0.8
0.967193714343011 3.99749390434261 "experimento_64" 64 2000 1000 0.8 4 0.4 1 0.8
0.985281089553609 3.97487478028933 "experimento_64" 64 2000 1000 0.8 4 0.4 1 0.8
0.957906880648807 4.26860278143213 "experimento_64" 64 2000 1000 0.8 4 0.4 1 0.8
1.07717618555762 4.31746079171296 "experimento_64" 64 2000 1000 0.8 4 0.4 1 0.8
0.940386631060392 4.04320247866001 "experimento_64" 64 2000 1000 0.8 4 0.4 1 0.8
0.887957303551957 3.84608574958595 "experimento_64" 64 2000 1000 0.8 4 0.4 1 0.8
1.02310624427628 4.37066186033111 "experimento_64" 64 2000 1000 0.8 4 0.4 1 0.8
0.924952783854678 3.98604668775437 "experimento_64" 64 2000 1000 0.8 4 0.4 1 0.8
0.920564345084131 3.8894520272181 "experimento_64" 64 2000 1000 0.8 4 0.4 1 0.8
0.942719790618867 4.21631778142764 "experimento_64" 64 2000 1000 0.8 4 0.4 1 0.8
0.947911302093416 4.03683995026035 "experimento_64" 64 2000 1000 0.8 4 0.4 1 0.8
0.958044766448438 4.11508655053375 "experimento_64" 64 2000 1000 0.8 4 0.4 1 0.8
0.996208785800263 4.17110479546491 "experimento_64" 64 2000 1000 0.8 4 0.4 1 0.8
0.933104363502935 4.06882959983187 "experimento_64" 64 2000 1000 0.8 4 0.4 1 0.8
1.03199601033702 4.04526020996443 "experimento_64" 64 2000 1000 0.8 4 0.4 1 0.8
0.917083335807547 3.88391586939583 "experimento_64" 64 2000 1000 0.8 4 0.4 1 0.8
0.933545553823933 3.7854670260297 "experimento_64" 64 2000 1000 0.8 4 0.4 1 0.8
0.991469166707247 3.88955468642126 "experimento_64" 64 2000 1000 0.8 4 0.4 1 0.8
0.941576704150066 3.85452786890892 "experimento_64" 64 2000 1000 0.8 4 0.4 1 0.8
0.959838154260069 3.91976267645979 "experimento_64" 64 2000 1000 0.8 4 0.4 1 0.8
0.979631211608648 4.17743259387813 "experimento_64" 64 2000 1000 0.8 4 0.4 1 0.8
0.930505468510091 3.95117926225238 "experimento_64" 64 2000 1000 0.8 4 0.4 1 0.8
1.00174628966488 3.98232498482151 "experimento_64" 64 2000 1000 0.8 4 0.4 1 0.8
1.02059111321488 4.30566033707973 "experimento_64" 64 2000 1000 0.8 4 0.4 1 0.8
0.917577092535794 3.96074175902302 "experimento_64" 64 2000 1000 0.8 4 0.4 1 0.8
0.951506909681484 4.2194129455379 "experimento_64" 64 2000 1000 0.8 4 0.4 1 0.8
0.88462704536505 3.49243452333258 "experimento_64" 64 2000 1000 0.8 4 0.4 1 0.8
0.918819327373058 4.29047392100356 "experimento_64" 64 2000 1000 0.8 4 0.4 1 0.8
0.927478281548247 4.02033008713204 "experimento_64" 64 2000 1000 0.8 4 0.4 1 0.8
0.916371428174898 3.66266194485179 "experimento_64" 64 2000 1000 0.8 4 0.4 1 0.8
0.893347386736423 3.7022857739097 "experimento_64" 64 2000 1000 0.8 4 0.4 1 0.8
1.05199214474714 4.16798918617409 "experimento_64" 64 2000 1000 0.8 4 0.4 1 0.8
1.00324001976483 4.30417246200185 "experimento_64" 64 2000 1000 0.8 4 0.4 1 0.8
0.935850790236145 4.10706571602943 "experimento_64" 64 2000 1000 0.8 4 0.4 1 0.8
1.0240281660445 4.41033017872819 "experimento_64" 64 2000 1000 0.8 4 0.4 1 0.8
0.964768918929622 3.90212434756533 "experimento_64" 64 2000 1000 0.8 4 0.4 1 0.8
0.993817812763155 4.15572457141693 "experimento_64" 64 2000 1000 0.8 4 0.4 1 0.8
0.98796003870666 4.35302121846103 "experimento_64" 64 2000 1000 0.8 4 0.4 1 0.8
0.903459165943787 3.90902601191978 "experimento_64" 64 2000 1000 0.8 4 0.4 1 0.8
0.967373655177653 3.85827275152619 "experimento_64" 64 2000 1000 0.8 4 0.4 1 0.8
0.929595254827291 3.78989807268302 "experimento_64" 64 2000 1000 0.8 4 0.4 1 0.8
0.910526847699657 3.9314494155447 "experimento_64" 64 2000 1000 0.8 4 0.4 1 0.8
1.03431699681096 3.72276623713649 "experimento_64" 64 2000 1000 0.8 4 0.4 1 0.8
0.943028360372409 3.99006543872478 "experimento_64" 64 2000 1000 0.8 4 0.4 1 0.8
0.931051140651107 3.92095440771502 "experimento_64" 64 2000 1000 0.8 4 0.4 1 0.8
0.943965639220551 4.08529794950003 "experimento_64" 64 2000 1000 0.8 4 0.4 1 0.8
0.982142700115219 4.20756437858981 "experimento_64" 64 2000 1000 0.8 4 0.4 1 0.8
0.937728370074183 3.96921462931917 "experimento_64" 64 2000 1000 0.8 4 0.4 1 0.8
0.875770060811192 3.79713459407042 "experimento_64" 64 2000 1000 0.8 4 0.4 1 0.8
0.93657464068383 3.94452929941462 "experimento_64" 64 2000 1000 0.8 4 0.4 1 0.8
0.965291860513389 4.11485698592084 "experimento_64" 64 2000 1000 0.8 4 0.4 1 0.8
0.981278710998595 3.65547465099043 "experimento_64" 64 2000 1000 0.8 4 0.4 1 0.8
0.989582455717027 4.11016324515445 "experimento_64" 64 2000 1000 0.8 4 0.4 1 0.8
0.893254627473652 4.07389722548057 "experimento_64" 64 2000 1000 0.8 4 0.4 1 0.8
0.914765333291143 3.85458464965846 "experimento_64" 64 2000 1000 0.8 4 0.4 1 0.8
0.879184900550172 3.92963298137935 "experimento_64" 64 2000 1000 0.8 4 0.4 1 0.8
0.912470832234249 3.76543820605398 "experimento_64" 64 2000 1000 0.8 4 0.4 1 0.8
0.940101972548291 4.20433053616793 "experimento_64" 64 2000 1000 0.8 4 0.4 1 0.8
0.999650513287634 4.01452366375457 "experimento_64" 64 2000 1000 0.8 4 0.4 1 0.8
0.978848269442096 4.18050890700505 "experimento_64" 64 2000 1000 0.8 4 0.4 1 0.8
1.1148144968844 4.41736091075032 "experimento_64" 64 2000 1000 0.8 4 0.4 1 0.8
0.929805168649182 3.75290972206175 "experimento_64" 64 2000 1000 0.8 4 0.4 1 0.8
0.940257974667475 3.93033099160421 "experimento_64" 64 2000 1000 0.8 4 0.4 1 0.8
0.947560051223263 4.09951451369921 "experimento_64" 64 2000 1000 0.8 4 0.4 1 0.8
0.999210834037513 4.24652846462247 "experimento_64" 64 2000 1000 0.8 4 0.4 1 0.8
0.96110556088388 4.12402318207514 "experimento_64" 64 2000 1000 0.8 4 0.4 1 0.8
1.05607130431933 4.38677832873045 "experimento_64" 64 2000 1000 0.8 4 0.4 1 0.8
0.95165845262818 3.60746285826543 "experimento_64" 64 2000 1000 0.8 4 0.4 1 0.8
0.956720689544454 3.7672150915749 "experimento_64" 64 2000 1000 0.8 4 0.4 1 0.8
0.942483607679605 3.95606620698241 "experimento_64" 64 2000 1000 0.8 4 0.4 1 0.8
1.02684719429756 4.24849682832854 "experimento_64" 64 2000 1000 0.8 4 0.4 1 0.8
0.977370600216091 3.96587930675762 "experimento_64" 64 2000 1000 0.8 4 0.4 1 0.8
1.18219210080381 4.66202677138336 "experimento_64" 64 2000 1000 0.8 4 0.4 1 0.8
0.89682820183225 3.91731020819184 "experimento_64" 64 2000 1000 0.8 4 0.4 1 0.8
0.968008384341374 3.65315428195936 "experimento_64" 64 2000 1000 0.8 4 0.4 1 0.8
0.901376319816336 3.80757643694623 "experimento_64" 64 2000 1000 0.8 4 0.4 1 0.8
0.952699663350359 4.24889017468163 "experimento_64" 64 2000 1000 0.8 4 0.4 1 0.8
0.940170065499842 3.93249062017834 "experimento_64" 64 2000 1000 0.8 4 0.4 1 0.8
0.935742313973606 4.03561492992684 "experimento_64" 64 2000 1000 0.8 4 0.4 1 0.8
0.958899637451395 4.15843224245902 "experimento_64" 64 2000 1000 0.8 4 0.4 1 0.8
0.950218191137537 3.97891701371597 "experimento_64" 64 2000 1000 0.8 4 0.4 1 0.8
0.976761254947633 4.10344342530492 "experimento_64" 64 2000 1000 0.8 4 0.4 1 0.8
0.926470407750458 3.70830689211059 "experimento_64" 64 2000 1000 0.8 4 0.4 1 0.8
0.913359880447388 3.55602293884794 "experimento_64" 64 2000 1000 0.8 4 0.4 1 0.8
1.02793183680353 3.96871671054962 "experimento_64" 64 2000 1000 0.8 4 0.4 1 0.8
0.981287833070382 4.38428605564753 "experimento_64" 64 2000 1000 0.8 4 0.4 1 0.8
0.953929892973974 3.90031062515453 "experimento_64" 64 2000 1000 0.8 4 0.4 1 0.8
0.920522387837991 3.83511090846607 "experimento_64" 64 2000 1000 0.8 4 0.4 1 0.8
0.992108812555671 4.13842599130502 "experimento_64" 64 2000 1000 0.8 4 0.4 1 0.8
0.898545501753688 3.70669401166158 "experimento_64" 64 2000 1000 0.8 4 0.4 1 0.8
0.935561436461285 4.0723217837308 "experimento_64" 64 2000 1000 0.8 4 0.4 1 0.8
0.967292548855767 3.8142562858663 "experimento_64" 64 2000 1000 0.8 4 0.4 1 0.8
0.963086119387299 4.01881327642863 "experimento_64" 64 2000 1000 0.8 4 0.4 1 0.8
