"est.u" "est.lamb" "name" "seed" "size" "replicates" "p_umbral" "exp_lambda" "alpha_pen" "n_pen" "c"
0.890530011849478 8.94467506814848 "experimento_31" 31 500 1000 0.95 10 0.4 1 0.8
0.946108387317508 11.551663115803 "experimento_31" 31 500 1000 0.95 10 0.4 1 0.8
0.852595104835927 8.2675028023804 "experimento_31" 31 500 1000 0.95 10 0.4 1 0.8
0.946710501564667 12.3733084467614 "experimento_31" 31 500 1000 0.95 10 0.4 1 0.8
0.912359020207077 10.1130743190383 "experimento_31" 31 500 1000 0.95 10 0.4 1 0.8
0.942471851594746 13.421046624766 "experimento_31" 31 500 1000 0.95 10 0.4 1 0.8
0.679865181678906 5.38878888363155 "experimento_31" 31 500 1000 0.95 10 0.4 1 0.8
0.911615755641833 8.35708020647587 "experimento_31" 31 500 1000 0.95 10 0.4 1 0.8
0.929518373217434 10.5272135498139 "experimento_31" 31 500 1000 0.95 10 0.4 1 0.8
0.926125176250935 12.2501679058259 "experimento_31" 31 500 1000 0.95 10 0.4 1 0.8
0.93160524754785 11.2256827540356 "experimento_31" 31 500 1000 0.95 10 0.4 1 0.8
0.917223733151332 9.99456585962963 "experimento_31" 31 500 1000 0.95 10 0.4 1 0.8
0.920064444886521 11.6307189191441 "experimento_31" 31 500 1000 0.95 10 0.4 1 0.8
0.870823960285634 9.47353494805955 "experimento_31" 31 500 1000 0.95 10 0.4 1 0.8
0.884434005245566 8.53296208132749 "experimento_31" 31 500 1000 0.95 10 0.4 1 0.8
0.919789259787649 9.10439880701298 "experimento_31" 31 500 1000 0.95 10 0.4 1 0.8
0.889886916149408 8.69266180459164 "experimento_31" 31 500 1000 0.95 10 0.4 1 0.8
0.901550803333521 9.55284413509922 "experimento_31" 31 500 1000 0.95 10 0.4 1 0.8
0.879553830018267 8.99588322663653 "experimento_31" 31 500 1000 0.95 10 0.4 1 0.8
0.890813581645489 9.85970933672002 "experimento_31" 31 500 1000 0.95 10 0.4 1 0.8
0.916550180176273 9.56420048337896 "experimento_31" 31 500 1000 0.95 10 0.4 1 0.8
0.92832692922093 9.93134994758899 "experimento_31" 31 500 1000 0.95 10 0.4 1 0.8
0.709051884710789 6.14782978984447 "experimento_31" 31 500 1000 0.95 10 0.4 1 0.8
0.927870725514367 11.7888590379119 "experimento_31" 31 500 1000 0.95 10 0.4 1 0.8
0.935693804407492 13.1145724158524 "experimento_31" 31 500 1000 0.95 10 0.4 1 0.8
0.933216563193128 10.1281860031413 "experimento_31" 31 500 1000 0.95 10 0.4 1 0.8
0.921385345514864 11.1024641836286 "experimento_31" 31 500 1000 0.95 10 0.4 1 0.8
0.953217829111964 12.2983559477367 "experimento_31" 31 500 1000 0.95 10 0.4 1 0.8
0.905005171196535 10.4575725169547 "experimento_31" 31 500 1000 0.95 10 0.4 1 0.8
0.96461196988821 13.0137853022296 "experimento_31" 31 500 1000 0.95 10 0.4 1 0.8
0.541169811971486 4.14401622917435 "experimento_31" 31 500 1000 0.95 10 0.4 1 0.8
0.914184204535559 11.3199828847688 "experimento_31" 31 500 1000 0.95 10 0.4 1 0.8
0.872260959120467 12.6458176789167 "experimento_31" 31 500 1000 0.95 10 0.4 1 0.8
0.937593912007287 12.2688366909806 "experimento_31" 31 500 1000 0.95 10 0.4 1 0.8
0.74503218033351 7.11153915988642 "experimento_31" 31 500 1000 0.95 10 0.4 1 0.8
0.909396554576233 10.8641564320998 "experimento_31" 31 500 1000 0.95 10 0.4 1 0.8
0.933074982138351 11.616481191283 "experimento_31" 31 500 1000 0.95 10 0.4 1 0.8
0.938772370340303 14.1454280480041 "experimento_31" 31 500 1000 0.95 10 0.4 1 0.8
0.928217601729557 12.1007960309006 "experimento_31" 31 500 1000 0.95 10 0.4 1 0.8
0.783209895249456 6.47292645381466 "experimento_31" 31 500 1000 0.95 10 0.4 1 0.8
0.928251086035743 11.9261419693876 "experimento_31" 31 500 1000 0.95 10 0.4 1 0.8
0.803635752527043 6.97687227781381 "experimento_31" 31 500 1000 0.95 10 0.4 1 0.8
0.954597631003708 11.7574819594697 "experimento_31" 31 500 1000 0.95 10 0.4 1 0.8
0.868196950992569 9.51674289185443 "experimento_31" 31 500 1000 0.95 10 0.4 1 0.8
0.92333933361806 12.3963611624097 "experimento_31" 31 500 1000 0.95 10 0.4 1 0.8
0.908515275223181 12.4535084968736 "experimento_31" 31 500 1000 0.95 10 0.4 1 0.8
0.89465532428585 12.1088523253271 "experimento_31" 31 500 1000 0.95 10 0.4 1 0.8
0.946556384209543 12.3466390380099 "experimento_31" 31 500 1000 0.95 10 0.4 1 0.8
0.823896241374314 7.71277154546647 "experimento_31" 31 500 1000 0.95 10 0.4 1 0.8
0.89514491497539 9.49299269716846 "experimento_31" 31 500 1000 0.95 10 0.4 1 0.8
0.928836456965655 13.2601691522309 "experimento_31" 31 500 1000 0.95 10 0.4 1 0.8
0.869315104559064 10.0622229789257 "experimento_31" 31 500 1000 0.95 10 0.4 1 0.8
0.90066054626368 10.7775047526637 "experimento_31" 31 500 1000 0.95 10 0.4 1 0.8
0.883017578162253 9.99267316718643 "experimento_31" 31 500 1000 0.95 10 0.4 1 0.8
0.822164609329775 9.42456161355391 "experimento_31" 31 500 1000 0.95 10 0.4 1 0.8
0.907212920952588 11.3649968579558 "experimento_31" 31 500 1000 0.95 10 0.4 1 0.8
0.92543217423372 11.5150408549437 "experimento_31" 31 500 1000 0.95 10 0.4 1 0.8
0.899337242357433 10.1134997561945 "experimento_31" 31 500 1000 0.95 10 0.4 1 0.8
0.901489620329812 10.1599169732226 "experimento_31" 31 500 1000 0.95 10 0.4 1 0.8
0.909093330381438 11.3805527311421 "experimento_31" 31 500 1000 0.95 10 0.4 1 0.8
0.94431872619316 13.7619145282458 "experimento_31" 31 500 1000 0.95 10 0.4 1 0.8
0.941987564321607 13.8742035708024 "experimento_31" 31 500 1000 0.95 10 0.4 1 0.8
0.811873427592218 8.77791778461812 "experimento_31" 31 500 1000 0.95 10 0.4 1 0.8
0.836403374094516 7.80183325164281 "experimento_31" 31 500 1000 0.95 10 0.4 1 0.8
0.871545855887234 9.36692416173687 "experimento_31" 31 500 1000 0.95 10 0.4 1 0.8
0.826411639805883 7.95189809999879 "experimento_31" 31 500 1000 0.95 10 0.4 1 0.8
0.587680081604049 4.04577133483763 "experimento_31" 31 500 1000 0.95 10 0.4 1 0.8
0.882031362969428 8.99068633147603 "experimento_31" 31 500 1000 0.95 10 0.4 1 0.8
0.926929861539975 10.5682727399522 "experimento_31" 31 500 1000 0.95 10 0.4 1 0.8
0.882732822094113 10.2493783165616 "experimento_31" 31 500 1000 0.95 10 0.4 1 0.8
0.83004281623289 8.21630550122429 "experimento_31" 31 500 1000 0.95 10 0.4 1 0.8
0.899987709708512 9.83393215393144 "experimento_31" 31 500 1000 0.95 10 0.4 1 0.8
0.852567566558719 10.1078492883579 "experimento_31" 31 500 1000 0.95 10 0.4 1 0.8
0.879746975377202 7.79332725153278 "experimento_31" 31 500 1000 0.95 10 0.4 1 0.8
0.92941064783372 11.1185509001189 "experimento_31" 31 500 1000 0.95 10 0.4 1 0.8
0.846410913392901 8.12947251391612 "experimento_31" 31 500 1000 0.95 10 0.4 1 0.8
0.806255896342918 7.3280595686119 "experimento_31" 31 500 1000 0.95 10 0.4 1 0.8
0.956003455910832 11.3135588831597 "experimento_31" 31 500 1000 0.95 10 0.4 1 0.8
0.8009080120828 7.34949764176482 "experimento_31" 31 500 1000 0.95 10 0.4 1 0.8
0.951361221494153 14.4443883890345 "experimento_31" 31 500 1000 0.95 10 0.4 1 0.8
0.920830783201382 13.4340146391209 "experimento_31" 31 500 1000 0.95 10 0.4 1 0.8
0.882854448864236 9.61403399397298 "experimento_31" 31 500 1000 0.95 10 0.4 1 0.8
0.948239832883701 11.2399419811437 "experimento_31" 31 500 1000 0.95 10 0.4 1 0.8
0.935840368503705 12.3420883515087 "experimento_31" 31 500 1000 0.95 10 0.4 1 0.8
0.92198770516552 10.2073321605009 "experimento_31" 31 500 1000 0.95 10 0.4 1 0.8
0.869882148457691 7.96296805307778 "experimento_31" 31 500 1000 0.95 10 0.4 1 0.8
0.935327225597575 10.7307359373726 "experimento_31" 31 500 1000 0.95 10 0.4 1 0.8
0.88250143872574 9.66860448065467 "experimento_31" 31 500 1000 0.95 10 0.4 1 0.8
0.794074305100366 6.93730077970167 "experimento_31" 31 500 1000 0.95 10 0.4 1 0.8
0.935803468571976 11.6050941296272 "experimento_31" 31 500 1000 0.95 10 0.4 1 0.8
0.858931262977421 7.67455746930886 "experimento_31" 31 500 1000 0.95 10 0.4 1 0.8
0.917833672603592 11.1893559412545 "experimento_31" 31 500 1000 0.95 10 0.4 1 0.8
0.977026778738946 13.2234490446772 "experimento_31" 31 500 1000 0.95 10 0.4 1 0.8
0.944025747012347 13.4335601208187 "experimento_31" 31 500 1000 0.95 10 0.4 1 0.8
0.921605178155005 10.083217505545 "experimento_31" 31 500 1000 0.95 10 0.4 1 0.8
0.947354757925496 9.28599022570028 "experimento_31" 31 500 1000 0.95 10 0.4 1 0.8
0.886256729252636 8.93026309819907 "experimento_31" 31 500 1000 0.95 10 0.4 1 0.8
0.873585917521268 8.5679442215871 "experimento_31" 31 500 1000 0.95 10 0.4 1 0.8
0.926902008708566 12.8989557695113 "experimento_31" 31 500 1000 0.95 10 0.4 1 0.8
0.912268373649567 9.28117932683341 "experimento_31" 31 500 1000 0.95 10 0.4 1 0.8
0.901123031741008 10.9145127037206 "experimento_31" 31 500 1000 0.95 10 0.4 1 0.8
0.908502405975014 11.4822837570017 "experimento_31" 31 500 1000 0.95 10 0.4 1 0.8
0.955078700790182 17.3874064297407 "experimento_31" 31 500 1000 0.95 10 0.4 1 0.8
0.914973649429157 11.7794647022911 "experimento_31" 31 500 1000 0.95 10 0.4 1 0.8
0.928308072499931 11.1967065036078 "experimento_31" 31 500 1000 0.95 10 0.4 1 0.8
0.936680447775871 12.8330526305755 "experimento_31" 31 500 1000 0.95 10 0.4 1 0.8
0.904536926420406 10.5963849237691 "experimento_31" 31 500 1000 0.95 10 0.4 1 0.8
0.892481479793787 9.29279052609007 "experimento_31" 31 500 1000 0.95 10 0.4 1 0.8
0.733631470240653 6.36820785532324 "experimento_31" 31 500 1000 0.95 10 0.4 1 0.8
0.967667432967573 9.8542414143336 "experimento_31" 31 500 1000 0.95 10 0.4 1 0.8
0.904108582530171 10.0748734451467 "experimento_31" 31 500 1000 0.95 10 0.4 1 0.8
0.724037925945595 6.39728379813583 "experimento_31" 31 500 1000 0.95 10 0.4 1 0.8
0.872565621044487 9.22633059580341 "experimento_31" 31 500 1000 0.95 10 0.4 1 0.8
0.932885102229193 13.2041507258347 "experimento_31" 31 500 1000 0.95 10 0.4 1 0.8
0.95386688108556 10.2010234015629 "experimento_31" 31 500 1000 0.95 10 0.4 1 0.8
0.925680693471804 12.1306215422417 "experimento_31" 31 500 1000 0.95 10 0.4 1 0.8
0.91821349109523 9.82333184841806 "experimento_31" 31 500 1000 0.95 10 0.4 1 0.8
0.854088309686631 8.53366193633435 "experimento_31" 31 500 1000 0.95 10 0.4 1 0.8
0.890813941834494 9.44207134336857 "experimento_31" 31 500 1000 0.95 10 0.4 1 0.8
0.892872814787552 8.22736081522224 "experimento_31" 31 500 1000 0.95 10 0.4 1 0.8
0.873609805013984 7.39768411321121 "experimento_31" 31 500 1000 0.95 10 0.4 1 0.8
0.897488564485684 10.0050820814719 "experimento_31" 31 500 1000 0.95 10 0.4 1 0.8
0.856092850444838 10.706818131118 "experimento_31" 31 500 1000 0.95 10 0.4 1 0.8
0.909300310304388 9.93242834588011 "experimento_31" 31 500 1000 0.95 10 0.4 1 0.8
0.662449269089848 4.9515246311067 "experimento_31" 31 500 1000 0.95 10 0.4 1 0.8
0.906153480755165 9.5921862877724 "experimento_31" 31 500 1000 0.95 10 0.4 1 0.8
0.928667279193178 12.1427060304364 "experimento_31" 31 500 1000 0.95 10 0.4 1 0.8
0.915234905900434 11.297003169657 "experimento_31" 31 500 1000 0.95 10 0.4 1 0.8
0.946678798645735 11.5076467452886 "experimento_31" 31 500 1000 0.95 10 0.4 1 0.8
0.829270143061876 8.84763964654584 "experimento_31" 31 500 1000 0.95 10 0.4 1 0.8
1.00108139161021 10.9424867406776 "experimento_31" 31 500 1000 0.95 10 0.4 1 0.8
0.923040007706732 8.31676378685554 "experimento_31" 31 500 1000 0.95 10 0.4 1 0.8
0.903741695219651 10.381401302275 "experimento_31" 31 500 1000 0.95 10 0.4 1 0.8
0.797611426562071 6.72980403674368 "experimento_31" 31 500 1000 0.95 10 0.4 1 0.8
0.909416894195601 11.0919351380285 "experimento_31" 31 500 1000 0.95 10 0.4 1 0.8
0.904743768507615 10.823614973734 "experimento_31" 31 500 1000 0.95 10 0.4 1 0.8
0.88667586282827 10.7930695225834 "experimento_31" 31 500 1000 0.95 10 0.4 1 0.8
0.789184437366202 7.66218204946703 "experimento_31" 31 500 1000 0.95 10 0.4 1 0.8
0.966143937082961 16.6122360428708 "experimento_31" 31 500 1000 0.95 10 0.4 1 0.8
0.877763923024759 8.54385515879863 "experimento_31" 31 500 1000 0.95 10 0.4 1 0.8
0.866185495629907 9.61582713541075 "experimento_31" 31 500 1000 0.95 10 0.4 1 0.8
0.891239955089986 8.5533757566393 "experimento_31" 31 500 1000 0.95 10 0.4 1 0.8
0.945619350997731 12.8919529830419 "experimento_31" 31 500 1000 0.95 10 0.4 1 0.8
0.901982505107298 10.6292719280382 "experimento_31" 31 500 1000 0.95 10 0.4 1 0.8
0.938610977027565 11.5706902173966 "experimento_31" 31 500 1000 0.95 10 0.4 1 0.8
0.854791519464925 8.86956119501004 "experimento_31" 31 500 1000 0.95 10 0.4 1 0.8
0.905880661215633 11.3852466133727 "experimento_31" 31 500 1000 0.95 10 0.4 1 0.8
0.901019468670711 11.4803102896511 "experimento_31" 31 500 1000 0.95 10 0.4 1 0.8
0.938168446300551 12.5411097378699 "experimento_31" 31 500 1000 0.95 10 0.4 1 0.8
0.950415618252009 17.6059261927407 "experimento_31" 31 500 1000 0.95 10 0.4 1 0.8
1.00762941898124 15.1310699518566 "experimento_31" 31 500 1000 0.95 10 0.4 1 0.8
0.875137687893584 10.8763349006779 "experimento_31" 31 500 1000 0.95 10 0.4 1 0.8
0.591573316371068 4.47244496774111 "experimento_31" 31 500 1000 0.95 10 0.4 1 0.8
0.908511966932565 11.2466773099958 "experimento_31" 31 500 1000 0.95 10 0.4 1 0.8
0.912328607402742 11.3583309241414 "experimento_31" 31 500 1000 0.95 10 0.4 1 0.8
0.949389348272234 15.1473686880151 "experimento_31" 31 500 1000 0.95 10 0.4 1 0.8
0.890959153650329 9.43436704905591 "experimento_31" 31 500 1000 0.95 10 0.4 1 0.8
0.927489929599687 12.3057372094979 "experimento_31" 31 500 1000 0.95 10 0.4 1 0.8
0.842637003399432 7.67799080149725 "experimento_31" 31 500 1000 0.95 10 0.4 1 0.8
0.912973346188664 10.8993143256688 "experimento_31" 31 500 1000 0.95 10 0.4 1 0.8
0.916227591224015 10.9017978884694 "experimento_31" 31 500 1000 0.95 10 0.4 1 0.8
0.942528796382248 12.8939832772671 "experimento_31" 31 500 1000 0.95 10 0.4 1 0.8
0.854736156295985 9.27879095023625 "experimento_31" 31 500 1000 0.95 10 0.4 1 0.8
0.953001850517467 14.0359307014389 "experimento_31" 31 500 1000 0.95 10 0.4 1 0.8
0.92610446899198 10.0520428400231 "experimento_31" 31 500 1000 0.95 10 0.4 1 0.8
0.960593763040379 12.628132182506 "experimento_31" 31 500 1000 0.95 10 0.4 1 0.8
0.575656003318727 4.27808720053897 "experimento_31" 31 500 1000 0.95 10 0.4 1 0.8
0.945276544196531 13.5888400981162 "experimento_31" 31 500 1000 0.95 10 0.4 1 0.8
0.867424305994064 9.90029861326055 "experimento_31" 31 500 1000 0.95 10 0.4 1 0.8
0.946927489945665 15.8280896870455 "experimento_31" 31 500 1000 0.95 10 0.4 1 0.8
0.950267289066687 15.1154831936559 "experimento_31" 31 500 1000 0.95 10 0.4 1 0.8
0.949134484631941 10.8633804505732 "experimento_31" 31 500 1000 0.95 10 0.4 1 0.8
0.927854381734505 11.354560053639 "experimento_31" 31 500 1000 0.95 10 0.4 1 0.8
0.846900118282065 8.39882269014449 "experimento_31" 31 500 1000 0.95 10 0.4 1 0.8
0.956364668905735 14.4071111397172 "experimento_31" 31 500 1000 0.95 10 0.4 1 0.8
0.944733250653371 12.3055523293783 "experimento_31" 31 500 1000 0.95 10 0.4 1 0.8
0.950072529958561 11.8829584245539 "experimento_31" 31 500 1000 0.95 10 0.4 1 0.8
0.963672232581303 13.870725949496 "experimento_31" 31 500 1000 0.95 10 0.4 1 0.8
0.880200976505876 11.1180412052342 "experimento_31" 31 500 1000 0.95 10 0.4 1 0.8
0.909767089411616 13.6716017356133 "experimento_31" 31 500 1000 0.95 10 0.4 1 0.8
0.907814477104694 8.93272638802604 "experimento_31" 31 500 1000 0.95 10 0.4 1 0.8
0.887104123132303 10.4107871201548 "experimento_31" 31 500 1000 0.95 10 0.4 1 0.8
0.776426687370986 7.67158976792013 "experimento_31" 31 500 1000 0.95 10 0.4 1 0.8
0.883902951376513 9.66835854806564 "experimento_31" 31 500 1000 0.95 10 0.4 1 0.8
0.830722313374281 8.12856413228828 "experimento_31" 31 500 1000 0.95 10 0.4 1 0.8
0.904971379088238 11.211740133885 "experimento_31" 31 500 1000 0.95 10 0.4 1 0.8
0.870580424321815 8.31289837576383 "experimento_31" 31 500 1000 0.95 10 0.4 1 0.8
0.954251350369304 9.86595554747616 "experimento_31" 31 500 1000 0.95 10 0.4 1 0.8
0.922843723557889 11.2930210745183 "experimento_31" 31 500 1000 0.95 10 0.4 1 0.8
0.939815688645467 14.1614375976752 "experimento_31" 31 500 1000 0.95 10 0.4 1 0.8
0.937464623479173 9.35257455353753 "experimento_31" 31 500 1000 0.95 10 0.4 1 0.8
0.849420277867466 10.1155940196548 "experimento_31" 31 500 1000 0.95 10 0.4 1 0.8
0.880766856484115 8.93632655122016 "experimento_31" 31 500 1000 0.95 10 0.4 1 0.8
0.891576203983277 9.30063181260391 "experimento_31" 31 500 1000 0.95 10 0.4 1 0.8
0.884175444254652 9.95497038436896 "experimento_31" 31 500 1000 0.95 10 0.4 1 0.8
0.943228603340685 13.2600122135643 "experimento_31" 31 500 1000 0.95 10 0.4 1 0.8
0.921024569543079 11.0745279234008 "experimento_31" 31 500 1000 0.95 10 0.4 1 0.8
1.11707376055761 23.5992633313999 "experimento_31" 31 500 1000 0.95 10 0.4 1 0.8
0.938816073117778 10.8124547430202 "experimento_31" 31 500 1000 0.95 10 0.4 1 0.8
0.937040294287726 11.8130445549634 "experimento_31" 31 500 1000 0.95 10 0.4 1 0.8
0.914338970556855 9.6782127310348 "experimento_31" 31 500 1000 0.95 10 0.4 1 0.8
0.882353333290666 9.74523679946259 "experimento_31" 31 500 1000 0.95 10 0.4 1 0.8
0.969663233496249 11.8932074228228 "experimento_31" 31 500 1000 0.95 10 0.4 1 0.8
0.934569715289399 8.72785498986208 "experimento_31" 31 500 1000 0.95 10 0.4 1 0.8
0.917683162959293 11.1846983871145 "experimento_31" 31 500 1000 0.95 10 0.4 1 0.8
0.93912553275004 11.0495596881327 "experimento_31" 31 500 1000 0.95 10 0.4 1 0.8
0.936124415369704 11.7783566441741 "experimento_31" 31 500 1000 0.95 10 0.4 1 0.8
0.922820621635765 10.185669303893 "experimento_31" 31 500 1000 0.95 10 0.4 1 0.8
0.918678137473762 11.2930441146773 "experimento_31" 31 500 1000 0.95 10 0.4 1 0.8
0.945596817648038 13.1078185956183 "experimento_31" 31 500 1000 0.95 10 0.4 1 0.8
0.925605188356712 9.63716878622123 "experimento_31" 31 500 1000 0.95 10 0.4 1 0.8
0.916701674927026 10.5256204772788 "experimento_31" 31 500 1000 0.95 10 0.4 1 0.8
0.825987974647433 8.54867566124377 "experimento_31" 31 500 1000 0.95 10 0.4 1 0.8
0.813627076102421 6.97213162316105 "experimento_31" 31 500 1000 0.95 10 0.4 1 0.8
0.910469660535455 7.70130629159182 "experimento_31" 31 500 1000 0.95 10 0.4 1 0.8
0.885191830806434 9.49226677784541 "experimento_31" 31 500 1000 0.95 10 0.4 1 0.8
0.928264032583684 13.8537678581593 "experimento_31" 31 500 1000 0.95 10 0.4 1 0.8
0.918973298277706 11.479308103721 "experimento_31" 31 500 1000 0.95 10 0.4 1 0.8
0.864289359422401 8.78453781614732 "experimento_31" 31 500 1000 0.95 10 0.4 1 0.8
0.723957513691857 5.96101383553461 "experimento_31" 31 500 1000 0.95 10 0.4 1 0.8
0.916081327944994 11.5047247234041 "experimento_31" 31 500 1000 0.95 10 0.4 1 0.8
0.893205192871392 11.6619240778406 "experimento_31" 31 500 1000 0.95 10 0.4 1 0.8
0.938668594928458 12.7659364428835 "experimento_31" 31 500 1000 0.95 10 0.4 1 0.8
0.92533162701875 11.3155117601811 "experimento_31" 31 500 1000 0.95 10 0.4 1 0.8
0.895676713669673 10.1758053309089 "experimento_31" 31 500 1000 0.95 10 0.4 1 0.8
0.880774688441306 10.9344884205387 "experimento_31" 31 500 1000 0.95 10 0.4 1 0.8
0.909111054847017 10.341633845699 "experimento_31" 31 500 1000 0.95 10 0.4 1 0.8
0.996323819505051 8.14098149709536 "experimento_31" 31 500 1000 0.95 10 0.4 1 0.8
0.982529137516394 12.6279967588725 "experimento_31" 31 500 1000 0.95 10 0.4 1 0.8
0.912664624862373 9.80848830543751 "experimento_31" 31 500 1000 0.95 10 0.4 1 0.8
0.919837780529633 10.6948129534184 "experimento_31" 31 500 1000 0.95 10 0.4 1 0.8
0.845230681588873 9.37900883824251 "experimento_31" 31 500 1000 0.95 10 0.4 1 0.8
0.909654421033338 9.69146582797929 "experimento_31" 31 500 1000 0.95 10 0.4 1 0.8
0.899697063025087 11.9484323361387 "experimento_31" 31 500 1000 0.95 10 0.4 1 0.8
0.846907324856147 8.15469968428948 "experimento_31" 31 500 1000 0.95 10 0.4 1 0.8
0.898682320257649 9.80642018593045 "experimento_31" 31 500 1000 0.95 10 0.4 1 0.8
0.906384491128847 11.1728402246334 "experimento_31" 31 500 1000 0.95 10 0.4 1 0.8
0.901422016089782 9.04251386935156 "experimento_31" 31 500 1000 0.95 10 0.4 1 0.8
0.908654765225947 9.01142708053315 "experimento_31" 31 500 1000 0.95 10 0.4 1 0.8
0.974483307218179 19.0454684218886 "experimento_31" 31 500 1000 0.95 10 0.4 1 0.8
0.888195496052504 10.111990587719 "experimento_31" 31 500 1000 0.95 10 0.4 1 0.8
0.979142393916845 10.9048496395122 "experimento_31" 31 500 1000 0.95 10 0.4 1 0.8
0.938136925455183 11.4236257991792 "experimento_31" 31 500 1000 0.95 10 0.4 1 0.8
0.922229952411726 11.958108576811 "experimento_31" 31 500 1000 0.95 10 0.4 1 0.8
0.981840115739033 13.0922068003141 "experimento_31" 31 500 1000 0.95 10 0.4 1 0.8
0.666592774214223 5.11883873041195 "experimento_31" 31 500 1000 0.95 10 0.4 1 0.8
0.957390475319698 16.346147297274 "experimento_31" 31 500 1000 0.95 10 0.4 1 0.8
0.920220142463222 13.8728584506484 "experimento_31" 31 500 1000 0.95 10 0.4 1 0.8
0.926159201422706 12.1866653909249 "experimento_31" 31 500 1000 0.95 10 0.4 1 0.8
0.939233422512189 11.1903687745807 "experimento_31" 31 500 1000 0.95 10 0.4 1 0.8
0.895811284892261 9.52506852186752 "experimento_31" 31 500 1000 0.95 10 0.4 1 0.8
0.926478237379342 10.0160617474719 "experimento_31" 31 500 1000 0.95 10 0.4 1 0.8
0.909380581928417 11.1831932134806 "experimento_31" 31 500 1000 0.95 10 0.4 1 0.8
0.937227743212134 10.3273189135006 "experimento_31" 31 500 1000 0.95 10 0.4 1 0.8
0.936284022405744 10.3583828905399 "experimento_31" 31 500 1000 0.95 10 0.4 1 0.8
0.976956215454265 15.5635778242253 "experimento_31" 31 500 1000 0.95 10 0.4 1 0.8
0.942917758133262 9.61144902303435 "experimento_31" 31 500 1000 0.95 10 0.4 1 0.8
0.952591449022293 11.2521544880521 "experimento_31" 31 500 1000 0.95 10 0.4 1 0.8
0.910839227493852 11.1857903195125 "experimento_31" 31 500 1000 0.95 10 0.4 1 0.8
0.874693386955187 11.1070168423289 "experimento_31" 31 500 1000 0.95 10 0.4 1 0.8
0.909589336486533 11.290212410503 "experimento_31" 31 500 1000 0.95 10 0.4 1 0.8
0.82337081595324 8.80878161540161 "experimento_31" 31 500 1000 0.95 10 0.4 1 0.8
0.798947081668302 7.98678502648726 "experimento_31" 31 500 1000 0.95 10 0.4 1 0.8
0.928404208272696 13.9180786835507 "experimento_31" 31 500 1000 0.95 10 0.4 1 0.8
0.921089556068182 9.40709523597102 "experimento_31" 31 500 1000 0.95 10 0.4 1 0.8
0.871494526509196 10.5435575354596 "experimento_31" 31 500 1000 0.95 10 0.4 1 0.8
0.921392359305173 10.5738145792868 "experimento_31" 31 500 1000 0.95 10 0.4 1 0.8
0.943282403517514 11.1034942772869 "experimento_31" 31 500 1000 0.95 10 0.4 1 0.8
0.910714939702302 13.4728533781356 "experimento_31" 31 500 1000 0.95 10 0.4 1 0.8
0.887702754000202 8.31002382360351 "experimento_31" 31 500 1000 0.95 10 0.4 1 0.8
0.940610414138064 13.70180877364 "experimento_31" 31 500 1000 0.95 10 0.4 1 0.8
0.996361800702289 6.57500889858953 "experimento_31" 31 500 1000 0.95 10 0.4 1 0.8
0.775956046069041 7.24892425078367 "experimento_31" 31 500 1000 0.95 10 0.4 1 0.8
0.878301779972389 9.04914150346474 "experimento_31" 31 500 1000 0.95 10 0.4 1 0.8
0.831562517210841 8.30534424380874 "experimento_31" 31 500 1000 0.95 10 0.4 1 0.8
0.801084658829495 7.04540925815157 "experimento_31" 31 500 1000 0.95 10 0.4 1 0.8
0.983425558311865 18.1040043564896 "experimento_31" 31 500 1000 0.95 10 0.4 1 0.8
0.904765642015263 10.5355949667349 "experimento_31" 31 500 1000 0.95 10 0.4 1 0.8
0.949114494258538 11.9664469705793 "experimento_31" 31 500 1000 0.95 10 0.4 1 0.8
0.945030704140663 10.6571009666578 "experimento_31" 31 500 1000 0.95 10 0.4 1 0.8
0.910016759764403 8.96340071144875 "experimento_31" 31 500 1000 0.95 10 0.4 1 0.8
0.916579548502341 13.2861504665225 "experimento_31" 31 500 1000 0.95 10 0.4 1 0.8
0.953292090445757 12.4369306449358 "experimento_31" 31 500 1000 0.95 10 0.4 1 0.8
0.692085633054376 5.33589533559988 "experimento_31" 31 500 1000 0.95 10 0.4 1 0.8
0.673089511459693 5.22514608771408 "experimento_31" 31 500 1000 0.95 10 0.4 1 0.8
0.864164564758539 9.72925840682682 "experimento_31" 31 500 1000 0.95 10 0.4 1 0.8
0.863874925300479 8.83388257551172 "experimento_31" 31 500 1000 0.95 10 0.4 1 0.8
0.900295507628471 10.2887418882437 "experimento_31" 31 500 1000 0.95 10 0.4 1 0.8
0.927261944161728 10.4178815298475 "experimento_31" 31 500 1000 0.95 10 0.4 1 0.8
0.998681896133348 7.38166338776387 "experimento_31" 31 500 1000 0.95 10 0.4 1 0.8
0.93687359848991 13.9499363534655 "experimento_31" 31 500 1000 0.95 10 0.4 1 0.8
0.999105336610228 12.4257787042792 "experimento_31" 31 500 1000 0.95 10 0.4 1 0.8
0.893572164233774 9.1080121305123 "experimento_31" 31 500 1000 0.95 10 0.4 1 0.8
0.906776033109054 12.0859143279016 "experimento_31" 31 500 1000 0.95 10 0.4 1 0.8
0.928617466241121 13.7389380139949 "experimento_31" 31 500 1000 0.95 10 0.4 1 0.8
0.895982949063182 9.49112845739141 "experimento_31" 31 500 1000 0.95 10 0.4 1 0.8
0.885513786925003 10.6706309849401 "experimento_31" 31 500 1000 0.95 10 0.4 1 0.8
0.89449842274189 10.6023811058641 "experimento_31" 31 500 1000 0.95 10 0.4 1 0.8
0.885176421841606 9.23694520448156 "experimento_31" 31 500 1000 0.95 10 0.4 1 0.8
0.762724986299872 7.00934236857679 "experimento_31" 31 500 1000 0.95 10 0.4 1 0.8
0.843144868500531 8.8227945211251 "experimento_31" 31 500 1000 0.95 10 0.4 1 0.8
0.91641348018311 9.51807330288785 "experimento_31" 31 500 1000 0.95 10 0.4 1 0.8
0.932024502661079 9.49824815555444 "experimento_31" 31 500 1000 0.95 10 0.4 1 0.8
0.929333952954039 10.0961896644751 "experimento_31" 31 500 1000 0.95 10 0.4 1 0.8
0.94341854378581 11.3418576553819 "experimento_31" 31 500 1000 0.95 10 0.4 1 0.8
0.895215053344145 9.08829740310947 "experimento_31" 31 500 1000 0.95 10 0.4 1 0.8
0.781215389724821 7.48980127537355 "experimento_31" 31 500 1000 0.95 10 0.4 1 0.8
0.909437152557075 10.9784129935059 "experimento_31" 31 500 1000 0.95 10 0.4 1 0.8
0.995823905104771 10.8828554443774 "experimento_31" 31 500 1000 0.95 10 0.4 1 0.8
0.904164759675041 10.1393927641752 "experimento_31" 31 500 1000 0.95 10 0.4 1 0.8
1.04756442238577 8.70635819750047 "experimento_31" 31 500 1000 0.95 10 0.4 1 0.8
0.924806009978056 8.94075214568032 "experimento_31" 31 500 1000 0.95 10 0.4 1 0.8
0.761298482771963 6.90812890331128 "experimento_31" 31 500 1000 0.95 10 0.4 1 0.8
0.914435566170141 9.95870397946 "experimento_31" 31 500 1000 0.95 10 0.4 1 0.8
0.919698707293719 10.6806917235897 "experimento_31" 31 500 1000 0.95 10 0.4 1 0.8
0.950694614322856 12.4979487190928 "experimento_31" 31 500 1000 0.95 10 0.4 1 0.8
0.876147123519331 9.24195163853635 "experimento_31" 31 500 1000 0.95 10 0.4 1 0.8
0.931842959253117 13.2367912000733 "experimento_31" 31 500 1000 0.95 10 0.4 1 0.8
0.895176419289783 9.35120123735453 "experimento_31" 31 500 1000 0.95 10 0.4 1 0.8
0.945021707564592 13.5791269986589 "experimento_31" 31 500 1000 0.95 10 0.4 1 0.8
0.898569621844217 10.1187765951699 "experimento_31" 31 500 1000 0.95 10 0.4 1 0.8
0.897409133380279 9.91646595242937 "experimento_31" 31 500 1000 0.95 10 0.4 1 0.8
0.893748665461317 10.683994254136 "experimento_31" 31 500 1000 0.95 10 0.4 1 0.8
0.948357271961868 15.1200654786774 "experimento_31" 31 500 1000 0.95 10 0.4 1 0.8
1.00670702052303 10.3543272742776 "experimento_31" 31 500 1000 0.95 10 0.4 1 0.8
0.918706212425604 11.3026440791369 "experimento_31" 31 500 1000 0.95 10 0.4 1 0.8
0.880908726947382 10.6657277995161 "experimento_31" 31 500 1000 0.95 10 0.4 1 0.8
0.953670350834727 8.38129024217862 "experimento_31" 31 500 1000 0.95 10 0.4 1 0.8
0.944392473436892 10.3414015464454 "experimento_31" 31 500 1000 0.95 10 0.4 1 0.8
0.791634018067271 7.54774052207482 "experimento_31" 31 500 1000 0.95 10 0.4 1 0.8
0.871038521640003 9.54045801508615 "experimento_31" 31 500 1000 0.95 10 0.4 1 0.8
0.877782890805975 11.347736437645 "experimento_31" 31 500 1000 0.95 10 0.4 1 0.8
0.868634581565857 9.89217583720214 "experimento_31" 31 500 1000 0.95 10 0.4 1 0.8
0.840838203206658 8.35085927573999 "experimento_31" 31 500 1000 0.95 10 0.4 1 0.8
0.901270750677213 10.9546848455795 "experimento_31" 31 500 1000 0.95 10 0.4 1 0.8
0.860312693286687 7.81136529641702 "experimento_31" 31 500 1000 0.95 10 0.4 1 0.8
0.898159368894994 10.5420462709977 "experimento_31" 31 500 1000 0.95 10 0.4 1 0.8
0.936731541994959 13.3136244890699 "experimento_31" 31 500 1000 0.95 10 0.4 1 0.8
0.90573214343749 10.0460159579149 "experimento_31" 31 500 1000 0.95 10 0.4 1 0.8
0.924156643683091 12.4316916294969 "experimento_31" 31 500 1000 0.95 10 0.4 1 0.8
0.843850129051134 8.33279809004522 "experimento_31" 31 500 1000 0.95 10 0.4 1 0.8
0.913674091920257 10.7882339879281 "experimento_31" 31 500 1000 0.95 10 0.4 1 0.8
0.950954590458423 12.5648433462321 "experimento_31" 31 500 1000 0.95 10 0.4 1 0.8
0.815745019121096 8.67485206491116 "experimento_31" 31 500 1000 0.95 10 0.4 1 0.8
0.876541553298011 10.1126823140314 "experimento_31" 31 500 1000 0.95 10 0.4 1 0.8
0.924844889435917 10.573363659482 "experimento_31" 31 500 1000 0.95 10 0.4 1 0.8
0.911106776213273 11.0614886941127 "experimento_31" 31 500 1000 0.95 10 0.4 1 0.8
0.919144327519462 11.0979431975439 "experimento_31" 31 500 1000 0.95 10 0.4 1 0.8
0.906322171678767 10.7439031189226 "experimento_31" 31 500 1000 0.95 10 0.4 1 0.8
0.889798116637394 10.2094858763188 "experimento_31" 31 500 1000 0.95 10 0.4 1 0.8
0.994519201340154 11.0514668523232 "experimento_31" 31 500 1000 0.95 10 0.4 1 0.8
0.876675113569945 9.45641473386602 "experimento_31" 31 500 1000 0.95 10 0.4 1 0.8
0.937943493248895 11.2392571916516 "experimento_31" 31 500 1000 0.95 10 0.4 1 0.8
0.936188278254122 12.1428746564729 "experimento_31" 31 500 1000 0.95 10 0.4 1 0.8
0.907798652304336 13.1926726656879 "experimento_31" 31 500 1000 0.95 10 0.4 1 0.8
0.970456057693809 10.8298987663823 "experimento_31" 31 500 1000 0.95 10 0.4 1 0.8
0.858465449884534 7.15079726940144 "experimento_31" 31 500 1000 0.95 10 0.4 1 0.8
0.862518745707348 9.5746701180609 "experimento_31" 31 500 1000 0.95 10 0.4 1 0.8
0.876271388027817 10.2367429606309 "experimento_31" 31 500 1000 0.95 10 0.4 1 0.8
0.901056836824864 11.9645000611423 "experimento_31" 31 500 1000 0.95 10 0.4 1 0.8
0.89292815560475 9.90360647785653 "experimento_31" 31 500 1000 0.95 10 0.4 1 0.8
0.968917140038684 12.0067374408793 "experimento_31" 31 500 1000 0.95 10 0.4 1 0.8
0.871887859422714 11.3695740261184 "experimento_31" 31 500 1000 0.95 10 0.4 1 0.8
0.903111394960433 10.9260711247808 "experimento_31" 31 500 1000 0.95 10 0.4 1 0.8
0.805343558546156 7.58431582293217 "experimento_31" 31 500 1000 0.95 10 0.4 1 0.8
0.926284529967234 13.910351745765 "experimento_31" 31 500 1000 0.95 10 0.4 1 0.8
0.916524520609528 10.5018018521602 "experimento_31" 31 500 1000 0.95 10 0.4 1 0.8
0.840223698411137 8.21656601416352 "experimento_31" 31 500 1000 0.95 10 0.4 1 0.8
0.940325918141752 17.898624396482 "experimento_31" 31 500 1000 0.95 10 0.4 1 0.8
0.948380529647693 11.3338634992521 "experimento_31" 31 500 1000 0.95 10 0.4 1 0.8
0.866913413628936 8.1366306560048 "experimento_31" 31 500 1000 0.95 10 0.4 1 0.8
0.937737050466239 14.0648575733332 "experimento_31" 31 500 1000 0.95 10 0.4 1 0.8
0.893454947508872 10.7610394809365 "experimento_31" 31 500 1000 0.95 10 0.4 1 0.8
0.900739257223904 11.7429078075434 "experimento_31" 31 500 1000 0.95 10 0.4 1 0.8
0.961229585809633 12.541736632734 "experimento_31" 31 500 1000 0.95 10 0.4 1 0.8
0.996075237402692 10.7782864661524 "experimento_31" 31 500 1000 0.95 10 0.4 1 0.8
0.89477056520991 9.25974338370185 "experimento_31" 31 500 1000 0.95 10 0.4 1 0.8
0.938427322078496 9.16565110056517 "experimento_31" 31 500 1000 0.95 10 0.4 1 0.8
0.832114824093878 7.89129987309507 "experimento_31" 31 500 1000 0.95 10 0.4 1 0.8
0.985823297174647 10.6996611472181 "experimento_31" 31 500 1000 0.95 10 0.4 1 0.8
0.873860952444375 10.6418404552227 "experimento_31" 31 500 1000 0.95 10 0.4 1 0.8
0.769304272020236 7.26014374160833 "experimento_31" 31 500 1000 0.95 10 0.4 1 0.8
0.843639267841354 9.39443274711376 "experimento_31" 31 500 1000 0.95 10 0.4 1 0.8
0.972831171704456 15.649114217061 "experimento_31" 31 500 1000 0.95 10 0.4 1 0.8
0.962175552500412 12.0580035559114 "experimento_31" 31 500 1000 0.95 10 0.4 1 0.8
0.882153296144679 9.90071443521849 "experimento_31" 31 500 1000 0.95 10 0.4 1 0.8
0.802991230040789 8.00305579525801 "experimento_31" 31 500 1000 0.95 10 0.4 1 0.8
0.93711882410571 11.6672186389645 "experimento_31" 31 500 1000 0.95 10 0.4 1 0.8
0.958462115144357 13.9882854657914 "experimento_31" 31 500 1000 0.95 10 0.4 1 0.8
0.980865359073505 14.2328868549497 "experimento_31" 31 500 1000 0.95 10 0.4 1 0.8
0.892107027349994 9.71940301610865 "experimento_31" 31 500 1000 0.95 10 0.4 1 0.8
0.921900124987587 12.0702464403526 "experimento_31" 31 500 1000 0.95 10 0.4 1 0.8
0.907550650415942 9.36208175084096 "experimento_31" 31 500 1000 0.95 10 0.4 1 0.8
0.948320589959621 16.964123316809 "experimento_31" 31 500 1000 0.95 10 0.4 1 0.8
0.898237318964675 8.62487134619845 "experimento_31" 31 500 1000 0.95 10 0.4 1 0.8
0.905955947237089 9.7464382289423 "experimento_31" 31 500 1000 0.95 10 0.4 1 0.8
0.860712920315564 8.86137251291558 "experimento_31" 31 500 1000 0.95 10 0.4 1 0.8
0.87764428392984 8.94805919522986 "experimento_31" 31 500 1000 0.95 10 0.4 1 0.8
0.820731457090005 8.26445336635411 "experimento_31" 31 500 1000 0.95 10 0.4 1 0.8
0.923627157695591 10.5811890874711 "experimento_31" 31 500 1000 0.95 10 0.4 1 0.8
0.874990102136508 10.7152823219736 "experimento_31" 31 500 1000 0.95 10 0.4 1 0.8
0.927742641884834 10.4546588117395 "experimento_31" 31 500 1000 0.95 10 0.4 1 0.8
0.872119274223223 10.3059652608977 "experimento_31" 31 500 1000 0.95 10 0.4 1 0.8
0.976720708422363 14.8517157685031 "experimento_31" 31 500 1000 0.95 10 0.4 1 0.8
0.95593465375714 16.9986196040064 "experimento_31" 31 500 1000 0.95 10 0.4 1 0.8
0.956296858843416 14.8446963625548 "experimento_31" 31 500 1000 0.95 10 0.4 1 0.8
0.908054467756301 11.8942146285161 "experimento_31" 31 500 1000 0.95 10 0.4 1 0.8
0.949267271207646 13.9643739162665 "experimento_31" 31 500 1000 0.95 10 0.4 1 0.8
0.887262813281268 8.50936532018175 "experimento_31" 31 500 1000 0.95 10 0.4 1 0.8
0.917995318770409 10.7562924009899 "experimento_31" 31 500 1000 0.95 10 0.4 1 0.8
0.865348627325147 9.98188177560749 "experimento_31" 31 500 1000 0.95 10 0.4 1 0.8
0.900667904876173 13.4662165601892 "experimento_31" 31 500 1000 0.95 10 0.4 1 0.8
0.91663781623356 9.90466211851638 "experimento_31" 31 500 1000 0.95 10 0.4 1 0.8
0.809663568390533 6.93887812400907 "experimento_31" 31 500 1000 0.95 10 0.4 1 0.8
0.886586958309636 9.30907110850764 "experimento_31" 31 500 1000 0.95 10 0.4 1 0.8
0.921935617225245 12.9258965111162 "experimento_31" 31 500 1000 0.95 10 0.4 1 0.8
0.945835812715814 13.3703906745268 "experimento_31" 31 500 1000 0.95 10 0.4 1 0.8
0.836925237206742 8.61240305764867 "experimento_31" 31 500 1000 0.95 10 0.4 1 0.8
0.932798508554697 11.3140507925822 "experimento_31" 31 500 1000 0.95 10 0.4 1 0.8
0.937158301472664 12.8130912826292 "experimento_31" 31 500 1000 0.95 10 0.4 1 0.8
0.940354567253962 13.1457780518653 "experimento_31" 31 500 1000 0.95 10 0.4 1 0.8
0.86536887800321 9.41820062968629 "experimento_31" 31 500 1000 0.95 10 0.4 1 0.8
0.926112721441314 12.2165169453968 "experimento_31" 31 500 1000 0.95 10 0.4 1 0.8
0.917144147213548 10.156921330529 "experimento_31" 31 500 1000 0.95 10 0.4 1 0.8
0.88654019497335 9.77583501760178 "experimento_31" 31 500 1000 0.95 10 0.4 1 0.8
0.967504271771759 13.1204223535863 "experimento_31" 31 500 1000 0.95 10 0.4 1 0.8
0.993402346270159 15.1296529126479 "experimento_31" 31 500 1000 0.95 10 0.4 1 0.8
0.990403737174347 15.8349516114006 "experimento_31" 31 500 1000 0.95 10 0.4 1 0.8
0.892445150762796 7.98420434872262 "experimento_31" 31 500 1000 0.95 10 0.4 1 0.8
0.960123096825555 10.8289496507817 "experimento_31" 31 500 1000 0.95 10 0.4 1 0.8
0.951392255723476 14.602208058028 "experimento_31" 31 500 1000 0.95 10 0.4 1 0.8
0.845658479025587 8.56877932311503 "experimento_31" 31 500 1000 0.95 10 0.4 1 0.8
0.90621482161805 13.2570716659284 "experimento_31" 31 500 1000 0.95 10 0.4 1 0.8
0.876182622974738 9.68707686136951 "experimento_31" 31 500 1000 0.95 10 0.4 1 0.8
0.837616944452748 7.83850614903528 "experimento_31" 31 500 1000 0.95 10 0.4 1 0.8
0.933188523165882 11.5317573791109 "experimento_31" 31 500 1000 0.95 10 0.4 1 0.8
0.915379036450759 10.4555277919077 "experimento_31" 31 500 1000 0.95 10 0.4 1 0.8
0.920653423527256 13.2206230696167 "experimento_31" 31 500 1000 0.95 10 0.4 1 0.8
0.845701019279659 8.32744693775781 "experimento_31" 31 500 1000 0.95 10 0.4 1 0.8
0.914481834741309 10.3784968125556 "experimento_31" 31 500 1000 0.95 10 0.4 1 0.8
0.893682557623833 9.73307021124896 "experimento_31" 31 500 1000 0.95 10 0.4 1 0.8
0.899175034370273 12.8408678719169 "experimento_31" 31 500 1000 0.95 10 0.4 1 0.8
0.953080730745569 14.5481532031082 "experimento_31" 31 500 1000 0.95 10 0.4 1 0.8
0.820137871894985 8.27386328208237 "experimento_31" 31 500 1000 0.95 10 0.4 1 0.8
0.853475600481033 8.81629095337889 "experimento_31" 31 500 1000 0.95 10 0.4 1 0.8
0.869543872773647 9.56977153890879 "experimento_31" 31 500 1000 0.95 10 0.4 1 0.8
0.85734595078975 9.6367177710925 "experimento_31" 31 500 1000 0.95 10 0.4 1 0.8
0.916345458244905 10.7819057945146 "experimento_31" 31 500 1000 0.95 10 0.4 1 0.8
0.932935324730352 9.86337589087631 "experimento_31" 31 500 1000 0.95 10 0.4 1 0.8
0.907546679722145 9.9275639672488 "experimento_31" 31 500 1000 0.95 10 0.4 1 0.8
0.891216542804614 8.82893287427183 "experimento_31" 31 500 1000 0.95 10 0.4 1 0.8
0.487874836893752 3.61212998663914 "experimento_31" 31 500 1000 0.95 10 0.4 1 0.8
0.88843330857344 10.6573841299128 "experimento_31" 31 500 1000 0.95 10 0.4 1 0.8
0.88559611607343 9.72796371073827 "experimento_31" 31 500 1000 0.95 10 0.4 1 0.8
0.937190181342885 13.8550018443554 "experimento_31" 31 500 1000 0.95 10 0.4 1 0.8
0.95213598315604 11.3228053523648 "experimento_31" 31 500 1000 0.95 10 0.4 1 0.8
0.943575133336708 11.5203544429402 "experimento_31" 31 500 1000 0.95 10 0.4 1 0.8
0.897043618373573 10.9072478481953 "experimento_31" 31 500 1000 0.95 10 0.4 1 0.8
0.927924753865227 8.63809455303905 "experimento_31" 31 500 1000 0.95 10 0.4 1 0.8
0.92032828880474 13.6631770891089 "experimento_31" 31 500 1000 0.95 10 0.4 1 0.8
0.907103438163176 9.94805900077944 "experimento_31" 31 500 1000 0.95 10 0.4 1 0.8
0.925748783862218 10.9337772306268 "experimento_31" 31 500 1000 0.95 10 0.4 1 0.8
0.875259470660239 8.94109989937241 "experimento_31" 31 500 1000 0.95 10 0.4 1 0.8
0.909160988405347 11.7815514249729 "experimento_31" 31 500 1000 0.95 10 0.4 1 0.8
0.890312306582928 11.067508670666 "experimento_31" 31 500 1000 0.95 10 0.4 1 0.8
0.949360246071592 9.71064227022151 "experimento_31" 31 500 1000 0.95 10 0.4 1 0.8
0.907731652492657 10.6501320045779 "experimento_31" 31 500 1000 0.95 10 0.4 1 0.8
0.892257688101381 10.3091943666393 "experimento_31" 31 500 1000 0.95 10 0.4 1 0.8
1.0313296678476 10.7753247932377 "experimento_31" 31 500 1000 0.95 10 0.4 1 0.8
0.965928403427824 17.7816302154855 "experimento_31" 31 500 1000 0.95 10 0.4 1 0.8
0.92363807791844 10.5078968947796 "experimento_31" 31 500 1000 0.95 10 0.4 1 0.8
0.86949867173098 10.4463508356219 "experimento_31" 31 500 1000 0.95 10 0.4 1 0.8
0.908131995238364 9.69512726046542 "experimento_31" 31 500 1000 0.95 10 0.4 1 0.8
0.899822038365528 11.459488141396 "experimento_31" 31 500 1000 0.95 10 0.4 1 0.8
0.847116987919435 7.98516298567018 "experimento_31" 31 500 1000 0.95 10 0.4 1 0.8
0.84405631176196 8.97391437497774 "experimento_31" 31 500 1000 0.95 10 0.4 1 0.8
0.932145956670865 12.041818427078 "experimento_31" 31 500 1000 0.95 10 0.4 1 0.8
0.867072317516431 9.32391873807555 "experimento_31" 31 500 1000 0.95 10 0.4 1 0.8
0.858872704440728 9.4768633955269 "experimento_31" 31 500 1000 0.95 10 0.4 1 0.8
0.921862081158906 14.4554825533444 "experimento_31" 31 500 1000 0.95 10 0.4 1 0.8
0.893415183061734 12.8773252376665 "experimento_31" 31 500 1000 0.95 10 0.4 1 0.8
0.94570871302858 14.3549628356664 "experimento_31" 31 500 1000 0.95 10 0.4 1 0.8
0.91229418781586 9.14006599060003 "experimento_31" 31 500 1000 0.95 10 0.4 1 0.8
0.951266675721854 13.8793898417068 "experimento_31" 31 500 1000 0.95 10 0.4 1 0.8
0.825892701279372 7.60227654503524 "experimento_31" 31 500 1000 0.95 10 0.4 1 0.8
0.924194050952792 12.2589689290548 "experimento_31" 31 500 1000 0.95 10 0.4 1 0.8
0.985808008583263 8.126441698144 "experimento_31" 31 500 1000 0.95 10 0.4 1 0.8
0.895515469834208 10.7515440576973 "experimento_31" 31 500 1000 0.95 10 0.4 1 0.8
0.765775867272168 6.36765710931681 "experimento_31" 31 500 1000 0.95 10 0.4 1 0.8
0.92257019970566 13.6124899002916 "experimento_31" 31 500 1000 0.95 10 0.4 1 0.8
0.888321248581633 7.49068629492136 "experimento_31" 31 500 1000 0.95 10 0.4 1 0.8
0.884168948279694 9.43408629346901 "experimento_31" 31 500 1000 0.95 10 0.4 1 0.8
0.993066554423422 8.440181251868 "experimento_31" 31 500 1000 0.95 10 0.4 1 0.8
0.894393339753151 10.8541305469388 "experimento_31" 31 500 1000 0.95 10 0.4 1 0.8
0.882347917882726 9.52316861754454 "experimento_31" 31 500 1000 0.95 10 0.4 1 0.8
0.940429026028141 14.7898141920614 "experimento_31" 31 500 1000 0.95 10 0.4 1 0.8
0.922839109553024 8.38496979414227 "experimento_31" 31 500 1000 0.95 10 0.4 1 0.8
0.908063507871702 12.6188152012278 "experimento_31" 31 500 1000 0.95 10 0.4 1 0.8
0.933407835895196 10.8762597609614 "experimento_31" 31 500 1000 0.95 10 0.4 1 0.8
0.873289362760261 8.19997241836089 "experimento_31" 31 500 1000 0.95 10 0.4 1 0.8
0.88543471484445 7.82808585742837 "experimento_31" 31 500 1000 0.95 10 0.4 1 0.8
0.980989630101249 10.5491349092558 "experimento_31" 31 500 1000 0.95 10 0.4 1 0.8
0.916821521474048 10.0341108238679 "experimento_31" 31 500 1000 0.95 10 0.4 1 0.8
0.951487304875627 10.7738275009209 "experimento_31" 31 500 1000 0.95 10 0.4 1 0.8
0.883258132031187 9.79304865003829 "experimento_31" 31 500 1000 0.95 10 0.4 1 0.8
0.897309602471069 10.1441769337417 "experimento_31" 31 500 1000 0.95 10 0.4 1 0.8
0.901400348404422 10.7155054294739 "experimento_31" 31 500 1000 0.95 10 0.4 1 0.8
1.01552903088883 16.0945347976124 "experimento_31" 31 500 1000 0.95 10 0.4 1 0.8
0.87576920283027 9.05353314242363 "experimento_31" 31 500 1000 0.95 10 0.4 1 0.8
0.894389168825001 10.9921174061632 "experimento_31" 31 500 1000 0.95 10 0.4 1 0.8
0.842662234324962 9.0651507468262 "experimento_31" 31 500 1000 0.95 10 0.4 1 0.8
0.92803765903227 10.4566057217865 "experimento_31" 31 500 1000 0.95 10 0.4 1 0.8
0.891178941354156 10.7557386839665 "experimento_31" 31 500 1000 0.95 10 0.4 1 0.8
0.908594760112464 10.568566523153 "experimento_31" 31 500 1000 0.95 10 0.4 1 0.8
0.97588197235018 14.2544822993973 "experimento_31" 31 500 1000 0.95 10 0.4 1 0.8
0.932146344566718 11.6238839752135 "experimento_31" 31 500 1000 0.95 10 0.4 1 0.8
0.814927119063213 7.05222177365622 "experimento_31" 31 500 1000 0.95 10 0.4 1 0.8
0.925134621793404 13.6879603955581 "experimento_31" 31 500 1000 0.95 10 0.4 1 0.8
0.539787479210645 3.97650799942844 "experimento_31" 31 500 1000 0.95 10 0.4 1 0.8
0.849505381425843 8.5409983470652 "experimento_31" 31 500 1000 0.95 10 0.4 1 0.8
0.89400287414901 11.5292830440047 "experimento_31" 31 500 1000 0.95 10 0.4 1 0.8
0.953590417047963 11.7959326253829 "experimento_31" 31 500 1000 0.95 10 0.4 1 0.8
0.867916547926143 10.923191781753 "experimento_31" 31 500 1000 0.95 10 0.4 1 0.8
0.928904532222077 9.64172297471923 "experimento_31" 31 500 1000 0.95 10 0.4 1 0.8
0.915218365378678 10.6276072704127 "experimento_31" 31 500 1000 0.95 10 0.4 1 0.8
0.552346901036799 3.81354463453768 "experimento_31" 31 500 1000 0.95 10 0.4 1 0.8
0.961445644497871 12.3909215327238 "experimento_31" 31 500 1000 0.95 10 0.4 1 0.8
0.907444804441184 9.40966212408273 "experimento_31" 31 500 1000 0.95 10 0.4 1 0.8
0.938915135804564 15.1547227412811 "experimento_31" 31 500 1000 0.95 10 0.4 1 0.8
0.903393788496032 11.7725781228053 "experimento_31" 31 500 1000 0.95 10 0.4 1 0.8
0.925865599419922 9.94590341709893 "experimento_31" 31 500 1000 0.95 10 0.4 1 0.8
0.906698796898127 11.1236940628404 "experimento_31" 31 500 1000 0.95 10 0.4 1 0.8
0.924713128013536 9.73341675084089 "experimento_31" 31 500 1000 0.95 10 0.4 1 0.8
0.949989412445575 15.1228644035375 "experimento_31" 31 500 1000 0.95 10 0.4 1 0.8
0.754549684934318 6.4183794861757 "experimento_31" 31 500 1000 0.95 10 0.4 1 0.8
0.912306347629055 11.3931388703424 "experimento_31" 31 500 1000 0.95 10 0.4 1 0.8
0.84674745821394 9.21657947081095 "experimento_31" 31 500 1000 0.95 10 0.4 1 0.8
0.709386903559789 5.9961026331635 "experimento_31" 31 500 1000 0.95 10 0.4 1 0.8
0.912947892677039 10.7880011621136 "experimento_31" 31 500 1000 0.95 10 0.4 1 0.8
0.919053151039407 10.3894142639246 "experimento_31" 31 500 1000 0.95 10 0.4 1 0.8
0.929132303223014 12.68129982672 "experimento_31" 31 500 1000 0.95 10 0.4 1 0.8
0.873470115941018 8.38493791893402 "experimento_31" 31 500 1000 0.95 10 0.4 1 0.8
0.950805431464687 15.0785413927324 "experimento_31" 31 500 1000 0.95 10 0.4 1 0.8
0.86350050708279 8.66183378142311 "experimento_31" 31 500 1000 0.95 10 0.4 1 0.8
0.91422460321337 10.6480053967381 "experimento_31" 31 500 1000 0.95 10 0.4 1 0.8
0.932149201398715 11.2967998815594 "experimento_31" 31 500 1000 0.95 10 0.4 1 0.8
0.933751020813361 11.6600771095487 "experimento_31" 31 500 1000 0.95 10 0.4 1 0.8
0.926036198856309 10.800419594633 "experimento_31" 31 500 1000 0.95 10 0.4 1 0.8
0.94088457711041 9.38412964798689 "experimento_31" 31 500 1000 0.95 10 0.4 1 0.8
0.765995592577383 6.87331572347335 "experimento_31" 31 500 1000 0.95 10 0.4 1 0.8
0.942899998277426 13.1913397718991 "experimento_31" 31 500 1000 0.95 10 0.4 1 0.8
0.940775156952441 14.1143227095856 "experimento_31" 31 500 1000 0.95 10 0.4 1 0.8
0.998709284700453 7.65140205561859 "experimento_31" 31 500 1000 0.95 10 0.4 1 0.8
0.897123639006168 9.1540934393322 "experimento_31" 31 500 1000 0.95 10 0.4 1 0.8
0.886503905756399 9.08624667202088 "experimento_31" 31 500 1000 0.95 10 0.4 1 0.8
0.926076424075291 14.7465005855333 "experimento_31" 31 500 1000 0.95 10 0.4 1 0.8
0.964489290490746 16.2192615292301 "experimento_31" 31 500 1000 0.95 10 0.4 1 0.8
0.903740010457113 11.1525278900539 "experimento_31" 31 500 1000 0.95 10 0.4 1 0.8
0.871566121000797 8.70201547017324 "experimento_31" 31 500 1000 0.95 10 0.4 1 0.8
0.899878147756681 10.3966884824712 "experimento_31" 31 500 1000 0.95 10 0.4 1 0.8
0.854987654602155 7.65787267100393 "experimento_31" 31 500 1000 0.95 10 0.4 1 0.8
0.860558760352433 8.46430478821847 "experimento_31" 31 500 1000 0.95 10 0.4 1 0.8
0.905992204556242 10.5752278543973 "experimento_31" 31 500 1000 0.95 10 0.4 1 0.8
0.892748796846718 10.8780478582797 "experimento_31" 31 500 1000 0.95 10 0.4 1 0.8
0.923051297431812 11.3090845498731 "experimento_31" 31 500 1000 0.95 10 0.4 1 0.8
0.915873567340896 11.3938541900518 "experimento_31" 31 500 1000 0.95 10 0.4 1 0.8
0.909061253303662 10.6677185916452 "experimento_31" 31 500 1000 0.95 10 0.4 1 0.8
0.924739744281396 9.92499654278483 "experimento_31" 31 500 1000 0.95 10 0.4 1 0.8
0.935558953555301 10.2806013577593 "experimento_31" 31 500 1000 0.95 10 0.4 1 0.8
1.02325140079483 8.09498140847382 "experimento_31" 31 500 1000 0.95 10 0.4 1 0.8
0.944043101975694 11.8018972983752 "experimento_31" 31 500 1000 0.95 10 0.4 1 0.8
0.930140914861113 10.0071211846879 "experimento_31" 31 500 1000 0.95 10 0.4 1 0.8
0.823865249054506 7.82778606018746 "experimento_31" 31 500 1000 0.95 10 0.4 1 0.8
0.900490211090073 11.5084814405926 "experimento_31" 31 500 1000 0.95 10 0.4 1 0.8
0.920989609090611 16.7077812242657 "experimento_31" 31 500 1000 0.95 10 0.4 1 0.8
0.950964162126184 11.5718851902092 "experimento_31" 31 500 1000 0.95 10 0.4 1 0.8
0.938496858580038 12.0640670900697 "experimento_31" 31 500 1000 0.95 10 0.4 1 0.8
0.884682779200375 10.5004639227696 "experimento_31" 31 500 1000 0.95 10 0.4 1 0.8
0.947025623871014 10.4477242436088 "experimento_31" 31 500 1000 0.95 10 0.4 1 0.8
0.926787379197776 12.2200303364598 "experimento_31" 31 500 1000 0.95 10 0.4 1 0.8
0.507853116141632 3.77492392151505 "experimento_31" 31 500 1000 0.95 10 0.4 1 0.8
0.621291781775653 4.87433286525609 "experimento_31" 31 500 1000 0.95 10 0.4 1 0.8
0.877260341774672 8.24198134173015 "experimento_31" 31 500 1000 0.95 10 0.4 1 0.8
0.996706090401858 13.3944807175232 "experimento_31" 31 500 1000 0.95 10 0.4 1 0.8
0.92175482865423 12.4376807636014 "experimento_31" 31 500 1000 0.95 10 0.4 1 0.8
0.933882660232484 11.9256515599257 "experimento_31" 31 500 1000 0.95 10 0.4 1 0.8
0.917505140881985 11.9202002131226 "experimento_31" 31 500 1000 0.95 10 0.4 1 0.8
0.883937931153923 10.8977119746903 "experimento_31" 31 500 1000 0.95 10 0.4 1 0.8
0.944441111991182 10.6290897127495 "experimento_31" 31 500 1000 0.95 10 0.4 1 0.8
0.945729487575591 12.2254811026116 "experimento_31" 31 500 1000 0.95 10 0.4 1 0.8
0.890862602274865 8.98521137097441 "experimento_31" 31 500 1000 0.95 10 0.4 1 0.8
0.925926538882777 11.1756701586336 "experimento_31" 31 500 1000 0.95 10 0.4 1 0.8
0.936741584213451 9.70484595754992 "experimento_31" 31 500 1000 0.95 10 0.4 1 0.8
0.844061631709337 8.39594704728353 "experimento_31" 31 500 1000 0.95 10 0.4 1 0.8
0.861568865831941 9.60696003446215 "experimento_31" 31 500 1000 0.95 10 0.4 1 0.8
0.886752655962482 10.4681966956818 "experimento_31" 31 500 1000 0.95 10 0.4 1 0.8
0.93491533678025 11.5191818702478 "experimento_31" 31 500 1000 0.95 10 0.4 1 0.8
0.947256991174072 13.4891056351113 "experimento_31" 31 500 1000 0.95 10 0.4 1 0.8
0.944266442209482 14.5968792436628 "experimento_31" 31 500 1000 0.95 10 0.4 1 0.8
0.904341465095058 10.7240457065808 "experimento_31" 31 500 1000 0.95 10 0.4 1 0.8
0.857581785414368 8.74431562208818 "experimento_31" 31 500 1000 0.95 10 0.4 1 0.8
0.917507289210334 12.0481010184467 "experimento_31" 31 500 1000 0.95 10 0.4 1 0.8
0.845924524590373 9.04647851158703 "experimento_31" 31 500 1000 0.95 10 0.4 1 0.8
0.903550151735544 10.2923066256713 "experimento_31" 31 500 1000 0.95 10 0.4 1 0.8
0.891011453699321 10.1795561182562 "experimento_31" 31 500 1000 0.95 10 0.4 1 0.8
0.936581088462844 9.55948168496769 "experimento_31" 31 500 1000 0.95 10 0.4 1 0.8
0.975075148511678 9.46403325790677 "experimento_31" 31 500 1000 0.95 10 0.4 1 0.8
0.936235004570335 13.267606519839 "experimento_31" 31 500 1000 0.95 10 0.4 1 0.8
0.90589010482654 9.48614066305081 "experimento_31" 31 500 1000 0.95 10 0.4 1 0.8
0.890513637335971 9.02972767259463 "experimento_31" 31 500 1000 0.95 10 0.4 1 0.8
0.857063389616087 9.51957518190993 "experimento_31" 31 500 1000 0.95 10 0.4 1 0.8
0.969108257675543 20.2324396081933 "experimento_31" 31 500 1000 0.95 10 0.4 1 0.8
0.909730014856905 8.65460866873213 "experimento_31" 31 500 1000 0.95 10 0.4 1 0.8
0.945338430115953 14.9526820895808 "experimento_31" 31 500 1000 0.95 10 0.4 1 0.8
0.930902277352288 13.3135817128129 "experimento_31" 31 500 1000 0.95 10 0.4 1 0.8
0.928447385784239 13.1111505677344 "experimento_31" 31 500 1000 0.95 10 0.4 1 0.8
0.918340156087652 9.88349957374165 "experimento_31" 31 500 1000 0.95 10 0.4 1 0.8
0.80052004288882 8.27444771673631 "experimento_31" 31 500 1000 0.95 10 0.4 1 0.8
0.836294608656317 7.60418292935844 "experimento_31" 31 500 1000 0.95 10 0.4 1 0.8
0.841834765858948 7.42003578358654 "experimento_31" 31 500 1000 0.95 10 0.4 1 0.8
0.997488206252456 9.87133831786842 "experimento_31" 31 500 1000 0.95 10 0.4 1 0.8
0.988418323919177 9.80169931778906 "experimento_31" 31 500 1000 0.95 10 0.4 1 0.8
0.846395818050951 8.81995092787489 "experimento_31" 31 500 1000 0.95 10 0.4 1 0.8
0.931002757744864 10.0031826900117 "experimento_31" 31 500 1000 0.95 10 0.4 1 0.8
0.801853970857337 7.70114317575107 "experimento_31" 31 500 1000 0.95 10 0.4 1 0.8
0.905155070126057 9.88996414105099 "experimento_31" 31 500 1000 0.95 10 0.4 1 0.8
0.532031424576417 4.06094058215343 "experimento_31" 31 500 1000 0.95 10 0.4 1 0.8
0.916141959838569 11.8930288068631 "experimento_31" 31 500 1000 0.95 10 0.4 1 0.8
0.892905073938891 11.6211219724892 "experimento_31" 31 500 1000 0.95 10 0.4 1 0.8
0.560231287265196 4.11295759632296 "experimento_31" 31 500 1000 0.95 10 0.4 1 0.8
0.89888669247739 12.5437057483338 "experimento_31" 31 500 1000 0.95 10 0.4 1 0.8
0.929524337174371 11.889699928583 "experimento_31" 31 500 1000 0.95 10 0.4 1 0.8
0.93682672129944 12.5093592106056 "experimento_31" 31 500 1000 0.95 10 0.4 1 0.8
0.871668104082346 8.64651852163728 "experimento_31" 31 500 1000 0.95 10 0.4 1 0.8
0.936125530861318 12.8336156229532 "experimento_31" 31 500 1000 0.95 10 0.4 1 0.8
0.957102354383096 12.8878123124882 "experimento_31" 31 500 1000 0.95 10 0.4 1 0.8
0.866303524700925 8.80838416266705 "experimento_31" 31 500 1000 0.95 10 0.4 1 0.8
0.882302740821615 7.50026518338307 "experimento_31" 31 500 1000 0.95 10 0.4 1 0.8
0.918047176208347 11.6803220242463 "experimento_31" 31 500 1000 0.95 10 0.4 1 0.8
0.661584624089301 5.23082623138091 "experimento_31" 31 500 1000 0.95 10 0.4 1 0.8
0.908239927375689 12.7271644951903 "experimento_31" 31 500 1000 0.95 10 0.4 1 0.8
0.951971792848781 14.048113735356 "experimento_31" 31 500 1000 0.95 10 0.4 1 0.8
0.913709034910426 10.6726373334382 "experimento_31" 31 500 1000 0.95 10 0.4 1 0.8
0.921448902459815 11.5617963414142 "experimento_31" 31 500 1000 0.95 10 0.4 1 0.8
0.931692152051255 10.8597465990917 "experimento_31" 31 500 1000 0.95 10 0.4 1 0.8
0.865523864049464 9.96211531473595 "experimento_31" 31 500 1000 0.95 10 0.4 1 0.8
0.906167278066278 12.7798425027979 "experimento_31" 31 500 1000 0.95 10 0.4 1 0.8
0.909024975495413 11.9104011149022 "experimento_31" 31 500 1000 0.95 10 0.4 1 0.8
0.871724526863545 8.82789253091569 "experimento_31" 31 500 1000 0.95 10 0.4 1 0.8
0.929885680088773 11.9876653725886 "experimento_31" 31 500 1000 0.95 10 0.4 1 0.8
0.95848540449515 12.8227284320574 "experimento_31" 31 500 1000 0.95 10 0.4 1 0.8
0.916250642389059 11.8696052037106 "experimento_31" 31 500 1000 0.95 10 0.4 1 0.8
0.876844005426392 8.2043605814328 "experimento_31" 31 500 1000 0.95 10 0.4 1 0.8
0.926841954002157 11.0038149131316 "experimento_31" 31 500 1000 0.95 10 0.4 1 0.8
0.900885418290272 10.1676626623624 "experimento_31" 31 500 1000 0.95 10 0.4 1 0.8
0.913776505505666 10.5032263307682 "experimento_31" 31 500 1000 0.95 10 0.4 1 0.8
0.999068581964821 7.96640960656394 "experimento_31" 31 500 1000 0.95 10 0.4 1 0.8
0.849080539075658 8.41541576394034 "experimento_31" 31 500 1000 0.95 10 0.4 1 0.8
0.861637451220304 7.93919249811503 "experimento_31" 31 500 1000 0.95 10 0.4 1 0.8
0.910600231727585 12.1933988618041 "experimento_31" 31 500 1000 0.95 10 0.4 1 0.8
0.920140033587813 12.485715631377 "experimento_31" 31 500 1000 0.95 10 0.4 1 0.8
0.810414203442633 7.66434858746443 "experimento_31" 31 500 1000 0.95 10 0.4 1 0.8
0.996707443147898 9.47923397127227 "experimento_31" 31 500 1000 0.95 10 0.4 1 0.8
0.914491865551099 10.0201883119288 "experimento_31" 31 500 1000 0.95 10 0.4 1 0.8
0.926821302156895 9.61827745633113 "experimento_31" 31 500 1000 0.95 10 0.4 1 0.8
0.940357709536329 9.75161472208815 "experimento_31" 31 500 1000 0.95 10 0.4 1 0.8
0.874098468339071 7.24306441019438 "experimento_31" 31 500 1000 0.95 10 0.4 1 0.8
0.892959155840799 10.1663198035629 "experimento_31" 31 500 1000 0.95 10 0.4 1 0.8
0.90891360049136 11.579334491263 "experimento_31" 31 500 1000 0.95 10 0.4 1 0.8
0.892619071062654 10.6738324980479 "experimento_31" 31 500 1000 0.95 10 0.4 1 0.8
0.891723909415305 8.77195736569334 "experimento_31" 31 500 1000 0.95 10 0.4 1 0.8
0.897480078274384 7.78184694794278 "experimento_31" 31 500 1000 0.95 10 0.4 1 0.8
0.908801634097472 10.9384813830158 "experimento_31" 31 500 1000 0.95 10 0.4 1 0.8
0.899239793419838 11.5725841422316 "experimento_31" 31 500 1000 0.95 10 0.4 1 0.8
0.931154893711209 12.8268305173429 "experimento_31" 31 500 1000 0.95 10 0.4 1 0.8
0.99071720871143 10.4817491715666 "experimento_31" 31 500 1000 0.95 10 0.4 1 0.8
0.949831305537373 12.813450281301 "experimento_31" 31 500 1000 0.95 10 0.4 1 0.8
0.951856412459165 11.9703795224988 "experimento_31" 31 500 1000 0.95 10 0.4 1 0.8
0.822692968184128 8.60223875002729 "experimento_31" 31 500 1000 0.95 10 0.4 1 0.8
1.00106392364641 10.6041702200563 "experimento_31" 31 500 1000 0.95 10 0.4 1 0.8
0.900980120059103 10.9150257995302 "experimento_31" 31 500 1000 0.95 10 0.4 1 0.8
0.872363083763048 9.41793519613863 "experimento_31" 31 500 1000 0.95 10 0.4 1 0.8
0.891346638090909 9.12215951859381 "experimento_31" 31 500 1000 0.95 10 0.4 1 0.8
0.954644809709862 15.0980939688834 "experimento_31" 31 500 1000 0.95 10 0.4 1 0.8
0.862721399404109 9.05617663648231 "experimento_31" 31 500 1000 0.95 10 0.4 1 0.8
0.899717709515244 10.0404581102517 "experimento_31" 31 500 1000 0.95 10 0.4 1 0.8
0.918953001964837 11.1105810203321 "experimento_31" 31 500 1000 0.95 10 0.4 1 0.8
0.903912059497088 11.0730975139362 "experimento_31" 31 500 1000 0.95 10 0.4 1 0.8
0.926277186023071 12.0178847699898 "experimento_31" 31 500 1000 0.95 10 0.4 1 0.8
0.907730042934418 9.72697763853362 "experimento_31" 31 500 1000 0.95 10 0.4 1 0.8
0.943983591161668 12.9682406013666 "experimento_31" 31 500 1000 0.95 10 0.4 1 0.8
0.926896653836593 13.6617914641604 "experimento_31" 31 500 1000 0.95 10 0.4 1 0.8
0.903804331552237 9.96047956888228 "experimento_31" 31 500 1000 0.95 10 0.4 1 0.8
0.940796895651147 10.6377090934198 "experimento_31" 31 500 1000 0.95 10 0.4 1 0.8
0.943061757134274 11.9869645750535 "experimento_31" 31 500 1000 0.95 10 0.4 1 0.8
0.948241043835878 14.2202988630993 "experimento_31" 31 500 1000 0.95 10 0.4 1 0.8
0.929796562762931 11.4680789097525 "experimento_31" 31 500 1000 0.95 10 0.4 1 0.8
0.989110529655591 16.2834965808235 "experimento_31" 31 500 1000 0.95 10 0.4 1 0.8
0.926212194841355 14.8137643687059 "experimento_31" 31 500 1000 0.95 10 0.4 1 0.8
0.89739981177263 11.254936767808 "experimento_31" 31 500 1000 0.95 10 0.4 1 0.8
0.893527937820181 8.68934710007937 "experimento_31" 31 500 1000 0.95 10 0.4 1 0.8
0.984804663341492 8.98749240998973 "experimento_31" 31 500 1000 0.95 10 0.4 1 0.8
0.953237943118438 13.0337718149109 "experimento_31" 31 500 1000 0.95 10 0.4 1 0.8
0.918848703382537 11.0793461284707 "experimento_31" 31 500 1000 0.95 10 0.4 1 0.8
0.896234653657302 9.80508814117249 "experimento_31" 31 500 1000 0.95 10 0.4 1 0.8
0.929107470670715 11.8793853968162 "experimento_31" 31 500 1000 0.95 10 0.4 1 0.8
0.965731596574187 12.7011256332685 "experimento_31" 31 500 1000 0.95 10 0.4 1 0.8
0.827616298105568 8.13447208317433 "experimento_31" 31 500 1000 0.95 10 0.4 1 0.8
0.912974023725837 9.64761376720468 "experimento_31" 31 500 1000 0.95 10 0.4 1 0.8
0.882959559559822 8.91044419100987 "experimento_31" 31 500 1000 0.95 10 0.4 1 0.8
0.955160428304225 13.0899822010232 "experimento_31" 31 500 1000 0.95 10 0.4 1 0.8
0.791426863986999 7.23448394601372 "experimento_31" 31 500 1000 0.95 10 0.4 1 0.8
0.908331486396492 10.8804389698712 "experimento_31" 31 500 1000 0.95 10 0.4 1 0.8
0.930214571300894 14.7253380193976 "experimento_31" 31 500 1000 0.95 10 0.4 1 0.8
0.916872326051816 13.6914646090381 "experimento_31" 31 500 1000 0.95 10 0.4 1 0.8
0.902390414848924 9.39972860379445 "experimento_31" 31 500 1000 0.95 10 0.4 1 0.8
0.898650452960283 9.09784177767762 "experimento_31" 31 500 1000 0.95 10 0.4 1 0.8
0.872397169470787 8.3770729540545 "experimento_31" 31 500 1000 0.95 10 0.4 1 0.8
0.997077814070508 8.16390270927233 "experimento_31" 31 500 1000 0.95 10 0.4 1 0.8
0.930697866715491 11.4591591627809 "experimento_31" 31 500 1000 0.95 10 0.4 1 0.8
0.869822372915223 9.24973311630451 "experimento_31" 31 500 1000 0.95 10 0.4 1 0.8
0.908898638328537 9.2107921679033 "experimento_31" 31 500 1000 0.95 10 0.4 1 0.8
0.863433165010065 8.93734995508905 "experimento_31" 31 500 1000 0.95 10 0.4 1 0.8
0.894576851045713 9.78381367875748 "experimento_31" 31 500 1000 0.95 10 0.4 1 0.8
0.852274498203769 9.2290057170161 "experimento_31" 31 500 1000 0.95 10 0.4 1 0.8
0.861650458769873 9.3883432596288 "experimento_31" 31 500 1000 0.95 10 0.4 1 0.8
0.929859326221049 13.3872794453648 "experimento_31" 31 500 1000 0.95 10 0.4 1 0.8
0.893745379755273 8.21202927168662 "experimento_31" 31 500 1000 0.95 10 0.4 1 0.8
0.890830405522138 10.3134385268614 "experimento_31" 31 500 1000 0.95 10 0.4 1 0.8
0.914911390049383 9.8655202282828 "experimento_31" 31 500 1000 0.95 10 0.4 1 0.8
0.929494483629242 12.7243092344042 "experimento_31" 31 500 1000 0.95 10 0.4 1 0.8
0.960516409017146 13.4889569431155 "experimento_31" 31 500 1000 0.95 10 0.4 1 0.8
0.923594966297969 12.1419287112627 "experimento_31" 31 500 1000 0.95 10 0.4 1 0.8
0.9201586144045 13.0538666806377 "experimento_31" 31 500 1000 0.95 10 0.4 1 0.8
0.896294828271493 9.91874871096797 "experimento_31" 31 500 1000 0.95 10 0.4 1 0.8
0.887783709913492 9.98696067112811 "experimento_31" 31 500 1000 0.95 10 0.4 1 0.8
0.930867057293653 14.3771960750972 "experimento_31" 31 500 1000 0.95 10 0.4 1 0.8
0.947095068870112 14.8525765130623 "experimento_31" 31 500 1000 0.95 10 0.4 1 0.8
0.934439931996167 12.2033103923818 "experimento_31" 31 500 1000 0.95 10 0.4 1 0.8
0.878326998790726 10.9321091858469 "experimento_31" 31 500 1000 0.95 10 0.4 1 0.8
0.999320073053241 14.6590157326825 "experimento_31" 31 500 1000 0.95 10 0.4 1 0.8
0.919363565510139 9.4683028395545 "experimento_31" 31 500 1000 0.95 10 0.4 1 0.8
0.922676794463769 7.91154080467072 "experimento_31" 31 500 1000 0.95 10 0.4 1 0.8
0.788814471801743 6.98016436547657 "experimento_31" 31 500 1000 0.95 10 0.4 1 0.8
0.93516147788614 11.4552807803623 "experimento_31" 31 500 1000 0.95 10 0.4 1 0.8
0.930002728709951 12.3901721821268 "experimento_31" 31 500 1000 0.95 10 0.4 1 0.8
0.546026550931856 4.13399573977049 "experimento_31" 31 500 1000 0.95 10 0.4 1 0.8
0.564017129596323 4.43532139184086 "experimento_31" 31 500 1000 0.95 10 0.4 1 0.8
0.907306027365848 9.62328719263621 "experimento_31" 31 500 1000 0.95 10 0.4 1 0.8
0.891897388501093 9.0682436414428 "experimento_31" 31 500 1000 0.95 10 0.4 1 0.8
0.95583518431522 11.5372795859864 "experimento_31" 31 500 1000 0.95 10 0.4 1 0.8
0.916855067480356 9.84080703186604 "experimento_31" 31 500 1000 0.95 10 0.4 1 0.8
0.936568815726787 12.5255413953523 "experimento_31" 31 500 1000 0.95 10 0.4 1 0.8
0.919829690130427 9.4126477224021 "experimento_31" 31 500 1000 0.95 10 0.4 1 0.8
0.930885653477162 10.9898579581318 "experimento_31" 31 500 1000 0.95 10 0.4 1 0.8
0.910564859164879 11.5729935552807 "experimento_31" 31 500 1000 0.95 10 0.4 1 0.8
0.897444949951023 11.1626588217807 "experimento_31" 31 500 1000 0.95 10 0.4 1 0.8
0.815710928058252 7.62982506865674 "experimento_31" 31 500 1000 0.95 10 0.4 1 0.8
0.912663791328669 10.5073808554153 "experimento_31" 31 500 1000 0.95 10 0.4 1 0.8
0.807586029637605 8.36704910756453 "experimento_31" 31 500 1000 0.95 10 0.4 1 0.8
0.713131774449721 5.58432567337753 "experimento_31" 31 500 1000 0.95 10 0.4 1 0.8
0.869567416375503 9.40966893761096 "experimento_31" 31 500 1000 0.95 10 0.4 1 0.8
0.900189100299031 10.3911430301419 "experimento_31" 31 500 1000 0.95 10 0.4 1 0.8
0.631574734579772 4.58927170724248 "experimento_31" 31 500 1000 0.95 10 0.4 1 0.8
0.902011791244149 11.3622766616961 "experimento_31" 31 500 1000 0.95 10 0.4 1 0.8
0.952177511528134 12.3156958221891 "experimento_31" 31 500 1000 0.95 10 0.4 1 0.8
0.85959842405282 8.5373150418861 "experimento_31" 31 500 1000 0.95 10 0.4 1 0.8
0.950860211392865 15.3646004781769 "experimento_31" 31 500 1000 0.95 10 0.4 1 0.8
0.87039345363155 8.76029393491555 "experimento_31" 31 500 1000 0.95 10 0.4 1 0.8
0.889335140120238 9.3204990862559 "experimento_31" 31 500 1000 0.95 10 0.4 1 0.8
0.96226727287285 12.6717903171108 "experimento_31" 31 500 1000 0.95 10 0.4 1 0.8
0.513020184822381 3.92326015327311 "experimento_31" 31 500 1000 0.95 10 0.4 1 0.8
0.554857970913872 4.0794260986065 "experimento_31" 31 500 1000 0.95 10 0.4 1 0.8
0.947538215434179 10.4858165604699 "experimento_31" 31 500 1000 0.95 10 0.4 1 0.8
0.927817095536739 12.2675696313866 "experimento_31" 31 500 1000 0.95 10 0.4 1 0.8
0.731827754061669 5.9480577676181 "experimento_31" 31 500 1000 0.95 10 0.4 1 0.8
0.886665544938296 8.85962219698765 "experimento_31" 31 500 1000 0.95 10 0.4 1 0.8
0.950131557649001 15.7888232027066 "experimento_31" 31 500 1000 0.95 10 0.4 1 0.8
0.838179972022772 7.60829814785113 "experimento_31" 31 500 1000 0.95 10 0.4 1 0.8
0.92855202476494 11.187540701094 "experimento_31" 31 500 1000 0.95 10 0.4 1 0.8
0.916406139032915 12.2718053054339 "experimento_31" 31 500 1000 0.95 10 0.4 1 0.8
0.92668635956943 11.4939978815511 "experimento_31" 31 500 1000 0.95 10 0.4 1 0.8
0.900597051018849 11.9546573846912 "experimento_31" 31 500 1000 0.95 10 0.4 1 0.8
0.534267124254256 3.98771090551639 "experimento_31" 31 500 1000 0.95 10 0.4 1 0.8
0.778686347650364 6.55025473467472 "experimento_31" 31 500 1000 0.95 10 0.4 1 0.8
0.895374576095492 9.99179448049855 "experimento_31" 31 500 1000 0.95 10 0.4 1 0.8
0.900452505098656 10.0252563680063 "experimento_31" 31 500 1000 0.95 10 0.4 1 0.8
0.88421728881076 8.89742912604187 "experimento_31" 31 500 1000 0.95 10 0.4 1 0.8
0.881350258132443 9.89160659941402 "experimento_31" 31 500 1000 0.95 10 0.4 1 0.8
0.90616510855034 11.0964061140388 "experimento_31" 31 500 1000 0.95 10 0.4 1 0.8
0.88010415667668 10.1926037937588 "experimento_31" 31 500 1000 0.95 10 0.4 1 0.8
0.947523393202573 12.6325543296992 "experimento_31" 31 500 1000 0.95 10 0.4 1 0.8
0.901998398127034 11.0036683496343 "experimento_31" 31 500 1000 0.95 10 0.4 1 0.8
0.913987815612927 9.02505029188826 "experimento_31" 31 500 1000 0.95 10 0.4 1 0.8
0.878929139114916 8.44506024694978 "experimento_31" 31 500 1000 0.95 10 0.4 1 0.8
0.919500511372462 8.78128208775312 "experimento_31" 31 500 1000 0.95 10 0.4 1 0.8
0.924584170104936 12.0956218982041 "experimento_31" 31 500 1000 0.95 10 0.4 1 0.8
0.939938575727865 13.607556431478 "experimento_31" 31 500 1000 0.95 10 0.4 1 0.8
0.85525935748592 8.23221704669306 "experimento_31" 31 500 1000 0.95 10 0.4 1 0.8
0.942962307482958 10.1134231534876 "experimento_31" 31 500 1000 0.95 10 0.4 1 0.8
0.930154670961201 11.4108836460716 "experimento_31" 31 500 1000 0.95 10 0.4 1 0.8
0.929262911668047 16.2599809271295 "experimento_31" 31 500 1000 0.95 10 0.4 1 0.8
0.903563212137669 8.90437070932223 "experimento_31" 31 500 1000 0.95 10 0.4 1 0.8
0.934141994221136 11.4283718699508 "experimento_31" 31 500 1000 0.95 10 0.4 1 0.8
0.958309089532122 11.4948537052296 "experimento_31" 31 500 1000 0.95 10 0.4 1 0.8
0.92179576982744 10.1364818818574 "experimento_31" 31 500 1000 0.95 10 0.4 1 0.8
0.931008270010352 12.3273034784227 "experimento_31" 31 500 1000 0.95 10 0.4 1 0.8
0.861802889034152 9.87482411855674 "experimento_31" 31 500 1000 0.95 10 0.4 1 0.8
0.9466776358895 11.9740592631911 "experimento_31" 31 500 1000 0.95 10 0.4 1 0.8
0.902445796411484 10.1607212209892 "experimento_31" 31 500 1000 0.95 10 0.4 1 0.8
0.64553596987389 4.99175723642688 "experimento_31" 31 500 1000 0.95 10 0.4 1 0.8
0.924492330988869 14.3162633971528 "experimento_31" 31 500 1000 0.95 10 0.4 1 0.8
0.934050821466371 11.7252045022117 "experimento_31" 31 500 1000 0.95 10 0.4 1 0.8
0.910036972491071 9.79665494417799 "experimento_31" 31 500 1000 0.95 10 0.4 1 0.8
0.918774836696684 10.088057068626 "experimento_31" 31 500 1000 0.95 10 0.4 1 0.8
0.830491630826145 9.19844801013416 "experimento_31" 31 500 1000 0.95 10 0.4 1 0.8
0.955226319842041 13.634519040748 "experimento_31" 31 500 1000 0.95 10 0.4 1 0.8
0.891081400448456 10.5010177485777 "experimento_31" 31 500 1000 0.95 10 0.4 1 0.8
0.858750234823674 9.39738133795225 "experimento_31" 31 500 1000 0.95 10 0.4 1 0.8
0.985958660254255 9.18471318362694 "experimento_31" 31 500 1000 0.95 10 0.4 1 0.8
0.929381452966481 12.3504381792164 "experimento_31" 31 500 1000 0.95 10 0.4 1 0.8
0.94407207518816 10.5275652462228 "experimento_31" 31 500 1000 0.95 10 0.4 1 0.8
0.924167162971571 11.6192015971715 "experimento_31" 31 500 1000 0.95 10 0.4 1 0.8
0.903533855220303 9.96741756918836 "experimento_31" 31 500 1000 0.95 10 0.4 1 0.8
0.907644543563947 9.61717059172565 "experimento_31" 31 500 1000 0.95 10 0.4 1 0.8
0.670903744641691 5.08368364463604 "experimento_31" 31 500 1000 0.95 10 0.4 1 0.8
0.902498847572133 10.3422432445684 "experimento_31" 31 500 1000 0.95 10 0.4 1 0.8
0.881880450062454 10.7118616200118 "experimento_31" 31 500 1000 0.95 10 0.4 1 0.8
0.708357499912381 5.80433905237207 "experimento_31" 31 500 1000 0.95 10 0.4 1 0.8
0.955005405237898 15.2555335451975 "experimento_31" 31 500 1000 0.95 10 0.4 1 0.8
0.889650670345873 9.30419963429603 "experimento_31" 31 500 1000 0.95 10 0.4 1 0.8
0.931453948142007 12.2722070895901 "experimento_31" 31 500 1000 0.95 10 0.4 1 0.8
0.995985272806138 10.6454301990574 "experimento_31" 31 500 1000 0.95 10 0.4 1 0.8
0.828388104680926 7.81484627129743 "experimento_31" 31 500 1000 0.95 10 0.4 1 0.8
0.941612516762689 10.6706178404091 "experimento_31" 31 500 1000 0.95 10 0.4 1 0.8
0.917055391240865 9.90702320267899 "experimento_31" 31 500 1000 0.95 10 0.4 1 0.8
0.900805426295847 11.220424895239 "experimento_31" 31 500 1000 0.95 10 0.4 1 0.8
0.932314361678436 12.3402142482729 "experimento_31" 31 500 1000 0.95 10 0.4 1 0.8
0.993347348412499 10.1334440659043 "experimento_31" 31 500 1000 0.95 10 0.4 1 0.8
0.877051311777905 10.4336247058941 "experimento_31" 31 500 1000 0.95 10 0.4 1 0.8
0.574654882540926 4.07146586099579 "experimento_31" 31 500 1000 0.95 10 0.4 1 0.8
0.917239679489285 11.3186109042448 "experimento_31" 31 500 1000 0.95 10 0.4 1 0.8
0.904397614300251 10.5464291123837 "experimento_31" 31 500 1000 0.95 10 0.4 1 0.8
0.954479247797281 14.215437326839 "experimento_31" 31 500 1000 0.95 10 0.4 1 0.8
0.877723548328504 8.19068674872885 "experimento_31" 31 500 1000 0.95 10 0.4 1 0.8
0.892448719823733 9.06472673637931 "experimento_31" 31 500 1000 0.95 10 0.4 1 0.8
0.882269315887243 8.25822978806478 "experimento_31" 31 500 1000 0.95 10 0.4 1 0.8
0.732277335133404 6.29575338184072 "experimento_31" 31 500 1000 0.95 10 0.4 1 0.8
0.884442996699363 9.75857750091929 "experimento_31" 31 500 1000 0.95 10 0.4 1 0.8
0.928185648983344 11.2641691489659 "experimento_31" 31 500 1000 0.95 10 0.4 1 0.8
0.996518220053986 8.28397691844258 "experimento_31" 31 500 1000 0.95 10 0.4 1 0.8
0.911666457774118 10.2109783627148 "experimento_31" 31 500 1000 0.95 10 0.4 1 0.8
0.919012938858941 11.5750202863062 "experimento_31" 31 500 1000 0.95 10 0.4 1 0.8
0.829420856200159 8.01096703196766 "experimento_31" 31 500 1000 0.95 10 0.4 1 0.8
0.909045311389491 12.7683375032381 "experimento_31" 31 500 1000 0.95 10 0.4 1 0.8
0.827536722179502 8.96294454758221 "experimento_31" 31 500 1000 0.95 10 0.4 1 0.8
0.892329473979771 9.22108074692149 "experimento_31" 31 500 1000 0.95 10 0.4 1 0.8
0.964549430413172 16.6448747885451 "experimento_31" 31 500 1000 0.95 10 0.4 1 0.8
0.960518238600343 19.6433972875241 "experimento_31" 31 500 1000 0.95 10 0.4 1 0.8
0.916491058655083 9.50506333503015 "experimento_31" 31 500 1000 0.95 10 0.4 1 0.8
0.918003065045923 14.6500957051624 "experimento_31" 31 500 1000 0.95 10 0.4 1 0.8
0.90962625737302 9.66381145500361 "experimento_31" 31 500 1000 0.95 10 0.4 1 0.8
0.934891215292737 10.3934021317658 "experimento_31" 31 500 1000 0.95 10 0.4 1 0.8
0.8755727855023 9.12367810708899 "experimento_31" 31 500 1000 0.95 10 0.4 1 0.8
0.944227783940732 11.7146327346145 "experimento_31" 31 500 1000 0.95 10 0.4 1 0.8
0.930502224247903 10.1858676512993 "experimento_31" 31 500 1000 0.95 10 0.4 1 0.8
0.923115984071046 11.3500765470442 "experimento_31" 31 500 1000 0.95 10 0.4 1 0.8
0.92693664226681 10.6091592586766 "experimento_31" 31 500 1000 0.95 10 0.4 1 0.8
0.892548522446305 9.05899109923241 "experimento_31" 31 500 1000 0.95 10 0.4 1 0.8
0.881207072874531 9.10241668178189 "experimento_31" 31 500 1000 0.95 10 0.4 1 0.8
0.865257329307497 8.6213026006228 "experimento_31" 31 500 1000 0.95 10 0.4 1 0.8
0.96341301035136 15.8814326282576 "experimento_31" 31 500 1000 0.95 10 0.4 1 0.8
0.842769129667431 8.50891387517203 "experimento_31" 31 500 1000 0.95 10 0.4 1 0.8
0.91016722493805 9.79334931556831 "experimento_31" 31 500 1000 0.95 10 0.4 1 0.8
0.699569233693182 6.12948778826993 "experimento_31" 31 500 1000 0.95 10 0.4 1 0.8
0.826251811813563 8.4545350548958 "experimento_31" 31 500 1000 0.95 10 0.4 1 0.8
0.976597971981391 13.7004618592304 "experimento_31" 31 500 1000 0.95 10 0.4 1 0.8
0.897395686013624 9.50703299697997 "experimento_31" 31 500 1000 0.95 10 0.4 1 0.8
0.907410589745268 12.6831837102832 "experimento_31" 31 500 1000 0.95 10 0.4 1 0.8
0.95036602136679 14.1423110976077 "experimento_31" 31 500 1000 0.95 10 0.4 1 0.8
0.925744826439768 13.3340276596025 "experimento_31" 31 500 1000 0.95 10 0.4 1 0.8
0.961049740202725 13.1177817910656 "experimento_31" 31 500 1000 0.95 10 0.4 1 0.8
0.776150005636737 6.58263743093896 "experimento_31" 31 500 1000 0.95 10 0.4 1 0.8
0.884659175761044 9.89395222706728 "experimento_31" 31 500 1000 0.95 10 0.4 1 0.8
0.92814986826852 13.5176745003209 "experimento_31" 31 500 1000 0.95 10 0.4 1 0.8
0.90795456757769 10.3713317216823 "experimento_31" 31 500 1000 0.95 10 0.4 1 0.8
0.963234180351719 19.4912443032305 "experimento_31" 31 500 1000 0.95 10 0.4 1 0.8
0.922827299451455 12.5165840286462 "experimento_31" 31 500 1000 0.95 10 0.4 1 0.8
0.879616074729711 8.7120791877036 "experimento_31" 31 500 1000 0.95 10 0.4 1 0.8
0.955534992273897 15.7747446621552 "experimento_31" 31 500 1000 0.95 10 0.4 1 0.8
0.922491682227701 11.3714077231445 "experimento_31" 31 500 1000 0.95 10 0.4 1 0.8
0.923772699665278 9.7489692052597 "experimento_31" 31 500 1000 0.95 10 0.4 1 0.8
0.904297656146809 12.4685033211412 "experimento_31" 31 500 1000 0.95 10 0.4 1 0.8
0.917179365409538 12.3723892852302 "experimento_31" 31 500 1000 0.95 10 0.4 1 0.8
0.939706582343206 14.4988433370743 "experimento_31" 31 500 1000 0.95 10 0.4 1 0.8
0.902930163545534 9.57010210366202 "experimento_31" 31 500 1000 0.95 10 0.4 1 0.8
0.902746821055189 9.99158626740407 "experimento_31" 31 500 1000 0.95 10 0.4 1 0.8
0.934850921388716 10.1657545072688 "experimento_31" 31 500 1000 0.95 10 0.4 1 0.8
0.772307341452688 6.90170854600731 "experimento_31" 31 500 1000 0.95 10 0.4 1 0.8
0.916234150761738 9.84467260470916 "experimento_31" 31 500 1000 0.95 10 0.4 1 0.8
0.965462346794084 13.46489069782 "experimento_31" 31 500 1000 0.95 10 0.4 1 0.8
0.976677578873932 14.540648384812 "experimento_31" 31 500 1000 0.95 10 0.4 1 0.8
0.591866358183324 4.4117479712919 "experimento_31" 31 500 1000 0.95 10 0.4 1 0.8
0.90688849450089 10.6915941284288 "experimento_31" 31 500 1000 0.95 10 0.4 1 0.8
0.906360889552161 13.5357136143849 "experimento_31" 31 500 1000 0.95 10 0.4 1 0.8
0.956473841331899 11.3103338814588 "experimento_31" 31 500 1000 0.95 10 0.4 1 0.8
0.929426682647318 12.7203736669688 "experimento_31" 31 500 1000 0.95 10 0.4 1 0.8
0.9399434030056 12.5291674727288 "experimento_31" 31 500 1000 0.95 10 0.4 1 0.8
0.854589202208444 8.42187285845081 "experimento_31" 31 500 1000 0.95 10 0.4 1 0.8
0.930745154852048 12.5112280618718 "experimento_31" 31 500 1000 0.95 10 0.4 1 0.8
0.947180599439889 12.7321047196442 "experimento_31" 31 500 1000 0.95 10 0.4 1 0.8
0.892654684837908 8.44073495406442 "experimento_31" 31 500 1000 0.95 10 0.4 1 0.8
0.913876530947164 10.2743063853385 "experimento_31" 31 500 1000 0.95 10 0.4 1 0.8
0.929251893423498 11.0330740902018 "experimento_31" 31 500 1000 0.95 10 0.4 1 0.8
0.983569614589214 11.9613281318051 "experimento_31" 31 500 1000 0.95 10 0.4 1 0.8
0.748860369669273 6.46662728111716 "experimento_31" 31 500 1000 0.95 10 0.4 1 0.8
0.614368738839403 4.71488885688372 "experimento_31" 31 500 1000 0.95 10 0.4 1 0.8
0.918336742557585 11.5768098174356 "experimento_31" 31 500 1000 0.95 10 0.4 1 0.8
0.935873970622197 13.0798095526651 "experimento_31" 31 500 1000 0.95 10 0.4 1 0.8
0.90147028840147 12.8238480654283 "experimento_31" 31 500 1000 0.95 10 0.4 1 0.8
0.922017897013575 12.2916843350022 "experimento_31" 31 500 1000 0.95 10 0.4 1 0.8
0.951920648105443 12.1587221609124 "experimento_31" 31 500 1000 0.95 10 0.4 1 0.8
0.906343885231763 10.6433113184058 "experimento_31" 31 500 1000 0.95 10 0.4 1 0.8
0.743173061870039 5.79189149131593 "experimento_31" 31 500 1000 0.95 10 0.4 1 0.8
0.908255163580179 11.7005906505111 "experimento_31" 31 500 1000 0.95 10 0.4 1 0.8
0.933489598101005 11.6731912527084 "experimento_31" 31 500 1000 0.95 10 0.4 1 0.8
0.730215334799141 5.77728917700215 "experimento_31" 31 500 1000 0.95 10 0.4 1 0.8
0.966034750454128 12.4327906874392 "experimento_31" 31 500 1000 0.95 10 0.4 1 0.8
0.753991056466475 6.67807444331714 "experimento_31" 31 500 1000 0.95 10 0.4 1 0.8
0.939363908255473 11.2448618060327 "experimento_31" 31 500 1000 0.95 10 0.4 1 0.8
0.890317648882046 10.0333495333559 "experimento_31" 31 500 1000 0.95 10 0.4 1 0.8
0.841879654442891 8.36679818586662 "experimento_31" 31 500 1000 0.95 10 0.4 1 0.8
0.934215547749773 17.0947508686281 "experimento_31" 31 500 1000 0.95 10 0.4 1 0.8
0.912741981213912 8.95927152076751 "experimento_31" 31 500 1000 0.95 10 0.4 1 0.8
0.887087918817997 8.84672256829873 "experimento_31" 31 500 1000 0.95 10 0.4 1 0.8
0.958921290002763 11.6351301374383 "experimento_31" 31 500 1000 0.95 10 0.4 1 0.8
0.970370596507564 12.1248501561313 "experimento_31" 31 500 1000 0.95 10 0.4 1 0.8
0.782110804691911 7.32005988620236 "experimento_31" 31 500 1000 0.95 10 0.4 1 0.8
0.924108449136838 12.7304440636195 "experimento_31" 31 500 1000 0.95 10 0.4 1 0.8
0.869485804112628 8.96217747813999 "experimento_31" 31 500 1000 0.95 10 0.4 1 0.8
1.00330551114113 11.9511678528272 "experimento_31" 31 500 1000 0.95 10 0.4 1 0.8
0.95851231762208 13.0081691111806 "experimento_31" 31 500 1000 0.95 10 0.4 1 0.8
0.885259255766869 9.16750240920634 "experimento_31" 31 500 1000 0.95 10 0.4 1 0.8
0.893581499578431 13.121329591894 "experimento_31" 31 500 1000 0.95 10 0.4 1 0.8
0.868165328167379 9.37979528135229 "experimento_31" 31 500 1000 0.95 10 0.4 1 0.8
0.852103223558515 9.87303572149218 "experimento_31" 31 500 1000 0.95 10 0.4 1 0.8
0.836106938077137 8.8914530908298 "experimento_31" 31 500 1000 0.95 10 0.4 1 0.8
0.94790180772543 13.6260671114405 "experimento_31" 31 500 1000 0.95 10 0.4 1 0.8
0.908603502204642 10.8083101625816 "experimento_31" 31 500 1000 0.95 10 0.4 1 0.8
0.888399372342974 8.36648608374891 "experimento_31" 31 500 1000 0.95 10 0.4 1 0.8
0.799403999233618 7.13819792409086 "experimento_31" 31 500 1000 0.95 10 0.4 1 0.8
0.791214736644179 8.40782076386641 "experimento_31" 31 500 1000 0.95 10 0.4 1 0.8
0.94284749776125 9.53118510445645 "experimento_31" 31 500 1000 0.95 10 0.4 1 0.8
0.947143803350627 13.3917123675994 "experimento_31" 31 500 1000 0.95 10 0.4 1 0.8
0.918437421089038 10.3760492769902 "experimento_31" 31 500 1000 0.95 10 0.4 1 0.8
0.906203711638227 9.64819550922295 "experimento_31" 31 500 1000 0.95 10 0.4 1 0.8
0.828137191943824 7.50944670757913 "experimento_31" 31 500 1000 0.95 10 0.4 1 0.8
0.911142392782494 9.17053793593211 "experimento_31" 31 500 1000 0.95 10 0.4 1 0.8
0.898881585570052 9.14433376614243 "experimento_31" 31 500 1000 0.95 10 0.4 1 0.8
0.965150502510369 9.85578530587585 "experimento_31" 31 500 1000 0.95 10 0.4 1 0.8
0.967274655820802 14.4244219980864 "experimento_31" 31 500 1000 0.95 10 0.4 1 0.8
0.936013052240014 13.1106331075489 "experimento_31" 31 500 1000 0.95 10 0.4 1 0.8
0.893645520089194 8.42844069301299 "experimento_31" 31 500 1000 0.95 10 0.4 1 0.8
0.867116448702291 8.05821573840571 "experimento_31" 31 500 1000 0.95 10 0.4 1 0.8
0.904002561001107 10.9871933040067 "experimento_31" 31 500 1000 0.95 10 0.4 1 0.8
0.972589185461402 18.6992688632009 "experimento_31" 31 500 1000 0.95 10 0.4 1 0.8
0.880392681108788 7.71998687455619 "experimento_31" 31 500 1000 0.95 10 0.4 1 0.8
0.88311440194957 11.6500728209701 "experimento_31" 31 500 1000 0.95 10 0.4 1 0.8
0.916427029063925 15.0698589975236 "experimento_31" 31 500 1000 0.95 10 0.4 1 0.8
0.950186538742855 13.1633189428578 "experimento_31" 31 500 1000 0.95 10 0.4 1 0.8
0.769135038368404 6.91305607878446 "experimento_31" 31 500 1000 0.95 10 0.4 1 0.8
0.85694479313679 9.6435464710501 "experimento_31" 31 500 1000 0.95 10 0.4 1 0.8
0.891076562693343 8.53561715482187 "experimento_31" 31 500 1000 0.95 10 0.4 1 0.8
0.959093795157969 10.2225701303332 "experimento_31" 31 500 1000 0.95 10 0.4 1 0.8
0.92514038644731 14.3107294293436 "experimento_31" 31 500 1000 0.95 10 0.4 1 0.8
0.897373614599928 10.9127638185515 "experimento_31" 31 500 1000 0.95 10 0.4 1 0.8
0.933302892604843 10.1384840266725 "experimento_31" 31 500 1000 0.95 10 0.4 1 0.8
0.940060843480751 12.8269760833815 "experimento_31" 31 500 1000 0.95 10 0.4 1 0.8
0.919050292577595 13.5914617395185 "experimento_31" 31 500 1000 0.95 10 0.4 1 0.8
0.925136203411967 10.2441279571254 "experimento_31" 31 500 1000 0.95 10 0.4 1 0.8
0.935936808120459 9.71247220712768 "experimento_31" 31 500 1000 0.95 10 0.4 1 0.8
0.935112904058769 10.1152434235995 "experimento_31" 31 500 1000 0.95 10 0.4 1 0.8
0.911392483394593 12.8190564462473 "experimento_31" 31 500 1000 0.95 10 0.4 1 0.8
0.89898067060858 10.2051461384784 "experimento_31" 31 500 1000 0.95 10 0.4 1 0.8
0.901001441059634 8.62281298448451 "experimento_31" 31 500 1000 0.95 10 0.4 1 0.8
0.882946526398882 9.13685515337963 "experimento_31" 31 500 1000 0.95 10 0.4 1 0.8
0.980749664129689 11.3568165381629 "experimento_31" 31 500 1000 0.95 10 0.4 1 0.8
0.925909034907818 11.4806539042436 "experimento_31" 31 500 1000 0.95 10 0.4 1 0.8
0.868033109232783 8.48316108814111 "experimento_31" 31 500 1000 0.95 10 0.4 1 0.8
0.931565468199551 12.0856077879071 "experimento_31" 31 500 1000 0.95 10 0.4 1 0.8
0.887919277884066 9.35103708426004 "experimento_31" 31 500 1000 0.95 10 0.4 1 0.8
0.953483223216608 13.3496643031458 "experimento_31" 31 500 1000 0.95 10 0.4 1 0.8
0.907455034786835 9.17572858675556 "experimento_31" 31 500 1000 0.95 10 0.4 1 0.8
0.939651512540877 16.007132250698 "experimento_31" 31 500 1000 0.95 10 0.4 1 0.8
0.88231787388213 9.080998330685 "experimento_31" 31 500 1000 0.95 10 0.4 1 0.8
0.998252033023164 11.5164397000555 "experimento_31" 31 500 1000 0.95 10 0.4 1 0.8
0.855410497868434 7.76111721445934 "experimento_31" 31 500 1000 0.95 10 0.4 1 0.8
0.95168329263106 13.4226085227309 "experimento_31" 31 500 1000 0.95 10 0.4 1 0.8
0.91329776821658 12.2406918936763 "experimento_31" 31 500 1000 0.95 10 0.4 1 0.8
0.645543859805912 5.10130674558875 "experimento_31" 31 500 1000 0.95 10 0.4 1 0.8
