"est.u" "est.lamb" "name" "seed" "size" "replicates" "p_umbral" "exp_lambda" "alpha_pen" "n_pen" "c"
0.999708345392719 1.490942776727 "experimento_19" 19 500 1000 0.95 1 0.4 1 0.8
1.02282452909276 1.35524869542185 "experimento_19" 19 500 1000 0.95 1 0.4 1 0.8
0.486240036785603 2.70853101585924 "experimento_19" 19 500 1000 0.95 1 0.4 1 0.8
0.998034775489941 1.3988178292706 "experimento_19" 19 500 1000 0.95 1 0.4 1 0.8
0.997383864130825 0.958194925718417 "experimento_19" 19 500 1000 0.95 1 0.4 1 0.8
0.500941518461332 2.56508144157501 "experimento_19" 19 500 1000 0.95 1 0.4 1 0.8
1.0181629614604 0.907635093414643 "experimento_19" 19 500 1000 0.95 1 0.4 1 0.8
0.512402966618538 2.70896063525373 "experimento_19" 19 500 1000 0.95 1 0.4 1 0.8
1.07833550556614 0.764614494429768 "experimento_19" 19 500 1000 0.95 1 0.4 1 0.8
0.997127917362377 1.23595174285141 "experimento_19" 19 500 1000 0.95 1 0.4 1 0.8
0.999970840057358 1.072498153412 "experimento_19" 19 500 1000 0.95 1 0.4 1 0.8
0.53336692461744 3.15816874528797 "experimento_19" 19 500 1000 0.95 1 0.4 1 0.8
1.03431520060875 0.70783971658444 "experimento_19" 19 500 1000 0.95 1 0.4 1 0.8
1.21382880723104 1.51767644117145 "experimento_19" 19 500 1000 0.95 1 0.4 1 0.8
1.01567053841427 0.983023610286774 "experimento_19" 19 500 1000 0.95 1 0.4 1 0.8
0.499791532289237 2.74017591620186 "experimento_19" 19 500 1000 0.95 1 0.4 1 0.8
1.05969441738438 0.873903192872075 "experimento_19" 19 500 1000 0.95 1 0.4 1 0.8
0.560340670403093 3.01734548414367 "experimento_19" 19 500 1000 0.95 1 0.4 1 0.8
0.99894502107054 0.909942728806928 "experimento_19" 19 500 1000 0.95 1 0.4 1 0.8
0.996754238847643 1.21109373717106 "experimento_19" 19 500 1000 0.95 1 0.4 1 0.8
0.526622073957697 2.93686000093417 "experimento_19" 19 500 1000 0.95 1 0.4 1 0.8
0.999497621785849 1.19397329151607 "experimento_19" 19 500 1000 0.95 1 0.4 1 0.8
0.49615278490819 2.64180282395617 "experimento_19" 19 500 1000 0.95 1 0.4 1 0.8
0.998571146978065 0.731680822510569 "experimento_19" 19 500 1000 0.95 1 0.4 1 0.8
0.521059045568109 3.19197374071884 "experimento_19" 19 500 1000 0.95 1 0.4 1 0.8
0.994408055907115 0.935554019606984 "experimento_19" 19 500 1000 0.95 1 0.4 1 0.8
0.993546173674986 1.34166358950413 "experimento_19" 19 500 1000 0.95 1 0.4 1 0.8
0.560028895968571 2.84484605626258 "experimento_19" 19 500 1000 0.95 1 0.4 1 0.8
0.995859262999147 0.882954887237843 "experimento_19" 19 500 1000 0.95 1 0.4 1 0.8
0.508853945182636 2.87478660330217 "experimento_19" 19 500 1000 0.95 1 0.4 1 0.8
0.997571048792452 0.938897314363015 "experimento_19" 19 500 1000 0.95 1 0.4 1 0.8
0.535192548297346 2.93472959965435 "experimento_19" 19 500 1000 0.95 1 0.4 1 0.8
0.998584867455065 0.81939860379948 "experimento_19" 19 500 1000 0.95 1 0.4 1 0.8
0.995923635549843 1.03062164514887 "experimento_19" 19 500 1000 0.95 1 0.4 1 0.8
1.0121056898497 0.809987606244066 "experimento_19" 19 500 1000 0.95 1 0.4 1 0.8
0.529495921451598 3.26228107670122 "experimento_19" 19 500 1000 0.95 1 0.4 1 0.8
1.00846239738166 1.03411855087966 "experimento_19" 19 500 1000 0.95 1 0.4 1 0.8
0.517394400434569 2.27518805212563 "experimento_19" 19 500 1000 0.95 1 0.4 1 0.8
0.997481765924022 1.13769119424808 "experimento_19" 19 500 1000 0.95 1 0.4 1 0.8
0.5117095510941 3.07566092258463 "experimento_19" 19 500 1000 0.95 1 0.4 1 0.8
0.996139432070777 1.24939765461794 "experimento_19" 19 500 1000 0.95 1 0.4 1 0.8
0.994918416021392 0.822976577457657 "experimento_19" 19 500 1000 0.95 1 0.4 1 0.8
0.998062724247575 0.733492540809626 "experimento_19" 19 500 1000 0.95 1 0.4 1 0.8
1.01113112827333 1.14493434263727 "experimento_19" 19 500 1000 0.95 1 0.4 1 0.8
0.993239375762641 1.14161725565918 "experimento_19" 19 500 1000 0.95 1 0.4 1 0.8
0.541633564746007 3.09165399157007 "experimento_19" 19 500 1000 0.95 1 0.4 1 0.8
0.997858087765053 0.907219786612714 "experimento_19" 19 500 1000 0.95 1 0.4 1 0.8
0.989049062598497 1.14722572941561 "experimento_19" 19 500 1000 0.95 1 0.4 1 0.8
1.1368788144265 1.08278841710143 "experimento_19" 19 500 1000 0.95 1 0.4 1 0.8
0.538929282920435 2.7764276259247 "experimento_19" 19 500 1000 0.95 1 0.4 1 0.8
0.998772361548617 0.975396308021853 "experimento_19" 19 500 1000 0.95 1 0.4 1 0.8
0.998800699831918 0.947030712505367 "experimento_19" 19 500 1000 0.95 1 0.4 1 0.8
0.507464481983334 2.62263597330736 "experimento_19" 19 500 1000 0.95 1 0.4 1 0.8
0.519621482817456 2.69327555762811 "experimento_19" 19 500 1000 0.95 1 0.4 1 0.8
0.999842316843569 0.978833965408958 "experimento_19" 19 500 1000 0.95 1 0.4 1 0.8
1.04907439601024 0.811904180432514 "experimento_19" 19 500 1000 0.95 1 0.4 1 0.8
0.559219700517133 3.29889602876352 "experimento_19" 19 500 1000 0.95 1 0.4 1 0.8
1.08521468611434 0.868875482466912 "experimento_19" 19 500 1000 0.95 1 0.4 1 0.8
1.00970782386139 0.88530269103971 "experimento_19" 19 500 1000 0.95 1 0.4 1 0.8
0.489799077389762 2.88099569125322 "experimento_19" 19 500 1000 0.95 1 0.4 1 0.8
0.984527573920786 1.17043811937409 "experimento_19" 19 500 1000 0.95 1 0.4 1 0.8
0.491444207495078 3.16558482845812 "experimento_19" 19 500 1000 0.95 1 0.4 1 0.8
1.05600282037631 1.18907191986471 "experimento_19" 19 500 1000 0.95 1 0.4 1 0.8
0.533669720171019 3.03554945454532 "experimento_19" 19 500 1000 0.95 1 0.4 1 0.8
1.01592372203375 0.959585386082016 "experimento_19" 19 500 1000 0.95 1 0.4 1 0.8
0.983887049835175 1.40514797192007 "experimento_19" 19 500 1000 0.95 1 0.4 1 0.8
1.04188963386313 0.718999288314712 "experimento_19" 19 500 1000 0.95 1 0.4 1 0.8
1.01112858144238 0.850352351194354 "experimento_19" 19 500 1000 0.95 1 0.4 1 0.8
0.544763898476958 2.97542863626144 "experimento_19" 19 500 1000 0.95 1 0.4 1 0.8
0.548475958872586 3.05482598495879 "experimento_19" 19 500 1000 0.95 1 0.4 1 0.8
1.01803463185206 0.926301990141781 "experimento_19" 19 500 1000 0.95 1 0.4 1 0.8
0.995750105706975 1.06776915690736 "experimento_19" 19 500 1000 0.95 1 0.4 1 0.8
0.514444281579927 2.93970929044064 "experimento_19" 19 500 1000 0.95 1 0.4 1 0.8
0.539410301251337 3.05192173044546 "experimento_19" 19 500 1000 0.95 1 0.4 1 0.8
0.997846288606524 1.23329708808937 "experimento_19" 19 500 1000 0.95 1 0.4 1 0.8
0.490855861920863 2.97000568189749 "experimento_19" 19 500 1000 0.95 1 0.4 1 0.8
0.561189791886136 3.24150621653298 "experimento_19" 19 500 1000 0.95 1 0.4 1 0.8
0.549275216180831 3.19856309526905 "experimento_19" 19 500 1000 0.95 1 0.4 1 0.8
0.998546525137499 0.698455368115841 "experimento_19" 19 500 1000 0.95 1 0.4 1 0.8
0.998619162244722 0.839318665839932 "experimento_19" 19 500 1000 0.95 1 0.4 1 0.8
0.497348616365343 2.750109269043 "experimento_19" 19 500 1000 0.95 1 0.4 1 0.8
0.529591116122901 2.98958838226062 "experimento_19" 19 500 1000 0.95 1 0.4 1 0.8
0.9974405025132 1.16869914871161 "experimento_19" 19 500 1000 0.95 1 0.4 1 0.8
0.51758799306117 3.00782041452536 "experimento_19" 19 500 1000 0.95 1 0.4 1 0.8
1.0469566215761 0.966110820729465 "experimento_19" 19 500 1000 0.95 1 0.4 1 0.8
1.04300416701553 1.11803054539585 "experimento_19" 19 500 1000 0.95 1 0.4 1 0.8
0.55242060078308 2.9474891282129 "experimento_19" 19 500 1000 0.95 1 0.4 1 0.8
0.999003272969276 1.17189809903052 "experimento_19" 19 500 1000 0.95 1 0.4 1 0.8
0.521188294515014 3.04651040462533 "experimento_19" 19 500 1000 0.95 1 0.4 1 0.8
0.50270453421399 2.5376066003495 "experimento_19" 19 500 1000 0.95 1 0.4 1 0.8
0.997529385378584 1.05401496606305 "experimento_19" 19 500 1000 0.95 1 0.4 1 0.8
0.472584494156763 2.58318595464018 "experimento_19" 19 500 1000 0.95 1 0.4 1 0.8
0.558093363186345 3.35685332209829 "experimento_19" 19 500 1000 0.95 1 0.4 1 0.8
1.01228956598788 0.734310593964288 "experimento_19" 19 500 1000 0.95 1 0.4 1 0.8
1.01749662170187 1.03985108089213 "experimento_19" 19 500 1000 0.95 1 0.4 1 0.8
0.997962260153145 1.02292573886377 "experimento_19" 19 500 1000 0.95 1 0.4 1 0.8
0.998825008515269 0.757592687061328 "experimento_19" 19 500 1000 0.95 1 0.4 1 0.8
0.999363524839282 0.844062181105338 "experimento_19" 19 500 1000 0.95 1 0.4 1 0.8
0.547227963106707 3.01823808662854 "experimento_19" 19 500 1000 0.95 1 0.4 1 0.8
0.525296614505351 3.07902283228784 "experimento_19" 19 500 1000 0.95 1 0.4 1 0.8
0.519410218112171 2.92087538170169 "experimento_19" 19 500 1000 0.95 1 0.4 1 0.8
0.996709208702669 0.933062881766001 "experimento_19" 19 500 1000 0.95 1 0.4 1 0.8
0.995553589425981 1.07189931611419 "experimento_19" 19 500 1000 0.95 1 0.4 1 0.8
0.997145752888173 0.849856734354095 "experimento_19" 19 500 1000 0.95 1 0.4 1 0.8
1.0908408015682 0.949036224100675 "experimento_19" 19 500 1000 0.95 1 0.4 1 0.8
0.54602271085605 3.12544307295999 "experimento_19" 19 500 1000 0.95 1 0.4 1 0.8
0.499635904096067 2.95639531447904 "experimento_19" 19 500 1000 0.95 1 0.4 1 0.8
0.99873418896459 1.08344992741872 "experimento_19" 19 500 1000 0.95 1 0.4 1 0.8
0.503221991704777 2.91386152932863 "experimento_19" 19 500 1000 0.95 1 0.4 1 0.8
0.990889642387629 1.23935799626927 "experimento_19" 19 500 1000 0.95 1 0.4 1 0.8
1.09557914780453 0.774256768282891 "experimento_19" 19 500 1000 0.95 1 0.4 1 0.8
0.566919509787112 3.34326869151002 "experimento_19" 19 500 1000 0.95 1 0.4 1 0.8
0.997368341544643 0.895095711983464 "experimento_19" 19 500 1000 0.95 1 0.4 1 0.8
0.996651153778657 1.06488527240117 "experimento_19" 19 500 1000 0.95 1 0.4 1 0.8
0.990052369423211 1.05435676234042 "experimento_19" 19 500 1000 0.95 1 0.4 1 0.8
0.505397652508691 2.92700756760318 "experimento_19" 19 500 1000 0.95 1 0.4 1 0.8
0.998388667125255 0.975692293773206 "experimento_19" 19 500 1000 0.95 1 0.4 1 0.8
0.983300109161064 1.21096240185396 "experimento_19" 19 500 1000 0.95 1 0.4 1 0.8
1.12872247863418 0.720545366755423 "experimento_19" 19 500 1000 0.95 1 0.4 1 0.8
0.993262226460502 1.36433693055032 "experimento_19" 19 500 1000 0.95 1 0.4 1 0.8
0.494707466335967 2.84683359931604 "experimento_19" 19 500 1000 0.95 1 0.4 1 0.8
0.489777888637036 2.73378748063114 "experimento_19" 19 500 1000 0.95 1 0.4 1 0.8
1.41070051118731 1.28838917978942 "experimento_19" 19 500 1000 0.95 1 0.4 1 0.8
0.53178349416703 3.0012283263856 "experimento_19" 19 500 1000 0.95 1 0.4 1 0.8
0.499400130705908 2.85093685413824 "experimento_19" 19 500 1000 0.95 1 0.4 1 0.8
1.00400674850089 1.07098743957999 "experimento_19" 19 500 1000 0.95 1 0.4 1 0.8
0.517230775672942 3.35559030023429 "experimento_19" 19 500 1000 0.95 1 0.4 1 0.8
1.00158297875896 0.77604465379891 "experimento_19" 19 500 1000 0.95 1 0.4 1 0.8
0.989638408180326 1.32309017214372 "experimento_19" 19 500 1000 0.95 1 0.4 1 0.8
0.52310197474435 2.91083509333355 "experimento_19" 19 500 1000 0.95 1 0.4 1 0.8
0.51096475427039 2.84325676460757 "experimento_19" 19 500 1000 0.95 1 0.4 1 0.8
0.993548780214041 1.13817259975104 "experimento_19" 19 500 1000 0.95 1 0.4 1 0.8
0.999405420618132 0.927924421496911 "experimento_19" 19 500 1000 0.95 1 0.4 1 0.8
0.998935098061338 0.8710055539307 "experimento_19" 19 500 1000 0.95 1 0.4 1 0.8
0.992711595958099 0.932247745446931 "experimento_19" 19 500 1000 0.95 1 0.4 1 0.8
0.995596325956285 0.985849730405735 "experimento_19" 19 500 1000 0.95 1 0.4 1 0.8
0.992460827808827 0.803049963679864 "experimento_19" 19 500 1000 0.95 1 0.4 1 0.8
0.488933204906061 2.70586369326162 "experimento_19" 19 500 1000 0.95 1 0.4 1 0.8
0.995998535538092 0.788484747612112 "experimento_19" 19 500 1000 0.95 1 0.4 1 0.8
0.996130824787542 1.03369069237322 "experimento_19" 19 500 1000 0.95 1 0.4 1 0.8
1.14453470148146 0.792777691522963 "experimento_19" 19 500 1000 0.95 1 0.4 1 0.8
0.992562950821593 1.14817587130169 "experimento_19" 19 500 1000 0.95 1 0.4 1 0.8
0.507850662572309 3.19923667995251 "experimento_19" 19 500 1000 0.95 1 0.4 1 0.8
1.04681459628046 0.812467770873481 "experimento_19" 19 500 1000 0.95 1 0.4 1 0.8
1.02055240629858 0.862536723652734 "experimento_19" 19 500 1000 0.95 1 0.4 1 0.8
0.993465840583667 1.07679522789316 "experimento_19" 19 500 1000 0.95 1 0.4 1 0.8
0.997510772896931 1.03372797443771 "experimento_19" 19 500 1000 0.95 1 0.4 1 0.8
0.983964683953673 0.991518007413566 "experimento_19" 19 500 1000 0.95 1 0.4 1 0.8
0.540733483154327 3.05174018428042 "experimento_19" 19 500 1000 0.95 1 0.4 1 0.8
0.999475695658475 1.05545833404561 "experimento_19" 19 500 1000 0.95 1 0.4 1 0.8
0.544580934103578 3.0289642854026 "experimento_19" 19 500 1000 0.95 1 0.4 1 0.8
1.0038609689364 0.976714643150541 "experimento_19" 19 500 1000 0.95 1 0.4 1 0.8
0.996446485863999 1.09172327720362 "experimento_19" 19 500 1000 0.95 1 0.4 1 0.8
0.996178427012637 1.17179089959992 "experimento_19" 19 500 1000 0.95 1 0.4 1 0.8
0.999477307545021 0.929393215351158 "experimento_19" 19 500 1000 0.95 1 0.4 1 0.8
1.31275501381606 0.858077470276771 "experimento_19" 19 500 1000 0.95 1 0.4 1 0.8
0.996577645419165 1.16865647555364 "experimento_19" 19 500 1000 0.95 1 0.4 1 0.8
0.52304636943154 3.21368668904829 "experimento_19" 19 500 1000 0.95 1 0.4 1 0.8
0.468801428563893 2.78692011633147 "experimento_19" 19 500 1000 0.95 1 0.4 1 0.8
0.998899170197546 1.19420992559157 "experimento_19" 19 500 1000 0.95 1 0.4 1 0.8
0.995943349786103 0.935545010431506 "experimento_19" 19 500 1000 0.95 1 0.4 1 0.8
0.999456042191014 1.13894653145467 "experimento_19" 19 500 1000 0.95 1 0.4 1 0.8
1.03961410036048 0.961346562586586 "experimento_19" 19 500 1000 0.95 1 0.4 1 0.8
0.992913482710719 1.22514995868957 "experimento_19" 19 500 1000 0.95 1 0.4 1 0.8
0.987402784172446 1.0192849826831 "experimento_19" 19 500 1000 0.95 1 0.4 1 0.8
0.993225422222167 0.894786514193952 "experimento_19" 19 500 1000 0.95 1 0.4 1 0.8
0.524787446018308 2.62549858432447 "experimento_19" 19 500 1000 0.95 1 0.4 1 0.8
0.990420030429959 0.986026087712789 "experimento_19" 19 500 1000 0.95 1 0.4 1 0.8
0.493100786581635 2.82482220027412 "experimento_19" 19 500 1000 0.95 1 0.4 1 0.8
0.540094426833093 2.95426143519085 "experimento_19" 19 500 1000 0.95 1 0.4 1 0.8
0.534755194559693 3.1537487202059 "experimento_19" 19 500 1000 0.95 1 0.4 1 0.8
0.99994704592973 1.39980771991077 "experimento_19" 19 500 1000 0.95 1 0.4 1 0.8
0.999734464799985 0.842826608817092 "experimento_19" 19 500 1000 0.95 1 0.4 1 0.8
0.999316501198336 0.965334584458703 "experimento_19" 19 500 1000 0.95 1 0.4 1 0.8
1.1344159059178 0.92040060113958 "experimento_19" 19 500 1000 0.95 1 0.4 1 0.8
1.29716042475775 1.54595351752851 "experimento_19" 19 500 1000 0.95 1 0.4 1 0.8
0.980220016092062 0.909202690387982 "experimento_19" 19 500 1000 0.95 1 0.4 1 0.8
0.515814679674804 2.96789544709185 "experimento_19" 19 500 1000 0.95 1 0.4 1 0.8
0.999753799987957 0.883446015292934 "experimento_19" 19 500 1000 0.95 1 0.4 1 0.8
1.00310844229534 0.828102242296826 "experimento_19" 19 500 1000 0.95 1 0.4 1 0.8
1.0010113697499 1.11958021675087 "experimento_19" 19 500 1000 0.95 1 0.4 1 0.8
0.994416357716545 1.11168344858158 "experimento_19" 19 500 1000 0.95 1 0.4 1 0.8
1.22373074421042 0.626087007708372 "experimento_19" 19 500 1000 0.95 1 0.4 1 0.8
0.538042786996812 2.74881282044377 "experimento_19" 19 500 1000 0.95 1 0.4 1 0.8
0.502521617338061 2.77387329526075 "experimento_19" 19 500 1000 0.95 1 0.4 1 0.8
0.996798925567418 1.30162500788109 "experimento_19" 19 500 1000 0.95 1 0.4 1 0.8
1.01623239694163 0.717609350091244 "experimento_19" 19 500 1000 0.95 1 0.4 1 0.8
0.994540610350668 0.915222283345749 "experimento_19" 19 500 1000 0.95 1 0.4 1 0.8
0.999568178318441 1.12843512387422 "experimento_19" 19 500 1000 0.95 1 0.4 1 0.8
0.530987404054031 3.29725443172817 "experimento_19" 19 500 1000 0.95 1 0.4 1 0.8
0.567362078232691 3.00562835813885 "experimento_19" 19 500 1000 0.95 1 0.4 1 0.8
0.987443793565035 0.912231075297155 "experimento_19" 19 500 1000 0.95 1 0.4 1 0.8
0.512711578980088 3.04277790524553 "experimento_19" 19 500 1000 0.95 1 0.4 1 0.8
0.998780925292522 0.839666127019689 "experimento_19" 19 500 1000 0.95 1 0.4 1 0.8
0.988512396346778 0.986058546331195 "experimento_19" 19 500 1000 0.95 1 0.4 1 0.8
1.16201487315829 1.03900621906303 "experimento_19" 19 500 1000 0.95 1 0.4 1 0.8
0.99304613051936 0.94227056648754 "experimento_19" 19 500 1000 0.95 1 0.4 1 0.8
1.0145595106856 0.827276683718375 "experimento_19" 19 500 1000 0.95 1 0.4 1 0.8
0.540330543648452 3.15727895602977 "experimento_19" 19 500 1000 0.95 1 0.4 1 0.8
0.997780177742243 0.898519447156301 "experimento_19" 19 500 1000 0.95 1 0.4 1 0.8
0.999440554063767 0.824034601587729 "experimento_19" 19 500 1000 0.95 1 0.4 1 0.8
0.999759005382657 1.09883085232967 "experimento_19" 19 500 1000 0.95 1 0.4 1 0.8
0.993021064205095 1.0654270901783 "experimento_19" 19 500 1000 0.95 1 0.4 1 0.8
0.99648074968718 1.07296062857921 "experimento_19" 19 500 1000 0.95 1 0.4 1 0.8
1.0852789520286 1.35003194191287 "experimento_19" 19 500 1000 0.95 1 0.4 1 0.8
0.519578839885071 3.56590244629307 "experimento_19" 19 500 1000 0.95 1 0.4 1 0.8
0.992732088081539 1.56847842718708 "experimento_19" 19 500 1000 0.95 1 0.4 1 0.8
0.538177056005225 2.89483698264263 "experimento_19" 19 500 1000 0.95 1 0.4 1 0.8
1.00047764111116 0.875365398826178 "experimento_19" 19 500 1000 0.95 1 0.4 1 0.8
0.992686205776408 1.03340426762489 "experimento_19" 19 500 1000 0.95 1 0.4 1 0.8
0.991301414789632 1.51572316803046 "experimento_19" 19 500 1000 0.95 1 0.4 1 0.8
0.997122084256262 1.06071183374622 "experimento_19" 19 500 1000 0.95 1 0.4 1 0.8
0.52012590225786 2.94644791021584 "experimento_19" 19 500 1000 0.95 1 0.4 1 0.8
1.10879896208644 0.652775033844215 "experimento_19" 19 500 1000 0.95 1 0.4 1 0.8
1.31993213528767 0.762372798500426 "experimento_19" 19 500 1000 0.95 1 0.4 1 0.8
0.52631407417357 2.96799418054619 "experimento_19" 19 500 1000 0.95 1 0.4 1 0.8
0.523978929733858 3.28935662853312 "experimento_19" 19 500 1000 0.95 1 0.4 1 0.8
1.00136571889743 1.1410854123313 "experimento_19" 19 500 1000 0.95 1 0.4 1 0.8
1.02737897920954 0.951858635335172 "experimento_19" 19 500 1000 0.95 1 0.4 1 0.8
0.991267749108374 1.25556505592338 "experimento_19" 19 500 1000 0.95 1 0.4 1 0.8
0.9961083966773 0.978925142831426 "experimento_19" 19 500 1000 0.95 1 0.4 1 0.8
0.519400542369112 2.75381463818325 "experimento_19" 19 500 1000 0.95 1 0.4 1 0.8
0.510479752905667 3.05288518459363 "experimento_19" 19 500 1000 0.95 1 0.4 1 0.8
1.01854944834486 0.996500513811887 "experimento_19" 19 500 1000 0.95 1 0.4 1 0.8
0.508248094469309 3.14854339990371 "experimento_19" 19 500 1000 0.95 1 0.4 1 0.8
0.996591854840517 1.346385689786 "experimento_19" 19 500 1000 0.95 1 0.4 1 0.8
0.514386435039341 2.65204014953537 "experimento_19" 19 500 1000 0.95 1 0.4 1 0.8
0.996400719741359 1.14112193534765 "experimento_19" 19 500 1000 0.95 1 0.4 1 0.8
0.549230048665777 2.8102454555404 "experimento_19" 19 500 1000 0.95 1 0.4 1 0.8
0.995087208459154 1.03905225012088 "experimento_19" 19 500 1000 0.95 1 0.4 1 0.8
1.01264264108613 0.944143885636543 "experimento_19" 19 500 1000 0.95 1 0.4 1 0.8
0.999570663319901 0.886372496591979 "experimento_19" 19 500 1000 0.95 1 0.4 1 0.8
1.08370076771826 0.810077771163878 "experimento_19" 19 500 1000 0.95 1 0.4 1 0.8
0.488779035164043 2.8696240082375 "experimento_19" 19 500 1000 0.95 1 0.4 1 0.8
0.523779251612723 3.3095310637099 "experimento_19" 19 500 1000 0.95 1 0.4 1 0.8
0.52639722218737 2.98512560540364 "experimento_19" 19 500 1000 0.95 1 0.4 1 0.8
0.989562940550968 1.05426602239461 "experimento_19" 19 500 1000 0.95 1 0.4 1 0.8
0.476713619660586 2.7894811440784 "experimento_19" 19 500 1000 0.95 1 0.4 1 0.8
1.00069849917353 1.1539236406395 "experimento_19" 19 500 1000 0.95 1 0.4 1 0.8
0.578086585504934 3.73731922679038 "experimento_19" 19 500 1000 0.95 1 0.4 1 0.8
0.546205687569454 3.17864991167213 "experimento_19" 19 500 1000 0.95 1 0.4 1 0.8
0.501869761617854 2.73555909417934 "experimento_19" 19 500 1000 0.95 1 0.4 1 0.8
0.98188232909888 0.9199131545711 "experimento_19" 19 500 1000 0.95 1 0.4 1 0.8
0.998811432626098 1.25405495789058 "experimento_19" 19 500 1000 0.95 1 0.4 1 0.8
0.992054670583457 0.910234219781386 "experimento_19" 19 500 1000 0.95 1 0.4 1 0.8
1.01632983703166 0.964095673138938 "experimento_19" 19 500 1000 0.95 1 0.4 1 0.8
0.517488826531917 2.44331061680871 "experimento_19" 19 500 1000 0.95 1 0.4 1 0.8
0.521342173451558 2.89695747711846 "experimento_19" 19 500 1000 0.95 1 0.4 1 0.8
0.533082417445257 3.027624915408 "experimento_19" 19 500 1000 0.95 1 0.4 1 0.8
0.493206393439323 2.85908358451707 "experimento_19" 19 500 1000 0.95 1 0.4 1 0.8
0.993385738227516 1.26134108696443 "experimento_19" 19 500 1000 0.95 1 0.4 1 0.8
0.514968519099057 2.68684500074983 "experimento_19" 19 500 1000 0.95 1 0.4 1 0.8
0.500776185421273 2.85097403230337 "experimento_19" 19 500 1000 0.95 1 0.4 1 0.8
0.535306358477101 2.80796614797969 "experimento_19" 19 500 1000 0.95 1 0.4 1 0.8
0.5210737651214 3.12597233071535 "experimento_19" 19 500 1000 0.95 1 0.4 1 0.8
1.04867015266791 0.97079162805544 "experimento_19" 19 500 1000 0.95 1 0.4 1 0.8
0.996961196418852 0.97395767436779 "experimento_19" 19 500 1000 0.95 1 0.4 1 0.8
0.998427084181458 1.21543765789145 "experimento_19" 19 500 1000 0.95 1 0.4 1 0.8
0.989615521859378 1.06610711185573 "experimento_19" 19 500 1000 0.95 1 0.4 1 0.8
0.990712953032926 0.793680236253529 "experimento_19" 19 500 1000 0.95 1 0.4 1 0.8
0.998317363206297 0.68650392859317 "experimento_19" 19 500 1000 0.95 1 0.4 1 0.8
0.508003368740901 2.8607451634851 "experimento_19" 19 500 1000 0.95 1 0.4 1 0.8
0.489818016299978 2.75088000201355 "experimento_19" 19 500 1000 0.95 1 0.4 1 0.8
1.31053752684966 1.39818392072411 "experimento_19" 19 500 1000 0.95 1 0.4 1 0.8
1.11185949668288 0.987380695870624 "experimento_19" 19 500 1000 0.95 1 0.4 1 0.8
0.997448206879199 0.997146533955316 "experimento_19" 19 500 1000 0.95 1 0.4 1 0.8
0.997090685646981 1.02752994405005 "experimento_19" 19 500 1000 0.95 1 0.4 1 0.8
1.23842455027625 0.830315909067516 "experimento_19" 19 500 1000 0.95 1 0.4 1 0.8
0.988053012639284 1.18028717453152 "experimento_19" 19 500 1000 0.95 1 0.4 1 0.8
0.992126702563837 1.00440460076711 "experimento_19" 19 500 1000 0.95 1 0.4 1 0.8
0.989712446229532 1.28801565056149 "experimento_19" 19 500 1000 0.95 1 0.4 1 0.8
1.00380291650072 0.874387572280778 "experimento_19" 19 500 1000 0.95 1 0.4 1 0.8
0.990583484992385 1.00089930422267 "experimento_19" 19 500 1000 0.95 1 0.4 1 0.8
0.508073765551671 3.24971663424136 "experimento_19" 19 500 1000 0.95 1 0.4 1 0.8
0.505162990652025 3.06996491972443 "experimento_19" 19 500 1000 0.95 1 0.4 1 0.8
1.01002261675179 0.856897232242041 "experimento_19" 19 500 1000 0.95 1 0.4 1 0.8
0.547176220919937 3.36972156563982 "experimento_19" 19 500 1000 0.95 1 0.4 1 0.8
0.53303016256541 3.10211650782366 "experimento_19" 19 500 1000 0.95 1 0.4 1 0.8
0.997627358417958 0.993174976169678 "experimento_19" 19 500 1000 0.95 1 0.4 1 0.8
0.514178893296048 2.9317075010776 "experimento_19" 19 500 1000 0.95 1 0.4 1 0.8
0.99628021591343 0.964004607712429 "experimento_19" 19 500 1000 0.95 1 0.4 1 0.8
0.986457210499793 0.89105585153593 "experimento_19" 19 500 1000 0.95 1 0.4 1 0.8
1.08831912977621 1.63738287196602 "experimento_19" 19 500 1000 0.95 1 0.4 1 0.8
0.503574380651116 2.77300005068569 "experimento_19" 19 500 1000 0.95 1 0.4 1 0.8
0.992709106300026 1.08011126522144 "experimento_19" 19 500 1000 0.95 1 0.4 1 0.8
1.01048443838954 1.09911930922799 "experimento_19" 19 500 1000 0.95 1 0.4 1 0.8
0.997115415753797 0.940150620565202 "experimento_19" 19 500 1000 0.95 1 0.4 1 0.8
0.547356775263324 2.99622092362728 "experimento_19" 19 500 1000 0.95 1 0.4 1 0.8
1.09617613814771 1.10253824123795 "experimento_19" 19 500 1000 0.95 1 0.4 1 0.8
0.510467520449311 2.75502682828232 "experimento_19" 19 500 1000 0.95 1 0.4 1 0.8
0.997188490349799 1.1720273354434 "experimento_19" 19 500 1000 0.95 1 0.4 1 0.8
0.986048439284787 1.18446156028311 "experimento_19" 19 500 1000 0.95 1 0.4 1 0.8
0.99577957787551 1.4291450440243 "experimento_19" 19 500 1000 0.95 1 0.4 1 0.8
0.502067105378956 2.43186179143195 "experimento_19" 19 500 1000 0.95 1 0.4 1 0.8
1.00394030753523 0.797313794036548 "experimento_19" 19 500 1000 0.95 1 0.4 1 0.8
0.498038467485458 3.00706855663836 "experimento_19" 19 500 1000 0.95 1 0.4 1 0.8
0.996168717276305 0.943406327445002 "experimento_19" 19 500 1000 0.95 1 0.4 1 0.8
0.511019768659025 3.21554846101105 "experimento_19" 19 500 1000 0.95 1 0.4 1 0.8
0.99823764921166 1.53408758929826 "experimento_19" 19 500 1000 0.95 1 0.4 1 0.8
0.551214562030509 3.20410376232151 "experimento_19" 19 500 1000 0.95 1 0.4 1 0.8
0.999070447636768 1.07617451076227 "experimento_19" 19 500 1000 0.95 1 0.4 1 0.8
0.987073875730857 1.13114805127471 "experimento_19" 19 500 1000 0.95 1 0.4 1 0.8
0.548725234344602 2.88499441868909 "experimento_19" 19 500 1000 0.95 1 0.4 1 0.8
0.526245725341141 2.8351777907383 "experimento_19" 19 500 1000 0.95 1 0.4 1 0.8
0.994983942946419 1.07880235406458 "experimento_19" 19 500 1000 0.95 1 0.4 1 0.8
1.40058152098209 0.811048009250711 "experimento_19" 19 500 1000 0.95 1 0.4 1 0.8
0.984324989374727 1.27594200904924 "experimento_19" 19 500 1000 0.95 1 0.4 1 0.8
0.999010463943705 1.08483680238909 "experimento_19" 19 500 1000 0.95 1 0.4 1 0.8
0.993969939649105 1.01829531915386 "experimento_19" 19 500 1000 0.95 1 0.4 1 0.8
0.998878572601825 0.990734195316734 "experimento_19" 19 500 1000 0.95 1 0.4 1 0.8
0.995097641600296 1.25877055373678 "experimento_19" 19 500 1000 0.95 1 0.4 1 0.8
1.10742340609431 1.07090553029589 "experimento_19" 19 500 1000 0.95 1 0.4 1 0.8
0.999425115529448 0.920944764080962 "experimento_19" 19 500 1000 0.95 1 0.4 1 0.8
0.995437083765864 1.1325748022466 "experimento_19" 19 500 1000 0.95 1 0.4 1 0.8
1.14980350365503 0.875541765499796 "experimento_19" 19 500 1000 0.95 1 0.4 1 0.8
1.02158874180168 0.966670053219531 "experimento_19" 19 500 1000 0.95 1 0.4 1 0.8
0.997342163696885 0.803826385683779 "experimento_19" 19 500 1000 0.95 1 0.4 1 0.8
0.987031287979335 1.1295559849151 "experimento_19" 19 500 1000 0.95 1 0.4 1 0.8
0.99895215802826 1.11985745843719 "experimento_19" 19 500 1000 0.95 1 0.4 1 0.8
0.996620373334736 1.1242040050345 "experimento_19" 19 500 1000 0.95 1 0.4 1 0.8
0.527322205482051 2.85987819317173 "experimento_19" 19 500 1000 0.95 1 0.4 1 0.8
0.994088652543724 1.06995377035477 "experimento_19" 19 500 1000 0.95 1 0.4 1 0.8
0.533647205680609 2.73501843282633 "experimento_19" 19 500 1000 0.95 1 0.4 1 0.8
0.994280783459544 1.08633728974933 "experimento_19" 19 500 1000 0.95 1 0.4 1 0.8
0.51954668876715 2.97331928458081 "experimento_19" 19 500 1000 0.95 1 0.4 1 0.8
0.993630468379706 1.17704619629225 "experimento_19" 19 500 1000 0.95 1 0.4 1 0.8
1.03043337496503 0.685473352193293 "experimento_19" 19 500 1000 0.95 1 0.4 1 0.8
1.3106193956919 0.587560349952623 "experimento_19" 19 500 1000 0.95 1 0.4 1 0.8
0.999119236832485 1.2134209944372 "experimento_19" 19 500 1000 0.95 1 0.4 1 0.8
0.501234516035765 3.06692780754102 "experimento_19" 19 500 1000 0.95 1 0.4 1 0.8
0.512002017116174 2.79906631540397 "experimento_19" 19 500 1000 0.95 1 0.4 1 0.8
0.533205334795639 2.74511851968279 "experimento_19" 19 500 1000 0.95 1 0.4 1 0.8
0.982449685689062 1.36905096334912 "experimento_19" 19 500 1000 0.95 1 0.4 1 0.8
0.997516972012818 1.03782347914046 "experimento_19" 19 500 1000 0.95 1 0.4 1 0.8
0.999174387427047 1.33157516545683 "experimento_19" 19 500 1000 0.95 1 0.4 1 0.8
0.505079785594717 2.55064758996891 "experimento_19" 19 500 1000 0.95 1 0.4 1 0.8
0.999025979777798 0.965827736660577 "experimento_19" 19 500 1000 0.95 1 0.4 1 0.8
0.526870141038671 3.10394699838575 "experimento_19" 19 500 1000 0.95 1 0.4 1 0.8
0.549625951331109 3.05522714105645 "experimento_19" 19 500 1000 0.95 1 0.4 1 0.8
0.995690536918119 0.839354887291487 "experimento_19" 19 500 1000 0.95 1 0.4 1 0.8
0.559162654913962 2.99825266780691 "experimento_19" 19 500 1000 0.95 1 0.4 1 0.8
0.995397722814232 1.36025786243775 "experimento_19" 19 500 1000 0.95 1 0.4 1 0.8
0.976394623750821 0.945757334550635 "experimento_19" 19 500 1000 0.95 1 0.4 1 0.8
0.536012093070894 3.12403557529585 "experimento_19" 19 500 1000 0.95 1 0.4 1 0.8
0.995632402133197 0.964840730115993 "experimento_19" 19 500 1000 0.95 1 0.4 1 0.8
0.526143443072215 2.96202047285131 "experimento_19" 19 500 1000 0.95 1 0.4 1 0.8
0.992016343167052 1.12845652440062 "experimento_19" 19 500 1000 0.95 1 0.4 1 0.8
0.992234256118536 1.28318290909773 "experimento_19" 19 500 1000 0.95 1 0.4 1 0.8
0.997216486139223 1.07265169912901 "experimento_19" 19 500 1000 0.95 1 0.4 1 0.8
1.19315765332431 0.850409864518419 "experimento_19" 19 500 1000 0.95 1 0.4 1 0.8
1.00820855316993 1.05280321737095 "experimento_19" 19 500 1000 0.95 1 0.4 1 0.8
1.00397495467083 0.817893360756482 "experimento_19" 19 500 1000 0.95 1 0.4 1 0.8
0.545081289019436 3.02651712055156 "experimento_19" 19 500 1000 0.95 1 0.4 1 0.8
0.532275355421007 3.17673640282461 "experimento_19" 19 500 1000 0.95 1 0.4 1 0.8
0.543831031536683 2.94797903504282 "experimento_19" 19 500 1000 0.95 1 0.4 1 0.8
0.529537278227508 3.24886810887241 "experimento_19" 19 500 1000 0.95 1 0.4 1 0.8
0.504551062826067 2.97101733314309 "experimento_19" 19 500 1000 0.95 1 0.4 1 0.8
1.10137637131254 2.23349459921553 "experimento_19" 19 500 1000 0.95 1 0.4 1 0.8
0.996507307281718 0.913550943394105 "experimento_19" 19 500 1000 0.95 1 0.4 1 0.8
1.00647747179922 1.20481855319516 "experimento_19" 19 500 1000 0.95 1 0.4 1 0.8
0.995711578987539 1.20060498080274 "experimento_19" 19 500 1000 0.95 1 0.4 1 0.8
0.998586311703548 1.34944883263079 "experimento_19" 19 500 1000 0.95 1 0.4 1 0.8
1.01485572386128 0.815641470108368 "experimento_19" 19 500 1000 0.95 1 0.4 1 0.8
0.994659263873473 1.27075559823556 "experimento_19" 19 500 1000 0.95 1 0.4 1 0.8
0.553893367759883 3.25123869925774 "experimento_19" 19 500 1000 0.95 1 0.4 1 0.8
1.0183047959581 1.04389680498025 "experimento_19" 19 500 1000 0.95 1 0.4 1 0.8
0.479138508904725 2.55586558460341 "experimento_19" 19 500 1000 0.95 1 0.4 1 0.8
0.999326986027882 1.0985879115141 "experimento_19" 19 500 1000 0.95 1 0.4 1 0.8
0.99994007544592 1.25024115122689 "experimento_19" 19 500 1000 0.95 1 0.4 1 0.8
0.996782400645316 0.734846883716282 "experimento_19" 19 500 1000 0.95 1 0.4 1 0.8
1.00876115169376 0.835407983502414 "experimento_19" 19 500 1000 0.95 1 0.4 1 0.8
0.998252117307857 1.21120915816174 "experimento_19" 19 500 1000 0.95 1 0.4 1 0.8
1.02584630631499 1.25059111129463 "experimento_19" 19 500 1000 0.95 1 0.4 1 0.8
1.00013888548143 1.4151196045112 "experimento_19" 19 500 1000 0.95 1 0.4 1 0.8
0.537010972155258 2.89383782870389 "experimento_19" 19 500 1000 0.95 1 0.4 1 0.8
0.997354036895558 0.979255865183465 "experimento_19" 19 500 1000 0.95 1 0.4 1 0.8
0.998856330290437 1.33334701720522 "experimento_19" 19 500 1000 0.95 1 0.4 1 0.8
0.990023948717862 1.05474093311763 "experimento_19" 19 500 1000 0.95 1 0.4 1 0.8
1.01739757202561 1.14531427349942 "experimento_19" 19 500 1000 0.95 1 0.4 1 0.8
0.519254684215412 3.20361548787125 "experimento_19" 19 500 1000 0.95 1 0.4 1 0.8
0.491982049774379 2.90313366394383 "experimento_19" 19 500 1000 0.95 1 0.4 1 0.8
0.536121307406574 3.24905406149529 "experimento_19" 19 500 1000 0.95 1 0.4 1 0.8
0.521916770143434 2.90184943086092 "experimento_19" 19 500 1000 0.95 1 0.4 1 0.8
1.02471397084489 1.42748189545136 "experimento_19" 19 500 1000 0.95 1 0.4 1 0.8
0.519332217751071 3.04770585000485 "experimento_19" 19 500 1000 0.95 1 0.4 1 0.8
0.996940863085911 1.30097160992443 "experimento_19" 19 500 1000 0.95 1 0.4 1 0.8
0.556034059030935 2.90857566437645 "experimento_19" 19 500 1000 0.95 1 0.4 1 0.8
0.527043665526435 3.00351812351133 "experimento_19" 19 500 1000 0.95 1 0.4 1 0.8
0.547595021082088 2.97204334078993 "experimento_19" 19 500 1000 0.95 1 0.4 1 0.8
0.998811170225963 1.21898377166901 "experimento_19" 19 500 1000 0.95 1 0.4 1 0.8
0.514266098383814 3.33409829651449 "experimento_19" 19 500 1000 0.95 1 0.4 1 0.8
1.01145231677219 0.885275172190084 "experimento_19" 19 500 1000 0.95 1 0.4 1 0.8
0.997186871478334 1.15501043889122 "experimento_19" 19 500 1000 0.95 1 0.4 1 0.8
0.986809418536723 0.960606080265253 "experimento_19" 19 500 1000 0.95 1 0.4 1 0.8
0.997697283513844 1.01549516727505 "experimento_19" 19 500 1000 0.95 1 0.4 1 0.8
0.997516201809049 1.27289452038987 "experimento_19" 19 500 1000 0.95 1 0.4 1 0.8
0.507701801834628 2.87815702623706 "experimento_19" 19 500 1000 0.95 1 0.4 1 0.8
0.996352554298937 1.16803801882441 "experimento_19" 19 500 1000 0.95 1 0.4 1 0.8
0.980840794742107 1.2716410638887 "experimento_19" 19 500 1000 0.95 1 0.4 1 0.8
0.996512059587985 1.2439353765841 "experimento_19" 19 500 1000 0.95 1 0.4 1 0.8
0.995648338226601 1.28687385710197 "experimento_19" 19 500 1000 0.95 1 0.4 1 0.8
0.998081208672374 0.92665605907938 "experimento_19" 19 500 1000 0.95 1 0.4 1 0.8
0.999535265611485 0.835161969450938 "experimento_19" 19 500 1000 0.95 1 0.4 1 0.8
1.07894252054393 1.00191495491919 "experimento_19" 19 500 1000 0.95 1 0.4 1 0.8
0.9954073515255 1.34380737232308 "experimento_19" 19 500 1000 0.95 1 0.4 1 0.8
0.992221442051232 0.919338818202398 "experimento_19" 19 500 1000 0.95 1 0.4 1 0.8
0.994141541421413 0.698555683042213 "experimento_19" 19 500 1000 0.95 1 0.4 1 0.8
2.00818696707011 1.08411141435152 "experimento_19" 19 500 1000 0.95 1 0.4 1 0.8
0.996909665875137 1.1421215074549 "experimento_19" 19 500 1000 0.95 1 0.4 1 0.8
0.994663270423189 0.913690309576347 "experimento_19" 19 500 1000 0.95 1 0.4 1 0.8
0.996882209554315 1.20785717275785 "experimento_19" 19 500 1000 0.95 1 0.4 1 0.8
0.520817060954869 3.19836060294756 "experimento_19" 19 500 1000 0.95 1 0.4 1 0.8
0.997945443028584 0.918890939582139 "experimento_19" 19 500 1000 0.95 1 0.4 1 0.8
0.519322409993038 3.03206158366329 "experimento_19" 19 500 1000 0.95 1 0.4 1 0.8
0.46797321876511 2.79554835228982 "experimento_19" 19 500 1000 0.95 1 0.4 1 0.8
0.509059741627425 2.92296776841808 "experimento_19" 19 500 1000 0.95 1 0.4 1 0.8
0.505301043624058 2.88290839148804 "experimento_19" 19 500 1000 0.95 1 0.4 1 0.8
0.999326393706724 1.09338680163912 "experimento_19" 19 500 1000 0.95 1 0.4 1 0.8
0.49123998475261 2.91058333312817 "experimento_19" 19 500 1000 0.95 1 0.4 1 0.8
0.990010414272547 1.00913318857769 "experimento_19" 19 500 1000 0.95 1 0.4 1 0.8
0.487029033945873 3.04556966727452 "experimento_19" 19 500 1000 0.95 1 0.4 1 0.8
0.996520808199421 1.03574865308735 "experimento_19" 19 500 1000 0.95 1 0.4 1 0.8
0.508053588448092 3.1090514610565 "experimento_19" 19 500 1000 0.95 1 0.4 1 0.8
0.523538845125586 2.8637533774708 "experimento_19" 19 500 1000 0.95 1 0.4 1 0.8
0.988512969342992 1.45039784259618 "experimento_19" 19 500 1000 0.95 1 0.4 1 0.8
0.995330959791318 1.09508746992044 "experimento_19" 19 500 1000 0.95 1 0.4 1 0.8
0.998185156378895 1.11390958411849 "experimento_19" 19 500 1000 0.95 1 0.4 1 0.8
0.502833349397406 2.84854529305897 "experimento_19" 19 500 1000 0.95 1 0.4 1 0.8
0.494659748161212 2.82029034195179 "experimento_19" 19 500 1000 0.95 1 0.4 1 0.8
0.993460882687941 1.22550087486719 "experimento_19" 19 500 1000 0.95 1 0.4 1 0.8
1.00302198203281 1.36082228815995 "experimento_19" 19 500 1000 0.95 1 0.4 1 0.8
0.552172035444528 3.31322902760215 "experimento_19" 19 500 1000 0.95 1 0.4 1 0.8
0.527947493828833 3.05748855180492 "experimento_19" 19 500 1000 0.95 1 0.4 1 0.8
0.502572180470452 3.09600687801393 "experimento_19" 19 500 1000 0.95 1 0.4 1 0.8
0.556277591036633 3.30755235130083 "experimento_19" 19 500 1000 0.95 1 0.4 1 0.8
0.538349494105205 3.19973833406046 "experimento_19" 19 500 1000 0.95 1 0.4 1 0.8
0.525075967190787 2.93524797238893 "experimento_19" 19 500 1000 0.95 1 0.4 1 0.8
0.515034386189654 2.97275091549586 "experimento_19" 19 500 1000 0.95 1 0.4 1 0.8
0.99637326435186 1.0602466121408 "experimento_19" 19 500 1000 0.95 1 0.4 1 0.8
0.998683419311419 1.1306801763141 "experimento_19" 19 500 1000 0.95 1 0.4 1 0.8
0.996639827033505 1.45802676444729 "experimento_19" 19 500 1000 0.95 1 0.4 1 0.8
0.533024018164724 2.83098220337732 "experimento_19" 19 500 1000 0.95 1 0.4 1 0.8
0.505159253487363 3.08548169381412 "experimento_19" 19 500 1000 0.95 1 0.4 1 0.8
1.41329347853493 1.00509322786622 "experimento_19" 19 500 1000 0.95 1 0.4 1 0.8
0.526748990174383 2.84438358931751 "experimento_19" 19 500 1000 0.95 1 0.4 1 0.8
0.516488505993038 3.08544877255692 "experimento_19" 19 500 1000 0.95 1 0.4 1 0.8
1.00024633089071 1.15490705479768 "experimento_19" 19 500 1000 0.95 1 0.4 1 0.8
0.998415816808119 1.29329428268295 "experimento_19" 19 500 1000 0.95 1 0.4 1 0.8
0.484652926214039 2.77647614305923 "experimento_19" 19 500 1000 0.95 1 0.4 1 0.8
0.993767292471603 1.14878997312868 "experimento_19" 19 500 1000 0.95 1 0.4 1 0.8
1.0197067684494 1.04886631161106 "experimento_19" 19 500 1000 0.95 1 0.4 1 0.8
1.09208546439186 1.2336385389384 "experimento_19" 19 500 1000 0.95 1 0.4 1 0.8
0.503960343310609 2.92449965214895 "experimento_19" 19 500 1000 0.95 1 0.4 1 0.8
0.488449099240825 2.95944256247663 "experimento_19" 19 500 1000 0.95 1 0.4 1 0.8
1.02162734503324 0.781290762923198 "experimento_19" 19 500 1000 0.95 1 0.4 1 0.8
0.547750039026141 2.83335406106064 "experimento_19" 19 500 1000 0.95 1 0.4 1 0.8
0.541278070304543 3.00850950449936 "experimento_19" 19 500 1000 0.95 1 0.4 1 0.8
0.997143652522936 0.989926429080378 "experimento_19" 19 500 1000 0.95 1 0.4 1 0.8
0.990967760793865 0.907491477277941 "experimento_19" 19 500 1000 0.95 1 0.4 1 0.8
0.517142131691799 2.86874674423694 "experimento_19" 19 500 1000 0.95 1 0.4 1 0.8
1.35396444109704 1.2695683371762 "experimento_19" 19 500 1000 0.95 1 0.4 1 0.8
0.547491899225861 3.59211480084921 "experimento_19" 19 500 1000 0.95 1 0.4 1 0.8
0.983313231030479 0.846045388624232 "experimento_19" 19 500 1000 0.95 1 0.4 1 0.8
0.506082676816732 2.87375835059016 "experimento_19" 19 500 1000 0.95 1 0.4 1 0.8
0.989907041657716 0.899871562984139 "experimento_19" 19 500 1000 0.95 1 0.4 1 0.8
0.511426832992584 3.22805003042664 "experimento_19" 19 500 1000 0.95 1 0.4 1 0.8
1.04815959976986 0.953438407412464 "experimento_19" 19 500 1000 0.95 1 0.4 1 0.8
0.530835195444524 2.85698724404909 "experimento_19" 19 500 1000 0.95 1 0.4 1 0.8
0.998360925586894 0.928349091028316 "experimento_19" 19 500 1000 0.95 1 0.4 1 0.8
0.510644550202414 2.64797775306234 "experimento_19" 19 500 1000 0.95 1 0.4 1 0.8
0.998416213318706 1.37092823645965 "experimento_19" 19 500 1000 0.95 1 0.4 1 0.8
0.513842686545104 2.85965709746837 "experimento_19" 19 500 1000 0.95 1 0.4 1 0.8
0.995881173759699 1.24392655512235 "experimento_19" 19 500 1000 0.95 1 0.4 1 0.8
0.998795845080167 0.894041524492959 "experimento_19" 19 500 1000 0.95 1 0.4 1 0.8
0.530088624916971 2.9067620973969 "experimento_19" 19 500 1000 0.95 1 0.4 1 0.8
0.999981972388923 0.899808169741425 "experimento_19" 19 500 1000 0.95 1 0.4 1 0.8
0.480374371167272 3.1478378576391 "experimento_19" 19 500 1000 0.95 1 0.4 1 0.8
0.998453232459724 0.766848752593811 "experimento_19" 19 500 1000 0.95 1 0.4 1 0.8
0.995176266646013 1.46348209925344 "experimento_19" 19 500 1000 0.95 1 0.4 1 0.8
0.547381230862811 3.4501032469321 "experimento_19" 19 500 1000 0.95 1 0.4 1 0.8
1.03415363514796 0.808413324081164 "experimento_19" 19 500 1000 0.95 1 0.4 1 0.8
1.180298241321 0.84225563505061 "experimento_19" 19 500 1000 0.95 1 0.4 1 0.8
1.02884231555529 0.757784762040522 "experimento_19" 19 500 1000 0.95 1 0.4 1 0.8
0.99896700703539 1.12584095499398 "experimento_19" 19 500 1000 0.95 1 0.4 1 0.8
1.03182369532476 1.15919048416278 "experimento_19" 19 500 1000 0.95 1 0.4 1 0.8
0.996046045329422 1.15631206872209 "experimento_19" 19 500 1000 0.95 1 0.4 1 0.8
1.01245754562489 0.735346590227931 "experimento_19" 19 500 1000 0.95 1 0.4 1 0.8
0.50545074022375 3.03382130412859 "experimento_19" 19 500 1000 0.95 1 0.4 1 0.8
0.999559683026746 1.0911850544002 "experimento_19" 19 500 1000 0.95 1 0.4 1 0.8
1.011152531486 1.14459130435045 "experimento_19" 19 500 1000 0.95 1 0.4 1 0.8
0.532467511249706 2.97616175724754 "experimento_19" 19 500 1000 0.95 1 0.4 1 0.8
1.23016235651448 1.13278733748152 "experimento_19" 19 500 1000 0.95 1 0.4 1 0.8
0.559142612852156 2.8934690002761 "experimento_19" 19 500 1000 0.95 1 0.4 1 0.8
1.01324483738628 1.27409324060173 "experimento_19" 19 500 1000 0.95 1 0.4 1 0.8
0.995859766611829 0.816137671153563 "experimento_19" 19 500 1000 0.95 1 0.4 1 0.8
0.994261092273518 1.44095588570848 "experimento_19" 19 500 1000 0.95 1 0.4 1 0.8
0.527061339002103 3.19159854296564 "experimento_19" 19 500 1000 0.95 1 0.4 1 0.8
0.527572338003665 2.8834530130319 "experimento_19" 19 500 1000 0.95 1 0.4 1 0.8
0.996441637864336 0.807361656378275 "experimento_19" 19 500 1000 0.95 1 0.4 1 0.8
0.995021253824234 0.935770751926021 "experimento_19" 19 500 1000 0.95 1 0.4 1 0.8
0.998672810383141 1.43504583672992 "experimento_19" 19 500 1000 0.95 1 0.4 1 0.8
0.999439120758325 0.829382160547565 "experimento_19" 19 500 1000 0.95 1 0.4 1 0.8
0.546616233419627 3.07299793626092 "experimento_19" 19 500 1000 0.95 1 0.4 1 0.8
0.490308243082836 2.75027749731191 "experimento_19" 19 500 1000 0.95 1 0.4 1 0.8
0.511794265592471 3.35585009510136 "experimento_19" 19 500 1000 0.95 1 0.4 1 0.8
0.997510654386133 1.04931962937252 "experimento_19" 19 500 1000 0.95 1 0.4 1 0.8
0.522853514645249 3.06232459646088 "experimento_19" 19 500 1000 0.95 1 0.4 1 0.8
0.994801184162498 1.15753326937208 "experimento_19" 19 500 1000 0.95 1 0.4 1 0.8
1.05040100775659 0.870625371295702 "experimento_19" 19 500 1000 0.95 1 0.4 1 0.8
0.997722961241379 0.618394654629286 "experimento_19" 19 500 1000 0.95 1 0.4 1 0.8
0.574825035175309 3.12057429660545 "experimento_19" 19 500 1000 0.95 1 0.4 1 0.8
0.996996867936105 0.945056915159111 "experimento_19" 19 500 1000 0.95 1 0.4 1 0.8
0.998473856132478 1.21217757352243 "experimento_19" 19 500 1000 0.95 1 0.4 1 0.8
0.535627576056868 2.97229251711561 "experimento_19" 19 500 1000 0.95 1 0.4 1 0.8
0.995418659877032 0.962725344365801 "experimento_19" 19 500 1000 0.95 1 0.4 1 0.8
0.998582166386768 1.12217980167523 "experimento_19" 19 500 1000 0.95 1 0.4 1 0.8
0.999105697730556 1.16898382792909 "experimento_19" 19 500 1000 0.95 1 0.4 1 0.8
0.509032730245963 2.3950781261418 "experimento_19" 19 500 1000 0.95 1 0.4 1 0.8
1.03115373547314 0.747789114005124 "experimento_19" 19 500 1000 0.95 1 0.4 1 0.8
0.563556740991771 3.27773465537155 "experimento_19" 19 500 1000 0.95 1 0.4 1 0.8
0.995130004128441 1.04515205693033 "experimento_19" 19 500 1000 0.95 1 0.4 1 0.8
1.02120334468782 1.28274456012967 "experimento_19" 19 500 1000 0.95 1 0.4 1 0.8
0.525169614702463 2.55052443986961 "experimento_19" 19 500 1000 0.95 1 0.4 1 0.8
0.539775074925274 3.20505825612471 "experimento_19" 19 500 1000 0.95 1 0.4 1 0.8
0.993145058397204 1.13455471476167 "experimento_19" 19 500 1000 0.95 1 0.4 1 0.8
0.995914720231667 1.33947503964711 "experimento_19" 19 500 1000 0.95 1 0.4 1 0.8
1.01052737561986 1.11282825266786 "experimento_19" 19 500 1000 0.95 1 0.4 1 0.8
0.511073249159381 3.12574286394949 "experimento_19" 19 500 1000 0.95 1 0.4 1 0.8
1.14071251108171 0.689212512832681 "experimento_19" 19 500 1000 0.95 1 0.4 1 0.8
0.996978430310264 1.49352480086094 "experimento_19" 19 500 1000 0.95 1 0.4 1 0.8
0.998545165872201 1.69837574899553 "experimento_19" 19 500 1000 0.95 1 0.4 1 0.8
0.995067015523091 1.08089736481399 "experimento_19" 19 500 1000 0.95 1 0.4 1 0.8
0.992032399401069 1.21225640709496 "experimento_19" 19 500 1000 0.95 1 0.4 1 0.8
0.997758862795308 0.955258357177128 "experimento_19" 19 500 1000 0.95 1 0.4 1 0.8
0.532637475989759 3.05604116991151 "experimento_19" 19 500 1000 0.95 1 0.4 1 0.8
0.522673659026623 2.83990482081118 "experimento_19" 19 500 1000 0.95 1 0.4 1 0.8
0.530289120739326 2.8462785834295 "experimento_19" 19 500 1000 0.95 1 0.4 1 0.8
0.473107040626928 2.68657839712028 "experimento_19" 19 500 1000 0.95 1 0.4 1 0.8
1.06780691398691 1.06461617429982 "experimento_19" 19 500 1000 0.95 1 0.4 1 0.8
0.463226061081514 2.95143601557443 "experimento_19" 19 500 1000 0.95 1 0.4 1 0.8
0.527797870105132 2.61298905147665 "experimento_19" 19 500 1000 0.95 1 0.4 1 0.8
1.02999415062368 1.04800113767341 "experimento_19" 19 500 1000 0.95 1 0.4 1 0.8
0.509254787350073 2.8971989421679 "experimento_19" 19 500 1000 0.95 1 0.4 1 0.8
0.555863130139187 3.06761930287206 "experimento_19" 19 500 1000 0.95 1 0.4 1 0.8
0.996656876057386 1.12301434372528 "experimento_19" 19 500 1000 0.95 1 0.4 1 0.8
0.536521321628243 3.40851904556402 "experimento_19" 19 500 1000 0.95 1 0.4 1 0.8
0.998404580168426 1.37854876954776 "experimento_19" 19 500 1000 0.95 1 0.4 1 0.8
0.523486191639677 2.77912503887731 "experimento_19" 19 500 1000 0.95 1 0.4 1 0.8
0.501992074074224 2.65329720139872 "experimento_19" 19 500 1000 0.95 1 0.4 1 0.8
0.556357828667387 3.24523935041654 "experimento_19" 19 500 1000 0.95 1 0.4 1 0.8
1.69047328270972 0.847960566055064 "experimento_19" 19 500 1000 0.95 1 0.4 1 0.8
0.992338692070916 1.15710078785493 "experimento_19" 19 500 1000 0.95 1 0.4 1 0.8
0.997701876331121 0.833487784720531 "experimento_19" 19 500 1000 0.95 1 0.4 1 0.8
0.557075813412666 2.78162424408928 "experimento_19" 19 500 1000 0.95 1 0.4 1 0.8
0.994400478200987 1.15483070545706 "experimento_19" 19 500 1000 0.95 1 0.4 1 0.8
0.999555858783424 0.962768891034636 "experimento_19" 19 500 1000 0.95 1 0.4 1 0.8
0.999205170199275 1.84563660281867 "experimento_19" 19 500 1000 0.95 1 0.4 1 0.8
0.468372027855366 2.67044041963677 "experimento_19" 19 500 1000 0.95 1 0.4 1 0.8
0.999822601675987 1.10379167805095 "experimento_19" 19 500 1000 0.95 1 0.4 1 0.8
0.995388779789209 1.18309907843424 "experimento_19" 19 500 1000 0.95 1 0.4 1 0.8
0.567099687177688 2.93397350071321 "experimento_19" 19 500 1000 0.95 1 0.4 1 0.8
0.997913792962208 1.07229069891553 "experimento_19" 19 500 1000 0.95 1 0.4 1 0.8
1.05138379242271 1.03048023911746 "experimento_19" 19 500 1000 0.95 1 0.4 1 0.8
1.23177134199068 1.05378430946335 "experimento_19" 19 500 1000 0.95 1 0.4 1 0.8
0.995813214220107 0.873133573022204 "experimento_19" 19 500 1000 0.95 1 0.4 1 0.8
1.1303309649229 0.755667511147559 "experimento_19" 19 500 1000 0.95 1 0.4 1 0.8
0.560492784716189 3.04723483147944 "experimento_19" 19 500 1000 0.95 1 0.4 1 0.8
0.993354385253042 1.06756976191741 "experimento_19" 19 500 1000 0.95 1 0.4 1 0.8
1.003546037578 1.18591822473018 "experimento_19" 19 500 1000 0.95 1 0.4 1 0.8
0.998403098201379 0.893383443934141 "experimento_19" 19 500 1000 0.95 1 0.4 1 0.8
0.996593492804095 0.981590484674022 "experimento_19" 19 500 1000 0.95 1 0.4 1 0.8
0.494166856165975 2.93055977960059 "experimento_19" 19 500 1000 0.95 1 0.4 1 0.8
0.497093489160761 2.78803795467341 "experimento_19" 19 500 1000 0.95 1 0.4 1 0.8
0.993837843416259 0.861355612648881 "experimento_19" 19 500 1000 0.95 1 0.4 1 0.8
1.44018055383124 1.25237274174646 "experimento_19" 19 500 1000 0.95 1 0.4 1 0.8
0.490526963723823 2.56574401471823 "experimento_19" 19 500 1000 0.95 1 0.4 1 0.8
0.498637014068663 3.28441262898741 "experimento_19" 19 500 1000 0.95 1 0.4 1 0.8
0.999805628554896 0.906671355473501 "experimento_19" 19 500 1000 0.95 1 0.4 1 0.8
0.538204852957278 3.10739000491013 "experimento_19" 19 500 1000 0.95 1 0.4 1 0.8
0.562274442054331 3.4545716391616 "experimento_19" 19 500 1000 0.95 1 0.4 1 0.8
0.999646795215085 1.02473262317409 "experimento_19" 19 500 1000 0.95 1 0.4 1 0.8
0.997596302302554 1.0437092184919 "experimento_19" 19 500 1000 0.95 1 0.4 1 0.8
0.536526704439893 2.89963058597136 "experimento_19" 19 500 1000 0.95 1 0.4 1 0.8
1.09433948248625 0.905474844110963 "experimento_19" 19 500 1000 0.95 1 0.4 1 0.8
0.997126933652908 0.952024911493895 "experimento_19" 19 500 1000 0.95 1 0.4 1 0.8
1.54482520464808 1.33846281924962 "experimento_19" 19 500 1000 0.95 1 0.4 1 0.8
1.05151119176298 0.880543595616167 "experimento_19" 19 500 1000 0.95 1 0.4 1 0.8
0.987890498712659 1.04909918986026 "experimento_19" 19 500 1000 0.95 1 0.4 1 0.8
1.00737304240465 0.778419580670557 "experimento_19" 19 500 1000 0.95 1 0.4 1 0.8
0.534861530875787 2.83283351199368 "experimento_19" 19 500 1000 0.95 1 0.4 1 0.8
0.509185252245516 2.83036775582971 "experimento_19" 19 500 1000 0.95 1 0.4 1 0.8
1.0276549137622 1.02631100953717 "experimento_19" 19 500 1000 0.95 1 0.4 1 0.8
0.528099659364671 3.26712854482911 "experimento_19" 19 500 1000 0.95 1 0.4 1 0.8
0.998255451675504 1.26364655012761 "experimento_19" 19 500 1000 0.95 1 0.4 1 0.8
1.76569568082215 1.18227674640756 "experimento_19" 19 500 1000 0.95 1 0.4 1 0.8
0.523695490323007 2.71754303611869 "experimento_19" 19 500 1000 0.95 1 0.4 1 0.8
1.01007837380644 0.825166160832312 "experimento_19" 19 500 1000 0.95 1 0.4 1 0.8
0.52042935253121 3.08680075245266 "experimento_19" 19 500 1000 0.95 1 0.4 1 0.8
0.99413803848438 0.993526307886738 "experimento_19" 19 500 1000 0.95 1 0.4 1 0.8
0.996925038751215 0.872498561258509 "experimento_19" 19 500 1000 0.95 1 0.4 1 0.8
0.997517130803317 1.00942474580638 "experimento_19" 19 500 1000 0.95 1 0.4 1 0.8
0.989365805173293 1.01984209775554 "experimento_19" 19 500 1000 0.95 1 0.4 1 0.8
0.991173389367759 1.10446670384012 "experimento_19" 19 500 1000 0.95 1 0.4 1 0.8
0.529610382858664 3.50450947359639 "experimento_19" 19 500 1000 0.95 1 0.4 1 0.8
0.502645788248628 2.80367380129978 "experimento_19" 19 500 1000 0.95 1 0.4 1 0.8
0.994946942897514 0.942588431412195 "experimento_19" 19 500 1000 0.95 1 0.4 1 0.8
0.997705038869753 1.18856179200286 "experimento_19" 19 500 1000 0.95 1 0.4 1 0.8
1.05731029924936 0.727515390735579 "experimento_19" 19 500 1000 0.95 1 0.4 1 0.8
0.998434877954423 0.886594115208488 "experimento_19" 19 500 1000 0.95 1 0.4 1 0.8
0.996688597369939 1.01823519822823 "experimento_19" 19 500 1000 0.95 1 0.4 1 0.8
1.34055487485602 0.710274535729283 "experimento_19" 19 500 1000 0.95 1 0.4 1 0.8
0.996969556668773 1.3404522508064 "experimento_19" 19 500 1000 0.95 1 0.4 1 0.8
0.999714217381552 1.27735153081003 "experimento_19" 19 500 1000 0.95 1 0.4 1 0.8
0.998941488331184 1.01878514515536 "experimento_19" 19 500 1000 0.95 1 0.4 1 0.8
0.506521647097543 2.78918459826896 "experimento_19" 19 500 1000 0.95 1 0.4 1 0.8
0.521255712024868 2.85283562166387 "experimento_19" 19 500 1000 0.95 1 0.4 1 0.8
0.997479519573972 1.00273677806237 "experimento_19" 19 500 1000 0.95 1 0.4 1 0.8
0.993534394307062 0.821392927909142 "experimento_19" 19 500 1000 0.95 1 0.4 1 0.8
0.998537719016895 1.10092852901074 "experimento_19" 19 500 1000 0.95 1 0.4 1 0.8
0.995800333330408 1.10666701038024 "experimento_19" 19 500 1000 0.95 1 0.4 1 0.8
0.988532269373536 0.916006312451504 "experimento_19" 19 500 1000 0.95 1 0.4 1 0.8
0.994954766938463 0.977396506515832 "experimento_19" 19 500 1000 0.95 1 0.4 1 0.8
0.511654870118946 2.90730714886704 "experimento_19" 19 500 1000 0.95 1 0.4 1 0.8
0.99708116077818 1.33502717601114 "experimento_19" 19 500 1000 0.95 1 0.4 1 0.8
0.509493427351117 3.02539424478811 "experimento_19" 19 500 1000 0.95 1 0.4 1 0.8
0.993302512448281 0.980290218939594 "experimento_19" 19 500 1000 0.95 1 0.4 1 0.8
0.997235037619248 0.968908041305695 "experimento_19" 19 500 1000 0.95 1 0.4 1 0.8
0.537003514356911 2.93005208896987 "experimento_19" 19 500 1000 0.95 1 0.4 1 0.8
1.00389387225732 0.72238214953964 "experimento_19" 19 500 1000 0.95 1 0.4 1 0.8
0.998199413530529 0.998282525555073 "experimento_19" 19 500 1000 0.95 1 0.4 1 0.8
0.509873463306576 2.77298908410051 "experimento_19" 19 500 1000 0.95 1 0.4 1 0.8
0.530570645350963 2.70601029030754 "experimento_19" 19 500 1000 0.95 1 0.4 1 0.8
0.537995451362804 3.11503204157991 "experimento_19" 19 500 1000 0.95 1 0.4 1 0.8
0.990111446473747 1.3439994614575 "experimento_19" 19 500 1000 0.95 1 0.4 1 0.8
0.988147351425141 1.10366031421058 "experimento_19" 19 500 1000 0.95 1 0.4 1 0.8
0.997465052874759 1.12728277634607 "experimento_19" 19 500 1000 0.95 1 0.4 1 0.8
0.993328680749983 1.03142678940077 "experimento_19" 19 500 1000 0.95 1 0.4 1 0.8
1.07553148099747 0.958442733224393 "experimento_19" 19 500 1000 0.95 1 0.4 1 0.8
0.485026961425319 2.81697148538244 "experimento_19" 19 500 1000 0.95 1 0.4 1 0.8
0.990750579163432 0.993258945424193 "experimento_19" 19 500 1000 0.95 1 0.4 1 0.8
0.991409951588139 1.03721465601301 "experimento_19" 19 500 1000 0.95 1 0.4 1 0.8
0.508119317470118 2.80913116567597 "experimento_19" 19 500 1000 0.95 1 0.4 1 0.8
0.509167447686195 2.95492262477691 "experimento_19" 19 500 1000 0.95 1 0.4 1 0.8
1.00197446392849 0.950384540996726 "experimento_19" 19 500 1000 0.95 1 0.4 1 0.8
0.542803582502529 2.9779480055192 "experimento_19" 19 500 1000 0.95 1 0.4 1 0.8
1.05089795731395 1.03251606581355 "experimento_19" 19 500 1000 0.95 1 0.4 1 0.8
0.988444956485182 1.00139723739079 "experimento_19" 19 500 1000 0.95 1 0.4 1 0.8
0.999772953102365 1.29866564083 "experimento_19" 19 500 1000 0.95 1 0.4 1 0.8
0.997711462667212 0.919088872543492 "experimento_19" 19 500 1000 0.95 1 0.4 1 0.8
1.06839440809563 1.08343572290422 "experimento_19" 19 500 1000 0.95 1 0.4 1 0.8
1.09310215167066 0.962643427106927 "experimento_19" 19 500 1000 0.95 1 0.4 1 0.8
0.996594498865306 1.48127431820821 "experimento_19" 19 500 1000 0.95 1 0.4 1 0.8
0.986164122354239 1.33111756593088 "experimento_19" 19 500 1000 0.95 1 0.4 1 0.8
0.99645135900937 0.967197975533936 "experimento_19" 19 500 1000 0.95 1 0.4 1 0.8
1.55928861489519 0.779889121997293 "experimento_19" 19 500 1000 0.95 1 0.4 1 0.8
1.1371012669816 0.996209894468551 "experimento_19" 19 500 1000 0.95 1 0.4 1 0.8
0.998979202471673 1.02408354598335 "experimento_19" 19 500 1000 0.95 1 0.4 1 0.8
0.492117218440399 2.72781359464973 "experimento_19" 19 500 1000 0.95 1 0.4 1 0.8
0.996413398068398 0.921066200770127 "experimento_19" 19 500 1000 0.95 1 0.4 1 0.8
0.519866133341566 2.98120193352831 "experimento_19" 19 500 1000 0.95 1 0.4 1 0.8
0.988693034974858 1.04465883258195 "experimento_19" 19 500 1000 0.95 1 0.4 1 0.8
0.995802146149799 1.0141315269692 "experimento_19" 19 500 1000 0.95 1 0.4 1 0.8
1.0883768547026 1.91559298535464 "experimento_19" 19 500 1000 0.95 1 0.4 1 0.8
1.18610980963502 0.763721691140513 "experimento_19" 19 500 1000 0.95 1 0.4 1 0.8
0.564886868698522 3.01169323166822 "experimento_19" 19 500 1000 0.95 1 0.4 1 0.8
0.991652692435309 0.885604932537631 "experimento_19" 19 500 1000 0.95 1 0.4 1 0.8
0.998327256878838 0.884320223211217 "experimento_19" 19 500 1000 0.95 1 0.4 1 0.8
0.554763892199844 3.31042599280285 "experimento_19" 19 500 1000 0.95 1 0.4 1 0.8
0.991806786973029 0.978507643858684 "experimento_19" 19 500 1000 0.95 1 0.4 1 0.8
0.520992709789425 2.55463003221863 "experimento_19" 19 500 1000 0.95 1 0.4 1 0.8
0.523955222219229 2.93964720092445 "experimento_19" 19 500 1000 0.95 1 0.4 1 0.8
0.991255607223138 1.2601076070795 "experimento_19" 19 500 1000 0.95 1 0.4 1 0.8
1.03112582652457 0.830522066098044 "experimento_19" 19 500 1000 0.95 1 0.4 1 0.8
0.992902556899935 1.16841709979236 "experimento_19" 19 500 1000 0.95 1 0.4 1 0.8
1.05260153675134 0.871953079512198 "experimento_19" 19 500 1000 0.95 1 0.4 1 0.8
0.539545683190227 2.93261016709099 "experimento_19" 19 500 1000 0.95 1 0.4 1 0.8
0.538060948252678 3.18945394270666 "experimento_19" 19 500 1000 0.95 1 0.4 1 0.8
0.53620745963417 3.28628763822131 "experimento_19" 19 500 1000 0.95 1 0.4 1 0.8
0.999487761873752 0.911680153444756 "experimento_19" 19 500 1000 0.95 1 0.4 1 0.8
0.508013142039999 2.83097615019885 "experimento_19" 19 500 1000 0.95 1 0.4 1 0.8
0.998372318223119 1.16748371477003 "experimento_19" 19 500 1000 0.95 1 0.4 1 0.8
0.99652906274423 1.07709236763013 "experimento_19" 19 500 1000 0.95 1 0.4 1 0.8
0.992805132176727 0.931808645696769 "experimento_19" 19 500 1000 0.95 1 0.4 1 0.8
0.515877252444625 3.06421786227507 "experimento_19" 19 500 1000 0.95 1 0.4 1 0.8
0.557174200424924 3.27286481365189 "experimento_19" 19 500 1000 0.95 1 0.4 1 0.8
0.995836482848972 1.1708674211265 "experimento_19" 19 500 1000 0.95 1 0.4 1 0.8
0.529528913553804 2.98037478157143 "experimento_19" 19 500 1000 0.95 1 0.4 1 0.8
1.07418294949457 0.937088765457539 "experimento_19" 19 500 1000 0.95 1 0.4 1 0.8
0.518697889987379 2.98318245689113 "experimento_19" 19 500 1000 0.95 1 0.4 1 0.8
0.495403681416065 3.12911098939356 "experimento_19" 19 500 1000 0.95 1 0.4 1 0.8
0.522273922339082 2.72306639414558 "experimento_19" 19 500 1000 0.95 1 0.4 1 0.8
0.541523927822709 3.13178586029817 "experimento_19" 19 500 1000 0.95 1 0.4 1 0.8
0.996425533434376 1.23604470707252 "experimento_19" 19 500 1000 0.95 1 0.4 1 0.8
0.996343424078077 1.05830001998625 "experimento_19" 19 500 1000 0.95 1 0.4 1 0.8
0.998360835248604 0.760579263358011 "experimento_19" 19 500 1000 0.95 1 0.4 1 0.8
1.09624073375016 0.819929696667535 "experimento_19" 19 500 1000 0.95 1 0.4 1 0.8
0.999449112452567 0.908381350551178 "experimento_19" 19 500 1000 0.95 1 0.4 1 0.8
0.995165616041049 1.03947726157651 "experimento_19" 19 500 1000 0.95 1 0.4 1 0.8
0.535518477903679 3.01644494240134 "experimento_19" 19 500 1000 0.95 1 0.4 1 0.8
0.997952972305939 0.86785867393176 "experimento_19" 19 500 1000 0.95 1 0.4 1 0.8
0.520264206221327 2.99733187497235 "experimento_19" 19 500 1000 0.95 1 0.4 1 0.8
1.39056114573032 0.70018999414288 "experimento_19" 19 500 1000 0.95 1 0.4 1 0.8
0.525428950088099 2.65540449722522 "experimento_19" 19 500 1000 0.95 1 0.4 1 0.8
0.545970024075359 3.17846677297331 "experimento_19" 19 500 1000 0.95 1 0.4 1 0.8
0.529713089345023 3.04996452287911 "experimento_19" 19 500 1000 0.95 1 0.4 1 0.8
0.990868700668216 1.27684602937723 "experimento_19" 19 500 1000 0.95 1 0.4 1 0.8
0.475018808385357 2.62905547487213 "experimento_19" 19 500 1000 0.95 1 0.4 1 0.8
0.512486986815929 2.85838274908856 "experimento_19" 19 500 1000 0.95 1 0.4 1 0.8
0.997402838431299 1.72495908070311 "experimento_19" 19 500 1000 0.95 1 0.4 1 0.8
0.990363874472678 1.27862798095226 "experimento_19" 19 500 1000 0.95 1 0.4 1 0.8
0.996119003277272 1.47006398789892 "experimento_19" 19 500 1000 0.95 1 0.4 1 0.8
1.03211972909048 1.4188744046886 "experimento_19" 19 500 1000 0.95 1 0.4 1 0.8
0.532873762538657 2.81632923192857 "experimento_19" 19 500 1000 0.95 1 0.4 1 0.8
1.06520802462028 0.862225778326292 "experimento_19" 19 500 1000 0.95 1 0.4 1 0.8
0.561524305958301 3.16400849980618 "experimento_19" 19 500 1000 0.95 1 0.4 1 0.8
0.982933432562277 1.18886041922312 "experimento_19" 19 500 1000 0.95 1 0.4 1 0.8
0.556023701094091 2.80422435310809 "experimento_19" 19 500 1000 0.95 1 0.4 1 0.8
0.9835200808011 1.09256731693234 "experimento_19" 19 500 1000 0.95 1 0.4 1 0.8
0.993037234526128 1.07400737077842 "experimento_19" 19 500 1000 0.95 1 0.4 1 0.8
0.997883911710232 1.35979981502537 "experimento_19" 19 500 1000 0.95 1 0.4 1 0.8
0.999569489154965 1.00810366128736 "experimento_19" 19 500 1000 0.95 1 0.4 1 0.8
1.05339764850214 0.956814478420559 "experimento_19" 19 500 1000 0.95 1 0.4 1 0.8
1.36303362622857 0.819086908611178 "experimento_19" 19 500 1000 0.95 1 0.4 1 0.8
0.995728768408298 0.927364388392569 "experimento_19" 19 500 1000 0.95 1 0.4 1 0.8
0.994309168541804 0.970025655850387 "experimento_19" 19 500 1000 0.95 1 0.4 1 0.8
1.085874913726 0.730812939317599 "experimento_19" 19 500 1000 0.95 1 0.4 1 0.8
0.997753662057221 1.02713587868401 "experimento_19" 19 500 1000 0.95 1 0.4 1 0.8
0.99890869576484 1.25772839190929 "experimento_19" 19 500 1000 0.95 1 0.4 1 0.8
0.998487013857812 1.14613742279609 "experimento_19" 19 500 1000 0.95 1 0.4 1 0.8
0.507805767934769 3.09988593077913 "experimento_19" 19 500 1000 0.95 1 0.4 1 0.8
0.480925101554021 2.7944250621439 "experimento_19" 19 500 1000 0.95 1 0.4 1 0.8
0.570140164112672 3.26740628380081 "experimento_19" 19 500 1000 0.95 1 0.4 1 0.8
1.0721298967146 1.12135878713576 "experimento_19" 19 500 1000 0.95 1 0.4 1 0.8
0.505371489329264 2.79893626588024 "experimento_19" 19 500 1000 0.95 1 0.4 1 0.8
0.999958108412102 0.936019694454398 "experimento_19" 19 500 1000 0.95 1 0.4 1 0.8
0.515261584660038 2.69626879462403 "experimento_19" 19 500 1000 0.95 1 0.4 1 0.8
0.476124747656286 3.01207873834315 "experimento_19" 19 500 1000 0.95 1 0.4 1 0.8
0.520439623855054 2.86891751537581 "experimento_19" 19 500 1000 0.95 1 0.4 1 0.8
0.990493301535025 1.23147914676008 "experimento_19" 19 500 1000 0.95 1 0.4 1 0.8
1.00422036130447 0.916153919330975 "experimento_19" 19 500 1000 0.95 1 0.4 1 0.8
0.989195849513635 1.18362141141236 "experimento_19" 19 500 1000 0.95 1 0.4 1 0.8
0.994226339505985 1.57480642449883 "experimento_19" 19 500 1000 0.95 1 0.4 1 0.8
0.992586210602894 0.989139861473785 "experimento_19" 19 500 1000 0.95 1 0.4 1 0.8
0.994700481882319 0.987362425816294 "experimento_19" 19 500 1000 0.95 1 0.4 1 0.8
0.998466002522036 1.02270417619915 "experimento_19" 19 500 1000 0.95 1 0.4 1 0.8
0.554452300770208 3.3263760625545 "experimento_19" 19 500 1000 0.95 1 0.4 1 0.8
0.507385649718344 2.8390173567674 "experimento_19" 19 500 1000 0.95 1 0.4 1 0.8
0.555819145869464 3.75381392278568 "experimento_19" 19 500 1000 0.95 1 0.4 1 0.8
0.535095376661047 3.35840103740812 "experimento_19" 19 500 1000 0.95 1 0.4 1 0.8
1.00350391399115 0.973600141842996 "experimento_19" 19 500 1000 0.95 1 0.4 1 0.8
0.540435768896714 3.00675499339426 "experimento_19" 19 500 1000 0.95 1 0.4 1 0.8
0.997993855038658 1.00257025044513 "experimento_19" 19 500 1000 0.95 1 0.4 1 0.8
0.998083664802834 0.829440666641084 "experimento_19" 19 500 1000 0.95 1 0.4 1 0.8
1.02748570645154 1.01634348057592 "experimento_19" 19 500 1000 0.95 1 0.4 1 0.8
0.999200436286628 0.817818760943325 "experimento_19" 19 500 1000 0.95 1 0.4 1 0.8
0.536553208716214 3.08315238506694 "experimento_19" 19 500 1000 0.95 1 0.4 1 0.8
0.50995116494596 2.93020783140412 "experimento_19" 19 500 1000 0.95 1 0.4 1 0.8
0.994204889750108 0.955013480477969 "experimento_19" 19 500 1000 0.95 1 0.4 1 0.8
0.997730780625716 1.28009152506134 "experimento_19" 19 500 1000 0.95 1 0.4 1 0.8
1.23746140161529 1.03515639618409 "experimento_19" 19 500 1000 0.95 1 0.4 1 0.8
0.54041197267361 3.68069472518294 "experimento_19" 19 500 1000 0.95 1 0.4 1 0.8
0.996372189605609 1.04634556309384 "experimento_19" 19 500 1000 0.95 1 0.4 1 0.8
1.01136722322553 0.732345646011359 "experimento_19" 19 500 1000 0.95 1 0.4 1 0.8
0.498785423580557 2.85918396534953 "experimento_19" 19 500 1000 0.95 1 0.4 1 0.8
0.566503421170637 3.0244896310769 "experimento_19" 19 500 1000 0.95 1 0.4 1 0.8
0.523038819199428 2.94690505511982 "experimento_19" 19 500 1000 0.95 1 0.4 1 0.8
0.509489019168541 2.82370064241728 "experimento_19" 19 500 1000 0.95 1 0.4 1 0.8
0.99561373074539 1.10752097624466 "experimento_19" 19 500 1000 0.95 1 0.4 1 0.8
0.999156621750444 1.047891054894 "experimento_19" 19 500 1000 0.95 1 0.4 1 0.8
0.520766841713339 2.47811002873829 "experimento_19" 19 500 1000 0.95 1 0.4 1 0.8
0.461326560471207 2.52250518954152 "experimento_19" 19 500 1000 0.95 1 0.4 1 0.8
0.998959643533453 1.25678414350592 "experimento_19" 19 500 1000 0.95 1 0.4 1 0.8
0.537911684485152 3.01127956315563 "experimento_19" 19 500 1000 0.95 1 0.4 1 0.8
0.541930848965421 3.15890272732238 "experimento_19" 19 500 1000 0.95 1 0.4 1 0.8
1.19087571226489 0.684033416875972 "experimento_19" 19 500 1000 0.95 1 0.4 1 0.8
0.997034376021475 1.19724054182863 "experimento_19" 19 500 1000 0.95 1 0.4 1 0.8
0.510690134949982 2.82951784489682 "experimento_19" 19 500 1000 0.95 1 0.4 1 0.8
0.527834683889523 3.12271905854081 "experimento_19" 19 500 1000 0.95 1 0.4 1 0.8
0.989111326402053 1.01265982568352 "experimento_19" 19 500 1000 0.95 1 0.4 1 0.8
0.997102398658171 0.911594547249207 "experimento_19" 19 500 1000 0.95 1 0.4 1 0.8
0.505645112600178 2.97388796679994 "experimento_19" 19 500 1000 0.95 1 0.4 1 0.8
1.54522900981829 1.60436767659374 "experimento_19" 19 500 1000 0.95 1 0.4 1 0.8
1.0036775986664 1.10276468774626 "experimento_19" 19 500 1000 0.95 1 0.4 1 0.8
0.498794250423089 2.66399946083652 "experimento_19" 19 500 1000 0.95 1 0.4 1 0.8
0.995381242129952 0.810906667056613 "experimento_19" 19 500 1000 0.95 1 0.4 1 0.8
0.540137958945706 3.15804885258355 "experimento_19" 19 500 1000 0.95 1 0.4 1 0.8
0.562067860271782 3.34729546820383 "experimento_19" 19 500 1000 0.95 1 0.4 1 0.8
0.999458441045135 1.17994847825495 "experimento_19" 19 500 1000 0.95 1 0.4 1 0.8
0.99413464195095 1.12736698248874 "experimento_19" 19 500 1000 0.95 1 0.4 1 0.8
0.509867754764855 2.5575816885159 "experimento_19" 19 500 1000 0.95 1 0.4 1 0.8
0.539816233329475 3.3293152479683 "experimento_19" 19 500 1000 0.95 1 0.4 1 0.8
0.997610935010016 1.26223479442991 "experimento_19" 19 500 1000 0.95 1 0.4 1 0.8
0.569120322354138 3.30339134797586 "experimento_19" 19 500 1000 0.95 1 0.4 1 0.8
1.0297544002533 1.60543673815969 "experimento_19" 19 500 1000 0.95 1 0.4 1 0.8
0.990863228915259 0.707140012365154 "experimento_19" 19 500 1000 0.95 1 0.4 1 0.8
0.971857282333076 0.950481317845346 "experimento_19" 19 500 1000 0.95 1 0.4 1 0.8
0.995206034975126 1.41737214126084 "experimento_19" 19 500 1000 0.95 1 0.4 1 0.8
0.996934520779178 1.12659968833082 "experimento_19" 19 500 1000 0.95 1 0.4 1 0.8
0.985312248114496 0.910938501104938 "experimento_19" 19 500 1000 0.95 1 0.4 1 0.8
0.532589620677754 3.47906339235051 "experimento_19" 19 500 1000 0.95 1 0.4 1 0.8
0.982817474287003 1.22436261921772 "experimento_19" 19 500 1000 0.95 1 0.4 1 0.8
0.999661524547264 1.01365740653591 "experimento_19" 19 500 1000 0.95 1 0.4 1 0.8
0.524370877072215 2.98519730318456 "experimento_19" 19 500 1000 0.95 1 0.4 1 0.8
0.532897690776736 2.62199083312313 "experimento_19" 19 500 1000 0.95 1 0.4 1 0.8
0.52494494873099 3.16566520391601 "experimento_19" 19 500 1000 0.95 1 0.4 1 0.8
1.63719170400873 0.60265279822812 "experimento_19" 19 500 1000 0.95 1 0.4 1 0.8
0.507387442747131 2.70251517510408 "experimento_19" 19 500 1000 0.95 1 0.4 1 0.8
0.99567435006611 1.38845100266723 "experimento_19" 19 500 1000 0.95 1 0.4 1 0.8
0.999172942014411 0.986288309102844 "experimento_19" 19 500 1000 0.95 1 0.4 1 0.8
0.510600850684568 2.73937159864753 "experimento_19" 19 500 1000 0.95 1 0.4 1 0.8
1.02651420187951 0.920319820443905 "experimento_19" 19 500 1000 0.95 1 0.4 1 0.8
1.03720373877941 0.841812089979034 "experimento_19" 19 500 1000 0.95 1 0.4 1 0.8
0.994467068230733 0.978148892799424 "experimento_19" 19 500 1000 0.95 1 0.4 1 0.8
1.06674097558274 0.925730858666604 "experimento_19" 19 500 1000 0.95 1 0.4 1 0.8
0.993831490166485 1.24902919591577 "experimento_19" 19 500 1000 0.95 1 0.4 1 0.8
0.504562041489407 2.6258594460351 "experimento_19" 19 500 1000 0.95 1 0.4 1 0.8
0.470727453473955 3.01093378413204 "experimento_19" 19 500 1000 0.95 1 0.4 1 0.8
0.543474674457684 3.53128801359582 "experimento_19" 19 500 1000 0.95 1 0.4 1 0.8
0.527238627895713 3.27391013952409 "experimento_19" 19 500 1000 0.95 1 0.4 1 0.8
0.993914630264044 1.16427428584221 "experimento_19" 19 500 1000 0.95 1 0.4 1 0.8
0.995022058021277 1.083434419664 "experimento_19" 19 500 1000 0.95 1 0.4 1 0.8
0.99758882727474 1.24691248134729 "experimento_19" 19 500 1000 0.95 1 0.4 1 0.8
0.511066596023738 3.0730412331307 "experimento_19" 19 500 1000 0.95 1 0.4 1 0.8
1.09987771614581 0.879609221575553 "experimento_19" 19 500 1000 0.95 1 0.4 1 0.8
0.52749692206271 3.28258810939078 "experimento_19" 19 500 1000 0.95 1 0.4 1 0.8
1.00373397860676 1.12832797609111 "experimento_19" 19 500 1000 0.95 1 0.4 1 0.8
0.998245012247935 1.20394982972268 "experimento_19" 19 500 1000 0.95 1 0.4 1 0.8
0.995456942822784 0.930626970100704 "experimento_19" 19 500 1000 0.95 1 0.4 1 0.8
0.99477058229968 1.11722672800379 "experimento_19" 19 500 1000 0.95 1 0.4 1 0.8
0.510484824655578 2.68533102520258 "experimento_19" 19 500 1000 0.95 1 0.4 1 0.8
0.994488183874637 0.908316004186436 "experimento_19" 19 500 1000 0.95 1 0.4 1 0.8
1.01661927994917 0.982936855531221 "experimento_19" 19 500 1000 0.95 1 0.4 1 0.8
0.517040902283043 3.08947066466831 "experimento_19" 19 500 1000 0.95 1 0.4 1 0.8
0.999267807230353 1.20965858518419 "experimento_19" 19 500 1000 0.95 1 0.4 1 0.8
0.992041917750612 0.884291639147321 "experimento_19" 19 500 1000 0.95 1 0.4 1 0.8
0.527837376343086 3.14945298230945 "experimento_19" 19 500 1000 0.95 1 0.4 1 0.8
1.0591354444623 0.961124038464446 "experimento_19" 19 500 1000 0.95 1 0.4 1 0.8
0.998521215282381 0.998939490125741 "experimento_19" 19 500 1000 0.95 1 0.4 1 0.8
0.999791588401422 0.833761896947468 "experimento_19" 19 500 1000 0.95 1 0.4 1 0.8
0.998806202085689 0.912596359780092 "experimento_19" 19 500 1000 0.95 1 0.4 1 0.8
0.998775867978111 1.05035429947813 "experimento_19" 19 500 1000 0.95 1 0.4 1 0.8
0.530088101048023 2.9972290318867 "experimento_19" 19 500 1000 0.95 1 0.4 1 0.8
0.545801970176399 2.87428459310109 "experimento_19" 19 500 1000 0.95 1 0.4 1 0.8
0.518876725342125 3.22440368776753 "experimento_19" 19 500 1000 0.95 1 0.4 1 0.8
0.998176623834297 0.910307526610369 "experimento_19" 19 500 1000 0.95 1 0.4 1 0.8
0.998794053914025 1.10652078756443 "experimento_19" 19 500 1000 0.95 1 0.4 1 0.8
0.483740884345025 3.19037377824152 "experimento_19" 19 500 1000 0.95 1 0.4 1 0.8
1.04159023007378 0.967062188926838 "experimento_19" 19 500 1000 0.95 1 0.4 1 0.8
1.33701377362013 0.685408863591309 "experimento_19" 19 500 1000 0.95 1 0.4 1 0.8
0.997332337778062 0.999656108033456 "experimento_19" 19 500 1000 0.95 1 0.4 1 0.8
1.14394584991392 0.901431471410276 "experimento_19" 19 500 1000 0.95 1 0.4 1 0.8
0.993281822185963 0.885256193743723 "experimento_19" 19 500 1000 0.95 1 0.4 1 0.8
1.06092693944857 1.44747700625079 "experimento_19" 19 500 1000 0.95 1 0.4 1 0.8
0.998980577336624 1.07511229828262 "experimento_19" 19 500 1000 0.95 1 0.4 1 0.8
0.993585299933329 0.948808608860343 "experimento_19" 19 500 1000 0.95 1 0.4 1 0.8
0.996705539291725 1.16076663555908 "experimento_19" 19 500 1000 0.95 1 0.4 1 0.8
0.516838563373312 2.6397071201186 "experimento_19" 19 500 1000 0.95 1 0.4 1 0.8
1.09801348704672 1.04766415489902 "experimento_19" 19 500 1000 0.95 1 0.4 1 0.8
0.99266671971418 1.1933607663398 "experimento_19" 19 500 1000 0.95 1 0.4 1 0.8
0.529427458532155 2.75947656004517 "experimento_19" 19 500 1000 0.95 1 0.4 1 0.8
1.01219845702872 1.06387670145322 "experimento_19" 19 500 1000 0.95 1 0.4 1 0.8
1.00148105684081 1.25757603951111 "experimento_19" 19 500 1000 0.95 1 0.4 1 0.8
0.993794807232916 1.13963835042677 "experimento_19" 19 500 1000 0.95 1 0.4 1 0.8
0.998940017307177 1.11742117909688 "experimento_19" 19 500 1000 0.95 1 0.4 1 0.8
0.509095307905227 2.93114776881756 "experimento_19" 19 500 1000 0.95 1 0.4 1 0.8
0.4366941137705 2.62014061431838 "experimento_19" 19 500 1000 0.95 1 0.4 1 0.8
0.9896248227451 1.25802796693169 "experimento_19" 19 500 1000 0.95 1 0.4 1 0.8
0.497685851762071 2.80883791072654 "experimento_19" 19 500 1000 0.95 1 0.4 1 0.8
1.14013483608142 0.809196075712596 "experimento_19" 19 500 1000 0.95 1 0.4 1 0.8
1.00412207888439 0.992088928977485 "experimento_19" 19 500 1000 0.95 1 0.4 1 0.8
0.995039524044842 1.07195781319951 "experimento_19" 19 500 1000 0.95 1 0.4 1 0.8
0.997409829869866 0.828509946028087 "experimento_19" 19 500 1000 0.95 1 0.4 1 0.8
1.0861695157364 0.841858735017198 "experimento_19" 19 500 1000 0.95 1 0.4 1 0.8
0.995242818258703 0.936317273344403 "experimento_19" 19 500 1000 0.95 1 0.4 1 0.8
0.526712513063103 2.96062405117545 "experimento_19" 19 500 1000 0.95 1 0.4 1 0.8
0.993548900121823 1.18188374765572 "experimento_19" 19 500 1000 0.95 1 0.4 1 0.8
1.06340490235016 1.04510239348178 "experimento_19" 19 500 1000 0.95 1 0.4 1 0.8
0.99255856545642 1.06796816108301 "experimento_19" 19 500 1000 0.95 1 0.4 1 0.8
0.999508846784011 1.02999687238445 "experimento_19" 19 500 1000 0.95 1 0.4 1 0.8
0.516717009013519 2.55234765458781 "experimento_19" 19 500 1000 0.95 1 0.4 1 0.8
0.987029135460034 0.999084456058894 "experimento_19" 19 500 1000 0.95 1 0.4 1 0.8
0.999776387354359 1.14128940637571 "experimento_19" 19 500 1000 0.95 1 0.4 1 0.8
0.530556488316506 2.89539202184257 "experimento_19" 19 500 1000 0.95 1 0.4 1 0.8
0.999888030346483 1.00318795900518 "experimento_19" 19 500 1000 0.95 1 0.4 1 0.8
0.573466224595904 2.59080757769643 "experimento_19" 19 500 1000 0.95 1 0.4 1 0.8
0.500615158118308 3.11202972955288 "experimento_19" 19 500 1000 0.95 1 0.4 1 0.8
0.489172718022019 2.73610416818763 "experimento_19" 19 500 1000 0.95 1 0.4 1 0.8
0.995055522071198 0.996280416545117 "experimento_19" 19 500 1000 0.95 1 0.4 1 0.8
0.501241403166205 2.84909450930816 "experimento_19" 19 500 1000 0.95 1 0.4 1 0.8
0.991022791014984 1.29047945765352 "experimento_19" 19 500 1000 0.95 1 0.4 1 0.8
0.996883769752458 1.096084543283 "experimento_19" 19 500 1000 0.95 1 0.4 1 0.8
0.998013322008774 1.11872089814625 "experimento_19" 19 500 1000 0.95 1 0.4 1 0.8
0.51863341848366 2.88834453340025 "experimento_19" 19 500 1000 0.95 1 0.4 1 0.8
0.99899571808055 0.937818113041841 "experimento_19" 19 500 1000 0.95 1 0.4 1 0.8
0.541863668477163 2.70215425481263 "experimento_19" 19 500 1000 0.95 1 0.4 1 0.8
0.997817453695461 1.05004499721221 "experimento_19" 19 500 1000 0.95 1 0.4 1 0.8
0.985112563474104 1.04989158657235 "experimento_19" 19 500 1000 0.95 1 0.4 1 0.8
0.997467730892822 0.996982333760557 "experimento_19" 19 500 1000 0.95 1 0.4 1 0.8
0.544559446163476 3.33936109631649 "experimento_19" 19 500 1000 0.95 1 0.4 1 0.8
0.520928449928761 2.81631214351168 "experimento_19" 19 500 1000 0.95 1 0.4 1 0.8
1.01098288176391 1.10747536528606 "experimento_19" 19 500 1000 0.95 1 0.4 1 0.8
0.556520554004237 3.52835741943674 "experimento_19" 19 500 1000 0.95 1 0.4 1 0.8
0.525117433862761 2.8760591092877 "experimento_19" 19 500 1000 0.95 1 0.4 1 0.8
0.513537840684876 3.44387842097896 "experimento_19" 19 500 1000 0.95 1 0.4 1 0.8
0.525943515822291 2.70645703469379 "experimento_19" 19 500 1000 0.95 1 0.4 1 0.8
0.996423802571371 0.829640815962259 "experimento_19" 19 500 1000 0.95 1 0.4 1 0.8
0.532722327392548 2.67698838041716 "experimento_19" 19 500 1000 0.95 1 0.4 1 0.8
0.995298846857622 0.982933168326382 "experimento_19" 19 500 1000 0.95 1 0.4 1 0.8
0.999414555029944 1.20042607001694 "experimento_19" 19 500 1000 0.95 1 0.4 1 0.8
0.990606898907572 0.79167377304235 "experimento_19" 19 500 1000 0.95 1 0.4 1 0.8
0.514150778762996 2.81958192071197 "experimento_19" 19 500 1000 0.95 1 0.4 1 0.8
0.993600675370544 1.0667208568531 "experimento_19" 19 500 1000 0.95 1 0.4 1 0.8
0.998971031745896 0.896982212596858 "experimento_19" 19 500 1000 0.95 1 0.4 1 0.8
0.541452148463577 3.32543703346883 "experimento_19" 19 500 1000 0.95 1 0.4 1 0.8
0.50697831925936 2.93315380747521 "experimento_19" 19 500 1000 0.95 1 0.4 1 0.8
0.48766934289597 2.72137157924053 "experimento_19" 19 500 1000 0.95 1 0.4 1 0.8
0.998575980309397 1.09891454763907 "experimento_19" 19 500 1000 0.95 1 0.4 1 0.8
0.996762919705361 1.54417639558054 "experimento_19" 19 500 1000 0.95 1 0.4 1 0.8
0.519526336807758 2.66330123246915 "experimento_19" 19 500 1000 0.95 1 0.4 1 0.8
0.987715258961543 1.34857682973909 "experimento_19" 19 500 1000 0.95 1 0.4 1 0.8
0.538050289498642 2.96235845966867 "experimento_19" 19 500 1000 0.95 1 0.4 1 0.8
1.27906537940726 1.2060810785962 "experimento_19" 19 500 1000 0.95 1 0.4 1 0.8
0.991830359678715 1.17412835413805 "experimento_19" 19 500 1000 0.95 1 0.4 1 0.8
0.529112529940903 3.07657519266706 "experimento_19" 19 500 1000 0.95 1 0.4 1 0.8
0.509533860953525 2.74851364129156 "experimento_19" 19 500 1000 0.95 1 0.4 1 0.8
0.999157579615712 0.845185473147136 "experimento_19" 19 500 1000 0.95 1 0.4 1 0.8
0.993739228695631 1.39355558790585 "experimento_19" 19 500 1000 0.95 1 0.4 1 0.8
0.505150701617822 2.72437741572316 "experimento_19" 19 500 1000 0.95 1 0.4 1 0.8
0.514350448502228 2.97760701095117 "experimento_19" 19 500 1000 0.95 1 0.4 1 0.8
1.65893176756799 1.78135329361744 "experimento_19" 19 500 1000 0.95 1 0.4 1 0.8
0.996210211189464 0.89709982955963 "experimento_19" 19 500 1000 0.95 1 0.4 1 0.8
0.998875741381198 1.15586041732661 "experimento_19" 19 500 1000 0.95 1 0.4 1 0.8
0.54308846197091 3.10985964024597 "experimento_19" 19 500 1000 0.95 1 0.4 1 0.8
0.497304067015648 2.75825461877197 "experimento_19" 19 500 1000 0.95 1 0.4 1 0.8
1.4599978486273 0.690904646774156 "experimento_19" 19 500 1000 0.95 1 0.4 1 0.8
0.50182641739957 3.06077984549734 "experimento_19" 19 500 1000 0.95 1 0.4 1 0.8
1.04211896420131 0.760783134650426 "experimento_19" 19 500 1000 0.95 1 0.4 1 0.8
1.05289447234069 0.888348459301462 "experimento_19" 19 500 1000 0.95 1 0.4 1 0.8
0.999645135598257 1.02309280408414 "experimento_19" 19 500 1000 0.95 1 0.4 1 0.8
0.99175503780134 0.843594698615356 "experimento_19" 19 500 1000 0.95 1 0.4 1 0.8
0.997895946726203 0.93501896615642 "experimento_19" 19 500 1000 0.95 1 0.4 1 0.8
0.992739791516215 0.957489065859665 "experimento_19" 19 500 1000 0.95 1 0.4 1 0.8
0.541752357967198 3.33854110158082 "experimento_19" 19 500 1000 0.95 1 0.4 1 0.8
1.02665283931081 0.967713641050192 "experimento_19" 19 500 1000 0.95 1 0.4 1 0.8
0.515667336294428 3.12423721859939 "experimento_19" 19 500 1000 0.95 1 0.4 1 0.8
0.999072092585266 0.886202011113432 "experimento_19" 19 500 1000 0.95 1 0.4 1 0.8
0.994564966065809 0.98078584567976 "experimento_19" 19 500 1000 0.95 1 0.4 1 0.8
0.998079426353797 1.35855025102248 "experimento_19" 19 500 1000 0.95 1 0.4 1 0.8
0.537978150183335 2.6851905070817 "experimento_19" 19 500 1000 0.95 1 0.4 1 0.8
0.502426464809105 2.97028766384043 "experimento_19" 19 500 1000 0.95 1 0.4 1 0.8
0.996647309279069 1.07659836883299 "experimento_19" 19 500 1000 0.95 1 0.4 1 0.8
0.996003079693764 1.15605400714868 "experimento_19" 19 500 1000 0.95 1 0.4 1 0.8
0.996445730095729 1.37291062426477 "experimento_19" 19 500 1000 0.95 1 0.4 1 0.8
0.546096599427983 3.21280812379047 "experimento_19" 19 500 1000 0.95 1 0.4 1 0.8
0.99954143492505 1.0685573117503 "experimento_19" 19 500 1000 0.95 1 0.4 1 0.8
1.02611384633929 0.872346307084703 "experimento_19" 19 500 1000 0.95 1 0.4 1 0.8
0.999080708017573 1.15264714065415 "experimento_19" 19 500 1000 0.95 1 0.4 1 0.8
0.500314514618367 2.81358556519339 "experimento_19" 19 500 1000 0.95 1 0.4 1 0.8
0.534457776462659 3.1344069907524 "experimento_19" 19 500 1000 0.95 1 0.4 1 0.8
1.02478738545409 1.03296400136985 "experimento_19" 19 500 1000 0.95 1 0.4 1 0.8
1.15491459120629 0.762870280247655 "experimento_19" 19 500 1000 0.95 1 0.4 1 0.8
0.997571252053604 1.01199236553964 "experimento_19" 19 500 1000 0.95 1 0.4 1 0.8
0.980313061503693 1.16814686501895 "experimento_19" 19 500 1000 0.95 1 0.4 1 0.8
0.998180174268782 1.13246028758521 "experimento_19" 19 500 1000 0.95 1 0.4 1 0.8
1.05269073182717 1.02074655771696 "experimento_19" 19 500 1000 0.95 1 0.4 1 0.8
0.999767862958834 1.11485736993804 "experimento_19" 19 500 1000 0.95 1 0.4 1 0.8
0.994885320775211 1.33456555240272 "experimento_19" 19 500 1000 0.95 1 0.4 1 0.8
0.997718280414119 1.09594747406193 "experimento_19" 19 500 1000 0.95 1 0.4 1 0.8
0.997946467716247 0.971560471128286 "experimento_19" 19 500 1000 0.95 1 0.4 1 0.8
0.481999026145786 2.68388277560088 "experimento_19" 19 500 1000 0.95 1 0.4 1 0.8
1.13067453633994 0.83342326921219 "experimento_19" 19 500 1000 0.95 1 0.4 1 0.8
0.507142448332161 2.90493187754649 "experimento_19" 19 500 1000 0.95 1 0.4 1 0.8
0.996119929011911 1.10518282676758 "experimento_19" 19 500 1000 0.95 1 0.4 1 0.8
0.50293804006651 3.02306507667067 "experimento_19" 19 500 1000 0.95 1 0.4 1 0.8
1.03916354151443 0.908222417864221 "experimento_19" 19 500 1000 0.95 1 0.4 1 0.8
0.525526631390676 2.79634825051646 "experimento_19" 19 500 1000 0.95 1 0.4 1 0.8
0.999902541516349 1.01738599552787 "experimento_19" 19 500 1000 0.95 1 0.4 1 0.8
0.994872951647267 1.47760290814131 "experimento_19" 19 500 1000 0.95 1 0.4 1 0.8
1.01500174403191 0.849002670434298 "experimento_19" 19 500 1000 0.95 1 0.4 1 0.8
0.503196410601959 2.99708841266039 "experimento_19" 19 500 1000 0.95 1 0.4 1 0.8
0.997721776133403 1.46211437614498 "experimento_19" 19 500 1000 0.95 1 0.4 1 0.8
0.541125904303044 3.48292284091363 "experimento_19" 19 500 1000 0.95 1 0.4 1 0.8
0.555046214489266 3.22679831832525 "experimento_19" 19 500 1000 0.95 1 0.4 1 0.8
1.04229654744039 0.907760475879772 "experimento_19" 19 500 1000 0.95 1 0.4 1 0.8
0.56188213895075 3.42994281187906 "experimento_19" 19 500 1000 0.95 1 0.4 1 0.8
0.993656380102038 1.28342865986353 "experimento_19" 19 500 1000 0.95 1 0.4 1 0.8
1.00536881294101 1.16632955825066 "experimento_19" 19 500 1000 0.95 1 0.4 1 0.8
1.44341445089729 1.21250906892872 "experimento_19" 19 500 1000 0.95 1 0.4 1 0.8
0.999476309167221 1.17026076424387 "experimento_19" 19 500 1000 0.95 1 0.4 1 0.8
0.997445047833025 1.52217670418423 "experimento_19" 19 500 1000 0.95 1 0.4 1 0.8
0.997840113937855 1.0034270940435 "experimento_19" 19 500 1000 0.95 1 0.4 1 0.8
1.02430825959261 0.900290945173437 "experimento_19" 19 500 1000 0.95 1 0.4 1 0.8
0.565079811261967 2.94649238112109 "experimento_19" 19 500 1000 0.95 1 0.4 1 0.8
0.997698454651982 0.894649907321801 "experimento_19" 19 500 1000 0.95 1 0.4 1 0.8
0.996185316704214 0.880214529436443 "experimento_19" 19 500 1000 0.95 1 0.4 1 0.8
0.9952345804777 1.07281189985719 "experimento_19" 19 500 1000 0.95 1 0.4 1 0.8
0.500611757393926 3.04092906161218 "experimento_19" 19 500 1000 0.95 1 0.4 1 0.8
0.561044291825965 3.6049842608938 "experimento_19" 19 500 1000 0.95 1 0.4 1 0.8
0.997265400597826 0.889830789205929 "experimento_19" 19 500 1000 0.95 1 0.4 1 0.8
0.997343501308933 1.24741672565479 "experimento_19" 19 500 1000 0.95 1 0.4 1 0.8
