"est.u" "est.lamb" "name" "seed" "size" "replicates" "p_umbral" "exp_lambda" "alpha_pen" "n_pen" "c"
0.996112850261852 1.27327968897184 "experimento_20" 20 1000 1000 0.95 1 0.4 1 0.8
0.99956742906943 0.927394475416835 "experimento_20" 20 1000 1000 0.95 1 0.4 1 0.8
1.14927636040375 0.912686264271724 "experimento_20" 20 1000 1000 0.95 1 0.4 1 0.8
0.99588687880896 0.935948766140276 "experimento_20" 20 1000 1000 0.95 1 0.4 1 0.8
0.996092314831913 0.69242029548833 "experimento_20" 20 1000 1000 0.95 1 0.4 1 0.8
0.99927507317625 1.23466545068986 "experimento_20" 20 1000 1000 0.95 1 0.4 1 0.8
1.00966413831338 0.90447676576493 "experimento_20" 20 1000 1000 0.95 1 0.4 1 0.8
0.998344857478514 1.02443478861282 "experimento_20" 20 1000 1000 0.95 1 0.4 1 0.8
0.991417854325846 1.22210522785645 "experimento_20" 20 1000 1000 0.95 1 0.4 1 0.8
1.38999018538743 1.04455946693532 "experimento_20" 20 1000 1000 0.95 1 0.4 1 0.8
0.997986095258966 1.03344094572578 "experimento_20" 20 1000 1000 0.95 1 0.4 1 0.8
0.999561575939879 0.963142064881759 "experimento_20" 20 1000 1000 0.95 1 0.4 1 0.8
0.989157218718901 1.21009298494984 "experimento_20" 20 1000 1000 0.95 1 0.4 1 0.8
0.995235289214179 0.96725833737349 "experimento_20" 20 1000 1000 0.95 1 0.4 1 0.8
0.998380562756211 0.957081150810494 "experimento_20" 20 1000 1000 0.95 1 0.4 1 0.8
0.997161378385499 1.08137789386064 "experimento_20" 20 1000 1000 0.95 1 0.4 1 0.8
1.00608069890525 1.0203944357944 "experimento_20" 20 1000 1000 0.95 1 0.4 1 0.8
0.99786553857848 1.11651742441286 "experimento_20" 20 1000 1000 0.95 1 0.4 1 0.8
1.22829347538195 1.41498975135531 "experimento_20" 20 1000 1000 0.95 1 0.4 1 0.8
0.995941735804081 1.04740873701439 "experimento_20" 20 1000 1000 0.95 1 0.4 1 0.8
0.998229709453881 1.21182445164501 "experimento_20" 20 1000 1000 0.95 1 0.4 1 0.8
0.995385804446414 0.931532622698243 "experimento_20" 20 1000 1000 0.95 1 0.4 1 0.8
1.00429041497409 0.753521555966875 "experimento_20" 20 1000 1000 0.95 1 0.4 1 0.8
1.08540708293706 1.0063652814895 "experimento_20" 20 1000 1000 0.95 1 0.4 1 0.8
1.28779238881543 0.850715975311759 "experimento_20" 20 1000 1000 0.95 1 0.4 1 0.8
1.33164928900078 1.31146577943278 "experimento_20" 20 1000 1000 0.95 1 0.4 1 0.8
1.08614714117721 1.10264267606904 "experimento_20" 20 1000 1000 0.95 1 0.4 1 0.8
0.998423710931093 0.961179082426043 "experimento_20" 20 1000 1000 0.95 1 0.4 1 0.8
0.995266898302361 1.09887428230882 "experimento_20" 20 1000 1000 0.95 1 0.4 1 0.8
0.993527362355962 1.12362930249283 "experimento_20" 20 1000 1000 0.95 1 0.4 1 0.8
0.998194133862853 0.973870706941775 "experimento_20" 20 1000 1000 0.95 1 0.4 1 0.8
1.04072609329875 0.967276104629703 "experimento_20" 20 1000 1000 0.95 1 0.4 1 0.8
0.996257228078321 1.04219353229696 "experimento_20" 20 1000 1000 0.95 1 0.4 1 0.8
0.999870947562158 1.01772059257976 "experimento_20" 20 1000 1000 0.95 1 0.4 1 0.8
0.495196864940226 2.68484638567722 "experimento_20" 20 1000 1000 0.95 1 0.4 1 0.8
0.998638840625063 1.38282014412468 "experimento_20" 20 1000 1000 0.95 1 0.4 1 0.8
0.994667391292751 1.16370784080404 "experimento_20" 20 1000 1000 0.95 1 0.4 1 0.8
0.564165853662416 2.95542906878694 "experimento_20" 20 1000 1000 0.95 1 0.4 1 0.8
1.4056889032945 0.900892647972936 "experimento_20" 20 1000 1000 0.95 1 0.4 1 0.8
0.994299663929269 1.02079306929897 "experimento_20" 20 1000 1000 0.95 1 0.4 1 0.8
0.997715293895453 1.17485832047845 "experimento_20" 20 1000 1000 0.95 1 0.4 1 0.8
1.00117691525981 0.754202855932489 "experimento_20" 20 1000 1000 0.95 1 0.4 1 0.8
1.00784235903154 1.1101453519686 "experimento_20" 20 1000 1000 0.95 1 0.4 1 0.8
1.01100864734629 0.907160381628685 "experimento_20" 20 1000 1000 0.95 1 0.4 1 0.8
0.997659689513966 1.12755303797512 "experimento_20" 20 1000 1000 0.95 1 0.4 1 0.8
1.03227620251798 1.31001599722786 "experimento_20" 20 1000 1000 0.95 1 0.4 1 0.8
0.997720248764381 1.07542606049906 "experimento_20" 20 1000 1000 0.95 1 0.4 1 0.8
0.999043031595647 1.0746582323271 "experimento_20" 20 1000 1000 0.95 1 0.4 1 0.8
0.994956911774352 1.43323987307907 "experimento_20" 20 1000 1000 0.95 1 0.4 1 0.8
0.549022226594388 3.13743605216185 "experimento_20" 20 1000 1000 0.95 1 0.4 1 0.8
0.998714728280902 1.27634574171055 "experimento_20" 20 1000 1000 0.95 1 0.4 1 0.8
0.99740802985616 0.830423233578914 "experimento_20" 20 1000 1000 0.95 1 0.4 1 0.8
1.01091467030346 0.906377940922036 "experimento_20" 20 1000 1000 0.95 1 0.4 1 0.8
1.00196712417528 0.944491358640856 "experimento_20" 20 1000 1000 0.95 1 0.4 1 0.8
0.999773307936266 0.880190995140429 "experimento_20" 20 1000 1000 0.95 1 0.4 1 0.8
1.03037601197138 1.11639140687542 "experimento_20" 20 1000 1000 0.95 1 0.4 1 0.8
0.993795908987522 1.16750628162316 "experimento_20" 20 1000 1000 0.95 1 0.4 1 0.8
0.996660750824958 1.05957017706719 "experimento_20" 20 1000 1000 0.95 1 0.4 1 0.8
0.520129649201408 3.09797273141101 "experimento_20" 20 1000 1000 0.95 1 0.4 1 0.8
0.995191399008036 0.824100807298395 "experimento_20" 20 1000 1000 0.95 1 0.4 1 0.8
1.06784925131947 0.814469621252362 "experimento_20" 20 1000 1000 0.95 1 0.4 1 0.8
0.998984543373808 0.881685391593647 "experimento_20" 20 1000 1000 0.95 1 0.4 1 0.8
0.998467728495598 1.04394028935568 "experimento_20" 20 1000 1000 0.95 1 0.4 1 0.8
1.14388814382255 1.06857090582205 "experimento_20" 20 1000 1000 0.95 1 0.4 1 0.8
1.07494458873014 1.07407387589932 "experimento_20" 20 1000 1000 0.95 1 0.4 1 0.8
0.9990401242394 0.823245173191986 "experimento_20" 20 1000 1000 0.95 1 0.4 1 0.8
0.998954599024728 1.303662634789 "experimento_20" 20 1000 1000 0.95 1 0.4 1 0.8
1.0306327725754 1.11024615448671 "experimento_20" 20 1000 1000 0.95 1 0.4 1 0.8
0.999257063725963 0.948591339282435 "experimento_20" 20 1000 1000 0.95 1 0.4 1 0.8
0.991148685570806 1.03297936231298 "experimento_20" 20 1000 1000 0.95 1 0.4 1 0.8
0.999949873657897 1.11339116590476 "experimento_20" 20 1000 1000 0.95 1 0.4 1 0.8
1.08170168334618 0.842760231073526 "experimento_20" 20 1000 1000 0.95 1 0.4 1 0.8
1.00579709419981 0.786467639716357 "experimento_20" 20 1000 1000 0.95 1 0.4 1 0.8
0.515173450810835 2.95261481330794 "experimento_20" 20 1000 1000 0.95 1 0.4 1 0.8
1.2128175241879 0.909421190804614 "experimento_20" 20 1000 1000 0.95 1 0.4 1 0.8
0.995944033376873 1.15511084008669 "experimento_20" 20 1000 1000 0.95 1 0.4 1 0.8
1.29855503514409 0.884450429080678 "experimento_20" 20 1000 1000 0.95 1 0.4 1 0.8
0.993332138517871 0.939468038887026 "experimento_20" 20 1000 1000 0.95 1 0.4 1 0.8
0.995872036321089 1.24336749789948 "experimento_20" 20 1000 1000 0.95 1 0.4 1 0.8
1.05994014323934 1.04002062685457 "experimento_20" 20 1000 1000 0.95 1 0.4 1 0.8
1.07815816957026 0.881724730043622 "experimento_20" 20 1000 1000 0.95 1 0.4 1 0.8
1.38184588821832 0.973861338255966 "experimento_20" 20 1000 1000 0.95 1 0.4 1 0.8
0.998003816464916 1.11924423160466 "experimento_20" 20 1000 1000 0.95 1 0.4 1 0.8
0.997390324715525 0.898576302651413 "experimento_20" 20 1000 1000 0.95 1 0.4 1 0.8
0.996197006898001 1.10699761805494 "experimento_20" 20 1000 1000 0.95 1 0.4 1 0.8
0.997797589050606 0.90589066548729 "experimento_20" 20 1000 1000 0.95 1 0.4 1 0.8
0.998598880600184 1.16112784124075 "experimento_20" 20 1000 1000 0.95 1 0.4 1 0.8
0.998441675445065 0.798803841444758 "experimento_20" 20 1000 1000 0.95 1 0.4 1 0.8
1.01016920572147 1.21653600027425 "experimento_20" 20 1000 1000 0.95 1 0.4 1 0.8
0.99430728261359 1.04014840091367 "experimento_20" 20 1000 1000 0.95 1 0.4 1 0.8
0.998284133616835 1.0932131110646 "experimento_20" 20 1000 1000 0.95 1 0.4 1 0.8
1.06037421515934 1.04279160696919 "experimento_20" 20 1000 1000 0.95 1 0.4 1 0.8
0.999764079228044 0.907548957742452 "experimento_20" 20 1000 1000 0.95 1 0.4 1 0.8
1.00979854888517 1.1518005452939 "experimento_20" 20 1000 1000 0.95 1 0.4 1 0.8
0.999029401456937 0.953872172022222 "experimento_20" 20 1000 1000 0.95 1 0.4 1 0.8
1.03767386963614 0.868721954974291 "experimento_20" 20 1000 1000 0.95 1 0.4 1 0.8
0.99798691063188 0.956388611830542 "experimento_20" 20 1000 1000 0.95 1 0.4 1 0.8
1.32317660888657 0.987063709946827 "experimento_20" 20 1000 1000 0.95 1 0.4 1 0.8
0.995307868812233 1.14355238843016 "experimento_20" 20 1000 1000 0.95 1 0.4 1 0.8
1.00182223599404 1.05018922110556 "experimento_20" 20 1000 1000 0.95 1 0.4 1 0.8
0.996216127416119 1.29972781725635 "experimento_20" 20 1000 1000 0.95 1 0.4 1 0.8
0.99573276983574 0.79810794192573 "experimento_20" 20 1000 1000 0.95 1 0.4 1 0.8
1.05195318889308 1.01381047588597 "experimento_20" 20 1000 1000 0.95 1 0.4 1 0.8
0.996889190981165 1.16781307459556 "experimento_20" 20 1000 1000 0.95 1 0.4 1 0.8
1.00352852838114 1.02722979766287 "experimento_20" 20 1000 1000 0.95 1 0.4 1 0.8
1.00032341589954 0.888769408682327 "experimento_20" 20 1000 1000 0.95 1 0.4 1 0.8
0.995123806409538 1.07599111584279 "experimento_20" 20 1000 1000 0.95 1 0.4 1 0.8
1.02628119129717 1.00076812082504 "experimento_20" 20 1000 1000 0.95 1 0.4 1 0.8
1.00617881411125 0.896304963724405 "experimento_20" 20 1000 1000 0.95 1 0.4 1 0.8
0.992175671737641 0.946601961856796 "experimento_20" 20 1000 1000 0.95 1 0.4 1 0.8
0.996517908060923 1.05831857492076 "experimento_20" 20 1000 1000 0.95 1 0.4 1 0.8
0.99781454494223 1.15473559738827 "experimento_20" 20 1000 1000 0.95 1 0.4 1 0.8
0.999899163609371 1.24267254385335 "experimento_20" 20 1000 1000 0.95 1 0.4 1 0.8
1.15846678894013 0.919906090690472 "experimento_20" 20 1000 1000 0.95 1 0.4 1 0.8
0.995527687249705 1.07405215995586 "experimento_20" 20 1000 1000 0.95 1 0.4 1 0.8
0.99181093997322 1.04888020854851 "experimento_20" 20 1000 1000 0.95 1 0.4 1 0.8
1.00691930799507 1.03576886298919 "experimento_20" 20 1000 1000 0.95 1 0.4 1 0.8
1.33237025002018 0.994870853734491 "experimento_20" 20 1000 1000 0.95 1 0.4 1 0.8
1.0709329841274 1.06159100719453 "experimento_20" 20 1000 1000 0.95 1 0.4 1 0.8
1.01124557573348 1.03238903671578 "experimento_20" 20 1000 1000 0.95 1 0.4 1 0.8
0.999450714560226 1.01296099235774 "experimento_20" 20 1000 1000 0.95 1 0.4 1 0.8
0.99834433849901 1.05795676230686 "experimento_20" 20 1000 1000 0.95 1 0.4 1 0.8
0.998601604951546 1.03965246196946 "experimento_20" 20 1000 1000 0.95 1 0.4 1 0.8
1.02487169252709 0.946478584969288 "experimento_20" 20 1000 1000 0.95 1 0.4 1 0.8
1.09733101284793 0.995993071642517 "experimento_20" 20 1000 1000 0.95 1 0.4 1 0.8
1.00216777948663 1.06227318449579 "experimento_20" 20 1000 1000 0.95 1 0.4 1 0.8
0.996910338522866 1.24400949980918 "experimento_20" 20 1000 1000 0.95 1 0.4 1 0.8
1.14526841143346 1.1883896666662 "experimento_20" 20 1000 1000 0.95 1 0.4 1 0.8
1.01254723713224 1.15263893275708 "experimento_20" 20 1000 1000 0.95 1 0.4 1 0.8
0.999881643103436 1.17471323959519 "experimento_20" 20 1000 1000 0.95 1 0.4 1 0.8
0.991665322333574 1.03084393295146 "experimento_20" 20 1000 1000 0.95 1 0.4 1 0.8
0.999665445415303 1.21319507716807 "experimento_20" 20 1000 1000 0.95 1 0.4 1 0.8
1.11155631430611 1.46612967016012 "experimento_20" 20 1000 1000 0.95 1 0.4 1 0.8
0.995652130106464 1.08918622575255 "experimento_20" 20 1000 1000 0.95 1 0.4 1 0.8
0.997230137931183 1.01521401487208 "experimento_20" 20 1000 1000 0.95 1 0.4 1 0.8
1.25936299562454 1.18287300080415 "experimento_20" 20 1000 1000 0.95 1 0.4 1 0.8
1.50813131406903 0.857621684407108 "experimento_20" 20 1000 1000 0.95 1 0.4 1 0.8
0.532003709580749 3.14763936389374 "experimento_20" 20 1000 1000 0.95 1 0.4 1 0.8
0.996667266124859 1.25356707852672 "experimento_20" 20 1000 1000 0.95 1 0.4 1 0.8
1.06701832791057 0.867843492807904 "experimento_20" 20 1000 1000 0.95 1 0.4 1 0.8
1.0362375061959 1.03689290558327 "experimento_20" 20 1000 1000 0.95 1 0.4 1 0.8
0.998331336537376 0.851433754047374 "experimento_20" 20 1000 1000 0.95 1 0.4 1 0.8
0.999251172412187 0.998936687278029 "experimento_20" 20 1000 1000 0.95 1 0.4 1 0.8
0.999460053397343 1.10205224152249 "experimento_20" 20 1000 1000 0.95 1 0.4 1 0.8
1.25984533829615 1.09951818755471 "experimento_20" 20 1000 1000 0.95 1 0.4 1 0.8
1.09078641936007 1.10565940227997 "experimento_20" 20 1000 1000 0.95 1 0.4 1 0.8
1.00883369405794 0.931993049841197 "experimento_20" 20 1000 1000 0.95 1 0.4 1 0.8
0.994482524460182 1.11440238279841 "experimento_20" 20 1000 1000 0.95 1 0.4 1 0.8
1.01792132544703 0.977665872523555 "experimento_20" 20 1000 1000 0.95 1 0.4 1 0.8
1.03068178566173 1.03948159539746 "experimento_20" 20 1000 1000 0.95 1 0.4 1 0.8
0.999006199650466 1.05638635123132 "experimento_20" 20 1000 1000 0.95 1 0.4 1 0.8
0.996480110101402 1.22025326064849 "experimento_20" 20 1000 1000 0.95 1 0.4 1 0.8
1.26564891206973 0.83849132156084 "experimento_20" 20 1000 1000 0.95 1 0.4 1 0.8
0.997879336820915 1.01974938954411 "experimento_20" 20 1000 1000 0.95 1 0.4 1 0.8
0.994214960606769 1.5705944697821 "experimento_20" 20 1000 1000 0.95 1 0.4 1 0.8
0.997433538781479 1.0624989699525 "experimento_20" 20 1000 1000 0.95 1 0.4 1 0.8
0.991093618329614 0.947428386248964 "experimento_20" 20 1000 1000 0.95 1 0.4 1 0.8
1.00012516671126 0.899859111707544 "experimento_20" 20 1000 1000 0.95 1 0.4 1 0.8
1.15289123309776 0.954917479751712 "experimento_20" 20 1000 1000 0.95 1 0.4 1 0.8
1.01941545400769 1.14484653703654 "experimento_20" 20 1000 1000 0.95 1 0.4 1 0.8
0.996437875321135 1.09323553602075 "experimento_20" 20 1000 1000 0.95 1 0.4 1 0.8
1.04957959586257 1.11427707726601 "experimento_20" 20 1000 1000 0.95 1 0.4 1 0.8
1.00151940854266 0.947375418494749 "experimento_20" 20 1000 1000 0.95 1 0.4 1 0.8
0.999267766019329 0.912266542412558 "experimento_20" 20 1000 1000 0.95 1 0.4 1 0.8
1.03171112481505 1.30131497267703 "experimento_20" 20 1000 1000 0.95 1 0.4 1 0.8
0.995690923416987 0.91007412762694 "experimento_20" 20 1000 1000 0.95 1 0.4 1 0.8
1.59651386272162 0.715159594041757 "experimento_20" 20 1000 1000 0.95 1 0.4 1 0.8
0.999191467184573 1.04186851014599 "experimento_20" 20 1000 1000 0.95 1 0.4 1 0.8
0.990534479962662 1.08148651257176 "experimento_20" 20 1000 1000 0.95 1 0.4 1 0.8
1.01518103652935 0.851828133038707 "experimento_20" 20 1000 1000 0.95 1 0.4 1 0.8
0.998357923934236 0.934861961029352 "experimento_20" 20 1000 1000 0.95 1 0.4 1 0.8
0.994077104376629 1.13992363389748 "experimento_20" 20 1000 1000 0.95 1 0.4 1 0.8
1.00045684750572 1.09766298957961 "experimento_20" 20 1000 1000 0.95 1 0.4 1 0.8
0.99955878756009 1.01034330280072 "experimento_20" 20 1000 1000 0.95 1 0.4 1 0.8
0.999804142862558 0.983885557915482 "experimento_20" 20 1000 1000 0.95 1 0.4 1 0.8
0.99423296796158 0.989225063394205 "experimento_20" 20 1000 1000 0.95 1 0.4 1 0.8
0.998837989987805 0.906150578965108 "experimento_20" 20 1000 1000 0.95 1 0.4 1 0.8
0.999868458136916 1.27621518214077 "experimento_20" 20 1000 1000 0.95 1 0.4 1 0.8
1.00284800305963 1.12250422729823 "experimento_20" 20 1000 1000 0.95 1 0.4 1 0.8
0.998380986740813 1.15079602342667 "experimento_20" 20 1000 1000 0.95 1 0.4 1 0.8
0.998090971959755 1.13728579169881 "experimento_20" 20 1000 1000 0.95 1 0.4 1 0.8
0.996439520735294 1.03578159271606 "experimento_20" 20 1000 1000 0.95 1 0.4 1 0.8
0.999336772365496 1.19020690861923 "experimento_20" 20 1000 1000 0.95 1 0.4 1 0.8
0.999366062460467 0.862524577990355 "experimento_20" 20 1000 1000 0.95 1 0.4 1 0.8
0.994555515702814 1.06100350499727 "experimento_20" 20 1000 1000 0.95 1 0.4 1 0.8
0.997093635844067 1.31225050721884 "experimento_20" 20 1000 1000 0.95 1 0.4 1 0.8
1.02727659279481 0.919958039141989 "experimento_20" 20 1000 1000 0.95 1 0.4 1 0.8
0.999268709449098 1.11340005947633 "experimento_20" 20 1000 1000 0.95 1 0.4 1 0.8
0.997298127505928 1.48348829861966 "experimento_20" 20 1000 1000 0.95 1 0.4 1 0.8
0.991498627699912 1.05818343501311 "experimento_20" 20 1000 1000 0.95 1 0.4 1 0.8
1.16556471399963 0.649112866839657 "experimento_20" 20 1000 1000 0.95 1 0.4 1 0.8
1.17497967137024 1.25025914718305 "experimento_20" 20 1000 1000 0.95 1 0.4 1 0.8
0.998487483710051 1.12379185662004 "experimento_20" 20 1000 1000 0.95 1 0.4 1 0.8
1.01931773796326 0.822847121807748 "experimento_20" 20 1000 1000 0.95 1 0.4 1 0.8
0.997996437130496 1.13095530091585 "experimento_20" 20 1000 1000 0.95 1 0.4 1 0.8
1.01504561971515 0.938899464194781 "experimento_20" 20 1000 1000 0.95 1 0.4 1 0.8
0.997197966556996 1.3209952460256 "experimento_20" 20 1000 1000 0.95 1 0.4 1 0.8
0.999082400929183 1.11642005583973 "experimento_20" 20 1000 1000 0.95 1 0.4 1 0.8
0.998954276321456 0.955918710341983 "experimento_20" 20 1000 1000 0.95 1 0.4 1 0.8
0.996977803995833 1.15794896846112 "experimento_20" 20 1000 1000 0.95 1 0.4 1 0.8
0.993757008342072 0.93835340518331 "experimento_20" 20 1000 1000 0.95 1 0.4 1 0.8
0.995165518950671 1.09750494560169 "experimento_20" 20 1000 1000 0.95 1 0.4 1 0.8
0.99948486010544 0.981165038645804 "experimento_20" 20 1000 1000 0.95 1 0.4 1 0.8
1.00420352490619 1.13690144017269 "experimento_20" 20 1000 1000 0.95 1 0.4 1 0.8
0.993677729042247 1.12071025489157 "experimento_20" 20 1000 1000 0.95 1 0.4 1 0.8
1.16693843714893 1.09442983969438 "experimento_20" 20 1000 1000 0.95 1 0.4 1 0.8
0.997634224593639 1.0619325645447 "experimento_20" 20 1000 1000 0.95 1 0.4 1 0.8
0.997803669888526 1.57325420689488 "experimento_20" 20 1000 1000 0.95 1 0.4 1 0.8
0.992231212789193 0.990414937410936 "experimento_20" 20 1000 1000 0.95 1 0.4 1 0.8
1.0123267150484 1.03860968588733 "experimento_20" 20 1000 1000 0.95 1 0.4 1 0.8
0.996730136452243 1.01194462002463 "experimento_20" 20 1000 1000 0.95 1 0.4 1 0.8
1.02509635826573 0.943359057915418 "experimento_20" 20 1000 1000 0.95 1 0.4 1 0.8
1.02847167652633 0.924376322205699 "experimento_20" 20 1000 1000 0.95 1 0.4 1 0.8
0.999432439683005 1.22761157103899 "experimento_20" 20 1000 1000 0.95 1 0.4 1 0.8
0.998885174281895 1.15852999876945 "experimento_20" 20 1000 1000 0.95 1 0.4 1 0.8
1.00063439644873 0.827773096819265 "experimento_20" 20 1000 1000 0.95 1 0.4 1 0.8
1.26092511663611 0.894206986650687 "experimento_20" 20 1000 1000 0.95 1 0.4 1 0.8
1.13884490159348 1.03840396115543 "experimento_20" 20 1000 1000 0.95 1 0.4 1 0.8
0.991644028574228 1.27379440200111 "experimento_20" 20 1000 1000 0.95 1 0.4 1 0.8
0.997002154355869 1.29871441418258 "experimento_20" 20 1000 1000 0.95 1 0.4 1 0.8
1.17024356918409 1.04217369543483 "experimento_20" 20 1000 1000 0.95 1 0.4 1 0.8
0.99553821189329 0.993595052934942 "experimento_20" 20 1000 1000 0.95 1 0.4 1 0.8
1.86014310266347 1.23579537311947 "experimento_20" 20 1000 1000 0.95 1 0.4 1 0.8
0.992843710584566 1.00472007180637 "experimento_20" 20 1000 1000 0.95 1 0.4 1 0.8
1.00046286009897 0.831786299565684 "experimento_20" 20 1000 1000 0.95 1 0.4 1 0.8
1.11105260578915 0.834742786520312 "experimento_20" 20 1000 1000 0.95 1 0.4 1 0.8
0.996230193879455 0.839549946054455 "experimento_20" 20 1000 1000 0.95 1 0.4 1 0.8
0.99425926967524 0.961750201554783 "experimento_20" 20 1000 1000 0.95 1 0.4 1 0.8
0.996888982132077 1.17415094107387 "experimento_20" 20 1000 1000 0.95 1 0.4 1 0.8
0.999136935221031 0.994197335884161 "experimento_20" 20 1000 1000 0.95 1 0.4 1 0.8
0.995058077853173 1.15706663476242 "experimento_20" 20 1000 1000 0.95 1 0.4 1 0.8
1.88929260787242 1.3255963847965 "experimento_20" 20 1000 1000 0.95 1 0.4 1 0.8
0.99831656832248 0.970191658643159 "experimento_20" 20 1000 1000 0.95 1 0.4 1 0.8
0.999022221192718 1.28589300937032 "experimento_20" 20 1000 1000 0.95 1 0.4 1 0.8
1.07374130478884 0.771989803767992 "experimento_20" 20 1000 1000 0.95 1 0.4 1 0.8
1.10806987155229 0.904706194890908 "experimento_20" 20 1000 1000 0.95 1 0.4 1 0.8
0.993538143811747 0.829873866146286 "experimento_20" 20 1000 1000 0.95 1 0.4 1 0.8
1.3714395374991 1.23294056206042 "experimento_20" 20 1000 1000 0.95 1 0.4 1 0.8
1.06011448294453 1.00030049153785 "experimento_20" 20 1000 1000 0.95 1 0.4 1 0.8
0.999204435385764 1.05239416661573 "experimento_20" 20 1000 1000 0.95 1 0.4 1 0.8
1.00547080859542 0.90766997349118 "experimento_20" 20 1000 1000 0.95 1 0.4 1 0.8
0.995866107288748 1.03817588732262 "experimento_20" 20 1000 1000 0.95 1 0.4 1 0.8
1.01597739709541 0.950653430849772 "experimento_20" 20 1000 1000 0.95 1 0.4 1 0.8
0.998403730103746 1.16294046720035 "experimento_20" 20 1000 1000 0.95 1 0.4 1 0.8
1.14942307302049 0.88283842520895 "experimento_20" 20 1000 1000 0.95 1 0.4 1 0.8
0.999327386496589 1.1580339914021 "experimento_20" 20 1000 1000 0.95 1 0.4 1 0.8
1.00742535106838 1.1964812400346 "experimento_20" 20 1000 1000 0.95 1 0.4 1 0.8
0.996785485651344 1.16037710525661 "experimento_20" 20 1000 1000 0.95 1 0.4 1 0.8
0.993078157538548 0.944108769614632 "experimento_20" 20 1000 1000 0.95 1 0.4 1 0.8
1.24257453050567 1.10038585689988 "experimento_20" 20 1000 1000 0.95 1 0.4 1 0.8
0.992876894306391 1.11048550940492 "experimento_20" 20 1000 1000 0.95 1 0.4 1 0.8
0.997292126063257 1.14242073957554 "experimento_20" 20 1000 1000 0.95 1 0.4 1 0.8
1.00259467074648 1.04316020628096 "experimento_20" 20 1000 1000 0.95 1 0.4 1 0.8
0.99395783431828 1.15126103572816 "experimento_20" 20 1000 1000 0.95 1 0.4 1 0.8
0.999817910138518 1.32044156119403 "experimento_20" 20 1000 1000 0.95 1 0.4 1 0.8
0.529595925007015 3.07935378821668 "experimento_20" 20 1000 1000 0.95 1 0.4 1 0.8
1.09911233332785 0.653749520903753 "experimento_20" 20 1000 1000 0.95 1 0.4 1 0.8
0.997402137378231 1.17313334544725 "experimento_20" 20 1000 1000 0.95 1 0.4 1 0.8
1.03044707227087 1.02658170118381 "experimento_20" 20 1000 1000 0.95 1 0.4 1 0.8
1.14699604463294 1.14978495244529 "experimento_20" 20 1000 1000 0.95 1 0.4 1 0.8
1.00015418276713 1.09755940790806 "experimento_20" 20 1000 1000 0.95 1 0.4 1 0.8
1.07506334688514 1.00588873968777 "experimento_20" 20 1000 1000 0.95 1 0.4 1 0.8
0.996622646227479 0.938070902189479 "experimento_20" 20 1000 1000 0.95 1 0.4 1 0.8
0.999394204700366 1.20883431507775 "experimento_20" 20 1000 1000 0.95 1 0.4 1 0.8
1.01035016402602 1.34328759438758 "experimento_20" 20 1000 1000 0.95 1 0.4 1 0.8
0.999026118312031 1.02118127789407 "experimento_20" 20 1000 1000 0.95 1 0.4 1 0.8
0.997260608011857 1.02097144840148 "experimento_20" 20 1000 1000 0.95 1 0.4 1 0.8
0.998114043148234 1.03168190850169 "experimento_20" 20 1000 1000 0.95 1 0.4 1 0.8
0.999285929603502 1.10261810571852 "experimento_20" 20 1000 1000 0.95 1 0.4 1 0.8
0.998522240901366 1.18774430292036 "experimento_20" 20 1000 1000 0.95 1 0.4 1 0.8
1.12415611092001 0.998063408216926 "experimento_20" 20 1000 1000 0.95 1 0.4 1 0.8
0.999743300490081 1.03717794750098 "experimento_20" 20 1000 1000 0.95 1 0.4 1 0.8
0.994022049242631 0.968007428458699 "experimento_20" 20 1000 1000 0.95 1 0.4 1 0.8
0.999958882573992 0.948097059270572 "experimento_20" 20 1000 1000 0.95 1 0.4 1 0.8
0.994398471899331 1.05206474049601 "experimento_20" 20 1000 1000 0.95 1 0.4 1 0.8
0.99443384539336 0.922125036291152 "experimento_20" 20 1000 1000 0.95 1 0.4 1 0.8
0.994053831091151 1.16389564240356 "experimento_20" 20 1000 1000 0.95 1 0.4 1 0.8
0.993801159784198 1.22608283356252 "experimento_20" 20 1000 1000 0.95 1 0.4 1 0.8
1.00085269501292 0.963200093006832 "experimento_20" 20 1000 1000 0.95 1 0.4 1 0.8
0.995740336598828 1.07783879917843 "experimento_20" 20 1000 1000 0.95 1 0.4 1 0.8
0.999799083452672 0.800743865324187 "experimento_20" 20 1000 1000 0.95 1 0.4 1 0.8
0.996874552220106 1.19351016541468 "experimento_20" 20 1000 1000 0.95 1 0.4 1 0.8
0.999420758103952 1.03500991212013 "experimento_20" 20 1000 1000 0.95 1 0.4 1 0.8
0.994090370601043 1.42118303465971 "experimento_20" 20 1000 1000 0.95 1 0.4 1 0.8
1.08978284941986 0.888833443280447 "experimento_20" 20 1000 1000 0.95 1 0.4 1 0.8
0.999620655318722 0.881789577600915 "experimento_20" 20 1000 1000 0.95 1 0.4 1 0.8
1.14920203667134 0.956979305520308 "experimento_20" 20 1000 1000 0.95 1 0.4 1 0.8
0.997317096218467 0.874601379276007 "experimento_20" 20 1000 1000 0.95 1 0.4 1 0.8
0.998228835407645 0.895295761315747 "experimento_20" 20 1000 1000 0.95 1 0.4 1 0.8
0.997393440222368 1.02046155066836 "experimento_20" 20 1000 1000 0.95 1 0.4 1 0.8
0.991546639706939 1.40178651169153 "experimento_20" 20 1000 1000 0.95 1 0.4 1 0.8
0.513342019170523 3.00623380260433 "experimento_20" 20 1000 1000 0.95 1 0.4 1 0.8
0.993305251467973 1.16316726943231 "experimento_20" 20 1000 1000 0.95 1 0.4 1 0.8
1.20488683925942 0.929572854345376 "experimento_20" 20 1000 1000 0.95 1 0.4 1 0.8
0.99958942621015 0.870595162142677 "experimento_20" 20 1000 1000 0.95 1 0.4 1 0.8
0.997286573285237 0.875834784217321 "experimento_20" 20 1000 1000 0.95 1 0.4 1 0.8
1.05740967261987 0.86578736740843 "experimento_20" 20 1000 1000 0.95 1 0.4 1 0.8
0.997519007185474 1.16143154599718 "experimento_20" 20 1000 1000 0.95 1 0.4 1 0.8
0.999163128202781 1.13180494271364 "experimento_20" 20 1000 1000 0.95 1 0.4 1 0.8
0.996637923410162 1.07281270176077 "experimento_20" 20 1000 1000 0.95 1 0.4 1 0.8
1.01935757603496 0.992917906294844 "experimento_20" 20 1000 1000 0.95 1 0.4 1 0.8
1.00568418065086 0.922289334002637 "experimento_20" 20 1000 1000 0.95 1 0.4 1 0.8
1.07599480915815 1.16620565188933 "experimento_20" 20 1000 1000 0.95 1 0.4 1 0.8
0.99812742555514 1.3207867443993 "experimento_20" 20 1000 1000 0.95 1 0.4 1 0.8
0.99973957426846 1.25016101737424 "experimento_20" 20 1000 1000 0.95 1 0.4 1 0.8
0.997594435466453 1.07078918426186 "experimento_20" 20 1000 1000 0.95 1 0.4 1 0.8
0.99677013955079 0.962126785073111 "experimento_20" 20 1000 1000 0.95 1 0.4 1 0.8
0.997906062286347 1.05617051249686 "experimento_20" 20 1000 1000 0.95 1 0.4 1 0.8
1.39005546279964 0.854266889131232 "experimento_20" 20 1000 1000 0.95 1 0.4 1 0.8
0.996200666297227 1.56797859088941 "experimento_20" 20 1000 1000 0.95 1 0.4 1 0.8
0.999211804941297 0.83187535302709 "experimento_20" 20 1000 1000 0.95 1 0.4 1 0.8
0.998092268127948 0.947459686968174 "experimento_20" 20 1000 1000 0.95 1 0.4 1 0.8
0.99166131997481 1.29631791178621 "experimento_20" 20 1000 1000 0.95 1 0.4 1 0.8
0.997590274084359 0.9697664411073 "experimento_20" 20 1000 1000 0.95 1 0.4 1 0.8
1.12577751930803 0.980615918823719 "experimento_20" 20 1000 1000 0.95 1 0.4 1 0.8
0.998746264958754 1.3635415859106 "experimento_20" 20 1000 1000 0.95 1 0.4 1 0.8
0.992175265215337 1.19011338231606 "experimento_20" 20 1000 1000 0.95 1 0.4 1 0.8
0.991988866357133 1.08822020556369 "experimento_20" 20 1000 1000 0.95 1 0.4 1 0.8
0.997465761145577 1.49469170061434 "experimento_20" 20 1000 1000 0.95 1 0.4 1 0.8
0.99581808084622 1.31490484170343 "experimento_20" 20 1000 1000 0.95 1 0.4 1 0.8
1.16127749111748 0.84836937105548 "experimento_20" 20 1000 1000 0.95 1 0.4 1 0.8
0.994850327493623 1.04019559877197 "experimento_20" 20 1000 1000 0.95 1 0.4 1 0.8
1.01175366761163 0.869998982389411 "experimento_20" 20 1000 1000 0.95 1 0.4 1 0.8
0.997170876711607 1.083440176404 "experimento_20" 20 1000 1000 0.95 1 0.4 1 0.8
0.999816821189597 0.999868032361225 "experimento_20" 20 1000 1000 0.95 1 0.4 1 0.8
1.01917960448191 1.16801821833964 "experimento_20" 20 1000 1000 0.95 1 0.4 1 0.8
0.993327454663813 0.908027335417773 "experimento_20" 20 1000 1000 0.95 1 0.4 1 0.8
1.01434964058252 0.906176535709448 "experimento_20" 20 1000 1000 0.95 1 0.4 1 0.8
1.0306269139443 0.93937214957858 "experimento_20" 20 1000 1000 0.95 1 0.4 1 0.8
0.56388997961767 3.16630297188207 "experimento_20" 20 1000 1000 0.95 1 0.4 1 0.8
0.997273648157716 1.03824401036118 "experimento_20" 20 1000 1000 0.95 1 0.4 1 0.8
1.39587386393836 0.652205828663552 "experimento_20" 20 1000 1000 0.95 1 0.4 1 0.8
0.993664959445596 1.05640325437215 "experimento_20" 20 1000 1000 0.95 1 0.4 1 0.8
1.03457149046223 1.23198785844432 "experimento_20" 20 1000 1000 0.95 1 0.4 1 0.8
1.05221758661299 1.21827631651226 "experimento_20" 20 1000 1000 0.95 1 0.4 1 0.8
0.998638122342527 0.857803725246 "experimento_20" 20 1000 1000 0.95 1 0.4 1 0.8
1.2404989306815 0.909763244791802 "experimento_20" 20 1000 1000 0.95 1 0.4 1 0.8
0.996359638404101 0.920217214376765 "experimento_20" 20 1000 1000 0.95 1 0.4 1 0.8
0.994598657125607 1.10234824811389 "experimento_20" 20 1000 1000 0.95 1 0.4 1 0.8
0.999994511250407 1.10606941244504 "experimento_20" 20 1000 1000 0.95 1 0.4 1 0.8
0.997219738084823 0.951607238125115 "experimento_20" 20 1000 1000 0.95 1 0.4 1 0.8
0.99594768229872 0.989510734196641 "experimento_20" 20 1000 1000 0.95 1 0.4 1 0.8
0.997638865606859 1.01627732421904 "experimento_20" 20 1000 1000 0.95 1 0.4 1 0.8
0.998242574976757 0.927365821857314 "experimento_20" 20 1000 1000 0.95 1 0.4 1 0.8
1.1179836846583 0.789419141777542 "experimento_20" 20 1000 1000 0.95 1 0.4 1 0.8
0.992492917226627 1.08423990742793 "experimento_20" 20 1000 1000 0.95 1 0.4 1 0.8
0.990572997834533 1.21057805264561 "experimento_20" 20 1000 1000 0.95 1 0.4 1 0.8
0.99318561470136 1.08102475845407 "experimento_20" 20 1000 1000 0.95 1 0.4 1 0.8
0.999363962793723 1.19352004188667 "experimento_20" 20 1000 1000 0.95 1 0.4 1 0.8
0.991561150876805 0.946710700407618 "experimento_20" 20 1000 1000 0.95 1 0.4 1 0.8
0.998737074900419 0.868621082224107 "experimento_20" 20 1000 1000 0.95 1 0.4 1 0.8
1.0071668671939 0.982617161733452 "experimento_20" 20 1000 1000 0.95 1 0.4 1 0.8
0.997636917745695 0.92954769227655 "experimento_20" 20 1000 1000 0.95 1 0.4 1 0.8
0.999707433395088 0.905003413877776 "experimento_20" 20 1000 1000 0.95 1 0.4 1 0.8
0.998193781124428 1.30068692951821 "experimento_20" 20 1000 1000 0.95 1 0.4 1 0.8
1.00305828467162 1.1295825056869 "experimento_20" 20 1000 1000 0.95 1 0.4 1 0.8
0.996269757859409 0.93995169148914 "experimento_20" 20 1000 1000 0.95 1 0.4 1 0.8
0.994841175619513 1.23286221136204 "experimento_20" 20 1000 1000 0.95 1 0.4 1 0.8
0.995525209233165 1.25604162972328 "experimento_20" 20 1000 1000 0.95 1 0.4 1 0.8
0.999691002769396 1.2561331067657 "experimento_20" 20 1000 1000 0.95 1 0.4 1 0.8
1.77872301860436 1.43794378675111 "experimento_20" 20 1000 1000 0.95 1 0.4 1 0.8
0.995620236033574 1.15465852359547 "experimento_20" 20 1000 1000 0.95 1 0.4 1 0.8
1.60890884464607 1.0615222914735 "experimento_20" 20 1000 1000 0.95 1 0.4 1 0.8
0.997307168319821 1.07503960014632 "experimento_20" 20 1000 1000 0.95 1 0.4 1 0.8
0.994024817831814 1.09551082173652 "experimento_20" 20 1000 1000 0.95 1 0.4 1 0.8
0.516217457829043 3.25487009578088 "experimento_20" 20 1000 1000 0.95 1 0.4 1 0.8
0.996662099845707 1.00244484836465 "experimento_20" 20 1000 1000 0.95 1 0.4 1 0.8
0.995600706199184 0.891290999925973 "experimento_20" 20 1000 1000 0.95 1 0.4 1 0.8
0.999851306900382 0.987419095597963 "experimento_20" 20 1000 1000 0.95 1 0.4 1 0.8
1.08560252110566 1.09536269293787 "experimento_20" 20 1000 1000 0.95 1 0.4 1 0.8
0.999856913229451 1.2563774370046 "experimento_20" 20 1000 1000 0.95 1 0.4 1 0.8
0.994674699846655 1.30537922136258 "experimento_20" 20 1000 1000 0.95 1 0.4 1 0.8
0.998633260140195 0.99199962185734 "experimento_20" 20 1000 1000 0.95 1 0.4 1 0.8
0.998275592923164 1.02416949056455 "experimento_20" 20 1000 1000 0.95 1 0.4 1 0.8
1.01701381248402 1.41931141561257 "experimento_20" 20 1000 1000 0.95 1 0.4 1 0.8
1.05595534338281 0.843868372281952 "experimento_20" 20 1000 1000 0.95 1 0.4 1 0.8
0.996672260807827 1.32452563592201 "experimento_20" 20 1000 1000 0.95 1 0.4 1 0.8
1.15337033523247 1.06076063575232 "experimento_20" 20 1000 1000 0.95 1 0.4 1 0.8
0.996533641824499 1.03609933277938 "experimento_20" 20 1000 1000 0.95 1 0.4 1 0.8
1.56611910462379 0.716375090046544 "experimento_20" 20 1000 1000 0.95 1 0.4 1 0.8
1.445721055381 0.832453414796463 "experimento_20" 20 1000 1000 0.95 1 0.4 1 0.8
1.02104984042258 1.33658234016849 "experimento_20" 20 1000 1000 0.95 1 0.4 1 0.8
0.999264798359945 0.743495655476323 "experimento_20" 20 1000 1000 0.95 1 0.4 1 0.8
1.00049002392882 0.850883840585878 "experimento_20" 20 1000 1000 0.95 1 0.4 1 0.8
0.998633078532293 0.991560566541797 "experimento_20" 20 1000 1000 0.95 1 0.4 1 0.8
0.999887675745413 0.957372734075365 "experimento_20" 20 1000 1000 0.95 1 0.4 1 0.8
1.17991131916642 1.2377112080572 "experimento_20" 20 1000 1000 0.95 1 0.4 1 0.8
0.997787355445325 0.943558211524614 "experimento_20" 20 1000 1000 0.95 1 0.4 1 0.8
0.995782158803195 1.04620611307365 "experimento_20" 20 1000 1000 0.95 1 0.4 1 0.8
0.994034070521593 1.35084680651787 "experimento_20" 20 1000 1000 0.95 1 0.4 1 0.8
0.98936217976734 1.50574234601115 "experimento_20" 20 1000 1000 0.95 1 0.4 1 0.8
0.998242371482775 1.12158545086506 "experimento_20" 20 1000 1000 0.95 1 0.4 1 0.8
1.16236263746396 0.779520260137109 "experimento_20" 20 1000 1000 0.95 1 0.4 1 0.8
0.995863773860037 0.884889944134016 "experimento_20" 20 1000 1000 0.95 1 0.4 1 0.8
1.0466902568005 0.730664741458167 "experimento_20" 20 1000 1000 0.95 1 0.4 1 0.8
0.995614634826779 1.3205555656731 "experimento_20" 20 1000 1000 0.95 1 0.4 1 0.8
1.2154143108055 0.747563936947811 "experimento_20" 20 1000 1000 0.95 1 0.4 1 0.8
1.53455143747851 1.36459479140595 "experimento_20" 20 1000 1000 0.95 1 0.4 1 0.8
0.998793537262827 1.15307519944464 "experimento_20" 20 1000 1000 0.95 1 0.4 1 0.8
0.99681259621866 1.20700350251846 "experimento_20" 20 1000 1000 0.95 1 0.4 1 0.8
0.997596936998889 1.40509549672851 "experimento_20" 20 1000 1000 0.95 1 0.4 1 0.8
0.999929479090497 0.828479526617215 "experimento_20" 20 1000 1000 0.95 1 0.4 1 0.8
1.18440653569996 1.33629856229489 "experimento_20" 20 1000 1000 0.95 1 0.4 1 0.8
0.526418971130624 2.92681862774019 "experimento_20" 20 1000 1000 0.95 1 0.4 1 0.8
0.999669922748581 1.20994815343002 "experimento_20" 20 1000 1000 0.95 1 0.4 1 0.8
1.00248178001493 1.10411114991375 "experimento_20" 20 1000 1000 0.95 1 0.4 1 0.8
0.999974709935486 0.91748287558001 "experimento_20" 20 1000 1000 0.95 1 0.4 1 0.8
0.992540811887011 0.861581233818256 "experimento_20" 20 1000 1000 0.95 1 0.4 1 0.8
1.05099037382752 0.729442053600578 "experimento_20" 20 1000 1000 0.95 1 0.4 1 0.8
0.998466284712777 0.903593534038523 "experimento_20" 20 1000 1000 0.95 1 0.4 1 0.8
1.60972419055179 0.768968520076464 "experimento_20" 20 1000 1000 0.95 1 0.4 1 0.8
0.995900904992595 1.10614276729839 "experimento_20" 20 1000 1000 0.95 1 0.4 1 0.8
1.00041254094236 1.13782804402894 "experimento_20" 20 1000 1000 0.95 1 0.4 1 0.8
0.995224722661078 0.980515959307345 "experimento_20" 20 1000 1000 0.95 1 0.4 1 0.8
0.998458371730521 0.842253722014477 "experimento_20" 20 1000 1000 0.95 1 0.4 1 0.8
0.999223861610517 1.39391142511864 "experimento_20" 20 1000 1000 0.95 1 0.4 1 0.8
0.99918004614301 0.819119447264209 "experimento_20" 20 1000 1000 0.95 1 0.4 1 0.8
1.18963632581266 0.957211751713976 "experimento_20" 20 1000 1000 0.95 1 0.4 1 0.8
0.999574386049062 0.914724216124355 "experimento_20" 20 1000 1000 0.95 1 0.4 1 0.8
0.994700528215617 0.880670285875205 "experimento_20" 20 1000 1000 0.95 1 0.4 1 0.8
0.996158767258748 1.03529576373119 "experimento_20" 20 1000 1000 0.95 1 0.4 1 0.8
0.995720713399351 0.95495292808631 "experimento_20" 20 1000 1000 0.95 1 0.4 1 0.8
0.997911188285798 0.835952369029084 "experimento_20" 20 1000 1000 0.95 1 0.4 1 0.8
1.00146912457421 0.882100252467938 "experimento_20" 20 1000 1000 0.95 1 0.4 1 0.8
0.998900950420648 1.14053552456167 "experimento_20" 20 1000 1000 0.95 1 0.4 1 0.8
0.997711253585294 1.07465942838699 "experimento_20" 20 1000 1000 0.95 1 0.4 1 0.8
0.999474063282833 1.29848517404995 "experimento_20" 20 1000 1000 0.95 1 0.4 1 0.8
1.1210451742926 0.778911097110316 "experimento_20" 20 1000 1000 0.95 1 0.4 1 0.8
0.99920408334583 1.10249177553494 "experimento_20" 20 1000 1000 0.95 1 0.4 1 0.8
1.07015777332708 0.719239387792985 "experimento_20" 20 1000 1000 0.95 1 0.4 1 0.8
0.993338695494458 1.03955524699035 "experimento_20" 20 1000 1000 0.95 1 0.4 1 0.8
0.998376919189468 0.990466561704504 "experimento_20" 20 1000 1000 0.95 1 0.4 1 0.8
1.07398653635755 0.839016316921322 "experimento_20" 20 1000 1000 0.95 1 0.4 1 0.8
0.999954081838951 1.0346048868833 "experimento_20" 20 1000 1000 0.95 1 0.4 1 0.8
0.998752053827047 1.04383440723911 "experimento_20" 20 1000 1000 0.95 1 0.4 1 0.8
1.1548748909194 0.835829888862724 "experimento_20" 20 1000 1000 0.95 1 0.4 1 0.8
0.999480655416846 1.09006430473983 "experimento_20" 20 1000 1000 0.95 1 0.4 1 0.8
0.997625984949991 1.10519916885575 "experimento_20" 20 1000 1000 0.95 1 0.4 1 0.8
1.00400719838217 1.10240469277444 "experimento_20" 20 1000 1000 0.95 1 0.4 1 0.8
0.999810533830896 0.814609923675474 "experimento_20" 20 1000 1000 0.95 1 0.4 1 0.8
0.998799084918573 0.986950532064112 "experimento_20" 20 1000 1000 0.95 1 0.4 1 0.8
1.01693619275466 0.951628324365215 "experimento_20" 20 1000 1000 0.95 1 0.4 1 0.8
0.999979799380526 1.27425103752232 "experimento_20" 20 1000 1000 0.95 1 0.4 1 0.8
0.999506033724174 0.885187851368865 "experimento_20" 20 1000 1000 0.95 1 0.4 1 0.8
0.998497241176665 0.843228746586071 "experimento_20" 20 1000 1000 0.95 1 0.4 1 0.8
0.989987279986963 1.01999126593238 "experimento_20" 20 1000 1000 0.95 1 0.4 1 0.8
1.00459296349436 0.9117153082672 "experimento_20" 20 1000 1000 0.95 1 0.4 1 0.8
1.00779853146154 0.972582560204285 "experimento_20" 20 1000 1000 0.95 1 0.4 1 0.8
1.16976486193016 0.79044503756818 "experimento_20" 20 1000 1000 0.95 1 0.4 1 0.8
1.00595864726471 0.891156775894433 "experimento_20" 20 1000 1000 0.95 1 0.4 1 0.8
0.99989866791293 1.06476606627332 "experimento_20" 20 1000 1000 0.95 1 0.4 1 0.8
0.997140540974215 1.00857201550403 "experimento_20" 20 1000 1000 0.95 1 0.4 1 0.8
0.997842718381435 1.0457515301252 "experimento_20" 20 1000 1000 0.95 1 0.4 1 0.8
0.999900396214798 0.875064092587265 "experimento_20" 20 1000 1000 0.95 1 0.4 1 0.8
0.999752122210339 1.22467554819645 "experimento_20" 20 1000 1000 0.95 1 0.4 1 0.8
1.48911656239695 0.754900594920169 "experimento_20" 20 1000 1000 0.95 1 0.4 1 0.8
1.00038694171235 0.976126837226017 "experimento_20" 20 1000 1000 0.95 1 0.4 1 0.8
0.998675422044471 0.885365488774905 "experimento_20" 20 1000 1000 0.95 1 0.4 1 0.8
0.998006737325341 1.04407457136866 "experimento_20" 20 1000 1000 0.95 1 0.4 1 0.8
0.996703993296251 0.882636602826039 "experimento_20" 20 1000 1000 0.95 1 0.4 1 0.8
0.999951244331896 0.902651761171284 "experimento_20" 20 1000 1000 0.95 1 0.4 1 0.8
0.999384703347459 0.75346383769262 "experimento_20" 20 1000 1000 0.95 1 0.4 1 0.8
0.997931867837906 1.13380289689176 "experimento_20" 20 1000 1000 0.95 1 0.4 1 0.8
0.996759861242026 1.06345369784702 "experimento_20" 20 1000 1000 0.95 1 0.4 1 0.8
0.996305105974898 1.05377264187788 "experimento_20" 20 1000 1000 0.95 1 0.4 1 0.8
0.995965623529628 1.14791126282512 "experimento_20" 20 1000 1000 0.95 1 0.4 1 0.8
0.99969476275146 0.904843566580816 "experimento_20" 20 1000 1000 0.95 1 0.4 1 0.8
0.995308871846646 1.39276665245727 "experimento_20" 20 1000 1000 0.95 1 0.4 1 0.8
0.994450710481033 1.13984934511446 "experimento_20" 20 1000 1000 0.95 1 0.4 1 0.8
0.997437729034573 0.964613499625715 "experimento_20" 20 1000 1000 0.95 1 0.4 1 0.8
1.13172666402534 0.66938748357524 "experimento_20" 20 1000 1000 0.95 1 0.4 1 0.8
0.997415775666013 1.30322805590719 "experimento_20" 20 1000 1000 0.95 1 0.4 1 0.8
0.99056924553588 1.15244462689586 "experimento_20" 20 1000 1000 0.95 1 0.4 1 0.8
0.994693269720301 0.930849832149529 "experimento_20" 20 1000 1000 0.95 1 0.4 1 0.8
0.995388321112841 1.09977074544383 "experimento_20" 20 1000 1000 0.95 1 0.4 1 0.8
0.995146075729281 0.974132540998688 "experimento_20" 20 1000 1000 0.95 1 0.4 1 0.8
0.999861347256228 1.10494610736918 "experimento_20" 20 1000 1000 0.95 1 0.4 1 0.8
1.0953405033797 0.745824640906555 "experimento_20" 20 1000 1000 0.95 1 0.4 1 0.8
0.99083422543481 0.995822807928148 "experimento_20" 20 1000 1000 0.95 1 0.4 1 0.8
0.99589492729865 1.11662946230541 "experimento_20" 20 1000 1000 0.95 1 0.4 1 0.8
0.99518232094124 0.920308727741482 "experimento_20" 20 1000 1000 0.95 1 0.4 1 0.8
0.99562251009047 1.01946625733687 "experimento_20" 20 1000 1000 0.95 1 0.4 1 0.8
1.33579122372382 0.797660573812376 "experimento_20" 20 1000 1000 0.95 1 0.4 1 0.8
1.01902468762852 1.14351123501467 "experimento_20" 20 1000 1000 0.95 1 0.4 1 0.8
0.999495453434065 0.975883167485153 "experimento_20" 20 1000 1000 0.95 1 0.4 1 0.8
0.998056702315807 0.799173220746719 "experimento_20" 20 1000 1000 0.95 1 0.4 1 0.8
0.995083798188716 1.0803724170997 "experimento_20" 20 1000 1000 0.95 1 0.4 1 0.8
0.999049429316074 1.20582059240667 "experimento_20" 20 1000 1000 0.95 1 0.4 1 0.8
0.996234307531267 1.34604017844627 "experimento_20" 20 1000 1000 0.95 1 0.4 1 0.8
0.99654334038496 1.26216010047754 "experimento_20" 20 1000 1000 0.95 1 0.4 1 0.8
1.04581028223038 1.05121963758675 "experimento_20" 20 1000 1000 0.95 1 0.4 1 0.8
0.994335108669475 1.23088600878714 "experimento_20" 20 1000 1000 0.95 1 0.4 1 0.8
0.994265801273286 0.849710822155652 "experimento_20" 20 1000 1000 0.95 1 0.4 1 0.8
1.13897714991821 0.652515873139926 "experimento_20" 20 1000 1000 0.95 1 0.4 1 0.8
0.996763586066663 1.00649525422308 "experimento_20" 20 1000 1000 0.95 1 0.4 1 0.8
0.999390614451841 0.881481095545098 "experimento_20" 20 1000 1000 0.95 1 0.4 1 0.8
1.28096678759903 0.799631095645961 "experimento_20" 20 1000 1000 0.95 1 0.4 1 0.8
1.10098296403885 0.994929727452546 "experimento_20" 20 1000 1000 0.95 1 0.4 1 0.8
1.04178003733978 0.9305298503023 "experimento_20" 20 1000 1000 0.95 1 0.4 1 0.8
0.997710952302441 1.0758263250445 "experimento_20" 20 1000 1000 0.95 1 0.4 1 0.8
0.993058405350894 0.929836582462653 "experimento_20" 20 1000 1000 0.95 1 0.4 1 0.8
0.996146530844271 1.05049103788532 "experimento_20" 20 1000 1000 0.95 1 0.4 1 0.8
1.14554821699858 0.759253149910723 "experimento_20" 20 1000 1000 0.95 1 0.4 1 0.8
0.99849492800422 0.765404578122132 "experimento_20" 20 1000 1000 0.95 1 0.4 1 0.8
0.987904023844749 1.17519169411142 "experimento_20" 20 1000 1000 0.95 1 0.4 1 0.8
1.04813511716202 1.0589880338307 "experimento_20" 20 1000 1000 0.95 1 0.4 1 0.8
0.999752034200355 1.13740029947156 "experimento_20" 20 1000 1000 0.95 1 0.4 1 0.8
0.995574611471966 1.2655734817461 "experimento_20" 20 1000 1000 0.95 1 0.4 1 0.8
1.11023357976228 0.776723996968227 "experimento_20" 20 1000 1000 0.95 1 0.4 1 0.8
0.99934020335786 0.912547377687055 "experimento_20" 20 1000 1000 0.95 1 0.4 1 0.8
0.997278881492093 1.12973037832899 "experimento_20" 20 1000 1000 0.95 1 0.4 1 0.8
1.00402753113208 1.17854039965573 "experimento_20" 20 1000 1000 0.95 1 0.4 1 0.8
1.03014545189217 1.02291906904121 "experimento_20" 20 1000 1000 0.95 1 0.4 1 0.8
0.993844765005633 1.33381014747867 "experimento_20" 20 1000 1000 0.95 1 0.4 1 0.8
1.00647417921573 1.07873033150411 "experimento_20" 20 1000 1000 0.95 1 0.4 1 0.8
0.999475245829672 1.14047620562402 "experimento_20" 20 1000 1000 0.95 1 0.4 1 0.8
1.01055144332349 1.00516852511635 "experimento_20" 20 1000 1000 0.95 1 0.4 1 0.8
1.04665028564123 0.94380117964039 "experimento_20" 20 1000 1000 0.95 1 0.4 1 0.8
0.99279068573378 1.09820915331392 "experimento_20" 20 1000 1000 0.95 1 0.4 1 0.8
0.994476724648848 1.41256737608892 "experimento_20" 20 1000 1000 0.95 1 0.4 1 0.8
0.9964678902179 0.993261092261133 "experimento_20" 20 1000 1000 0.95 1 0.4 1 0.8
0.997704441193491 1.0405837079995 "experimento_20" 20 1000 1000 0.95 1 0.4 1 0.8
0.996413442306221 1.13718498174842 "experimento_20" 20 1000 1000 0.95 1 0.4 1 0.8
0.998801921494305 1.01218250111801 "experimento_20" 20 1000 1000 0.95 1 0.4 1 0.8
0.99535521492362 0.886495805660224 "experimento_20" 20 1000 1000 0.95 1 0.4 1 0.8
0.999733401462436 0.903709715670419 "experimento_20" 20 1000 1000 0.95 1 0.4 1 0.8
1.03837853064761 0.875530206848375 "experimento_20" 20 1000 1000 0.95 1 0.4 1 0.8
0.999612774001434 1.0130037099164 "experimento_20" 20 1000 1000 0.95 1 0.4 1 0.8
0.994578878860921 1.2024289679459 "experimento_20" 20 1000 1000 0.95 1 0.4 1 0.8
0.995529988082126 0.962436581487382 "experimento_20" 20 1000 1000 0.95 1 0.4 1 0.8
0.999504124047235 1.13626791355819 "experimento_20" 20 1000 1000 0.95 1 0.4 1 0.8
0.998583164531738 0.996182301342534 "experimento_20" 20 1000 1000 0.95 1 0.4 1 0.8
0.993933918420225 1.02088708322354 "experimento_20" 20 1000 1000 0.95 1 0.4 1 0.8
0.995647250907496 1.20721794594634 "experimento_20" 20 1000 1000 0.95 1 0.4 1 0.8
1.02675221161917 1.26289350835118 "experimento_20" 20 1000 1000 0.95 1 0.4 1 0.8
1.02142516709864 1.02442177157234 "experimento_20" 20 1000 1000 0.95 1 0.4 1 0.8
1.0547980510351 0.70423871607406 "experimento_20" 20 1000 1000 0.95 1 0.4 1 0.8
1.24337636027485 1.07533309446225 "experimento_20" 20 1000 1000 0.95 1 0.4 1 0.8
1.00289528211579 1.16865553499517 "experimento_20" 20 1000 1000 0.95 1 0.4 1 0.8
0.993271717336029 1.26398236593871 "experimento_20" 20 1000 1000 0.95 1 0.4 1 0.8
1.44748632097617 1.37757388878854 "experimento_20" 20 1000 1000 0.95 1 0.4 1 0.8
0.999466040637344 1.32670879943506 "experimento_20" 20 1000 1000 0.95 1 0.4 1 0.8
1.00810085376725 1.03237477568682 "experimento_20" 20 1000 1000 0.95 1 0.4 1 0.8
1.03427539429133 0.795736459097798 "experimento_20" 20 1000 1000 0.95 1 0.4 1 0.8
1.30106854759208 0.948373697719721 "experimento_20" 20 1000 1000 0.95 1 0.4 1 0.8
1.15020270669795 1.06326190900617 "experimento_20" 20 1000 1000 0.95 1 0.4 1 0.8
0.994252788368613 0.98071144917011 "experimento_20" 20 1000 1000 0.95 1 0.4 1 0.8
0.996856028912589 1.03663578179378 "experimento_20" 20 1000 1000 0.95 1 0.4 1 0.8
0.999219133518636 1.58101956483529 "experimento_20" 20 1000 1000 0.95 1 0.4 1 0.8
0.996707723708823 1.26519701188752 "experimento_20" 20 1000 1000 0.95 1 0.4 1 0.8
0.991236137924716 1.04466410074799 "experimento_20" 20 1000 1000 0.95 1 0.4 1 0.8
0.994077197508886 1.30673603092736 "experimento_20" 20 1000 1000 0.95 1 0.4 1 0.8
0.986162902787328 1.06388861652463 "experimento_20" 20 1000 1000 0.95 1 0.4 1 0.8
0.524714693427086 3.22447233442606 "experimento_20" 20 1000 1000 0.95 1 0.4 1 0.8
0.999415040481836 1.06876259684897 "experimento_20" 20 1000 1000 0.95 1 0.4 1 0.8
0.996273007476702 1.07563471237641 "experimento_20" 20 1000 1000 0.95 1 0.4 1 0.8
0.996191573562101 0.90095955942991 "experimento_20" 20 1000 1000 0.95 1 0.4 1 0.8
1.01034124474972 0.841787182006861 "experimento_20" 20 1000 1000 0.95 1 0.4 1 0.8
0.995024890173227 1.29595702206209 "experimento_20" 20 1000 1000 0.95 1 0.4 1 0.8
0.999931411352009 1.19691403300323 "experimento_20" 20 1000 1000 0.95 1 0.4 1 0.8
0.999135201098397 0.858140993793903 "experimento_20" 20 1000 1000 0.95 1 0.4 1 0.8
0.997229509055614 1.08179253633134 "experimento_20" 20 1000 1000 0.95 1 0.4 1 0.8
0.994022725149989 1.31748141436506 "experimento_20" 20 1000 1000 0.95 1 0.4 1 0.8
0.997476847143844 0.815321591758136 "experimento_20" 20 1000 1000 0.95 1 0.4 1 0.8
0.999775875126943 1.13560258401728 "experimento_20" 20 1000 1000 0.95 1 0.4 1 0.8
0.532840397208929 3.16611885274865 "experimento_20" 20 1000 1000 0.95 1 0.4 1 0.8
0.996960652060807 0.846705629722077 "experimento_20" 20 1000 1000 0.95 1 0.4 1 0.8
0.998648996232077 1.16168353398334 "experimento_20" 20 1000 1000 0.95 1 0.4 1 0.8
0.999109599739313 1.02786599233449 "experimento_20" 20 1000 1000 0.95 1 0.4 1 0.8
1.26559023326263 0.89893697071828 "experimento_20" 20 1000 1000 0.95 1 0.4 1 0.8
0.999214087380096 0.990556924870316 "experimento_20" 20 1000 1000 0.95 1 0.4 1 0.8
0.997192449402064 1.4782933972693 "experimento_20" 20 1000 1000 0.95 1 0.4 1 0.8
0.477363830199465 3.07886437346528 "experimento_20" 20 1000 1000 0.95 1 0.4 1 0.8
0.998937184223905 1.29755229161265 "experimento_20" 20 1000 1000 0.95 1 0.4 1 0.8
0.996390520362183 1.14064434209985 "experimento_20" 20 1000 1000 0.95 1 0.4 1 0.8
1.27704885276034 0.838276158145902 "experimento_20" 20 1000 1000 0.95 1 0.4 1 0.8
0.998907278990373 1.04066967195493 "experimento_20" 20 1000 1000 0.95 1 0.4 1 0.8
0.99909494468011 0.89050002701063 "experimento_20" 20 1000 1000 0.95 1 0.4 1 0.8
1.02927235621678 0.958004600497674 "experimento_20" 20 1000 1000 0.95 1 0.4 1 0.8
0.998711914289743 1.04022463076889 "experimento_20" 20 1000 1000 0.95 1 0.4 1 0.8
0.999844832578674 0.883696426275495 "experimento_20" 20 1000 1000 0.95 1 0.4 1 0.8
1.24824297614396 0.979492549911925 "experimento_20" 20 1000 1000 0.95 1 0.4 1 0.8
0.993125301552936 1.24752688657463 "experimento_20" 20 1000 1000 0.95 1 0.4 1 0.8
0.998169268015772 1.19043145654657 "experimento_20" 20 1000 1000 0.95 1 0.4 1 0.8
0.999212642665952 1.37134285441078 "experimento_20" 20 1000 1000 0.95 1 0.4 1 0.8
0.998405473306775 1.12905037633761 "experimento_20" 20 1000 1000 0.95 1 0.4 1 0.8
0.546771350549534 2.95654379466583 "experimento_20" 20 1000 1000 0.95 1 0.4 1 0.8
0.996029393747449 0.976583257060659 "experimento_20" 20 1000 1000 0.95 1 0.4 1 0.8
1.04762701701854 1.10709334176249 "experimento_20" 20 1000 1000 0.95 1 0.4 1 0.8
0.998428766382858 1.03483015293695 "experimento_20" 20 1000 1000 0.95 1 0.4 1 0.8
1.13139833535931 1.00147019882884 "experimento_20" 20 1000 1000 0.95 1 0.4 1 0.8
0.991139618912712 1.02005575368718 "experimento_20" 20 1000 1000 0.95 1 0.4 1 0.8
1.06619794433936 0.876038499876646 "experimento_20" 20 1000 1000 0.95 1 0.4 1 0.8
0.998045830056071 0.909324173240119 "experimento_20" 20 1000 1000 0.95 1 0.4 1 0.8
0.999800669262186 0.658554605528293 "experimento_20" 20 1000 1000 0.95 1 0.4 1 0.8
0.996743467170745 0.972091555516047 "experimento_20" 20 1000 1000 0.95 1 0.4 1 0.8
1.16860161628574 1.61553229767197 "experimento_20" 20 1000 1000 0.95 1 0.4 1 0.8
0.996095963288099 1.02910644019802 "experimento_20" 20 1000 1000 0.95 1 0.4 1 0.8
0.99960370385088 1.06748966449664 "experimento_20" 20 1000 1000 0.95 1 0.4 1 0.8
1.00427470477999 1.29000633966184 "experimento_20" 20 1000 1000 0.95 1 0.4 1 0.8
0.993068502750248 1.04601961223397 "experimento_20" 20 1000 1000 0.95 1 0.4 1 0.8
0.996848955983296 0.984586873214368 "experimento_20" 20 1000 1000 0.95 1 0.4 1 0.8
0.998265093425289 1.03794617669023 "experimento_20" 20 1000 1000 0.95 1 0.4 1 0.8
0.997725921683013 1.09559833554549 "experimento_20" 20 1000 1000 0.95 1 0.4 1 0.8
0.993991097435355 1.12367490926324 "experimento_20" 20 1000 1000 0.95 1 0.4 1 0.8
0.993104002904147 1.15714116691112 "experimento_20" 20 1000 1000 0.95 1 0.4 1 0.8
0.996423281962052 1.04158143661872 "experimento_20" 20 1000 1000 0.95 1 0.4 1 0.8
0.995240541175008 0.955528304006529 "experimento_20" 20 1000 1000 0.95 1 0.4 1 0.8
0.993581862421706 1.17065685543557 "experimento_20" 20 1000 1000 0.95 1 0.4 1 0.8
0.998013796750456 1.10611248284265 "experimento_20" 20 1000 1000 0.95 1 0.4 1 0.8
0.998574253404513 1.51166140084765 "experimento_20" 20 1000 1000 0.95 1 0.4 1 0.8
0.998197360662743 1.35579154359638 "experimento_20" 20 1000 1000 0.95 1 0.4 1 0.8
0.998757253168151 1.04561120417656 "experimento_20" 20 1000 1000 0.95 1 0.4 1 0.8
1.157269614283 0.911528680942728 "experimento_20" 20 1000 1000 0.95 1 0.4 1 0.8
0.995969218900427 0.907664705083451 "experimento_20" 20 1000 1000 0.95 1 0.4 1 0.8
0.996223306516185 1.0591903019848 "experimento_20" 20 1000 1000 0.95 1 0.4 1 0.8
0.99920506333001 0.940367600617316 "experimento_20" 20 1000 1000 0.95 1 0.4 1 0.8
1.24682109383866 0.775053329487317 "experimento_20" 20 1000 1000 0.95 1 0.4 1 0.8
1.0054088877514 0.938041077938379 "experimento_20" 20 1000 1000 0.95 1 0.4 1 0.8
1.03588105179369 0.993921437215718 "experimento_20" 20 1000 1000 0.95 1 0.4 1 0.8
1.27823088457808 1.36479331241763 "experimento_20" 20 1000 1000 0.95 1 0.4 1 0.8
1.01065669488162 0.855560789564563 "experimento_20" 20 1000 1000 0.95 1 0.4 1 0.8
0.996108036721125 1.08730055142274 "experimento_20" 20 1000 1000 0.95 1 0.4 1 0.8
0.995385474991053 1.04724756185147 "experimento_20" 20 1000 1000 0.95 1 0.4 1 0.8
0.999507122207433 0.856640708634916 "experimento_20" 20 1000 1000 0.95 1 0.4 1 0.8
0.999048689613119 0.914029074309699 "experimento_20" 20 1000 1000 0.95 1 0.4 1 0.8
0.520345354452729 2.90716314707621 "experimento_20" 20 1000 1000 0.95 1 0.4 1 0.8
1.07264990001175 0.968307678469012 "experimento_20" 20 1000 1000 0.95 1 0.4 1 0.8
0.997928676428273 1.10284961374526 "experimento_20" 20 1000 1000 0.95 1 0.4 1 0.8
0.986291092820466 1.04780536013857 "experimento_20" 20 1000 1000 0.95 1 0.4 1 0.8
0.99653202900663 0.871062236139792 "experimento_20" 20 1000 1000 0.95 1 0.4 1 0.8
1.05306778801605 1.03458494817288 "experimento_20" 20 1000 1000 0.95 1 0.4 1 0.8
0.995392305077985 0.845076300455646 "experimento_20" 20 1000 1000 0.95 1 0.4 1 0.8
0.997768663102761 0.83730657533961 "experimento_20" 20 1000 1000 0.95 1 0.4 1 0.8
0.996246126014739 1.00181675026828 "experimento_20" 20 1000 1000 0.95 1 0.4 1 0.8
0.998895708005875 1.14007077340573 "experimento_20" 20 1000 1000 0.95 1 0.4 1 0.8
1.03667298766519 0.977532094582146 "experimento_20" 20 1000 1000 0.95 1 0.4 1 0.8
1.00099986605346 1.23085682789882 "experimento_20" 20 1000 1000 0.95 1 0.4 1 0.8
0.990154542028904 1.10981341456782 "experimento_20" 20 1000 1000 0.95 1 0.4 1 0.8
0.998752960702404 1.20313166126012 "experimento_20" 20 1000 1000 0.95 1 0.4 1 0.8
0.997703870758414 1.11939432390649 "experimento_20" 20 1000 1000 0.95 1 0.4 1 0.8
0.99480439373292 1.21674486882402 "experimento_20" 20 1000 1000 0.95 1 0.4 1 0.8
0.999465293250978 1.03436910288868 "experimento_20" 20 1000 1000 0.95 1 0.4 1 0.8
0.99827588442713 1.07356766481801 "experimento_20" 20 1000 1000 0.95 1 0.4 1 0.8
0.999495117925107 0.861108710953478 "experimento_20" 20 1000 1000 0.95 1 0.4 1 0.8
0.993968021590263 1.34259156009843 "experimento_20" 20 1000 1000 0.95 1 0.4 1 0.8
0.991893350845203 1.37100903471061 "experimento_20" 20 1000 1000 0.95 1 0.4 1 0.8
1.00499660006805 1.00196281012444 "experimento_20" 20 1000 1000 0.95 1 0.4 1 0.8
1.0795573743854 1.116241975528 "experimento_20" 20 1000 1000 0.95 1 0.4 1 0.8
0.997173376847059 0.910230727925338 "experimento_20" 20 1000 1000 0.95 1 0.4 1 0.8
0.994491959223524 1.09105651439382 "experimento_20" 20 1000 1000 0.95 1 0.4 1 0.8
0.99669540929608 0.987967376287227 "experimento_20" 20 1000 1000 0.95 1 0.4 1 0.8
0.998709029285237 1.64170987092385 "experimento_20" 20 1000 1000 0.95 1 0.4 1 0.8
0.999411167344078 1.05448009771984 "experimento_20" 20 1000 1000 0.95 1 0.4 1 0.8
1.01551449579647 1.14529668875504 "experimento_20" 20 1000 1000 0.95 1 0.4 1 0.8
0.999475493794307 0.985911264683806 "experimento_20" 20 1000 1000 0.95 1 0.4 1 0.8
1.23674331884831 1.04064987794829 "experimento_20" 20 1000 1000 0.95 1 0.4 1 0.8
0.999239772791043 0.836941912263819 "experimento_20" 20 1000 1000 0.95 1 0.4 1 0.8
1.05293448022911 1.11788298012227 "experimento_20" 20 1000 1000 0.95 1 0.4 1 0.8
1.05423048278317 1.09466978526258 "experimento_20" 20 1000 1000 0.95 1 0.4 1 0.8
1.02592079294845 0.983804285168121 "experimento_20" 20 1000 1000 0.95 1 0.4 1 0.8
0.999472626950592 1.33683906405938 "experimento_20" 20 1000 1000 0.95 1 0.4 1 0.8
0.516092594247311 2.75168295751075 "experimento_20" 20 1000 1000 0.95 1 0.4 1 0.8
1.01739764819976 1.16051327739102 "experimento_20" 20 1000 1000 0.95 1 0.4 1 0.8
0.999871451873332 0.95033932988227 "experimento_20" 20 1000 1000 0.95 1 0.4 1 0.8
1.03671868378296 1.06077423727005 "experimento_20" 20 1000 1000 0.95 1 0.4 1 0.8
0.994126122677699 0.977430133696293 "experimento_20" 20 1000 1000 0.95 1 0.4 1 0.8
0.987925366265699 1.19506548547363 "experimento_20" 20 1000 1000 0.95 1 0.4 1 0.8
1.17581109452387 0.845942479287565 "experimento_20" 20 1000 1000 0.95 1 0.4 1 0.8
0.998426079750061 0.801139318349189 "experimento_20" 20 1000 1000 0.95 1 0.4 1 0.8
0.999997712438926 1.31182090233296 "experimento_20" 20 1000 1000 0.95 1 0.4 1 0.8
0.999414319172502 1.1500327459137 "experimento_20" 20 1000 1000 0.95 1 0.4 1 0.8
0.997228602180257 1.20801914934449 "experimento_20" 20 1000 1000 0.95 1 0.4 1 0.8
1.07675614207983 0.920342848334291 "experimento_20" 20 1000 1000 0.95 1 0.4 1 0.8
0.991778853582218 1.56533211665401 "experimento_20" 20 1000 1000 0.95 1 0.4 1 0.8
1.22253106441349 0.700278557011419 "experimento_20" 20 1000 1000 0.95 1 0.4 1 0.8
1.00043709762394 1.14909869912351 "experimento_20" 20 1000 1000 0.95 1 0.4 1 0.8
0.995600494090468 1.4980662618301 "experimento_20" 20 1000 1000 0.95 1 0.4 1 0.8
0.997496664291248 1.33722649136275 "experimento_20" 20 1000 1000 0.95 1 0.4 1 0.8
1.12548969453201 0.840551902618471 "experimento_20" 20 1000 1000 0.95 1 0.4 1 0.8
0.993577819317579 0.991598547771517 "experimento_20" 20 1000 1000 0.95 1 0.4 1 0.8
1.18250379702037 1.44969052195943 "experimento_20" 20 1000 1000 0.95 1 0.4 1 0.8
0.995463317027315 1.18049129070832 "experimento_20" 20 1000 1000 0.95 1 0.4 1 0.8
1.36462988614778 1.48193163672841 "experimento_20" 20 1000 1000 0.95 1 0.4 1 0.8
1.00105531373993 0.86603320392451 "experimento_20" 20 1000 1000 0.95 1 0.4 1 0.8
0.997545798309147 1.53159139665154 "experimento_20" 20 1000 1000 0.95 1 0.4 1 0.8
1.04401916405186 1.34556179915379 "experimento_20" 20 1000 1000 0.95 1 0.4 1 0.8
1.12094390786543 0.670710756291121 "experimento_20" 20 1000 1000 0.95 1 0.4 1 0.8
0.998360149562359 0.859420781175442 "experimento_20" 20 1000 1000 0.95 1 0.4 1 0.8
0.998808693606406 0.954812865844919 "experimento_20" 20 1000 1000 0.95 1 0.4 1 0.8
0.99830060522072 1.34560653301396 "experimento_20" 20 1000 1000 0.95 1 0.4 1 0.8
0.996057136217132 0.801311107948119 "experimento_20" 20 1000 1000 0.95 1 0.4 1 0.8
1.00526112364605 0.977756436836728 "experimento_20" 20 1000 1000 0.95 1 0.4 1 0.8
0.996559557970613 1.00435168548148 "experimento_20" 20 1000 1000 0.95 1 0.4 1 0.8
0.995981567539275 0.893806292426503 "experimento_20" 20 1000 1000 0.95 1 0.4 1 0.8
0.991690857335925 1.05863889612953 "experimento_20" 20 1000 1000 0.95 1 0.4 1 0.8
0.998248487012461 1.26888874778445 "experimento_20" 20 1000 1000 0.95 1 0.4 1 0.8
1.03819153923541 0.894851784714832 "experimento_20" 20 1000 1000 0.95 1 0.4 1 0.8
0.99203459196724 0.992600991652648 "experimento_20" 20 1000 1000 0.95 1 0.4 1 0.8
0.999113972298801 0.991066477129144 "experimento_20" 20 1000 1000 0.95 1 0.4 1 0.8
0.511303103296086 2.95879502639866 "experimento_20" 20 1000 1000 0.95 1 0.4 1 0.8
0.999925842043012 0.981547234248362 "experimento_20" 20 1000 1000 0.95 1 0.4 1 0.8
1.16300314895349 0.814721276390797 "experimento_20" 20 1000 1000 0.95 1 0.4 1 0.8
0.996655420400202 1.13551259281256 "experimento_20" 20 1000 1000 0.95 1 0.4 1 0.8
0.995254452107474 1.00487243526118 "experimento_20" 20 1000 1000 0.95 1 0.4 1 0.8
1.23068497981876 1.09418284438772 "experimento_20" 20 1000 1000 0.95 1 0.4 1 0.8
0.996787656331435 0.995006156785661 "experimento_20" 20 1000 1000 0.95 1 0.4 1 0.8
0.99528534617275 0.993296276368719 "experimento_20" 20 1000 1000 0.95 1 0.4 1 0.8
0.992743880720809 0.958683707056011 "experimento_20" 20 1000 1000 0.95 1 0.4 1 0.8
0.997803628444672 1.13003624920683 "experimento_20" 20 1000 1000 0.95 1 0.4 1 0.8
0.999169904040173 1.09886648765852 "experimento_20" 20 1000 1000 0.95 1 0.4 1 0.8
0.999548260588199 1.25111953038671 "experimento_20" 20 1000 1000 0.95 1 0.4 1 0.8
1.15498450083643 1.11288164935505 "experimento_20" 20 1000 1000 0.95 1 0.4 1 0.8
1.12738853367046 1.40967076876766 "experimento_20" 20 1000 1000 0.95 1 0.4 1 0.8
0.9975229667034 1.56032151479486 "experimento_20" 20 1000 1000 0.95 1 0.4 1 0.8
0.991378895938396 1.29346942576812 "experimento_20" 20 1000 1000 0.95 1 0.4 1 0.8
0.994561641244218 1.06447740266361 "experimento_20" 20 1000 1000 0.95 1 0.4 1 0.8
0.994130137143657 1.10329392459103 "experimento_20" 20 1000 1000 0.95 1 0.4 1 0.8
0.997903355164453 1.19506308454918 "experimento_20" 20 1000 1000 0.95 1 0.4 1 0.8
0.997190764406696 0.893767581104411 "experimento_20" 20 1000 1000 0.95 1 0.4 1 0.8
1.06459928957775 1.13111410541485 "experimento_20" 20 1000 1000 0.95 1 0.4 1 0.8
0.996868866728619 1.21050548814452 "experimento_20" 20 1000 1000 0.95 1 0.4 1 0.8
0.996389230480418 1.22922081727632 "experimento_20" 20 1000 1000 0.95 1 0.4 1 0.8
0.999565620906651 0.90822154835209 "experimento_20" 20 1000 1000 0.95 1 0.4 1 0.8
0.989929062779993 1.09798991193258 "experimento_20" 20 1000 1000 0.95 1 0.4 1 0.8
1.16020917872665 1.58085034639659 "experimento_20" 20 1000 1000 0.95 1 0.4 1 0.8
1.50734520563856 1.02381444274811 "experimento_20" 20 1000 1000 0.95 1 0.4 1 0.8
0.998602482257411 1.1365740412006 "experimento_20" 20 1000 1000 0.95 1 0.4 1 0.8
0.994960693875328 1.15021866180678 "experimento_20" 20 1000 1000 0.95 1 0.4 1 0.8
0.99736315687187 1.15008832677323 "experimento_20" 20 1000 1000 0.95 1 0.4 1 0.8
0.997056673746556 1.16540116487592 "experimento_20" 20 1000 1000 0.95 1 0.4 1 0.8
0.99798610014841 1.13216137785038 "experimento_20" 20 1000 1000 0.95 1 0.4 1 0.8
0.999244088307023 1.06841612459011 "experimento_20" 20 1000 1000 0.95 1 0.4 1 0.8
0.995349031407386 1.09740640001464 "experimento_20" 20 1000 1000 0.95 1 0.4 1 0.8
1.41089113170063 0.834480782229818 "experimento_20" 20 1000 1000 0.95 1 0.4 1 0.8
0.994290303671733 1.14248240343306 "experimento_20" 20 1000 1000 0.95 1 0.4 1 0.8
0.998115250375122 0.948149262448874 "experimento_20" 20 1000 1000 0.95 1 0.4 1 0.8
1.00593069264393 1.07250601549776 "experimento_20" 20 1000 1000 0.95 1 0.4 1 0.8
0.994298421312124 0.978615692724295 "experimento_20" 20 1000 1000 0.95 1 0.4 1 0.8
0.997448036679998 0.918222493110429 "experimento_20" 20 1000 1000 0.95 1 0.4 1 0.8
1.11019480036196 0.962893609061403 "experimento_20" 20 1000 1000 0.95 1 0.4 1 0.8
0.994959440780804 1.01851153912348 "experimento_20" 20 1000 1000 0.95 1 0.4 1 0.8
0.519513871753588 2.90896497263979 "experimento_20" 20 1000 1000 0.95 1 0.4 1 0.8
0.992356319911778 0.879291320023981 "experimento_20" 20 1000 1000 0.95 1 0.4 1 0.8
1.03717334109881 0.955373548308138 "experimento_20" 20 1000 1000 0.95 1 0.4 1 0.8
0.993798600044101 1.01547614450295 "experimento_20" 20 1000 1000 0.95 1 0.4 1 0.8
0.998426839476451 1.37546554103145 "experimento_20" 20 1000 1000 0.95 1 0.4 1 0.8
1.06133872058609 1.08591691642021 "experimento_20" 20 1000 1000 0.95 1 0.4 1 0.8
0.99544572760351 1.10848342136597 "experimento_20" 20 1000 1000 0.95 1 0.4 1 0.8
1.00669468044214 1.25322359411727 "experimento_20" 20 1000 1000 0.95 1 0.4 1 0.8
0.99444803642109 1.18961559410967 "experimento_20" 20 1000 1000 0.95 1 0.4 1 0.8
0.999299579067156 1.33592173893 "experimento_20" 20 1000 1000 0.95 1 0.4 1 0.8
1.00064200349152 1.19517060585752 "experimento_20" 20 1000 1000 0.95 1 0.4 1 0.8
1.04711929010227 0.883299758584944 "experimento_20" 20 1000 1000 0.95 1 0.4 1 0.8
1.2252834242769 1.57618138029789 "experimento_20" 20 1000 1000 0.95 1 0.4 1 0.8
0.99942668271251 0.836455944889993 "experimento_20" 20 1000 1000 0.95 1 0.4 1 0.8
1.00203480689885 0.982847632573351 "experimento_20" 20 1000 1000 0.95 1 0.4 1 0.8
0.999627256765962 0.883474099954509 "experimento_20" 20 1000 1000 0.95 1 0.4 1 0.8
0.99939206102863 0.989315553125781 "experimento_20" 20 1000 1000 0.95 1 0.4 1 0.8
0.999573227483779 1.07298905494389 "experimento_20" 20 1000 1000 0.95 1 0.4 1 0.8
0.98721538647078 1.02348206810115 "experimento_20" 20 1000 1000 0.95 1 0.4 1 0.8
1.00647881888737 0.803545824801313 "experimento_20" 20 1000 1000 0.95 1 0.4 1 0.8
0.996614456176758 0.926811793667661 "experimento_20" 20 1000 1000 0.95 1 0.4 1 0.8
1.16485832317365 0.863044112519627 "experimento_20" 20 1000 1000 0.95 1 0.4 1 0.8
1.00321153039113 0.836870914344402 "experimento_20" 20 1000 1000 0.95 1 0.4 1 0.8
0.995583096519113 1.00039364006069 "experimento_20" 20 1000 1000 0.95 1 0.4 1 0.8
0.997714039869606 1.01858327883008 "experimento_20" 20 1000 1000 0.95 1 0.4 1 0.8
0.997092941775918 0.993564929569253 "experimento_20" 20 1000 1000 0.95 1 0.4 1 0.8
0.995963948080316 1.1953589908374 "experimento_20" 20 1000 1000 0.95 1 0.4 1 0.8
0.999713010154665 1.05054154020758 "experimento_20" 20 1000 1000 0.95 1 0.4 1 0.8
1.43126079533249 0.766475540571345 "experimento_20" 20 1000 1000 0.95 1 0.4 1 0.8
0.998363210586831 0.630125014976267 "experimento_20" 20 1000 1000 0.95 1 0.4 1 0.8
1.2145104939118 0.886197439639569 "experimento_20" 20 1000 1000 0.95 1 0.4 1 0.8
0.99992723017931 0.891166725682471 "experimento_20" 20 1000 1000 0.95 1 0.4 1 0.8
0.999544885708019 0.930123301503071 "experimento_20" 20 1000 1000 0.95 1 0.4 1 0.8
0.997021074173972 0.979742707195179 "experimento_20" 20 1000 1000 0.95 1 0.4 1 0.8
1.00380882807076 0.976148858746133 "experimento_20" 20 1000 1000 0.95 1 0.4 1 0.8
0.998338917968795 1.00209168259047 "experimento_20" 20 1000 1000 0.95 1 0.4 1 0.8
0.999946280615404 0.916200665539625 "experimento_20" 20 1000 1000 0.95 1 0.4 1 0.8
0.988583321683109 1.13086123176562 "experimento_20" 20 1000 1000 0.95 1 0.4 1 0.8
1.02032343996689 0.947407430422189 "experimento_20" 20 1000 1000 0.95 1 0.4 1 0.8
0.997893794905394 1.2593006050507 "experimento_20" 20 1000 1000 0.95 1 0.4 1 0.8
0.534592055249959 3.08988097345752 "experimento_20" 20 1000 1000 0.95 1 0.4 1 0.8
0.998842807952315 0.93430052204042 "experimento_20" 20 1000 1000 0.95 1 0.4 1 0.8
0.999201406724751 1.29933999439285 "experimento_20" 20 1000 1000 0.95 1 0.4 1 0.8
0.991979440441355 0.98905497739591 "experimento_20" 20 1000 1000 0.95 1 0.4 1 0.8
0.99346523033455 1.05384406214291 "experimento_20" 20 1000 1000 0.95 1 0.4 1 0.8
0.998143367934972 0.837981550241932 "experimento_20" 20 1000 1000 0.95 1 0.4 1 0.8
0.997755688847974 0.958048704362385 "experimento_20" 20 1000 1000 0.95 1 0.4 1 0.8
0.999267604900524 0.875315800981173 "experimento_20" 20 1000 1000 0.95 1 0.4 1 0.8
0.503791864262894 2.66235236640878 "experimento_20" 20 1000 1000 0.95 1 0.4 1 0.8
1.13449226971716 0.801644952436178 "experimento_20" 20 1000 1000 0.95 1 0.4 1 0.8
0.998359406134114 1.00298038935112 "experimento_20" 20 1000 1000 0.95 1 0.4 1 0.8
1.01406688103452 1.03121360640751 "experimento_20" 20 1000 1000 0.95 1 0.4 1 0.8
1.15760964853689 1.3211474158907 "experimento_20" 20 1000 1000 0.95 1 0.4 1 0.8
0.999127224320546 1.0435638415671 "experimento_20" 20 1000 1000 0.95 1 0.4 1 0.8
0.996827504364774 1.61964589657069 "experimento_20" 20 1000 1000 0.95 1 0.4 1 0.8
0.999103877926245 0.836236551955298 "experimento_20" 20 1000 1000 0.95 1 0.4 1 0.8
1.1031886373782 1.16601252538949 "experimento_20" 20 1000 1000 0.95 1 0.4 1 0.8
1.07672677714345 0.896369577375928 "experimento_20" 20 1000 1000 0.95 1 0.4 1 0.8
0.996726744808257 1.03402628004186 "experimento_20" 20 1000 1000 0.95 1 0.4 1 0.8
0.997637380380183 0.801206194388307 "experimento_20" 20 1000 1000 0.95 1 0.4 1 0.8
0.997184969251975 1.37335427433638 "experimento_20" 20 1000 1000 0.95 1 0.4 1 0.8
0.996827530907467 1.04265749419753 "experimento_20" 20 1000 1000 0.95 1 0.4 1 0.8
0.999408310744911 1.29672766983024 "experimento_20" 20 1000 1000 0.95 1 0.4 1 0.8
0.996254612924531 0.901900041004931 "experimento_20" 20 1000 1000 0.95 1 0.4 1 0.8
0.996312371455133 1.14880755736268 "experimento_20" 20 1000 1000 0.95 1 0.4 1 0.8
0.999546573963016 1.1585757089859 "experimento_20" 20 1000 1000 0.95 1 0.4 1 0.8
0.538523652357981 2.83657191606596 "experimento_20" 20 1000 1000 0.95 1 0.4 1 0.8
0.996750928461552 0.95270735839212 "experimento_20" 20 1000 1000 0.95 1 0.4 1 0.8
0.988989996491 1.13122857434167 "experimento_20" 20 1000 1000 0.95 1 0.4 1 0.8
0.997340388596058 0.870488720882647 "experimento_20" 20 1000 1000 0.95 1 0.4 1 0.8
1.01494796171542 0.805001857217276 "experimento_20" 20 1000 1000 0.95 1 0.4 1 0.8
0.998469047248363 1.00979022097261 "experimento_20" 20 1000 1000 0.95 1 0.4 1 0.8
1.15020327921957 0.984587895807346 "experimento_20" 20 1000 1000 0.95 1 0.4 1 0.8
1.00030338871576 0.770863558405788 "experimento_20" 20 1000 1000 0.95 1 0.4 1 0.8
0.999313994077966 0.887736521243295 "experimento_20" 20 1000 1000 0.95 1 0.4 1 0.8
1.16685348888859 0.886871460611162 "experimento_20" 20 1000 1000 0.95 1 0.4 1 0.8
1.32342851161957 1.11334041126382 "experimento_20" 20 1000 1000 0.95 1 0.4 1 0.8
1.21319080704075 1.82423170505757 "experimento_20" 20 1000 1000 0.95 1 0.4 1 0.8
1.22143482649699 1.08946032349154 "experimento_20" 20 1000 1000 0.95 1 0.4 1 0.8
1.23312995884594 1.60630686818153 "experimento_20" 20 1000 1000 0.95 1 0.4 1 0.8
0.997084629256278 1.12405581689638 "experimento_20" 20 1000 1000 0.95 1 0.4 1 0.8
1.02220066248662 0.94857638572666 "experimento_20" 20 1000 1000 0.95 1 0.4 1 0.8
1.04885314684361 1.11171447293679 "experimento_20" 20 1000 1000 0.95 1 0.4 1 0.8
1.1058366705279 1.57302009927369 "experimento_20" 20 1000 1000 0.95 1 0.4 1 0.8
0.994756231317297 1.04152790575747 "experimento_20" 20 1000 1000 0.95 1 0.4 1 0.8
0.99761874275282 1.01421484054486 "experimento_20" 20 1000 1000 0.95 1 0.4 1 0.8
1.42898370179397 1.20640793905224 "experimento_20" 20 1000 1000 0.95 1 0.4 1 0.8
1.01791903935373 1.12362281122651 "experimento_20" 20 1000 1000 0.95 1 0.4 1 0.8
1.30654922779649 1.3779208519151 "experimento_20" 20 1000 1000 0.95 1 0.4 1 0.8
0.996058071497828 1.05717709059637 "experimento_20" 20 1000 1000 0.95 1 0.4 1 0.8
0.99934737267904 0.95161343137869 "experimento_20" 20 1000 1000 0.95 1 0.4 1 0.8
0.998199414927512 1.05040534666923 "experimento_20" 20 1000 1000 0.95 1 0.4 1 0.8
0.997127590468153 0.99021112897793 "experimento_20" 20 1000 1000 0.95 1 0.4 1 0.8
1.00202769930224 1.22698967009488 "experimento_20" 20 1000 1000 0.95 1 0.4 1 0.8
0.995564929675311 1.11492458489087 "experimento_20" 20 1000 1000 0.95 1 0.4 1 0.8
1.2595641403459 0.869594956769267 "experimento_20" 20 1000 1000 0.95 1 0.4 1 0.8
1.03746136652203 0.934963724115824 "experimento_20" 20 1000 1000 0.95 1 0.4 1 0.8
1.17695217307534 1.17158485909368 "experimento_20" 20 1000 1000 0.95 1 0.4 1 0.8
0.99993933388032 1.02138965681261 "experimento_20" 20 1000 1000 0.95 1 0.4 1 0.8
1.00402721436694 1.07740863832694 "experimento_20" 20 1000 1000 0.95 1 0.4 1 0.8
1.05961269885302 0.965617840278986 "experimento_20" 20 1000 1000 0.95 1 0.4 1 0.8
0.997631580103189 1.26655889672681 "experimento_20" 20 1000 1000 0.95 1 0.4 1 0.8
0.995692287804559 1.37222225667418 "experimento_20" 20 1000 1000 0.95 1 0.4 1 0.8
0.999309319537133 0.937261630452013 "experimento_20" 20 1000 1000 0.95 1 0.4 1 0.8
0.995954066282138 0.945217236812013 "experimento_20" 20 1000 1000 0.95 1 0.4 1 0.8
1.03803838137537 0.95656247683441 "experimento_20" 20 1000 1000 0.95 1 0.4 1 0.8
0.999457557452843 0.991129118288709 "experimento_20" 20 1000 1000 0.95 1 0.4 1 0.8
0.999799083918333 0.891641149572338 "experimento_20" 20 1000 1000 0.95 1 0.4 1 0.8
0.996337821707129 0.838770990764225 "experimento_20" 20 1000 1000 0.95 1 0.4 1 0.8
0.99623649707064 1.00295944198769 "experimento_20" 20 1000 1000 0.95 1 0.4 1 0.8
0.994090389693156 1.00031916825608 "experimento_20" 20 1000 1000 0.95 1 0.4 1 0.8
1.12081901542842 0.961224416369091 "experimento_20" 20 1000 1000 0.95 1 0.4 1 0.8
1.13295819377527 1.00184043672527 "experimento_20" 20 1000 1000 0.95 1 0.4 1 0.8
1.27984061231837 0.827907165628312 "experimento_20" 20 1000 1000 0.95 1 0.4 1 0.8
0.999648427823558 0.908903605390503 "experimento_20" 20 1000 1000 0.95 1 0.4 1 0.8
0.994172215927392 0.674939648465998 "experimento_20" 20 1000 1000 0.95 1 0.4 1 0.8
1.09080903278664 0.776583613412007 "experimento_20" 20 1000 1000 0.95 1 0.4 1 0.8
0.997157105943188 1.08284386038176 "experimento_20" 20 1000 1000 0.95 1 0.4 1 0.8
0.998232311569154 1.08456814444831 "experimento_20" 20 1000 1000 0.95 1 0.4 1 0.8
1.01256941429903 1.27188555426179 "experimento_20" 20 1000 1000 0.95 1 0.4 1 0.8
0.995594975538552 0.943388195981494 "experimento_20" 20 1000 1000 0.95 1 0.4 1 0.8
0.998564502224326 0.874842103453095 "experimento_20" 20 1000 1000 0.95 1 0.4 1 0.8
1.10254572499719 1.03502881804162 "experimento_20" 20 1000 1000 0.95 1 0.4 1 0.8
0.995093245292082 1.18422463172556 "experimento_20" 20 1000 1000 0.95 1 0.4 1 0.8
1.0064832479693 1.11022576846438 "experimento_20" 20 1000 1000 0.95 1 0.4 1 0.8
0.993822921067476 1.26636718672499 "experimento_20" 20 1000 1000 0.95 1 0.4 1 0.8
0.994524094741791 1.13793023180182 "experimento_20" 20 1000 1000 0.95 1 0.4 1 0.8
1.00330884428695 1.07978234221017 "experimento_20" 20 1000 1000 0.95 1 0.4 1 0.8
0.993789719184861 1.18936280120729 "experimento_20" 20 1000 1000 0.95 1 0.4 1 0.8
0.997592386091128 1.20538130187317 "experimento_20" 20 1000 1000 0.95 1 0.4 1 0.8
1.0026242416352 1.10864876791208 "experimento_20" 20 1000 1000 0.95 1 0.4 1 0.8
1.00056863576174 1.20280299211193 "experimento_20" 20 1000 1000 0.95 1 0.4 1 0.8
1.05060901699404 1.15321117346535 "experimento_20" 20 1000 1000 0.95 1 0.4 1 0.8
0.996721943374723 1.12602876869368 "experimento_20" 20 1000 1000 0.95 1 0.4 1 0.8
0.999585460172966 1.13790330707364 "experimento_20" 20 1000 1000 0.95 1 0.4 1 0.8
0.996105995960534 1.26690691092797 "experimento_20" 20 1000 1000 0.95 1 0.4 1 0.8
1.00423985254019 1.00812691738281 "experimento_20" 20 1000 1000 0.95 1 0.4 1 0.8
1.31940130610019 1.10768426291989 "experimento_20" 20 1000 1000 0.95 1 0.4 1 0.8
1.255149662029 0.783640461284201 "experimento_20" 20 1000 1000 0.95 1 0.4 1 0.8
0.996741647599265 1.20343924800525 "experimento_20" 20 1000 1000 0.95 1 0.4 1 0.8
0.994337487500161 0.892625221747243 "experimento_20" 20 1000 1000 0.95 1 0.4 1 0.8
0.996775395004079 1.23752476934843 "experimento_20" 20 1000 1000 0.95 1 0.4 1 0.8
0.998801663285121 1.15379262626199 "experimento_20" 20 1000 1000 0.95 1 0.4 1 0.8
0.999329610029235 1.08595686616654 "experimento_20" 20 1000 1000 0.95 1 0.4 1 0.8
1.01424062521116 0.878262108553407 "experimento_20" 20 1000 1000 0.95 1 0.4 1 0.8
1.00076649338007 0.860508926121917 "experimento_20" 20 1000 1000 0.95 1 0.4 1 0.8
0.994384199846536 1.23018273958837 "experimento_20" 20 1000 1000 0.95 1 0.4 1 0.8
0.99880218016915 1.09815390944312 "experimento_20" 20 1000 1000 0.95 1 0.4 1 0.8
0.997523431666195 1.05310969896688 "experimento_20" 20 1000 1000 0.95 1 0.4 1 0.8
0.996242334833369 1.20739321188878 "experimento_20" 20 1000 1000 0.95 1 0.4 1 0.8
0.994728423189372 0.938170915277018 "experimento_20" 20 1000 1000 0.95 1 0.4 1 0.8
1.06688855944164 0.876242447356139 "experimento_20" 20 1000 1000 0.95 1 0.4 1 0.8
0.997976091690361 1.40345075847177 "experimento_20" 20 1000 1000 0.95 1 0.4 1 0.8
0.996125665027648 1.16073385369243 "experimento_20" 20 1000 1000 0.95 1 0.4 1 0.8
0.998879004502669 1.74618920944264 "experimento_20" 20 1000 1000 0.95 1 0.4 1 0.8
0.992383182514459 1.28363024578108 "experimento_20" 20 1000 1000 0.95 1 0.4 1 0.8
0.998423242941499 0.994123040815043 "experimento_20" 20 1000 1000 0.95 1 0.4 1 0.8
0.999140733620152 0.856115876969624 "experimento_20" 20 1000 1000 0.95 1 0.4 1 0.8
1.43926012789789 1.19921414730484 "experimento_20" 20 1000 1000 0.95 1 0.4 1 0.8
1.02047205177272 1.04166835130183 "experimento_20" 20 1000 1000 0.95 1 0.4 1 0.8
0.999440629268065 1.25789441462641 "experimento_20" 20 1000 1000 0.95 1 0.4 1 0.8
1.28129798872396 1.46951465580467 "experimento_20" 20 1000 1000 0.95 1 0.4 1 0.8
0.996371120912954 1.26463804059253 "experimento_20" 20 1000 1000 0.95 1 0.4 1 0.8
0.999595025554299 1.02421782514418 "experimento_20" 20 1000 1000 0.95 1 0.4 1 0.8
0.535446852445602 3.17623814533581 "experimento_20" 20 1000 1000 0.95 1 0.4 1 0.8
0.999498344957829 1.1794870391314 "experimento_20" 20 1000 1000 0.95 1 0.4 1 0.8
0.995869333622977 0.854868774284415 "experimento_20" 20 1000 1000 0.95 1 0.4 1 0.8
0.990095596527681 1.26832498522484 "experimento_20" 20 1000 1000 0.95 1 0.4 1 0.8
0.999008814338595 1.09322005969332 "experimento_20" 20 1000 1000 0.95 1 0.4 1 0.8
0.994824336143211 1.12626706811873 "experimento_20" 20 1000 1000 0.95 1 0.4 1 0.8
1.00238439652571 0.951845076665597 "experimento_20" 20 1000 1000 0.95 1 0.4 1 0.8
1.02393155132395 1.18444806856052 "experimento_20" 20 1000 1000 0.95 1 0.4 1 0.8
0.999192516785115 1.19978092561909 "experimento_20" 20 1000 1000 0.95 1 0.4 1 0.8
0.998423208482563 1.11632645179573 "experimento_20" 20 1000 1000 0.95 1 0.4 1 0.8
0.996523377718404 1.1140337483986 "experimento_20" 20 1000 1000 0.95 1 0.4 1 0.8
0.991408281028271 1.26379210912132 "experimento_20" 20 1000 1000 0.95 1 0.4 1 0.8
0.990642626304179 1.05636052592679 "experimento_20" 20 1000 1000 0.95 1 0.4 1 0.8
1.01011578412727 0.936980030874703 "experimento_20" 20 1000 1000 0.95 1 0.4 1 0.8
0.991900724126026 1.11443481500272 "experimento_20" 20 1000 1000 0.95 1 0.4 1 0.8
0.999707443872467 1.36582096121681 "experimento_20" 20 1000 1000 0.95 1 0.4 1 0.8
1.11063352874945 1.09846429857852 "experimento_20" 20 1000 1000 0.95 1 0.4 1 0.8
0.993432279210538 1.13592248319519 "experimento_20" 20 1000 1000 0.95 1 0.4 1 0.8
1.09707834850997 1.23267829580421 "experimento_20" 20 1000 1000 0.95 1 0.4 1 0.8
0.997381167951971 0.858373086893579 "experimento_20" 20 1000 1000 0.95 1 0.4 1 0.8
1.0186037768904 1.12360655907759 "experimento_20" 20 1000 1000 0.95 1 0.4 1 0.8
0.984389525605366 1.037684102895 "experimento_20" 20 1000 1000 0.95 1 0.4 1 0.8
1.01846772665158 1.06181365695109 "experimento_20" 20 1000 1000 0.95 1 0.4 1 0.8
0.992924793856218 0.918814710235106 "experimento_20" 20 1000 1000 0.95 1 0.4 1 0.8
0.996712231310084 0.911020845997253 "experimento_20" 20 1000 1000 0.95 1 0.4 1 0.8
1.08217188800557 0.898971173263755 "experimento_20" 20 1000 1000 0.95 1 0.4 1 0.8
0.994452296523377 1.0520580935399 "experimento_20" 20 1000 1000 0.95 1 0.4 1 0.8
0.996767268283293 1.2965969506006 "experimento_20" 20 1000 1000 0.95 1 0.4 1 0.8
0.992762278299779 1.07353698337851 "experimento_20" 20 1000 1000 0.95 1 0.4 1 0.8
0.997209425549954 1.15556209018853 "experimento_20" 20 1000 1000 0.95 1 0.4 1 0.8
0.999241693643853 1.00649735667061 "experimento_20" 20 1000 1000 0.95 1 0.4 1 0.8
1.00300697190687 0.896003138842164 "experimento_20" 20 1000 1000 0.95 1 0.4 1 0.8
0.995598362060264 1.33183465172369 "experimento_20" 20 1000 1000 0.95 1 0.4 1 0.8
1.08024142775685 1.0260579681045 "experimento_20" 20 1000 1000 0.95 1 0.4 1 0.8
0.999847060069442 1.12543826197593 "experimento_20" 20 1000 1000 0.95 1 0.4 1 0.8
1.66284528700635 0.639786909846204 "experimento_20" 20 1000 1000 0.95 1 0.4 1 0.8
1.03383884816403 1.19915724141047 "experimento_20" 20 1000 1000 0.95 1 0.4 1 0.8
0.987491291714832 1.14418868315328 "experimento_20" 20 1000 1000 0.95 1 0.4 1 0.8
0.997141326311976 0.804073358820245 "experimento_20" 20 1000 1000 0.95 1 0.4 1 0.8
1.00147794513032 1.04484008146381 "experimento_20" 20 1000 1000 0.95 1 0.4 1 0.8
1.58255534945056 1.24703758973505 "experimento_20" 20 1000 1000 0.95 1 0.4 1 0.8
1.19480413617566 1.00095516349685 "experimento_20" 20 1000 1000 0.95 1 0.4 1 0.8
0.998187601100653 0.998284327669076 "experimento_20" 20 1000 1000 0.95 1 0.4 1 0.8
0.998955402057618 1.13956655009623 "experimento_20" 20 1000 1000 0.95 1 0.4 1 0.8
0.996202515205368 1.38781503450701 "experimento_20" 20 1000 1000 0.95 1 0.4 1 0.8
0.995852415449917 1.00148175301465 "experimento_20" 20 1000 1000 0.95 1 0.4 1 0.8
1.08514908608049 1.26704683352097 "experimento_20" 20 1000 1000 0.95 1 0.4 1 0.8
0.995744101004675 1.2964432421438 "experimento_20" 20 1000 1000 0.95 1 0.4 1 0.8
0.998885325388983 0.777135793169279 "experimento_20" 20 1000 1000 0.95 1 0.4 1 0.8
0.994001813000068 1.44776351295666 "experimento_20" 20 1000 1000 0.95 1 0.4 1 0.8
0.999655121238902 0.645679590210871 "experimento_20" 20 1000 1000 0.95 1 0.4 1 0.8
0.998913201037794 0.982353327530339 "experimento_20" 20 1000 1000 0.95 1 0.4 1 0.8
0.999346399214119 0.902409329717819 "experimento_20" 20 1000 1000 0.95 1 0.4 1 0.8
0.99836657801643 1.13951938569954 "experimento_20" 20 1000 1000 0.95 1 0.4 1 0.8
0.999563365476206 0.744163207449259 "experimento_20" 20 1000 1000 0.95 1 0.4 1 0.8
1.00557842897251 0.913310111459274 "experimento_20" 20 1000 1000 0.95 1 0.4 1 0.8
0.999625481432304 1.03259971655745 "experimento_20" 20 1000 1000 0.95 1 0.4 1 0.8
1.04290519235656 1.02240105540862 "experimento_20" 20 1000 1000 0.95 1 0.4 1 0.8
0.498302872292697 2.69150277055076 "experimento_20" 20 1000 1000 0.95 1 0.4 1 0.8
0.999914848944172 0.9802276165846 "experimento_20" 20 1000 1000 0.95 1 0.4 1 0.8
0.998225080315024 1.12041433239362 "experimento_20" 20 1000 1000 0.95 1 0.4 1 0.8
0.998097856296226 1.0227738407665 "experimento_20" 20 1000 1000 0.95 1 0.4 1 0.8
0.998381826560944 0.95555293681245 "experimento_20" 20 1000 1000 0.95 1 0.4 1 0.8
0.999632303370163 0.896570823821966 "experimento_20" 20 1000 1000 0.95 1 0.4 1 0.8
0.997001562500373 1.12316641121254 "experimento_20" 20 1000 1000 0.95 1 0.4 1 0.8
0.998022938147187 1.12035007452234 "experimento_20" 20 1000 1000 0.95 1 0.4 1 0.8
1.20756901653922 1.11649163219011 "experimento_20" 20 1000 1000 0.95 1 0.4 1 0.8
1.16805449919775 0.73616749240445 "experimento_20" 20 1000 1000 0.95 1 0.4 1 0.8
1.17016414621928 1.09322545228618 "experimento_20" 20 1000 1000 0.95 1 0.4 1 0.8
0.994206828530878 1.08136996011225 "experimento_20" 20 1000 1000 0.95 1 0.4 1 0.8
0.990154408151284 1.04187769929065 "experimento_20" 20 1000 1000 0.95 1 0.4 1 0.8
0.992936781840399 0.990600261597746 "experimento_20" 20 1000 1000 0.95 1 0.4 1 0.8
0.994586137821898 1.13999548884512 "experimento_20" 20 1000 1000 0.95 1 0.4 1 0.8
1.00263633654491 0.833397185717074 "experimento_20" 20 1000 1000 0.95 1 0.4 1 0.8
0.991810124600306 1.02653141173974 "experimento_20" 20 1000 1000 0.95 1 0.4 1 0.8
0.998104250524193 0.838913462614826 "experimento_20" 20 1000 1000 0.95 1 0.4 1 0.8
0.999868828803301 1.1048144163578 "experimento_20" 20 1000 1000 0.95 1 0.4 1 0.8
1.00842814007774 0.875477566741618 "experimento_20" 20 1000 1000 0.95 1 0.4 1 0.8
0.998415536014363 0.965526044958492 "experimento_20" 20 1000 1000 0.95 1 0.4 1 0.8
0.996824237750843 1.31158837075765 "experimento_20" 20 1000 1000 0.95 1 0.4 1 0.8
0.999420943902805 0.788717896638594 "experimento_20" 20 1000 1000 0.95 1 0.4 1 0.8
1.02755277149373 1.01415750001145 "experimento_20" 20 1000 1000 0.95 1 0.4 1 0.8
0.9947831670288 1.02915854755398 "experimento_20" 20 1000 1000 0.95 1 0.4 1 0.8
1.05618622899055 0.906639457537381 "experimento_20" 20 1000 1000 0.95 1 0.4 1 0.8
0.996581853367388 1.00004286599142 "experimento_20" 20 1000 1000 0.95 1 0.4 1 0.8
1.52320887334645 0.917532798557699 "experimento_20" 20 1000 1000 0.95 1 0.4 1 0.8
0.995986785972491 1.41219578137849 "experimento_20" 20 1000 1000 0.95 1 0.4 1 0.8
0.996856137411669 1.03083573211167 "experimento_20" 20 1000 1000 0.95 1 0.4 1 0.8
0.997497662901878 1.13615114511623 "experimento_20" 20 1000 1000 0.95 1 0.4 1 0.8
1.00565263441415 1.00031711184628 "experimento_20" 20 1000 1000 0.95 1 0.4 1 0.8
0.998983732890338 0.762254872877889 "experimento_20" 20 1000 1000 0.95 1 0.4 1 0.8
0.999328371603042 0.968023351937029 "experimento_20" 20 1000 1000 0.95 1 0.4 1 0.8
0.989782879361883 1.16467507920731 "experimento_20" 20 1000 1000 0.95 1 0.4 1 0.8
0.995366432704031 1.01540405826129 "experimento_20" 20 1000 1000 0.95 1 0.4 1 0.8
