"est.u" "est.lamb" "name" "seed" "size" "replicates" "p_umbral" "exp_lambda" "alpha_pen" "n_pen" "c"
0.992967231897637 0.531005761106301 "experimento_2" 2 1000 1000 0.8 0.5 0.4 1 0.8
0.997089134063572 0.51029163864231 "experimento_2" 2 1000 1000 0.8 0.5 0.4 1 0.8
0.989242930198088 0.489648944184451 "experimento_2" 2 1000 1000 0.8 0.5 0.4 1 0.8
0.990526768611744 0.53514117199119 "experimento_2" 2 1000 1000 0.8 0.5 0.4 1 0.8
0.995757067110389 0.512048502653599 "experimento_2" 2 1000 1000 0.8 0.5 0.4 1 0.8
1.29262820724398 0.482529888103593 "experimento_2" 2 1000 1000 0.8 0.5 0.4 1 0.8
0.977606551488861 0.492750412834883 "experimento_2" 2 1000 1000 0.8 0.5 0.4 1 0.8
0.991829308215529 0.480587963962531 "experimento_2" 2 1000 1000 0.8 0.5 0.4 1 0.8
0.998533173464239 0.548668135365524 "experimento_2" 2 1000 1000 0.8 0.5 0.4 1 0.8
0.986879613716155 0.475749660434501 "experimento_2" 2 1000 1000 0.8 0.5 0.4 1 0.8
0.992582216626033 0.50162274807261 "experimento_2" 2 1000 1000 0.8 0.5 0.4 1 0.8
1.02729734499007 0.535177260251574 "experimento_2" 2 1000 1000 0.8 0.5 0.4 1 0.8
0.989391452632844 0.565242485441211 "experimento_2" 2 1000 1000 0.8 0.5 0.4 1 0.8
0.998179628513753 0.507271118031942 "experimento_2" 2 1000 1000 0.8 0.5 0.4 1 0.8
0.973799094092101 0.545127388238316 "experimento_2" 2 1000 1000 0.8 0.5 0.4 1 0.8
1.03609611280262 0.502300512824024 "experimento_2" 2 1000 1000 0.8 0.5 0.4 1 0.8
0.988809840753675 0.494819110772895 "experimento_2" 2 1000 1000 0.8 0.5 0.4 1 0.8
1.01162551902235 0.484833616885627 "experimento_2" 2 1000 1000 0.8 0.5 0.4 1 0.8
0.997213669586927 0.524649763299074 "experimento_2" 2 1000 1000 0.8 0.5 0.4 1 0.8
1.08361542456028 0.452665050258455 "experimento_2" 2 1000 1000 0.8 0.5 0.4 1 0.8
1.001958232373 0.486255271043393 "experimento_2" 2 1000 1000 0.8 0.5 0.4 1 0.8
0.970359831349924 0.552631128997391 "experimento_2" 2 1000 1000 0.8 0.5 0.4 1 0.8
0.991801418131217 0.480245507904136 "experimento_2" 2 1000 1000 0.8 0.5 0.4 1 0.8
0.98012413084507 0.578340906681332 "experimento_2" 2 1000 1000 0.8 0.5 0.4 1 0.8
1.04676236718338 0.476188222148522 "experimento_2" 2 1000 1000 0.8 0.5 0.4 1 0.8
0.990129976300523 0.492410371563079 "experimento_2" 2 1000 1000 0.8 0.5 0.4 1 0.8
1.08331704698503 0.527329747676538 "experimento_2" 2 1000 1000 0.8 0.5 0.4 1 0.8
0.989577916683629 0.587075089863269 "experimento_2" 2 1000 1000 0.8 0.5 0.4 1 0.8
0.994508183095604 0.476363360370332 "experimento_2" 2 1000 1000 0.8 0.5 0.4 1 0.8
0.994277797872201 0.565244220590192 "experimento_2" 2 1000 1000 0.8 0.5 0.4 1 0.8
0.998370932647958 0.526591345563194 "experimento_2" 2 1000 1000 0.8 0.5 0.4 1 0.8
0.997956758132204 0.583866405768741 "experimento_2" 2 1000 1000 0.8 0.5 0.4 1 0.8
0.993106095818803 0.486765611969273 "experimento_2" 2 1000 1000 0.8 0.5 0.4 1 0.8
1.01709192794185 0.531542757532247 "experimento_2" 2 1000 1000 0.8 0.5 0.4 1 0.8
0.99457329348661 0.45977337905272 "experimento_2" 2 1000 1000 0.8 0.5 0.4 1 0.8
1.00115817133337 0.518450959697083 "experimento_2" 2 1000 1000 0.8 0.5 0.4 1 0.8
0.983391454210505 0.579166876429503 "experimento_2" 2 1000 1000 0.8 0.5 0.4 1 0.8
0.987809350946918 0.481693852580293 "experimento_2" 2 1000 1000 0.8 0.5 0.4 1 0.8
0.999087293399498 0.502765356616459 "experimento_2" 2 1000 1000 0.8 0.5 0.4 1 0.8
1.02873566626268 0.470514332421069 "experimento_2" 2 1000 1000 0.8 0.5 0.4 1 0.8
0.993211627705023 0.516226023475001 "experimento_2" 2 1000 1000 0.8 0.5 0.4 1 0.8
1.01237113622268 0.569889027304012 "experimento_2" 2 1000 1000 0.8 0.5 0.4 1 0.8
0.998776000691578 0.470938543952512 "experimento_2" 2 1000 1000 0.8 0.5 0.4 1 0.8
1.01362705359447 0.465352362912117 "experimento_2" 2 1000 1000 0.8 0.5 0.4 1 0.8
0.997771177673712 0.465072033908549 "experimento_2" 2 1000 1000 0.8 0.5 0.4 1 0.8
0.984572206158191 0.524800462527423 "experimento_2" 2 1000 1000 0.8 0.5 0.4 1 0.8
0.991403979249299 0.52356791973814 "experimento_2" 2 1000 1000 0.8 0.5 0.4 1 0.8
0.996692190412432 0.510891554398439 "experimento_2" 2 1000 1000 0.8 0.5 0.4 1 0.8
0.984901831485331 0.527262908719578 "experimento_2" 2 1000 1000 0.8 0.5 0.4 1 0.8
0.992003098828718 0.534225197927596 "experimento_2" 2 1000 1000 0.8 0.5 0.4 1 0.8
0.993649605661631 0.513014080434867 "experimento_2" 2 1000 1000 0.8 0.5 0.4 1 0.8
1.23837332457833 0.514513066288073 "experimento_2" 2 1000 1000 0.8 0.5 0.4 1 0.8
1.00738157052547 0.459880014682325 "experimento_2" 2 1000 1000 0.8 0.5 0.4 1 0.8
1.11748426613323 0.489613311388915 "experimento_2" 2 1000 1000 0.8 0.5 0.4 1 0.8
0.999327168567106 0.454501363977895 "experimento_2" 2 1000 1000 0.8 0.5 0.4 1 0.8
0.99196045473218 0.499396108994374 "experimento_2" 2 1000 1000 0.8 0.5 0.4 1 0.8
0.991252892417833 0.512040031137227 "experimento_2" 2 1000 1000 0.8 0.5 0.4 1 0.8
0.995582726085559 0.541740027369733 "experimento_2" 2 1000 1000 0.8 0.5 0.4 1 0.8
0.989385358756408 0.50637312161409 "experimento_2" 2 1000 1000 0.8 0.5 0.4 1 0.8
0.996174900792539 0.470685421526779 "experimento_2" 2 1000 1000 0.8 0.5 0.4 1 0.8
0.999682401539758 0.488073525510831 "experimento_2" 2 1000 1000 0.8 0.5 0.4 1 0.8
0.98486826941371 0.543327216526321 "experimento_2" 2 1000 1000 0.8 0.5 0.4 1 0.8
0.989820396760479 0.525620153446662 "experimento_2" 2 1000 1000 0.8 0.5 0.4 1 0.8
0.99931796011515 0.534717182847063 "experimento_2" 2 1000 1000 0.8 0.5 0.4 1 0.8
1.01282679475844 0.507071547699704 "experimento_2" 2 1000 1000 0.8 0.5 0.4 1 0.8
0.98782392591238 0.528941517243736 "experimento_2" 2 1000 1000 0.8 0.5 0.4 1 0.8
0.989096322795376 0.48370568062064 "experimento_2" 2 1000 1000 0.8 0.5 0.4 1 0.8
0.990828217938542 0.543542696333352 "experimento_2" 2 1000 1000 0.8 0.5 0.4 1 0.8
0.992689978098497 0.415887317896658 "experimento_2" 2 1000 1000 0.8 0.5 0.4 1 0.8
0.998887290712446 0.463125734757694 "experimento_2" 2 1000 1000 0.8 0.5 0.4 1 0.8
0.986173480981961 0.573884191867501 "experimento_2" 2 1000 1000 0.8 0.5 0.4 1 0.8
1.01544211212043 0.473542195240258 "experimento_2" 2 1000 1000 0.8 0.5 0.4 1 0.8
1.03530027483038 0.479644646960467 "experimento_2" 2 1000 1000 0.8 0.5 0.4 1 0.8
0.993982031010091 0.51248659000167 "experimento_2" 2 1000 1000 0.8 0.5 0.4 1 0.8
0.999067286262289 0.562146531262335 "experimento_2" 2 1000 1000 0.8 0.5 0.4 1 0.8
0.994241585489362 0.507904055737058 "experimento_2" 2 1000 1000 0.8 0.5 0.4 1 0.8
0.994769764365628 0.498670661700349 "experimento_2" 2 1000 1000 0.8 0.5 0.4 1 0.8
1.32062462445469 0.507286702198277 "experimento_2" 2 1000 1000 0.8 0.5 0.4 1 0.8
0.987165399594232 0.530641226871602 "experimento_2" 2 1000 1000 0.8 0.5 0.4 1 0.8
0.994330738903955 0.462922234376011 "experimento_2" 2 1000 1000 0.8 0.5 0.4 1 0.8
0.991462875157595 0.473072871946677 "experimento_2" 2 1000 1000 0.8 0.5 0.4 1 0.8
1.03206973336637 0.539779362956524 "experimento_2" 2 1000 1000 0.8 0.5 0.4 1 0.8
0.985376238822937 0.503848665312955 "experimento_2" 2 1000 1000 0.8 0.5 0.4 1 0.8
1.18298824410886 0.501333541922295 "experimento_2" 2 1000 1000 0.8 0.5 0.4 1 0.8
0.975523861823604 0.493293600271761 "experimento_2" 2 1000 1000 0.8 0.5 0.4 1 0.8
1.00327202491462 0.554837131444946 "experimento_2" 2 1000 1000 0.8 0.5 0.4 1 0.8
0.999823863618076 0.481171397930153 "experimento_2" 2 1000 1000 0.8 0.5 0.4 1 0.8
0.996103719808161 0.482680435515829 "experimento_2" 2 1000 1000 0.8 0.5 0.4 1 0.8
0.995421924395487 0.523084845560068 "experimento_2" 2 1000 1000 0.8 0.5 0.4 1 0.8
1.01251202999031 0.479937348078531 "experimento_2" 2 1000 1000 0.8 0.5 0.4 1 0.8
0.986795999808237 0.535126267458953 "experimento_2" 2 1000 1000 0.8 0.5 0.4 1 0.8
0.996038605924696 0.565245107408505 "experimento_2" 2 1000 1000 0.8 0.5 0.4 1 0.8
0.996190991252661 0.555416196514308 "experimento_2" 2 1000 1000 0.8 0.5 0.4 1 0.8
0.973101336508989 0.563948150026857 "experimento_2" 2 1000 1000 0.8 0.5 0.4 1 0.8
0.987254039151594 0.495974992148021 "experimento_2" 2 1000 1000 0.8 0.5 0.4 1 0.8
0.990412532584742 0.485631138017985 "experimento_2" 2 1000 1000 0.8 0.5 0.4 1 0.8
1.00909366831183 0.476892788281861 "experimento_2" 2 1000 1000 0.8 0.5 0.4 1 0.8
0.997588115977123 0.521469732844861 "experimento_2" 2 1000 1000 0.8 0.5 0.4 1 0.8
0.981551753589883 0.488610974541338 "experimento_2" 2 1000 1000 0.8 0.5 0.4 1 0.8
0.999767340254039 0.484291936525505 "experimento_2" 2 1000 1000 0.8 0.5 0.4 1 0.8
1.04722438473254 0.523971085473871 "experimento_2" 2 1000 1000 0.8 0.5 0.4 1 0.8
0.999606752069667 0.559649722550448 "experimento_2" 2 1000 1000 0.8 0.5 0.4 1 0.8
1.15296898782253 0.494484828669989 "experimento_2" 2 1000 1000 0.8 0.5 0.4 1 0.8
0.995045280084014 0.538814617305215 "experimento_2" 2 1000 1000 0.8 0.5 0.4 1 0.8
0.991196397691965 0.454140578870685 "experimento_2" 2 1000 1000 0.8 0.5 0.4 1 0.8
0.990785433212295 0.476510530962334 "experimento_2" 2 1000 1000 0.8 0.5 0.4 1 0.8
1.02776876930147 0.494801324792954 "experimento_2" 2 1000 1000 0.8 0.5 0.4 1 0.8
0.99878043262288 0.503246673321538 "experimento_2" 2 1000 1000 0.8 0.5 0.4 1 0.8
0.989646472036839 0.532625362710671 "experimento_2" 2 1000 1000 0.8 0.5 0.4 1 0.8
0.989700204925612 0.558419330956328 "experimento_2" 2 1000 1000 0.8 0.5 0.4 1 0.8
0.991765970829874 0.588139396259868 "experimento_2" 2 1000 1000 0.8 0.5 0.4 1 0.8
0.995257743168622 0.452882078935637 "experimento_2" 2 1000 1000 0.8 0.5 0.4 1 0.8
0.999464215477929 0.543862023864997 "experimento_2" 2 1000 1000 0.8 0.5 0.4 1 0.8
1.18754450511187 0.479032594953234 "experimento_2" 2 1000 1000 0.8 0.5 0.4 1 0.8
0.998914759373292 0.448499837426976 "experimento_2" 2 1000 1000 0.8 0.5 0.4 1 0.8
1.02425142076824 0.489258615655025 "experimento_2" 2 1000 1000 0.8 0.5 0.4 1 0.8
0.997290781931952 0.504510083992563 "experimento_2" 2 1000 1000 0.8 0.5 0.4 1 0.8
0.977464945055544 0.539108606914135 "experimento_2" 2 1000 1000 0.8 0.5 0.4 1 0.8
1.00142028084592 0.474855287081934 "experimento_2" 2 1000 1000 0.8 0.5 0.4 1 0.8
1.01562772204884 0.519809142318827 "experimento_2" 2 1000 1000 0.8 0.5 0.4 1 0.8
1.01428792854938 0.480951963505257 "experimento_2" 2 1000 1000 0.8 0.5 0.4 1 0.8
0.98026005923748 0.51597967564023 "experimento_2" 2 1000 1000 0.8 0.5 0.4 1 0.8
0.985966099891812 0.547122834556098 "experimento_2" 2 1000 1000 0.8 0.5 0.4 1 0.8
0.981539317173883 0.534294457884187 "experimento_2" 2 1000 1000 0.8 0.5 0.4 1 0.8
0.993118557380512 0.490327135292866 "experimento_2" 2 1000 1000 0.8 0.5 0.4 1 0.8
1.00710479494743 0.427571582114455 "experimento_2" 2 1000 1000 0.8 0.5 0.4 1 0.8
0.995102856075391 0.490147215337858 "experimento_2" 2 1000 1000 0.8 0.5 0.4 1 0.8
0.995155102806166 0.528646338109023 "experimento_2" 2 1000 1000 0.8 0.5 0.4 1 0.8
0.998600003775209 0.49921096112455 "experimento_2" 2 1000 1000 0.8 0.5 0.4 1 0.8
1.14867653733257 0.495783947226061 "experimento_2" 2 1000 1000 0.8 0.5 0.4 1 0.8
0.996307867579162 0.492336354920167 "experimento_2" 2 1000 1000 0.8 0.5 0.4 1 0.8
1.0085863559578 0.476590616519471 "experimento_2" 2 1000 1000 0.8 0.5 0.4 1 0.8
0.996737087145448 0.536496971142496 "experimento_2" 2 1000 1000 0.8 0.5 0.4 1 0.8
0.998184566153213 0.518250638639425 "experimento_2" 2 1000 1000 0.8 0.5 0.4 1 0.8
0.994917582953349 0.456023741217271 "experimento_2" 2 1000 1000 0.8 0.5 0.4 1 0.8
0.986580670578405 0.529287241370156 "experimento_2" 2 1000 1000 0.8 0.5 0.4 1 0.8
1.03048928175122 0.511023250736517 "experimento_2" 2 1000 1000 0.8 0.5 0.4 1 0.8
1.18878663238138 0.491714394709685 "experimento_2" 2 1000 1000 0.8 0.5 0.4 1 0.8
0.979682547273114 0.469395310652583 "experimento_2" 2 1000 1000 0.8 0.5 0.4 1 0.8
0.996397846145555 0.477175065923318 "experimento_2" 2 1000 1000 0.8 0.5 0.4 1 0.8
1.04253182467073 0.535959991052146 "experimento_2" 2 1000 1000 0.8 0.5 0.4 1 0.8
0.997470741160214 0.554442641996862 "experimento_2" 2 1000 1000 0.8 0.5 0.4 1 0.8
1.05976311758856 0.503679302373798 "experimento_2" 2 1000 1000 0.8 0.5 0.4 1 0.8
0.993520251708105 0.53424177296216 "experimento_2" 2 1000 1000 0.8 0.5 0.4 1 0.8
0.983561607310548 0.478926321454152 "experimento_2" 2 1000 1000 0.8 0.5 0.4 1 0.8
0.996261181775481 0.497960204992156 "experimento_2" 2 1000 1000 0.8 0.5 0.4 1 0.8
1.10461084358394 0.547052843277006 "experimento_2" 2 1000 1000 0.8 0.5 0.4 1 0.8
0.999997458187863 0.537762930079369 "experimento_2" 2 1000 1000 0.8 0.5 0.4 1 0.8
1.00032075494528 0.492829642200978 "experimento_2" 2 1000 1000 0.8 0.5 0.4 1 0.8
0.998555193888023 0.462561167215927 "experimento_2" 2 1000 1000 0.8 0.5 0.4 1 0.8
0.988632242428139 0.487385522636481 "experimento_2" 2 1000 1000 0.8 0.5 0.4 1 0.8
0.984514211770147 0.481811563533087 "experimento_2" 2 1000 1000 0.8 0.5 0.4 1 0.8
1.39085688441992 0.493043221305761 "experimento_2" 2 1000 1000 0.8 0.5 0.4 1 0.8
0.994534969329834 0.485329689391855 "experimento_2" 2 1000 1000 0.8 0.5 0.4 1 0.8
0.99476806470193 0.479732624004289 "experimento_2" 2 1000 1000 0.8 0.5 0.4 1 0.8
1.24171696975827 0.531616597640204 "experimento_2" 2 1000 1000 0.8 0.5 0.4 1 0.8
0.987213744781911 0.507170378459525 "experimento_2" 2 1000 1000 0.8 0.5 0.4 1 0.8
1.01089856959879 0.517389979408232 "experimento_2" 2 1000 1000 0.8 0.5 0.4 1 0.8
1.11799807660282 0.447739290617333 "experimento_2" 2 1000 1000 0.8 0.5 0.4 1 0.8
0.997999895596877 0.549949033487072 "experimento_2" 2 1000 1000 0.8 0.5 0.4 1 0.8
1.01699266205435 0.464909631304377 "experimento_2" 2 1000 1000 0.8 0.5 0.4 1 0.8
0.971118748886511 0.527725269246775 "experimento_2" 2 1000 1000 0.8 0.5 0.4 1 0.8
0.999624602729455 0.555539251822607 "experimento_2" 2 1000 1000 0.8 0.5 0.4 1 0.8
0.991858778754249 0.504927081399375 "experimento_2" 2 1000 1000 0.8 0.5 0.4 1 0.8
0.995336626889184 0.482521436330167 "experimento_2" 2 1000 1000 0.8 0.5 0.4 1 0.8
0.994605518877506 0.574404883009366 "experimento_2" 2 1000 1000 0.8 0.5 0.4 1 0.8
1.00060796551406 0.542136575799272 "experimento_2" 2 1000 1000 0.8 0.5 0.4 1 0.8
0.977517125196755 0.478404284606321 "experimento_2" 2 1000 1000 0.8 0.5 0.4 1 0.8
0.989194994559512 0.538788744152436 "experimento_2" 2 1000 1000 0.8 0.5 0.4 1 0.8
1.00789899596215 0.502262193370578 "experimento_2" 2 1000 1000 0.8 0.5 0.4 1 0.8
0.99922108091414 0.482981542035464 "experimento_2" 2 1000 1000 0.8 0.5 0.4 1 0.8
0.999562141485512 0.534140452586947 "experimento_2" 2 1000 1000 0.8 0.5 0.4 1 0.8
1.24537190048796 0.470503657625065 "experimento_2" 2 1000 1000 0.8 0.5 0.4 1 0.8
1.11952666845173 0.450906900405132 "experimento_2" 2 1000 1000 0.8 0.5 0.4 1 0.8
0.993509408319369 0.487466001174378 "experimento_2" 2 1000 1000 0.8 0.5 0.4 1 0.8
0.992497098399326 0.541054785893231 "experimento_2" 2 1000 1000 0.8 0.5 0.4 1 0.8
0.99134714435786 0.431808833227206 "experimento_2" 2 1000 1000 0.8 0.5 0.4 1 0.8
0.997385491384193 0.50754884719349 "experimento_2" 2 1000 1000 0.8 0.5 0.4 1 0.8
0.991513923043385 0.508940855618197 "experimento_2" 2 1000 1000 0.8 0.5 0.4 1 0.8
0.994623237522319 0.448190278435856 "experimento_2" 2 1000 1000 0.8 0.5 0.4 1 0.8
0.998245402472094 0.523993006671693 "experimento_2" 2 1000 1000 0.8 0.5 0.4 1 0.8
1.01514430348369 0.453663407580294 "experimento_2" 2 1000 1000 0.8 0.5 0.4 1 0.8
0.995498073520139 0.483586781909148 "experimento_2" 2 1000 1000 0.8 0.5 0.4 1 0.8
1.32150620128959 0.473203059235136 "experimento_2" 2 1000 1000 0.8 0.5 0.4 1 0.8
1.02119787596166 0.546611617886003 "experimento_2" 2 1000 1000 0.8 0.5 0.4 1 0.8
1.6209022141993 0.386463033316449 "experimento_2" 2 1000 1000 0.8 0.5 0.4 1 0.8
0.991988877765834 0.467761500009536 "experimento_2" 2 1000 1000 0.8 0.5 0.4 1 0.8
0.994436937849969 0.563191345639858 "experimento_2" 2 1000 1000 0.8 0.5 0.4 1 0.8
1.02349297329783 0.53955384810584 "experimento_2" 2 1000 1000 0.8 0.5 0.4 1 0.8
1.0022424561705 0.51047669969645 "experimento_2" 2 1000 1000 0.8 0.5 0.4 1 0.8
1.01260670573992 0.585851531419812 "experimento_2" 2 1000 1000 0.8 0.5 0.4 1 0.8
0.999790275469422 0.557148803989831 "experimento_2" 2 1000 1000 0.8 0.5 0.4 1 0.8
0.983083464903757 0.547963039909917 "experimento_2" 2 1000 1000 0.8 0.5 0.4 1 0.8
0.986164108384401 0.549023476584425 "experimento_2" 2 1000 1000 0.8 0.5 0.4 1 0.8
1.03505886830776 0.466175216378501 "experimento_2" 2 1000 1000 0.8 0.5 0.4 1 0.8
0.991950294934213 0.538454617292576 "experimento_2" 2 1000 1000 0.8 0.5 0.4 1 0.8
0.999492344679311 0.527717581656459 "experimento_2" 2 1000 1000 0.8 0.5 0.4 1 0.8
0.995598586974666 0.528541518539721 "experimento_2" 2 1000 1000 0.8 0.5 0.4 1 0.8
0.997273842338473 0.568085161580596 "experimento_2" 2 1000 1000 0.8 0.5 0.4 1 0.8
1.17987642530352 0.47085140337832 "experimento_2" 2 1000 1000 0.8 0.5 0.4 1 0.8
1.02883986849338 0.465628158509481 "experimento_2" 2 1000 1000 0.8 0.5 0.4 1 0.8
0.988745136419311 0.559594146429921 "experimento_2" 2 1000 1000 0.8 0.5 0.4 1 0.8
0.989560377784073 0.522884722665834 "experimento_2" 2 1000 1000 0.8 0.5 0.4 1 0.8
0.99940404179506 0.506739120096229 "experimento_2" 2 1000 1000 0.8 0.5 0.4 1 0.8
0.994810419855639 0.483659356892907 "experimento_2" 2 1000 1000 0.8 0.5 0.4 1 0.8
1.160126470226 0.414637043486639 "experimento_2" 2 1000 1000 0.8 0.5 0.4 1 0.8
0.995483810082078 0.540052661502515 "experimento_2" 2 1000 1000 0.8 0.5 0.4 1 0.8
0.992921967525035 0.530988780716947 "experimento_2" 2 1000 1000 0.8 0.5 0.4 1 0.8
0.998314226046205 0.469913953784328 "experimento_2" 2 1000 1000 0.8 0.5 0.4 1 0.8
0.965605517150834 0.498699244682314 "experimento_2" 2 1000 1000 0.8 0.5 0.4 1 0.8
0.988589488901198 0.484507713401778 "experimento_2" 2 1000 1000 0.8 0.5 0.4 1 0.8
0.999880082206801 0.531667819195271 "experimento_2" 2 1000 1000 0.8 0.5 0.4 1 0.8
0.994170089485124 0.454074359045121 "experimento_2" 2 1000 1000 0.8 0.5 0.4 1 0.8
0.999779863515869 0.536421095283679 "experimento_2" 2 1000 1000 0.8 0.5 0.4 1 0.8
1.00336191989481 0.501596624139774 "experimento_2" 2 1000 1000 0.8 0.5 0.4 1 0.8
1.00117821153253 0.484298578647664 "experimento_2" 2 1000 1000 0.8 0.5 0.4 1 0.8
1.10766457262827 0.459143799779734 "experimento_2" 2 1000 1000 0.8 0.5 0.4 1 0.8
1.09576010610908 0.488272162755349 "experimento_2" 2 1000 1000 0.8 0.5 0.4 1 0.8
0.987998456228524 0.588061306850448 "experimento_2" 2 1000 1000 0.8 0.5 0.4 1 0.8
1.00149433018588 0.504317946382553 "experimento_2" 2 1000 1000 0.8 0.5 0.4 1 0.8
1.05722683295608 0.511338525644837 "experimento_2" 2 1000 1000 0.8 0.5 0.4 1 0.8
0.991725116968155 0.483593904107039 "experimento_2" 2 1000 1000 0.8 0.5 0.4 1 0.8
1.08463028818369 0.507709583764288 "experimento_2" 2 1000 1000 0.8 0.5 0.4 1 0.8
0.984410744393244 0.526473062749445 "experimento_2" 2 1000 1000 0.8 0.5 0.4 1 0.8
0.999189207097515 0.507392406681795 "experimento_2" 2 1000 1000 0.8 0.5 0.4 1 0.8
1.01058026879822 0.450186914059438 "experimento_2" 2 1000 1000 0.8 0.5 0.4 1 0.8
0.987854082370177 0.460112881349524 "experimento_2" 2 1000 1000 0.8 0.5 0.4 1 0.8
0.999748095637187 0.543616491730121 "experimento_2" 2 1000 1000 0.8 0.5 0.4 1 0.8
0.996464226162061 0.481809998070905 "experimento_2" 2 1000 1000 0.8 0.5 0.4 1 0.8
0.991859602509066 0.5508952901489 "experimento_2" 2 1000 1000 0.8 0.5 0.4 1 0.8
0.997824414167553 0.468872150985705 "experimento_2" 2 1000 1000 0.8 0.5 0.4 1 0.8
1.02735148195641 0.554141385907754 "experimento_2" 2 1000 1000 0.8 0.5 0.4 1 0.8
0.981068822322413 0.580253063569726 "experimento_2" 2 1000 1000 0.8 0.5 0.4 1 0.8
1.02168330736458 0.553318719000588 "experimento_2" 2 1000 1000 0.8 0.5 0.4 1 0.8
0.999174427241087 0.536104905943499 "experimento_2" 2 1000 1000 0.8 0.5 0.4 1 0.8
1.05738065430459 0.544131911137902 "experimento_2" 2 1000 1000 0.8 0.5 0.4 1 0.8
0.989134406438097 0.558632549928478 "experimento_2" 2 1000 1000 0.8 0.5 0.4 1 0.8
0.980023788753897 0.498284904577014 "experimento_2" 2 1000 1000 0.8 0.5 0.4 1 0.8
0.99826970603317 0.454123152933984 "experimento_2" 2 1000 1000 0.8 0.5 0.4 1 0.8
0.999198616249487 0.48672595671888 "experimento_2" 2 1000 1000 0.8 0.5 0.4 1 0.8
0.996915940660983 0.507464187189541 "experimento_2" 2 1000 1000 0.8 0.5 0.4 1 0.8
1.0050612539053 0.48809461559331 "experimento_2" 2 1000 1000 0.8 0.5 0.4 1 0.8
0.997847039951012 0.452746230801578 "experimento_2" 2 1000 1000 0.8 0.5 0.4 1 0.8
0.987386637600139 0.486033222182544 "experimento_2" 2 1000 1000 0.8 0.5 0.4 1 0.8
0.998634405201301 0.465761270452095 "experimento_2" 2 1000 1000 0.8 0.5 0.4 1 0.8
0.995696841040626 0.505564380520787 "experimento_2" 2 1000 1000 0.8 0.5 0.4 1 0.8
1.12570245098323 0.45995499473769 "experimento_2" 2 1000 1000 0.8 0.5 0.4 1 0.8
1.01707350090146 0.521870077714407 "experimento_2" 2 1000 1000 0.8 0.5 0.4 1 0.8
0.999883640557528 0.531780694389728 "experimento_2" 2 1000 1000 0.8 0.5 0.4 1 0.8
1.00214994234646 0.539619455000942 "experimento_2" 2 1000 1000 0.8 0.5 0.4 1 0.8
0.989978449419141 0.554971730997099 "experimento_2" 2 1000 1000 0.8 0.5 0.4 1 0.8
0.998151065083221 0.576715182193639 "experimento_2" 2 1000 1000 0.8 0.5 0.4 1 0.8
0.990202677901834 0.549844746117937 "experimento_2" 2 1000 1000 0.8 0.5 0.4 1 0.8
0.995942356297746 0.511019787149129 "experimento_2" 2 1000 1000 0.8 0.5 0.4 1 0.8
0.99202404730022 0.477771805962038 "experimento_2" 2 1000 1000 0.8 0.5 0.4 1 0.8
0.993147601839155 0.465447662381646 "experimento_2" 2 1000 1000 0.8 0.5 0.4 1 0.8
1.00320278493005 0.471664276231204 "experimento_2" 2 1000 1000 0.8 0.5 0.4 1 0.8
1.09892320905998 0.48565518422922 "experimento_2" 2 1000 1000 0.8 0.5 0.4 1 0.8
1.08893477368131 0.440966013245554 "experimento_2" 2 1000 1000 0.8 0.5 0.4 1 0.8
0.997562819160521 0.511159920356997 "experimento_2" 2 1000 1000 0.8 0.5 0.4 1 0.8
0.995926463510841 0.487570299702467 "experimento_2" 2 1000 1000 0.8 0.5 0.4 1 0.8
0.998354518786073 0.459810646571073 "experimento_2" 2 1000 1000 0.8 0.5 0.4 1 0.8
0.985232923878357 0.507843832819446 "experimento_2" 2 1000 1000 0.8 0.5 0.4 1 0.8
0.970131289912388 0.530156796420634 "experimento_2" 2 1000 1000 0.8 0.5 0.4 1 0.8
0.998831062112004 0.490697774677086 "experimento_2" 2 1000 1000 0.8 0.5 0.4 1 0.8
1.15241115401685 0.438032856052547 "experimento_2" 2 1000 1000 0.8 0.5 0.4 1 0.8
1.02073592506349 0.53318193626239 "experimento_2" 2 1000 1000 0.8 0.5 0.4 1 0.8
0.993752515409142 0.464183146800008 "experimento_2" 2 1000 1000 0.8 0.5 0.4 1 0.8
0.995767711894587 0.525510981348819 "experimento_2" 2 1000 1000 0.8 0.5 0.4 1 0.8
0.987303521018475 0.499572828030084 "experimento_2" 2 1000 1000 0.8 0.5 0.4 1 0.8
1.63665969949216 0.402611363421797 "experimento_2" 2 1000 1000 0.8 0.5 0.4 1 0.8
0.999574502464384 0.552424366900768 "experimento_2" 2 1000 1000 0.8 0.5 0.4 1 0.8
0.997117993887514 0.447532947649056 "experimento_2" 2 1000 1000 0.8 0.5 0.4 1 0.8
0.993562939576805 0.520302594405643 "experimento_2" 2 1000 1000 0.8 0.5 0.4 1 0.8
1.04489869599536 0.517296037783147 "experimento_2" 2 1000 1000 0.8 0.5 0.4 1 0.8
0.966837008018047 0.550722074415056 "experimento_2" 2 1000 1000 0.8 0.5 0.4 1 0.8
0.99843846145086 0.493551406268557 "experimento_2" 2 1000 1000 0.8 0.5 0.4 1 0.8
1.033347774297 0.487426633150863 "experimento_2" 2 1000 1000 0.8 0.5 0.4 1 0.8
1.06236988178038 0.466125764391599 "experimento_2" 2 1000 1000 0.8 0.5 0.4 1 0.8
0.993043003603816 0.571060892685487 "experimento_2" 2 1000 1000 0.8 0.5 0.4 1 0.8
0.999896662775427 0.52445729798223 "experimento_2" 2 1000 1000 0.8 0.5 0.4 1 0.8
0.993886049604043 0.640237050091078 "experimento_2" 2 1000 1000 0.8 0.5 0.4 1 0.8
0.998665981693193 0.527574465770905 "experimento_2" 2 1000 1000 0.8 0.5 0.4 1 0.8
0.995199251919985 0.468566677398079 "experimento_2" 2 1000 1000 0.8 0.5 0.4 1 0.8
1.02115510869771 0.494463801276548 "experimento_2" 2 1000 1000 0.8 0.5 0.4 1 0.8
0.997072975384071 0.563219199582276 "experimento_2" 2 1000 1000 0.8 0.5 0.4 1 0.8
0.998908171663061 0.53390774544447 "experimento_2" 2 1000 1000 0.8 0.5 0.4 1 0.8
0.99383969581686 0.499308474266666 "experimento_2" 2 1000 1000 0.8 0.5 0.4 1 0.8
0.992775052553043 0.524215068518467 "experimento_2" 2 1000 1000 0.8 0.5 0.4 1 0.8
0.995741047197953 0.547443187966349 "experimento_2" 2 1000 1000 0.8 0.5 0.4 1 0.8
0.995843717595562 0.494304923435889 "experimento_2" 2 1000 1000 0.8 0.5 0.4 1 0.8
0.998403571313247 0.536213493516778 "experimento_2" 2 1000 1000 0.8 0.5 0.4 1 0.8
0.984577027382329 0.560344278329248 "experimento_2" 2 1000 1000 0.8 0.5 0.4 1 0.8
0.988104319898412 0.551335184177591 "experimento_2" 2 1000 1000 0.8 0.5 0.4 1 0.8
0.989087578374892 0.569386445298389 "experimento_2" 2 1000 1000 0.8 0.5 0.4 1 0.8
0.981307703303173 0.481344957698663 "experimento_2" 2 1000 1000 0.8 0.5 0.4 1 0.8
0.995277836918831 0.482603248363273 "experimento_2" 2 1000 1000 0.8 0.5 0.4 1 0.8
1.02239392511547 0.500906411262292 "experimento_2" 2 1000 1000 0.8 0.5 0.4 1 0.8
0.999176456592977 0.490352799282883 "experimento_2" 2 1000 1000 0.8 0.5 0.4 1 0.8
1.00882055610418 0.529195286175212 "experimento_2" 2 1000 1000 0.8 0.5 0.4 1 0.8
0.998605061555281 0.475346562801078 "experimento_2" 2 1000 1000 0.8 0.5 0.4 1 0.8
1.09635881770562 0.472468110364841 "experimento_2" 2 1000 1000 0.8 0.5 0.4 1 0.8
0.991753039648756 0.498485016315599 "experimento_2" 2 1000 1000 0.8 0.5 0.4 1 0.8
0.99936790834181 0.446617111159405 "experimento_2" 2 1000 1000 0.8 0.5 0.4 1 0.8
0.991124074207619 0.509973140496522 "experimento_2" 2 1000 1000 0.8 0.5 0.4 1 0.8
0.997760975500569 0.496188575905985 "experimento_2" 2 1000 1000 0.8 0.5 0.4 1 0.8
0.99260420142673 0.460669000712942 "experimento_2" 2 1000 1000 0.8 0.5 0.4 1 0.8
1.01824737992138 0.488705524388401 "experimento_2" 2 1000 1000 0.8 0.5 0.4 1 0.8
1.00936381802653 0.544080702619724 "experimento_2" 2 1000 1000 0.8 0.5 0.4 1 0.8
1.0088538004822 0.492596508997245 "experimento_2" 2 1000 1000 0.8 0.5 0.4 1 0.8
0.966808203142136 0.506454905744051 "experimento_2" 2 1000 1000 0.8 0.5 0.4 1 0.8
1.0095661599189 0.495940521492241 "experimento_2" 2 1000 1000 0.8 0.5 0.4 1 0.8
1.00352710857987 0.52658630519173 "experimento_2" 2 1000 1000 0.8 0.5 0.4 1 0.8
0.990944921504706 0.464388497597115 "experimento_2" 2 1000 1000 0.8 0.5 0.4 1 0.8
0.995590911479667 0.522185763395332 "experimento_2" 2 1000 1000 0.8 0.5 0.4 1 0.8
1.00746451783925 0.510068524375162 "experimento_2" 2 1000 1000 0.8 0.5 0.4 1 0.8
0.981481313006952 0.537212616748859 "experimento_2" 2 1000 1000 0.8 0.5 0.4 1 0.8
0.976857995148748 0.527793922210788 "experimento_2" 2 1000 1000 0.8 0.5 0.4 1 0.8
0.999472115654498 0.574034726838307 "experimento_2" 2 1000 1000 0.8 0.5 0.4 1 0.8
0.988321963697672 0.541926032243058 "experimento_2" 2 1000 1000 0.8 0.5 0.4 1 0.8
0.998788338154554 0.499283737128433 "experimento_2" 2 1000 1000 0.8 0.5 0.4 1 0.8
0.995737639721483 0.458825790430037 "experimento_2" 2 1000 1000 0.8 0.5 0.4 1 0.8
1.11119302785755 0.440920249017562 "experimento_2" 2 1000 1000 0.8 0.5 0.4 1 0.8
0.997787323314697 0.498472741230892 "experimento_2" 2 1000 1000 0.8 0.5 0.4 1 0.8
1.11894179880619 0.532958786293746 "experimento_2" 2 1000 1000 0.8 0.5 0.4 1 0.8
1.00545616168529 0.518992147466687 "experimento_2" 2 1000 1000 0.8 0.5 0.4 1 0.8
1.0309668155387 0.480683142609257 "experimento_2" 2 1000 1000 0.8 0.5 0.4 1 0.8
0.987791218329221 0.526863837022519 "experimento_2" 2 1000 1000 0.8 0.5 0.4 1 0.8
0.999931660480797 0.488139781304719 "experimento_2" 2 1000 1000 0.8 0.5 0.4 1 0.8
0.995178641285747 0.480061473142104 "experimento_2" 2 1000 1000 0.8 0.5 0.4 1 0.8
0.98369476897642 0.497419103357873 "experimento_2" 2 1000 1000 0.8 0.5 0.4 1 0.8
0.983028055401519 0.596539804857742 "experimento_2" 2 1000 1000 0.8 0.5 0.4 1 0.8
0.997757638338953 0.5146558598516 "experimento_2" 2 1000 1000 0.8 0.5 0.4 1 0.8
0.998471861472353 0.521202472870291 "experimento_2" 2 1000 1000 0.8 0.5 0.4 1 0.8
0.998064152663574 0.507796388636481 "experimento_2" 2 1000 1000 0.8 0.5 0.4 1 0.8
0.989528579404578 0.508570813143709 "experimento_2" 2 1000 1000 0.8 0.5 0.4 1 0.8
0.996852275682613 0.487371358660095 "experimento_2" 2 1000 1000 0.8 0.5 0.4 1 0.8
0.997860825387761 0.454303396497504 "experimento_2" 2 1000 1000 0.8 0.5 0.4 1 0.8
0.990684718359262 0.534401842902947 "experimento_2" 2 1000 1000 0.8 0.5 0.4 1 0.8
0.987773442175239 0.531281270625645 "experimento_2" 2 1000 1000 0.8 0.5 0.4 1 0.8
1.09710732568055 0.450415479655816 "experimento_2" 2 1000 1000 0.8 0.5 0.4 1 0.8
1.10025835689157 0.448503840588264 "experimento_2" 2 1000 1000 0.8 0.5 0.4 1 0.8
0.999082338763401 0.517821365452092 "experimento_2" 2 1000 1000 0.8 0.5 0.4 1 0.8
0.998220133595169 0.52973942097855 "experimento_2" 2 1000 1000 0.8 0.5 0.4 1 0.8
0.995899625821039 0.580741559029122 "experimento_2" 2 1000 1000 0.8 0.5 0.4 1 0.8
0.978879147674888 0.469600399785093 "experimento_2" 2 1000 1000 0.8 0.5 0.4 1 0.8
0.978244524681941 0.56306517184989 "experimento_2" 2 1000 1000 0.8 0.5 0.4 1 0.8
1.0029962313073 0.506001516099064 "experimento_2" 2 1000 1000 0.8 0.5 0.4 1 0.8
0.989521661540493 0.556693001942376 "experimento_2" 2 1000 1000 0.8 0.5 0.4 1 0.8
0.996436503948644 0.471315121264449 "experimento_2" 2 1000 1000 0.8 0.5 0.4 1 0.8
0.989419704535976 0.444615103812829 "experimento_2" 2 1000 1000 0.8 0.5 0.4 1 0.8
0.993783635087311 0.560343419630262 "experimento_2" 2 1000 1000 0.8 0.5 0.4 1 0.8
0.997152493102476 0.483744032723832 "experimento_2" 2 1000 1000 0.8 0.5 0.4 1 0.8
1.06951931118965 0.464786448847813 "experimento_2" 2 1000 1000 0.8 0.5 0.4 1 0.8
0.994603975210339 0.513600009158757 "experimento_2" 2 1000 1000 0.8 0.5 0.4 1 0.8
1.07758399305971 0.517688718436535 "experimento_2" 2 1000 1000 0.8 0.5 0.4 1 0.8
1.06601338159701 0.483427121389831 "experimento_2" 2 1000 1000 0.8 0.5 0.4 1 0.8
0.995154683478177 0.54407167425484 "experimento_2" 2 1000 1000 0.8 0.5 0.4 1 0.8
1.04695231281221 0.462231458056915 "experimento_2" 2 1000 1000 0.8 0.5 0.4 1 0.8
0.978184034815058 0.507019852740861 "experimento_2" 2 1000 1000 0.8 0.5 0.4 1 0.8
0.998555038357154 0.446295085366336 "experimento_2" 2 1000 1000 0.8 0.5 0.4 1 0.8
0.99682167195715 0.536890107110348 "experimento_2" 2 1000 1000 0.8 0.5 0.4 1 0.8
0.985838097985834 0.522225698104862 "experimento_2" 2 1000 1000 0.8 0.5 0.4 1 0.8
0.98842210159637 0.497883284419003 "experimento_2" 2 1000 1000 0.8 0.5 0.4 1 0.8
0.997899753740057 0.510248899463418 "experimento_2" 2 1000 1000 0.8 0.5 0.4 1 0.8
0.999025458702818 0.538400295141685 "experimento_2" 2 1000 1000 0.8 0.5 0.4 1 0.8
0.998859264887869 0.494052407152468 "experimento_2" 2 1000 1000 0.8 0.5 0.4 1 0.8
0.996130898827687 0.511789424373581 "experimento_2" 2 1000 1000 0.8 0.5 0.4 1 0.8
0.997867514844984 0.434782334240625 "experimento_2" 2 1000 1000 0.8 0.5 0.4 1 0.8
0.995983606902882 0.473439745167829 "experimento_2" 2 1000 1000 0.8 0.5 0.4 1 0.8
1.17236713530552 0.460265162929336 "experimento_2" 2 1000 1000 0.8 0.5 0.4 1 0.8
0.993728046305478 0.471050927970136 "experimento_2" 2 1000 1000 0.8 0.5 0.4 1 0.8
0.995815647300333 0.574536786407722 "experimento_2" 2 1000 1000 0.8 0.5 0.4 1 0.8
0.999487733002752 0.531560541880962 "experimento_2" 2 1000 1000 0.8 0.5 0.4 1 0.8
1.04260899732912 0.545928830977599 "experimento_2" 2 1000 1000 0.8 0.5 0.4 1 0.8
0.999026465462521 0.447887461289214 "experimento_2" 2 1000 1000 0.8 0.5 0.4 1 0.8
0.991170131135732 0.500099359069663 "experimento_2" 2 1000 1000 0.8 0.5 0.4 1 0.8
1.12885947832132 0.492945663132357 "experimento_2" 2 1000 1000 0.8 0.5 0.4 1 0.8
0.997176843229681 0.486029217847119 "experimento_2" 2 1000 1000 0.8 0.5 0.4 1 0.8
0.983363026054576 0.537303192004792 "experimento_2" 2 1000 1000 0.8 0.5 0.4 1 0.8
0.994423372671008 0.504049090055236 "experimento_2" 2 1000 1000 0.8 0.5 0.4 1 0.8
1.00936895978144 0.513666885756609 "experimento_2" 2 1000 1000 0.8 0.5 0.4 1 0.8
0.990512868855149 0.490485444394088 "experimento_2" 2 1000 1000 0.8 0.5 0.4 1 0.8
0.988203398650512 0.536296291546018 "experimento_2" 2 1000 1000 0.8 0.5 0.4 1 0.8
1.59655890469851 0.485404553765243 "experimento_2" 2 1000 1000 0.8 0.5 0.4 1 0.8
1.01196137163788 0.520435089461565 "experimento_2" 2 1000 1000 0.8 0.5 0.4 1 0.8
0.999624589458108 0.452022956045624 "experimento_2" 2 1000 1000 0.8 0.5 0.4 1 0.8
1.00504818651825 0.470218594627663 "experimento_2" 2 1000 1000 0.8 0.5 0.4 1 0.8
0.995555411558598 0.553289496387336 "experimento_2" 2 1000 1000 0.8 0.5 0.4 1 0.8
1.00463165053775 0.504821740718194 "experimento_2" 2 1000 1000 0.8 0.5 0.4 1 0.8
0.986335401656106 0.519371906979221 "experimento_2" 2 1000 1000 0.8 0.5 0.4 1 0.8
1.06003955099732 0.536903140972428 "experimento_2" 2 1000 1000 0.8 0.5 0.4 1 0.8
1.10166396852583 0.474623639093684 "experimento_2" 2 1000 1000 0.8 0.5 0.4 1 0.8
0.993045643903315 0.506767755667755 "experimento_2" 2 1000 1000 0.8 0.5 0.4 1 0.8
1.16969491395927 0.508453719376837 "experimento_2" 2 1000 1000 0.8 0.5 0.4 1 0.8
0.982615490909666 0.480446539972737 "experimento_2" 2 1000 1000 0.8 0.5 0.4 1 0.8
0.999937885673717 0.491995531859815 "experimento_2" 2 1000 1000 0.8 0.5 0.4 1 0.8
1.00640712626576 0.457404579220305 "experimento_2" 2 1000 1000 0.8 0.5 0.4 1 0.8
1.02044773753732 0.457681571168305 "experimento_2" 2 1000 1000 0.8 0.5 0.4 1 0.8
0.989850820973516 0.571610804611338 "experimento_2" 2 1000 1000 0.8 0.5 0.4 1 0.8
0.993836572393775 0.503272264763317 "experimento_2" 2 1000 1000 0.8 0.5 0.4 1 0.8
0.995049100136384 0.571494149108791 "experimento_2" 2 1000 1000 0.8 0.5 0.4 1 0.8
0.999022553442046 0.484480260077662 "experimento_2" 2 1000 1000 0.8 0.5 0.4 1 0.8
0.994367470731959 0.549468899934617 "experimento_2" 2 1000 1000 0.8 0.5 0.4 1 0.8
0.997426321497187 0.515922603101617 "experimento_2" 2 1000 1000 0.8 0.5 0.4 1 0.8
0.987903858534992 0.508585494634629 "experimento_2" 2 1000 1000 0.8 0.5 0.4 1 0.8
0.97856809431687 0.5435400344307 "experimento_2" 2 1000 1000 0.8 0.5 0.4 1 0.8
0.981773469829932 0.600240133150879 "experimento_2" 2 1000 1000 0.8 0.5 0.4 1 0.8
0.997622029390186 0.489743587272225 "experimento_2" 2 1000 1000 0.8 0.5 0.4 1 0.8
1.12226790003479 0.486938705071334 "experimento_2" 2 1000 1000 0.8 0.5 0.4 1 0.8
1.02640013862401 0.514843668672089 "experimento_2" 2 1000 1000 0.8 0.5 0.4 1 0.8
0.999307103455067 0.590482149164319 "experimento_2" 2 1000 1000 0.8 0.5 0.4 1 0.8
0.992383824661374 0.548196499994826 "experimento_2" 2 1000 1000 0.8 0.5 0.4 1 0.8
0.993566568708047 0.493969270894702 "experimento_2" 2 1000 1000 0.8 0.5 0.4 1 0.8
0.99620871222578 0.520181047943929 "experimento_2" 2 1000 1000 0.8 0.5 0.4 1 0.8
1.00122271028537 0.421640880209191 "experimento_2" 2 1000 1000 0.8 0.5 0.4 1 0.8
0.986995641607791 0.589978828681071 "experimento_2" 2 1000 1000 0.8 0.5 0.4 1 0.8
0.997457532212138 0.54157931151168 "experimento_2" 2 1000 1000 0.8 0.5 0.4 1 0.8
0.989641917170957 0.53429812688822 "experimento_2" 2 1000 1000 0.8 0.5 0.4 1 0.8
0.99248900776729 0.528118076079381 "experimento_2" 2 1000 1000 0.8 0.5 0.4 1 0.8
0.999727458925918 0.475774786362437 "experimento_2" 2 1000 1000 0.8 0.5 0.4 1 0.8
0.9928923107218 0.589553389067153 "experimento_2" 2 1000 1000 0.8 0.5 0.4 1 0.8
0.999045674456283 0.540746507910718 "experimento_2" 2 1000 1000 0.8 0.5 0.4 1 0.8
0.996099557261914 0.567619567813745 "experimento_2" 2 1000 1000 0.8 0.5 0.4 1 0.8
0.989026549272239 0.528783393329916 "experimento_2" 2 1000 1000 0.8 0.5 0.4 1 0.8
0.994857599260285 0.512538736337427 "experimento_2" 2 1000 1000 0.8 0.5 0.4 1 0.8
0.99014199222438 0.478320489387242 "experimento_2" 2 1000 1000 0.8 0.5 0.4 1 0.8
1.01511238877559 0.540544837676441 "experimento_2" 2 1000 1000 0.8 0.5 0.4 1 0.8
0.999825824750587 0.484046847170905 "experimento_2" 2 1000 1000 0.8 0.5 0.4 1 0.8
0.993753227172419 0.491428826252944 "experimento_2" 2 1000 1000 0.8 0.5 0.4 1 0.8
1.00061868783087 0.488644776701522 "experimento_2" 2 1000 1000 0.8 0.5 0.4 1 0.8
0.997356686042622 0.488618523592248 "experimento_2" 2 1000 1000 0.8 0.5 0.4 1 0.8
1.02693712978005 0.47512449260056 "experimento_2" 2 1000 1000 0.8 0.5 0.4 1 0.8
0.998498209286481 0.497429912896819 "experimento_2" 2 1000 1000 0.8 0.5 0.4 1 0.8
1.01575654447361 0.517026985241604 "experimento_2" 2 1000 1000 0.8 0.5 0.4 1 0.8
0.997374051949009 0.518124485585573 "experimento_2" 2 1000 1000 0.8 0.5 0.4 1 0.8
0.990120271453634 0.596778404262153 "experimento_2" 2 1000 1000 0.8 0.5 0.4 1 0.8
1.14011333696544 0.476307048549537 "experimento_2" 2 1000 1000 0.8 0.5 0.4 1 0.8
0.983247100375593 0.485568270279382 "experimento_2" 2 1000 1000 0.8 0.5 0.4 1 0.8
0.994941807584837 0.593796010776121 "experimento_2" 2 1000 1000 0.8 0.5 0.4 1 0.8
0.988890012959018 0.505319013462877 "experimento_2" 2 1000 1000 0.8 0.5 0.4 1 0.8
0.999607054051012 0.498957091934481 "experimento_2" 2 1000 1000 0.8 0.5 0.4 1 0.8
0.999371954239905 0.460120322029168 "experimento_2" 2 1000 1000 0.8 0.5 0.4 1 0.8
0.992725503630936 0.578362105177006 "experimento_2" 2 1000 1000 0.8 0.5 0.4 1 0.8
0.99773345910944 0.592117842640825 "experimento_2" 2 1000 1000 0.8 0.5 0.4 1 0.8
0.985913613811135 0.510254201215749 "experimento_2" 2 1000 1000 0.8 0.5 0.4 1 0.8
1.05772342989581 0.538082962955941 "experimento_2" 2 1000 1000 0.8 0.5 0.4 1 0.8
1.01294862340367 0.469775468721748 "experimento_2" 2 1000 1000 0.8 0.5 0.4 1 0.8
0.997902421979234 0.48875250006484 "experimento_2" 2 1000 1000 0.8 0.5 0.4 1 0.8
0.99940107553266 0.508794593897369 "experimento_2" 2 1000 1000 0.8 0.5 0.4 1 0.8
1.19833783153445 0.469007027533678 "experimento_2" 2 1000 1000 0.8 0.5 0.4 1 0.8
1.02822103444487 0.533325965329899 "experimento_2" 2 1000 1000 0.8 0.5 0.4 1 0.8
1.01999802701175 0.452189518828637 "experimento_2" 2 1000 1000 0.8 0.5 0.4 1 0.8
0.996175724547356 0.529721797423089 "experimento_2" 2 1000 1000 0.8 0.5 0.4 1 0.8
1.01144051272422 0.485722281347308 "experimento_2" 2 1000 1000 0.8 0.5 0.4 1 0.8
0.998937899013981 0.5055201336274 "experimento_2" 2 1000 1000 0.8 0.5 0.4 1 0.8
0.994261778658256 0.545823625887373 "experimento_2" 2 1000 1000 0.8 0.5 0.4 1 0.8
1.00145585352692 0.458486316904978 "experimento_2" 2 1000 1000 0.8 0.5 0.4 1 0.8
0.999591106316075 0.514042588654237 "experimento_2" 2 1000 1000 0.8 0.5 0.4 1 0.8
0.987093148520216 0.562840860032455 "experimento_2" 2 1000 1000 0.8 0.5 0.4 1 0.8
0.990403865929693 0.510072172576354 "experimento_2" 2 1000 1000 0.8 0.5 0.4 1 0.8
1.02909814845771 0.475495789158967 "experimento_2" 2 1000 1000 0.8 0.5 0.4 1 0.8
1.02222625812964 0.458301007012865 "experimento_2" 2 1000 1000 0.8 0.5 0.4 1 0.8
0.997774985618889 0.533565049460736 "experimento_2" 2 1000 1000 0.8 0.5 0.4 1 0.8
0.992129321442917 0.49769793091984 "experimento_2" 2 1000 1000 0.8 0.5 0.4 1 0.8
1.00247002579272 0.551564741867067 "experimento_2" 2 1000 1000 0.8 0.5 0.4 1 0.8
0.989886175608262 0.520025421619744 "experimento_2" 2 1000 1000 0.8 0.5 0.4 1 0.8
0.991655132966116 0.469702853845305 "experimento_2" 2 1000 1000 0.8 0.5 0.4 1 0.8
0.99103454570286 0.547529529361264 "experimento_2" 2 1000 1000 0.8 0.5 0.4 1 0.8
1.00287898928948 0.505387734095261 "experimento_2" 2 1000 1000 0.8 0.5 0.4 1 0.8
0.98821431864053 0.464030795250187 "experimento_2" 2 1000 1000 0.8 0.5 0.4 1 0.8
0.994899560697377 0.479374942181852 "experimento_2" 2 1000 1000 0.8 0.5 0.4 1 0.8
0.996559331659228 0.540282674439905 "experimento_2" 2 1000 1000 0.8 0.5 0.4 1 0.8
0.988654530141503 0.575006813126356 "experimento_2" 2 1000 1000 0.8 0.5 0.4 1 0.8
0.998658121097833 0.508096710305609 "experimento_2" 2 1000 1000 0.8 0.5 0.4 1 0.8
0.999597182497382 0.492362713145916 "experimento_2" 2 1000 1000 0.8 0.5 0.4 1 0.8
1.00229031225544 0.588517851861649 "experimento_2" 2 1000 1000 0.8 0.5 0.4 1 0.8
0.999425133224577 0.506226969327176 "experimento_2" 2 1000 1000 0.8 0.5 0.4 1 0.8
1.04330802520288 0.527773191612153 "experimento_2" 2 1000 1000 0.8 0.5 0.4 1 0.8
0.98681500647217 0.503833687196695 "experimento_2" 2 1000 1000 0.8 0.5 0.4 1 0.8
1.00542248891577 0.448535581844274 "experimento_2" 2 1000 1000 0.8 0.5 0.4 1 0.8
1.01942104194313 0.480144191470305 "experimento_2" 2 1000 1000 0.8 0.5 0.4 1 0.8
0.983763937139884 0.547160147801202 "experimento_2" 2 1000 1000 0.8 0.5 0.4 1 0.8
1.25046702197033 0.564590011220866 "experimento_2" 2 1000 1000 0.8 0.5 0.4 1 0.8
0.990788175025955 0.507590969149449 "experimento_2" 2 1000 1000 0.8 0.5 0.4 1 0.8
1.03945811862467 0.468456816080674 "experimento_2" 2 1000 1000 0.8 0.5 0.4 1 0.8
0.992170970886946 0.519394357542525 "experimento_2" 2 1000 1000 0.8 0.5 0.4 1 0.8
0.97145891841501 0.556026154271337 "experimento_2" 2 1000 1000 0.8 0.5 0.4 1 0.8
0.996496667154133 0.496196045850701 "experimento_2" 2 1000 1000 0.8 0.5 0.4 1 0.8
0.999364698771387 0.521807172192241 "experimento_2" 2 1000 1000 0.8 0.5 0.4 1 0.8
0.994367318460718 0.535131138682423 "experimento_2" 2 1000 1000 0.8 0.5 0.4 1 0.8
0.991751467110589 0.504167492421261 "experimento_2" 2 1000 1000 0.8 0.5 0.4 1 0.8
1.03081888426095 0.454878223065079 "experimento_2" 2 1000 1000 0.8 0.5 0.4 1 0.8
0.980013082036749 0.540244185230831 "experimento_2" 2 1000 1000 0.8 0.5 0.4 1 0.8
1.01653431355953 0.572891632330447 "experimento_2" 2 1000 1000 0.8 0.5 0.4 1 0.8
0.996747526805848 0.517905973142391 "experimento_2" 2 1000 1000 0.8 0.5 0.4 1 0.8
0.995912147220224 0.514823451353104 "experimento_2" 2 1000 1000 0.8 0.5 0.4 1 0.8
0.991619025822729 0.570719022536646 "experimento_2" 2 1000 1000 0.8 0.5 0.4 1 0.8
0.999461455503479 0.513712748534224 "experimento_2" 2 1000 1000 0.8 0.5 0.4 1 0.8
0.999135099817067 0.547627123653944 "experimento_2" 2 1000 1000 0.8 0.5 0.4 1 0.8
0.998605651780963 0.492428715505084 "experimento_2" 2 1000 1000 0.8 0.5 0.4 1 0.8
0.999523038743064 0.545104351770533 "experimento_2" 2 1000 1000 0.8 0.5 0.4 1 0.8
0.999629951780662 0.476431377640546 "experimento_2" 2 1000 1000 0.8 0.5 0.4 1 0.8
0.999899401562288 0.478292343999717 "experimento_2" 2 1000 1000 0.8 0.5 0.4 1 0.8
1.06838285008797 0.452802468968546 "experimento_2" 2 1000 1000 0.8 0.5 0.4 1 0.8
1.00193899031729 0.517979465980844 "experimento_2" 2 1000 1000 0.8 0.5 0.4 1 0.8
0.992567281005904 0.532591543862856 "experimento_2" 2 1000 1000 0.8 0.5 0.4 1 0.8
0.98823156231083 0.550300428406529 "experimento_2" 2 1000 1000 0.8 0.5 0.4 1 0.8
0.997362604830414 0.453250680848395 "experimento_2" 2 1000 1000 0.8 0.5 0.4 1 0.8
0.998541303910315 0.544120294208188 "experimento_2" 2 1000 1000 0.8 0.5 0.4 1 0.8
1.00383590344607 0.444221482122336 "experimento_2" 2 1000 1000 0.8 0.5 0.4 1 0.8
0.985936194658279 0.574240097894707 "experimento_2" 2 1000 1000 0.8 0.5 0.4 1 0.8
0.994597814511508 0.479472457973598 "experimento_2" 2 1000 1000 0.8 0.5 0.4 1 0.8
0.998538882704452 0.533377153253835 "experimento_2" 2 1000 1000 0.8 0.5 0.4 1 0.8
0.981415187707171 0.517554989608062 "experimento_2" 2 1000 1000 0.8 0.5 0.4 1 0.8
1.04355904646218 0.484558828554865 "experimento_2" 2 1000 1000 0.8 0.5 0.4 1 0.8
1.04372794712956 0.483272463994075 "experimento_2" 2 1000 1000 0.8 0.5 0.4 1 0.8
1.001192071817 0.448914231405018 "experimento_2" 2 1000 1000 0.8 0.5 0.4 1 0.8
0.997522579273209 0.511265811020818 "experimento_2" 2 1000 1000 0.8 0.5 0.4 1 0.8
0.990002199541777 0.520112315721975 "experimento_2" 2 1000 1000 0.8 0.5 0.4 1 0.8
1.19777272548527 0.561011801811578 "experimento_2" 2 1000 1000 0.8 0.5 0.4 1 0.8
0.987757953815162 0.519592418737858 "experimento_2" 2 1000 1000 0.8 0.5 0.4 1 0.8
0.987083440413699 0.541169527618505 "experimento_2" 2 1000 1000 0.8 0.5 0.4 1 0.8
0.999848503619432 0.496763201711618 "experimento_2" 2 1000 1000 0.8 0.5 0.4 1 0.8
0.994341743644327 0.506848181351307 "experimento_2" 2 1000 1000 0.8 0.5 0.4 1 0.8
0.998417161637917 0.51126815766175 "experimento_2" 2 1000 1000 0.8 0.5 0.4 1 0.8
0.992737716529518 0.487967833811182 "experimento_2" 2 1000 1000 0.8 0.5 0.4 1 0.8
0.993694573407993 0.589946618917424 "experimento_2" 2 1000 1000 0.8 0.5 0.4 1 0.8
0.991607621544972 0.512066138890106 "experimento_2" 2 1000 1000 0.8 0.5 0.4 1 0.8
0.993580300593749 0.570918189737401 "experimento_2" 2 1000 1000 0.8 0.5 0.4 1 0.8
0.988992290804163 0.576660764251573 "experimento_2" 2 1000 1000 0.8 0.5 0.4 1 0.8
0.995792062953115 0.496822898322063 "experimento_2" 2 1000 1000 0.8 0.5 0.4 1 0.8
0.982852933229879 0.566151333773163 "experimento_2" 2 1000 1000 0.8 0.5 0.4 1 0.8
0.99782702466473 0.503223629662952 "experimento_2" 2 1000 1000 0.8 0.5 0.4 1 0.8
0.994069617707282 0.556332555513965 "experimento_2" 2 1000 1000 0.8 0.5 0.4 1 0.8
0.995482268743217 0.478559430594475 "experimento_2" 2 1000 1000 0.8 0.5 0.4 1 0.8
0.985827691620216 0.567694574621481 "experimento_2" 2 1000 1000 0.8 0.5 0.4 1 0.8
0.992327614687383 0.472384478172784 "experimento_2" 2 1000 1000 0.8 0.5 0.4 1 0.8
0.995690188603476 0.516815879701063 "experimento_2" 2 1000 1000 0.8 0.5 0.4 1 0.8
0.987335001816973 0.540894646793854 "experimento_2" 2 1000 1000 0.8 0.5 0.4 1 0.8
0.993050672579557 0.488363247761076 "experimento_2" 2 1000 1000 0.8 0.5 0.4 1 0.8
1.18929542042315 0.498045362242716 "experimento_2" 2 1000 1000 0.8 0.5 0.4 1 0.8
0.999980849213898 0.553640806126935 "experimento_2" 2 1000 1000 0.8 0.5 0.4 1 0.8
0.998000848572701 0.494277970638635 "experimento_2" 2 1000 1000 0.8 0.5 0.4 1 0.8
0.995852932799608 0.505633313098601 "experimento_2" 2 1000 1000 0.8 0.5 0.4 1 0.8
1.01523373838745 0.510690970955567 "experimento_2" 2 1000 1000 0.8 0.5 0.4 1 0.8
0.991883862297982 0.489775299082598 "experimento_2" 2 1000 1000 0.8 0.5 0.4 1 0.8
0.99868944985792 0.505562846149177 "experimento_2" 2 1000 1000 0.8 0.5 0.4 1 0.8
0.999010212952271 0.478795748053449 "experimento_2" 2 1000 1000 0.8 0.5 0.4 1 0.8
0.99211401399225 0.509899844731258 "experimento_2" 2 1000 1000 0.8 0.5 0.4 1 0.8
0.998361237347126 0.439229527461874 "experimento_2" 2 1000 1000 0.8 0.5 0.4 1 0.8
0.991639978485182 0.565731329270052 "experimento_2" 2 1000 1000 0.8 0.5 0.4 1 0.8
0.98426949721761 0.532920797205877 "experimento_2" 2 1000 1000 0.8 0.5 0.4 1 0.8
0.999024449614808 0.52003493184219 "experimento_2" 2 1000 1000 0.8 0.5 0.4 1 0.8
0.991090305615216 0.519416809670555 "experimento_2" 2 1000 1000 0.8 0.5 0.4 1 0.8
0.982272473163903 0.437006299575369 "experimento_2" 2 1000 1000 0.8 0.5 0.4 1 0.8
0.992927723331377 0.458653128098543 "experimento_2" 2 1000 1000 0.8 0.5 0.4 1 0.8
1.04047743603587 0.47374937290533 "experimento_2" 2 1000 1000 0.8 0.5 0.4 1 0.8
1.00375438807141 0.489944538903509 "experimento_2" 2 1000 1000 0.8 0.5 0.4 1 0.8
1.02138911587631 0.479941914644877 "experimento_2" 2 1000 1000 0.8 0.5 0.4 1 0.8
0.986593004548922 0.466524296415764 "experimento_2" 2 1000 1000 0.8 0.5 0.4 1 0.8
0.986358611611649 0.500699491295358 "experimento_2" 2 1000 1000 0.8 0.5 0.4 1 0.8
1.09972437387647 0.531175608495523 "experimento_2" 2 1000 1000 0.8 0.5 0.4 1 0.8
0.981008909875527 0.530114308478505 "experimento_2" 2 1000 1000 0.8 0.5 0.4 1 0.8
0.991247524041682 0.591122142723632 "experimento_2" 2 1000 1000 0.8 0.5 0.4 1 0.8
0.992026302730665 0.457299413920013 "experimento_2" 2 1000 1000 0.8 0.5 0.4 1 0.8
0.993703581392765 0.530690379352924 "experimento_2" 2 1000 1000 0.8 0.5 0.4 1 0.8
0.999725118279457 0.512720695574358 "experimento_2" 2 1000 1000 0.8 0.5 0.4 1 0.8
0.989483057521284 0.49263757697369 "experimento_2" 2 1000 1000 0.8 0.5 0.4 1 0.8
0.987012444296852 0.552010999323028 "experimento_2" 2 1000 1000 0.8 0.5 0.4 1 0.8
0.980831872904673 0.47596813732267 "experimento_2" 2 1000 1000 0.8 0.5 0.4 1 0.8
0.993710637791082 0.533691532281415 "experimento_2" 2 1000 1000 0.8 0.5 0.4 1 0.8
1.01902674604207 0.510940812809903 "experimento_2" 2 1000 1000 0.8 0.5 0.4 1 0.8
0.99391849571839 0.495830736404965 "experimento_2" 2 1000 1000 0.8 0.5 0.4 1 0.8
0.996598648605868 0.484368306537721 "experimento_2" 2 1000 1000 0.8 0.5 0.4 1 0.8
0.999880162999034 0.511716052336243 "experimento_2" 2 1000 1000 0.8 0.5 0.4 1 0.8
0.99652814376168 0.519100802648022 "experimento_2" 2 1000 1000 0.8 0.5 0.4 1 0.8
1.03738166112453 0.511516299687621 "experimento_2" 2 1000 1000 0.8 0.5 0.4 1 0.8
1.01250295526091 0.475661103638449 "experimento_2" 2 1000 1000 0.8 0.5 0.4 1 0.8
1.00186496840792 0.509212656218894 "experimento_2" 2 1000 1000 0.8 0.5 0.4 1 0.8
1.01756430417299 0.535834591524072 "experimento_2" 2 1000 1000 0.8 0.5 0.4 1 0.8
0.984337571077049 0.48745380550325 "experimento_2" 2 1000 1000 0.8 0.5 0.4 1 0.8
1.01346336277679 0.551816933239086 "experimento_2" 2 1000 1000 0.8 0.5 0.4 1 0.8
0.992035657865927 0.518657950874876 "experimento_2" 2 1000 1000 0.8 0.5 0.4 1 0.8
0.996930817142129 0.445502503559467 "experimento_2" 2 1000 1000 0.8 0.5 0.4 1 0.8
0.99152955878526 0.582319641330238 "experimento_2" 2 1000 1000 0.8 0.5 0.4 1 0.8
1.07168066936711 0.486913950858851 "experimento_2" 2 1000 1000 0.8 0.5 0.4 1 0.8
0.998527428600937 0.487381321265721 "experimento_2" 2 1000 1000 0.8 0.5 0.4 1 0.8
0.99552276567556 0.509710055820219 "experimento_2" 2 1000 1000 0.8 0.5 0.4 1 0.8
0.991372971562669 0.502333374504122 "experimento_2" 2 1000 1000 0.8 0.5 0.4 1 0.8
0.977606593864039 0.525485131223692 "experimento_2" 2 1000 1000 0.8 0.5 0.4 1 0.8
0.988030730746686 0.50623863622749 "experimento_2" 2 1000 1000 0.8 0.5 0.4 1 0.8
0.990012429421768 0.507839922215275 "experimento_2" 2 1000 1000 0.8 0.5 0.4 1 0.8
0.990950756706297 0.547693499755869 "experimento_2" 2 1000 1000 0.8 0.5 0.4 1 0.8
0.994381848257035 0.472231844293104 "experimento_2" 2 1000 1000 0.8 0.5 0.4 1 0.8
1.07939236084885 0.484154590919183 "experimento_2" 2 1000 1000 0.8 0.5 0.4 1 0.8
1.02399235218763 0.529404504673846 "experimento_2" 2 1000 1000 0.8 0.5 0.4 1 0.8
0.994555017445236 0.484210579040863 "experimento_2" 2 1000 1000 0.8 0.5 0.4 1 0.8
0.984623436816037 0.514473690906473 "experimento_2" 2 1000 1000 0.8 0.5 0.4 1 0.8
0.991777263348922 0.512593424033163 "experimento_2" 2 1000 1000 0.8 0.5 0.4 1 0.8
0.992630279157311 0.498408142170962 "experimento_2" 2 1000 1000 0.8 0.5 0.4 1 0.8
0.99473068700172 0.542431735072447 "experimento_2" 2 1000 1000 0.8 0.5 0.4 1 0.8
1.00435502250986 0.536505673570028 "experimento_2" 2 1000 1000 0.8 0.5 0.4 1 0.8
0.991297723259777 0.491972149503421 "experimento_2" 2 1000 1000 0.8 0.5 0.4 1 0.8
0.99960918771103 0.554254304340625 "experimento_2" 2 1000 1000 0.8 0.5 0.4 1 0.8
1.00309755712448 0.525531194942962 "experimento_2" 2 1000 1000 0.8 0.5 0.4 1 0.8
0.998188879108056 0.548100786925247 "experimento_2" 2 1000 1000 0.8 0.5 0.4 1 0.8
1.00421047206042 0.505799447620618 "experimento_2" 2 1000 1000 0.8 0.5 0.4 1 0.8
0.991644817171618 0.562674249482806 "experimento_2" 2 1000 1000 0.8 0.5 0.4 1 0.8
1.00367979332805 0.549724525812065 "experimento_2" 2 1000 1000 0.8 0.5 0.4 1 0.8
0.999505306128412 0.52250340150559 "experimento_2" 2 1000 1000 0.8 0.5 0.4 1 0.8
0.995518662733957 0.553565556262384 "experimento_2" 2 1000 1000 0.8 0.5 0.4 1 0.8
0.997146221809089 0.503801976660114 "experimento_2" 2 1000 1000 0.8 0.5 0.4 1 0.8
1.11020877492879 0.514305510115732 "experimento_2" 2 1000 1000 0.8 0.5 0.4 1 0.8
0.996410625986755 0.491941317415838 "experimento_2" 2 1000 1000 0.8 0.5 0.4 1 0.8
0.994608108187094 0.489406617187252 "experimento_2" 2 1000 1000 0.8 0.5 0.4 1 0.8
0.999788445886225 0.422787032172087 "experimento_2" 2 1000 1000 0.8 0.5 0.4 1 0.8
1.21661517489702 0.469842795480403 "experimento_2" 2 1000 1000 0.8 0.5 0.4 1 0.8
1.02184576632984 0.526225774985449 "experimento_2" 2 1000 1000 0.8 0.5 0.4 1 0.8
0.99462061165832 0.51630732743339 "experimento_2" 2 1000 1000 0.8 0.5 0.4 1 0.8
0.999861080665141 0.520279520020411 "experimento_2" 2 1000 1000 0.8 0.5 0.4 1 0.8
0.994783357484266 0.493918782214229 "experimento_2" 2 1000 1000 0.8 0.5 0.4 1 0.8
0.994617664953694 0.524285548134653 "experimento_2" 2 1000 1000 0.8 0.5 0.4 1 0.8
1.43402946647257 0.564300236668149 "experimento_2" 2 1000 1000 0.8 0.5 0.4 1 0.8
0.98730279575102 0.532196077097293 "experimento_2" 2 1000 1000 0.8 0.5 0.4 1 0.8
1.8210739325732 0.468530451023843 "experimento_2" 2 1000 1000 0.8 0.5 0.4 1 0.8
0.990767661714926 0.523857280059959 "experimento_2" 2 1000 1000 0.8 0.5 0.4 1 0.8
0.991861352464184 0.530623785009792 "experimento_2" 2 1000 1000 0.8 0.5 0.4 1 0.8
0.992005450185388 0.515675610303681 "experimento_2" 2 1000 1000 0.8 0.5 0.4 1 0.8
0.999422100605443 0.510893480667822 "experimento_2" 2 1000 1000 0.8 0.5 0.4 1 0.8
1.0039461419612 0.539947951626611 "experimento_2" 2 1000 1000 0.8 0.5 0.4 1 0.8
0.992973625194281 0.547112555555773 "experimento_2" 2 1000 1000 0.8 0.5 0.4 1 0.8
0.995682229753584 0.474007382436936 "experimento_2" 2 1000 1000 0.8 0.5 0.4 1 0.8
0.994353060377762 0.458222004729101 "experimento_2" 2 1000 1000 0.8 0.5 0.4 1 0.8
0.99889002670534 0.479663724450368 "experimento_2" 2 1000 1000 0.8 0.5 0.4 1 0.8
1.04416129272431 0.500219798396157 "experimento_2" 2 1000 1000 0.8 0.5 0.4 1 0.8
0.985720033291727 0.48922685106496 "experimento_2" 2 1000 1000 0.8 0.5 0.4 1 0.8
1.02705782465637 0.473902310246466 "experimento_2" 2 1000 1000 0.8 0.5 0.4 1 0.8
0.991779873846099 0.47420106878801 "experimento_2" 2 1000 1000 0.8 0.5 0.4 1 0.8
1.01814315150205 0.48950089500846 "experimento_2" 2 1000 1000 0.8 0.5 0.4 1 0.8
1.0025964442088 0.508669263640485 "experimento_2" 2 1000 1000 0.8 0.5 0.4 1 0.8
0.982302400749177 0.548310018514027 "experimento_2" 2 1000 1000 0.8 0.5 0.4 1 0.8
0.991908390074968 0.498604669919585 "experimento_2" 2 1000 1000 0.8 0.5 0.4 1 0.8
0.988417976070195 0.460725225973727 "experimento_2" 2 1000 1000 0.8 0.5 0.4 1 0.8
0.990074099041522 0.483149372940608 "experimento_2" 2 1000 1000 0.8 0.5 0.4 1 0.8
0.995306126074865 0.530675621763702 "experimento_2" 2 1000 1000 0.8 0.5 0.4 1 0.8
1.00922828912735 0.438354363313698 "experimento_2" 2 1000 1000 0.8 0.5 0.4 1 0.8
0.998073589988053 0.528033508141602 "experimento_2" 2 1000 1000 0.8 0.5 0.4 1 0.8
0.98986650002189 0.50234372651999 "experimento_2" 2 1000 1000 0.8 0.5 0.4 1 0.8
0.988462670706213 0.481111648420867 "experimento_2" 2 1000 1000 0.8 0.5 0.4 1 0.8
0.999710270669311 0.560278804020468 "experimento_2" 2 1000 1000 0.8 0.5 0.4 1 0.8
0.999758656602353 0.555886451020891 "experimento_2" 2 1000 1000 0.8 0.5 0.4 1 0.8
1.05444128764341 0.510594346518295 "experimento_2" 2 1000 1000 0.8 0.5 0.4 1 0.8
0.991208243183792 0.516332136586941 "experimento_2" 2 1000 1000 0.8 0.5 0.4 1 0.8
1.0408118713593 0.549124638682693 "experimento_2" 2 1000 1000 0.8 0.5 0.4 1 0.8
0.987569687422365 0.496993092100358 "experimento_2" 2 1000 1000 0.8 0.5 0.4 1 0.8
0.99242939054966 0.490647948302346 "experimento_2" 2 1000 1000 0.8 0.5 0.4 1 0.8
0.992576999822631 0.577822811875545 "experimento_2" 2 1000 1000 0.8 0.5 0.4 1 0.8
0.996152287349105 0.491824201828806 "experimento_2" 2 1000 1000 0.8 0.5 0.4 1 0.8
0.990374511340633 0.457400726155169 "experimento_2" 2 1000 1000 0.8 0.5 0.4 1 0.8
0.997381364461035 0.588583958164143 "experimento_2" 2 1000 1000 0.8 0.5 0.4 1 0.8
0.991588992299512 0.466778724772358 "experimento_2" 2 1000 1000 0.8 0.5 0.4 1 0.8
1.14424984043771 0.501895341316202 "experimento_2" 2 1000 1000 0.8 0.5 0.4 1 0.8
0.986141260946169 0.503288561005996 "experimento_2" 2 1000 1000 0.8 0.5 0.4 1 0.8
1.24969050400914 0.501370456500853 "experimento_2" 2 1000 1000 0.8 0.5 0.4 1 0.8
0.999446523142979 0.472283566165953 "experimento_2" 2 1000 1000 0.8 0.5 0.4 1 0.8
0.996806438313797 0.490341734732956 "experimento_2" 2 1000 1000 0.8 0.5 0.4 1 0.8
0.976912260521203 0.569103735116376 "experimento_2" 2 1000 1000 0.8 0.5 0.4 1 0.8
0.998065935680643 0.513610316138991 "experimento_2" 2 1000 1000 0.8 0.5 0.4 1 0.8
0.98866651323624 0.534744824595131 "experimento_2" 2 1000 1000 0.8 0.5 0.4 1 0.8
0.99496198981069 0.514151590357911 "experimento_2" 2 1000 1000 0.8 0.5 0.4 1 0.8
0.990066909231246 0.599817300892212 "experimento_2" 2 1000 1000 0.8 0.5 0.4 1 0.8
0.983891465002671 0.453898941724147 "experimento_2" 2 1000 1000 0.8 0.5 0.4 1 0.8
0.998727592406794 0.486136995198717 "experimento_2" 2 1000 1000 0.8 0.5 0.4 1 0.8
0.998636000556871 0.527732641043013 "experimento_2" 2 1000 1000 0.8 0.5 0.4 1 0.8
0.997771954862401 0.541386359062962 "experimento_2" 2 1000 1000 0.8 0.5 0.4 1 0.8
1.0011543775569 0.542572288675962 "experimento_2" 2 1000 1000 0.8 0.5 0.4 1 0.8
0.993386244634166 0.51348821825809 "experimento_2" 2 1000 1000 0.8 0.5 0.4 1 0.8
0.999601109186187 0.588878328112866 "experimento_2" 2 1000 1000 0.8 0.5 0.4 1 0.8
0.999305919744074 0.49946965726037 "experimento_2" 2 1000 1000 0.8 0.5 0.4 1 0.8
0.988929648883641 0.52599382854762 "experimento_2" 2 1000 1000 0.8 0.5 0.4 1 0.8
0.994177037384361 0.534930498404727 "experimento_2" 2 1000 1000 0.8 0.5 0.4 1 0.8
0.979659026954323 0.518910917477675 "experimento_2" 2 1000 1000 0.8 0.5 0.4 1 0.8
0.999556738650426 0.459632040770021 "experimento_2" 2 1000 1000 0.8 0.5 0.4 1 0.8
0.997659894172102 0.539875907191948 "experimento_2" 2 1000 1000 0.8 0.5 0.4 1 0.8
0.983262714464217 0.441109106034869 "experimento_2" 2 1000 1000 0.8 0.5 0.4 1 0.8
0.982164038578048 0.535779057876267 "experimento_2" 2 1000 1000 0.8 0.5 0.4 1 0.8
1.02923225983977 0.527656305400897 "experimento_2" 2 1000 1000 0.8 0.5 0.4 1 0.8
1.00077615258351 0.51736625032952 "experimento_2" 2 1000 1000 0.8 0.5 0.4 1 0.8
0.985835442552343 0.49669521263367 "experimento_2" 2 1000 1000 0.8 0.5 0.4 1 0.8
0.982810325920582 0.448401747417641 "experimento_2" 2 1000 1000 0.8 0.5 0.4 1 0.8
0.999327799072489 0.481400972886398 "experimento_2" 2 1000 1000 0.8 0.5 0.4 1 0.8
0.987831285921857 0.557094159565487 "experimento_2" 2 1000 1000 0.8 0.5 0.4 1 0.8
1.03472954003563 0.522915392007291 "experimento_2" 2 1000 1000 0.8 0.5 0.4 1 0.8
0.986207973910496 0.478512045667963 "experimento_2" 2 1000 1000 0.8 0.5 0.4 1 0.8
0.999993798788637 0.461978326106335 "experimento_2" 2 1000 1000 0.8 0.5 0.4 1 0.8
0.98751769750379 0.531814846637704 "experimento_2" 2 1000 1000 0.8 0.5 0.4 1 0.8
1.03789277840406 0.478846060566407 "experimento_2" 2 1000 1000 0.8 0.5 0.4 1 0.8
0.990723235765472 0.5253839541718 "experimento_2" 2 1000 1000 0.8 0.5 0.4 1 0.8
0.99638824374415 0.442626150637346 "experimento_2" 2 1000 1000 0.8 0.5 0.4 1 0.8
0.995538306888193 0.505858030567429 "experimento_2" 2 1000 1000 0.8 0.5 0.4 1 0.8
0.99181580869481 0.57993875108762 "experimento_2" 2 1000 1000 0.8 0.5 0.4 1 0.8
0.982436022022739 0.48129752121398 "experimento_2" 2 1000 1000 0.8 0.5 0.4 1 0.8
1.00051369424909 0.544538713969322 "experimento_2" 2 1000 1000 0.8 0.5 0.4 1 0.8
0.991681706625968 0.461075356444348 "experimento_2" 2 1000 1000 0.8 0.5 0.4 1 0.8
0.993938050232828 0.50421447151755 "experimento_2" 2 1000 1000 0.8 0.5 0.4 1 0.8
0.987634614109993 0.484353275071618 "experimento_2" 2 1000 1000 0.8 0.5 0.4 1 0.8
1.00052905548364 0.468186444323267 "experimento_2" 2 1000 1000 0.8 0.5 0.4 1 0.8
0.991134040988982 0.518743761576828 "experimento_2" 2 1000 1000 0.8 0.5 0.4 1 0.8
0.997752654366195 0.526630720064303 "experimento_2" 2 1000 1000 0.8 0.5 0.4 1 0.8
1.21374646403463 0.444798685580534 "experimento_2" 2 1000 1000 0.8 0.5 0.4 1 0.8
0.976301293354481 0.525541089820293 "experimento_2" 2 1000 1000 0.8 0.5 0.4 1 0.8
0.983440838055685 0.530089352518464 "experimento_2" 2 1000 1000 0.8 0.5 0.4 1 0.8
0.999160315375775 0.443401938128243 "experimento_2" 2 1000 1000 0.8 0.5 0.4 1 0.8
0.994122387142852 0.520102802565277 "experimento_2" 2 1000 1000 0.8 0.5 0.4 1 0.8
0.984058042289689 0.484693398694475 "experimento_2" 2 1000 1000 0.8 0.5 0.4 1 0.8
1.00992473797614 0.516076734043044 "experimento_2" 2 1000 1000 0.8 0.5 0.4 1 0.8
1.01081940717995 0.449768774269737 "experimento_2" 2 1000 1000 0.8 0.5 0.4 1 0.8
0.997182947816327 0.505052624625624 "experimento_2" 2 1000 1000 0.8 0.5 0.4 1 0.8
1.01604869266113 0.521665031936695 "experimento_2" 2 1000 1000 0.8 0.5 0.4 1 0.8
0.987955685704947 0.495876611084208 "experimento_2" 2 1000 1000 0.8 0.5 0.4 1 0.8
0.986390885896981 0.504768742149131 "experimento_2" 2 1000 1000 0.8 0.5 0.4 1 0.8
0.984392078593373 0.501660151806262 "experimento_2" 2 1000 1000 0.8 0.5 0.4 1 0.8
0.96796706574969 0.6330433781665 "experimento_2" 2 1000 1000 0.8 0.5 0.4 1 0.8
0.99677721504122 0.539816728317003 "experimento_2" 2 1000 1000 0.8 0.5 0.4 1 0.8
0.986600525444373 0.592690471830872 "experimento_2" 2 1000 1000 0.8 0.5 0.4 1 0.8
0.999566160840914 0.549394177770792 "experimento_2" 2 1000 1000 0.8 0.5 0.4 1 0.8
1.00435083228624 0.5035621879066 "experimento_2" 2 1000 1000 0.8 0.5 0.4 1 0.8
0.990305294282734 0.504953862111158 "experimento_2" 2 1000 1000 0.8 0.5 0.4 1 0.8
0.999217255273834 0.524457722495024 "experimento_2" 2 1000 1000 0.8 0.5 0.4 1 0.8
0.986433170503005 0.524355542417001 "experimento_2" 2 1000 1000 0.8 0.5 0.4 1 0.8
0.983565616887063 0.5040825854748 "experimento_2" 2 1000 1000 0.8 0.5 0.4 1 0.8
1.03709125102894 0.41792797454841 "experimento_2" 2 1000 1000 0.8 0.5 0.4 1 0.8
1.19354558829218 0.466492781188312 "experimento_2" 2 1000 1000 0.8 0.5 0.4 1 0.8
1.14693796727806 0.531371603855444 "experimento_2" 2 1000 1000 0.8 0.5 0.4 1 0.8
0.994472047779709 0.48263160401328 "experimento_2" 2 1000 1000 0.8 0.5 0.4 1 0.8
0.999344260897487 0.457364993807015 "experimento_2" 2 1000 1000 0.8 0.5 0.4 1 0.8
0.995507372077554 0.522711070565415 "experimento_2" 2 1000 1000 0.8 0.5 0.4 1 0.8
0.998236010316759 0.51834029019311 "experimento_2" 2 1000 1000 0.8 0.5 0.4 1 0.8
0.994533551624045 0.492886971986228 "experimento_2" 2 1000 1000 0.8 0.5 0.4 1 0.8
0.991519233211875 0.534859276913911 "experimento_2" 2 1000 1000 0.8 0.5 0.4 1 0.8
0.991251538973302 0.501737722816261 "experimento_2" 2 1000 1000 0.8 0.5 0.4 1 0.8
0.994558047968894 0.49728298844232 "experimento_2" 2 1000 1000 0.8 0.5 0.4 1 0.8
0.982377034146339 0.485952184225383 "experimento_2" 2 1000 1000 0.8 0.5 0.4 1 0.8
0.998637574026361 0.527884809147859 "experimento_2" 2 1000 1000 0.8 0.5 0.4 1 0.8
0.987502606119961 0.485335571059524 "experimento_2" 2 1000 1000 0.8 0.5 0.4 1 0.8
1.00608967535063 0.514328360348941 "experimento_2" 2 1000 1000 0.8 0.5 0.4 1 0.8
0.987534777028486 0.566665763703425 "experimento_2" 2 1000 1000 0.8 0.5 0.4 1 0.8
0.992587626213208 0.590579984149658 "experimento_2" 2 1000 1000 0.8 0.5 0.4 1 0.8
0.982159408275038 0.516896014470114 "experimento_2" 2 1000 1000 0.8 0.5 0.4 1 0.8
1.0789109589532 0.526748939865622 "experimento_2" 2 1000 1000 0.8 0.5 0.4 1 0.8
0.9964190707542 0.529902847966343 "experimento_2" 2 1000 1000 0.8 0.5 0.4 1 0.8
0.98995509929955 0.550600566648151 "experimento_2" 2 1000 1000 0.8 0.5 0.4 1 0.8
0.996209426783025 0.506619244571491 "experimento_2" 2 1000 1000 0.8 0.5 0.4 1 0.8
0.989615848520771 0.55098187526839 "experimento_2" 2 1000 1000 0.8 0.5 0.4 1 0.8
0.981424547499046 0.485845720601633 "experimento_2" 2 1000 1000 0.8 0.5 0.4 1 0.8
1.06049302220345 0.526527095191764 "experimento_2" 2 1000 1000 0.8 0.5 0.4 1 0.8
0.972233339678496 0.56827896778589 "experimento_2" 2 1000 1000 0.8 0.5 0.4 1 0.8
1.06261309143156 0.461103810282089 "experimento_2" 2 1000 1000 0.8 0.5 0.4 1 0.8
0.994209749856964 0.500376699590171 "experimento_2" 2 1000 1000 0.8 0.5 0.4 1 0.8
0.999970833072439 0.483363352623165 "experimento_2" 2 1000 1000 0.8 0.5 0.4 1 0.8
0.998795071616769 0.540810784767099 "experimento_2" 2 1000 1000 0.8 0.5 0.4 1 0.8
1.00631436132526 0.472110263415379 "experimento_2" 2 1000 1000 0.8 0.5 0.4 1 0.8
0.992058799834922 0.498693086062249 "experimento_2" 2 1000 1000 0.8 0.5 0.4 1 0.8
0.991347876377404 0.499790770511164 "experimento_2" 2 1000 1000 0.8 0.5 0.4 1 0.8
1.00021670665592 0.457805194246842 "experimento_2" 2 1000 1000 0.8 0.5 0.4 1 0.8
1.04154027067125 0.477288376415345 "experimento_2" 2 1000 1000 0.8 0.5 0.4 1 0.8
0.997655340703204 0.527546341756981 "experimento_2" 2 1000 1000 0.8 0.5 0.4 1 0.8
1.01177049893886 0.513282202596909 "experimento_2" 2 1000 1000 0.8 0.5 0.4 1 0.8
0.994913204573095 0.520706564903643 "experimento_2" 2 1000 1000 0.8 0.5 0.4 1 0.8
0.999100231099874 0.467327702633765 "experimento_2" 2 1000 1000 0.8 0.5 0.4 1 0.8
0.982164665823802 0.476448581333556 "experimento_2" 2 1000 1000 0.8 0.5 0.4 1 0.8
0.997658190317452 0.486556184760584 "experimento_2" 2 1000 1000 0.8 0.5 0.4 1 0.8
0.998825227376074 0.5645186486598 "experimento_2" 2 1000 1000 0.8 0.5 0.4 1 0.8
0.998911699512973 0.447540328178061 "experimento_2" 2 1000 1000 0.8 0.5 0.4 1 0.8
1.00057252876047 0.535082776697853 "experimento_2" 2 1000 1000 0.8 0.5 0.4 1 0.8
1.04305591061711 0.497706449008797 "experimento_2" 2 1000 1000 0.8 0.5 0.4 1 0.8
1.0674020787701 0.477964070974435 "experimento_2" 2 1000 1000 0.8 0.5 0.4 1 0.8
0.98994253273122 0.452805693609186 "experimento_2" 2 1000 1000 0.8 0.5 0.4 1 0.8
1.01167080435082 0.531296859590992 "experimento_2" 2 1000 1000 0.8 0.5 0.4 1 0.8
0.993540320778266 0.490715251265318 "experimento_2" 2 1000 1000 0.8 0.5 0.4 1 0.8
0.997897285968065 0.509427891435306 "experimento_2" 2 1000 1000 0.8 0.5 0.4 1 0.8
0.987178418552503 0.559451041701602 "experimento_2" 2 1000 1000 0.8 0.5 0.4 1 0.8
0.999895561952144 0.50383349343481 "experimento_2" 2 1000 1000 0.8 0.5 0.4 1 0.8
0.995319923618808 0.473114852724786 "experimento_2" 2 1000 1000 0.8 0.5 0.4 1 0.8
1.01170527508887 0.487414666183983 "experimento_2" 2 1000 1000 0.8 0.5 0.4 1 0.8
1.00049761632868 0.504127635387352 "experimento_2" 2 1000 1000 0.8 0.5 0.4 1 0.8
0.990243743639439 0.596364898161184 "experimento_2" 2 1000 1000 0.8 0.5 0.4 1 0.8
1.03929510340095 0.503016357985648 "experimento_2" 2 1000 1000 0.8 0.5 0.4 1 0.8
0.999301236122847 0.500371248257497 "experimento_2" 2 1000 1000 0.8 0.5 0.4 1 0.8
0.986403539776802 0.599646964525841 "experimento_2" 2 1000 1000 0.8 0.5 0.4 1 0.8
0.991334871156141 0.538043053212123 "experimento_2" 2 1000 1000 0.8 0.5 0.4 1 0.8
0.977278962498531 0.535782670436581 "experimento_2" 2 1000 1000 0.8 0.5 0.4 1 0.8
0.998907267581671 0.559292807313274 "experimento_2" 2 1000 1000 0.8 0.5 0.4 1 0.8
0.998490327037871 0.55153745266809 "experimento_2" 2 1000 1000 0.8 0.5 0.4 1 0.8
1.23377991840243 0.463332361781248 "experimento_2" 2 1000 1000 0.8 0.5 0.4 1 0.8
0.998946293024346 0.463933672423721 "experimento_2" 2 1000 1000 0.8 0.5 0.4 1 0.8
0.998118886258453 0.49913286603662 "experimento_2" 2 1000 1000 0.8 0.5 0.4 1 0.8
0.997818313306198 0.495338756962182 "experimento_2" 2 1000 1000 0.8 0.5 0.4 1 0.8
0.993762769270688 0.550108924109751 "experimento_2" 2 1000 1000 0.8 0.5 0.4 1 0.8
0.988082897849381 0.539489147436569 "experimento_2" 2 1000 1000 0.8 0.5 0.4 1 0.8
0.999050692422315 0.555202076485411 "experimento_2" 2 1000 1000 0.8 0.5 0.4 1 0.8
1.0041032159568 0.478032515415793 "experimento_2" 2 1000 1000 0.8 0.5 0.4 1 0.8
0.999489495763555 0.508452152228895 "experimento_2" 2 1000 1000 0.8 0.5 0.4 1 0.8
1.05405148387693 0.47858775996727 "experimento_2" 2 1000 1000 0.8 0.5 0.4 1 0.8
0.99558734241873 0.577401499645077 "experimento_2" 2 1000 1000 0.8 0.5 0.4 1 0.8
0.99943371466361 0.491975549182822 "experimento_2" 2 1000 1000 0.8 0.5 0.4 1 0.8
1.00241659027004 0.478729787106876 "experimento_2" 2 1000 1000 0.8 0.5 0.4 1 0.8
1.00277740622317 0.564808582299833 "experimento_2" 2 1000 1000 0.8 0.5 0.4 1 0.8
1.05469150282443 0.462298652923424 "experimento_2" 2 1000 1000 0.8 0.5 0.4 1 0.8
0.980510275578126 0.527089172836672 "experimento_2" 2 1000 1000 0.8 0.5 0.4 1 0.8
1.00488456804305 0.463779017506414 "experimento_2" 2 1000 1000 0.8 0.5 0.4 1 0.8
1.00717178623626 0.443311780130485 "experimento_2" 2 1000 1000 0.8 0.5 0.4 1 0.8
0.995609872043133 0.491954957801557 "experimento_2" 2 1000 1000 0.8 0.5 0.4 1 0.8
1.05608686804771 0.49309308149667 "experimento_2" 2 1000 1000 0.8 0.5 0.4 1 0.8
0.998533744830638 0.493628216705359 "experimento_2" 2 1000 1000 0.8 0.5 0.4 1 0.8
1.10197408404201 0.466396599300185 "experimento_2" 2 1000 1000 0.8 0.5 0.4 1 0.8
1.00820947997272 0.561202858239771 "experimento_2" 2 1000 1000 0.8 0.5 0.4 1 0.8
0.994079042924568 0.528341287715254 "experimento_2" 2 1000 1000 0.8 0.5 0.4 1 0.8
0.999537431867793 0.491487400661844 "experimento_2" 2 1000 1000 0.8 0.5 0.4 1 0.8
0.996624677674845 0.486368230496765 "experimento_2" 2 1000 1000 0.8 0.5 0.4 1 0.8
1.08432397712022 0.441636637831414 "experimento_2" 2 1000 1000 0.8 0.5 0.4 1 0.8
0.990033517358825 0.537511387469006 "experimento_2" 2 1000 1000 0.8 0.5 0.4 1 0.8
1.01312638610388 0.507299996041233 "experimento_2" 2 1000 1000 0.8 0.5 0.4 1 0.8
0.991847938625142 0.525026626623511 "experimento_2" 2 1000 1000 0.8 0.5 0.4 1 0.8
0.990070416592062 0.586708455661506 "experimento_2" 2 1000 1000 0.8 0.5 0.4 1 0.8
0.993743683677167 0.424338713102633 "experimento_2" 2 1000 1000 0.8 0.5 0.4 1 0.8
0.981977762421593 0.530537323663259 "experimento_2" 2 1000 1000 0.8 0.5 0.4 1 0.8
0.989865105366334 0.488607587741766 "experimento_2" 2 1000 1000 0.8 0.5 0.4 1 0.8
0.995982386171818 0.495089309989676 "experimento_2" 2 1000 1000 0.8 0.5 0.4 1 0.8
0.979414636502042 0.567447397922457 "experimento_2" 2 1000 1000 0.8 0.5 0.4 1 0.8
0.996756723616272 0.47335697328345 "experimento_2" 2 1000 1000 0.8 0.5 0.4 1 0.8
0.983281598193571 0.491513188052275 "experimento_2" 2 1000 1000 0.8 0.5 0.4 1 0.8
0.99775584298186 0.538270215542121 "experimento_2" 2 1000 1000 0.8 0.5 0.4 1 0.8
0.991768613923341 0.509394328214569 "experimento_2" 2 1000 1000 0.8 0.5 0.4 1 0.8
0.995821857824922 0.531175879772626 "experimento_2" 2 1000 1000 0.8 0.5 0.4 1 0.8
0.988277744501829 0.493623997164848 "experimento_2" 2 1000 1000 0.8 0.5 0.4 1 0.8
1.08454771736056 0.473105659151802 "experimento_2" 2 1000 1000 0.8 0.5 0.4 1 0.8
0.991550910519436 0.459158510618591 "experimento_2" 2 1000 1000 0.8 0.5 0.4 1 0.8
0.995186098618433 0.491044310759221 "experimento_2" 2 1000 1000 0.8 0.5 0.4 1 0.8
1.01661190235395 0.528255399856755 "experimento_2" 2 1000 1000 0.8 0.5 0.4 1 0.8
0.999945011455566 0.516609593712051 "experimento_2" 2 1000 1000 0.8 0.5 0.4 1 0.8
1.0048499556365 0.492812866354807 "experimento_2" 2 1000 1000 0.8 0.5 0.4 1 0.8
0.999956433661282 0.486356290073074 "experimento_2" 2 1000 1000 0.8 0.5 0.4 1 0.8
1.00272636534879 0.495166416178244 "experimento_2" 2 1000 1000 0.8 0.5 0.4 1 0.8
0.994125856319442 0.536337702350331 "experimento_2" 2 1000 1000 0.8 0.5 0.4 1 0.8
0.989824843592942 0.510332633273619 "experimento_2" 2 1000 1000 0.8 0.5 0.4 1 0.8
0.995018870336935 0.433695805903426 "experimento_2" 2 1000 1000 0.8 0.5 0.4 1 0.8
0.999887336743996 0.505828686565121 "experimento_2" 2 1000 1000 0.8 0.5 0.4 1 0.8
1.04820591955391 0.480883515572974 "experimento_2" 2 1000 1000 0.8 0.5 0.4 1 0.8
0.999678300926462 0.536117951936163 "experimento_2" 2 1000 1000 0.8 0.5 0.4 1 0.8
0.991635523736477 0.53105557290125 "experimento_2" 2 1000 1000 0.8 0.5 0.4 1 0.8
0.999691277742386 0.477437806479705 "experimento_2" 2 1000 1000 0.8 0.5 0.4 1 0.8
0.990781935630366 0.536035532401192 "experimento_2" 2 1000 1000 0.8 0.5 0.4 1 0.8
0.991660768399015 0.495389684889426 "experimento_2" 2 1000 1000 0.8 0.5 0.4 1 0.8
0.999142294982448 0.493472959869707 "experimento_2" 2 1000 1000 0.8 0.5 0.4 1 0.8
0.991347362054512 0.486603960773043 "experimento_2" 2 1000 1000 0.8 0.5 0.4 1 0.8
0.992452280130237 0.488517205535994 "experimento_2" 2 1000 1000 0.8 0.5 0.4 1 0.8
1.00454505796254 0.551722151804812 "experimento_2" 2 1000 1000 0.8 0.5 0.4 1 0.8
0.998371872119606 0.52005310174018 "experimento_2" 2 1000 1000 0.8 0.5 0.4 1 0.8
1.01555269793801 0.491333998718667 "experimento_2" 2 1000 1000 0.8 0.5 0.4 1 0.8
0.988623267738149 0.484627368633479 "experimento_2" 2 1000 1000 0.8 0.5 0.4 1 0.8
0.998285133391619 0.529781545316268 "experimento_2" 2 1000 1000 0.8 0.5 0.4 1 0.8
0.991610961267725 0.610764817769562 "experimento_2" 2 1000 1000 0.8 0.5 0.4 1 0.8
0.995872603263706 0.478128052492445 "experimento_2" 2 1000 1000 0.8 0.5 0.4 1 0.8
0.999053720152006 0.426939543889506 "experimento_2" 2 1000 1000 0.8 0.5 0.4 1 0.8
0.993220338830724 0.461027703522267 "experimento_2" 2 1000 1000 0.8 0.5 0.4 1 0.8
1.01185287255794 0.513707731577038 "experimento_2" 2 1000 1000 0.8 0.5 0.4 1 0.8
0.984990521799773 0.53275866189052 "experimento_2" 2 1000 1000 0.8 0.5 0.4 1 0.8
0.996375295100734 0.495071565661684 "experimento_2" 2 1000 1000 0.8 0.5 0.4 1 0.8
1.00299080131717 0.500276959657274 "experimento_2" 2 1000 1000 0.8 0.5 0.4 1 0.8
1.01152638252825 0.480349082329303 "experimento_2" 2 1000 1000 0.8 0.5 0.4 1 0.8
0.989158826647326 0.596660630243227 "experimento_2" 2 1000 1000 0.8 0.5 0.4 1 0.8
0.981566595146433 0.513653651727839 "experimento_2" 2 1000 1000 0.8 0.5 0.4 1 0.8
0.989486979786307 0.507544368830002 "experimento_2" 2 1000 1000 0.8 0.5 0.4 1 0.8
0.984231882262975 0.560144730252243 "experimento_2" 2 1000 1000 0.8 0.5 0.4 1 0.8
1.4073720742017 0.407731181256914 "experimento_2" 2 1000 1000 0.8 0.5 0.4 1 0.8
0.997806776082143 0.422637001228631 "experimento_2" 2 1000 1000 0.8 0.5 0.4 1 0.8
0.992660943884403 0.518180078345661 "experimento_2" 2 1000 1000 0.8 0.5 0.4 1 0.8
0.993809398263693 0.48499232121688 "experimento_2" 2 1000 1000 0.8 0.5 0.4 1 0.8
0.995135265868157 0.515378394691859 "experimento_2" 2 1000 1000 0.8 0.5 0.4 1 0.8
0.999775308417156 0.441843508348066 "experimento_2" 2 1000 1000 0.8 0.5 0.4 1 0.8
0.993918445426971 0.545894759518859 "experimento_2" 2 1000 1000 0.8 0.5 0.4 1 0.8
1.0149130452295 0.566443540519407 "experimento_2" 2 1000 1000 0.8 0.5 0.4 1 0.8
1.00618369504809 0.423037604292416 "experimento_2" 2 1000 1000 0.8 0.5 0.4 1 0.8
0.994469211902469 0.478359134615216 "experimento_2" 2 1000 1000 0.8 0.5 0.4 1 0.8
0.999075717059895 0.510841798897983 "experimento_2" 2 1000 1000 0.8 0.5 0.4 1 0.8
0.990287311840802 0.545998917913897 "experimento_2" 2 1000 1000 0.8 0.5 0.4 1 0.8
1.00696723069996 0.518345046617255 "experimento_2" 2 1000 1000 0.8 0.5 0.4 1 0.8
1.05054335203022 0.481595535296946 "experimento_2" 2 1000 1000 0.8 0.5 0.4 1 0.8
0.993870847159997 0.507953173091316 "experimento_2" 2 1000 1000 0.8 0.5 0.4 1 0.8
0.988916484406218 0.61697987808224 "experimento_2" 2 1000 1000 0.8 0.5 0.4 1 0.8
0.999194107484072 0.59901858154361 "experimento_2" 2 1000 1000 0.8 0.5 0.4 1 0.8
1.14127224016473 0.530860098668083 "experimento_2" 2 1000 1000 0.8 0.5 0.4 1 0.8
0.989127976819873 0.533462589615532 "experimento_2" 2 1000 1000 0.8 0.5 0.4 1 0.8
0.987550535704941 0.515382683256218 "experimento_2" 2 1000 1000 0.8 0.5 0.4 1 0.8
0.999063826864585 0.504676993730654 "experimento_2" 2 1000 1000 0.8 0.5 0.4 1 0.8
1.00417336542159 0.515941501725195 "experimento_2" 2 1000 1000 0.8 0.5 0.4 1 0.8
1.23946014502741 0.446866427386142 "experimento_2" 2 1000 1000 0.8 0.5 0.4 1 0.8
0.999438866740093 0.514345220158074 "experimento_2" 2 1000 1000 0.8 0.5 0.4 1 0.8
0.998702959390357 0.565920150041003 "experimento_2" 2 1000 1000 0.8 0.5 0.4 1 0.8
1.1156396586448 0.513921530773951 "experimento_2" 2 1000 1000 0.8 0.5 0.4 1 0.8
1.00239510834217 0.4546918242378 "experimento_2" 2 1000 1000 0.8 0.5 0.4 1 0.8
1.01655646599829 0.480382215615802 "experimento_2" 2 1000 1000 0.8 0.5 0.4 1 0.8
0.993253987981007 0.58873577058138 "experimento_2" 2 1000 1000 0.8 0.5 0.4 1 0.8
0.999701870372519 0.459000322986292 "experimento_2" 2 1000 1000 0.8 0.5 0.4 1 0.8
0.993494753725827 0.527119400167469 "experimento_2" 2 1000 1000 0.8 0.5 0.4 1 0.8
0.989998752484098 0.541556019344241 "experimento_2" 2 1000 1000 0.8 0.5 0.4 1 0.8
0.988116700900719 0.569594217158317 "experimento_2" 2 1000 1000 0.8 0.5 0.4 1 0.8
0.994598238030449 0.571786785442055 "experimento_2" 2 1000 1000 0.8 0.5 0.4 1 0.8
0.997230303008109 0.508097689814628 "experimento_2" 2 1000 1000 0.8 0.5 0.4 1 0.8
0.997104980284348 0.521062991975864 "experimento_2" 2 1000 1000 0.8 0.5 0.4 1 0.8
1.21477464959025 0.473820295522647 "experimento_2" 2 1000 1000 0.8 0.5 0.4 1 0.8
0.994490280747414 0.571368319030598 "experimento_2" 2 1000 1000 0.8 0.5 0.4 1 0.8
0.998171936254948 0.464375439572124 "experimento_2" 2 1000 1000 0.8 0.5 0.4 1 0.8
0.994598442222923 0.49810868660664 "experimento_2" 2 1000 1000 0.8 0.5 0.4 1 0.8
0.97861489164643 0.499127709574373 "experimento_2" 2 1000 1000 0.8 0.5 0.4 1 0.8
0.999415421159938 0.538522928805792 "experimento_2" 2 1000 1000 0.8 0.5 0.4 1 0.8
0.986443328671157 0.575561878491335 "experimento_2" 2 1000 1000 0.8 0.5 0.4 1 0.8
0.991702570114285 0.493900946945446 "experimento_2" 2 1000 1000 0.8 0.5 0.4 1 0.8
0.990752778481692 0.55312334255653 "experimento_2" 2 1000 1000 0.8 0.5 0.4 1 0.8
0.994955510599539 0.52380141821364 "experimento_2" 2 1000 1000 0.8 0.5 0.4 1 0.8
1.01436082273722 0.486590183694782 "experimento_2" 2 1000 1000 0.8 0.5 0.4 1 0.8
0.996794193983078 0.486933678341964 "experimento_2" 2 1000 1000 0.8 0.5 0.4 1 0.8
0.99972069892101 0.55306546742437 "experimento_2" 2 1000 1000 0.8 0.5 0.4 1 0.8
1.37565028015524 0.509833491038446 "experimento_2" 2 1000 1000 0.8 0.5 0.4 1 0.8
1.03013543851066 0.467048539242549 "experimento_2" 2 1000 1000 0.8 0.5 0.4 1 0.8
1.13412973284721 0.484976909838194 "experimento_2" 2 1000 1000 0.8 0.5 0.4 1 0.8
0.994134936714545 0.534541840089375 "experimento_2" 2 1000 1000 0.8 0.5 0.4 1 0.8
0.998559173196554 0.489211240204944 "experimento_2" 2 1000 1000 0.8 0.5 0.4 1 0.8
0.981820882298052 0.571010247728619 "experimento_2" 2 1000 1000 0.8 0.5 0.4 1 0.8
1.04927197191864 0.493864551829883 "experimento_2" 2 1000 1000 0.8 0.5 0.4 1 0.8
0.999330276856199 0.528343476474895 "experimento_2" 2 1000 1000 0.8 0.5 0.4 1 0.8
0.981403113109991 0.534978663351586 "experimento_2" 2 1000 1000 0.8 0.5 0.4 1 0.8
0.985329517163336 0.494267156418097 "experimento_2" 2 1000 1000 0.8 0.5 0.4 1 0.8
0.990150885190815 0.471587414620451 "experimento_2" 2 1000 1000 0.8 0.5 0.4 1 0.8
1.73118991497904 0.44900083650261 "experimento_2" 2 1000 1000 0.8 0.5 0.4 1 0.8
0.995158641599119 0.480543842502278 "experimento_2" 2 1000 1000 0.8 0.5 0.4 1 0.8
0.999274193542078 0.476784488669481 "experimento_2" 2 1000 1000 0.8 0.5 0.4 1 0.8
0.99063345300965 0.476732496140448 "experimento_2" 2 1000 1000 0.8 0.5 0.4 1 0.8
0.987490856088698 0.68184895240418 "experimento_2" 2 1000 1000 0.8 0.5 0.4 1 0.8
0.985283062327653 0.514334036748003 "experimento_2" 2 1000 1000 0.8 0.5 0.4 1 0.8
0.983052701922134 0.506234675384176 "experimento_2" 2 1000 1000 0.8 0.5 0.4 1 0.8
0.998318485915661 0.519606037548594 "experimento_2" 2 1000 1000 0.8 0.5 0.4 1 0.8
0.998400748707354 0.481862021110167 "experimento_2" 2 1000 1000 0.8 0.5 0.4 1 0.8
0.996923649916425 0.531513994160934 "experimento_2" 2 1000 1000 0.8 0.5 0.4 1 0.8
1.01970222592354 0.4259835982452 "experimento_2" 2 1000 1000 0.8 0.5 0.4 1 0.8
0.979683443438262 0.544076920616976 "experimento_2" 2 1000 1000 0.8 0.5 0.4 1 0.8
0.999767736531794 0.473914931976583 "experimento_2" 2 1000 1000 0.8 0.5 0.4 1 0.8
0.976514162961394 0.515887746350837 "experimento_2" 2 1000 1000 0.8 0.5 0.4 1 0.8
0.994253114331514 0.534839943487192 "experimento_2" 2 1000 1000 0.8 0.5 0.4 1 0.8
1.0051032924507 0.578429253160255 "experimento_2" 2 1000 1000 0.8 0.5 0.4 1 0.8
0.994297252967954 0.509871690957491 "experimento_2" 2 1000 1000 0.8 0.5 0.4 1 0.8
0.999961297493428 0.51675064091248 "experimento_2" 2 1000 1000 0.8 0.5 0.4 1 0.8
0.997910578735173 0.51262141880123 "experimento_2" 2 1000 1000 0.8 0.5 0.4 1 0.8
0.998589185066521 0.524114159539688 "experimento_2" 2 1000 1000 0.8 0.5 0.4 1 0.8
1.00177222315649 0.576343451570015 "experimento_2" 2 1000 1000 0.8 0.5 0.4 1 0.8
0.99647002061829 0.472429563850935 "experimento_2" 2 1000 1000 0.8 0.5 0.4 1 0.8
0.998443266144022 0.500013474398488 "experimento_2" 2 1000 1000 0.8 0.5 0.4 1 0.8
0.992579221026972 0.529717547021266 "experimento_2" 2 1000 1000 0.8 0.5 0.4 1 0.8
0.98548761382699 0.498195614807211 "experimento_2" 2 1000 1000 0.8 0.5 0.4 1 0.8
0.993396459612995 0.490429893598407 "experimento_2" 2 1000 1000 0.8 0.5 0.4 1 0.8
1.21248024143279 0.47002131725286 "experimento_2" 2 1000 1000 0.8 0.5 0.4 1 0.8
0.998832741752267 0.518211454401461 "experimento_2" 2 1000 1000 0.8 0.5 0.4 1 0.8
0.998399118194357 0.532160539384055 "experimento_2" 2 1000 1000 0.8 0.5 0.4 1 0.8
0.992824143962935 0.437223678084268 "experimento_2" 2 1000 1000 0.8 0.5 0.4 1 0.8
0.987031891942024 0.49372540985916 "experimento_2" 2 1000 1000 0.8 0.5 0.4 1 0.8
0.991589552955702 0.539384385531499 "experimento_2" 2 1000 1000 0.8 0.5 0.4 1 0.8
0.998958357842639 0.554010107379254 "experimento_2" 2 1000 1000 0.8 0.5 0.4 1 0.8
0.994254539487883 0.598046630574703 "experimento_2" 2 1000 1000 0.8 0.5 0.4 1 0.8
0.996583116007969 0.560819079897361 "experimento_2" 2 1000 1000 0.8 0.5 0.4 1 0.8
1.00492965523154 0.448887837149211 "experimento_2" 2 1000 1000 0.8 0.5 0.4 1 0.8
0.992867493769154 0.623708387488391 "experimento_2" 2 1000 1000 0.8 0.5 0.4 1 0.8
0.97219827468507 0.573365441058794 "experimento_2" 2 1000 1000 0.8 0.5 0.4 1 0.8
1.00702324975282 0.498169861822415 "experimento_2" 2 1000 1000 0.8 0.5 0.4 1 0.8
0.998943296493962 0.516571511727264 "experimento_2" 2 1000 1000 0.8 0.5 0.4 1 0.8
1.41180140711367 0.486873800527673 "experimento_2" 2 1000 1000 0.8 0.5 0.4 1 0.8
1.55493995267898 0.416917570868284 "experimento_2" 2 1000 1000 0.8 0.5 0.4 1 0.8
0.995285676559433 0.480637059858654 "experimento_2" 2 1000 1000 0.8 0.5 0.4 1 0.8
1.02278887456787 0.504463149858375 "experimento_2" 2 1000 1000 0.8 0.5 0.4 1 0.8
1.07136947289109 0.517932519693327 "experimento_2" 2 1000 1000 0.8 0.5 0.4 1 0.8
1.22427272923605 0.531606949729594 "experimento_2" 2 1000 1000 0.8 0.5 0.4 1 0.8
0.98138424823992 0.512148460845815 "experimento_2" 2 1000 1000 0.8 0.5 0.4 1 0.8
0.979433964472264 0.495013438962152 "experimento_2" 2 1000 1000 0.8 0.5 0.4 1 0.8
0.992615626193583 0.485334973294551 "experimento_2" 2 1000 1000 0.8 0.5 0.4 1 0.8
1.03345120713006 0.507299163026132 "experimento_2" 2 1000 1000 0.8 0.5 0.4 1 0.8
1.03482787776738 0.481342692269748 "experimento_2" 2 1000 1000 0.8 0.5 0.4 1 0.8
1.01179323589378 0.550512271193705 "experimento_2" 2 1000 1000 0.8 0.5 0.4 1 0.8
0.985603263601661 0.454362867125992 "experimento_2" 2 1000 1000 0.8 0.5 0.4 1 0.8
0.999194157542661 0.494298673477926 "experimento_2" 2 1000 1000 0.8 0.5 0.4 1 0.8
1.61492904192432 0.43490108824077 "experimento_2" 2 1000 1000 0.8 0.5 0.4 1 0.8
0.992076354334131 0.475407640570082 "experimento_2" 2 1000 1000 0.8 0.5 0.4 1 0.8
0.999474828131497 0.488118322335378 "experimento_2" 2 1000 1000 0.8 0.5 0.4 1 0.8
0.989925868576393 0.542338487821521 "experimento_2" 2 1000 1000 0.8 0.5 0.4 1 0.8
1.06892967297885 0.534823569913622 "experimento_2" 2 1000 1000 0.8 0.5 0.4 1 0.8
1.02536185272038 0.474983779856908 "experimento_2" 2 1000 1000 0.8 0.5 0.4 1 0.8
0.997431255644187 0.473955347207683 "experimento_2" 2 1000 1000 0.8 0.5 0.4 1 0.8
0.99888284271583 0.424348762632166 "experimento_2" 2 1000 1000 0.8 0.5 0.4 1 0.8
0.996668052161112 0.472013297644621 "experimento_2" 2 1000 1000 0.8 0.5 0.4 1 0.8
0.993851723149419 0.463448724510763 "experimento_2" 2 1000 1000 0.8 0.5 0.4 1 0.8
