"est.u" "est.lamb" "name" "seed" "size" "replicates" "p_umbral" "exp_lambda" "alpha_pen" "n_pen" "c"
1.01072025795778 30.5107717411175 "experimento_40" 40 2000 1000 0.8 30 0.4 1 0.8
1.0107760546729 29.1889714531197 "experimento_40" 40 2000 1000 0.8 30 0.4 1 0.8
1.00198082509452 28.1774559289538 "experimento_40" 40 2000 1000 0.8 30 0.4 1 0.8
0.997896559769288 29.1761341090207 "experimento_40" 40 2000 1000 0.8 30 0.4 1 0.8
0.99867944419384 28.8699005247879 "experimento_40" 40 2000 1000 0.8 30 0.4 1 0.8
0.998988217674196 28.3310405036397 "experimento_40" 40 2000 1000 0.8 30 0.4 1 0.8
1.01160746934034 29.3153021485426 "experimento_40" 40 2000 1000 0.8 30 0.4 1 0.8
0.999330141814426 28.4170839853449 "experimento_40" 40 2000 1000 0.8 30 0.4 1 0.8
1.00016068066393 29.2328024800841 "experimento_40" 40 2000 1000 0.8 30 0.4 1 0.8
1.00038484175069 32.6911344218733 "experimento_40" 40 2000 1000 0.8 30 0.4 1 0.8
1.00498900542346 27.8873600756679 "experimento_40" 40 2000 1000 0.8 30 0.4 1 0.8
1.00894155042867 29.0984549817541 "experimento_40" 40 2000 1000 0.8 30 0.4 1 0.8
1.00043389334654 29.116051546735 "experimento_40" 40 2000 1000 0.8 30 0.4 1 0.8
1.00883977391447 27.6814111418388 "experimento_40" 40 2000 1000 0.8 30 0.4 1 0.8
1.00016938331537 27.9437304043622 "experimento_40" 40 2000 1000 0.8 30 0.4 1 0.8
1.00018461765721 30.7897670133888 "experimento_40" 40 2000 1000 0.8 30 0.4 1 0.8
1.01654914985411 32.562033344454 "experimento_40" 40 2000 1000 0.8 30 0.4 1 0.8
0.999928262317553 30.3319239191424 "experimento_40" 40 2000 1000 0.8 30 0.4 1 0.8
0.999515634961426 28.4037583569955 "experimento_40" 40 2000 1000 0.8 30 0.4 1 0.8
1.00009812237695 28.1735640431468 "experimento_40" 40 2000 1000 0.8 30 0.4 1 0.8
1.00001750164665 30.3653926404611 "experimento_40" 40 2000 1000 0.8 30 0.4 1 0.8
1.00017828457057 32.1960097737634 "experimento_40" 40 2000 1000 0.8 30 0.4 1 0.8
1.00055461727058 30.6947171048424 "experimento_40" 40 2000 1000 0.8 30 0.4 1 0.8
1.00128876443315 31.8802926710547 "experimento_40" 40 2000 1000 0.8 30 0.4 1 0.8
1.00315566314021 27.1090846412452 "experimento_40" 40 2000 1000 0.8 30 0.4 1 0.8
1.01680109372052 27.6166057031155 "experimento_40" 40 2000 1000 0.8 30 0.4 1 0.8
1.04151923721516 31.5475076022229 "experimento_40" 40 2000 1000 0.8 30 0.4 1 0.8
1.00272436320603 28.2640077853371 "experimento_40" 40 2000 1000 0.8 30 0.4 1 0.8
1.02608659227072 31.9414351887693 "experimento_40" 40 2000 1000 0.8 30 0.4 1 0.8
1.00117908092216 30.2495548302898 "experimento_40" 40 2000 1000 0.8 30 0.4 1 0.8
0.99921240308322 29.4247559202328 "experimento_40" 40 2000 1000 0.8 30 0.4 1 0.8
0.999836704926565 29.6227673117832 "experimento_40" 40 2000 1000 0.8 30 0.4 1 0.8
1.00007553001245 30.5909457897711 "experimento_40" 40 2000 1000 0.8 30 0.4 1 0.8
1.00060397298075 30.0447650119668 "experimento_40" 40 2000 1000 0.8 30 0.4 1 0.8
1.00014679326365 31.2019881811139 "experimento_40" 40 2000 1000 0.8 30 0.4 1 0.8
1.00006867626992 28.8346568092717 "experimento_40" 40 2000 1000 0.8 30 0.4 1 0.8
0.999602056341246 30.278350920808 "experimento_40" 40 2000 1000 0.8 30 0.4 1 0.8
1.02572088099358 25.4478378039806 "experimento_40" 40 2000 1000 0.8 30 0.4 1 0.8
1.00616711882564 32.0362090035821 "experimento_40" 40 2000 1000 0.8 30 0.4 1 0.8
1.00076987963791 31.1307718354896 "experimento_40" 40 2000 1000 0.8 30 0.4 1 0.8
1.00935792306209 30.3977875199752 "experimento_40" 40 2000 1000 0.8 30 0.4 1 0.8
1.0000557740995 33.4906728027738 "experimento_40" 40 2000 1000 0.8 30 0.4 1 0.8
1.01606872693325 27.8809441569978 "experimento_40" 40 2000 1000 0.8 30 0.4 1 0.8
1.02852303413534 32.6715813684276 "experimento_40" 40 2000 1000 0.8 30 0.4 1 0.8
1.00005259445558 29.4718972891511 "experimento_40" 40 2000 1000 0.8 30 0.4 1 0.8
0.999723333166912 32.4051214611159 "experimento_40" 40 2000 1000 0.8 30 0.4 1 0.8
0.999174389056861 29.9694278098415 "experimento_40" 40 2000 1000 0.8 30 0.4 1 0.8
0.999649076955393 31.5872475174139 "experimento_40" 40 2000 1000 0.8 30 0.4 1 0.8
0.999595037661493 28.0028333938243 "experimento_40" 40 2000 1000 0.8 30 0.4 1 0.8
1.00090766032447 31.0684156743348 "experimento_40" 40 2000 1000 0.8 30 0.4 1 0.8
1.00012207450892 30.6309828263587 "experimento_40" 40 2000 1000 0.8 30 0.4 1 0.8
1.0225080691278 28.9842758575891 "experimento_40" 40 2000 1000 0.8 30 0.4 1 0.8
1.04819734873586 35.4986297609891 "experimento_40" 40 2000 1000 0.8 30 0.4 1 0.8
1.00336843221291 31.6371517919849 "experimento_40" 40 2000 1000 0.8 30 0.4 1 0.8
1.03008133644719 36.575338095271 "experimento_40" 40 2000 1000 0.8 30 0.4 1 0.8
1.02168317913699 31.5618148907716 "experimento_40" 40 2000 1000 0.8 30 0.4 1 0.8
1.00687384478127 27.5197537192294 "experimento_40" 40 2000 1000 0.8 30 0.4 1 0.8
1.00379363141644 28.5036231138856 "experimento_40" 40 2000 1000 0.8 30 0.4 1 0.8
1.00039163247319 32.0758891851015 "experimento_40" 40 2000 1000 0.8 30 0.4 1 0.8
1.00958465863951 28.5022177931916 "experimento_40" 40 2000 1000 0.8 30 0.4 1 0.8
1.00002870493075 30.1284347558719 "experimento_40" 40 2000 1000 0.8 30 0.4 1 0.8
1.02092929873616 26.5643189623084 "experimento_40" 40 2000 1000 0.8 30 0.4 1 0.8
0.999099157284945 29.4165768123887 "experimento_40" 40 2000 1000 0.8 30 0.4 1 0.8
1.00210689384539 30.0927721586795 "experimento_40" 40 2000 1000 0.8 30 0.4 1 0.8
0.999330539721996 29.1130397700662 "experimento_40" 40 2000 1000 0.8 30 0.4 1 0.8
1.00163846748571 28.6351973231209 "experimento_40" 40 2000 1000 0.8 30 0.4 1 0.8
1.00002845416395 30.0325521130517 "experimento_40" 40 2000 1000 0.8 30 0.4 1 0.8
0.998940029647201 28.6734685977583 "experimento_40" 40 2000 1000 0.8 30 0.4 1 0.8
0.999749666312709 31.4139911675925 "experimento_40" 40 2000 1000 0.8 30 0.4 1 0.8
1.00010114745886 30.2279546248479 "experimento_40" 40 2000 1000 0.8 30 0.4 1 0.8
1.01665108483285 33.1538453563979 "experimento_40" 40 2000 1000 0.8 30 0.4 1 0.8
1.02748798981463 26.2050881666116 "experimento_40" 40 2000 1000 0.8 30 0.4 1 0.8
0.99981584539637 30.5859369767334 "experimento_40" 40 2000 1000 0.8 30 0.4 1 0.8
0.999138850485906 30.4348813943442 "experimento_40" 40 2000 1000 0.8 30 0.4 1 0.8
0.999289436265826 28.5479755780877 "experimento_40" 40 2000 1000 0.8 30 0.4 1 0.8
1.00858160791298 27.8821521826748 "experimento_40" 40 2000 1000 0.8 30 0.4 1 0.8
1.00065092242607 29.7050046768198 "experimento_40" 40 2000 1000 0.8 30 0.4 1 0.8
1.0001783123806 30.4565700832213 "experimento_40" 40 2000 1000 0.8 30 0.4 1 0.8
1.00032506707745 29.7498488438408 "experimento_40" 40 2000 1000 0.8 30 0.4 1 0.8
1.00009468077947 28.4582784356461 "experimento_40" 40 2000 1000 0.8 30 0.4 1 0.8
1.01030626803064 33.638581245355 "experimento_40" 40 2000 1000 0.8 30 0.4 1 0.8
1.0015153747052 29.3971269666295 "experimento_40" 40 2000 1000 0.8 30 0.4 1 0.8
1.00008886024621 29.2718337925545 "experimento_40" 40 2000 1000 0.8 30 0.4 1 0.8
1.01151569190746 26.8952668469868 "experimento_40" 40 2000 1000 0.8 30 0.4 1 0.8
1.0000498688738 33.5235593555993 "experimento_40" 40 2000 1000 0.8 30 0.4 1 0.8
1.00365704675205 31.8797313508314 "experimento_40" 40 2000 1000 0.8 30 0.4 1 0.8
1.00738631497758 32.0460403826542 "experimento_40" 40 2000 1000 0.8 30 0.4 1 0.8
1.01364406991441 27.8677475023036 "experimento_40" 40 2000 1000 0.8 30 0.4 1 0.8
0.999747850932181 30.0657721029716 "experimento_40" 40 2000 1000 0.8 30 0.4 1 0.8
1.00565233179407 32.5451025354632 "experimento_40" 40 2000 1000 0.8 30 0.4 1 0.8
1.00318366225498 29.8843553643957 "experimento_40" 40 2000 1000 0.8 30 0.4 1 0.8
0.998447786085308 28.7989319233059 "experimento_40" 40 2000 1000 0.8 30 0.4 1 0.8
1.00216342962037 27.9777212727931 "experimento_40" 40 2000 1000 0.8 30 0.4 1 0.8
1.01287053503717 32.4959251299137 "experimento_40" 40 2000 1000 0.8 30 0.4 1 0.8
1.00005278335884 29.2950646423484 "experimento_40" 40 2000 1000 0.8 30 0.4 1 0.8
0.999676769366488 29.8812261622657 "experimento_40" 40 2000 1000 0.8 30 0.4 1 0.8
1.00426863647687 31.8602951530695 "experimento_40" 40 2000 1000 0.8 30 0.4 1 0.8
1.02107063947866 30.6501831301978 "experimento_40" 40 2000 1000 0.8 30 0.4 1 0.8
1.01565230886141 32.2793817107491 "experimento_40" 40 2000 1000 0.8 30 0.4 1 0.8
1.00502721589398 30.1261225385692 "experimento_40" 40 2000 1000 0.8 30 0.4 1 0.8
1.00034959972836 31.0918422411042 "experimento_40" 40 2000 1000 0.8 30 0.4 1 0.8
1.02176459392843 27.1345470574254 "experimento_40" 40 2000 1000 0.8 30 0.4 1 0.8
1.00229873531498 33.1873018134798 "experimento_40" 40 2000 1000 0.8 30 0.4 1 0.8
0.999267875682563 32.546222577285 "experimento_40" 40 2000 1000 0.8 30 0.4 1 0.8
1.01009617345408 28.9766094231881 "experimento_40" 40 2000 1000 0.8 30 0.4 1 0.8
1.00025565528 30.4179695262731 "experimento_40" 40 2000 1000 0.8 30 0.4 1 0.8
1.00012268067027 27.4561772161148 "experimento_40" 40 2000 1000 0.8 30 0.4 1 0.8
0.998576680198312 30.6722311835282 "experimento_40" 40 2000 1000 0.8 30 0.4 1 0.8
1.00359397976038 32.55201499635 "experimento_40" 40 2000 1000 0.8 30 0.4 1 0.8
1.00005363548094 31.0516940681464 "experimento_40" 40 2000 1000 0.8 30 0.4 1 0.8
1.00028407106486 30.680735165557 "experimento_40" 40 2000 1000 0.8 30 0.4 1 0.8
1.01954524541895 33.1866660083561 "experimento_40" 40 2000 1000 0.8 30 0.4 1 0.8
1.03332909441572 33.9095346945231 "experimento_40" 40 2000 1000 0.8 30 0.4 1 0.8
1.00218156570459 30.1461224208155 "experimento_40" 40 2000 1000 0.8 30 0.4 1 0.8
1.00186179517371 30.7897263173818 "experimento_40" 40 2000 1000 0.8 30 0.4 1 0.8
1.00044514907189 27.9791834452454 "experimento_40" 40 2000 1000 0.8 30 0.4 1 0.8
1.0008750517592 31.1155498367633 "experimento_40" 40 2000 1000 0.8 30 0.4 1 0.8
0.99866080400534 28.1104907597371 "experimento_40" 40 2000 1000 0.8 30 0.4 1 0.8
1.01351794527533 29.317304923131 "experimento_40" 40 2000 1000 0.8 30 0.4 1 0.8
1.00049626870797 29.7512567397571 "experimento_40" 40 2000 1000 0.8 30 0.4 1 0.8
1.02295356667601 30.3352499686984 "experimento_40" 40 2000 1000 0.8 30 0.4 1 0.8
1.00097396469985 30.2923723098415 "experimento_40" 40 2000 1000 0.8 30 0.4 1 0.8
0.999139743624255 31.916626623497 "experimento_40" 40 2000 1000 0.8 30 0.4 1 0.8
0.999827110907063 32.0986693059844 "experimento_40" 40 2000 1000 0.8 30 0.4 1 0.8
1.00005402270084 29.4458738411218 "experimento_40" 40 2000 1000 0.8 30 0.4 1 0.8
1.00070874483297 30.2909837694148 "experimento_40" 40 2000 1000 0.8 30 0.4 1 0.8
1.00220431862399 27.4690899125687 "experimento_40" 40 2000 1000 0.8 30 0.4 1 0.8
0.99820039793849 28.0782510491553 "experimento_40" 40 2000 1000 0.8 30 0.4 1 0.8
1.0215668390505 26.0834976580624 "experimento_40" 40 2000 1000 0.8 30 0.4 1 0.8
1.00034736430891 29.0292650092589 "experimento_40" 40 2000 1000 0.8 30 0.4 1 0.8
1.00337594585645 30.0645127613091 "experimento_40" 40 2000 1000 0.8 30 0.4 1 0.8
1.00081589765226 29.5969461808638 "experimento_40" 40 2000 1000 0.8 30 0.4 1 0.8
1.00002342367855 30.3757873216505 "experimento_40" 40 2000 1000 0.8 30 0.4 1 0.8
1.01137950864668 30.7565165590109 "experimento_40" 40 2000 1000 0.8 30 0.4 1 0.8
1.01621891761509 29.3825276190758 "experimento_40" 40 2000 1000 0.8 30 0.4 1 0.8
0.999169143149629 31.5999548163904 "experimento_40" 40 2000 1000 0.8 30 0.4 1 0.8
1.0098646394598 27.8539833325693 "experimento_40" 40 2000 1000 0.8 30 0.4 1 0.8
1.00019886338462 34.1322751685239 "experimento_40" 40 2000 1000 0.8 30 0.4 1 0.8
1.00513115078211 31.1365835352429 "experimento_40" 40 2000 1000 0.8 30 0.4 1 0.8
0.998822201276198 25.8699335590042 "experimento_40" 40 2000 1000 0.8 30 0.4 1 0.8
1.00111395396913 31.6233661741762 "experimento_40" 40 2000 1000 0.8 30 0.4 1 0.8
1.00073147776226 30.1943856009081 "experimento_40" 40 2000 1000 0.8 30 0.4 1 0.8
1.00030193083619 30.1562956845378 "experimento_40" 40 2000 1000 0.8 30 0.4 1 0.8
0.999127972172573 30.6157698041994 "experimento_40" 40 2000 1000 0.8 30 0.4 1 0.8
1.00032949739446 28.8695890812648 "experimento_40" 40 2000 1000 0.8 30 0.4 1 0.8
1.00532132561008 26.0799789672161 "experimento_40" 40 2000 1000 0.8 30 0.4 1 0.8
0.999904576456174 31.7095890149953 "experimento_40" 40 2000 1000 0.8 30 0.4 1 0.8
1.00020390859184 29.6860723412154 "experimento_40" 40 2000 1000 0.8 30 0.4 1 0.8
0.999574393732473 29.1519108559109 "experimento_40" 40 2000 1000 0.8 30 0.4 1 0.8
0.999344486743212 31.8241113862028 "experimento_40" 40 2000 1000 0.8 30 0.4 1 0.8
1.00944609094663 29.8552669129453 "experimento_40" 40 2000 1000 0.8 30 0.4 1 0.8
0.999648521654308 28.5538391567952 "experimento_40" 40 2000 1000 0.8 30 0.4 1 0.8
1.00029047636005 29.5357025863227 "experimento_40" 40 2000 1000 0.8 30 0.4 1 0.8
1.02215356196587 29.5118635952007 "experimento_40" 40 2000 1000 0.8 30 0.4 1 0.8
0.999799517914653 30.4558022094815 "experimento_40" 40 2000 1000 0.8 30 0.4 1 0.8
1.00188110609458 28.8395249406838 "experimento_40" 40 2000 1000 0.8 30 0.4 1 0.8
1.02459584114312 36.3214915704795 "experimento_40" 40 2000 1000 0.8 30 0.4 1 0.8
1.00966003471985 32.5768283394221 "experimento_40" 40 2000 1000 0.8 30 0.4 1 0.8
1.0000896292273 30.0533868635902 "experimento_40" 40 2000 1000 0.8 30 0.4 1 0.8
1.02202644641511 34.5245920496065 "experimento_40" 40 2000 1000 0.8 30 0.4 1 0.8
1.00012202435556 30.4074091223673 "experimento_40" 40 2000 1000 0.8 30 0.4 1 0.8
1.00435845406416 30.6312836517013 "experimento_40" 40 2000 1000 0.8 30 0.4 1 0.8
1.00410757687253 31.2158732544743 "experimento_40" 40 2000 1000 0.8 30 0.4 1 0.8
1.00649552231231 33.4339085081271 "experimento_40" 40 2000 1000 0.8 30 0.4 1 0.8
0.999110258650035 29.9905657835379 "experimento_40" 40 2000 1000 0.8 30 0.4 1 0.8
1.00541134400604 31.4004929502754 "experimento_40" 40 2000 1000 0.8 30 0.4 1 0.8
1.00168608268723 31.0548647996799 "experimento_40" 40 2000 1000 0.8 30 0.4 1 0.8
0.999432380544022 30.0088256496605 "experimento_40" 40 2000 1000 0.8 30 0.4 1 0.8
1.00152208035191 30.219106519534 "experimento_40" 40 2000 1000 0.8 30 0.4 1 0.8
1.00757594818386 31.9955001543143 "experimento_40" 40 2000 1000 0.8 30 0.4 1 0.8
1.00023505735832 30.2634731510714 "experimento_40" 40 2000 1000 0.8 30 0.4 1 0.8
1.01350064319558 31.1328532735159 "experimento_40" 40 2000 1000 0.8 30 0.4 1 0.8
1.01608407398065 29.6826645060786 "experimento_40" 40 2000 1000 0.8 30 0.4 1 0.8
0.99972281139344 29.5020009721377 "experimento_40" 40 2000 1000 0.8 30 0.4 1 0.8
1.01880273975742 30.256221403791 "experimento_40" 40 2000 1000 0.8 30 0.4 1 0.8
1.02872461580221 34.8713675690393 "experimento_40" 40 2000 1000 0.8 30 0.4 1 0.8
0.999639289686456 29.7663565339997 "experimento_40" 40 2000 1000 0.8 30 0.4 1 0.8
1.01578971054405 27.1123967179614 "experimento_40" 40 2000 1000 0.8 30 0.4 1 0.8
1.0126952670825 28.8973878927528 "experimento_40" 40 2000 1000 0.8 30 0.4 1 0.8
1.01321803275496 30.2452605610112 "experimento_40" 40 2000 1000 0.8 30 0.4 1 0.8
1.00238942798411 31.6493706211235 "experimento_40" 40 2000 1000 0.8 30 0.4 1 0.8
1.00004738218461 30.2087926454042 "experimento_40" 40 2000 1000 0.8 30 0.4 1 0.8
1.00230335779488 30.4127405373354 "experimento_40" 40 2000 1000 0.8 30 0.4 1 0.8
1.00007380779906 30.7748948807006 "experimento_40" 40 2000 1000 0.8 30 0.4 1 0.8
1.00078770667917 28.7299349627227 "experimento_40" 40 2000 1000 0.8 30 0.4 1 0.8
1.00889144746161 28.7831556977276 "experimento_40" 40 2000 1000 0.8 30 0.4 1 0.8
1.0087333072753 26.768825995543 "experimento_40" 40 2000 1000 0.8 30 0.4 1 0.8
0.998179840156808 29.6930231514322 "experimento_40" 40 2000 1000 0.8 30 0.4 1 0.8
1.01708420794457 25.7788770429935 "experimento_40" 40 2000 1000 0.8 30 0.4 1 0.8
1.01325723769454 30.16557301102 "experimento_40" 40 2000 1000 0.8 30 0.4 1 0.8
0.999791496898979 30.8519042349531 "experimento_40" 40 2000 1000 0.8 30 0.4 1 0.8
1.00001209111801 30.6660147830801 "experimento_40" 40 2000 1000 0.8 30 0.4 1 0.8
1.00546970800497 28.1616576274075 "experimento_40" 40 2000 1000 0.8 30 0.4 1 0.8
1.00005232022885 27.293078297472 "experimento_40" 40 2000 1000 0.8 30 0.4 1 0.8
1.00072161278998 28.7975957088339 "experimento_40" 40 2000 1000 0.8 30 0.4 1 0.8
1.03642357309332 35.1922477120093 "experimento_40" 40 2000 1000 0.8 30 0.4 1 0.8
1.01260390756652 31.1647368378345 "experimento_40" 40 2000 1000 0.8 30 0.4 1 0.8
1.00638405965821 28.8564533630868 "experimento_40" 40 2000 1000 0.8 30 0.4 1 0.8
1.00018305319375 32.408700875288 "experimento_40" 40 2000 1000 0.8 30 0.4 1 0.8
1.00022813341962 30.069830031804 "experimento_40" 40 2000 1000 0.8 30 0.4 1 0.8
0.998904268490151 32.6103020518123 "experimento_40" 40 2000 1000 0.8 30 0.4 1 0.8
1.00077592592777 30.1976748152671 "experimento_40" 40 2000 1000 0.8 30 0.4 1 0.8
0.999822628218681 29.5561929817162 "experimento_40" 40 2000 1000 0.8 30 0.4 1 0.8
1.01767942025326 29.6575561136587 "experimento_40" 40 2000 1000 0.8 30 0.4 1 0.8
1.0070983665064 28.0636116274464 "experimento_40" 40 2000 1000 0.8 30 0.4 1 0.8
1.00027777462633 28.9831124687445 "experimento_40" 40 2000 1000 0.8 30 0.4 1 0.8
1.01055136961264 27.1814345416932 "experimento_40" 40 2000 1000 0.8 30 0.4 1 0.8
0.998445785371587 31.1883862557018 "experimento_40" 40 2000 1000 0.8 30 0.4 1 0.8
1.03475479749986 28.0272419464636 "experimento_40" 40 2000 1000 0.8 30 0.4 1 0.8
0.999144295463338 28.1455811117075 "experimento_40" 40 2000 1000 0.8 30 0.4 1 0.8
1.00006837671002 32.3315287649769 "experimento_40" 40 2000 1000 0.8 30 0.4 1 0.8
1.02382806250685 33.2136594248707 "experimento_40" 40 2000 1000 0.8 30 0.4 1 0.8
1.00519578699988 30.7151544420673 "experimento_40" 40 2000 1000 0.8 30 0.4 1 0.8
1.0000690808651 29.087244561551 "experimento_40" 40 2000 1000 0.8 30 0.4 1 0.8
1.02799941369187 36.0960505716134 "experimento_40" 40 2000 1000 0.8 30 0.4 1 0.8
1.0144955475349 35.1264763059718 "experimento_40" 40 2000 1000 0.8 30 0.4 1 0.8
0.999334878753871 27.6428397518271 "experimento_40" 40 2000 1000 0.8 30 0.4 1 0.8
1.00218881679078 28.4829278602997 "experimento_40" 40 2000 1000 0.8 30 0.4 1 0.8
1.00002355330313 31.8876460090957 "experimento_40" 40 2000 1000 0.8 30 0.4 1 0.8
1.02709829075533 26.3970421600675 "experimento_40" 40 2000 1000 0.8 30 0.4 1 0.8
1.0000840095027 31.3316375844269 "experimento_40" 40 2000 1000 0.8 30 0.4 1 0.8
1.03037675404781 29.923424411024 "experimento_40" 40 2000 1000 0.8 30 0.4 1 0.8
1.00026866703605 30.5507729838457 "experimento_40" 40 2000 1000 0.8 30 0.4 1 0.8
1.00016823364798 28.2325969654775 "experimento_40" 40 2000 1000 0.8 30 0.4 1 0.8
1.00008509969642 28.8583682876666 "experimento_40" 40 2000 1000 0.8 30 0.4 1 0.8
0.999476935714483 29.3551016814229 "experimento_40" 40 2000 1000 0.8 30 0.4 1 0.8
1.00008184667303 28.3649533655683 "experimento_40" 40 2000 1000 0.8 30 0.4 1 0.8
0.999956170562655 29.3391863873502 "experimento_40" 40 2000 1000 0.8 30 0.4 1 0.8
0.998957403469831 27.7547581999289 "experimento_40" 40 2000 1000 0.8 30 0.4 1 0.8
1.00006492618942 28.5762808087247 "experimento_40" 40 2000 1000 0.8 30 0.4 1 0.8
1.01445098488281 29.0233451581695 "experimento_40" 40 2000 1000 0.8 30 0.4 1 0.8
1.00858558225445 33.7638883565451 "experimento_40" 40 2000 1000 0.8 30 0.4 1 0.8
0.999302112264559 30.7892692424731 "experimento_40" 40 2000 1000 0.8 30 0.4 1 0.8
0.999061706708744 30.8983961488708 "experimento_40" 40 2000 1000 0.8 30 0.4 1 0.8
0.999433990800753 29.7967452255617 "experimento_40" 40 2000 1000 0.8 30 0.4 1 0.8
0.999872909160331 29.7754696569822 "experimento_40" 40 2000 1000 0.8 30 0.4 1 0.8
0.998610363109037 29.0802941222389 "experimento_40" 40 2000 1000 0.8 30 0.4 1 0.8
1.01253837823557 30.4000022581175 "experimento_40" 40 2000 1000 0.8 30 0.4 1 0.8
0.998693421250209 27.0445001146507 "experimento_40" 40 2000 1000 0.8 30 0.4 1 0.8
1.02372877905901 33.2483308451359 "experimento_40" 40 2000 1000 0.8 30 0.4 1 0.8
1.00822754986584 28.8467012817648 "experimento_40" 40 2000 1000 0.8 30 0.4 1 0.8
1.00432811036396 32.1212272545101 "experimento_40" 40 2000 1000 0.8 30 0.4 1 0.8
1.00133097980482 30.6959781094456 "experimento_40" 40 2000 1000 0.8 30 0.4 1 0.8
1.00011503346786 31.1697743326436 "experimento_40" 40 2000 1000 0.8 30 0.4 1 0.8
0.999119962798432 27.007114517961 "experimento_40" 40 2000 1000 0.8 30 0.4 1 0.8
0.999888019636273 30.6034789775626 "experimento_40" 40 2000 1000 0.8 30 0.4 1 0.8
0.999166098190472 26.2711705462058 "experimento_40" 40 2000 1000 0.8 30 0.4 1 0.8
1.00015545901842 27.9277127107208 "experimento_40" 40 2000 1000 0.8 30 0.4 1 0.8
1.01154151360194 33.5117236267932 "experimento_40" 40 2000 1000 0.8 30 0.4 1 0.8
1.0188630187884 27.8746976329114 "experimento_40" 40 2000 1000 0.8 30 0.4 1 0.8
1.00477794540206 27.7918031008377 "experimento_40" 40 2000 1000 0.8 30 0.4 1 0.8
0.999754812335595 26.9185666900206 "experimento_40" 40 2000 1000 0.8 30 0.4 1 0.8
1.01584105502504 26.2004122526475 "experimento_40" 40 2000 1000 0.8 30 0.4 1 0.8
1.00414535484388 32.4655328903137 "experimento_40" 40 2000 1000 0.8 30 0.4 1 0.8
1.00916487638218 29.7455663483453 "experimento_40" 40 2000 1000 0.8 30 0.4 1 0.8
0.999099779408425 28.1252565019713 "experimento_40" 40 2000 1000 0.8 30 0.4 1 0.8
0.999763122526929 31.5591768840078 "experimento_40" 40 2000 1000 0.8 30 0.4 1 0.8
1.01116907118509 30.6886244304089 "experimento_40" 40 2000 1000 0.8 30 0.4 1 0.8
1.0260462673367 35.8834844730282 "experimento_40" 40 2000 1000 0.8 30 0.4 1 0.8
0.999458746286109 31.9260464294051 "experimento_40" 40 2000 1000 0.8 30 0.4 1 0.8
1.04072719629093 40.5555478379289 "experimento_40" 40 2000 1000 0.8 30 0.4 1 0.8
0.999570470768958 31.5568506289648 "experimento_40" 40 2000 1000 0.8 30 0.4 1 0.8
1.00017330585979 33.5989090949946 "experimento_40" 40 2000 1000 0.8 30 0.4 1 0.8
1.00455826213583 28.7926120181901 "experimento_40" 40 2000 1000 0.8 30 0.4 1 0.8
1.00450768126149 27.1551782895312 "experimento_40" 40 2000 1000 0.8 30 0.4 1 0.8
1.00107719683548 29.5940668580966 "experimento_40" 40 2000 1000 0.8 30 0.4 1 0.8
0.99982276908122 31.1848796843651 "experimento_40" 40 2000 1000 0.8 30 0.4 1 0.8
1.00100590033557 31.1879245574364 "experimento_40" 40 2000 1000 0.8 30 0.4 1 0.8
1.01459092168758 30.7853550235778 "experimento_40" 40 2000 1000 0.8 30 0.4 1 0.8
1.00004421579652 32.267620036133 "experimento_40" 40 2000 1000 0.8 30 0.4 1 0.8
1.0000240673723 31.8245545992368 "experimento_40" 40 2000 1000 0.8 30 0.4 1 0.8
1.000339948417 30.2378925853046 "experimento_40" 40 2000 1000 0.8 30 0.4 1 0.8
0.999425060348585 29.3291240552989 "experimento_40" 40 2000 1000 0.8 30 0.4 1 0.8
1.02539119077706 30.176316713498 "experimento_40" 40 2000 1000 0.8 30 0.4 1 0.8
0.999984791502357 29.8435547049898 "experimento_40" 40 2000 1000 0.8 30 0.4 1 0.8
1.00015154977225 30.8497170208993 "experimento_40" 40 2000 1000 0.8 30 0.4 1 0.8
0.999298562528566 29.0554850358348 "experimento_40" 40 2000 1000 0.8 30 0.4 1 0.8
1.00189333736586 28.0394398379523 "experimento_40" 40 2000 1000 0.8 30 0.4 1 0.8
1.00009825069485 31.8710527944064 "experimento_40" 40 2000 1000 0.8 30 0.4 1 0.8
1.03756814158071 37.5340120269271 "experimento_40" 40 2000 1000 0.8 30 0.4 1 0.8
1.00150448249972 31.3927326717153 "experimento_40" 40 2000 1000 0.8 30 0.4 1 0.8
1.00235827545015 33.4253850586002 "experimento_40" 40 2000 1000 0.8 30 0.4 1 0.8
1.00172940756218 33.2137023354196 "experimento_40" 40 2000 1000 0.8 30 0.4 1 0.8
0.999868518672884 30.8475439073634 "experimento_40" 40 2000 1000 0.8 30 0.4 1 0.8
1.0094015798221 27.014006484321 "experimento_40" 40 2000 1000 0.8 30 0.4 1 0.8
0.999721295433119 29.4546104899241 "experimento_40" 40 2000 1000 0.8 30 0.4 1 0.8
1.00172453631695 28.4429717619119 "experimento_40" 40 2000 1000 0.8 30 0.4 1 0.8
1.00018878010167 31.5120923984148 "experimento_40" 40 2000 1000 0.8 30 0.4 1 0.8
1.00313518398131 33.6980730594241 "experimento_40" 40 2000 1000 0.8 30 0.4 1 0.8
1.00021645056491 30.3206357139888 "experimento_40" 40 2000 1000 0.8 30 0.4 1 0.8
1.00556712304242 31.6095231068041 "experimento_40" 40 2000 1000 0.8 30 0.4 1 0.8
1.00096546818192 29.3981374322134 "experimento_40" 40 2000 1000 0.8 30 0.4 1 0.8
1.01417270405218 25.9973939936577 "experimento_40" 40 2000 1000 0.8 30 0.4 1 0.8
1.00058756473549 29.5185955896794 "experimento_40" 40 2000 1000 0.8 30 0.4 1 0.8
1.00401393566612 27.535469851823 "experimento_40" 40 2000 1000 0.8 30 0.4 1 0.8
1.02164743808098 26.9062385599059 "experimento_40" 40 2000 1000 0.8 30 0.4 1 0.8
1.00013008824434 28.8482358165005 "experimento_40" 40 2000 1000 0.8 30 0.4 1 0.8
1.00014118285229 27.8845717471882 "experimento_40" 40 2000 1000 0.8 30 0.4 1 0.8
1.01733719135324 28.076932566558 "experimento_40" 40 2000 1000 0.8 30 0.4 1 0.8
1.03330251017645 34.1697673768046 "experimento_40" 40 2000 1000 0.8 30 0.4 1 0.8
0.999054185347632 29.6774364847233 "experimento_40" 40 2000 1000 0.8 30 0.4 1 0.8
1.00293413939265 31.0427070522485 "experimento_40" 40 2000 1000 0.8 30 0.4 1 0.8
1.00552757279739 30.4189150574591 "experimento_40" 40 2000 1000 0.8 30 0.4 1 0.8
1.00955860838294 34.0656555943844 "experimento_40" 40 2000 1000 0.8 30 0.4 1 0.8
1.00044114021584 30.8430310578732 "experimento_40" 40 2000 1000 0.8 30 0.4 1 0.8
0.998730133986101 28.8431957028335 "experimento_40" 40 2000 1000 0.8 30 0.4 1 0.8
1.00012973295328 28.9096249209833 "experimento_40" 40 2000 1000 0.8 30 0.4 1 0.8
1.02466438891522 32.9414843744135 "experimento_40" 40 2000 1000 0.8 30 0.4 1 0.8
1.00265428778953 30.917078766817 "experimento_40" 40 2000 1000 0.8 30 0.4 1 0.8
1.00000843497304 32.2401999626136 "experimento_40" 40 2000 1000 0.8 30 0.4 1 0.8
0.999311773804948 28.9318011166222 "experimento_40" 40 2000 1000 0.8 30 0.4 1 0.8
1.00048809517175 29.0436565707323 "experimento_40" 40 2000 1000 0.8 30 0.4 1 0.8
0.999042662326247 29.3610890810291 "experimento_40" 40 2000 1000 0.8 30 0.4 1 0.8
1.01616864918421 33.217218096778 "experimento_40" 40 2000 1000 0.8 30 0.4 1 0.8
1.00015798301126 29.8324377846717 "experimento_40" 40 2000 1000 0.8 30 0.4 1 0.8
1.01231984924525 29.1345032744132 "experimento_40" 40 2000 1000 0.8 30 0.4 1 0.8
1.01354930922389 29.1588023291798 "experimento_40" 40 2000 1000 0.8 30 0.4 1 0.8
1.00004684442664 30.8722465851307 "experimento_40" 40 2000 1000 0.8 30 0.4 1 0.8
0.999321445357054 29.3191565051903 "experimento_40" 40 2000 1000 0.8 30 0.4 1 0.8
1.01408238986107 29.8792625782133 "experimento_40" 40 2000 1000 0.8 30 0.4 1 0.8
1.00093019821992 31.7194969656398 "experimento_40" 40 2000 1000 0.8 30 0.4 1 0.8
1.00047964570113 30.9459418985783 "experimento_40" 40 2000 1000 0.8 30 0.4 1 0.8
1.00317853107117 33.329210144228 "experimento_40" 40 2000 1000 0.8 30 0.4 1 0.8
1.01370684930549 33.1656303933772 "experimento_40" 40 2000 1000 0.8 30 0.4 1 0.8
0.999855391681194 32.2853900381708 "experimento_40" 40 2000 1000 0.8 30 0.4 1 0.8
1.00183345309148 29.5985916543747 "experimento_40" 40 2000 1000 0.8 30 0.4 1 0.8
1.01117542011974 29.0629949649817 "experimento_40" 40 2000 1000 0.8 30 0.4 1 0.8
1.00001291504685 32.7120091913496 "experimento_40" 40 2000 1000 0.8 30 0.4 1 0.8
1.00001134491801 27.7730841029067 "experimento_40" 40 2000 1000 0.8 30 0.4 1 0.8
0.998477043118328 29.7404764496577 "experimento_40" 40 2000 1000 0.8 30 0.4 1 0.8
0.999876137590036 31.2716348995598 "experimento_40" 40 2000 1000 0.8 30 0.4 1 0.8
1.00004370228077 30.190688074156 "experimento_40" 40 2000 1000 0.8 30 0.4 1 0.8
1.00094836101246 32.1786292160402 "experimento_40" 40 2000 1000 0.8 30 0.4 1 0.8
1.00365103632212 30.3807974868024 "experimento_40" 40 2000 1000 0.8 30 0.4 1 0.8
1.01945475757432 28.8665234018275 "experimento_40" 40 2000 1000 0.8 30 0.4 1 0.8
0.999113018158823 30.5060799141895 "experimento_40" 40 2000 1000 0.8 30 0.4 1 0.8
1.00091801173472 30.7150717830173 "experimento_40" 40 2000 1000 0.8 30 0.4 1 0.8
0.999142625136301 27.7950134322061 "experimento_40" 40 2000 1000 0.8 30 0.4 1 0.8
1.00997015051711 28.4363614549861 "experimento_40" 40 2000 1000 0.8 30 0.4 1 0.8
0.999296960188076 28.9592773484642 "experimento_40" 40 2000 1000 0.8 30 0.4 1 0.8
1.00010213402165 30.2833978584728 "experimento_40" 40 2000 1000 0.8 30 0.4 1 0.8
1.00021383139926 28.6809082486978 "experimento_40" 40 2000 1000 0.8 30 0.4 1 0.8
1.00008399663453 29.2206000906704 "experimento_40" 40 2000 1000 0.8 30 0.4 1 0.8
1.04105658563665 38.3298505467133 "experimento_40" 40 2000 1000 0.8 30 0.4 1 0.8
1.00429932855709 32.8639610391943 "experimento_40" 40 2000 1000 0.8 30 0.4 1 0.8
1.00047794698427 26.4949373939132 "experimento_40" 40 2000 1000 0.8 30 0.4 1 0.8
1.00092826628437 30.9468452130968 "experimento_40" 40 2000 1000 0.8 30 0.4 1 0.8
1.03338282592665 31.9495364253142 "experimento_40" 40 2000 1000 0.8 30 0.4 1 0.8
1.00003430536053 29.8597548996431 "experimento_40" 40 2000 1000 0.8 30 0.4 1 0.8
1.01305510480888 32.2056395980543 "experimento_40" 40 2000 1000 0.8 30 0.4 1 0.8
1.00064984404008 26.0041835560516 "experimento_40" 40 2000 1000 0.8 30 0.4 1 0.8
0.999468738213181 30.1330767955034 "experimento_40" 40 2000 1000 0.8 30 0.4 1 0.8
0.999892587307841 27.5338386313582 "experimento_40" 40 2000 1000 0.8 30 0.4 1 0.8
0.998871290590614 29.873566403831 "experimento_40" 40 2000 1000 0.8 30 0.4 1 0.8
1.00852534350028 30.2650096080797 "experimento_40" 40 2000 1000 0.8 30 0.4 1 0.8
1.00002067823273 30.1192572752913 "experimento_40" 40 2000 1000 0.8 30 0.4 1 0.8
1.00366772892885 27.9922150135535 "experimento_40" 40 2000 1000 0.8 30 0.4 1 0.8
0.99913398665376 27.3230013753837 "experimento_40" 40 2000 1000 0.8 30 0.4 1 0.8
1.01774332524898 28.620765859865 "experimento_40" 40 2000 1000 0.8 30 0.4 1 0.8
1.00006896008927 31.1903286789565 "experimento_40" 40 2000 1000 0.8 30 0.4 1 0.8
0.998397939838469 28.3421809531389 "experimento_40" 40 2000 1000 0.8 30 0.4 1 0.8
0.999968123156577 32.0295551538853 "experimento_40" 40 2000 1000 0.8 30 0.4 1 0.8
1.00045295070546 29.8736885557548 "experimento_40" 40 2000 1000 0.8 30 0.4 1 0.8
1.00048317442027 29.7134691955968 "experimento_40" 40 2000 1000 0.8 30 0.4 1 0.8
1.00219245312583 32.2746911674751 "experimento_40" 40 2000 1000 0.8 30 0.4 1 0.8
0.998458556365222 29.4506845478229 "experimento_40" 40 2000 1000 0.8 30 0.4 1 0.8
0.998753087595105 30.7350332650918 "experimento_40" 40 2000 1000 0.8 30 0.4 1 0.8
1.00005037696101 31.766302548459 "experimento_40" 40 2000 1000 0.8 30 0.4 1 0.8
1.0073599895152 28.8602465386038 "experimento_40" 40 2000 1000 0.8 30 0.4 1 0.8
1.00585251919304 29.1776979842072 "experimento_40" 40 2000 1000 0.8 30 0.4 1 0.8
1.00103036301189 27.768427411265 "experimento_40" 40 2000 1000 0.8 30 0.4 1 0.8
1.01577624081013 32.8730707101038 "experimento_40" 40 2000 1000 0.8 30 0.4 1 0.8
0.999746404821053 30.366202271491 "experimento_40" 40 2000 1000 0.8 30 0.4 1 0.8
0.999167683068663 29.4197511594949 "experimento_40" 40 2000 1000 0.8 30 0.4 1 0.8
1.00065933539794 30.5592746008184 "experimento_40" 40 2000 1000 0.8 30 0.4 1 0.8
1.00003335055274 29.8681970171435 "experimento_40" 40 2000 1000 0.8 30 0.4 1 0.8
1.00472684772685 29.3972713243269 "experimento_40" 40 2000 1000 0.8 30 0.4 1 0.8
1.01629816104983 32.8896523694092 "experimento_40" 40 2000 1000 0.8 30 0.4 1 0.8
1.00046075067172 31.22646785507 "experimento_40" 40 2000 1000 0.8 30 0.4 1 0.8
1.00177115718834 28.0074474561496 "experimento_40" 40 2000 1000 0.8 30 0.4 1 0.8
1.00012022845137 28.826792126736 "experimento_40" 40 2000 1000 0.8 30 0.4 1 0.8
1.00127570703317 30.2507284585311 "experimento_40" 40 2000 1000 0.8 30 0.4 1 0.8
1.00105602573227 31.3180621938166 "experimento_40" 40 2000 1000 0.8 30 0.4 1 0.8
1.02202118507897 34.9550926726544 "experimento_40" 40 2000 1000 0.8 30 0.4 1 0.8
1.02253840539294 26.7861153619277 "experimento_40" 40 2000 1000 0.8 30 0.4 1 0.8
1.00184049826736 29.9051683398426 "experimento_40" 40 2000 1000 0.8 30 0.4 1 0.8
1.00468596826928 31.5898421772985 "experimento_40" 40 2000 1000 0.8 30 0.4 1 0.8
1.03053767504031 34.6747878250167 "experimento_40" 40 2000 1000 0.8 30 0.4 1 0.8
1.02154846565487 26.0048957352852 "experimento_40" 40 2000 1000 0.8 30 0.4 1 0.8
1.00009249541528 29.2871302974786 "experimento_40" 40 2000 1000 0.8 30 0.4 1 0.8
1.00030602567519 29.2179584435802 "experimento_40" 40 2000 1000 0.8 30 0.4 1 0.8
1.0369516147597 30.6907557571143 "experimento_40" 40 2000 1000 0.8 30 0.4 1 0.8
1.00023446685324 30.2625090497235 "experimento_40" 40 2000 1000 0.8 30 0.4 1 0.8
1.00030776145607 29.0204116686134 "experimento_40" 40 2000 1000 0.8 30 0.4 1 0.8
0.999596195761114 30.735866269038 "experimento_40" 40 2000 1000 0.8 30 0.4 1 0.8
1.00001599392854 29.0387578112219 "experimento_40" 40 2000 1000 0.8 30 0.4 1 0.8
1.00216406754528 33.6949426224746 "experimento_40" 40 2000 1000 0.8 30 0.4 1 0.8
0.999680121429265 30.032053721958 "experimento_40" 40 2000 1000 0.8 30 0.4 1 0.8
0.999377854634076 29.1333214545888 "experimento_40" 40 2000 1000 0.8 30 0.4 1 0.8
1.01152048016277 32.8774889957451 "experimento_40" 40 2000 1000 0.8 30 0.4 1 0.8
0.999848386039957 31.3273737687165 "experimento_40" 40 2000 1000 0.8 30 0.4 1 0.8
1.00004233280197 29.6416846676044 "experimento_40" 40 2000 1000 0.8 30 0.4 1 0.8
1.01156783599095 27.6098538914671 "experimento_40" 40 2000 1000 0.8 30 0.4 1 0.8
1.00518385500299 30.4139433125393 "experimento_40" 40 2000 1000 0.8 30 0.4 1 0.8
1.00258818767034 29.9625699617931 "experimento_40" 40 2000 1000 0.8 30 0.4 1 0.8
1.02797444111838 32.638986978244 "experimento_40" 40 2000 1000 0.8 30 0.4 1 0.8
1.00509209699218 27.5690507770855 "experimento_40" 40 2000 1000 0.8 30 0.4 1 0.8
1.00121585590144 30.0845369848193 "experimento_40" 40 2000 1000 0.8 30 0.4 1 0.8
1.00032231754934 29.0144025271094 "experimento_40" 40 2000 1000 0.8 30 0.4 1 0.8
1.00003774945408 28.9043033297281 "experimento_40" 40 2000 1000 0.8 30 0.4 1 0.8
1.0063311780182 28.7567083691062 "experimento_40" 40 2000 1000 0.8 30 0.4 1 0.8
1.00202054724919 29.9841346856112 "experimento_40" 40 2000 1000 0.8 30 0.4 1 0.8
0.998957115458325 30.5726920344173 "experimento_40" 40 2000 1000 0.8 30 0.4 1 0.8
1.02220826063616 28.9200827211749 "experimento_40" 40 2000 1000 0.8 30 0.4 1 0.8
1.00461497303719 29.8286695941617 "experimento_40" 40 2000 1000 0.8 30 0.4 1 0.8
1.00067571885884 33.0259454005806 "experimento_40" 40 2000 1000 0.8 30 0.4 1 0.8
0.999646625015885 28.4602247830648 "experimento_40" 40 2000 1000 0.8 30 0.4 1 0.8
0.999011498177424 30.7587772842351 "experimento_40" 40 2000 1000 0.8 30 0.4 1 0.8
0.999807438580319 28.4977972817125 "experimento_40" 40 2000 1000 0.8 30 0.4 1 0.8
1.0053174674636 30.1356429698806 "experimento_40" 40 2000 1000 0.8 30 0.4 1 0.8
1.02660426776716 26.8178014657717 "experimento_40" 40 2000 1000 0.8 30 0.4 1 0.8
1.01592517139701 27.5248062508977 "experimento_40" 40 2000 1000 0.8 30 0.4 1 0.8
1.00141048333899 29.417277974432 "experimento_40" 40 2000 1000 0.8 30 0.4 1 0.8
1.00189448672657 30.4860031398844 "experimento_40" 40 2000 1000 0.8 30 0.4 1 0.8
1.00010809364418 31.4384210133526 "experimento_40" 40 2000 1000 0.8 30 0.4 1 0.8
1.00023345287579 28.3203591145626 "experimento_40" 40 2000 1000 0.8 30 0.4 1 0.8
1.00015166945135 31.6941617208112 "experimento_40" 40 2000 1000 0.8 30 0.4 1 0.8
1.00027701787706 31.7163148266192 "experimento_40" 40 2000 1000 0.8 30 0.4 1 0.8
1.00038303635521 31.3092216734711 "experimento_40" 40 2000 1000 0.8 30 0.4 1 0.8
0.999778355238959 31.1475438315697 "experimento_40" 40 2000 1000 0.8 30 0.4 1 0.8
1.00792776846016 26.5280983493568 "experimento_40" 40 2000 1000 0.8 30 0.4 1 0.8
1.00013095551605 29.279272433505 "experimento_40" 40 2000 1000 0.8 30 0.4 1 0.8
1.02130342402185 30.2147280388424 "experimento_40" 40 2000 1000 0.8 30 0.4 1 0.8
1.00002485149262 31.7973389788857 "experimento_40" 40 2000 1000 0.8 30 0.4 1 0.8
1.00017040885023 31.2913975485018 "experimento_40" 40 2000 1000 0.8 30 0.4 1 0.8
1.02063135014226 25.0046865110622 "experimento_40" 40 2000 1000 0.8 30 0.4 1 0.8
0.999842533376068 29.4250911214947 "experimento_40" 40 2000 1000 0.8 30 0.4 1 0.8
1.0000411041081 31.5925574609199 "experimento_40" 40 2000 1000 0.8 30 0.4 1 0.8
0.999402896035463 31.0697194805667 "experimento_40" 40 2000 1000 0.8 30 0.4 1 0.8
0.999311166582629 30.9876312124401 "experimento_40" 40 2000 1000 0.8 30 0.4 1 0.8
1.00212879577391 26.2566131184111 "experimento_40" 40 2000 1000 0.8 30 0.4 1 0.8
1.03280770998875 28.5492916076765 "experimento_40" 40 2000 1000 0.8 30 0.4 1 0.8
0.999958949163556 34.0812315618404 "experimento_40" 40 2000 1000 0.8 30 0.4 1 0.8
1.00008456055991 28.7403347605182 "experimento_40" 40 2000 1000 0.8 30 0.4 1 0.8
1.00040218320986 29.7569207136776 "experimento_40" 40 2000 1000 0.8 30 0.4 1 0.8
1.00385425699254 29.1520936950136 "experimento_40" 40 2000 1000 0.8 30 0.4 1 0.8
0.998860208317637 27.7884951039497 "experimento_40" 40 2000 1000 0.8 30 0.4 1 0.8
1.00006721277485 32.554583084558 "experimento_40" 40 2000 1000 0.8 30 0.4 1 0.8
0.999701624037698 31.349542922884 "experimento_40" 40 2000 1000 0.8 30 0.4 1 0.8
1.00034056831083 29.3604694778048 "experimento_40" 40 2000 1000 0.8 30 0.4 1 0.8
1.00036300803097 28.5469230417204 "experimento_40" 40 2000 1000 0.8 30 0.4 1 0.8
1.00024557059096 31.0770745443144 "experimento_40" 40 2000 1000 0.8 30 0.4 1 0.8
0.998445930890739 28.0692120599581 "experimento_40" 40 2000 1000 0.8 30 0.4 1 0.8
1.01659045505027 30.901915816775 "experimento_40" 40 2000 1000 0.8 30 0.4 1 0.8
1.01593435263882 30.076071190193 "experimento_40" 40 2000 1000 0.8 30 0.4 1 0.8
1.02560941083217 29.3905671344538 "experimento_40" 40 2000 1000 0.8 30 0.4 1 0.8
0.998819215688854 31.8210509731292 "experimento_40" 40 2000 1000 0.8 30 0.4 1 0.8
1.01384595114625 31.9698384005998 "experimento_40" 40 2000 1000 0.8 30 0.4 1 0.8
1.00031933627906 28.7122673851863 "experimento_40" 40 2000 1000 0.8 30 0.4 1 0.8
1.03097773054475 28.777278161193 "experimento_40" 40 2000 1000 0.8 30 0.4 1 0.8
1.03016772944158 26.2677460282341 "experimento_40" 40 2000 1000 0.8 30 0.4 1 0.8
0.998820969834924 28.781900491508 "experimento_40" 40 2000 1000 0.8 30 0.4 1 0.8
1.00021808851886 28.6660824890848 "experimento_40" 40 2000 1000 0.8 30 0.4 1 0.8
1.01731732225356 33.8597969657217 "experimento_40" 40 2000 1000 0.8 30 0.4 1 0.8
1.00253482305744 30.537834679267 "experimento_40" 40 2000 1000 0.8 30 0.4 1 0.8
1.00006328200301 29.3466082495638 "experimento_40" 40 2000 1000 0.8 30 0.4 1 0.8
1.00292724117947 32.2057499491499 "experimento_40" 40 2000 1000 0.8 30 0.4 1 0.8
1.00203126805026 33.9858381253557 "experimento_40" 40 2000 1000 0.8 30 0.4 1 0.8
1.00005205318642 27.7924317566317 "experimento_40" 40 2000 1000 0.8 30 0.4 1 0.8
1.00066195094648 28.9295222147379 "experimento_40" 40 2000 1000 0.8 30 0.4 1 0.8
0.999394567217678 31.1258162440159 "experimento_40" 40 2000 1000 0.8 30 0.4 1 0.8
0.999809165718034 30.4374365279359 "experimento_40" 40 2000 1000 0.8 30 0.4 1 0.8
1.00282105347142 30.4703844084781 "experimento_40" 40 2000 1000 0.8 30 0.4 1 0.8
0.999307328369468 29.6646234450986 "experimento_40" 40 2000 1000 0.8 30 0.4 1 0.8
1.00005091667796 30.2121753323806 "experimento_40" 40 2000 1000 0.8 30 0.4 1 0.8
1.05611120594051 26.831804490718 "experimento_40" 40 2000 1000 0.8 30 0.4 1 0.8
1.00006804722361 29.679056469799 "experimento_40" 40 2000 1000 0.8 30 0.4 1 0.8
1.00094495387748 32.7821879585324 "experimento_40" 40 2000 1000 0.8 30 0.4 1 0.8
1.00002140933032 29.8933527752669 "experimento_40" 40 2000 1000 0.8 30 0.4 1 0.8
1.02005763139265 31.9119534222773 "experimento_40" 40 2000 1000 0.8 30 0.4 1 0.8
0.999389760196209 26.6920421739456 "experimento_40" 40 2000 1000 0.8 30 0.4 1 0.8
1.00501613028658 31.656114586722 "experimento_40" 40 2000 1000 0.8 30 0.4 1 0.8
1.00588065767661 31.2820478582649 "experimento_40" 40 2000 1000 0.8 30 0.4 1 0.8
1.00011674665535 31.8642038750889 "experimento_40" 40 2000 1000 0.8 30 0.4 1 0.8
1.00184694747441 28.8292583309879 "experimento_40" 40 2000 1000 0.8 30 0.4 1 0.8
1.00015268682739 31.0002073939171 "experimento_40" 40 2000 1000 0.8 30 0.4 1 0.8
1.01731720178698 32.8201146765291 "experimento_40" 40 2000 1000 0.8 30 0.4 1 0.8
1.00078576977054 33.1700596714744 "experimento_40" 40 2000 1000 0.8 30 0.4 1 0.8
1.00148047252162 29.3552033449016 "experimento_40" 40 2000 1000 0.8 30 0.4 1 0.8
1.02019410369297 32.5299653256381 "experimento_40" 40 2000 1000 0.8 30 0.4 1 0.8
1.00740017429926 32.0183621741307 "experimento_40" 40 2000 1000 0.8 30 0.4 1 0.8
1.00144938429197 30.5467393897676 "experimento_40" 40 2000 1000 0.8 30 0.4 1 0.8
1.0040474388438 27.5849217759017 "experimento_40" 40 2000 1000 0.8 30 0.4 1 0.8
0.999399625929072 29.980374117722 "experimento_40" 40 2000 1000 0.8 30 0.4 1 0.8
0.999020884977654 30.2614521364477 "experimento_40" 40 2000 1000 0.8 30 0.4 1 0.8
0.998477149754763 28.3723434661758 "experimento_40" 40 2000 1000 0.8 30 0.4 1 0.8
1.00534478312669 26.7003493321227 "experimento_40" 40 2000 1000 0.8 30 0.4 1 0.8
0.999871213920414 31.9196152894927 "experimento_40" 40 2000 1000 0.8 30 0.4 1 0.8
1.00189265760904 29.0980745846108 "experimento_40" 40 2000 1000 0.8 30 0.4 1 0.8
1.02665704539328 27.2184461782356 "experimento_40" 40 2000 1000 0.8 30 0.4 1 0.8
1.00066583129356 29.5351610430588 "experimento_40" 40 2000 1000 0.8 30 0.4 1 0.8
0.999080323148519 31.0213370773801 "experimento_40" 40 2000 1000 0.8 30 0.4 1 0.8
1.0191666603554 37.4582566722694 "experimento_40" 40 2000 1000 0.8 30 0.4 1 0.8
1.02161983895736 32.7139627070898 "experimento_40" 40 2000 1000 0.8 30 0.4 1 0.8
1.01667448695128 27.0852364007269 "experimento_40" 40 2000 1000 0.8 30 0.4 1 0.8
0.99982464266941 31.1355402000549 "experimento_40" 40 2000 1000 0.8 30 0.4 1 0.8
1.00051783768661 31.2580036168467 "experimento_40" 40 2000 1000 0.8 30 0.4 1 0.8
1.00007110941224 28.9394200934538 "experimento_40" 40 2000 1000 0.8 30 0.4 1 0.8
1.02466660339343 26.6837181835348 "experimento_40" 40 2000 1000 0.8 30 0.4 1 0.8
1.00035276223704 31.5183708309892 "experimento_40" 40 2000 1000 0.8 30 0.4 1 0.8
1.00634404010696 29.9361967750179 "experimento_40" 40 2000 1000 0.8 30 0.4 1 0.8
1.00044237971129 32.848138012601 "experimento_40" 40 2000 1000 0.8 30 0.4 1 0.8
0.999213961651549 26.7147659689672 "experimento_40" 40 2000 1000 0.8 30 0.4 1 0.8
0.999950567493215 32.4104578326047 "experimento_40" 40 2000 1000 0.8 30 0.4 1 0.8
1.04751214732446 21.908634308429 "experimento_40" 40 2000 1000 0.8 30 0.4 1 0.8
1.020258333177 30.2996659980417 "experimento_40" 40 2000 1000 0.8 30 0.4 1 0.8
1.02875938862422 30.0692528184563 "experimento_40" 40 2000 1000 0.8 30 0.4 1 0.8
1.01061544505258 29.3910571262727 "experimento_40" 40 2000 1000 0.8 30 0.4 1 0.8
1.02850189053901 24.4436879520043 "experimento_40" 40 2000 1000 0.8 30 0.4 1 0.8
1.00023679321509 31.1624425214515 "experimento_40" 40 2000 1000 0.8 30 0.4 1 0.8
1.01827036117514 30.7715697451744 "experimento_40" 40 2000 1000 0.8 30 0.4 1 0.8
0.999359220732003 27.2563103721222 "experimento_40" 40 2000 1000 0.8 30 0.4 1 0.8
1.00132405622862 28.3374314354624 "experimento_40" 40 2000 1000 0.8 30 0.4 1 0.8
1.00015611675126 33.3734094561509 "experimento_40" 40 2000 1000 0.8 30 0.4 1 0.8
1.00011401757587 33.2792987802102 "experimento_40" 40 2000 1000 0.8 30 0.4 1 0.8
1.00076819673801 28.6226200236932 "experimento_40" 40 2000 1000 0.8 30 0.4 1 0.8
1.0175318002856 32.8952914649439 "experimento_40" 40 2000 1000 0.8 30 0.4 1 0.8
1.00658172314676 34.6833300997946 "experimento_40" 40 2000 1000 0.8 30 0.4 1 0.8
1.01134921326302 27.2896240038009 "experimento_40" 40 2000 1000 0.8 30 0.4 1 0.8
1.0133836910209 27.0732365149127 "experimento_40" 40 2000 1000 0.8 30 0.4 1 0.8
1.01845514628415 30.9542995018654 "experimento_40" 40 2000 1000 0.8 30 0.4 1 0.8
0.999054445652291 28.6613608842462 "experimento_40" 40 2000 1000 0.8 30 0.4 1 0.8
1.00545379263349 30.822973764277 "experimento_40" 40 2000 1000 0.8 30 0.4 1 0.8
0.999062589835376 30.7518333580775 "experimento_40" 40 2000 1000 0.8 30 0.4 1 0.8
1.00007172343321 30.2843315417789 "experimento_40" 40 2000 1000 0.8 30 0.4 1 0.8
1.00363993168726 31.6971328439928 "experimento_40" 40 2000 1000 0.8 30 0.4 1 0.8
1.02418894935259 36.1297449371424 "experimento_40" 40 2000 1000 0.8 30 0.4 1 0.8
1.00723619501417 31.4271202126172 "experimento_40" 40 2000 1000 0.8 30 0.4 1 0.8
1.00048823173468 29.5351417080008 "experimento_40" 40 2000 1000 0.8 30 0.4 1 0.8
1.0001261649046 32.0194617236704 "experimento_40" 40 2000 1000 0.8 30 0.4 1 0.8
1.00106968878147 30.2705948131971 "experimento_40" 40 2000 1000 0.8 30 0.4 1 0.8
1.03198098869233 33.613011555584 "experimento_40" 40 2000 1000 0.8 30 0.4 1 0.8
0.999284591525793 27.7732676094666 "experimento_40" 40 2000 1000 0.8 30 0.4 1 0.8
1.00853451302775 31.7734618642186 "experimento_40" 40 2000 1000 0.8 30 0.4 1 0.8
0.998838238418102 27.7284672332217 "experimento_40" 40 2000 1000 0.8 30 0.4 1 0.8
1.00637500680362 29.9935639117852 "experimento_40" 40 2000 1000 0.8 30 0.4 1 0.8
1.00547593072825 28.777450341601 "experimento_40" 40 2000 1000 0.8 30 0.4 1 0.8
1.00007378372029 31.2325232994173 "experimento_40" 40 2000 1000 0.8 30 0.4 1 0.8
1.00264588830372 27.836683657664 "experimento_40" 40 2000 1000 0.8 30 0.4 1 0.8
1.00312174167909 29.1370885758505 "experimento_40" 40 2000 1000 0.8 30 0.4 1 0.8
1.00134858966602 29.3198279275897 "experimento_40" 40 2000 1000 0.8 30 0.4 1 0.8
1.00242653151801 31.2395309808096 "experimento_40" 40 2000 1000 0.8 30 0.4 1 0.8
1.00012517302918 29.8170739008684 "experimento_40" 40 2000 1000 0.8 30 0.4 1 0.8
1.00739490523313 27.745581727789 "experimento_40" 40 2000 1000 0.8 30 0.4 1 0.8
1.00341707525464 29.2016127120942 "experimento_40" 40 2000 1000 0.8 30 0.4 1 0.8
0.999107336858287 28.6664798951634 "experimento_40" 40 2000 1000 0.8 30 0.4 1 0.8
0.997902034316212 28.9204967351469 "experimento_40" 40 2000 1000 0.8 30 0.4 1 0.8
1.00292913060421 30.87380004835 "experimento_40" 40 2000 1000 0.8 30 0.4 1 0.8
0.998385639861226 28.2524707364662 "experimento_40" 40 2000 1000 0.8 30 0.4 1 0.8
1.00091099254531 30.637658144814 "experimento_40" 40 2000 1000 0.8 30 0.4 1 0.8
1.00839800765488 29.804904242915 "experimento_40" 40 2000 1000 0.8 30 0.4 1 0.8
1.04549223168923 38.7660229958674 "experimento_40" 40 2000 1000 0.8 30 0.4 1 0.8
1.01135808440546 33.6048536995166 "experimento_40" 40 2000 1000 0.8 30 0.4 1 0.8
1.00772704148683 32.4550140105908 "experimento_40" 40 2000 1000 0.8 30 0.4 1 0.8
1.00015397279834 29.5908274356929 "experimento_40" 40 2000 1000 0.8 30 0.4 1 0.8
0.999886227073148 29.539051565761 "experimento_40" 40 2000 1000 0.8 30 0.4 1 0.8
0.99990867334418 29.2113148106652 "experimento_40" 40 2000 1000 0.8 30 0.4 1 0.8
1.00278394084113 30.8694969839473 "experimento_40" 40 2000 1000 0.8 30 0.4 1 0.8
1.02585536213452 28.5883122126699 "experimento_40" 40 2000 1000 0.8 30 0.4 1 0.8
0.999826134182513 30.1506636997483 "experimento_40" 40 2000 1000 0.8 30 0.4 1 0.8
1.03429071136832 33.7379297806222 "experimento_40" 40 2000 1000 0.8 30 0.4 1 0.8
0.999445294495672 31.6794118431645 "experimento_40" 40 2000 1000 0.8 30 0.4 1 0.8
1.00113646765397 28.8682379854028 "experimento_40" 40 2000 1000 0.8 30 0.4 1 0.8
1.01300787668054 29.7390059686177 "experimento_40" 40 2000 1000 0.8 30 0.4 1 0.8
1.02141466250954 32.8806082870077 "experimento_40" 40 2000 1000 0.8 30 0.4 1 0.8
0.999232806498185 26.7541371350823 "experimento_40" 40 2000 1000 0.8 30 0.4 1 0.8
1.02370797507325 35.0942356980444 "experimento_40" 40 2000 1000 0.8 30 0.4 1 0.8
1.00302584320307 29.9795987241985 "experimento_40" 40 2000 1000 0.8 30 0.4 1 0.8
1.02082722767567 32.7108477308255 "experimento_40" 40 2000 1000 0.8 30 0.4 1 0.8
1.00053796647895 28.9948034308899 "experimento_40" 40 2000 1000 0.8 30 0.4 1 0.8
1.00173791695076 28.6094319890647 "experimento_40" 40 2000 1000 0.8 30 0.4 1 0.8
1.00181964261725 30.8636381686934 "experimento_40" 40 2000 1000 0.8 30 0.4 1 0.8
1.0100406569584 26.7179056302948 "experimento_40" 40 2000 1000 0.8 30 0.4 1 0.8
1.00906680423456 30.2434723242711 "experimento_40" 40 2000 1000 0.8 30 0.4 1 0.8
0.999319949187338 28.8301281929095 "experimento_40" 40 2000 1000 0.8 30 0.4 1 0.8
1.0030717491017 29.9358193460219 "experimento_40" 40 2000 1000 0.8 30 0.4 1 0.8
0.99929491430521 31.5717940136855 "experimento_40" 40 2000 1000 0.8 30 0.4 1 0.8
0.999997989507392 30.6837222004017 "experimento_40" 40 2000 1000 0.8 30 0.4 1 0.8
0.999083173228428 29.3013719532574 "experimento_40" 40 2000 1000 0.8 30 0.4 1 0.8
0.999492108123377 31.6762088443729 "experimento_40" 40 2000 1000 0.8 30 0.4 1 0.8
0.998384495731443 28.9831101564331 "experimento_40" 40 2000 1000 0.8 30 0.4 1 0.8
0.999065616633743 28.2332470472621 "experimento_40" 40 2000 1000 0.8 30 0.4 1 0.8
1.00016462713566 30.0786587510148 "experimento_40" 40 2000 1000 0.8 30 0.4 1 0.8
0.998475887579843 27.7065636174463 "experimento_40" 40 2000 1000 0.8 30 0.4 1 0.8
1.00920644577903 34.0821100841774 "experimento_40" 40 2000 1000 0.8 30 0.4 1 0.8
1.00003238693939 30.8803815738004 "experimento_40" 40 2000 1000 0.8 30 0.4 1 0.8
1.01479026818027 27.7574782446703 "experimento_40" 40 2000 1000 0.8 30 0.4 1 0.8
0.999940967187285 30.9357906284009 "experimento_40" 40 2000 1000 0.8 30 0.4 1 0.8
1.00061140921898 29.6428725204305 "experimento_40" 40 2000 1000 0.8 30 0.4 1 0.8
1.00482293122138 30.9779980509442 "experimento_40" 40 2000 1000 0.8 30 0.4 1 0.8
1.02437279495917 29.7227437143922 "experimento_40" 40 2000 1000 0.8 30 0.4 1 0.8
1.00006846180186 30.1306756450328 "experimento_40" 40 2000 1000 0.8 30 0.4 1 0.8
0.999994974816218 31.6885700472381 "experimento_40" 40 2000 1000 0.8 30 0.4 1 0.8
1.00007672241773 27.9398769655003 "experimento_40" 40 2000 1000 0.8 30 0.4 1 0.8
0.999939640983939 32.9520929537494 "experimento_40" 40 2000 1000 0.8 30 0.4 1 0.8
1.00053209012064 27.7746398170742 "experimento_40" 40 2000 1000 0.8 30 0.4 1 0.8
1.00000783333826 31.4894069948254 "experimento_40" 40 2000 1000 0.8 30 0.4 1 0.8
0.998060758691281 25.118543178628 "experimento_40" 40 2000 1000 0.8 30 0.4 1 0.8
1.00013978788629 30.0951842076552 "experimento_40" 40 2000 1000 0.8 30 0.4 1 0.8
1.00101095670834 29.9981349605304 "experimento_40" 40 2000 1000 0.8 30 0.4 1 0.8
0.99957086215727 30.910055304611 "experimento_40" 40 2000 1000 0.8 30 0.4 1 0.8
1.00119185486593 31.4090136095316 "experimento_40" 40 2000 1000 0.8 30 0.4 1 0.8
1.00053219075718 32.9531086025165 "experimento_40" 40 2000 1000 0.8 30 0.4 1 0.8
0.999422911321744 31.0370205576699 "experimento_40" 40 2000 1000 0.8 30 0.4 1 0.8
1.0058378215653 32.0183837811065 "experimento_40" 40 2000 1000 0.8 30 0.4 1 0.8
1.00514739078159 28.0760449683073 "experimento_40" 40 2000 1000 0.8 30 0.4 1 0.8
0.99986457452178 27.108126129065 "experimento_40" 40 2000 1000 0.8 30 0.4 1 0.8
1.00581607698804 28.0543808805336 "experimento_40" 40 2000 1000 0.8 30 0.4 1 0.8
1.01490116532271 29.4345778256266 "experimento_40" 40 2000 1000 0.8 30 0.4 1 0.8
0.997904197080061 29.7914590770177 "experimento_40" 40 2000 1000 0.8 30 0.4 1 0.8
1.00943354277836 30.7870474096777 "experimento_40" 40 2000 1000 0.8 30 0.4 1 0.8
0.999140579951927 31.7281519578956 "experimento_40" 40 2000 1000 0.8 30 0.4 1 0.8
1.00516207263991 30.0659669077645 "experimento_40" 40 2000 1000 0.8 30 0.4 1 0.8
1.00184911821411 29.7732812733525 "experimento_40" 40 2000 1000 0.8 30 0.4 1 0.8
1.00205547443281 30.3554825755273 "experimento_40" 40 2000 1000 0.8 30 0.4 1 0.8
0.999976530205458 31.2274726905326 "experimento_40" 40 2000 1000 0.8 30 0.4 1 0.8
1.0039778102384 29.7711144137778 "experimento_40" 40 2000 1000 0.8 30 0.4 1 0.8
1.01053835738761 31.9554853449536 "experimento_40" 40 2000 1000 0.8 30 0.4 1 0.8
1.00016236645267 30.3763345899558 "experimento_40" 40 2000 1000 0.8 30 0.4 1 0.8
1.00089902352111 28.433809227943 "experimento_40" 40 2000 1000 0.8 30 0.4 1 0.8
0.998446088517085 30.1629925724628 "experimento_40" 40 2000 1000 0.8 30 0.4 1 0.8
1.00987313181783 30.9591980617017 "experimento_40" 40 2000 1000 0.8 30 0.4 1 0.8
1.024266294699 27.6788731069206 "experimento_40" 40 2000 1000 0.8 30 0.4 1 0.8
1.00945661378404 30.0172159849584 "experimento_40" 40 2000 1000 0.8 30 0.4 1 0.8
1.0193195784154 28.932911806796 "experimento_40" 40 2000 1000 0.8 30 0.4 1 0.8
1.02393056594937 28.1079895607821 "experimento_40" 40 2000 1000 0.8 30 0.4 1 0.8
1.03020996981349 27.9018332129852 "experimento_40" 40 2000 1000 0.8 30 0.4 1 0.8
1.00000125543709 29.6128622129857 "experimento_40" 40 2000 1000 0.8 30 0.4 1 0.8
1.00003765969124 29.6233876787132 "experimento_40" 40 2000 1000 0.8 30 0.4 1 0.8
1.00001976434141 29.1862283439568 "experimento_40" 40 2000 1000 0.8 30 0.4 1 0.8
1.0251095724899 33.3924547774736 "experimento_40" 40 2000 1000 0.8 30 0.4 1 0.8
1.00654132370724 29.2320212885879 "experimento_40" 40 2000 1000 0.8 30 0.4 1 0.8
1.00764608619114 31.3578726288443 "experimento_40" 40 2000 1000 0.8 30 0.4 1 0.8
1.00059732833567 31.387528900338 "experimento_40" 40 2000 1000 0.8 30 0.4 1 0.8
1.00506610333299 27.6991007539481 "experimento_40" 40 2000 1000 0.8 30 0.4 1 0.8
1.00045339199714 32.4782147794823 "experimento_40" 40 2000 1000 0.8 30 0.4 1 0.8
1.00108924860223 31.0465978238914 "experimento_40" 40 2000 1000 0.8 30 0.4 1 0.8
0.999854311114177 28.7351359551788 "experimento_40" 40 2000 1000 0.8 30 0.4 1 0.8
1.00007944994711 30.052438466099 "experimento_40" 40 2000 1000 0.8 30 0.4 1 0.8
1.00693425216402 29.9849981765466 "experimento_40" 40 2000 1000 0.8 30 0.4 1 0.8
0.999221694190055 30.3927619945611 "experimento_40" 40 2000 1000 0.8 30 0.4 1 0.8
1.00711740834328 29.1205461083549 "experimento_40" 40 2000 1000 0.8 30 0.4 1 0.8
0.999972107820213 30.2025443320884 "experimento_40" 40 2000 1000 0.8 30 0.4 1 0.8
1.00477734077722 30.6830639662951 "experimento_40" 40 2000 1000 0.8 30 0.4 1 0.8
1.00056398806779 33.2297756548934 "experimento_40" 40 2000 1000 0.8 30 0.4 1 0.8
1.00044340470007 32.6747981903891 "experimento_40" 40 2000 1000 0.8 30 0.4 1 0.8
0.998869989765808 29.4097271737431 "experimento_40" 40 2000 1000 0.8 30 0.4 1 0.8
1.00006398282324 28.4998425128939 "experimento_40" 40 2000 1000 0.8 30 0.4 1 0.8
1.02322913747709 33.1416130553855 "experimento_40" 40 2000 1000 0.8 30 0.4 1 0.8
0.999791088281199 29.7984793331914 "experimento_40" 40 2000 1000 0.8 30 0.4 1 0.8
1.00022943022971 30.3971869531384 "experimento_40" 40 2000 1000 0.8 30 0.4 1 0.8
1.01704488052055 28.4771185279469 "experimento_40" 40 2000 1000 0.8 30 0.4 1 0.8
1.00142071113839 29.5145909052251 "experimento_40" 40 2000 1000 0.8 30 0.4 1 0.8
0.999533308437094 30.3651800386928 "experimento_40" 40 2000 1000 0.8 30 0.4 1 0.8
1.00008576562007 28.9641132234338 "experimento_40" 40 2000 1000 0.8 30 0.4 1 0.8
1.0027121786649 31.6334297996838 "experimento_40" 40 2000 1000 0.8 30 0.4 1 0.8
1.00073812388194 28.8676086057502 "experimento_40" 40 2000 1000 0.8 30 0.4 1 0.8
1.00311034903389 28.4289260081852 "experimento_40" 40 2000 1000 0.8 30 0.4 1 0.8
0.999936115927994 26.086750420111 "experimento_40" 40 2000 1000 0.8 30 0.4 1 0.8
1.02240824252367 27.7492749755133 "experimento_40" 40 2000 1000 0.8 30 0.4 1 0.8
1.00118080843653 28.2647027929421 "experimento_40" 40 2000 1000 0.8 30 0.4 1 0.8
1.00256122934186 29.5468479605663 "experimento_40" 40 2000 1000 0.8 30 0.4 1 0.8
1.0000139496865 32.4039826451233 "experimento_40" 40 2000 1000 0.8 30 0.4 1 0.8
1.00493949845363 31.0928568703861 "experimento_40" 40 2000 1000 0.8 30 0.4 1 0.8
0.998936617048457 29.7695968602277 "experimento_40" 40 2000 1000 0.8 30 0.4 1 0.8
1.00345671678272 31.806456495676 "experimento_40" 40 2000 1000 0.8 30 0.4 1 0.8
0.999906306155026 28.8158414428748 "experimento_40" 40 2000 1000 0.8 30 0.4 1 0.8
1.00016191165644 30.5690695201291 "experimento_40" 40 2000 1000 0.8 30 0.4 1 0.8
1.02140764100477 32.5776106756496 "experimento_40" 40 2000 1000 0.8 30 0.4 1 0.8
1.00497167242281 32.8586872570719 "experimento_40" 40 2000 1000 0.8 30 0.4 1 0.8
1.00007166159248 28.0981297447525 "experimento_40" 40 2000 1000 0.8 30 0.4 1 0.8
1.00000965228651 32.7015682595147 "experimento_40" 40 2000 1000 0.8 30 0.4 1 0.8
1.01571441957106 28.108294604916 "experimento_40" 40 2000 1000 0.8 30 0.4 1 0.8
1.00840013722579 28.4135982703012 "experimento_40" 40 2000 1000 0.8 30 0.4 1 0.8
0.999141459120438 29.3818261811844 "experimento_40" 40 2000 1000 0.8 30 0.4 1 0.8
1.0091384689634 32.8606175214839 "experimento_40" 40 2000 1000 0.8 30 0.4 1 0.8
1.00022411231572 29.0073681425355 "experimento_40" 40 2000 1000 0.8 30 0.4 1 0.8
0.999385046539828 30.1169080252382 "experimento_40" 40 2000 1000 0.8 30 0.4 1 0.8
1.01973117738962 29.899192197166 "experimento_40" 40 2000 1000 0.8 30 0.4 1 0.8
1.00014658841988 32.5333405169645 "experimento_40" 40 2000 1000 0.8 30 0.4 1 0.8
1.01015546228737 30.4542507710291 "experimento_40" 40 2000 1000 0.8 30 0.4 1 0.8
1.00940951430006 32.1451119374124 "experimento_40" 40 2000 1000 0.8 30 0.4 1 0.8
0.999830558663234 28.8386602823202 "experimento_40" 40 2000 1000 0.8 30 0.4 1 0.8
1.00767130927804 29.507157722015 "experimento_40" 40 2000 1000 0.8 30 0.4 1 0.8
1.02233028079694 28.8908210220705 "experimento_40" 40 2000 1000 0.8 30 0.4 1 0.8
1.00009812478287 27.6562113383052 "experimento_40" 40 2000 1000 0.8 30 0.4 1 0.8
1.00003782517097 30.5622830143664 "experimento_40" 40 2000 1000 0.8 30 0.4 1 0.8
1.00806709006511 32.6970301399609 "experimento_40" 40 2000 1000 0.8 30 0.4 1 0.8
1.01021887039145 31.3345634094148 "experimento_40" 40 2000 1000 0.8 30 0.4 1 0.8
1.00088567289834 31.4542123606531 "experimento_40" 40 2000 1000 0.8 30 0.4 1 0.8
0.999472892843187 28.056726700957 "experimento_40" 40 2000 1000 0.8 30 0.4 1 0.8
1.00036355969496 28.6999936467441 "experimento_40" 40 2000 1000 0.8 30 0.4 1 0.8
1.00474647117468 30.4084562335198 "experimento_40" 40 2000 1000 0.8 30 0.4 1 0.8
0.999771327245981 30.1163634006572 "experimento_40" 40 2000 1000 0.8 30 0.4 1 0.8
0.99867985653691 29.0882909507269 "experimento_40" 40 2000 1000 0.8 30 0.4 1 0.8
0.999267257517204 27.797670728384 "experimento_40" 40 2000 1000 0.8 30 0.4 1 0.8
1.00749790971167 30.5605895792872 "experimento_40" 40 2000 1000 0.8 30 0.4 1 0.8
1.00016017060378 30.1132776529878 "experimento_40" 40 2000 1000 0.8 30 0.4 1 0.8
1.02240027231164 26.9540529370573 "experimento_40" 40 2000 1000 0.8 30 0.4 1 0.8
1.00386789534241 32.1287525068919 "experimento_40" 40 2000 1000 0.8 30 0.4 1 0.8
1.00247135770818 30.4377305122496 "experimento_40" 40 2000 1000 0.8 30 0.4 1 0.8
0.999606018420309 31.446880173997 "experimento_40" 40 2000 1000 0.8 30 0.4 1 0.8
1.00016162832734 29.8798237488798 "experimento_40" 40 2000 1000 0.8 30 0.4 1 0.8
1.00478357441413 29.6736991588233 "experimento_40" 40 2000 1000 0.8 30 0.4 1 0.8
1.00169552940254 28.8588827402227 "experimento_40" 40 2000 1000 0.8 30 0.4 1 0.8
1.00006129469457 30.7222144672429 "experimento_40" 40 2000 1000 0.8 30 0.4 1 0.8
0.999074686551467 33.7787989507411 "experimento_40" 40 2000 1000 0.8 30 0.4 1 0.8
1.01252855013466 27.5938690924263 "experimento_40" 40 2000 1000 0.8 30 0.4 1 0.8
1.00007347947297 28.4766609100656 "experimento_40" 40 2000 1000 0.8 30 0.4 1 0.8
1.00324911787175 31.9488487491053 "experimento_40" 40 2000 1000 0.8 30 0.4 1 0.8
1.00005305525847 31.4399042833718 "experimento_40" 40 2000 1000 0.8 30 0.4 1 0.8
1.00006741341203 29.8173846159002 "experimento_40" 40 2000 1000 0.8 30 0.4 1 0.8
1.00607453841258 30.9716460311253 "experimento_40" 40 2000 1000 0.8 30 0.4 1 0.8
0.999164030188695 29.3603178206381 "experimento_40" 40 2000 1000 0.8 30 0.4 1 0.8
0.999972138553858 30.4930415778268 "experimento_40" 40 2000 1000 0.8 30 0.4 1 0.8
1.00000900065326 33.0092675282045 "experimento_40" 40 2000 1000 0.8 30 0.4 1 0.8
1.02043020781839 32.2974929966816 "experimento_40" 40 2000 1000 0.8 30 0.4 1 0.8
1.0021255717408 27.5380130919617 "experimento_40" 40 2000 1000 0.8 30 0.4 1 0.8
1.01214802113051 29.2850325600303 "experimento_40" 40 2000 1000 0.8 30 0.4 1 0.8
1.00002127212162 31.3876635180699 "experimento_40" 40 2000 1000 0.8 30 0.4 1 0.8
0.998550212243572 31.3071673266898 "experimento_40" 40 2000 1000 0.8 30 0.4 1 0.8
0.999680223874748 28.3836599722581 "experimento_40" 40 2000 1000 0.8 30 0.4 1 0.8
1.00194217520766 29.3637618727536 "experimento_40" 40 2000 1000 0.8 30 0.4 1 0.8
1.01346951195349 33.8123599060407 "experimento_40" 40 2000 1000 0.8 30 0.4 1 0.8
0.99974312633276 30.3614103696448 "experimento_40" 40 2000 1000 0.8 30 0.4 1 0.8
1.00173388829119 30.7865530128989 "experimento_40" 40 2000 1000 0.8 30 0.4 1 0.8
0.999112874036655 29.322181877791 "experimento_40" 40 2000 1000 0.8 30 0.4 1 0.8
1.02498871635463 34.5736718876966 "experimento_40" 40 2000 1000 0.8 30 0.4 1 0.8
0.998876955825835 29.0146932275363 "experimento_40" 40 2000 1000 0.8 30 0.4 1 0.8
1.0014596026546 30.8346094063177 "experimento_40" 40 2000 1000 0.8 30 0.4 1 0.8
1.01672771153972 32.428992335516 "experimento_40" 40 2000 1000 0.8 30 0.4 1 0.8
0.999098087195307 29.5715445706636 "experimento_40" 40 2000 1000 0.8 30 0.4 1 0.8
1.0009947592372 29.274407262852 "experimento_40" 40 2000 1000 0.8 30 0.4 1 0.8
1.00001182937995 29.5501979071134 "experimento_40" 40 2000 1000 0.8 30 0.4 1 0.8
0.99959138664417 33.0420959843963 "experimento_40" 40 2000 1000 0.8 30 0.4 1 0.8
1.00010094344616 30.8351400235016 "experimento_40" 40 2000 1000 0.8 30 0.4 1 0.8
1.01060208114795 27.7485377249175 "experimento_40" 40 2000 1000 0.8 30 0.4 1 0.8
1.00002457929915 30.8504742922404 "experimento_40" 40 2000 1000 0.8 30 0.4 1 0.8
1.01075342403104 28.6218961574231 "experimento_40" 40 2000 1000 0.8 30 0.4 1 0.8
0.99923485936597 29.178980472656 "experimento_40" 40 2000 1000 0.8 30 0.4 1 0.8
1.01143996235392 36.4374462794203 "experimento_40" 40 2000 1000 0.8 30 0.4 1 0.8
1.00135652744248 30.8240150583543 "experimento_40" 40 2000 1000 0.8 30 0.4 1 0.8
0.998653712682426 28.311487161308 "experimento_40" 40 2000 1000 0.8 30 0.4 1 0.8
1.00024056663272 28.4447831562831 "experimento_40" 40 2000 1000 0.8 30 0.4 1 0.8
1.00129427644498 33.6445626425699 "experimento_40" 40 2000 1000 0.8 30 0.4 1 0.8
1.00532801155786 31.3637593244501 "experimento_40" 40 2000 1000 0.8 30 0.4 1 0.8
0.999422959750518 29.9122962847721 "experimento_40" 40 2000 1000 0.8 30 0.4 1 0.8
1.02371601375301 27.2377886444489 "experimento_40" 40 2000 1000 0.8 30 0.4 1 0.8
1.00008115465027 29.7610332918137 "experimento_40" 40 2000 1000 0.8 30 0.4 1 0.8
1.03622950750108 24.3143536647777 "experimento_40" 40 2000 1000 0.8 30 0.4 1 0.8
0.99976471834816 30.6804758224142 "experimento_40" 40 2000 1000 0.8 30 0.4 1 0.8
1.0003236904062 27.1576551278251 "experimento_40" 40 2000 1000 0.8 30 0.4 1 0.8
1.00017022441842 30.5220338449266 "experimento_40" 40 2000 1000 0.8 30 0.4 1 0.8
0.999035252956674 26.1152902703986 "experimento_40" 40 2000 1000 0.8 30 0.4 1 0.8
1.00007840508285 28.8944113061571 "experimento_40" 40 2000 1000 0.8 30 0.4 1 0.8
0.999907549703494 32.4343798004633 "experimento_40" 40 2000 1000 0.8 30 0.4 1 0.8
1.00115290060639 29.1127734105651 "experimento_40" 40 2000 1000 0.8 30 0.4 1 0.8
1.00628760572643 30.1312911973041 "experimento_40" 40 2000 1000 0.8 30 0.4 1 0.8
0.998905076179653 28.3315858082395 "experimento_40" 40 2000 1000 0.8 30 0.4 1 0.8
1.00652214800625 30.9710730370051 "experimento_40" 40 2000 1000 0.8 30 0.4 1 0.8
1.00436349891437 31.3599975871676 "experimento_40" 40 2000 1000 0.8 30 0.4 1 0.8
1.01294925953262 26.0038911881769 "experimento_40" 40 2000 1000 0.8 30 0.4 1 0.8
1.00972383478591 30.1802696490292 "experimento_40" 40 2000 1000 0.8 30 0.4 1 0.8
1.01092572331476 30.0837818139828 "experimento_40" 40 2000 1000 0.8 30 0.4 1 0.8
1.01892915883606 35.0408020812709 "experimento_40" 40 2000 1000 0.8 30 0.4 1 0.8
1.03066830302759 34.5827397658555 "experimento_40" 40 2000 1000 0.8 30 0.4 1 0.8
1.00624875441814 33.6039098696948 "experimento_40" 40 2000 1000 0.8 30 0.4 1 0.8
1.00004784328704 28.3727040577908 "experimento_40" 40 2000 1000 0.8 30 0.4 1 0.8
1.00222894037142 29.8063123584157 "experimento_40" 40 2000 1000 0.8 30 0.4 1 0.8
1.00024794298224 31.3566413746285 "experimento_40" 40 2000 1000 0.8 30 0.4 1 0.8
0.999981745146215 33.3656403252942 "experimento_40" 40 2000 1000 0.8 30 0.4 1 0.8
1.00559346953717 30.4381810602859 "experimento_40" 40 2000 1000 0.8 30 0.4 1 0.8
1.00007115562615 29.1011099413899 "experimento_40" 40 2000 1000 0.8 30 0.4 1 0.8
1.00049032346966 31.023905856782 "experimento_40" 40 2000 1000 0.8 30 0.4 1 0.8
1.0075170620655 27.7833056323398 "experimento_40" 40 2000 1000 0.8 30 0.4 1 0.8
1.00007027899846 31.5034318040101 "experimento_40" 40 2000 1000 0.8 30 0.4 1 0.8
0.999262713827193 27.8660069604003 "experimento_40" 40 2000 1000 0.8 30 0.4 1 0.8
1.00504143268491 28.2742960170473 "experimento_40" 40 2000 1000 0.8 30 0.4 1 0.8
1.01252804190541 30.7044811724969 "experimento_40" 40 2000 1000 0.8 30 0.4 1 0.8
1.01147367077259 30.8510095189298 "experimento_40" 40 2000 1000 0.8 30 0.4 1 0.8
1.00853010643944 28.1224516552958 "experimento_40" 40 2000 1000 0.8 30 0.4 1 0.8
1.02173829671616 24.6623302987736 "experimento_40" 40 2000 1000 0.8 30 0.4 1 0.8
1.00011138484458 29.8432098388269 "experimento_40" 40 2000 1000 0.8 30 0.4 1 0.8
1.000007322353 31.3760217383248 "experimento_40" 40 2000 1000 0.8 30 0.4 1 0.8
1.0112022939759 31.1623833656776 "experimento_40" 40 2000 1000 0.8 30 0.4 1 0.8
1.02950723577772 36.6782223822258 "experimento_40" 40 2000 1000 0.8 30 0.4 1 0.8
1.02265451488396 27.9480110550527 "experimento_40" 40 2000 1000 0.8 30 0.4 1 0.8
0.999203654238954 31.1838473291844 "experimento_40" 40 2000 1000 0.8 30 0.4 1 0.8
1.00002609434698 31.8112425402242 "experimento_40" 40 2000 1000 0.8 30 0.4 1 0.8
1.00480384152949 27.6324806166887 "experimento_40" 40 2000 1000 0.8 30 0.4 1 0.8
1.01659642152178 29.7089769353047 "experimento_40" 40 2000 1000 0.8 30 0.4 1 0.8
1.01805330614249 26.6936387864001 "experimento_40" 40 2000 1000 0.8 30 0.4 1 0.8
1.00016774820785 29.7256072164002 "experimento_40" 40 2000 1000 0.8 30 0.4 1 0.8
1.0003492634433 29.6530362595148 "experimento_40" 40 2000 1000 0.8 30 0.4 1 0.8
1.00071086360452 30.1002352368998 "experimento_40" 40 2000 1000 0.8 30 0.4 1 0.8
1.01149522710281 32.6573271060863 "experimento_40" 40 2000 1000 0.8 30 0.4 1 0.8
0.999386796960607 27.8452817795249 "experimento_40" 40 2000 1000 0.8 30 0.4 1 0.8
1.00055913560403 31.3917807205629 "experimento_40" 40 2000 1000 0.8 30 0.4 1 0.8
1.00000892315037 28.5059503031028 "experimento_40" 40 2000 1000 0.8 30 0.4 1 0.8
0.999052482191473 29.2425109334525 "experimento_40" 40 2000 1000 0.8 30 0.4 1 0.8
0.999901246745139 29.906943889561 "experimento_40" 40 2000 1000 0.8 30 0.4 1 0.8
1.02193763110166 30.2530016478922 "experimento_40" 40 2000 1000 0.8 30 0.4 1 0.8
1.01045521210569 30.479502112202 "experimento_40" 40 2000 1000 0.8 30 0.4 1 0.8
0.999474846059456 28.5797088016305 "experimento_40" 40 2000 1000 0.8 30 0.4 1 0.8
1.00021304992648 31.2564569452401 "experimento_40" 40 2000 1000 0.8 30 0.4 1 0.8
1.00052766068174 32.6707736287788 "experimento_40" 40 2000 1000 0.8 30 0.4 1 0.8
1.0005741938483 29.6236551127406 "experimento_40" 40 2000 1000 0.8 30 0.4 1 0.8
0.999189945170656 28.989530265715 "experimento_40" 40 2000 1000 0.8 30 0.4 1 0.8
1.00016590768977 28.9862102455792 "experimento_40" 40 2000 1000 0.8 30 0.4 1 0.8
1.00051565745987 30.1980923791756 "experimento_40" 40 2000 1000 0.8 30 0.4 1 0.8
1.00002640585105 30.7655113790858 "experimento_40" 40 2000 1000 0.8 30 0.4 1 0.8
1.00078914028092 30.546369875544 "experimento_40" 40 2000 1000 0.8 30 0.4 1 0.8
1.00259044255751 30.2548429960034 "experimento_40" 40 2000 1000 0.8 30 0.4 1 0.8
1.0026441330711 30.9156068639343 "experimento_40" 40 2000 1000 0.8 30 0.4 1 0.8
1.01806570993258 27.1774598462988 "experimento_40" 40 2000 1000 0.8 30 0.4 1 0.8
0.999842167133465 30.3861374207606 "experimento_40" 40 2000 1000 0.8 30 0.4 1 0.8
1.00567433663333 27.4591059424917 "experimento_40" 40 2000 1000 0.8 30 0.4 1 0.8
1.02629970146421 36.1034966677015 "experimento_40" 40 2000 1000 0.8 30 0.4 1 0.8
1.00670187091579 32.9112409467835 "experimento_40" 40 2000 1000 0.8 30 0.4 1 0.8
0.99916660389863 30.5119412876835 "experimento_40" 40 2000 1000 0.8 30 0.4 1 0.8
1.00082259507229 32.5985712078754 "experimento_40" 40 2000 1000 0.8 30 0.4 1 0.8
1.0262497823361 36.6567613957052 "experimento_40" 40 2000 1000 0.8 30 0.4 1 0.8
1.03091856175894 27.1031317157459 "experimento_40" 40 2000 1000 0.8 30 0.4 1 0.8
1.00004697139375 27.7588074446807 "experimento_40" 40 2000 1000 0.8 30 0.4 1 0.8
1.00008964023242 29.4143971558351 "experimento_40" 40 2000 1000 0.8 30 0.4 1 0.8
1.04080645625029 33.9123531217511 "experimento_40" 40 2000 1000 0.8 30 0.4 1 0.8
0.99911415646784 27.4155079664787 "experimento_40" 40 2000 1000 0.8 30 0.4 1 0.8
1.00283728002244 30.4360965616784 "experimento_40" 40 2000 1000 0.8 30 0.4 1 0.8
1.00001132131244 30.4072857067964 "experimento_40" 40 2000 1000 0.8 30 0.4 1 0.8
1.00009700275682 31.8121590307917 "experimento_40" 40 2000 1000 0.8 30 0.4 1 0.8
1.00002664644271 29.0853895923807 "experimento_40" 40 2000 1000 0.8 30 0.4 1 0.8
1.00079248373959 29.3256281042141 "experimento_40" 40 2000 1000 0.8 30 0.4 1 0.8
0.999672435224056 30.1251891382305 "experimento_40" 40 2000 1000 0.8 30 0.4 1 0.8
1.00969141896382 33.225753076636 "experimento_40" 40 2000 1000 0.8 30 0.4 1 0.8
0.998942122329026 27.3324515768138 "experimento_40" 40 2000 1000 0.8 30 0.4 1 0.8
1.02397208707267 29.7020507588501 "experimento_40" 40 2000 1000 0.8 30 0.4 1 0.8
1.0000497923715 29.818203169691 "experimento_40" 40 2000 1000 0.8 30 0.4 1 0.8
1.0004270453006 30.890550533494 "experimento_40" 40 2000 1000 0.8 30 0.4 1 0.8
1.02607372353334 28.1750333112041 "experimento_40" 40 2000 1000 0.8 30 0.4 1 0.8
1.00101706308002 29.7406029161499 "experimento_40" 40 2000 1000 0.8 30 0.4 1 0.8
1.00025860617694 32.1619016160064 "experimento_40" 40 2000 1000 0.8 30 0.4 1 0.8
0.999523859471083 28.6615931577458 "experimento_40" 40 2000 1000 0.8 30 0.4 1 0.8
1.0093696822878 31.11513107158 "experimento_40" 40 2000 1000 0.8 30 0.4 1 0.8
1.00570485596629 28.1450878100882 "experimento_40" 40 2000 1000 0.8 30 0.4 1 0.8
1.00010908007001 32.1881192630064 "experimento_40" 40 2000 1000 0.8 30 0.4 1 0.8
1.03006765267061 41.6153074426288 "experimento_40" 40 2000 1000 0.8 30 0.4 1 0.8
0.998829626478255 30.3980679132538 "experimento_40" 40 2000 1000 0.8 30 0.4 1 0.8
1.02721851365501 28.6921120846806 "experimento_40" 40 2000 1000 0.8 30 0.4 1 0.8
1.00001414969205 30.158249169443 "experimento_40" 40 2000 1000 0.8 30 0.4 1 0.8
0.999158838065341 29.7897517167417 "experimento_40" 40 2000 1000 0.8 30 0.4 1 0.8
1.00676406929269 30.5729153018305 "experimento_40" 40 2000 1000 0.8 30 0.4 1 0.8
1.02687182278445 29.7707567002893 "experimento_40" 40 2000 1000 0.8 30 0.4 1 0.8
1.00004307783027 32.0138660432307 "experimento_40" 40 2000 1000 0.8 30 0.4 1 0.8
1.00005165853848 30.6163299362845 "experimento_40" 40 2000 1000 0.8 30 0.4 1 0.8
1.00027723934156 29.6274972612901 "experimento_40" 40 2000 1000 0.8 30 0.4 1 0.8
1.01067796642892 30.7534872246568 "experimento_40" 40 2000 1000 0.8 30 0.4 1 0.8
0.999995786463842 28.2687804327816 "experimento_40" 40 2000 1000 0.8 30 0.4 1 0.8
1.0008107289051 28.7673837500018 "experimento_40" 40 2000 1000 0.8 30 0.4 1 0.8
1.01054979301989 30.4322389838007 "experimento_40" 40 2000 1000 0.8 30 0.4 1 0.8
1.00992508823197 33.9210939213018 "experimento_40" 40 2000 1000 0.8 30 0.4 1 0.8
1.00387455934022 31.5644051879187 "experimento_40" 40 2000 1000 0.8 30 0.4 1 0.8
1.01145591518531 31.0272158016389 "experimento_40" 40 2000 1000 0.8 30 0.4 1 0.8
1.0013383021423 29.4450210279866 "experimento_40" 40 2000 1000 0.8 30 0.4 1 0.8
0.998778780689463 30.9054376211105 "experimento_40" 40 2000 1000 0.8 30 0.4 1 0.8
1.02105720052496 34.3503878571617 "experimento_40" 40 2000 1000 0.8 30 0.4 1 0.8
1.00110584300024 29.9607476336035 "experimento_40" 40 2000 1000 0.8 30 0.4 1 0.8
1.00002133158656 28.9430954276487 "experimento_40" 40 2000 1000 0.8 30 0.4 1 0.8
1.00013666896439 31.8314078985941 "experimento_40" 40 2000 1000 0.8 30 0.4 1 0.8
1.01444913853581 33.0450121103878 "experimento_40" 40 2000 1000 0.8 30 0.4 1 0.8
1.00011382738258 29.4316687190442 "experimento_40" 40 2000 1000 0.8 30 0.4 1 0.8
0.99953475012444 29.7108370259998 "experimento_40" 40 2000 1000 0.8 30 0.4 1 0.8
1.00118890676337 32.011137635305 "experimento_40" 40 2000 1000 0.8 30 0.4 1 0.8
0.999331922270358 30.4165077780984 "experimento_40" 40 2000 1000 0.8 30 0.4 1 0.8
0.998684974620119 28.5958427114616 "experimento_40" 40 2000 1000 0.8 30 0.4 1 0.8
1.02212467943318 27.7672283007628 "experimento_40" 40 2000 1000 0.8 30 0.4 1 0.8
1.00763981328346 29.610491664326 "experimento_40" 40 2000 1000 0.8 30 0.4 1 0.8
1.00003700292048 29.7357781930719 "experimento_40" 40 2000 1000 0.8 30 0.4 1 0.8
1.0016996220996 31.2918589781146 "experimento_40" 40 2000 1000 0.8 30 0.4 1 0.8
1.0006145476625 30.1083300649903 "experimento_40" 40 2000 1000 0.8 30 0.4 1 0.8
1.00139057640918 28.1835155918309 "experimento_40" 40 2000 1000 0.8 30 0.4 1 0.8
1.05283062271494 39.6117316412661 "experimento_40" 40 2000 1000 0.8 30 0.4 1 0.8
1.00017059561796 30.742233302033 "experimento_40" 40 2000 1000 0.8 30 0.4 1 0.8
1.03126352453928 34.1372054853182 "experimento_40" 40 2000 1000 0.8 30 0.4 1 0.8
0.999373639235273 29.7776336661132 "experimento_40" 40 2000 1000 0.8 30 0.4 1 0.8
1.00389595187027 29.7034367959971 "experimento_40" 40 2000 1000 0.8 30 0.4 1 0.8
1.00270881569686 30.470110148847 "experimento_40" 40 2000 1000 0.8 30 0.4 1 0.8
1.00955886685164 32.0897551681489 "experimento_40" 40 2000 1000 0.8 30 0.4 1 0.8
1.01021371731916 31.4817183047364 "experimento_40" 40 2000 1000 0.8 30 0.4 1 0.8
1.04909959484853 22.7934495608644 "experimento_40" 40 2000 1000 0.8 30 0.4 1 0.8
1.00080687552126 27.5743424859607 "experimento_40" 40 2000 1000 0.8 30 0.4 1 0.8
1.00427689022487 30.7155360335593 "experimento_40" 40 2000 1000 0.8 30 0.4 1 0.8
0.998996421229094 28.0356327166869 "experimento_40" 40 2000 1000 0.8 30 0.4 1 0.8
1.0125558878916 28.3652949661679 "experimento_40" 40 2000 1000 0.8 30 0.4 1 0.8
1.00054387402073 29.0395107777974 "experimento_40" 40 2000 1000 0.8 30 0.4 1 0.8
0.999243128811941 32.6693935513917 "experimento_40" 40 2000 1000 0.8 30 0.4 1 0.8
1.00887812371366 29.1023766074839 "experimento_40" 40 2000 1000 0.8 30 0.4 1 0.8
1.00173256630078 29.2472880960068 "experimento_40" 40 2000 1000 0.8 30 0.4 1 0.8
1.01558258905516 27.2485526072367 "experimento_40" 40 2000 1000 0.8 30 0.4 1 0.8
1.00031466926448 30.4723561643716 "experimento_40" 40 2000 1000 0.8 30 0.4 1 0.8
1.00446554614852 30.5561527087826 "experimento_40" 40 2000 1000 0.8 30 0.4 1 0.8
1.00100159984772 30.6778275009482 "experimento_40" 40 2000 1000 0.8 30 0.4 1 0.8
1.00015343109456 27.7137906722652 "experimento_40" 40 2000 1000 0.8 30 0.4 1 0.8
1.00033070133803 34.8052767880355 "experimento_40" 40 2000 1000 0.8 30 0.4 1 0.8
1.03296620196833 26.0057681719746 "experimento_40" 40 2000 1000 0.8 30 0.4 1 0.8
1.00004511668036 31.0739529847378 "experimento_40" 40 2000 1000 0.8 30 0.4 1 0.8
1.00066255839818 30.373683617115 "experimento_40" 40 2000 1000 0.8 30 0.4 1 0.8
0.999705540947616 30.8816962642417 "experimento_40" 40 2000 1000 0.8 30 0.4 1 0.8
0.999430469004437 31.1561024995601 "experimento_40" 40 2000 1000 0.8 30 0.4 1 0.8
1.0118892013561 34.277216957451 "experimento_40" 40 2000 1000 0.8 30 0.4 1 0.8
1.00478377562637 28.8058137826572 "experimento_40" 40 2000 1000 0.8 30 0.4 1 0.8
1.00686787420519 29.4682202845113 "experimento_40" 40 2000 1000 0.8 30 0.4 1 0.8
1.00793536758671 24.6353589372665 "experimento_40" 40 2000 1000 0.8 30 0.4 1 0.8
1.00569824968272 31.3364585938884 "experimento_40" 40 2000 1000 0.8 30 0.4 1 0.8
1.00471098165338 29.0639606106737 "experimento_40" 40 2000 1000 0.8 30 0.4 1 0.8
0.999588164268062 29.475277749892 "experimento_40" 40 2000 1000 0.8 30 0.4 1 0.8
1.00129006447581 30.5820177959428 "experimento_40" 40 2000 1000 0.8 30 0.4 1 0.8
1.02444079351122 26.1193027953591 "experimento_40" 40 2000 1000 0.8 30 0.4 1 0.8
1.00003477915501 28.0995436177797 "experimento_40" 40 2000 1000 0.8 30 0.4 1 0.8
1.00006287032738 30.2976548136273 "experimento_40" 40 2000 1000 0.8 30 0.4 1 0.8
1.00442507785435 31.8686413504174 "experimento_40" 40 2000 1000 0.8 30 0.4 1 0.8
1.00614548710485 30.1014608382163 "experimento_40" 40 2000 1000 0.8 30 0.4 1 0.8
0.999747470486909 27.7772491607477 "experimento_40" 40 2000 1000 0.8 30 0.4 1 0.8
1.01297445818782 28.3970493991333 "experimento_40" 40 2000 1000 0.8 30 0.4 1 0.8
1.00446882098913 27.164887233611 "experimento_40" 40 2000 1000 0.8 30 0.4 1 0.8
1.004950175186 30.6525883887706 "experimento_40" 40 2000 1000 0.8 30 0.4 1 0.8
1.00329152711978 29.8976356884351 "experimento_40" 40 2000 1000 0.8 30 0.4 1 0.8
1.00589106143452 31.8468786906815 "experimento_40" 40 2000 1000 0.8 30 0.4 1 0.8
1.00647921240889 25.8138894807118 "experimento_40" 40 2000 1000 0.8 30 0.4 1 0.8
0.999039134476334 31.9996301614406 "experimento_40" 40 2000 1000 0.8 30 0.4 1 0.8
1.00031303286841 32.2256979914506 "experimento_40" 40 2000 1000 0.8 30 0.4 1 0.8
1.01032118153137 31.2324126778655 "experimento_40" 40 2000 1000 0.8 30 0.4 1 0.8
0.999103138921782 28.9576500303296 "experimento_40" 40 2000 1000 0.8 30 0.4 1 0.8
0.999913915991783 32.2644080038275 "experimento_40" 40 2000 1000 0.8 30 0.4 1 0.8
1.00046301754192 28.4886784448193 "experimento_40" 40 2000 1000 0.8 30 0.4 1 0.8
0.999342985916883 30.6085530909578 "experimento_40" 40 2000 1000 0.8 30 0.4 1 0.8
1.00002899818743 30.9800488779805 "experimento_40" 40 2000 1000 0.8 30 0.4 1 0.8
1.02756433481529 34.1272277638303 "experimento_40" 40 2000 1000 0.8 30 0.4 1 0.8
0.999452953925356 28.5212128284303 "experimento_40" 40 2000 1000 0.8 30 0.4 1 0.8
1.00039080671531 29.0524494279517 "experimento_40" 40 2000 1000 0.8 30 0.4 1 0.8
1.0003986846445 29.3626648514649 "experimento_40" 40 2000 1000 0.8 30 0.4 1 0.8
1.00000663416771 29.1874654939321 "experimento_40" 40 2000 1000 0.8 30 0.4 1 0.8
1.00000911756121 29.688220449726 "experimento_40" 40 2000 1000 0.8 30 0.4 1 0.8
1.00031602326781 28.1655847696117 "experimento_40" 40 2000 1000 0.8 30 0.4 1 0.8
1.00104211422925 28.8733222188298 "experimento_40" 40 2000 1000 0.8 30 0.4 1 0.8
1.00008749783179 28.4240486602166 "experimento_40" 40 2000 1000 0.8 30 0.4 1 0.8
1.03157885875455 35.2317196344651 "experimento_40" 40 2000 1000 0.8 30 0.4 1 0.8
1.00109278257005 32.345995973873 "experimento_40" 40 2000 1000 0.8 30 0.4 1 0.8
1.00012089664466 28.7662203464102 "experimento_40" 40 2000 1000 0.8 30 0.4 1 0.8
1.00010819064143 28.1664862377165 "experimento_40" 40 2000 1000 0.8 30 0.4 1 0.8
0.999339182861149 29.5832569865793 "experimento_40" 40 2000 1000 0.8 30 0.4 1 0.8
1.00669270562939 28.6946116555332 "experimento_40" 40 2000 1000 0.8 30 0.4 1 0.8
0.999495568685234 28.5618704858796 "experimento_40" 40 2000 1000 0.8 30 0.4 1 0.8
1.0043738221284 30.5948089458611 "experimento_40" 40 2000 1000 0.8 30 0.4 1 0.8
1.03572383144199 26.9712917707877 "experimento_40" 40 2000 1000 0.8 30 0.4 1 0.8
0.999855759320781 31.2689353808458 "experimento_40" 40 2000 1000 0.8 30 0.4 1 0.8
1.00400801137248 30.777369636487 "experimento_40" 40 2000 1000 0.8 30 0.4 1 0.8
0.999502547783777 30.1279638185657 "experimento_40" 40 2000 1000 0.8 30 0.4 1 0.8
1.00001050902841 30.7730415544215 "experimento_40" 40 2000 1000 0.8 30 0.4 1 0.8
1.00006436660575 29.8202215864479 "experimento_40" 40 2000 1000 0.8 30 0.4 1 0.8
0.999442276544869 31.8755129961742 "experimento_40" 40 2000 1000 0.8 30 0.4 1 0.8
1.00656644875805 30.7524574891224 "experimento_40" 40 2000 1000 0.8 30 0.4 1 0.8
1.00297209463703 32.5986542323887 "experimento_40" 40 2000 1000 0.8 30 0.4 1 0.8
1.01241310177592 30.128112294107 "experimento_40" 40 2000 1000 0.8 30 0.4 1 0.8
1.00007658874717 30.9302036555744 "experimento_40" 40 2000 1000 0.8 30 0.4 1 0.8
0.999221878126264 33.3985191073133 "experimento_40" 40 2000 1000 0.8 30 0.4 1 0.8
1.00764982762436 32.8258159732821 "experimento_40" 40 2000 1000 0.8 30 0.4 1 0.8
1.00490406699605 28.6385785171215 "experimento_40" 40 2000 1000 0.8 30 0.4 1 0.8
1.00065258295896 28.2876230826789 "experimento_40" 40 2000 1000 0.8 30 0.4 1 0.8
1.00654218749454 29.951588472502 "experimento_40" 40 2000 1000 0.8 30 0.4 1 0.8
1.00313205667771 27.4885688378579 "experimento_40" 40 2000 1000 0.8 30 0.4 1 0.8
0.999722908716649 29.6758470376012 "experimento_40" 40 2000 1000 0.8 30 0.4 1 0.8
1.00043007798182 28.3261175748331 "experimento_40" 40 2000 1000 0.8 30 0.4 1 0.8
1.00044101018769 29.894093349515 "experimento_40" 40 2000 1000 0.8 30 0.4 1 0.8
1.00048881770906 28.8384084727469 "experimento_40" 40 2000 1000 0.8 30 0.4 1 0.8
1.00597149204952 29.5646476231904 "experimento_40" 40 2000 1000 0.8 30 0.4 1 0.8
1.00041400571354 30.707025611774 "experimento_40" 40 2000 1000 0.8 30 0.4 1 0.8
1.04070739196473 33.2349718399678 "experimento_40" 40 2000 1000 0.8 30 0.4 1 0.8
1.02106840011353 27.0912674669034 "experimento_40" 40 2000 1000 0.8 30 0.4 1 0.8
1.00141851039413 28.3993796788216 "experimento_40" 40 2000 1000 0.8 30 0.4 1 0.8
1.00190701095077 29.2968208170761 "experimento_40" 40 2000 1000 0.8 30 0.4 1 0.8
0.998829070944339 30.2825705546244 "experimento_40" 40 2000 1000 0.8 30 0.4 1 0.8
1.01464108721476 35.3223641052135 "experimento_40" 40 2000 1000 0.8 30 0.4 1 0.8
0.998918551951647 31.0553114755154 "experimento_40" 40 2000 1000 0.8 30 0.4 1 0.8
0.998922357335687 30.0202823654447 "experimento_40" 40 2000 1000 0.8 30 0.4 1 0.8
1.00038566555207 29.5566428697758 "experimento_40" 40 2000 1000 0.8 30 0.4 1 0.8
1.06718315755047 25.358253875706 "experimento_40" 40 2000 1000 0.8 30 0.4 1 0.8
1.0126467802717 29.0047686850811 "experimento_40" 40 2000 1000 0.8 30 0.4 1 0.8
1.00302835887608 28.4562515549416 "experimento_40" 40 2000 1000 0.8 30 0.4 1 0.8
0.999672389356419 29.517135066861 "experimento_40" 40 2000 1000 0.8 30 0.4 1 0.8
1.00646302878546 28.5426018635069 "experimento_40" 40 2000 1000 0.8 30 0.4 1 0.8
