"est.u" "est.lamb" "name" "seed" "size" "replicates" "p_umbral" "exp_lambda" "alpha_pen" "n_pen" "c"
1.00019338891728 31.2342655997252 "experimento_38" 38 1000 1000 0.8 30 0.4 1 0.8
1.01060329183626 36.3880118694964 "experimento_38" 38 1000 1000 0.8 30 0.4 1 0.8
1.00068886151227 28.8458265163856 "experimento_38" 38 1000 1000 0.8 30 0.4 1 0.8
1.01302134632133 33.0671413513897 "experimento_38" 38 1000 1000 0.8 30 0.4 1 0.8
1.00659775881407 28.6581918860817 "experimento_38" 38 1000 1000 0.8 30 0.4 1 0.8
1.00000952365656 30.4582212898114 "experimento_38" 38 1000 1000 0.8 30 0.4 1 0.8
1.00018823235296 28.9492370960697 "experimento_38" 38 1000 1000 0.8 30 0.4 1 0.8
1.00085833040066 28.6305472559806 "experimento_38" 38 1000 1000 0.8 30 0.4 1 0.8
1.01747768035469 35.3274769238894 "experimento_38" 38 1000 1000 0.8 30 0.4 1 0.8
0.998331813141704 25.2126056264039 "experimento_38" 38 1000 1000 0.8 30 0.4 1 0.8
1.01864299479251 28.0317085553947 "experimento_38" 38 1000 1000 0.8 30 0.4 1 0.8
1.00357367328948 31.3292826008071 "experimento_38" 38 1000 1000 0.8 30 0.4 1 0.8
1.00004071767131 32.229080083698 "experimento_38" 38 1000 1000 0.8 30 0.4 1 0.8
1.02088120357754 26.5363596439969 "experimento_38" 38 1000 1000 0.8 30 0.4 1 0.8
1.00002285197506 29.5483186138617 "experimento_38" 38 1000 1000 0.8 30 0.4 1 0.8
1.00027016260194 32.8867007074724 "experimento_38" 38 1000 1000 0.8 30 0.4 1 0.8
1.00516483173706 34.4999430224886 "experimento_38" 38 1000 1000 0.8 30 0.4 1 0.8
0.99890181212686 34.7899160087874 "experimento_38" 38 1000 1000 0.8 30 0.4 1 0.8
1.00090372130896 31.4252502307707 "experimento_38" 38 1000 1000 0.8 30 0.4 1 0.8
1.00210432012876 30.6595646118092 "experimento_38" 38 1000 1000 0.8 30 0.4 1 0.8
1.00020059970404 31.1324793961786 "experimento_38" 38 1000 1000 0.8 30 0.4 1 0.8
1.00079741791457 28.3840009141261 "experimento_38" 38 1000 1000 0.8 30 0.4 1 0.8
1.00092834635007 28.7338833024516 "experimento_38" 38 1000 1000 0.8 30 0.4 1 0.8
1.02781244333408 36.0773218342599 "experimento_38" 38 1000 1000 0.8 30 0.4 1 0.8
1.00008185966872 32.9000297671669 "experimento_38" 38 1000 1000 0.8 30 0.4 1 0.8
1.00038504085422 31.3467397940403 "experimento_38" 38 1000 1000 0.8 30 0.4 1 0.8
1.03272375277004 23.4059237083045 "experimento_38" 38 1000 1000 0.8 30 0.4 1 0.8
0.999984349124134 28.2587572430899 "experimento_38" 38 1000 1000 0.8 30 0.4 1 0.8
0.999848387436941 29.0728758904909 "experimento_38" 38 1000 1000 0.8 30 0.4 1 0.8
1.00223484956659 31.322672858381 "experimento_38" 38 1000 1000 0.8 30 0.4 1 0.8
1.00060870905096 31.9593204679629 "experimento_38" 38 1000 1000 0.8 30 0.4 1 0.8
1.00035287843396 30.8336495541449 "experimento_38" 38 1000 1000 0.8 30 0.4 1 0.8
0.999002935597673 28.8048381569608 "experimento_38" 38 1000 1000 0.8 30 0.4 1 0.8
1.00049637169907 29.7828948928008 "experimento_38" 38 1000 1000 0.8 30 0.4 1 0.8
1.00022327805248 30.6998061501826 "experimento_38" 38 1000 1000 0.8 30 0.4 1 0.8
1.00053049647954 27.3893494620427 "experimento_38" 38 1000 1000 0.8 30 0.4 1 0.8
1.0165191057759 27.3237984070712 "experimento_38" 38 1000 1000 0.8 30 0.4 1 0.8
0.998587369220331 28.3096245807831 "experimento_38" 38 1000 1000 0.8 30 0.4 1 0.8
1.01453693732619 29.0969451044578 "experimento_38" 38 1000 1000 0.8 30 0.4 1 0.8
1.00130421749006 29.1124896846559 "experimento_38" 38 1000 1000 0.8 30 0.4 1 0.8
1.00415057372302 29.54771220018 "experimento_38" 38 1000 1000 0.8 30 0.4 1 0.8
1.00147363238449 31.7217330935941 "experimento_38" 38 1000 1000 0.8 30 0.4 1 0.8
1.00383117603871 35.0561782919359 "experimento_38" 38 1000 1000 0.8 30 0.4 1 0.8
1.0150070575842 25.9722741888733 "experimento_38" 38 1000 1000 0.8 30 0.4 1 0.8
1.00393190135558 32.2893300368722 "experimento_38" 38 1000 1000 0.8 30 0.4 1 0.8
1.00021525806294 30.2917740907213 "experimento_38" 38 1000 1000 0.8 30 0.4 1 0.8
1.00088620390743 27.6732032194246 "experimento_38" 38 1000 1000 0.8 30 0.4 1 0.8
1.00464941385387 27.7405728085791 "experimento_38" 38 1000 1000 0.8 30 0.4 1 0.8
0.997906098375097 27.9450758064669 "experimento_38" 38 1000 1000 0.8 30 0.4 1 0.8
1.00575260845224 34.9045920512629 "experimento_38" 38 1000 1000 0.8 30 0.4 1 0.8
1.0057498937907 30.7372132506587 "experimento_38" 38 1000 1000 0.8 30 0.4 1 0.8
1.01104542616134 28.6290126636822 "experimento_38" 38 1000 1000 0.8 30 0.4 1 0.8
1.00017556889016 27.1481374581548 "experimento_38" 38 1000 1000 0.8 30 0.4 1 0.8
1.00960438349284 32.7734640163817 "experimento_38" 38 1000 1000 0.8 30 0.4 1 0.8
0.997201539808884 24.0556445027633 "experimento_38" 38 1000 1000 0.8 30 0.4 1 0.8
1.00020445420717 32.7704236616644 "experimento_38" 38 1000 1000 0.8 30 0.4 1 0.8
1.00596191878431 26.1604710785456 "experimento_38" 38 1000 1000 0.8 30 0.4 1 0.8
1.00286978298488 28.9904196730071 "experimento_38" 38 1000 1000 0.8 30 0.4 1 0.8
1.03617357133437 27.1847970559937 "experimento_38" 38 1000 1000 0.8 30 0.4 1 0.8
0.999519265256822 28.1501851081614 "experimento_38" 38 1000 1000 0.8 30 0.4 1 0.8
1.01100997783554 26.6611868258139 "experimento_38" 38 1000 1000 0.8 30 0.4 1 0.8
1.00029873200692 28.899693837129 "experimento_38" 38 1000 1000 0.8 30 0.4 1 0.8
1.00182486791626 28.8946361990599 "experimento_38" 38 1000 1000 0.8 30 0.4 1 0.8
1.01864520842209 31.7688953333038 "experimento_38" 38 1000 1000 0.8 30 0.4 1 0.8
1.00538313576641 30.2387237848008 "experimento_38" 38 1000 1000 0.8 30 0.4 1 0.8
1.00167537199644 30.3191641494848 "experimento_38" 38 1000 1000 0.8 30 0.4 1 0.8
1.00074671793026 31.8630659080199 "experimento_38" 38 1000 1000 0.8 30 0.4 1 0.8
1.00027476178282 30.029454599345 "experimento_38" 38 1000 1000 0.8 30 0.4 1 0.8
1.00668334752586 33.051913542376 "experimento_38" 38 1000 1000 0.8 30 0.4 1 0.8
1.00835814580011 26.9349563233607 "experimento_38" 38 1000 1000 0.8 30 0.4 1 0.8
1.00152117257627 35.5598617803432 "experimento_38" 38 1000 1000 0.8 30 0.4 1 0.8
0.998711814405397 30.7101549822335 "experimento_38" 38 1000 1000 0.8 30 0.4 1 0.8
1.00005694959934 29.1777209457731 "experimento_38" 38 1000 1000 0.8 30 0.4 1 0.8
1.01309008907216 30.8244910695635 "experimento_38" 38 1000 1000 0.8 30 0.4 1 0.8
1.04675850377448 33.1339751146242 "experimento_38" 38 1000 1000 0.8 30 0.4 1 0.8
1.00055635602617 31.3876192406331 "experimento_38" 38 1000 1000 0.8 30 0.4 1 0.8
0.999952280428261 28.73183544483 "experimento_38" 38 1000 1000 0.8 30 0.4 1 0.8
1.01420080801472 29.4895114040616 "experimento_38" 38 1000 1000 0.8 30 0.4 1 0.8
1.016413140561 30.0504593870655 "experimento_38" 38 1000 1000 0.8 30 0.4 1 0.8
0.998985318467021 27.9994953157508 "experimento_38" 38 1000 1000 0.8 30 0.4 1 0.8
1.03358894110693 36.8408386362246 "experimento_38" 38 1000 1000 0.8 30 0.4 1 0.8
0.998947377316654 30.0904648699681 "experimento_38" 38 1000 1000 0.8 30 0.4 1 0.8
1.00015860147016 28.5577171918214 "experimento_38" 38 1000 1000 0.8 30 0.4 1 0.8
1.00890459007334 29.3774296037687 "experimento_38" 38 1000 1000 0.8 30 0.4 1 0.8
1.01885370342061 26.5435524685928 "experimento_38" 38 1000 1000 0.8 30 0.4 1 0.8
1.00004984517582 32.4230434269969 "experimento_38" 38 1000 1000 0.8 30 0.4 1 0.8
1.00200261268765 29.2450351640809 "experimento_38" 38 1000 1000 0.8 30 0.4 1 0.8
1.01930348017874 26.0661235874334 "experimento_38" 38 1000 1000 0.8 30 0.4 1 0.8
1.0009276085378 26.674578005393 "experimento_38" 38 1000 1000 0.8 30 0.4 1 0.8
0.999959072330967 31.893051517895 "experimento_38" 38 1000 1000 0.8 30 0.4 1 0.8
1.00000842795924 26.8426975424038 "experimento_38" 38 1000 1000 0.8 30 0.4 1 0.8
1.01945676025935 32.7216119277429 "experimento_38" 38 1000 1000 0.8 30 0.4 1 0.8
1.01264387116147 32.258603390524 "experimento_38" 38 1000 1000 0.8 30 0.4 1 0.8
0.999452923657373 27.0480104414358 "experimento_38" 38 1000 1000 0.8 30 0.4 1 0.8
1.01418865734401 28.9370227567953 "experimento_38" 38 1000 1000 0.8 30 0.4 1 0.8
1.01718055023812 27.4612557543537 "experimento_38" 38 1000 1000 0.8 30 0.4 1 0.8
1.01493255813558 28.2119258161491 "experimento_38" 38 1000 1000 0.8 30 0.4 1 0.8
1.00075919535011 29.2179316357102 "experimento_38" 38 1000 1000 0.8 30 0.4 1 0.8
1.00064180206197 30.8014264189547 "experimento_38" 38 1000 1000 0.8 30 0.4 1 0.8
1.01309861255189 29.0069352544615 "experimento_38" 38 1000 1000 0.8 30 0.4 1 0.8
0.998854313511401 26.9192840409285 "experimento_38" 38 1000 1000 0.8 30 0.4 1 0.8
1.00328355288356 30.1680262898991 "experimento_38" 38 1000 1000 0.8 30 0.4 1 0.8
0.998159324983135 28.1389838736461 "experimento_38" 38 1000 1000 0.8 30 0.4 1 0.8
1.00037932614707 34.2558243446127 "experimento_38" 38 1000 1000 0.8 30 0.4 1 0.8
1.0001351779254 29.5666253266116 "experimento_38" 38 1000 1000 0.8 30 0.4 1 0.8
1.01222759790494 35.849993398489 "experimento_38" 38 1000 1000 0.8 30 0.4 1 0.8
1.0193397446846 32.3564865215782 "experimento_38" 38 1000 1000 0.8 30 0.4 1 0.8
0.999986405484378 35.9089616417984 "experimento_38" 38 1000 1000 0.8 30 0.4 1 0.8
1.00044780260262 33.2630585390016 "experimento_38" 38 1000 1000 0.8 30 0.4 1 0.8
0.999550127889961 26.1943757449072 "experimento_38" 38 1000 1000 0.8 30 0.4 1 0.8
0.999018664006144 29.4461208701534 "experimento_38" 38 1000 1000 0.8 30 0.4 1 0.8
1.02154230861925 30.4975091548992 "experimento_38" 38 1000 1000 0.8 30 0.4 1 0.8
1.00692447188 27.1356975360072 "experimento_38" 38 1000 1000 0.8 30 0.4 1 0.8
1.00094899123845 29.5148898088495 "experimento_38" 38 1000 1000 0.8 30 0.4 1 0.8
1.00094731531034 30.1055018006556 "experimento_38" 38 1000 1000 0.8 30 0.4 1 0.8
1.00290632115987 29.3755792054102 "experimento_38" 38 1000 1000 0.8 30 0.4 1 0.8
1.01170069941116 26.3267546467615 "experimento_38" 38 1000 1000 0.8 30 0.4 1 0.8
0.999343270203099 29.5943021416971 "experimento_38" 38 1000 1000 0.8 30 0.4 1 0.8
1.00718963885059 28.4181458627841 "experimento_38" 38 1000 1000 0.8 30 0.4 1 0.8
1.01548497264995 31.2047880564752 "experimento_38" 38 1000 1000 0.8 30 0.4 1 0.8
1.01116961671346 32.9535898070937 "experimento_38" 38 1000 1000 0.8 30 0.4 1 0.8
0.998423180542886 26.1107749821699 "experimento_38" 38 1000 1000 0.8 30 0.4 1 0.8
1.00681366084437 37.8365065658681 "experimento_38" 38 1000 1000 0.8 30 0.4 1 0.8
0.999827193794772 32.7007208346895 "experimento_38" 38 1000 1000 0.8 30 0.4 1 0.8
0.999769649002701 27.6061702330883 "experimento_38" 38 1000 1000 0.8 30 0.4 1 0.8
0.997353238286451 28.3166282515118 "experimento_38" 38 1000 1000 0.8 30 0.4 1 0.8
1.00076603004709 30.6013819083075 "experimento_38" 38 1000 1000 0.8 30 0.4 1 0.8
1.0004042129294 27.4603050772533 "experimento_38" 38 1000 1000 0.8 30 0.4 1 0.8
1.00468468434798 32.3117613124597 "experimento_38" 38 1000 1000 0.8 30 0.4 1 0.8
1.00044382242486 28.8009699114819 "experimento_38" 38 1000 1000 0.8 30 0.4 1 0.8
1.00435115018958 28.2731284234732 "experimento_38" 38 1000 1000 0.8 30 0.4 1 0.8
1.0002473665867 33.188957309418 "experimento_38" 38 1000 1000 0.8 30 0.4 1 0.8
0.99991174438037 30.3680610033165 "experimento_38" 38 1000 1000 0.8 30 0.4 1 0.8
1.01503187986091 27.3635273409592 "experimento_38" 38 1000 1000 0.8 30 0.4 1 0.8
0.999960247892886 34.076448229041 "experimento_38" 38 1000 1000 0.8 30 0.4 1 0.8
1.03091920055309 28.2273866857335 "experimento_38" 38 1000 1000 0.8 30 0.4 1 0.8
1.00066001410596 27.7937119393612 "experimento_38" 38 1000 1000 0.8 30 0.4 1 0.8
0.999112121062353 31.6139889767185 "experimento_38" 38 1000 1000 0.8 30 0.4 1 0.8
1.00073229414411 26.121706760709 "experimento_38" 38 1000 1000 0.8 30 0.4 1 0.8
1.00049298767311 32.8490272422215 "experimento_38" 38 1000 1000 0.8 30 0.4 1 0.8
0.999373628059402 28.2460309332152 "experimento_38" 38 1000 1000 0.8 30 0.4 1 0.8
1.00145520119307 28.0696268408383 "experimento_38" 38 1000 1000 0.8 30 0.4 1 0.8
0.99875004729256 25.3588679873366 "experimento_38" 38 1000 1000 0.8 30 0.4 1 0.8
1.0117860952292 29.7734535072293 "experimento_38" 38 1000 1000 0.8 30 0.4 1 0.8
1.01598493218899 29.175283874186 "experimento_38" 38 1000 1000 0.8 30 0.4 1 0.8
1.00171781278526 33.0668268121335 "experimento_38" 38 1000 1000 0.8 30 0.4 1 0.8
0.998662392608821 31.8384072979988 "experimento_38" 38 1000 1000 0.8 30 0.4 1 0.8
1.008022299471 31.6361064100471 "experimento_38" 38 1000 1000 0.8 30 0.4 1 0.8
1.00805823278303 35.0703103390585 "experimento_38" 38 1000 1000 0.8 30 0.4 1 0.8
1.00012329338739 31.8129195394625 "experimento_38" 38 1000 1000 0.8 30 0.4 1 0.8
0.998420766089112 24.5847657451237 "experimento_38" 38 1000 1000 0.8 30 0.4 1 0.8
0.999738151906058 32.0323149577735 "experimento_38" 38 1000 1000 0.8 30 0.4 1 0.8
0.999191909562796 29.1741669718345 "experimento_38" 38 1000 1000 0.8 30 0.4 1 0.8
1.00710131237283 33.9909025641156 "experimento_38" 38 1000 1000 0.8 30 0.4 1 0.8
1.00424437727536 32.5145377563573 "experimento_38" 38 1000 1000 0.8 30 0.4 1 0.8
1.02453876606359 35.9578664616037 "experimento_38" 38 1000 1000 0.8 30 0.4 1 0.8
1.00520177126552 31.605628252957 "experimento_38" 38 1000 1000 0.8 30 0.4 1 0.8
1.0000417346907 31.7510359063838 "experimento_38" 38 1000 1000 0.8 30 0.4 1 0.8
1.00674724973117 27.6023006835102 "experimento_38" 38 1000 1000 0.8 30 0.4 1 0.8
1.00062850561614 30.0433209380634 "experimento_38" 38 1000 1000 0.8 30 0.4 1 0.8
1.00022855099489 31.4660175739493 "experimento_38" 38 1000 1000 0.8 30 0.4 1 0.8
1.00031640038435 26.8004171708754 "experimento_38" 38 1000 1000 0.8 30 0.4 1 0.8
1.00384742851379 30.768520818874 "experimento_38" 38 1000 1000 0.8 30 0.4 1 0.8
1.00074051519235 32.0303457862392 "experimento_38" 38 1000 1000 0.8 30 0.4 1 0.8
1.00053000290257 28.0444110061219 "experimento_38" 38 1000 1000 0.8 30 0.4 1 0.8
0.999420040519908 31.8615230254244 "experimento_38" 38 1000 1000 0.8 30 0.4 1 0.8
1.0108939638827 31.694518193905 "experimento_38" 38 1000 1000 0.8 30 0.4 1 0.8
1.02872036921962 30.9069158203673 "experimento_38" 38 1000 1000 0.8 30 0.4 1 0.8
1.00089432348808 28.5382758860197 "experimento_38" 38 1000 1000 0.8 30 0.4 1 0.8
1.01910983566195 29.7723211927384 "experimento_38" 38 1000 1000 0.8 30 0.4 1 0.8
1.01162655893713 28.9240914763914 "experimento_38" 38 1000 1000 0.8 30 0.4 1 0.8
0.999696232844144 33.0685198823158 "experimento_38" 38 1000 1000 0.8 30 0.4 1 0.8
1.00501691875979 29.349812821903 "experimento_38" 38 1000 1000 0.8 30 0.4 1 0.8
1.00187119160158 31.7032090082384 "experimento_38" 38 1000 1000 0.8 30 0.4 1 0.8
1.00009669170701 31.1355249988471 "experimento_38" 38 1000 1000 0.8 30 0.4 1 0.8
1.00047935736366 29.1442113495957 "experimento_38" 38 1000 1000 0.8 30 0.4 1 0.8
1.00806405583086 28.0762831887658 "experimento_38" 38 1000 1000 0.8 30 0.4 1 0.8
1.00022365861886 27.3121216305171 "experimento_38" 38 1000 1000 0.8 30 0.4 1 0.8
1.02031099239054 26.6728935229876 "experimento_38" 38 1000 1000 0.8 30 0.4 1 0.8
1.0005753296117 29.4251226636703 "experimento_38" 38 1000 1000 0.8 30 0.4 1 0.8
0.999625708442181 27.9570937495324 "experimento_38" 38 1000 1000 0.8 30 0.4 1 0.8
0.998339718440548 28.6333405306011 "experimento_38" 38 1000 1000 0.8 30 0.4 1 0.8
1.00136998115244 31.1560158069303 "experimento_38" 38 1000 1000 0.8 30 0.4 1 0.8
1.00004330227772 28.2300212741907 "experimento_38" 38 1000 1000 0.8 30 0.4 1 0.8
0.998627264052629 26.6613091651742 "experimento_38" 38 1000 1000 0.8 30 0.4 1 0.8
1.00009588141305 31.0225189391728 "experimento_38" 38 1000 1000 0.8 30 0.4 1 0.8
1.00033988246384 31.0155938322356 "experimento_38" 38 1000 1000 0.8 30 0.4 1 0.8
1.00060336838023 30.3995824989928 "experimento_38" 38 1000 1000 0.8 30 0.4 1 0.8
1.00033081743367 31.7062778840679 "experimento_38" 38 1000 1000 0.8 30 0.4 1 0.8
1.00008583624555 26.9273560478312 "experimento_38" 38 1000 1000 0.8 30 0.4 1 0.8
1.0439813995099 45.6807430013649 "experimento_38" 38 1000 1000 0.8 30 0.4 1 0.8
1.00674101368835 28.0800921473814 "experimento_38" 38 1000 1000 0.8 30 0.4 1 0.8
1.00009261664624 30.105230562263 "experimento_38" 38 1000 1000 0.8 30 0.4 1 0.8
0.999630419537425 31.6584152258734 "experimento_38" 38 1000 1000 0.8 30 0.4 1 0.8
1.00410711194164 32.7564371764074 "experimento_38" 38 1000 1000 0.8 30 0.4 1 0.8
1.00175355990954 30.197811365031 "experimento_38" 38 1000 1000 0.8 30 0.4 1 0.8
1.02155163826731 33.6970495073721 "experimento_38" 38 1000 1000 0.8 30 0.4 1 0.8
1.00673159774208 34.2188319537991 "experimento_38" 38 1000 1000 0.8 30 0.4 1 0.8
0.999516105046496 33.9569595359123 "experimento_38" 38 1000 1000 0.8 30 0.4 1 0.8
1.00119856176898 36.7803860403906 "experimento_38" 38 1000 1000 0.8 30 0.4 1 0.8
1.00009446109022 26.5563016584888 "experimento_38" 38 1000 1000 0.8 30 0.4 1 0.8
1.00080268864209 30.4577603534535 "experimento_38" 38 1000 1000 0.8 30 0.4 1 0.8
1.00292771211894 28.6934532085054 "experimento_38" 38 1000 1000 0.8 30 0.4 1 0.8
1.00344862416387 30.6523534938896 "experimento_38" 38 1000 1000 0.8 30 0.4 1 0.8
0.999323411379009 30.5421457363973 "experimento_38" 38 1000 1000 0.8 30 0.4 1 0.8
0.999160708161071 29.1436450184428 "experimento_38" 38 1000 1000 0.8 30 0.4 1 0.8
1.00978266467961 30.6916241576091 "experimento_38" 38 1000 1000 0.8 30 0.4 1 0.8
1.00457010508205 31.2277092472667 "experimento_38" 38 1000 1000 0.8 30 0.4 1 0.8
1.00848656121331 31.0236633670249 "experimento_38" 38 1000 1000 0.8 30 0.4 1 0.8
0.997531534638256 29.9134080022214 "experimento_38" 38 1000 1000 0.8 30 0.4 1 0.8
1.00088084271042 32.3691680963802 "experimento_38" 38 1000 1000 0.8 30 0.4 1 0.8
0.99827054166235 30.6990269312792 "experimento_38" 38 1000 1000 0.8 30 0.4 1 0.8
1.00010551323806 30.0761211189083 "experimento_38" 38 1000 1000 0.8 30 0.4 1 0.8
1.00008997482558 32.3258487290285 "experimento_38" 38 1000 1000 0.8 30 0.4 1 0.8
1.014277466697 34.2037015335673 "experimento_38" 38 1000 1000 0.8 30 0.4 1 0.8
1.01130550518334 26.0663252888538 "experimento_38" 38 1000 1000 0.8 30 0.4 1 0.8
1.00004766770456 31.9119576080427 "experimento_38" 38 1000 1000 0.8 30 0.4 1 0.8
1.0228798443762 31.0538159760608 "experimento_38" 38 1000 1000 0.8 30 0.4 1 0.8
1.00039033599029 29.0450401674469 "experimento_38" 38 1000 1000 0.8 30 0.4 1 0.8
1.00203029010547 26.3956320230793 "experimento_38" 38 1000 1000 0.8 30 0.4 1 0.8
1.0057718187881 31.4219041275807 "experimento_38" 38 1000 1000 0.8 30 0.4 1 0.8
1.00482898919214 29.7262583658613 "experimento_38" 38 1000 1000 0.8 30 0.4 1 0.8
1.00885037744107 35.6231462890992 "experimento_38" 38 1000 1000 0.8 30 0.4 1 0.8
1.00696337204427 31.9569286176805 "experimento_38" 38 1000 1000 0.8 30 0.4 1 0.8
0.999674213584512 30.8071682302279 "experimento_38" 38 1000 1000 0.8 30 0.4 1 0.8
1.03102367641264 27.4595459425705 "experimento_38" 38 1000 1000 0.8 30 0.4 1 0.8
1.00864780028351 31.4740534882071 "experimento_38" 38 1000 1000 0.8 30 0.4 1 0.8
1.02890747714027 30.5876898173903 "experimento_38" 38 1000 1000 0.8 30 0.4 1 0.8
1.00455402601585 33.7650667291757 "experimento_38" 38 1000 1000 0.8 30 0.4 1 0.8
1.00707190676493 31.3649603946438 "experimento_38" 38 1000 1000 0.8 30 0.4 1 0.8
1.01286512767333 30.6390492192283 "experimento_38" 38 1000 1000 0.8 30 0.4 1 0.8
1.0185801278955 36.828300292004 "experimento_38" 38 1000 1000 0.8 30 0.4 1 0.8
1.00423902218851 29.7336240972967 "experimento_38" 38 1000 1000 0.8 30 0.4 1 0.8
1.01349709861291 32.9222829226172 "experimento_38" 38 1000 1000 0.8 30 0.4 1 0.8
1.00443406184204 28.5678832211354 "experimento_38" 38 1000 1000 0.8 30 0.4 1 0.8
1.00041720996567 27.9857392870088 "experimento_38" 38 1000 1000 0.8 30 0.4 1 0.8
1.00185728669167 28.9726733699606 "experimento_38" 38 1000 1000 0.8 30 0.4 1 0.8
0.998968426138163 29.0394327130989 "experimento_38" 38 1000 1000 0.8 30 0.4 1 0.8
1.00039618189879 29.8541857133596 "experimento_38" 38 1000 1000 0.8 30 0.4 1 0.8
0.99995546345599 30.843353025659 "experimento_38" 38 1000 1000 0.8 30 0.4 1 0.8
1.00003614660693 31.4791098834512 "experimento_38" 38 1000 1000 0.8 30 0.4 1 0.8
1.00528495352964 33.1314270180381 "experimento_38" 38 1000 1000 0.8 30 0.4 1 0.8
1.01238281914733 25.838488957681 "experimento_38" 38 1000 1000 0.8 30 0.4 1 0.8
1.04963908959265 37.0787695201092 "experimento_38" 38 1000 1000 0.8 30 0.4 1 0.8
1.00524592523774 33.0273333244739 "experimento_38" 38 1000 1000 0.8 30 0.4 1 0.8
1.00793843745598 27.9897027761833 "experimento_38" 38 1000 1000 0.8 30 0.4 1 0.8
1.02670861584926 25.4762518892717 "experimento_38" 38 1000 1000 0.8 30 0.4 1 0.8
1.00005396803811 28.3504972568995 "experimento_38" 38 1000 1000 0.8 30 0.4 1 0.8
0.998868395807222 26.2143377493243 "experimento_38" 38 1000 1000 0.8 30 0.4 1 0.8
1.00098176059934 27.1990680081355 "experimento_38" 38 1000 1000 0.8 30 0.4 1 0.8
0.999370857607573 30.5721457547688 "experimento_38" 38 1000 1000 0.8 30 0.4 1 0.8
0.998050149297342 28.2539084839998 "experimento_38" 38 1000 1000 0.8 30 0.4 1 0.8
1.03768543361857 39.3455647818483 "experimento_38" 38 1000 1000 0.8 30 0.4 1 0.8
0.998642175924033 29.4465117561561 "experimento_38" 38 1000 1000 0.8 30 0.4 1 0.8
1.00529028566865 28.8121893008362 "experimento_38" 38 1000 1000 0.8 30 0.4 1 0.8
1.00798502457328 32.1415609294078 "experimento_38" 38 1000 1000 0.8 30 0.4 1 0.8
1.00327665020401 30.2466607441352 "experimento_38" 38 1000 1000 0.8 30 0.4 1 0.8
1.00005141623939 29.9328683729027 "experimento_38" 38 1000 1000 0.8 30 0.4 1 0.8
1.00049242595358 28.8600044642402 "experimento_38" 38 1000 1000 0.8 30 0.4 1 0.8
0.999626485863701 30.5962234366493 "experimento_38" 38 1000 1000 0.8 30 0.4 1 0.8
0.998945606639609 31.0174984657442 "experimento_38" 38 1000 1000 0.8 30 0.4 1 0.8
0.998935787705705 30.1236154624161 "experimento_38" 38 1000 1000 0.8 30 0.4 1 0.8
1.0109329074466 34.4520931874332 "experimento_38" 38 1000 1000 0.8 30 0.4 1 0.8
1.01362369214185 41.5515607922812 "experimento_38" 38 1000 1000 0.8 30 0.4 1 0.8
1.00015871329233 24.8734729281597 "experimento_38" 38 1000 1000 0.8 30 0.4 1 0.8
1.00446286956562 29.891347090647 "experimento_38" 38 1000 1000 0.8 30 0.4 1 0.8
1.00012144436152 28.1967917494807 "experimento_38" 38 1000 1000 0.8 30 0.4 1 0.8
1.00288327439725 29.300915899822 "experimento_38" 38 1000 1000 0.8 30 0.4 1 0.8
1.00012689290258 32.095718387677 "experimento_38" 38 1000 1000 0.8 30 0.4 1 0.8
1.0040348272597 27.8741745183205 "experimento_38" 38 1000 1000 0.8 30 0.4 1 0.8
1.00941266001513 36.0510405710143 "experimento_38" 38 1000 1000 0.8 30 0.4 1 0.8
1.00339076837214 34.7270331317369 "experimento_38" 38 1000 1000 0.8 30 0.4 1 0.8
1.00110182993424 31.7345506591109 "experimento_38" 38 1000 1000 0.8 30 0.4 1 0.8
1.01929432914282 26.5869505744819 "experimento_38" 38 1000 1000 0.8 30 0.4 1 0.8
0.999513494083658 30.5306042577183 "experimento_38" 38 1000 1000 0.8 30 0.4 1 0.8
1.00169803239406 31.0986247911178 "experimento_38" 38 1000 1000 0.8 30 0.4 1 0.8
1.00716268809823 35.6000448134865 "experimento_38" 38 1000 1000 0.8 30 0.4 1 0.8
1.00193550904902 28.4087821839848 "experimento_38" 38 1000 1000 0.8 30 0.4 1 0.8
1.00118067185394 27.8265375329376 "experimento_38" 38 1000 1000 0.8 30 0.4 1 0.8
1.00018700814361 31.8331666384975 "experimento_38" 38 1000 1000 0.8 30 0.4 1 0.8
0.999050112441182 29.5007817182388 "experimento_38" 38 1000 1000 0.8 30 0.4 1 0.8
1.00048176909362 29.323363040118 "experimento_38" 38 1000 1000 0.8 30 0.4 1 0.8
1.03792874772582 21.5573433905262 "experimento_38" 38 1000 1000 0.8 30 0.4 1 0.8
1.0055782815131 32.2109889107443 "experimento_38" 38 1000 1000 0.8 30 0.4 1 0.8
1.00298144025728 30.2377885665795 "experimento_38" 38 1000 1000 0.8 30 0.4 1 0.8
1.00012024092297 34.1879949794465 "experimento_38" 38 1000 1000 0.8 30 0.4 1 0.8
0.999893117463216 32.9766050476297 "experimento_38" 38 1000 1000 0.8 30 0.4 1 0.8
1.00711840077614 33.6749336069441 "experimento_38" 38 1000 1000 0.8 30 0.4 1 0.8
1.00023082825355 28.9748889489031 "experimento_38" 38 1000 1000 0.8 30 0.4 1 0.8
1.00003357686456 32.3607995920294 "experimento_38" 38 1000 1000 0.8 30 0.4 1 0.8
1.01197685801114 28.5456913492018 "experimento_38" 38 1000 1000 0.8 30 0.4 1 0.8
1.00212580449879 30.0472815997648 "experimento_38" 38 1000 1000 0.8 30 0.4 1 0.8
0.999040834605694 26.8518501528394 "experimento_38" 38 1000 1000 0.8 30 0.4 1 0.8
1.0055476704853 32.8345954382671 "experimento_38" 38 1000 1000 0.8 30 0.4 1 0.8
1.00068381369735 33.9350169988915 "experimento_38" 38 1000 1000 0.8 30 0.4 1 0.8
1.00059659322244 30.8627464810383 "experimento_38" 38 1000 1000 0.8 30 0.4 1 0.8
1.02449972997578 29.6169543346411 "experimento_38" 38 1000 1000 0.8 30 0.4 1 0.8
1.00660624941811 34.4575331138066 "experimento_38" 38 1000 1000 0.8 30 0.4 1 0.8
0.999191408744082 28.9866314219129 "experimento_38" 38 1000 1000 0.8 30 0.4 1 0.8
1.00007387750163 28.5681523695567 "experimento_38" 38 1000 1000 0.8 30 0.4 1 0.8
1.0001612953376 28.4643733005252 "experimento_38" 38 1000 1000 0.8 30 0.4 1 0.8
1.00049723260142 28.0222163715335 "experimento_38" 38 1000 1000 0.8 30 0.4 1 0.8
1.00014855685989 26.5595016866862 "experimento_38" 38 1000 1000 0.8 30 0.4 1 0.8
1.00211576186634 29.8779107530394 "experimento_38" 38 1000 1000 0.8 30 0.4 1 0.8
0.998581868363544 29.8905120986227 "experimento_38" 38 1000 1000 0.8 30 0.4 1 0.8
1.02023183909866 33.4089097112716 "experimento_38" 38 1000 1000 0.8 30 0.4 1 0.8
1.0150308973932 35.0967963846435 "experimento_38" 38 1000 1000 0.8 30 0.4 1 0.8
1.01208776097434 34.0651229205365 "experimento_38" 38 1000 1000 0.8 30 0.4 1 0.8
0.999859420116991 28.3565756153264 "experimento_38" 38 1000 1000 0.8 30 0.4 1 0.8
1.00009738694673 30.8985625052729 "experimento_38" 38 1000 1000 0.8 30 0.4 1 0.8
1.00184070930916 31.830449799513 "experimento_38" 38 1000 1000 0.8 30 0.4 1 0.8
1.00028999932345 30.7639714375652 "experimento_38" 38 1000 1000 0.8 30 0.4 1 0.8
1.00277665805382 26.4684745371004 "experimento_38" 38 1000 1000 0.8 30 0.4 1 0.8
1.02315949577077 24.4755773349616 "experimento_38" 38 1000 1000 0.8 30 0.4 1 0.8
0.997874702792615 28.3935445579447 "experimento_38" 38 1000 1000 0.8 30 0.4 1 0.8
0.997934656217694 27.8366813922875 "experimento_38" 38 1000 1000 0.8 30 0.4 1 0.8
0.999910596990958 28.030792188826 "experimento_38" 38 1000 1000 0.8 30 0.4 1 0.8
1.00020019385614 31.8120186386544 "experimento_38" 38 1000 1000 0.8 30 0.4 1 0.8
1.00316082212037 30.4549776749787 "experimento_38" 38 1000 1000 0.8 30 0.4 1 0.8
1.00015588843574 30.7827788056746 "experimento_38" 38 1000 1000 0.8 30 0.4 1 0.8
1.00190279423259 30.1037307615867 "experimento_38" 38 1000 1000 0.8 30 0.4 1 0.8
1.00600969624604 24.1956195439815 "experimento_38" 38 1000 1000 0.8 30 0.4 1 0.8
0.9993796935305 32.1105267890817 "experimento_38" 38 1000 1000 0.8 30 0.4 1 0.8
1.002104050247 31.8587370130623 "experimento_38" 38 1000 1000 0.8 30 0.4 1 0.8
0.999887979822233 29.1253647637992 "experimento_38" 38 1000 1000 0.8 30 0.4 1 0.8
1.00686988287295 30.8532249065701 "experimento_38" 38 1000 1000 0.8 30 0.4 1 0.8
1.00292201906753 29.1027548410012 "experimento_38" 38 1000 1000 0.8 30 0.4 1 0.8
0.998454781016335 28.4908934839023 "experimento_38" 38 1000 1000 0.8 30 0.4 1 0.8
1.00105339304234 29.1831566251041 "experimento_38" 38 1000 1000 0.8 30 0.4 1 0.8
1.04266710625821 32.6217216301071 "experimento_38" 38 1000 1000 0.8 30 0.4 1 0.8
1.00008660592183 30.6361640606447 "experimento_38" 38 1000 1000 0.8 30 0.4 1 0.8
0.998146416386589 29.9822000676638 "experimento_38" 38 1000 1000 0.8 30 0.4 1 0.8
1.02948748792071 29.7533593009657 "experimento_38" 38 1000 1000 0.8 30 0.4 1 0.8
1.00031542434978 30.5028683813684 "experimento_38" 38 1000 1000 0.8 30 0.4 1 0.8
0.99980692868121 27.1381787612531 "experimento_38" 38 1000 1000 0.8 30 0.4 1 0.8
1.00156928826836 35.0943080107494 "experimento_38" 38 1000 1000 0.8 30 0.4 1 0.8
0.999450062634423 27.6762029975316 "experimento_38" 38 1000 1000 0.8 30 0.4 1 0.8
1.00168504164108 30.081893619669 "experimento_38" 38 1000 1000 0.8 30 0.4 1 0.8
1.02417337596276 29.8099718805001 "experimento_38" 38 1000 1000 0.8 30 0.4 1 0.8
1.03641544102437 33.2248915099414 "experimento_38" 38 1000 1000 0.8 30 0.4 1 0.8
1.01104444422459 29.7316589593335 "experimento_38" 38 1000 1000 0.8 30 0.4 1 0.8
1.0236990212789 24.4698599787887 "experimento_38" 38 1000 1000 0.8 30 0.4 1 0.8
1.00566614554522 32.6717267318771 "experimento_38" 38 1000 1000 0.8 30 0.4 1 0.8
1.00049866897364 30.2484218578007 "experimento_38" 38 1000 1000 0.8 30 0.4 1 0.8
1.00139022671287 31.8458035300703 "experimento_38" 38 1000 1000 0.8 30 0.4 1 0.8
1.00053790562571 30.545444221324 "experimento_38" 38 1000 1000 0.8 30 0.4 1 0.8
1.03118000319088 36.594840501589 "experimento_38" 38 1000 1000 0.8 30 0.4 1 0.8
1.01251239491611 33.1697053650672 "experimento_38" 38 1000 1000 0.8 30 0.4 1 0.8
1.00773292880816 33.2178582056942 "experimento_38" 38 1000 1000 0.8 30 0.4 1 0.8
1.00165229997009 33.5561050900165 "experimento_38" 38 1000 1000 0.8 30 0.4 1 0.8
0.998634044546634 29.6447603138845 "experimento_38" 38 1000 1000 0.8 30 0.4 1 0.8
0.998039320111275 32.4084537309534 "experimento_38" 38 1000 1000 0.8 30 0.4 1 0.8
1.04462432392422 37.2618379440569 "experimento_38" 38 1000 1000 0.8 30 0.4 1 0.8
1.03289151172945 32.2573211921257 "experimento_38" 38 1000 1000 0.8 30 0.4 1 0.8
1.06044390306838 40.3120893633335 "experimento_38" 38 1000 1000 0.8 30 0.4 1 0.8
1.00025904886924 35.7402900185869 "experimento_38" 38 1000 1000 0.8 30 0.4 1 0.8
0.999389362055808 30.6743209107428 "experimento_38" 38 1000 1000 0.8 30 0.4 1 0.8
1.00675614941865 26.3787339820025 "experimento_38" 38 1000 1000 0.8 30 0.4 1 0.8
1.02980986864476 39.9681601232797 "experimento_38" 38 1000 1000 0.8 30 0.4 1 0.8
0.999388836789876 30.2711356595038 "experimento_38" 38 1000 1000 0.8 30 0.4 1 0.8
1.03954724416241 29.2412165157041 "experimento_38" 38 1000 1000 0.8 30 0.4 1 0.8
1.00037139229229 31.1231490445958 "experimento_38" 38 1000 1000 0.8 30 0.4 1 0.8
1.00022160531676 31.8189853380175 "experimento_38" 38 1000 1000 0.8 30 0.4 1 0.8
1.02114911970372 34.6638813832644 "experimento_38" 38 1000 1000 0.8 30 0.4 1 0.8
1.01124163696998 28.0775985906603 "experimento_38" 38 1000 1000 0.8 30 0.4 1 0.8
1.00119321274882 30.9127469875086 "experimento_38" 38 1000 1000 0.8 30 0.4 1 0.8
1.00090110586191 34.2131923810958 "experimento_38" 38 1000 1000 0.8 30 0.4 1 0.8
1.00490586942372 30.5958246274509 "experimento_38" 38 1000 1000 0.8 30 0.4 1 0.8
1.01159368014584 28.2875663530765 "experimento_38" 38 1000 1000 0.8 30 0.4 1 0.8
1.00026650806117 29.538280537972 "experimento_38" 38 1000 1000 0.8 30 0.4 1 0.8
1.00001422447773 32.9882170625169 "experimento_38" 38 1000 1000 0.8 30 0.4 1 0.8
1.00013545216061 28.2234953563601 "experimento_38" 38 1000 1000 0.8 30 0.4 1 0.8
1.00359918512404 35.4581113015176 "experimento_38" 38 1000 1000 0.8 30 0.4 1 0.8
0.999910979066044 30.7549159808891 "experimento_38" 38 1000 1000 0.8 30 0.4 1 0.8
1.02485924356787 44.3996553479588 "experimento_38" 38 1000 1000 0.8 30 0.4 1 0.8
1.000209411482 34.273527954625 "experimento_38" 38 1000 1000 0.8 30 0.4 1 0.8
1.00012161424384 31.3360017376485 "experimento_38" 38 1000 1000 0.8 30 0.4 1 0.8
0.998581878375262 27.9781994947785 "experimento_38" 38 1000 1000 0.8 30 0.4 1 0.8
1.00016035331952 28.6600060770013 "experimento_38" 38 1000 1000 0.8 30 0.4 1 0.8
1.00050597558729 26.9788912839132 "experimento_38" 38 1000 1000 0.8 30 0.4 1 0.8
0.999234074028209 29.1742061663776 "experimento_38" 38 1000 1000 0.8 30 0.4 1 0.8
0.999064854811877 26.7665630429588 "experimento_38" 38 1000 1000 0.8 30 0.4 1 0.8
1.03083218242833 29.7439779612 "experimento_38" 38 1000 1000 0.8 30 0.4 1 0.8
1.00049135234999 29.7693161436493 "experimento_38" 38 1000 1000 0.8 30 0.4 1 0.8
1.00038137842591 32.5774425824585 "experimento_38" 38 1000 1000 0.8 30 0.4 1 0.8
1.04043445192758 32.4473394161152 "experimento_38" 38 1000 1000 0.8 30 0.4 1 0.8
1.01429004622623 33.8407559933081 "experimento_38" 38 1000 1000 0.8 30 0.4 1 0.8
1.00328559484333 29.8921311029735 "experimento_38" 38 1000 1000 0.8 30 0.4 1 0.8
1.01900862171315 28.5376342165463 "experimento_38" 38 1000 1000 0.8 30 0.4 1 0.8
1.02730272174997 31.0393978428301 "experimento_38" 38 1000 1000 0.8 30 0.4 1 0.8
1.00679121144737 26.0206451052104 "experimento_38" 38 1000 1000 0.8 30 0.4 1 0.8
0.998723598662764 30.3082008365199 "experimento_38" 38 1000 1000 0.8 30 0.4 1 0.8
1.00728545793524 32.6538928161854 "experimento_38" 38 1000 1000 0.8 30 0.4 1 0.8
1.005565270766 27.6254448948685 "experimento_38" 38 1000 1000 0.8 30 0.4 1 0.8
1.00361057717825 30.6261190970694 "experimento_38" 38 1000 1000 0.8 30 0.4 1 0.8
1.01015205422106 34.6507098112106 "experimento_38" 38 1000 1000 0.8 30 0.4 1 0.8
0.998960810946301 27.3424079383984 "experimento_38" 38 1000 1000 0.8 30 0.4 1 0.8
1.01018269889367 30.7820416758605 "experimento_38" 38 1000 1000 0.8 30 0.4 1 0.8
1.00597431843314 32.678068331632 "experimento_38" 38 1000 1000 0.8 30 0.4 1 0.8
0.997230723965913 26.8977938153062 "experimento_38" 38 1000 1000 0.8 30 0.4 1 0.8
1.00014530637026 28.1644463865716 "experimento_38" 38 1000 1000 0.8 30 0.4 1 0.8
0.998957436764613 29.5275834812812 "experimento_38" 38 1000 1000 0.8 30 0.4 1 0.8
1.00576990041882 31.9710362287389 "experimento_38" 38 1000 1000 0.8 30 0.4 1 0.8
1.00447218787546 31.8475960076952 "experimento_38" 38 1000 1000 0.8 30 0.4 1 0.8
1.00265024312151 26.9166203483571 "experimento_38" 38 1000 1000 0.8 30 0.4 1 0.8
1.00092586921093 30.7586419753551 "experimento_38" 38 1000 1000 0.8 30 0.4 1 0.8
0.998750110156834 27.3612221899539 "experimento_38" 38 1000 1000 0.8 30 0.4 1 0.8
1.02272928864695 32.7181618736393 "experimento_38" 38 1000 1000 0.8 30 0.4 1 0.8
1.01673851730466 25.6450300434782 "experimento_38" 38 1000 1000 0.8 30 0.4 1 0.8
1.00388154393683 28.1099291362313 "experimento_38" 38 1000 1000 0.8 30 0.4 1 0.8
1.00362314457695 28.1630765462688 "experimento_38" 38 1000 1000 0.8 30 0.4 1 0.8
1.00012729917653 31.7095987718592 "experimento_38" 38 1000 1000 0.8 30 0.4 1 0.8
1.02290458097123 26.5606763267276 "experimento_38" 38 1000 1000 0.8 30 0.4 1 0.8
1.00696921451017 29.5417622639691 "experimento_38" 38 1000 1000 0.8 30 0.4 1 0.8
1.00241247590942 27.0089952255907 "experimento_38" 38 1000 1000 0.8 30 0.4 1 0.8
1.00004754979602 35.5132939426452 "experimento_38" 38 1000 1000 0.8 30 0.4 1 0.8
1.00003131418489 30.0305787477234 "experimento_38" 38 1000 1000 0.8 30 0.4 1 0.8
0.9984820287209 29.8770236925253 "experimento_38" 38 1000 1000 0.8 30 0.4 1 0.8
0.998543241759762 30.5465207282329 "experimento_38" 38 1000 1000 0.8 30 0.4 1 0.8
1.00137312589127 28.1597454798486 "experimento_38" 38 1000 1000 0.8 30 0.4 1 0.8
1.00006887678367 29.2541794347175 "experimento_38" 38 1000 1000 0.8 30 0.4 1 0.8
1.02715001882224 22.7435623913434 "experimento_38" 38 1000 1000 0.8 30 0.4 1 0.8
1.00372414328158 27.5603981234249 "experimento_38" 38 1000 1000 0.8 30 0.4 1 0.8
1.00001297296646 30.6741155286082 "experimento_38" 38 1000 1000 0.8 30 0.4 1 0.8
1.00022743411298 27.2597838931258 "experimento_38" 38 1000 1000 0.8 30 0.4 1 0.8
1.00059111289605 32.1370897691055 "experimento_38" 38 1000 1000 0.8 30 0.4 1 0.8
1.00484899867636 37.3873146820201 "experimento_38" 38 1000 1000 0.8 30 0.4 1 0.8
0.998743781587109 25.4548485807354 "experimento_38" 38 1000 1000 0.8 30 0.4 1 0.8
1.03403594031169 21.3902969146019 "experimento_38" 38 1000 1000 0.8 30 0.4 1 0.8
1.00002538310364 29.0619877795341 "experimento_38" 38 1000 1000 0.8 30 0.4 1 0.8
1.02256879396737 24.5387321600439 "experimento_38" 38 1000 1000 0.8 30 0.4 1 0.8
1.00025765177173 28.6630161184962 "experimento_38" 38 1000 1000 0.8 30 0.4 1 0.8
1.0000313937006 30.8683954007171 "experimento_38" 38 1000 1000 0.8 30 0.4 1 0.8
1.00070362196614 32.5366479125812 "experimento_38" 38 1000 1000 0.8 30 0.4 1 0.8
1.00654972321354 34.5089864073929 "experimento_38" 38 1000 1000 0.8 30 0.4 1 0.8
1.00068981686297 29.1269194216808 "experimento_38" 38 1000 1000 0.8 30 0.4 1 0.8
0.998285972513258 28.3055785664024 "experimento_38" 38 1000 1000 0.8 30 0.4 1 0.8
1.00655003682461 27.2911084136558 "experimento_38" 38 1000 1000 0.8 30 0.4 1 0.8
1.00041913865634 32.6552289880707 "experimento_38" 38 1000 1000 0.8 30 0.4 1 0.8
1.00002269721673 26.1766195454507 "experimento_38" 38 1000 1000 0.8 30 0.4 1 0.8
1.00512083224021 32.0352494044126 "experimento_38" 38 1000 1000 0.8 30 0.4 1 0.8
1.00601153227811 30.2953480855653 "experimento_38" 38 1000 1000 0.8 30 0.4 1 0.8
1.00607530917041 28.1377809231525 "experimento_38" 38 1000 1000 0.8 30 0.4 1 0.8
1.00045866206428 39.6034697214821 "experimento_38" 38 1000 1000 0.8 30 0.4 1 0.8
0.997985515277833 31.0425727407563 "experimento_38" 38 1000 1000 0.8 30 0.4 1 0.8
0.999313174281269 32.8331652940631 "experimento_38" 38 1000 1000 0.8 30 0.4 1 0.8
0.999460607999936 28.3141937226319 "experimento_38" 38 1000 1000 0.8 30 0.4 1 0.8
1.01207649403562 29.8836585329333 "experimento_38" 38 1000 1000 0.8 30 0.4 1 0.8
1.00534521578811 29.3586606082601 "experimento_38" 38 1000 1000 0.8 30 0.4 1 0.8
1.00725168159232 29.200271769956 "experimento_38" 38 1000 1000 0.8 30 0.4 1 0.8
1.0002828575238 28.7775270274443 "experimento_38" 38 1000 1000 0.8 30 0.4 1 0.8
1.00072423975604 29.0687200595333 "experimento_38" 38 1000 1000 0.8 30 0.4 1 0.8
1.00019117644988 32.8512875220334 "experimento_38" 38 1000 1000 0.8 30 0.4 1 0.8
1.00008258482752 29.2887754630327 "experimento_38" 38 1000 1000 0.8 30 0.4 1 0.8
1.00423787305761 28.8243597439095 "experimento_38" 38 1000 1000 0.8 30 0.4 1 0.8
1.00420657366017 31.4362753438014 "experimento_38" 38 1000 1000 0.8 30 0.4 1 0.8
1.01283507568672 31.2059201436386 "experimento_38" 38 1000 1000 0.8 30 0.4 1 0.8
1.02544078826764 28.4723485120122 "experimento_38" 38 1000 1000 0.8 30 0.4 1 0.8
1.01167337910692 33.5734968561414 "experimento_38" 38 1000 1000 0.8 30 0.4 1 0.8
1.0001142956006 31.8085957805982 "experimento_38" 38 1000 1000 0.8 30 0.4 1 0.8
1.00426428617403 29.2537121157259 "experimento_38" 38 1000 1000 0.8 30 0.4 1 0.8
1.00028602457605 29.0015902967842 "experimento_38" 38 1000 1000 0.8 30 0.4 1 0.8
1.00225876031133 31.3987897615224 "experimento_38" 38 1000 1000 0.8 30 0.4 1 0.8
0.99985896772705 34.2496438380729 "experimento_38" 38 1000 1000 0.8 30 0.4 1 0.8
1.00405198644536 30.7047259161474 "experimento_38" 38 1000 1000 0.8 30 0.4 1 0.8
0.998434283770621 32.0823048366021 "experimento_38" 38 1000 1000 0.8 30 0.4 1 0.8
1.00006239493378 29.5346375481443 "experimento_38" 38 1000 1000 0.8 30 0.4 1 0.8
0.999417743878439 26.3447452949363 "experimento_38" 38 1000 1000 0.8 30 0.4 1 0.8
0.998696547932923 26.79954503836 "experimento_38" 38 1000 1000 0.8 30 0.4 1 0.8
1.0002172268151 28.9250945092924 "experimento_38" 38 1000 1000 0.8 30 0.4 1 0.8
1.0022309852764 31.2458300948583 "experimento_38" 38 1000 1000 0.8 30 0.4 1 0.8
0.99969532690011 33.0402342953855 "experimento_38" 38 1000 1000 0.8 30 0.4 1 0.8
1.03170824824634 37.6741967318229 "experimento_38" 38 1000 1000 0.8 30 0.4 1 0.8
1.0007832331157 30.8190131031528 "experimento_38" 38 1000 1000 0.8 30 0.4 1 0.8
1.01435185671761 26.5479625732612 "experimento_38" 38 1000 1000 0.8 30 0.4 1 0.8
1.00011697999823 28.3970377050088 "experimento_38" 38 1000 1000 0.8 30 0.4 1 0.8
1.00481707121556 35.1602630645599 "experimento_38" 38 1000 1000 0.8 30 0.4 1 0.8
1.01631602488148 29.6234075390873 "experimento_38" 38 1000 1000 0.8 30 0.4 1 0.8
0.999449938768521 32.6826144627935 "experimento_38" 38 1000 1000 0.8 30 0.4 1 0.8
1.00173971785668 30.8256518783115 "experimento_38" 38 1000 1000 0.8 30 0.4 1 0.8
0.999869462102652 25.405586495062 "experimento_38" 38 1000 1000 0.8 30 0.4 1 0.8
1.00179538994703 29.4023837890991 "experimento_38" 38 1000 1000 0.8 30 0.4 1 0.8
1.03936933580025 38.0360874669884 "experimento_38" 38 1000 1000 0.8 30 0.4 1 0.8
1.00014401048448 34.2351579975516 "experimento_38" 38 1000 1000 0.8 30 0.4 1 0.8
1.00002078937056 28.7388754541362 "experimento_38" 38 1000 1000 0.8 30 0.4 1 0.8
1.00044518410877 38.1149017752432 "experimento_38" 38 1000 1000 0.8 30 0.4 1 0.8
0.998922266531736 28.3100035649847 "experimento_38" 38 1000 1000 0.8 30 0.4 1 0.8
1.00033574420642 28.8699777817694 "experimento_38" 38 1000 1000 0.8 30 0.4 1 0.8
1.00132085831525 35.3805389964115 "experimento_38" 38 1000 1000 0.8 30 0.4 1 0.8
1.00043965517832 29.6742566575233 "experimento_38" 38 1000 1000 0.8 30 0.4 1 0.8
1.00039611378856 30.6389103737517 "experimento_38" 38 1000 1000 0.8 30 0.4 1 0.8
1.03123834943259 33.0358431476469 "experimento_38" 38 1000 1000 0.8 30 0.4 1 0.8
0.99885660642758 30.2061346322682 "experimento_38" 38 1000 1000 0.8 30 0.4 1 0.8
1.00220963934747 28.3095703071789 "experimento_38" 38 1000 1000 0.8 30 0.4 1 0.8
1.00289455113622 35.0423234355058 "experimento_38" 38 1000 1000 0.8 30 0.4 1 0.8
0.998387376777828 29.2927770014502 "experimento_38" 38 1000 1000 0.8 30 0.4 1 0.8
0.999397120671347 30.0322406235037 "experimento_38" 38 1000 1000 0.8 30 0.4 1 0.8
1.00013129683211 30.5321394892116 "experimento_38" 38 1000 1000 0.8 30 0.4 1 0.8
0.999456263147295 29.1236619770856 "experimento_38" 38 1000 1000 0.8 30 0.4 1 0.8
0.999873243970796 29.1372504106429 "experimento_38" 38 1000 1000 0.8 30 0.4 1 0.8
1.00005038756256 34.7350505358292 "experimento_38" 38 1000 1000 0.8 30 0.4 1 0.8
1.02744600828597 31.4508310290959 "experimento_38" 38 1000 1000 0.8 30 0.4 1 0.8
1.00921058265182 28.2894755271282 "experimento_38" 38 1000 1000 0.8 30 0.4 1 0.8
0.999368676682934 28.4336707909592 "experimento_38" 38 1000 1000 0.8 30 0.4 1 0.8
1.0006777744585 35.5010427242598 "experimento_38" 38 1000 1000 0.8 30 0.4 1 0.8
1.04143742943663 23.9298936590535 "experimento_38" 38 1000 1000 0.8 30 0.4 1 0.8
1.00002020563309 35.1038281632641 "experimento_38" 38 1000 1000 0.8 30 0.4 1 0.8
1.01318630264141 31.8049874094143 "experimento_38" 38 1000 1000 0.8 30 0.4 1 0.8
0.99844725895673 29.298684777616 "experimento_38" 38 1000 1000 0.8 30 0.4 1 0.8
1.01818555720771 31.9749179757781 "experimento_38" 38 1000 1000 0.8 30 0.4 1 0.8
1.00085153616965 32.660882370662 "experimento_38" 38 1000 1000 0.8 30 0.4 1 0.8
1.0001415374553 29.1489486074205 "experimento_38" 38 1000 1000 0.8 30 0.4 1 0.8
0.998647477244958 30.0303594620223 "experimento_38" 38 1000 1000 0.8 30 0.4 1 0.8
1.0002313859916 27.7077000582877 "experimento_38" 38 1000 1000 0.8 30 0.4 1 0.8
1.00013978904883 32.4239859691133 "experimento_38" 38 1000 1000 0.8 30 0.4 1 0.8
1.00011875200352 32.7638094113686 "experimento_38" 38 1000 1000 0.8 30 0.4 1 0.8
1.00001300955191 31.5525375178906 "experimento_38" 38 1000 1000 0.8 30 0.4 1 0.8
1.0234724343666 25.2750525569417 "experimento_38" 38 1000 1000 0.8 30 0.4 1 0.8
0.998777479166165 24.6264170621243 "experimento_38" 38 1000 1000 0.8 30 0.4 1 0.8
1.03826226446017 41.5440762096604 "experimento_38" 38 1000 1000 0.8 30 0.4 1 0.8
1.00135942996797 33.330593825046 "experimento_38" 38 1000 1000 0.8 30 0.4 1 0.8
1.0097444579248 29.7311343479283 "experimento_38" 38 1000 1000 0.8 30 0.4 1 0.8
0.999387957621366 27.357501072452 "experimento_38" 38 1000 1000 0.8 30 0.4 1 0.8
1.02852960236008 32.0632519647736 "experimento_38" 38 1000 1000 0.8 30 0.4 1 0.8
0.999988491879776 29.1563332182976 "experimento_38" 38 1000 1000 0.8 30 0.4 1 0.8
1.02198911338734 27.6570308541417 "experimento_38" 38 1000 1000 0.8 30 0.4 1 0.8
0.999277290189639 31.6038402060458 "experimento_38" 38 1000 1000 0.8 30 0.4 1 0.8
0.999926478369161 29.1041766028518 "experimento_38" 38 1000 1000 0.8 30 0.4 1 0.8
1.00002728321238 30.2949163223943 "experimento_38" 38 1000 1000 0.8 30 0.4 1 0.8
1.00003259261139 31.9402453816375 "experimento_38" 38 1000 1000 0.8 30 0.4 1 0.8
1.00035205803191 33.5782394850311 "experimento_38" 38 1000 1000 0.8 30 0.4 1 0.8
0.998949654633179 29.1791372634262 "experimento_38" 38 1000 1000 0.8 30 0.4 1 0.8
1.01072882945068 34.7765304405136 "experimento_38" 38 1000 1000 0.8 30 0.4 1 0.8
1.00323607881243 30.5005668904452 "experimento_38" 38 1000 1000 0.8 30 0.4 1 0.8
1.00536917461968 36.8792971609202 "experimento_38" 38 1000 1000 0.8 30 0.4 1 0.8
1.0000223347762 33.5356564302443 "experimento_38" 38 1000 1000 0.8 30 0.4 1 0.8
1.0041654380504 29.8842354747579 "experimento_38" 38 1000 1000 0.8 30 0.4 1 0.8
1.01052396365752 31.8484577659404 "experimento_38" 38 1000 1000 0.8 30 0.4 1 0.8
1.00077472144427 34.5343794089412 "experimento_38" 38 1000 1000 0.8 30 0.4 1 0.8
1.00676191146486 29.0264290323887 "experimento_38" 38 1000 1000 0.8 30 0.4 1 0.8
1.01309023206122 31.8709736822832 "experimento_38" 38 1000 1000 0.8 30 0.4 1 0.8
1.00016625781111 28.4240579430253 "experimento_38" 38 1000 1000 0.8 30 0.4 1 0.8
0.999998952262104 29.2836789973316 "experimento_38" 38 1000 1000 0.8 30 0.4 1 0.8
1.0130090588859 35.6756408032408 "experimento_38" 38 1000 1000 0.8 30 0.4 1 0.8
1.00183642374662 28.4019293281206 "experimento_38" 38 1000 1000 0.8 30 0.4 1 0.8
1.0069855478437 30.9681702001433 "experimento_38" 38 1000 1000 0.8 30 0.4 1 0.8
1.01983853356602 33.8445168022865 "experimento_38" 38 1000 1000 0.8 30 0.4 1 0.8
1.00037366275986 28.6058515499902 "experimento_38" 38 1000 1000 0.8 30 0.4 1 0.8
0.998701369855553 31.0109827081805 "experimento_38" 38 1000 1000 0.8 30 0.4 1 0.8
0.998806776246056 28.8743989004895 "experimento_38" 38 1000 1000 0.8 30 0.4 1 0.8
1.02021186816692 39.2928521692469 "experimento_38" 38 1000 1000 0.8 30 0.4 1 0.8
1.01035632925492 25.7533751128236 "experimento_38" 38 1000 1000 0.8 30 0.4 1 0.8
1.00013312590308 30.2295168312253 "experimento_38" 38 1000 1000 0.8 30 0.4 1 0.8
1.00092344865906 31.4402294336738 "experimento_38" 38 1000 1000 0.8 30 0.4 1 0.8
1.01291770348325 32.1013018537575 "experimento_38" 38 1000 1000 0.8 30 0.4 1 0.8
1.03473026848569 23.8720409926721 "experimento_38" 38 1000 1000 0.8 30 0.4 1 0.8
0.999953457619995 28.7280194366569 "experimento_38" 38 1000 1000 0.8 30 0.4 1 0.8
1.00815939205939 31.2273423650595 "experimento_38" 38 1000 1000 0.8 30 0.4 1 0.8
1.00003066991145 30.8485983566357 "experimento_38" 38 1000 1000 0.8 30 0.4 1 0.8
1.00011206828699 32.3203697180795 "experimento_38" 38 1000 1000 0.8 30 0.4 1 0.8
1.03726292401412 37.7745639631697 "experimento_38" 38 1000 1000 0.8 30 0.4 1 0.8
1.00123807809671 30.4744553329713 "experimento_38" 38 1000 1000 0.8 30 0.4 1 0.8
1.00112016555811 36.1258911094424 "experimento_38" 38 1000 1000 0.8 30 0.4 1 0.8
1.00024422748635 30.2764265060687 "experimento_38" 38 1000 1000 0.8 30 0.4 1 0.8
1.00820501353593 31.945665184681 "experimento_38" 38 1000 1000 0.8 30 0.4 1 0.8
1.0007606426127 28.2304979237604 "experimento_38" 38 1000 1000 0.8 30 0.4 1 0.8
1.00004287979876 27.2254959943117 "experimento_38" 38 1000 1000 0.8 30 0.4 1 0.8
0.99835353391245 31.9426393180073 "experimento_38" 38 1000 1000 0.8 30 0.4 1 0.8
0.999653453938663 30.712262655207 "experimento_38" 38 1000 1000 0.8 30 0.4 1 0.8
1.00267028703044 27.7396428004912 "experimento_38" 38 1000 1000 0.8 30 0.4 1 0.8
1.01668641573439 27.006363061773 "experimento_38" 38 1000 1000 0.8 30 0.4 1 0.8
0.999744609929621 32.2541822286203 "experimento_38" 38 1000 1000 0.8 30 0.4 1 0.8
0.999333858955652 29.8782734814148 "experimento_38" 38 1000 1000 0.8 30 0.4 1 0.8
1.00017464276101 31.1762538632571 "experimento_38" 38 1000 1000 0.8 30 0.4 1 0.8
1.00380712353543 29.056982034221 "experimento_38" 38 1000 1000 0.8 30 0.4 1 0.8
1.00925740017556 26.4654312797399 "experimento_38" 38 1000 1000 0.8 30 0.4 1 0.8
0.99910597759299 26.4427123498539 "experimento_38" 38 1000 1000 0.8 30 0.4 1 0.8
1.00010226393739 31.3220702982977 "experimento_38" 38 1000 1000 0.8 30 0.4 1 0.8
1.00440738201141 34.6564731360513 "experimento_38" 38 1000 1000 0.8 30 0.4 1 0.8
0.997541616437957 27.8327529185148 "experimento_38" 38 1000 1000 0.8 30 0.4 1 0.8
0.998917655553669 27.7641534956432 "experimento_38" 38 1000 1000 0.8 30 0.4 1 0.8
1.00010035133143 30.5799189957774 "experimento_38" 38 1000 1000 0.8 30 0.4 1 0.8
1.00130942215522 33.1581524662126 "experimento_38" 38 1000 1000 0.8 30 0.4 1 0.8
0.999686736613512 32.2955391823514 "experimento_38" 38 1000 1000 0.8 30 0.4 1 0.8
1.00555550092831 27.6737681736636 "experimento_38" 38 1000 1000 0.8 30 0.4 1 0.8
1.00014398926869 31.7438892988606 "experimento_38" 38 1000 1000 0.8 30 0.4 1 0.8
1.00027707324674 29.8822818279951 "experimento_38" 38 1000 1000 0.8 30 0.4 1 0.8
1.00046074641868 32.5677914352418 "experimento_38" 38 1000 1000 0.8 30 0.4 1 0.8
0.998627941822633 29.2308885806522 "experimento_38" 38 1000 1000 0.8 30 0.4 1 0.8
1.00116107926394 29.8622299156091 "experimento_38" 38 1000 1000 0.8 30 0.4 1 0.8
0.999455024022609 30.9030599727898 "experimento_38" 38 1000 1000 0.8 30 0.4 1 0.8
1.00001187457041 26.7399059347838 "experimento_38" 38 1000 1000 0.8 30 0.4 1 0.8
1.00160067543283 31.1108622724187 "experimento_38" 38 1000 1000 0.8 30 0.4 1 0.8
1.00161211461097 32.2126481014235 "experimento_38" 38 1000 1000 0.8 30 0.4 1 0.8
0.999129591975361 28.0093422416297 "experimento_38" 38 1000 1000 0.8 30 0.4 1 0.8
1.00389208464573 27.5416894450959 "experimento_38" 38 1000 1000 0.8 30 0.4 1 0.8
0.998292883159593 29.296442114974 "experimento_38" 38 1000 1000 0.8 30 0.4 1 0.8
1.0002385802567 27.3837012306926 "experimento_38" 38 1000 1000 0.8 30 0.4 1 0.8
1.0001587541466 29.0962671811301 "experimento_38" 38 1000 1000 0.8 30 0.4 1 0.8
1.00003855213377 27.5770466865153 "experimento_38" 38 1000 1000 0.8 30 0.4 1 0.8
1.00053608652683 35.1409339765078 "experimento_38" 38 1000 1000 0.8 30 0.4 1 0.8
0.997978224884719 27.0314632483137 "experimento_38" 38 1000 1000 0.8 30 0.4 1 0.8
1.04159885697548 35.3278738711922 "experimento_38" 38 1000 1000 0.8 30 0.4 1 0.8
1.00258178994991 32.0313895631845 "experimento_38" 38 1000 1000 0.8 30 0.4 1 0.8
1.00011741328054 32.1300365067868 "experimento_38" 38 1000 1000 0.8 30 0.4 1 0.8
1.01107933539897 31.1319952947526 "experimento_38" 38 1000 1000 0.8 30 0.4 1 0.8
0.999968134099618 30.2169455339369 "experimento_38" 38 1000 1000 0.8 30 0.4 1 0.8
1.03535946873774 30.9323574054913 "experimento_38" 38 1000 1000 0.8 30 0.4 1 0.8
1.00016021256646 29.8301173295665 "experimento_38" 38 1000 1000 0.8 30 0.4 1 0.8
1.00042247137209 28.1133751470017 "experimento_38" 38 1000 1000 0.8 30 0.4 1 0.8
1.01892154811261 34.7133983904039 "experimento_38" 38 1000 1000 0.8 30 0.4 1 0.8
1.01559557227107 33.1862658390146 "experimento_38" 38 1000 1000 0.8 30 0.4 1 0.8
1.00424214421461 34.1753684644068 "experimento_38" 38 1000 1000 0.8 30 0.4 1 0.8
1.00070207278865 32.0167066611404 "experimento_38" 38 1000 1000 0.8 30 0.4 1 0.8
1.00037540318444 28.2994413052909 "experimento_38" 38 1000 1000 0.8 30 0.4 1 0.8
1.03617401753102 21.343694879432 "experimento_38" 38 1000 1000 0.8 30 0.4 1 0.8
1.00799504338453 31.8468380525921 "experimento_38" 38 1000 1000 0.8 30 0.4 1 0.8
1.00372763539975 32.4090985181258 "experimento_38" 38 1000 1000 0.8 30 0.4 1 0.8
0.998780592344701 28.6868731023582 "experimento_38" 38 1000 1000 0.8 30 0.4 1 0.8
1.00014708743741 31.8749466029778 "experimento_38" 38 1000 1000 0.8 30 0.4 1 0.8
1.00142272204782 32.599573664333 "experimento_38" 38 1000 1000 0.8 30 0.4 1 0.8
1.00030979939426 33.1179462767819 "experimento_38" 38 1000 1000 0.8 30 0.4 1 0.8
1.00009210621938 30.3136788690269 "experimento_38" 38 1000 1000 0.8 30 0.4 1 0.8
1.0000092677772 28.5793242462562 "experimento_38" 38 1000 1000 0.8 30 0.4 1 0.8
0.99890353390947 27.3434221882533 "experimento_38" 38 1000 1000 0.8 30 0.4 1 0.8
1.0008647314428 29.419611380677 "experimento_38" 38 1000 1000 0.8 30 0.4 1 0.8
0.998727031750605 24.4932022612516 "experimento_38" 38 1000 1000 0.8 30 0.4 1 0.8
0.998507740907371 26.3154627794261 "experimento_38" 38 1000 1000 0.8 30 0.4 1 0.8
0.99996145721525 29.5684498154786 "experimento_38" 38 1000 1000 0.8 30 0.4 1 0.8
1.00230194226218 29.537221283352 "experimento_38" 38 1000 1000 0.8 30 0.4 1 0.8
1.00015016558686 26.358843738064 "experimento_38" 38 1000 1000 0.8 30 0.4 1 0.8
1.00238054199015 30.6440067041082 "experimento_38" 38 1000 1000 0.8 30 0.4 1 0.8
0.999758029356599 33.5899671772575 "experimento_38" 38 1000 1000 0.8 30 0.4 1 0.8
0.998549374518916 33.1505754274486 "experimento_38" 38 1000 1000 0.8 30 0.4 1 0.8
1.00015789981311 28.4415304208309 "experimento_38" 38 1000 1000 0.8 30 0.4 1 0.8
1.00016329298529 29.0798345872799 "experimento_38" 38 1000 1000 0.8 30 0.4 1 0.8
1.01311173620634 29.1295844361264 "experimento_38" 38 1000 1000 0.8 30 0.4 1 0.8
1.01537505653687 33.3331056533744 "experimento_38" 38 1000 1000 0.8 30 0.4 1 0.8
1.01762673167201 36.8785036500086 "experimento_38" 38 1000 1000 0.8 30 0.4 1 0.8
1.0170668319799 33.336103314832 "experimento_38" 38 1000 1000 0.8 30 0.4 1 0.8
0.9988592073787 32.1364950550243 "experimento_38" 38 1000 1000 0.8 30 0.4 1 0.8
1.02422101250073 31.9326774662668 "experimento_38" 38 1000 1000 0.8 30 0.4 1 0.8
1.00002086940221 30.7234902209969 "experimento_38" 38 1000 1000 0.8 30 0.4 1 0.8
1.0000797943833 30.5385432376327 "experimento_38" 38 1000 1000 0.8 30 0.4 1 0.8
0.998652327107266 30.4279871485818 "experimento_38" 38 1000 1000 0.8 30 0.4 1 0.8
1.05864326581306 30.7614276310071 "experimento_38" 38 1000 1000 0.8 30 0.4 1 0.8
1.00124698875782 30.7571286644291 "experimento_38" 38 1000 1000 0.8 30 0.4 1 0.8
0.998323935782537 27.5529595504065 "experimento_38" 38 1000 1000 0.8 30 0.4 1 0.8
0.99871941190213 27.3751532024424 "experimento_38" 38 1000 1000 0.8 30 0.4 1 0.8
1.0003336229672 32.1631800501342 "experimento_38" 38 1000 1000 0.8 30 0.4 1 0.8
1.00175012822119 25.9574869835859 "experimento_38" 38 1000 1000 0.8 30 0.4 1 0.8
1.02392500169221 26.1010526774236 "experimento_38" 38 1000 1000 0.8 30 0.4 1 0.8
0.999413895653561 32.3253170928752 "experimento_38" 38 1000 1000 0.8 30 0.4 1 0.8
1.01331950508369 35.4682670363198 "experimento_38" 38 1000 1000 0.8 30 0.4 1 0.8
1.00528653613899 25.536696635579 "experimento_38" 38 1000 1000 0.8 30 0.4 1 0.8
1.00902823456048 28.816583203392 "experimento_38" 38 1000 1000 0.8 30 0.4 1 0.8
1.00185781495335 32.2058326411543 "experimento_38" 38 1000 1000 0.8 30 0.4 1 0.8
1.00534418349465 30.2545338493881 "experimento_38" 38 1000 1000 0.8 30 0.4 1 0.8
1.01627590149553 28.3342950377954 "experimento_38" 38 1000 1000 0.8 30 0.4 1 0.8
1.00036518590835 32.3564375079715 "experimento_38" 38 1000 1000 0.8 30 0.4 1 0.8
1.00067562580419 31.6199256874116 "experimento_38" 38 1000 1000 0.8 30 0.4 1 0.8
1.02123637860641 28.8342522337801 "experimento_38" 38 1000 1000 0.8 30 0.4 1 0.8
0.99893521796912 25.4431856877752 "experimento_38" 38 1000 1000 0.8 30 0.4 1 0.8
1.00062998461847 30.8402397057155 "experimento_38" 38 1000 1000 0.8 30 0.4 1 0.8
1.02580276389156 31.1379217184313 "experimento_38" 38 1000 1000 0.8 30 0.4 1 0.8
1.01725555701802 33.7503600084935 "experimento_38" 38 1000 1000 0.8 30 0.4 1 0.8
1.00038443923984 33.9139815435246 "experimento_38" 38 1000 1000 0.8 30 0.4 1 0.8
0.999113312689587 29.553732735197 "experimento_38" 38 1000 1000 0.8 30 0.4 1 0.8
1.00049156437342 28.4687597030999 "experimento_38" 38 1000 1000 0.8 30 0.4 1 0.8
0.998674290487543 30.1373129181221 "experimento_38" 38 1000 1000 0.8 30 0.4 1 0.8
1.00193189635816 31.7650771438039 "experimento_38" 38 1000 1000 0.8 30 0.4 1 0.8
1.00123829531173 28.9842097156273 "experimento_38" 38 1000 1000 0.8 30 0.4 1 0.8
1.00622911504202 31.6847700044467 "experimento_38" 38 1000 1000 0.8 30 0.4 1 0.8
1.00261309926088 28.1638806445918 "experimento_38" 38 1000 1000 0.8 30 0.4 1 0.8
1.00008030939698 29.8739522290096 "experimento_38" 38 1000 1000 0.8 30 0.4 1 0.8
1.0126784458446 28.7967077062012 "experimento_38" 38 1000 1000 0.8 30 0.4 1 0.8
1.00112738988052 28.362348163189 "experimento_38" 38 1000 1000 0.8 30 0.4 1 0.8
1.02822121121386 28.9014770810535 "experimento_38" 38 1000 1000 0.8 30 0.4 1 0.8
1.01141025659939 30.4136035950166 "experimento_38" 38 1000 1000 0.8 30 0.4 1 0.8
0.998819150496274 29.6521375060619 "experimento_38" 38 1000 1000 0.8 30 0.4 1 0.8
0.998061546357349 30.4328398255458 "experimento_38" 38 1000 1000 0.8 30 0.4 1 0.8
1.00088635194115 34.3936327848921 "experimento_38" 38 1000 1000 0.8 30 0.4 1 0.8
0.996544762980193 25.4645186346019 "experimento_38" 38 1000 1000 0.8 30 0.4 1 0.8
1.00094193618366 31.8031185992392 "experimento_38" 38 1000 1000 0.8 30 0.4 1 0.8
0.998862377135083 30.5773012033033 "experimento_38" 38 1000 1000 0.8 30 0.4 1 0.8
0.999611063161865 33.1384516088269 "experimento_38" 38 1000 1000 0.8 30 0.4 1 0.8
1.00598599283646 30.6811293379334 "experimento_38" 38 1000 1000 0.8 30 0.4 1 0.8
0.999079542700201 31.3243803493155 "experimento_38" 38 1000 1000 0.8 30 0.4 1 0.8
1.00002292048497 27.9296649897604 "experimento_38" 38 1000 1000 0.8 30 0.4 1 0.8
0.999310265062377 30.682117008778 "experimento_38" 38 1000 1000 0.8 30 0.4 1 0.8
1.00446207011119 33.5092878320533 "experimento_38" 38 1000 1000 0.8 30 0.4 1 0.8
1.00094155396804 28.3158502617507 "experimento_38" 38 1000 1000 0.8 30 0.4 1 0.8
0.999467465328053 26.1243669703334 "experimento_38" 38 1000 1000 0.8 30 0.4 1 0.8
1.00099741941485 32.1738523595774 "experimento_38" 38 1000 1000 0.8 30 0.4 1 0.8
1.00017893621243 30.8755584666776 "experimento_38" 38 1000 1000 0.8 30 0.4 1 0.8
1.0008229085089 29.8666489304966 "experimento_38" 38 1000 1000 0.8 30 0.4 1 0.8
1.0277873182816 34.8925192476524 "experimento_38" 38 1000 1000 0.8 30 0.4 1 0.8
1.0010401505356 30.4982416100151 "experimento_38" 38 1000 1000 0.8 30 0.4 1 0.8
1.00099449111604 32.5918324426582 "experimento_38" 38 1000 1000 0.8 30 0.4 1 0.8
1.0099563077918 32.5398370679667 "experimento_38" 38 1000 1000 0.8 30 0.4 1 0.8
0.997601941926405 30.259857239331 "experimento_38" 38 1000 1000 0.8 30 0.4 1 0.8
1.01993966138301 33.428562881712 "experimento_38" 38 1000 1000 0.8 30 0.4 1 0.8
1.00189465107365 28.6078982940251 "experimento_38" 38 1000 1000 0.8 30 0.4 1 0.8
0.999139366205782 30.1361362639827 "experimento_38" 38 1000 1000 0.8 30 0.4 1 0.8
1.01264077958961 35.0356511738487 "experimento_38" 38 1000 1000 0.8 30 0.4 1 0.8
0.999615865526721 29.8359077838045 "experimento_38" 38 1000 1000 0.8 30 0.4 1 0.8
1.02185028302483 29.2176786719524 "experimento_38" 38 1000 1000 0.8 30 0.4 1 0.8
1.00003521567924 28.6431096237593 "experimento_38" 38 1000 1000 0.8 30 0.4 1 0.8
1.00017285664404 31.7393958932727 "experimento_38" 38 1000 1000 0.8 30 0.4 1 0.8
1.01292533017695 33.835464211812 "experimento_38" 38 1000 1000 0.8 30 0.4 1 0.8
1.00022941514109 27.9404206107256 "experimento_38" 38 1000 1000 0.8 30 0.4 1 0.8
1.01617118506692 28.0676596094892 "experimento_38" 38 1000 1000 0.8 30 0.4 1 0.8
1.00011741489482 31.8409181658351 "experimento_38" 38 1000 1000 0.8 30 0.4 1 0.8
1.00770366408769 29.7093212746979 "experimento_38" 38 1000 1000 0.8 30 0.4 1 0.8
1.00001580337038 30.2741999563504 "experimento_38" 38 1000 1000 0.8 30 0.4 1 0.8
1.00003394553452 28.9916936262432 "experimento_38" 38 1000 1000 0.8 30 0.4 1 0.8
1.00106032124405 29.6204813189556 "experimento_38" 38 1000 1000 0.8 30 0.4 1 0.8
1.02452715734881 38.6217977699268 "experimento_38" 38 1000 1000 0.8 30 0.4 1 0.8
1.03429661277744 42.5929317424536 "experimento_38" 38 1000 1000 0.8 30 0.4 1 0.8
1.00553795723245 28.6809626854818 "experimento_38" 38 1000 1000 0.8 30 0.4 1 0.8
1.00146704406167 32.9099001236934 "experimento_38" 38 1000 1000 0.8 30 0.4 1 0.8
0.99879811424762 29.961623614019 "experimento_38" 38 1000 1000 0.8 30 0.4 1 0.8
1.00156977399151 28.7611880066683 "experimento_38" 38 1000 1000 0.8 30 0.4 1 0.8
1.00502027834432 29.1622019558749 "experimento_38" 38 1000 1000 0.8 30 0.4 1 0.8
0.999176115728915 26.3302469329902 "experimento_38" 38 1000 1000 0.8 30 0.4 1 0.8
0.999810121720657 31.3033846021791 "experimento_38" 38 1000 1000 0.8 30 0.4 1 0.8
1.00012505170767 29.4354638364704 "experimento_38" 38 1000 1000 0.8 30 0.4 1 0.8
1.01912619532224 29.7527533323846 "experimento_38" 38 1000 1000 0.8 30 0.4 1 0.8
1.0014216421414 25.7782681476629 "experimento_38" 38 1000 1000 0.8 30 0.4 1 0.8
0.998614129144698 29.624701613725 "experimento_38" 38 1000 1000 0.8 30 0.4 1 0.8
1.00612629322592 29.5465932659382 "experimento_38" 38 1000 1000 0.8 30 0.4 1 0.8
0.998989063315094 27.5240657858038 "experimento_38" 38 1000 1000 0.8 30 0.4 1 0.8
0.998470219084993 28.5148094838629 "experimento_38" 38 1000 1000 0.8 30 0.4 1 0.8
0.998342850944027 27.1477249453082 "experimento_38" 38 1000 1000 0.8 30 0.4 1 0.8
1.00544850905426 33.6531923138864 "experimento_38" 38 1000 1000 0.8 30 0.4 1 0.8
1.00238233151225 29.8274066078751 "experimento_38" 38 1000 1000 0.8 30 0.4 1 0.8
0.999358639586717 30.8349350387875 "experimento_38" 38 1000 1000 0.8 30 0.4 1 0.8
1.00081858866227 32.9537067988256 "experimento_38" 38 1000 1000 0.8 30 0.4 1 0.8
1.00429184371606 29.0415182020126 "experimento_38" 38 1000 1000 0.8 30 0.4 1 0.8
1.00316409027825 33.0942552417866 "experimento_38" 38 1000 1000 0.8 30 0.4 1 0.8
1.00002432422092 29.8310960598938 "experimento_38" 38 1000 1000 0.8 30 0.4 1 0.8
1.00006433753297 31.6541411255369 "experimento_38" 38 1000 1000 0.8 30 0.4 1 0.8
1.00928137406427 31.8567011552528 "experimento_38" 38 1000 1000 0.8 30 0.4 1 0.8
1.00007710441326 28.0149870346144 "experimento_38" 38 1000 1000 0.8 30 0.4 1 0.8
1.00559081921777 30.7776768997936 "experimento_38" 38 1000 1000 0.8 30 0.4 1 0.8
1.00978699295471 33.4793396882049 "experimento_38" 38 1000 1000 0.8 30 0.4 1 0.8
1.02103219636095 33.317400004255 "experimento_38" 38 1000 1000 0.8 30 0.4 1 0.8
1.01440780311823 29.5374989863287 "experimento_38" 38 1000 1000 0.8 30 0.4 1 0.8
1.00002434474106 30.573370698219 "experimento_38" 38 1000 1000 0.8 30 0.4 1 0.8
1.00060080249483 28.302802631467 "experimento_38" 38 1000 1000 0.8 30 0.4 1 0.8
1.01963497425127 34.6849252215607 "experimento_38" 38 1000 1000 0.8 30 0.4 1 0.8
1.01943618359177 35.4244947311151 "experimento_38" 38 1000 1000 0.8 30 0.4 1 0.8
0.998418397735804 32.9518704398034 "experimento_38" 38 1000 1000 0.8 30 0.4 1 0.8
1.00008000537443 32.4091587795669 "experimento_38" 38 1000 1000 0.8 30 0.4 1 0.8
1.00163195778926 31.4094756946453 "experimento_38" 38 1000 1000 0.8 30 0.4 1 0.8
0.998807159950957 31.1660080860929 "experimento_38" 38 1000 1000 0.8 30 0.4 1 0.8
1.00099126215403 30.813090079401 "experimento_38" 38 1000 1000 0.8 30 0.4 1 0.8
0.999136004364118 23.8742049822224 "experimento_38" 38 1000 1000 0.8 30 0.4 1 0.8
1.02181084527013 27.0815738726234 "experimento_38" 38 1000 1000 0.8 30 0.4 1 0.8
1.00083545225242 26.8791435095235 "experimento_38" 38 1000 1000 0.8 30 0.4 1 0.8
0.998298550955951 27.3303364953209 "experimento_38" 38 1000 1000 0.8 30 0.4 1 0.8
1.00010503170556 28.5261770913051 "experimento_38" 38 1000 1000 0.8 30 0.4 1 0.8
1.00028754807061 33.6447839710504 "experimento_38" 38 1000 1000 0.8 30 0.4 1 0.8
1.00500410369908 31.8421192148485 "experimento_38" 38 1000 1000 0.8 30 0.4 1 0.8
1.00250595896792 27.0406189985978 "experimento_38" 38 1000 1000 0.8 30 0.4 1 0.8
1.00085722260301 32.586127521944 "experimento_38" 38 1000 1000 0.8 30 0.4 1 0.8
0.999638439621776 31.61204299589 "experimento_38" 38 1000 1000 0.8 30 0.4 1 0.8
1.00007402844106 31.9698284662194 "experimento_38" 38 1000 1000 0.8 30 0.4 1 0.8
1.0014453080638 35.2358579923173 "experimento_38" 38 1000 1000 0.8 30 0.4 1 0.8
1.00741114552754 30.2543268598127 "experimento_38" 38 1000 1000 0.8 30 0.4 1 0.8
1.02309457547963 36.1911139425891 "experimento_38" 38 1000 1000 0.8 30 0.4 1 0.8
1.02171658563117 25.2554572294576 "experimento_38" 38 1000 1000 0.8 30 0.4 1 0.8
1.00010378522178 32.7685058656145 "experimento_38" 38 1000 1000 0.8 30 0.4 1 0.8
0.999041765462607 28.6709647944165 "experimento_38" 38 1000 1000 0.8 30 0.4 1 0.8
1.00009598911886 34.3249617155715 "experimento_38" 38 1000 1000 0.8 30 0.4 1 0.8
0.999172677285969 28.4209651767024 "experimento_38" 38 1000 1000 0.8 30 0.4 1 0.8
1.00138345985032 28.1881759349988 "experimento_38" 38 1000 1000 0.8 30 0.4 1 0.8
1.00505872174787 26.7021749014099 "experimento_38" 38 1000 1000 0.8 30 0.4 1 0.8
1.00618480012442 34.4784247388094 "experimento_38" 38 1000 1000 0.8 30 0.4 1 0.8
1.00127401687205 33.2503073819475 "experimento_38" 38 1000 1000 0.8 30 0.4 1 0.8
1.00005112638076 27.2381332801935 "experimento_38" 38 1000 1000 0.8 30 0.4 1 0.8
0.999632751569152 25.9662868424178 "experimento_38" 38 1000 1000 0.8 30 0.4 1 0.8
1.04469044043853 27.524290599245 "experimento_38" 38 1000 1000 0.8 30 0.4 1 0.8
0.999462618259713 27.679288176469 "experimento_38" 38 1000 1000 0.8 30 0.4 1 0.8
1.00817588463736 30.6031292099973 "experimento_38" 38 1000 1000 0.8 30 0.4 1 0.8
1.00131413658359 29.6595989519039 "experimento_38" 38 1000 1000 0.8 30 0.4 1 0.8
1.00256930502752 29.6915348208571 "experimento_38" 38 1000 1000 0.8 30 0.4 1 0.8
1.00071248755169 28.3381476601405 "experimento_38" 38 1000 1000 0.8 30 0.4 1 0.8
1.00008125360673 29.4145493474467 "experimento_38" 38 1000 1000 0.8 30 0.4 1 0.8
1.00467257699929 30.8266201035843 "experimento_38" 38 1000 1000 0.8 30 0.4 1 0.8
0.998750254744664 32.0116284620882 "experimento_38" 38 1000 1000 0.8 30 0.4 1 0.8
0.999853027286008 33.213171886603 "experimento_38" 38 1000 1000 0.8 30 0.4 1 0.8
1.0165540227196 31.9941446687391 "experimento_38" 38 1000 1000 0.8 30 0.4 1 0.8
0.999150234973058 30.0532713342168 "experimento_38" 38 1000 1000 0.8 30 0.4 1 0.8
1.00000939033926 29.0913698204726 "experimento_38" 38 1000 1000 0.8 30 0.4 1 0.8
1.00680761892969 28.2594793633035 "experimento_38" 38 1000 1000 0.8 30 0.4 1 0.8
1.00068698414402 32.5195547138606 "experimento_38" 38 1000 1000 0.8 30 0.4 1 0.8
1.02423288688285 25.5979710553877 "experimento_38" 38 1000 1000 0.8 30 0.4 1 0.8
0.999134868616238 31.3410026282685 "experimento_38" 38 1000 1000 0.8 30 0.4 1 0.8
1.0083886358887 27.7378183437035 "experimento_38" 38 1000 1000 0.8 30 0.4 1 0.8
1.0127384228011 34.2620885730543 "experimento_38" 38 1000 1000 0.8 30 0.4 1 0.8
0.999081044457853 31.1837240237259 "experimento_38" 38 1000 1000 0.8 30 0.4 1 0.8
1.02538542643721 35.8945790413542 "experimento_38" 38 1000 1000 0.8 30 0.4 1 0.8
1.00192428373664 29.1943719394318 "experimento_38" 38 1000 1000 0.8 30 0.4 1 0.8
1.01465200929282 27.1946997643235 "experimento_38" 38 1000 1000 0.8 30 0.4 1 0.8
1.00210911754208 28.8154333292534 "experimento_38" 38 1000 1000 0.8 30 0.4 1 0.8
0.997597144683823 28.801217516589 "experimento_38" 38 1000 1000 0.8 30 0.4 1 0.8
1.00128459565652 32.2046256330878 "experimento_38" 38 1000 1000 0.8 30 0.4 1 0.8
1.00096383719228 29.3549102654574 "experimento_38" 38 1000 1000 0.8 30 0.4 1 0.8
1.00022527032609 31.8054578617326 "experimento_38" 38 1000 1000 0.8 30 0.4 1 0.8
1.00014532284501 32.1600947839437 "experimento_38" 38 1000 1000 0.8 30 0.4 1 0.8
1.00059598412675 26.3438065696785 "experimento_38" 38 1000 1000 0.8 30 0.4 1 0.8
1.00000115492057 30.0500743311239 "experimento_38" 38 1000 1000 0.8 30 0.4 1 0.8
1.00550474966876 31.0963967501542 "experimento_38" 38 1000 1000 0.8 30 0.4 1 0.8
1.00068853934466 29.7534532455128 "experimento_38" 38 1000 1000 0.8 30 0.4 1 0.8
1.0085463652232 24.9836696455053 "experimento_38" 38 1000 1000 0.8 30 0.4 1 0.8
0.998789248988032 27.047887133319 "experimento_38" 38 1000 1000 0.8 30 0.4 1 0.8
1.00037330665315 30.32146230382 "experimento_38" 38 1000 1000 0.8 30 0.4 1 0.8
1.02118100708661 26.9022748655435 "experimento_38" 38 1000 1000 0.8 30 0.4 1 0.8
1.00227830232529 27.2532460233176 "experimento_38" 38 1000 1000 0.8 30 0.4 1 0.8
1.00222449745909 30.5801420656542 "experimento_38" 38 1000 1000 0.8 30 0.4 1 0.8
0.998155446490273 30.3589768602848 "experimento_38" 38 1000 1000 0.8 30 0.4 1 0.8
1.01667954293593 32.2147480106935 "experimento_38" 38 1000 1000 0.8 30 0.4 1 0.8
1.00021634316259 34.8754135998887 "experimento_38" 38 1000 1000 0.8 30 0.4 1 0.8
1.00007877850105 28.1042224048023 "experimento_38" 38 1000 1000 0.8 30 0.4 1 0.8
0.998946503270417 28.9770567314392 "experimento_38" 38 1000 1000 0.8 30 0.4 1 0.8
0.998865089379251 28.0508967580456 "experimento_38" 38 1000 1000 0.8 30 0.4 1 0.8
1.0006322762308 29.2550506904155 "experimento_38" 38 1000 1000 0.8 30 0.4 1 0.8
1.00024175173783 29.7776195470672 "experimento_38" 38 1000 1000 0.8 30 0.4 1 0.8
1.00032893112295 29.9409805142219 "experimento_38" 38 1000 1000 0.8 30 0.4 1 0.8
1.00066383628485 33.2575672139113 "experimento_38" 38 1000 1000 0.8 30 0.4 1 0.8
0.998249650467187 29.207345627618 "experimento_38" 38 1000 1000 0.8 30 0.4 1 0.8
1.00025496614477 29.4625080838941 "experimento_38" 38 1000 1000 0.8 30 0.4 1 0.8
1.00092720353665 32.0026419843784 "experimento_38" 38 1000 1000 0.8 30 0.4 1 0.8
0.997936905128881 32.207093856938 "experimento_38" 38 1000 1000 0.8 30 0.4 1 0.8
0.999753564130515 27.2443454277083 "experimento_38" 38 1000 1000 0.8 30 0.4 1 0.8
1.00243369659098 31.5239606739479 "experimento_38" 38 1000 1000 0.8 30 0.4 1 0.8
1.00049094174368 29.7314371361187 "experimento_38" 38 1000 1000 0.8 30 0.4 1 0.8
1.02183037803819 35.1492959234474 "experimento_38" 38 1000 1000 0.8 30 0.4 1 0.8
1.01144004406718 23.4980374498267 "experimento_38" 38 1000 1000 0.8 30 0.4 1 0.8
1.01906160266759 31.2433657729756 "experimento_38" 38 1000 1000 0.8 30 0.4 1 0.8
1.0004299131843 32.1815548163312 "experimento_38" 38 1000 1000 0.8 30 0.4 1 0.8
1.00237719249565 30.7683476740269 "experimento_38" 38 1000 1000 0.8 30 0.4 1 0.8
1.01822414157602 34.9351355000646 "experimento_38" 38 1000 1000 0.8 30 0.4 1 0.8
1.00338058253265 30.7107521557435 "experimento_38" 38 1000 1000 0.8 30 0.4 1 0.8
1.00028569406397 27.4035363534843 "experimento_38" 38 1000 1000 0.8 30 0.4 1 0.8
0.998400436947122 26.2068073522516 "experimento_38" 38 1000 1000 0.8 30 0.4 1 0.8
0.999319419963285 32.1379922818133 "experimento_38" 38 1000 1000 0.8 30 0.4 1 0.8
1.02678914926806 26.4686527000898 "experimento_38" 38 1000 1000 0.8 30 0.4 1 0.8
1.01795633677393 33.5645425782928 "experimento_38" 38 1000 1000 0.8 30 0.4 1 0.8
1.00155395070712 31.0559911733811 "experimento_38" 38 1000 1000 0.8 30 0.4 1 0.8
1.00201153405625 29.8554025623663 "experimento_38" 38 1000 1000 0.8 30 0.4 1 0.8
1.01153192936132 33.2406608948321 "experimento_38" 38 1000 1000 0.8 30 0.4 1 0.8
1.01170641966164 29.9180743312871 "experimento_38" 38 1000 1000 0.8 30 0.4 1 0.8
1.02134045443187 35.7580902243577 "experimento_38" 38 1000 1000 0.8 30 0.4 1 0.8
1.00177099223392 28.9915377539973 "experimento_38" 38 1000 1000 0.8 30 0.4 1 0.8
1.0104934784739 37.8042239136365 "experimento_38" 38 1000 1000 0.8 30 0.4 1 0.8
0.997390075121075 27.0559398032172 "experimento_38" 38 1000 1000 0.8 30 0.4 1 0.8
0.999493129085749 29.6870003924944 "experimento_38" 38 1000 1000 0.8 30 0.4 1 0.8
1.00283071195505 29.154721550486 "experimento_38" 38 1000 1000 0.8 30 0.4 1 0.8
1.01605697420115 32.1466523947496 "experimento_38" 38 1000 1000 0.8 30 0.4 1 0.8
1.03032241808111 35.7485635626356 "experimento_38" 38 1000 1000 0.8 30 0.4 1 0.8
1.02316717080928 25.9755751742819 "experimento_38" 38 1000 1000 0.8 30 0.4 1 0.8
1.00212807394564 31.0403412062962 "experimento_38" 38 1000 1000 0.8 30 0.4 1 0.8
0.999822605401278 26.3690687150417 "experimento_38" 38 1000 1000 0.8 30 0.4 1 0.8
1.00025405526782 26.8622662729595 "experimento_38" 38 1000 1000 0.8 30 0.4 1 0.8
1.01546771936119 31.2434218711482 "experimento_38" 38 1000 1000 0.8 30 0.4 1 0.8
0.999848023522645 30.1380255141982 "experimento_38" 38 1000 1000 0.8 30 0.4 1 0.8
0.999591067200527 35.0092809074171 "experimento_38" 38 1000 1000 0.8 30 0.4 1 0.8
1.0271840789563 36.3381295324653 "experimento_38" 38 1000 1000 0.8 30 0.4 1 0.8
1.00101831940313 30.5383682459501 "experimento_38" 38 1000 1000 0.8 30 0.4 1 0.8
0.999021186493337 30.7411452937253 "experimento_38" 38 1000 1000 0.8 30 0.4 1 0.8
0.997714986559004 27.5650641116644 "experimento_38" 38 1000 1000 0.8 30 0.4 1 0.8
1.00289634794658 32.2561156577223 "experimento_38" 38 1000 1000 0.8 30 0.4 1 0.8
0.999654222745448 29.5870946010067 "experimento_38" 38 1000 1000 0.8 30 0.4 1 0.8
1.00609896636941 29.3172793863547 "experimento_38" 38 1000 1000 0.8 30 0.4 1 0.8
1.00033729878875 28.7395305319393 "experimento_38" 38 1000 1000 0.8 30 0.4 1 0.8
1.00693020918407 28.7690436268164 "experimento_38" 38 1000 1000 0.8 30 0.4 1 0.8
1.00020458404906 29.1334947176563 "experimento_38" 38 1000 1000 0.8 30 0.4 1 0.8
1.00169795537367 32.1795807952599 "experimento_38" 38 1000 1000 0.8 30 0.4 1 0.8
0.999893492786214 27.4219902759678 "experimento_38" 38 1000 1000 0.8 30 0.4 1 0.8
1.00013889030864 31.3382952456001 "experimento_38" 38 1000 1000 0.8 30 0.4 1 0.8
1.00056452268424 29.4511715868406 "experimento_38" 38 1000 1000 0.8 30 0.4 1 0.8
1.00319232777438 31.9235223617911 "experimento_38" 38 1000 1000 0.8 30 0.4 1 0.8
1.00134553586443 33.3237341042133 "experimento_38" 38 1000 1000 0.8 30 0.4 1 0.8
1.00054925783298 29.7076554166276 "experimento_38" 38 1000 1000 0.8 30 0.4 1 0.8
0.998424189398065 32.4062754091732 "experimento_38" 38 1000 1000 0.8 30 0.4 1 0.8
1.0001724912785 32.423846796169 "experimento_38" 38 1000 1000 0.8 30 0.4 1 0.8
1.00002827315281 31.0735629039659 "experimento_38" 38 1000 1000 0.8 30 0.4 1 0.8
0.999190634815022 28.9416995391025 "experimento_38" 38 1000 1000 0.8 30 0.4 1 0.8
1.00003716802845 31.4492821020985 "experimento_38" 38 1000 1000 0.8 30 0.4 1 0.8
1.00051977278975 26.4752735098683 "experimento_38" 38 1000 1000 0.8 30 0.4 1 0.8
1.00351575201688 33.0770640628388 "experimento_38" 38 1000 1000 0.8 30 0.4 1 0.8
1.00921583190251 25.6704420305042 "experimento_38" 38 1000 1000 0.8 30 0.4 1 0.8
1.0061671894975 25.3305829812535 "experimento_38" 38 1000 1000 0.8 30 0.4 1 0.8
1.00013055743082 33.9077376382006 "experimento_38" 38 1000 1000 0.8 30 0.4 1 0.8
1.01162295836645 27.7726197765133 "experimento_38" 38 1000 1000 0.8 30 0.4 1 0.8
1.00077684896369 30.5643126513946 "experimento_38" 38 1000 1000 0.8 30 0.4 1 0.8
1.00325736172117 33.8398798233397 "experimento_38" 38 1000 1000 0.8 30 0.4 1 0.8
0.997740327846259 29.3026757758075 "experimento_38" 38 1000 1000 0.8 30 0.4 1 0.8
0.999088361626491 28.8171882056209 "experimento_38" 38 1000 1000 0.8 30 0.4 1 0.8
1.00174021645843 30.6554916622826 "experimento_38" 38 1000 1000 0.8 30 0.4 1 0.8
1.00160477139677 32.3071439112001 "experimento_38" 38 1000 1000 0.8 30 0.4 1 0.8
1.01485950277808 29.9065768786865 "experimento_38" 38 1000 1000 0.8 30 0.4 1 0.8
1.00453324969858 32.7768617538064 "experimento_38" 38 1000 1000 0.8 30 0.4 1 0.8
1.00007536909472 26.5024559971236 "experimento_38" 38 1000 1000 0.8 30 0.4 1 0.8
1.00042767776176 27.8319486737317 "experimento_38" 38 1000 1000 0.8 30 0.4 1 0.8
1.00020736688748 30.7706854660057 "experimento_38" 38 1000 1000 0.8 30 0.4 1 0.8
1.00781169797453 29.9363759732006 "experimento_38" 38 1000 1000 0.8 30 0.4 1 0.8
0.998985793674365 28.8462708153229 "experimento_38" 38 1000 1000 0.8 30 0.4 1 0.8
0.999044118681923 27.7490747942635 "experimento_38" 38 1000 1000 0.8 30 0.4 1 0.8
0.999569623498246 30.4095417857423 "experimento_38" 38 1000 1000 0.8 30 0.4 1 0.8
0.998205040115863 29.3393176394757 "experimento_38" 38 1000 1000 0.8 30 0.4 1 0.8
1.0012715792659 29.955949326128 "experimento_38" 38 1000 1000 0.8 30 0.4 1 0.8
1.02198614858401 36.036907056359 "experimento_38" 38 1000 1000 0.8 30 0.4 1 0.8
1.00922771122304 31.177338103009 "experimento_38" 38 1000 1000 0.8 30 0.4 1 0.8
1.00601326374648 31.1032722478116 "experimento_38" 38 1000 1000 0.8 30 0.4 1 0.8
1.05636431196749 45.8687935689399 "experimento_38" 38 1000 1000 0.8 30 0.4 1 0.8
1.00158261740992 32.1477165971799 "experimento_38" 38 1000 1000 0.8 30 0.4 1 0.8
1.00023296951937 29.5068850894879 "experimento_38" 38 1000 1000 0.8 30 0.4 1 0.8
1.00155587392042 31.1318330402904 "experimento_38" 38 1000 1000 0.8 30 0.4 1 0.8
0.999788155779243 30.2480384434762 "experimento_38" 38 1000 1000 0.8 30 0.4 1 0.8
1.01840248421455 30.7160714363454 "experimento_38" 38 1000 1000 0.8 30 0.4 1 0.8
1.0152906103991 23.4151394260377 "experimento_38" 38 1000 1000 0.8 30 0.4 1 0.8
1.03946760433276 34.8230539345009 "experimento_38" 38 1000 1000 0.8 30 0.4 1 0.8
1.0191276762945 40.1311721900124 "experimento_38" 38 1000 1000 0.8 30 0.4 1 0.8
1.00003260440814 31.7298455773184 "experimento_38" 38 1000 1000 0.8 30 0.4 1 0.8
0.998290502466261 29.8448733082596 "experimento_38" 38 1000 1000 0.8 30 0.4 1 0.8
1.00020529221122 32.570400117488 "experimento_38" 38 1000 1000 0.8 30 0.4 1 0.8
1.00018946103131 29.6793655240689 "experimento_38" 38 1000 1000 0.8 30 0.4 1 0.8
0.999232665868476 30.9876800500747 "experimento_38" 38 1000 1000 0.8 30 0.4 1 0.8
1.00078683975175 31.6391055906619 "experimento_38" 38 1000 1000 0.8 30 0.4 1 0.8
1.00018156271961 35.2546870703406 "experimento_38" 38 1000 1000 0.8 30 0.4 1 0.8
1.01344605064951 34.2299615797402 "experimento_38" 38 1000 1000 0.8 30 0.4 1 0.8
1.00266445056117 30.0188474500299 "experimento_38" 38 1000 1000 0.8 30 0.4 1 0.8
1.0041781429667 26.9885648058522 "experimento_38" 38 1000 1000 0.8 30 0.4 1 0.8
1.00218725463686 28.5335036730564 "experimento_38" 38 1000 1000 0.8 30 0.4 1 0.8
1.00462832259946 31.5673009664474 "experimento_38" 38 1000 1000 0.8 30 0.4 1 0.8
0.998875478748232 28.7524798479768 "experimento_38" 38 1000 1000 0.8 30 0.4 1 0.8
1.0005181678726 30.0398102674392 "experimento_38" 38 1000 1000 0.8 30 0.4 1 0.8
1.04536104084163 25.3178623547585 "experimento_38" 38 1000 1000 0.8 30 0.4 1 0.8
1.00023167689998 33.1090468308334 "experimento_38" 38 1000 1000 0.8 30 0.4 1 0.8
1.00451740492898 31.0936397800895 "experimento_38" 38 1000 1000 0.8 30 0.4 1 0.8
0.99873049207963 31.2535008643349 "experimento_38" 38 1000 1000 0.8 30 0.4 1 0.8
0.998977415263653 27.5691247838109 "experimento_38" 38 1000 1000 0.8 30 0.4 1 0.8
1.01627567765328 30.4813823643543 "experimento_38" 38 1000 1000 0.8 30 0.4 1 0.8
1.01983631416224 33.1251884611626 "experimento_38" 38 1000 1000 0.8 30 0.4 1 0.8
1.03347437580287 36.4459320637448 "experimento_38" 38 1000 1000 0.8 30 0.4 1 0.8
1.00173407755792 27.8109137874836 "experimento_38" 38 1000 1000 0.8 30 0.4 1 0.8
0.999747347319499 27.0070411892304 "experimento_38" 38 1000 1000 0.8 30 0.4 1 0.8
1.00026879669167 29.9675043377265 "experimento_38" 38 1000 1000 0.8 30 0.4 1 0.8
1.00003806907348 29.7708322161292 "experimento_38" 38 1000 1000 0.8 30 0.4 1 0.8
1.00789826431622 32.5945453569443 "experimento_38" 38 1000 1000 0.8 30 0.4 1 0.8
1.00089339784657 28.7163645782715 "experimento_38" 38 1000 1000 0.8 30 0.4 1 0.8
0.999596321256831 31.2647304494991 "experimento_38" 38 1000 1000 0.8 30 0.4 1 0.8
1.0153545637615 27.6929883523957 "experimento_38" 38 1000 1000 0.8 30 0.4 1 0.8
1.00317688900977 27.8408300421807 "experimento_38" 38 1000 1000 0.8 30 0.4 1 0.8
1.00247222514202 31.1181443833294 "experimento_38" 38 1000 1000 0.8 30 0.4 1 0.8
1.00014356264936 31.2233232056025 "experimento_38" 38 1000 1000 0.8 30 0.4 1 0.8
0.999528342857957 31.4538775480168 "experimento_38" 38 1000 1000 0.8 30 0.4 1 0.8
0.998048550914973 26.8148869266123 "experimento_38" 38 1000 1000 0.8 30 0.4 1 0.8
1.00036221428668 28.0840366097915 "experimento_38" 38 1000 1000 0.8 30 0.4 1 0.8
0.998146154684946 27.5550793092699 "experimento_38" 38 1000 1000 0.8 30 0.4 1 0.8
1.04007787164161 35.3805088413513 "experimento_38" 38 1000 1000 0.8 30 0.4 1 0.8
1.00266679820294 32.2701637154885 "experimento_38" 38 1000 1000 0.8 30 0.4 1 0.8
1.00022086897743 33.0664542709141 "experimento_38" 38 1000 1000 0.8 30 0.4 1 0.8
1.00720766666345 32.5445053714974 "experimento_38" 38 1000 1000 0.8 30 0.4 1 0.8
1.00869503317711 28.6788665137189 "experimento_38" 38 1000 1000 0.8 30 0.4 1 0.8
1.00891314408574 32.0087842122385 "experimento_38" 38 1000 1000 0.8 30 0.4 1 0.8
0.998605129541829 29.3495522434909 "experimento_38" 38 1000 1000 0.8 30 0.4 1 0.8
1.0004808153352 25.7288831012414 "experimento_38" 38 1000 1000 0.8 30 0.4 1 0.8
1.00067026836229 34.159753103278 "experimento_38" 38 1000 1000 0.8 30 0.4 1 0.8
1.00034981795026 31.1826020028178 "experimento_38" 38 1000 1000 0.8 30 0.4 1 0.8
1.00248338979048 29.0246142814343 "experimento_38" 38 1000 1000 0.8 30 0.4 1 0.8
1.02049770111529 24.9450598873068 "experimento_38" 38 1000 1000 0.8 30 0.4 1 0.8
1.00100355842168 30.411192836492 "experimento_38" 38 1000 1000 0.8 30 0.4 1 0.8
1.0009475703196 29.4230786668219 "experimento_38" 38 1000 1000 0.8 30 0.4 1 0.8
1.00577203813699 30.0286832472713 "experimento_38" 38 1000 1000 0.8 30 0.4 1 0.8
0.999718075618148 33.7822744326254 "experimento_38" 38 1000 1000 0.8 30 0.4 1 0.8
1.00025644858057 31.6809186774746 "experimento_38" 38 1000 1000 0.8 30 0.4 1 0.8
1.01778149314535 24.3791807118161 "experimento_38" 38 1000 1000 0.8 30 0.4 1 0.8
1.00084407087415 28.5323106414419 "experimento_38" 38 1000 1000 0.8 30 0.4 1 0.8
0.99920251686126 31.408364186635 "experimento_38" 38 1000 1000 0.8 30 0.4 1 0.8
0.998148535378277 26.4261270994156 "experimento_38" 38 1000 1000 0.8 30 0.4 1 0.8
1.00724763752272 35.0852681093628 "experimento_38" 38 1000 1000 0.8 30 0.4 1 0.8
1.00666146642151 34.3417165531247 "experimento_38" 38 1000 1000 0.8 30 0.4 1 0.8
1.00013349259583 29.6339553354716 "experimento_38" 38 1000 1000 0.8 30 0.4 1 0.8
0.999140412313864 28.3155782865882 "experimento_38" 38 1000 1000 0.8 30 0.4 1 0.8
1.01301579068725 34.7436586019229 "experimento_38" 38 1000 1000 0.8 30 0.4 1 0.8
1.01650256567324 34.9665704731422 "experimento_38" 38 1000 1000 0.8 30 0.4 1 0.8
1.00020788563415 27.5419112810421 "experimento_38" 38 1000 1000 0.8 30 0.4 1 0.8
1.01595606929623 27.0640577220975 "experimento_38" 38 1000 1000 0.8 30 0.4 1 0.8
1.00216850246782 30.6690517341466 "experimento_38" 38 1000 1000 0.8 30 0.4 1 0.8
1.00066944121694 33.211284078031 "experimento_38" 38 1000 1000 0.8 30 0.4 1 0.8
1.01959466707269 29.4057312131737 "experimento_38" 38 1000 1000 0.8 30 0.4 1 0.8
1.01334048121547 28.5100265607019 "experimento_38" 38 1000 1000 0.8 30 0.4 1 0.8
1.01192969105517 32.8143422718686 "experimento_38" 38 1000 1000 0.8 30 0.4 1 0.8
1.00054921517149 29.4577864683997 "experimento_38" 38 1000 1000 0.8 30 0.4 1 0.8
1.00028260232964 29.0812608919826 "experimento_38" 38 1000 1000 0.8 30 0.4 1 0.8
1.01430569939684 24.0915976183805 "experimento_38" 38 1000 1000 0.8 30 0.4 1 0.8
