"est.u" "est.lamb" "name" "seed" "size" "replicates" "p_umbral" "exp_lambda" "alpha_pen" "n_pen" "c"
0.995549666229635 10.6254743983156 "experimento_36" 36 10000 1000 0.95 10 0.4 1 0.8
0.998668954707682 10.4041334641861 "experimento_36" 36 10000 1000 0.95 10 0.4 1 0.8
0.999162676744163 9.91577567400111 "experimento_36" 36 10000 1000 0.95 10 0.4 1 0.8
0.925662991823629 10.0509623344198 "experimento_36" 36 10000 1000 0.95 10 0.4 1 0.8
0.998833783902228 10.9345735465626 "experimento_36" 36 10000 1000 0.95 10 0.4 1 0.8
0.996824064059183 10.191932121838 "experimento_36" 36 10000 1000 0.95 10 0.4 1 0.8
1.00062078143513 9.87679365504305 "experimento_36" 36 10000 1000 0.95 10 0.4 1 0.8
1.00315722068772 10.0205466819579 "experimento_36" 36 10000 1000 0.95 10 0.4 1 0.8
1.08574321064678 8.63663117599528 "experimento_36" 36 10000 1000 0.95 10 0.4 1 0.8
0.933328185696155 10.8958628851302 "experimento_36" 36 10000 1000 0.95 10 0.4 1 0.8
0.999122737906873 9.59188434012482 "experimento_36" 36 10000 1000 0.95 10 0.4 1 0.8
0.997798282420263 9.61687691927893 "experimento_36" 36 10000 1000 0.95 10 0.4 1 0.8
0.997353524202481 10.4073353979091 "experimento_36" 36 10000 1000 0.95 10 0.4 1 0.8
0.996050563640893 10.1558673794575 "experimento_36" 36 10000 1000 0.95 10 0.4 1 0.8
1.02104169731028 10.3778790040452 "experimento_36" 36 10000 1000 0.95 10 0.4 1 0.8
1.03645241733776 9.25865003172562 "experimento_36" 36 10000 1000 0.95 10 0.4 1 0.8
1.00646039734809 10.1014868650517 "experimento_36" 36 10000 1000 0.95 10 0.4 1 0.8
0.997688238043338 10.5099652768222 "experimento_36" 36 10000 1000 0.95 10 0.4 1 0.8
1.06398229291663 8.69825684316195 "experimento_36" 36 10000 1000 0.95 10 0.4 1 0.8
0.997228032210842 10.3797502212319 "experimento_36" 36 10000 1000 0.95 10 0.4 1 0.8
1.00568341340123 9.6453209468785 "experimento_36" 36 10000 1000 0.95 10 0.4 1 0.8
1.04011635198258 10.6218549193149 "experimento_36" 36 10000 1000 0.95 10 0.4 1 0.8
1.01074936515607 9.92449196075031 "experimento_36" 36 10000 1000 0.95 10 0.4 1 0.8
1.06208367981017 11.0011674308195 "experimento_36" 36 10000 1000 0.95 10 0.4 1 0.8
0.998994394438341 9.42586201644388 "experimento_36" 36 10000 1000 0.95 10 0.4 1 0.8
1.07900069513869 9.58544779281421 "experimento_36" 36 10000 1000 0.95 10 0.4 1 0.8
1.10890507539314 13.5265546803228 "experimento_36" 36 10000 1000 0.95 10 0.4 1 0.8
1.01225424599834 9.72361760307962 "experimento_36" 36 10000 1000 0.95 10 0.4 1 0.8
0.998249164316803 10.3176041727469 "experimento_36" 36 10000 1000 0.95 10 0.4 1 0.8
1.00352661875077 9.53773606907619 "experimento_36" 36 10000 1000 0.95 10 0.4 1 0.8
0.991603879025206 10.929913058417 "experimento_36" 36 10000 1000 0.95 10 0.4 1 0.8
1.05368664283305 8.76880469697331 "experimento_36" 36 10000 1000 0.95 10 0.4 1 0.8
0.999254395253956 9.78906926437781 "experimento_36" 36 10000 1000 0.95 10 0.4 1 0.8
1.00909430505708 9.59430540943102 "experimento_36" 36 10000 1000 0.95 10 0.4 1 0.8
1.07561634061084 10.0464105389615 "experimento_36" 36 10000 1000 0.95 10 0.4 1 0.8
1.04399888957851 11.0674739414493 "experimento_36" 36 10000 1000 0.95 10 0.4 1 0.8
1.05444056479594 8.82591720908414 "experimento_36" 36 10000 1000 0.95 10 0.4 1 0.8
0.997313184430823 10.8678281544165 "experimento_36" 36 10000 1000 0.95 10 0.4 1 0.8
0.998636756557971 9.87748099959018 "experimento_36" 36 10000 1000 0.95 10 0.4 1 0.8
1.00262294414545 10.1781128555952 "experimento_36" 36 10000 1000 0.95 10 0.4 1 0.8
0.920016809599474 10.0320147827468 "experimento_36" 36 10000 1000 0.95 10 0.4 1 0.8
0.996825782582164 11.4786111842308 "experimento_36" 36 10000 1000 0.95 10 0.4 1 0.8
0.997300427639857 9.37813436286418 "experimento_36" 36 10000 1000 0.95 10 0.4 1 0.8
1.05839021168649 8.52153329128793 "experimento_36" 36 10000 1000 0.95 10 0.4 1 0.8
1.00501079862238 9.17190933662413 "experimento_36" 36 10000 1000 0.95 10 0.4 1 0.8
0.998169508762658 9.63332753434455 "experimento_36" 36 10000 1000 0.95 10 0.4 1 0.8
0.9985840190202 9.9411904864542 "experimento_36" 36 10000 1000 0.95 10 0.4 1 0.8
1.04173299167305 9.74032507103065 "experimento_36" 36 10000 1000 0.95 10 0.4 1 0.8
1.02162679564208 9.52856088302877 "experimento_36" 36 10000 1000 0.95 10 0.4 1 0.8
0.998069098684937 10.1159701233814 "experimento_36" 36 10000 1000 0.95 10 0.4 1 0.8
1.07854271861169 10.3878789694858 "experimento_36" 36 10000 1000 0.95 10 0.4 1 0.8
0.998269560746849 10.2796948652442 "experimento_36" 36 10000 1000 0.95 10 0.4 1 0.8
1.02247708820115 10.1329993984064 "experimento_36" 36 10000 1000 0.95 10 0.4 1 0.8
0.999657599255443 10.5881648034946 "experimento_36" 36 10000 1000 0.95 10 0.4 1 0.8
0.998728624545038 10.5144050090423 "experimento_36" 36 10000 1000 0.95 10 0.4 1 0.8
0.998220542445779 10.7519834000585 "experimento_36" 36 10000 1000 0.95 10 0.4 1 0.8
1.00252853348833 9.46604640889026 "experimento_36" 36 10000 1000 0.95 10 0.4 1 0.8
0.999617584981024 9.49476731576522 "experimento_36" 36 10000 1000 0.95 10 0.4 1 0.8
0.997156059136614 10.5929701159046 "experimento_36" 36 10000 1000 0.95 10 0.4 1 0.8
1.02087863245928 9.93403488277261 "experimento_36" 36 10000 1000 0.95 10 0.4 1 0.8
1.08008574423891 11.2791286807826 "experimento_36" 36 10000 1000 0.95 10 0.4 1 0.8
0.995050963247195 10.4856349985464 "experimento_36" 36 10000 1000 0.95 10 0.4 1 0.8
1.00458271531388 9.5749232252232 "experimento_36" 36 10000 1000 0.95 10 0.4 1 0.8
0.997937498614192 11.1360800627014 "experimento_36" 36 10000 1000 0.95 10 0.4 1 0.8
1.02330140774138 9.25252285250118 "experimento_36" 36 10000 1000 0.95 10 0.4 1 0.8
1.13708734269765 11.1906908245295 "experimento_36" 36 10000 1000 0.95 10 0.4 1 0.8
0.999244339996949 10.3697985219646 "experimento_36" 36 10000 1000 0.95 10 0.4 1 0.8
0.997319974470884 11.0742569772153 "experimento_36" 36 10000 1000 0.95 10 0.4 1 0.8
1.05150262638927 9.84345867258504 "experimento_36" 36 10000 1000 0.95 10 0.4 1 0.8
0.998611873714253 10.4746699823474 "experimento_36" 36 10000 1000 0.95 10 0.4 1 0.8
0.999615933047608 9.44761368580327 "experimento_36" 36 10000 1000 0.95 10 0.4 1 0.8
1.00113318115473 10.5736319488408 "experimento_36" 36 10000 1000 0.95 10 0.4 1 0.8
1.04821810568683 10.1478692296639 "experimento_36" 36 10000 1000 0.95 10 0.4 1 0.8
1.00005140176554 10.3188871949987 "experimento_36" 36 10000 1000 0.95 10 0.4 1 0.8
0.997055493993685 9.8091773798546 "experimento_36" 36 10000 1000 0.95 10 0.4 1 0.8
0.996783913811669 10.2312334354481 "experimento_36" 36 10000 1000 0.95 10 0.4 1 0.8
1.00084736277423 10.6784398952989 "experimento_36" 36 10000 1000 0.95 10 0.4 1 0.8
1.04529262236319 8.90076995508152 "experimento_36" 36 10000 1000 0.95 10 0.4 1 0.8
1.0000152268447 10.5349626644311 "experimento_36" 36 10000 1000 0.95 10 0.4 1 0.8
1.00286867829565 9.91441759669598 "experimento_36" 36 10000 1000 0.95 10 0.4 1 0.8
1.05866916067898 9.56142045041799 "experimento_36" 36 10000 1000 0.95 10 0.4 1 0.8
1.0042150340043 9.66630821073779 "experimento_36" 36 10000 1000 0.95 10 0.4 1 0.8
0.995698554674163 10.0915018153052 "experimento_36" 36 10000 1000 0.95 10 0.4 1 0.8
0.997340183705091 9.58643568063321 "experimento_36" 36 10000 1000 0.95 10 0.4 1 0.8
1.08272143797529 10.5513261600736 "experimento_36" 36 10000 1000 0.95 10 0.4 1 0.8
1.00504945334978 9.34966534893271 "experimento_36" 36 10000 1000 0.95 10 0.4 1 0.8
0.942640103865415 11.4573651282011 "experimento_36" 36 10000 1000 0.95 10 0.4 1 0.8
0.996800573775545 10.0505194490012 "experimento_36" 36 10000 1000 0.95 10 0.4 1 0.8
1.00128058800474 9.99016932490519 "experimento_36" 36 10000 1000 0.95 10 0.4 1 0.8
1.01243710435716 9.18170124930258 "experimento_36" 36 10000 1000 0.95 10 0.4 1 0.8
0.998623898020014 9.65020840119403 "experimento_36" 36 10000 1000 0.95 10 0.4 1 0.8
0.998564389068633 9.33606374565575 "experimento_36" 36 10000 1000 0.95 10 0.4 1 0.8
1.00223956561984 10.2685029049297 "experimento_36" 36 10000 1000 0.95 10 0.4 1 0.8
0.999603998148814 10.3936031366342 "experimento_36" 36 10000 1000 0.95 10 0.4 1 0.8
1.00035820072517 9.90760589538512 "experimento_36" 36 10000 1000 0.95 10 0.4 1 0.8
0.99969392712228 9.68320178044152 "experimento_36" 36 10000 1000 0.95 10 0.4 1 0.8
1.11700854096142 11.6349774177399 "experimento_36" 36 10000 1000 0.95 10 0.4 1 0.8
0.998841692460701 10.5718208193885 "experimento_36" 36 10000 1000 0.95 10 0.4 1 0.8
0.997410329757258 10.1605697743984 "experimento_36" 36 10000 1000 0.95 10 0.4 1 0.8
0.999985058093444 9.87331359562259 "experimento_36" 36 10000 1000 0.95 10 0.4 1 0.8
0.999377531232312 10.4853710894956 "experimento_36" 36 10000 1000 0.95 10 0.4 1 0.8
0.999872040003538 9.59965456247216 "experimento_36" 36 10000 1000 0.95 10 0.4 1 0.8
1.03769888645038 9.57484580895653 "experimento_36" 36 10000 1000 0.95 10 0.4 1 0.8
0.998590932693332 10.6155488289188 "experimento_36" 36 10000 1000 0.95 10 0.4 1 0.8
0.999898003647104 9.34804627797027 "experimento_36" 36 10000 1000 0.95 10 0.4 1 0.8
0.99959037383087 10.8541629766422 "experimento_36" 36 10000 1000 0.95 10 0.4 1 0.8
0.998102574143559 10.1393824419154 "experimento_36" 36 10000 1000 0.95 10 0.4 1 0.8
1.05465012993664 10.5726675030515 "experimento_36" 36 10000 1000 0.95 10 0.4 1 0.8
1.03760229493491 9.88786930926757 "experimento_36" 36 10000 1000 0.95 10 0.4 1 0.8
0.995312795974314 10.709306997841 "experimento_36" 36 10000 1000 0.95 10 0.4 1 0.8
0.997386316768825 10.164852434821 "experimento_36" 36 10000 1000 0.95 10 0.4 1 0.8
1.08261050050658 9.79504869338082 "experimento_36" 36 10000 1000 0.95 10 0.4 1 0.8
1.00176777883077 9.38926354334283 "experimento_36" 36 10000 1000 0.95 10 0.4 1 0.8
0.931521702557802 10.6827579735015 "experimento_36" 36 10000 1000 0.95 10 0.4 1 0.8
0.999412167118862 9.80803108985829 "experimento_36" 36 10000 1000 0.95 10 0.4 1 0.8
0.998842876637354 10.5446395863517 "experimento_36" 36 10000 1000 0.95 10 0.4 1 0.8
0.998879467602819 9.98097687011734 "experimento_36" 36 10000 1000 0.95 10 0.4 1 0.8
1.00472015365958 9.38164436898134 "experimento_36" 36 10000 1000 0.95 10 0.4 1 0.8
1.05471860305406 11.1945951423769 "experimento_36" 36 10000 1000 0.95 10 0.4 1 0.8
0.999592677922919 9.63843035537245 "experimento_36" 36 10000 1000 0.95 10 0.4 1 0.8
0.998015175107867 10.1257847299479 "experimento_36" 36 10000 1000 0.95 10 0.4 1 0.8
0.999110037693754 9.65001652195348 "experimento_36" 36 10000 1000 0.95 10 0.4 1 0.8
1.09603458810178 9.44796550061805 "experimento_36" 36 10000 1000 0.95 10 0.4 1 0.8
0.998203412396833 9.96613332063948 "experimento_36" 36 10000 1000 0.95 10 0.4 1 0.8
1.0054818227985 9.38286647441666 "experimento_36" 36 10000 1000 0.95 10 0.4 1 0.8
0.998314461205155 9.89053230587931 "experimento_36" 36 10000 1000 0.95 10 0.4 1 0.8
0.9950733887963 10.2623069194811 "experimento_36" 36 10000 1000 0.95 10 0.4 1 0.8
1.04643061165698 9.41780765693239 "experimento_36" 36 10000 1000 0.95 10 0.4 1 0.8
1.10396440540952 10.5326330487476 "experimento_36" 36 10000 1000 0.95 10 0.4 1 0.8
1.04058533571661 9.80335415618574 "experimento_36" 36 10000 1000 0.95 10 0.4 1 0.8
0.936150551540777 11.2257793318731 "experimento_36" 36 10000 1000 0.95 10 0.4 1 0.8
1.00677453715704 9.72118119182923 "experimento_36" 36 10000 1000 0.95 10 0.4 1 0.8
0.995495319599286 10.1413683611077 "experimento_36" 36 10000 1000 0.95 10 0.4 1 0.8
1.00220734602772 9.97708077699108 "experimento_36" 36 10000 1000 0.95 10 0.4 1 0.8
1.00217762091665 9.72055895732719 "experimento_36" 36 10000 1000 0.95 10 0.4 1 0.8
1.00102755931913 10.127855934989 "experimento_36" 36 10000 1000 0.95 10 0.4 1 0.8
0.999753918498755 9.91512383648645 "experimento_36" 36 10000 1000 0.95 10 0.4 1 0.8
0.998129492392763 10.1143172615498 "experimento_36" 36 10000 1000 0.95 10 0.4 1 0.8
1.00025083515516 9.82995567275028 "experimento_36" 36 10000 1000 0.95 10 0.4 1 0.8
1.00356688016406 9.8593984860924 "experimento_36" 36 10000 1000 0.95 10 0.4 1 0.8
0.999246282270178 10.5902730493417 "experimento_36" 36 10000 1000 0.95 10 0.4 1 0.8
0.997879126574844 11.8103196855238 "experimento_36" 36 10000 1000 0.95 10 0.4 1 0.8
0.998610714450479 10.3296463249752 "experimento_36" 36 10000 1000 0.95 10 0.4 1 0.8
0.999290810665116 10.0219698507403 "experimento_36" 36 10000 1000 0.95 10 0.4 1 0.8
0.997943637892604 9.84777587263654 "experimento_36" 36 10000 1000 0.95 10 0.4 1 0.8
0.99671544553712 9.86246322143291 "experimento_36" 36 10000 1000 0.95 10 0.4 1 0.8
0.994178071385249 10.4069413381998 "experimento_36" 36 10000 1000 0.95 10 0.4 1 0.8
1.10524521655914 9.66015376685205 "experimento_36" 36 10000 1000 0.95 10 0.4 1 0.8
0.997931026853621 11.2950647179723 "experimento_36" 36 10000 1000 0.95 10 0.4 1 0.8
0.999980299500749 9.72788459936592 "experimento_36" 36 10000 1000 0.95 10 0.4 1 0.8
0.918011878849939 10.2675855905665 "experimento_36" 36 10000 1000 0.95 10 0.4 1 0.8
0.994661964010447 10.7825819533606 "experimento_36" 36 10000 1000 0.95 10 0.4 1 0.8
1.00179095137864 10.5540984037154 "experimento_36" 36 10000 1000 0.95 10 0.4 1 0.8
0.997824422549456 9.62775071634196 "experimento_36" 36 10000 1000 0.95 10 0.4 1 0.8
0.996906059561297 10.5666035904838 "experimento_36" 36 10000 1000 0.95 10 0.4 1 0.8
1.04788011277061 9.75566755668073 "experimento_36" 36 10000 1000 0.95 10 0.4 1 0.8
1.01187355919147 10.5511166893589 "experimento_36" 36 10000 1000 0.95 10 0.4 1 0.8
1.02759514478967 10.5070488337104 "experimento_36" 36 10000 1000 0.95 10 0.4 1 0.8
0.997839699499309 9.87470375683857 "experimento_36" 36 10000 1000 0.95 10 0.4 1 0.8
0.999987706076354 9.31878370952457 "experimento_36" 36 10000 1000 0.95 10 0.4 1 0.8
1.11147559396502 11.4300879670279 "experimento_36" 36 10000 1000 0.95 10 0.4 1 0.8
1.00829358081831 10.2658831672908 "experimento_36" 36 10000 1000 0.95 10 0.4 1 0.8
1.01087097275943 9.40106383271007 "experimento_36" 36 10000 1000 0.95 10 0.4 1 0.8
1.01423024865799 9.45707486021279 "experimento_36" 36 10000 1000 0.95 10 0.4 1 0.8
1.05464199474081 10.7066163773544 "experimento_36" 36 10000 1000 0.95 10 0.4 1 0.8
1.0418392283842 9.82081163463572 "experimento_36" 36 10000 1000 0.95 10 0.4 1 0.8
1.01245292910041 10.3668623112536 "experimento_36" 36 10000 1000 0.95 10 0.4 1 0.8
1.00468034823425 9.40791330355427 "experimento_36" 36 10000 1000 0.95 10 0.4 1 0.8
0.996600880520418 9.69932762110857 "experimento_36" 36 10000 1000 0.95 10 0.4 1 0.8
1.09687981762529 9.87541923209407 "experimento_36" 36 10000 1000 0.95 10 0.4 1 0.8
0.998153055552393 10.7236689982092 "experimento_36" 36 10000 1000 0.95 10 0.4 1 0.8
1.00732794539072 10.2506445984711 "experimento_36" 36 10000 1000 0.95 10 0.4 1 0.8
1.00012349803001 9.49119906892757 "experimento_36" 36 10000 1000 0.95 10 0.4 1 0.8
1.01548592257313 9.1216558848858 "experimento_36" 36 10000 1000 0.95 10 0.4 1 0.8
0.997710124589503 9.89879285750991 "experimento_36" 36 10000 1000 0.95 10 0.4 1 0.8
0.998672269051895 10.8392555913149 "experimento_36" 36 10000 1000 0.95 10 0.4 1 0.8
1.02344429929486 10.4706221828967 "experimento_36" 36 10000 1000 0.95 10 0.4 1 0.8
1.05188800012693 9.38830395510539 "experimento_36" 36 10000 1000 0.95 10 0.4 1 0.8
1.08734157038432 10.9729534239294 "experimento_36" 36 10000 1000 0.95 10 0.4 1 0.8
1.01459499821067 9.98620709130576 "experimento_36" 36 10000 1000 0.95 10 0.4 1 0.8
0.998438196489587 10.2079368806512 "experimento_36" 36 10000 1000 0.95 10 0.4 1 0.8
0.999466984299943 9.71388110351378 "experimento_36" 36 10000 1000 0.95 10 0.4 1 0.8
1.00226529580541 9.82605858805199 "experimento_36" 36 10000 1000 0.95 10 0.4 1 0.8
0.999800449935719 10.6438068948224 "experimento_36" 36 10000 1000 0.95 10 0.4 1 0.8
1.03864484103397 10.8145416929336 "experimento_36" 36 10000 1000 0.95 10 0.4 1 0.8
1.04585671210662 9.13670645647613 "experimento_36" 36 10000 1000 0.95 10 0.4 1 0.8
1.02395459017716 9.83004608312829 "experimento_36" 36 10000 1000 0.95 10 0.4 1 0.8
0.952193913981318 11.197039989263 "experimento_36" 36 10000 1000 0.95 10 0.4 1 0.8
0.999110597884282 9.15780169530907 "experimento_36" 36 10000 1000 0.95 10 0.4 1 0.8
1.01725207301438 10.7252639313918 "experimento_36" 36 10000 1000 0.95 10 0.4 1 0.8
1.01277823899873 9.98659191772947 "experimento_36" 36 10000 1000 0.95 10 0.4 1 0.8
0.910653901984915 9.94448893485091 "experimento_36" 36 10000 1000 0.95 10 0.4 1 0.8
0.997865052893758 10.0226287274807 "experimento_36" 36 10000 1000 0.95 10 0.4 1 0.8
0.999290283303708 10.0704560353692 "experimento_36" 36 10000 1000 0.95 10 0.4 1 0.8
0.998146557016298 10.628828647512 "experimento_36" 36 10000 1000 0.95 10 0.4 1 0.8
1.06067697373219 11.6325739087146 "experimento_36" 36 10000 1000 0.95 10 0.4 1 0.8
1.00449659647066 9.88880322914367 "experimento_36" 36 10000 1000 0.95 10 0.4 1 0.8
0.99757601111196 10.4569524662529 "experimento_36" 36 10000 1000 0.95 10 0.4 1 0.8
0.999263257253915 10.7446464716649 "experimento_36" 36 10000 1000 0.95 10 0.4 1 0.8
0.927321718074381 10.8375689207182 "experimento_36" 36 10000 1000 0.95 10 0.4 1 0.8
0.996313193812966 10.4410871681706 "experimento_36" 36 10000 1000 0.95 10 0.4 1 0.8
1.03332617050037 8.29593514412383 "experimento_36" 36 10000 1000 0.95 10 0.4 1 0.8
0.998510404722765 10.8547658808343 "experimento_36" 36 10000 1000 0.95 10 0.4 1 0.8
1.00418307613581 10.0046244683509 "experimento_36" 36 10000 1000 0.95 10 0.4 1 0.8
1.00059882720682 9.68807757071161 "experimento_36" 36 10000 1000 0.95 10 0.4 1 0.8
0.997837532078847 11.1567697780112 "experimento_36" 36 10000 1000 0.95 10 0.4 1 0.8
1.00040951295547 9.86773823790538 "experimento_36" 36 10000 1000 0.95 10 0.4 1 0.8
0.998894784832373 11.1509957396038 "experimento_36" 36 10000 1000 0.95 10 0.4 1 0.8
1.03504698169418 9.13218445292298 "experimento_36" 36 10000 1000 0.95 10 0.4 1 0.8
0.997853739419952 10.5103878762629 "experimento_36" 36 10000 1000 0.95 10 0.4 1 0.8
0.927377976244316 10.3836557926878 "experimento_36" 36 10000 1000 0.95 10 0.4 1 0.8
0.99983807769604 9.97555550006277 "experimento_36" 36 10000 1000 0.95 10 0.4 1 0.8
0.997453876072541 11.6446730092509 "experimento_36" 36 10000 1000 0.95 10 0.4 1 0.8
0.997725174296647 10.7669269507008 "experimento_36" 36 10000 1000 0.95 10 0.4 1 0.8
0.997932709753513 10.6128415155824 "experimento_36" 36 10000 1000 0.95 10 0.4 1 0.8
0.995577012421563 9.69545752849962 "experimento_36" 36 10000 1000 0.95 10 0.4 1 0.8
0.998317741556093 10.248880994144 "experimento_36" 36 10000 1000 0.95 10 0.4 1 0.8
0.997010460589081 10.4470630389094 "experimento_36" 36 10000 1000 0.95 10 0.4 1 0.8
0.99905863055028 9.74436119598254 "experimento_36" 36 10000 1000 0.95 10 0.4 1 0.8
0.992769874632359 10.4530045998204 "experimento_36" 36 10000 1000 0.95 10 0.4 1 0.8
0.993681602180004 9.81316887051999 "experimento_36" 36 10000 1000 0.95 10 0.4 1 0.8
0.998393123736605 10.7416290625596 "experimento_36" 36 10000 1000 0.95 10 0.4 1 0.8
0.994608023902401 10.7852855005574 "experimento_36" 36 10000 1000 0.95 10 0.4 1 0.8
0.999953602673486 10.2267744788069 "experimento_36" 36 10000 1000 0.95 10 0.4 1 0.8
0.999155676690862 10.6946780061634 "experimento_36" 36 10000 1000 0.95 10 0.4 1 0.8
1.01700971792452 9.23129463733111 "experimento_36" 36 10000 1000 0.95 10 0.4 1 0.8
1.00067060850998 10.1595857078724 "experimento_36" 36 10000 1000 0.95 10 0.4 1 0.8
1.00526686127678 9.34369659879019 "experimento_36" 36 10000 1000 0.95 10 0.4 1 0.8
0.999147279420868 9.39944731257447 "experimento_36" 36 10000 1000 0.95 10 0.4 1 0.8
1.00146201555617 8.77737779370554 "experimento_36" 36 10000 1000 0.95 10 0.4 1 0.8
1.01707365969196 9.94498444556183 "experimento_36" 36 10000 1000 0.95 10 0.4 1 0.8
1.05804835180752 9.9344955438641 "experimento_36" 36 10000 1000 0.95 10 0.4 1 0.8
0.998998676659539 10.6093967168408 "experimento_36" 36 10000 1000 0.95 10 0.4 1 0.8
0.995245192898437 11.1719540695658 "experimento_36" 36 10000 1000 0.95 10 0.4 1 0.8
0.999466869048774 10.2763960362149 "experimento_36" 36 10000 1000 0.95 10 0.4 1 0.8
0.917100965045393 10.3682669310943 "experimento_36" 36 10000 1000 0.95 10 0.4 1 0.8
1.05911462386139 9.24316155544577 "experimento_36" 36 10000 1000 0.95 10 0.4 1 0.8
0.928086533211172 10.7662248146914 "experimento_36" 36 10000 1000 0.95 10 0.4 1 0.8
1.0007270263915 11.2686598529264 "experimento_36" 36 10000 1000 0.95 10 0.4 1 0.8
1.00070634791628 9.59640807137487 "experimento_36" 36 10000 1000 0.95 10 0.4 1 0.8
1.01694560399043 9.93122562424477 "experimento_36" 36 10000 1000 0.95 10 0.4 1 0.8
0.933101845206693 10.423438460664 "experimento_36" 36 10000 1000 0.95 10 0.4 1 0.8
1.0122350877602 9.51343074487572 "experimento_36" 36 10000 1000 0.95 10 0.4 1 0.8
1.09334438703534 9.03617314138637 "experimento_36" 36 10000 1000 0.95 10 0.4 1 0.8
0.938600391382352 11.2178833790376 "experimento_36" 36 10000 1000 0.95 10 0.4 1 0.8
0.999932159204036 9.92791872876136 "experimento_36" 36 10000 1000 0.95 10 0.4 1 0.8
1.000079717068 10.2488619683795 "experimento_36" 36 10000 1000 0.95 10 0.4 1 0.8
1.01316766169472 9.54983433498121 "experimento_36" 36 10000 1000 0.95 10 0.4 1 0.8
0.997451183386147 10.5688180487442 "experimento_36" 36 10000 1000 0.95 10 0.4 1 0.8
0.999927186407149 9.97983687992506 "experimento_36" 36 10000 1000 0.95 10 0.4 1 0.8
0.99834717111662 10.2461716005935 "experimento_36" 36 10000 1000 0.95 10 0.4 1 0.8
1.03739990094131 9.16738878281508 "experimento_36" 36 10000 1000 0.95 10 0.4 1 0.8
0.997125951107591 9.86157318168548 "experimento_36" 36 10000 1000 0.95 10 0.4 1 0.8
1.00755430376157 9.55354405346546 "experimento_36" 36 10000 1000 0.95 10 0.4 1 0.8
1.01714791419676 9.82500730674314 "experimento_36" 36 10000 1000 0.95 10 0.4 1 0.8
1.06613531736657 11.7956731027891 "experimento_36" 36 10000 1000 0.95 10 0.4 1 0.8
1.00256761421473 9.72430096877314 "experimento_36" 36 10000 1000 0.95 10 0.4 1 0.8
1.00593505219364 9.46150432388366 "experimento_36" 36 10000 1000 0.95 10 0.4 1 0.8
0.997669839765877 10.156048190408 "experimento_36" 36 10000 1000 0.95 10 0.4 1 0.8
0.99934545904398 9.5548623108699 "experimento_36" 36 10000 1000 0.95 10 0.4 1 0.8
0.999526789179072 9.08991467114892 "experimento_36" 36 10000 1000 0.95 10 0.4 1 0.8
0.996539172716439 9.62563560818256 "experimento_36" 36 10000 1000 0.95 10 0.4 1 0.8
1.00001602644335 9.91755260001362 "experimento_36" 36 10000 1000 0.95 10 0.4 1 0.8
1.01735062864609 9.67938117864414 "experimento_36" 36 10000 1000 0.95 10 0.4 1 0.8
1.00008283115394 10.1366799926588 "experimento_36" 36 10000 1000 0.95 10 0.4 1 0.8
0.999741370556876 9.37911643268528 "experimento_36" 36 10000 1000 0.95 10 0.4 1 0.8
1.00252895691653 10.0443547900274 "experimento_36" 36 10000 1000 0.95 10 0.4 1 0.8
0.999059184454381 10.0193587346876 "experimento_36" 36 10000 1000 0.95 10 0.4 1 0.8
0.992911478737369 9.90368252724841 "experimento_36" 36 10000 1000 0.95 10 0.4 1 0.8
0.994919524760917 10.065957378207 "experimento_36" 36 10000 1000 0.95 10 0.4 1 0.8
0.996901143109426 9.97053241568921 "experimento_36" 36 10000 1000 0.95 10 0.4 1 0.8
0.997832045191899 9.93747712335727 "experimento_36" 36 10000 1000 0.95 10 0.4 1 0.8
0.999343258561566 10.3554641406591 "experimento_36" 36 10000 1000 0.95 10 0.4 1 0.8
0.99791607260704 10.5678244070936 "experimento_36" 36 10000 1000 0.95 10 0.4 1 0.8
1.02489066723615 9.14132375448722 "experimento_36" 36 10000 1000 0.95 10 0.4 1 0.8
1.04688445315696 9.24604513485745 "experimento_36" 36 10000 1000 0.95 10 0.4 1 0.8
1.00093773766421 9.53101085145815 "experimento_36" 36 10000 1000 0.95 10 0.4 1 0.8
1.01471321727149 10.528086561189 "experimento_36" 36 10000 1000 0.95 10 0.4 1 0.8
1.06752637992613 9.6857780727568 "experimento_36" 36 10000 1000 0.95 10 0.4 1 0.8
0.999400845495984 9.56974634310584 "experimento_36" 36 10000 1000 0.95 10 0.4 1 0.8
1.01998612689786 9.66041878051592 "experimento_36" 36 10000 1000 0.95 10 0.4 1 0.8
0.998733220389113 10.8509774907918 "experimento_36" 36 10000 1000 0.95 10 0.4 1 0.8
1.04703185539693 10.0823634096712 "experimento_36" 36 10000 1000 0.95 10 0.4 1 0.8
1.06256843514881 9.10151315206232 "experimento_36" 36 10000 1000 0.95 10 0.4 1 0.8
0.99938462022692 9.73765049029247 "experimento_36" 36 10000 1000 0.95 10 0.4 1 0.8
0.998214874183759 9.95351714250273 "experimento_36" 36 10000 1000 0.95 10 0.4 1 0.8
0.99812690843828 10.0608162271378 "experimento_36" 36 10000 1000 0.95 10 0.4 1 0.8
0.921380394371226 10.6607622979477 "experimento_36" 36 10000 1000 0.95 10 0.4 1 0.8
0.997392841614783 10.0824636416641 "experimento_36" 36 10000 1000 0.95 10 0.4 1 0.8
0.996412999462336 10.8659170146902 "experimento_36" 36 10000 1000 0.95 10 0.4 1 0.8
1.00103771612048 9.85265366692215 "experimento_36" 36 10000 1000 0.95 10 0.4 1 0.8
1.07123790295905 10.7398682228159 "experimento_36" 36 10000 1000 0.95 10 0.4 1 0.8
0.998084011022002 10.7348660520072 "experimento_36" 36 10000 1000 0.95 10 0.4 1 0.8
0.994907478103414 9.51334609546917 "experimento_36" 36 10000 1000 0.95 10 0.4 1 0.8
0.994504045229405 10.5069598990996 "experimento_36" 36 10000 1000 0.95 10 0.4 1 0.8
1.06480689509772 8.41084279938348 "experimento_36" 36 10000 1000 0.95 10 0.4 1 0.8
0.937587054912001 11.3606097962545 "experimento_36" 36 10000 1000 0.95 10 0.4 1 0.8
0.996390226762742 10.8526104893458 "experimento_36" 36 10000 1000 0.95 10 0.4 1 0.8
1.00099091073498 9.46039359848868 "experimento_36" 36 10000 1000 0.95 10 0.4 1 0.8
0.996766610071063 10.2836432872018 "experimento_36" 36 10000 1000 0.95 10 0.4 1 0.8
0.997195201925933 10.6748009683273 "experimento_36" 36 10000 1000 0.95 10 0.4 1 0.8
0.999694567872211 9.88251564976679 "experimento_36" 36 10000 1000 0.95 10 0.4 1 0.8
0.997061333386227 9.43918180535252 "experimento_36" 36 10000 1000 0.95 10 0.4 1 0.8
1.01890259527032 10.2363201449262 "experimento_36" 36 10000 1000 0.95 10 0.4 1 0.8
0.999961568042636 10.56434128131 "experimento_36" 36 10000 1000 0.95 10 0.4 1 0.8
0.997606558725238 10.1779974923482 "experimento_36" 36 10000 1000 0.95 10 0.4 1 0.8
0.996853518066928 10.538550592922 "experimento_36" 36 10000 1000 0.95 10 0.4 1 0.8
0.999105622060597 10.1313889174926 "experimento_36" 36 10000 1000 0.95 10 0.4 1 0.8
1.00190474950073 10.5963637798702 "experimento_36" 36 10000 1000 0.95 10 0.4 1 0.8
1.04013646231033 9.0627454057175 "experimento_36" 36 10000 1000 0.95 10 0.4 1 0.8
1.03194712952606 10.7081837574756 "experimento_36" 36 10000 1000 0.95 10 0.4 1 0.8
1.01246578974945 10.4464348773931 "experimento_36" 36 10000 1000 0.95 10 0.4 1 0.8
1.00052747321315 10.0425479730159 "experimento_36" 36 10000 1000 0.95 10 0.4 1 0.8
1.02060553804032 10.4976510067809 "experimento_36" 36 10000 1000 0.95 10 0.4 1 0.8
1.03839953118004 10.2546267681371 "experimento_36" 36 10000 1000 0.95 10 0.4 1 0.8
0.996717194095254 10.8735027736391 "experimento_36" 36 10000 1000 0.95 10 0.4 1 0.8
1.00274184766343 10.6088787210786 "experimento_36" 36 10000 1000 0.95 10 0.4 1 0.8
0.998332818737254 10.0456378808923 "experimento_36" 36 10000 1000 0.95 10 0.4 1 0.8
0.997634907718748 9.74689761625278 "experimento_36" 36 10000 1000 0.95 10 0.4 1 0.8
1.00523602468893 9.16395558873836 "experimento_36" 36 10000 1000 0.95 10 0.4 1 0.8
0.995081355562434 9.74017463407805 "experimento_36" 36 10000 1000 0.95 10 0.4 1 0.8
1.00075611667708 9.39375619769987 "experimento_36" 36 10000 1000 0.95 10 0.4 1 0.8
0.998606508830562 10.2255667373775 "experimento_36" 36 10000 1000 0.95 10 0.4 1 0.8
0.99627582798712 10.1059023627063 "experimento_36" 36 10000 1000 0.95 10 0.4 1 0.8
0.999662670074031 10.6517494368943 "experimento_36" 36 10000 1000 0.95 10 0.4 1 0.8
0.999952137004584 9.97725039751353 "experimento_36" 36 10000 1000 0.95 10 0.4 1 0.8
0.999073063256219 10.2683976242481 "experimento_36" 36 10000 1000 0.95 10 0.4 1 0.8
1.00859972095393 9.36089697473385 "experimento_36" 36 10000 1000 0.95 10 0.4 1 0.8
0.997099270112813 9.73346997455639 "experimento_36" 36 10000 1000 0.95 10 0.4 1 0.8
0.99738312792033 10.3761027885589 "experimento_36" 36 10000 1000 0.95 10 0.4 1 0.8
1.05232039684158 9.95632846448314 "experimento_36" 36 10000 1000 0.95 10 0.4 1 0.8
0.998869993258268 9.98622174566735 "experimento_36" 36 10000 1000 0.95 10 0.4 1 0.8
0.998177539790049 9.72899110593316 "experimento_36" 36 10000 1000 0.95 10 0.4 1 0.8
1.04829471879639 10.363603414344 "experimento_36" 36 10000 1000 0.95 10 0.4 1 0.8
0.999431087635458 10.5178049938337 "experimento_36" 36 10000 1000 0.95 10 0.4 1 0.8
1.03257603356615 10.2791803708309 "experimento_36" 36 10000 1000 0.95 10 0.4 1 0.8
1.0174086870763 9.93019313455775 "experimento_36" 36 10000 1000 0.95 10 0.4 1 0.8
1.00853815791197 9.12428612092472 "experimento_36" 36 10000 1000 0.95 10 0.4 1 0.8
0.995119613129646 10.1706672555426 "experimento_36" 36 10000 1000 0.95 10 0.4 1 0.8
0.996438541216776 9.44419715930339 "experimento_36" 36 10000 1000 0.95 10 0.4 1 0.8
1.01273939401877 10.5571330216738 "experimento_36" 36 10000 1000 0.95 10 0.4 1 0.8
0.994839821476489 10.3127093835781 "experimento_36" 36 10000 1000 0.95 10 0.4 1 0.8
1.02143514649943 10.6640649475961 "experimento_36" 36 10000 1000 0.95 10 0.4 1 0.8
1.00717755155402 9.19839567282599 "experimento_36" 36 10000 1000 0.95 10 0.4 1 0.8
1.0604309567716 10.0971227980055 "experimento_36" 36 10000 1000 0.95 10 0.4 1 0.8
1.02103871908039 9.87888073983289 "experimento_36" 36 10000 1000 0.95 10 0.4 1 0.8
0.997298360103741 10.0365966183245 "experimento_36" 36 10000 1000 0.95 10 0.4 1 0.8
0.999967597890645 10.7899108248813 "experimento_36" 36 10000 1000 0.95 10 0.4 1 0.8
0.999723168322816 9.78130014612581 "experimento_36" 36 10000 1000 0.95 10 0.4 1 0.8
0.997543482808396 10.1468411373538 "experimento_36" 36 10000 1000 0.95 10 0.4 1 0.8
0.998781425412744 10.0884235632399 "experimento_36" 36 10000 1000 0.95 10 0.4 1 0.8
0.995276988018304 10.3404627179417 "experimento_36" 36 10000 1000 0.95 10 0.4 1 0.8
0.927351140649989 10.7888911310335 "experimento_36" 36 10000 1000 0.95 10 0.4 1 0.8
0.999945902498439 10.1711239301959 "experimento_36" 36 10000 1000 0.95 10 0.4 1 0.8
0.998392135137692 10.2315090645522 "experimento_36" 36 10000 1000 0.95 10 0.4 1 0.8
0.991554905194789 11.5362775474987 "experimento_36" 36 10000 1000 0.95 10 0.4 1 0.8
0.999985752394423 10.1120000074801 "experimento_36" 36 10000 1000 0.95 10 0.4 1 0.8
1.00614712960087 9.65969133971106 "experimento_36" 36 10000 1000 0.95 10 0.4 1 0.8
0.99827166646719 9.67200546625865 "experimento_36" 36 10000 1000 0.95 10 0.4 1 0.8
1.00073565952064 9.73294690544956 "experimento_36" 36 10000 1000 0.95 10 0.4 1 0.8
1.01846253871918 8.73580587270091 "experimento_36" 36 10000 1000 0.95 10 0.4 1 0.8
0.999010326340795 10.199812482065 "experimento_36" 36 10000 1000 0.95 10 0.4 1 0.8
1.03837617719546 9.38174231541616 "experimento_36" 36 10000 1000 0.95 10 0.4 1 0.8
0.998177405446768 10.3367622064349 "experimento_36" 36 10000 1000 0.95 10 0.4 1 0.8
0.997803851030767 10.0601732997816 "experimento_36" 36 10000 1000 0.95 10 0.4 1 0.8
0.997410051524639 9.6384161464766 "experimento_36" 36 10000 1000 0.95 10 0.4 1 0.8
0.998252231162041 10.0125828033291 "experimento_36" 36 10000 1000 0.95 10 0.4 1 0.8
0.997358416439965 10.4576819814561 "experimento_36" 36 10000 1000 0.95 10 0.4 1 0.8
0.941916520008817 10.5035141556342 "experimento_36" 36 10000 1000 0.95 10 0.4 1 0.8
1.01140883168006 11.2566446348906 "experimento_36" 36 10000 1000 0.95 10 0.4 1 0.8
0.997219268698245 10.3413167222095 "experimento_36" 36 10000 1000 0.95 10 0.4 1 0.8
1.02361977028296 10.6056432100697 "experimento_36" 36 10000 1000 0.95 10 0.4 1 0.8
1.00008430568853 9.46909023321949 "experimento_36" 36 10000 1000 0.95 10 0.4 1 0.8
1.00030467403121 9.66255342809338 "experimento_36" 36 10000 1000 0.95 10 0.4 1 0.8
0.999188230372965 10.344707123423 "experimento_36" 36 10000 1000 0.95 10 0.4 1 0.8
0.996786730363965 10.4995113806946 "experimento_36" 36 10000 1000 0.95 10 0.4 1 0.8
1.01205484224483 9.37904870804191 "experimento_36" 36 10000 1000 0.95 10 0.4 1 0.8
0.999036523979157 9.09042831399934 "experimento_36" 36 10000 1000 0.95 10 0.4 1 0.8
1.00144151290458 9.6677819880898 "experimento_36" 36 10000 1000 0.95 10 0.4 1 0.8
0.99883829173632 10.1671367659766 "experimento_36" 36 10000 1000 0.95 10 0.4 1 0.8
0.998377199284732 10.6798140169411 "experimento_36" 36 10000 1000 0.95 10 0.4 1 0.8
0.996207481017336 9.48270150803932 "experimento_36" 36 10000 1000 0.95 10 0.4 1 0.8
1.01450620576065 9.38723918141036 "experimento_36" 36 10000 1000 0.95 10 0.4 1 0.8
1.09370975223881 10.930439963779 "experimento_36" 36 10000 1000 0.95 10 0.4 1 0.8
0.999861247837543 10.9097949712555 "experimento_36" 36 10000 1000 0.95 10 0.4 1 0.8
0.999621076509356 9.41596078343628 "experimento_36" 36 10000 1000 0.95 10 0.4 1 0.8
0.999507170869038 10.1011980052039 "experimento_36" 36 10000 1000 0.95 10 0.4 1 0.8
0.999530870234594 9.8257934546796 "experimento_36" 36 10000 1000 0.95 10 0.4 1 0.8
0.999523740494624 9.58547039617257 "experimento_36" 36 10000 1000 0.95 10 0.4 1 0.8
0.998055504867807 10.4373509909363 "experimento_36" 36 10000 1000 0.95 10 0.4 1 0.8
1.04843720151111 9.68767704892811 "experimento_36" 36 10000 1000 0.95 10 0.4 1 0.8
0.997551887761801 10.4349878989404 "experimento_36" 36 10000 1000 0.95 10 0.4 1 0.8
1.04789770070328 10.5003574275011 "experimento_36" 36 10000 1000 0.95 10 0.4 1 0.8
1.00072362140714 10.5875761690852 "experimento_36" 36 10000 1000 0.95 10 0.4 1 0.8
1.0014899303671 9.89715185748715 "experimento_36" 36 10000 1000 0.95 10 0.4 1 0.8
0.941805636510253 11.3309871984368 "experimento_36" 36 10000 1000 0.95 10 0.4 1 0.8
0.999461431056261 9.70320835132517 "experimento_36" 36 10000 1000 0.95 10 0.4 1 0.8
0.999683223897591 10.6738331727714 "experimento_36" 36 10000 1000 0.95 10 0.4 1 0.8
1.05461055434408 9.2506392587396 "experimento_36" 36 10000 1000 0.95 10 0.4 1 0.8
1.02038582638272 9.94633796852201 "experimento_36" 36 10000 1000 0.95 10 0.4 1 0.8
0.997395377140492 10.4220308978534 "experimento_36" 36 10000 1000 0.95 10 0.4 1 0.8
0.998205008683726 11.0671369137532 "experimento_36" 36 10000 1000 0.95 10 0.4 1 0.8
0.998823540750891 10.0210738297065 "experimento_36" 36 10000 1000 0.95 10 0.4 1 0.8
1.01285203781327 9.31699730771337 "experimento_36" 36 10000 1000 0.95 10 0.4 1 0.8
0.928794872015715 11.0429807309807 "experimento_36" 36 10000 1000 0.95 10 0.4 1 0.8
0.996747992467135 9.80001670239922 "experimento_36" 36 10000 1000 0.95 10 0.4 1 0.8
0.998051615431905 10.1561723020585 "experimento_36" 36 10000 1000 0.95 10 0.4 1 0.8
0.996730716200545 9.55977729355358 "experimento_36" 36 10000 1000 0.95 10 0.4 1 0.8
0.999264208832756 9.68127344269253 "experimento_36" 36 10000 1000 0.95 10 0.4 1 0.8
1.08510054768574 8.67100253435292 "experimento_36" 36 10000 1000 0.95 10 0.4 1 0.8
0.999830205691978 10.212849875367 "experimento_36" 36 10000 1000 0.95 10 0.4 1 0.8
0.995103723602369 10.844434625301 "experimento_36" 36 10000 1000 0.95 10 0.4 1 0.8
0.999098702101037 10.1482502606572 "experimento_36" 36 10000 1000 0.95 10 0.4 1 0.8
0.998807977652177 10.6724778905256 "experimento_36" 36 10000 1000 0.95 10 0.4 1 0.8
0.997853710781783 10.756053420327 "experimento_36" 36 10000 1000 0.95 10 0.4 1 0.8
1.00096930428408 10.6221850442351 "experimento_36" 36 10000 1000 0.95 10 0.4 1 0.8
1.00998782385141 8.8877643762076 "experimento_36" 36 10000 1000 0.95 10 0.4 1 0.8
1.00659161596559 10.2157198520023 "experimento_36" 36 10000 1000 0.95 10 0.4 1 0.8
0.926992194028571 10.8124026897981 "experimento_36" 36 10000 1000 0.95 10 0.4 1 0.8
0.998676408082247 10.738840557902 "experimento_36" 36 10000 1000 0.95 10 0.4 1 0.8
0.998009292408824 10.5262378425264 "experimento_36" 36 10000 1000 0.95 10 0.4 1 0.8
0.997193207032979 10.6320877369775 "experimento_36" 36 10000 1000 0.95 10 0.4 1 0.8
0.91815025662072 10.2408817868794 "experimento_36" 36 10000 1000 0.95 10 0.4 1 0.8
0.997027239529416 10.4155971771312 "experimento_36" 36 10000 1000 0.95 10 0.4 1 0.8
0.998199712252244 10.1724066576223 "experimento_36" 36 10000 1000 0.95 10 0.4 1 0.8
1.05180724561214 9.9437094561254 "experimento_36" 36 10000 1000 0.95 10 0.4 1 0.8
1.04613554826938 10.3291602131805 "experimento_36" 36 10000 1000 0.95 10 0.4 1 0.8
0.994791454868391 10.6190350702051 "experimento_36" 36 10000 1000 0.95 10 0.4 1 0.8
1.05671451017261 10.8629275590103 "experimento_36" 36 10000 1000 0.95 10 0.4 1 0.8
0.999967435607687 10.2333060430899 "experimento_36" 36 10000 1000 0.95 10 0.4 1 0.8
1.00177899422124 9.91504804537296 "experimento_36" 36 10000 1000 0.95 10 0.4 1 0.8
0.999962603673339 10.0395042344945 "experimento_36" 36 10000 1000 0.95 10 0.4 1 0.8
0.938379838131368 10.9766486644218 "experimento_36" 36 10000 1000 0.95 10 0.4 1 0.8
1.03383162515238 10.4466246658632 "experimento_36" 36 10000 1000 0.95 10 0.4 1 0.8
0.998777033528313 9.84471468949977 "experimento_36" 36 10000 1000 0.95 10 0.4 1 0.8
1.01192512436023 9.42442305164043 "experimento_36" 36 10000 1000 0.95 10 0.4 1 0.8
1.00641734064557 10.124576972011 "experimento_36" 36 10000 1000 0.95 10 0.4 1 0.8
1.00151170955955 9.04083234097494 "experimento_36" 36 10000 1000 0.95 10 0.4 1 0.8
0.998271868564188 10.3012913443756 "experimento_36" 36 10000 1000 0.95 10 0.4 1 0.8
1.0127031614308 10.3394484915022 "experimento_36" 36 10000 1000 0.95 10 0.4 1 0.8
0.999759053112939 11.0591160283636 "experimento_36" 36 10000 1000 0.95 10 0.4 1 0.8
0.996225684415549 10.5707179204634 "experimento_36" 36 10000 1000 0.95 10 0.4 1 0.8
0.997454098891467 9.56239844121837 "experimento_36" 36 10000 1000 0.95 10 0.4 1 0.8
0.998856992693618 10.2982744046626 "experimento_36" 36 10000 1000 0.95 10 0.4 1 0.8
0.999905115226284 10.0733615492992 "experimento_36" 36 10000 1000 0.95 10 0.4 1 0.8
1.00033670378548 10.2638359037915 "experimento_36" 36 10000 1000 0.95 10 0.4 1 0.8
0.997937945649028 9.75472474888061 "experimento_36" 36 10000 1000 0.95 10 0.4 1 0.8
0.999361999565735 10.6208760599408 "experimento_36" 36 10000 1000 0.95 10 0.4 1 0.8
0.998179544927552 9.91003683248479 "experimento_36" 36 10000 1000 0.95 10 0.4 1 0.8
0.999264262616634 10.3845575812611 "experimento_36" 36 10000 1000 0.95 10 0.4 1 0.8
0.999658310553059 9.68107674361928 "experimento_36" 36 10000 1000 0.95 10 0.4 1 0.8
1.01261917287484 9.96767221900612 "experimento_36" 36 10000 1000 0.95 10 0.4 1 0.8
1.09880201339414 8.42329089643481 "experimento_36" 36 10000 1000 0.95 10 0.4 1 0.8
0.995607290882617 10.0621709998083 "experimento_36" 36 10000 1000 0.95 10 0.4 1 0.8
0.998950588516891 10.3622723625827 "experimento_36" 36 10000 1000 0.95 10 0.4 1 0.8
0.998259619576856 9.87202947222238 "experimento_36" 36 10000 1000 0.95 10 0.4 1 0.8
0.994760577566922 9.90880961012662 "experimento_36" 36 10000 1000 0.95 10 0.4 1 0.8
0.997049451805651 9.99420283401191 "experimento_36" 36 10000 1000 0.95 10 0.4 1 0.8
0.999579339986667 10.6226791465057 "experimento_36" 36 10000 1000 0.95 10 0.4 1 0.8
0.996933123795316 9.91612115971567 "experimento_36" 36 10000 1000 0.95 10 0.4 1 0.8
0.998785057105124 9.67512112325532 "experimento_36" 36 10000 1000 0.95 10 0.4 1 0.8
1.01380576668013 11.2153324355606 "experimento_36" 36 10000 1000 0.95 10 0.4 1 0.8
1.00027336840382 10.0549252961842 "experimento_36" 36 10000 1000 0.95 10 0.4 1 0.8
1.05074899252504 9.74270028149557 "experimento_36" 36 10000 1000 0.95 10 0.4 1 0.8
1.00317729878737 9.9762988872082 "experimento_36" 36 10000 1000 0.95 10 0.4 1 0.8
1.00310929073021 10.4722732473066 "experimento_36" 36 10000 1000 0.95 10 0.4 1 0.8
1.01621418456164 9.71173592479445 "experimento_36" 36 10000 1000 0.95 10 0.4 1 0.8
0.999454636592418 10.486848997344 "experimento_36" 36 10000 1000 0.95 10 0.4 1 0.8
0.939228471834213 11.1647156911259 "experimento_36" 36 10000 1000 0.95 10 0.4 1 0.8
0.999207772547379 10.391917260867 "experimento_36" 36 10000 1000 0.95 10 0.4 1 0.8
0.999997541774064 9.63614334417293 "experimento_36" 36 10000 1000 0.95 10 0.4 1 0.8
1.03299997500144 8.69628391838277 "experimento_36" 36 10000 1000 0.95 10 0.4 1 0.8
0.916652744403109 10.3897112129753 "experimento_36" 36 10000 1000 0.95 10 0.4 1 0.8
1.00605259227509 9.73909177699886 "experimento_36" 36 10000 1000 0.95 10 0.4 1 0.8
0.998965828679502 10.6552345719934 "experimento_36" 36 10000 1000 0.95 10 0.4 1 0.8
0.998104931088164 10.4381489539044 "experimento_36" 36 10000 1000 0.95 10 0.4 1 0.8
1.04412556290984 9.39543721815254 "experimento_36" 36 10000 1000 0.95 10 0.4 1 0.8
0.998733146348968 9.57375887540732 "experimento_36" 36 10000 1000 0.95 10 0.4 1 0.8
0.999242055695504 10.5739577486603 "experimento_36" 36 10000 1000 0.95 10 0.4 1 0.8
1.00043260063976 9.7680943552423 "experimento_36" 36 10000 1000 0.95 10 0.4 1 0.8
1.0682810136117 11.0803398236008 "experimento_36" 36 10000 1000 0.95 10 0.4 1 0.8
1.03568513665384 10.6188695430334 "experimento_36" 36 10000 1000 0.95 10 0.4 1 0.8
1.02370472454916 9.48536301464351 "experimento_36" 36 10000 1000 0.95 10 0.4 1 0.8
1.03834055131301 9.60846900406171 "experimento_36" 36 10000 1000 0.95 10 0.4 1 0.8
0.997849620413035 9.94069931685911 "experimento_36" 36 10000 1000 0.95 10 0.4 1 0.8
1.00752416825853 10.202138908367 "experimento_36" 36 10000 1000 0.95 10 0.4 1 0.8
0.999834488611668 10.5971161710313 "experimento_36" 36 10000 1000 0.95 10 0.4 1 0.8
1.09589492305693 11.2711184460153 "experimento_36" 36 10000 1000 0.95 10 0.4 1 0.8
0.99994657933712 11.3052382181836 "experimento_36" 36 10000 1000 0.95 10 0.4 1 0.8
0.998468510340899 9.92169135461683 "experimento_36" 36 10000 1000 0.95 10 0.4 1 0.8
0.998504840303212 9.70509104145041 "experimento_36" 36 10000 1000 0.95 10 0.4 1 0.8
0.997543256031349 9.90449636139527 "experimento_36" 36 10000 1000 0.95 10 0.4 1 0.8
0.99915570160374 10.5459610782167 "experimento_36" 36 10000 1000 0.95 10 0.4 1 0.8
1.07546347118494 10.8421084292007 "experimento_36" 36 10000 1000 0.95 10 0.4 1 0.8
1.03528035120107 10.2140663368726 "experimento_36" 36 10000 1000 0.95 10 0.4 1 0.8
1.00231893412624 10.2213855052273 "experimento_36" 36 10000 1000 0.95 10 0.4 1 0.8
1.04204688807949 9.33596043859782 "experimento_36" 36 10000 1000 0.95 10 0.4 1 0.8
1.05708236075006 9.89725624992782 "experimento_36" 36 10000 1000 0.95 10 0.4 1 0.8
1.00021670814604 9.24212267442333 "experimento_36" 36 10000 1000 0.95 10 0.4 1 0.8
1.00007231971249 10.0274744338812 "experimento_36" 36 10000 1000 0.95 10 0.4 1 0.8
0.998645369429141 10.296221173973 "experimento_36" 36 10000 1000 0.95 10 0.4 1 0.8
1.06983285750774 9.99141224579809 "experimento_36" 36 10000 1000 0.95 10 0.4 1 0.8
1.01536983414553 9.73544792867542 "experimento_36" 36 10000 1000 0.95 10 0.4 1 0.8
0.99891095305793 10.0981710273623 "experimento_36" 36 10000 1000 0.95 10 0.4 1 0.8
0.999699664535001 11.1536409317665 "experimento_36" 36 10000 1000 0.95 10 0.4 1 0.8
1.01770644285716 9.63134336297184 "experimento_36" 36 10000 1000 0.95 10 0.4 1 0.8
1.02595773148453 9.57944032824993 "experimento_36" 36 10000 1000 0.95 10 0.4 1 0.8
0.998227644478902 10.0739174226028 "experimento_36" 36 10000 1000 0.95 10 0.4 1 0.8
1.06079851007089 9.09298313502278 "experimento_36" 36 10000 1000 0.95 10 0.4 1 0.8
0.997834103414789 10.1296208823098 "experimento_36" 36 10000 1000 0.95 10 0.4 1 0.8
0.940562341595069 10.870771409869 "experimento_36" 36 10000 1000 0.95 10 0.4 1 0.8
0.99642381304875 10.3630776438397 "experimento_36" 36 10000 1000 0.95 10 0.4 1 0.8
0.995756004471332 9.76721322205086 "experimento_36" 36 10000 1000 0.95 10 0.4 1 0.8
0.946268018800765 11.1027144395103 "experimento_36" 36 10000 1000 0.95 10 0.4 1 0.8
1.05311256600544 8.54131660359627 "experimento_36" 36 10000 1000 0.95 10 0.4 1 0.8
0.997280475217849 9.93272651064068 "experimento_36" 36 10000 1000 0.95 10 0.4 1 0.8
1.00210273549892 9.99554735600521 "experimento_36" 36 10000 1000 0.95 10 0.4 1 0.8
0.997223969781771 10.3272469842442 "experimento_36" 36 10000 1000 0.95 10 0.4 1 0.8
1.01245880316 10.3640685467155 "experimento_36" 36 10000 1000 0.95 10 0.4 1 0.8
1.01823177029342 9.27659929637753 "experimento_36" 36 10000 1000 0.95 10 0.4 1 0.8
0.999422839609906 10.1468584157699 "experimento_36" 36 10000 1000 0.95 10 0.4 1 0.8
0.995596077060327 10.1294643533826 "experimento_36" 36 10000 1000 0.95 10 0.4 1 0.8
1.06011947644874 9.37070497626388 "experimento_36" 36 10000 1000 0.95 10 0.4 1 0.8
0.999977906700224 10.122477660723 "experimento_36" 36 10000 1000 0.95 10 0.4 1 0.8
0.996530967298895 10.2028924446352 "experimento_36" 36 10000 1000 0.95 10 0.4 1 0.8
1.00748929844576 10.2991167054469 "experimento_36" 36 10000 1000 0.95 10 0.4 1 0.8
1.00030340859666 10.2384542168099 "experimento_36" 36 10000 1000 0.95 10 0.4 1 0.8
0.995084284804761 10.2700911617452 "experimento_36" 36 10000 1000 0.95 10 0.4 1 0.8
1.00606010165804 10.0236823443522 "experimento_36" 36 10000 1000 0.95 10 0.4 1 0.8
0.995312980376184 10.063435327015 "experimento_36" 36 10000 1000 0.95 10 0.4 1 0.8
1.01878431678381 9.36808866255639 "experimento_36" 36 10000 1000 0.95 10 0.4 1 0.8
1.02224069287224 9.50205291566567 "experimento_36" 36 10000 1000 0.95 10 0.4 1 0.8
0.997911217156798 9.82010166457566 "experimento_36" 36 10000 1000 0.95 10 0.4 1 0.8
0.99866586481221 11.0484802367566 "experimento_36" 36 10000 1000 0.95 10 0.4 1 0.8
1.04454765990376 9.8606144512225 "experimento_36" 36 10000 1000 0.95 10 0.4 1 0.8
1.00395855584564 9.01616162122229 "experimento_36" 36 10000 1000 0.95 10 0.4 1 0.8
1.05201637409627 9.16637573845132 "experimento_36" 36 10000 1000 0.95 10 0.4 1 0.8
0.997161268023774 9.68628575346239 "experimento_36" 36 10000 1000 0.95 10 0.4 1 0.8
0.992215781239793 10.4619778705357 "experimento_36" 36 10000 1000 0.95 10 0.4 1 0.8
1.07993820904955 11.0002847913127 "experimento_36" 36 10000 1000 0.95 10 0.4 1 0.8
0.999031965853646 9.15111774414789 "experimento_36" 36 10000 1000 0.95 10 0.4 1 0.8
0.996387362712994 10.6670239919285 "experimento_36" 36 10000 1000 0.95 10 0.4 1 0.8
0.997842677868903 10.0380974978048 "experimento_36" 36 10000 1000 0.95 10 0.4 1 0.8
0.999106752220541 10.0090156219704 "experimento_36" 36 10000 1000 0.95 10 0.4 1 0.8
1.04250956559554 9.2729076934586 "experimento_36" 36 10000 1000 0.95 10 0.4 1 0.8
0.996918391902 10.4553285864906 "experimento_36" 36 10000 1000 0.95 10 0.4 1 0.8
1.00202673747453 9.40295803465173 "experimento_36" 36 10000 1000 0.95 10 0.4 1 0.8
1.00506773940288 9.64845564046343 "experimento_36" 36 10000 1000 0.95 10 0.4 1 0.8
0.999254580587149 9.66724890155112 "experimento_36" 36 10000 1000 0.95 10 0.4 1 0.8
1.00464801401831 10.2713512490936 "experimento_36" 36 10000 1000 0.95 10 0.4 1 0.8
0.997362435096875 10.2342359483722 "experimento_36" 36 10000 1000 0.95 10 0.4 1 0.8
1.05825979239792 9.36833291666325 "experimento_36" 36 10000 1000 0.95 10 0.4 1 0.8
1.00346638608142 9.24691880587439 "experimento_36" 36 10000 1000 0.95 10 0.4 1 0.8
0.998763458803296 9.49937956616277 "experimento_36" 36 10000 1000 0.95 10 0.4 1 0.8
0.999572714790702 9.79630575092599 "experimento_36" 36 10000 1000 0.95 10 0.4 1 0.8
1.03841065135784 9.88792065849908 "experimento_36" 36 10000 1000 0.95 10 0.4 1 0.8
1.00065793218091 10.3394139357415 "experimento_36" 36 10000 1000 0.95 10 0.4 1 0.8
0.997707726433873 10.4564098275838 "experimento_36" 36 10000 1000 0.95 10 0.4 1 0.8
0.996099636424333 11.0510643139379 "experimento_36" 36 10000 1000 0.95 10 0.4 1 0.8
0.998175961663947 10.1554297007184 "experimento_36" 36 10000 1000 0.95 10 0.4 1 0.8
1.01419705171099 10.2648304275118 "experimento_36" 36 10000 1000 0.95 10 0.4 1 0.8
1.05941843390465 9.7561957301699 "experimento_36" 36 10000 1000 0.95 10 0.4 1 0.8
0.99892890942283 11.837850383475 "experimento_36" 36 10000 1000 0.95 10 0.4 1 0.8
1.02236182680354 9.73626975401316 "experimento_36" 36 10000 1000 0.95 10 0.4 1 0.8
0.999968344578519 10.5996566440544 "experimento_36" 36 10000 1000 0.95 10 0.4 1 0.8
0.999660896370187 9.92978129996915 "experimento_36" 36 10000 1000 0.95 10 0.4 1 0.8
1.01074832384475 10.48781860847 "experimento_36" 36 10000 1000 0.95 10 0.4 1 0.8
0.998635831056163 9.46586800531375 "experimento_36" 36 10000 1000 0.95 10 0.4 1 0.8
1.01699949253522 9.21990346768728 "experimento_36" 36 10000 1000 0.95 10 0.4 1 0.8
0.999883381882682 9.53483272067293 "experimento_36" 36 10000 1000 0.95 10 0.4 1 0.8
0.925971414893866 10.9113475819621 "experimento_36" 36 10000 1000 0.95 10 0.4 1 0.8
1.08120210764826 11.6376404049027 "experimento_36" 36 10000 1000 0.95 10 0.4 1 0.8
1.00230410147056 9.57169842431586 "experimento_36" 36 10000 1000 0.95 10 0.4 1 0.8
1.08414739155722 9.08621670068475 "experimento_36" 36 10000 1000 0.95 10 0.4 1 0.8
0.997404805151746 10.5001910337079 "experimento_36" 36 10000 1000 0.95 10 0.4 1 0.8
0.998317415826023 9.90376037841209 "experimento_36" 36 10000 1000 0.95 10 0.4 1 0.8
1.00011186028207 10.8661351941316 "experimento_36" 36 10000 1000 0.95 10 0.4 1 0.8
0.998725142795593 10.8783764318662 "experimento_36" 36 10000 1000 0.95 10 0.4 1 0.8
0.999695242615417 10.4245126817576 "experimento_36" 36 10000 1000 0.95 10 0.4 1 0.8
0.999892517691478 10.2839931579745 "experimento_36" 36 10000 1000 0.95 10 0.4 1 0.8
1.00819090045989 9.59910982526075 "experimento_36" 36 10000 1000 0.95 10 0.4 1 0.8
1.0741443102206 9.78364345676684 "experimento_36" 36 10000 1000 0.95 10 0.4 1 0.8
1.02192293647677 9.94748831406861 "experimento_36" 36 10000 1000 0.95 10 0.4 1 0.8
0.998489318182692 10.3343119872824 "experimento_36" 36 10000 1000 0.95 10 0.4 1 0.8
1.1017693022224 11.0648783716308 "experimento_36" 36 10000 1000 0.95 10 0.4 1 0.8
1.00020659942407 10.6209664269573 "experimento_36" 36 10000 1000 0.95 10 0.4 1 0.8
0.999246463179588 10.3566036410042 "experimento_36" 36 10000 1000 0.95 10 0.4 1 0.8
0.998324591899291 10.814473306387 "experimento_36" 36 10000 1000 0.95 10 0.4 1 0.8
0.998424042481929 10.2345340810831 "experimento_36" 36 10000 1000 0.95 10 0.4 1 0.8
1.13349521811631 10.2460166733492 "experimento_36" 36 10000 1000 0.95 10 0.4 1 0.8
0.998792074853554 9.96860152050359 "experimento_36" 36 10000 1000 0.95 10 0.4 1 0.8
0.998465897049755 10.019851212103 "experimento_36" 36 10000 1000 0.95 10 0.4 1 0.8
0.930096409283578 10.6411604265795 "experimento_36" 36 10000 1000 0.95 10 0.4 1 0.8
0.932979752775282 11.1773328701904 "experimento_36" 36 10000 1000 0.95 10 0.4 1 0.8
1.03962209252641 9.86258385968124 "experimento_36" 36 10000 1000 0.95 10 0.4 1 0.8
0.99780264031142 11.3937746216302 "experimento_36" 36 10000 1000 0.95 10 0.4 1 0.8
0.996283148182556 10.3511079680635 "experimento_36" 36 10000 1000 0.95 10 0.4 1 0.8
1.0146392732393 9.31996941208673 "experimento_36" 36 10000 1000 0.95 10 0.4 1 0.8
0.998241251334548 10.3351723602386 "experimento_36" 36 10000 1000 0.95 10 0.4 1 0.8
0.999220274155959 10.3831795623287 "experimento_36" 36 10000 1000 0.95 10 0.4 1 0.8
0.998792340513319 10.3883287042836 "experimento_36" 36 10000 1000 0.95 10 0.4 1 0.8
1.01742725250725 9.19121185189196 "experimento_36" 36 10000 1000 0.95 10 0.4 1 0.8
1.03383672651835 9.8925883468398 "experimento_36" 36 10000 1000 0.95 10 0.4 1 0.8
1.023411940597 9.68022928801222 "experimento_36" 36 10000 1000 0.95 10 0.4 1 0.8
1.04522642055526 8.41126077960233 "experimento_36" 36 10000 1000 0.95 10 0.4 1 0.8
0.997945560142398 10.8116360106132 "experimento_36" 36 10000 1000 0.95 10 0.4 1 0.8
1.039445642801 10.5886836294825 "experimento_36" 36 10000 1000 0.95 10 0.4 1 0.8
0.999322802759707 10.3656673103865 "experimento_36" 36 10000 1000 0.95 10 0.4 1 0.8
0.992759624263272 10.9375803749759 "experimento_36" 36 10000 1000 0.95 10 0.4 1 0.8
0.998430165695027 9.6968315184813 "experimento_36" 36 10000 1000 0.95 10 0.4 1 0.8
0.930114356335253 11.1056449128579 "experimento_36" 36 10000 1000 0.95 10 0.4 1 0.8
1.00233895545825 9.44434584148976 "experimento_36" 36 10000 1000 0.95 10 0.4 1 0.8
0.999697450781241 9.85060083165379 "experimento_36" 36 10000 1000 0.95 10 0.4 1 0.8
1.05557905156165 10.7015364884745 "experimento_36" 36 10000 1000 0.95 10 0.4 1 0.8
0.994555434910581 10.57785456407 "experimento_36" 36 10000 1000 0.95 10 0.4 1 0.8
1.02932808057466 10.6195201607983 "experimento_36" 36 10000 1000 0.95 10 0.4 1 0.8
0.999945344636217 10.6707107966262 "experimento_36" 36 10000 1000 0.95 10 0.4 1 0.8
0.998539075488225 10.4444914512663 "experimento_36" 36 10000 1000 0.95 10 0.4 1 0.8
1.00225174399384 10.1941220185458 "experimento_36" 36 10000 1000 0.95 10 0.4 1 0.8
0.998772390885279 10.164704511733 "experimento_36" 36 10000 1000 0.95 10 0.4 1 0.8
0.999028421472758 10.2335597598493 "experimento_36" 36 10000 1000 0.95 10 0.4 1 0.8
0.999695361359045 9.78367687419685 "experimento_36" 36 10000 1000 0.95 10 0.4 1 0.8
0.924042008118704 11.2533579228073 "experimento_36" 36 10000 1000 0.95 10 0.4 1 0.8
0.999139931518584 9.96234527092515 "experimento_36" 36 10000 1000 0.95 10 0.4 1 0.8
1.03507892759517 11.1332236896362 "experimento_36" 36 10000 1000 0.95 10 0.4 1 0.8
0.997349828947335 10.0955657837176 "experimento_36" 36 10000 1000 0.95 10 0.4 1 0.8
0.998075106646866 10.4656744119742 "experimento_36" 36 10000 1000 0.95 10 0.4 1 0.8
0.998290430521592 10.8509363901375 "experimento_36" 36 10000 1000 0.95 10 0.4 1 0.8
1.03812071452849 10.3943020961763 "experimento_36" 36 10000 1000 0.95 10 0.4 1 0.8
1.09672845247852 9.0505518768375 "experimento_36" 36 10000 1000 0.95 10 0.4 1 0.8
0.996818685438484 10.2635511523186 "experimento_36" 36 10000 1000 0.95 10 0.4 1 0.8
0.996420688927174 10.0385505016762 "experimento_36" 36 10000 1000 0.95 10 0.4 1 0.8
1.00190020742356 9.91883713832561 "experimento_36" 36 10000 1000 0.95 10 0.4 1 0.8
1.00725114108063 9.32416119996166 "experimento_36" 36 10000 1000 0.95 10 0.4 1 0.8
0.99769119056873 10.9804404430084 "experimento_36" 36 10000 1000 0.95 10 0.4 1 0.8
0.99877845030278 9.40324536874433 "experimento_36" 36 10000 1000 0.95 10 0.4 1 0.8
0.997452939394861 10.8131423394099 "experimento_36" 36 10000 1000 0.95 10 0.4 1 0.8
1.08589174793613 9.64538129414766 "experimento_36" 36 10000 1000 0.95 10 0.4 1 0.8
0.99610037682578 10.3325028366562 "experimento_36" 36 10000 1000 0.95 10 0.4 1 0.8
1.0544917261228 9.50608042371696 "experimento_36" 36 10000 1000 0.95 10 0.4 1 0.8
1.07860441729006 9.69322484927641 "experimento_36" 36 10000 1000 0.95 10 0.4 1 0.8
1.01999896024354 10.6076604409835 "experimento_36" 36 10000 1000 0.95 10 0.4 1 0.8
1.01081696403055 10.7753240457686 "experimento_36" 36 10000 1000 0.95 10 0.4 1 0.8
0.998322149040177 9.53098214794555 "experimento_36" 36 10000 1000 0.95 10 0.4 1 0.8
0.999551582382992 9.90893822670857 "experimento_36" 36 10000 1000 0.95 10 0.4 1 0.8
0.997899171197787 10.9410270553968 "experimento_36" 36 10000 1000 0.95 10 0.4 1 0.8
1.00213225524215 10.017637410889 "experimento_36" 36 10000 1000 0.95 10 0.4 1 0.8
0.999523957492784 10.2341220042412 "experimento_36" 36 10000 1000 0.95 10 0.4 1 0.8
0.999041150556877 9.83597825387035 "experimento_36" 36 10000 1000 0.95 10 0.4 1 0.8
1.00998080517165 10.7517044700961 "experimento_36" 36 10000 1000 0.95 10 0.4 1 0.8
0.998338931240141 10.1765965364139 "experimento_36" 36 10000 1000 0.95 10 0.4 1 0.8
0.999263491015881 9.64847968551073 "experimento_36" 36 10000 1000 0.95 10 0.4 1 0.8
1.01163223523388 9.62860427401801 "experimento_36" 36 10000 1000 0.95 10 0.4 1 0.8
0.997116699116305 10.4407779919699 "experimento_36" 36 10000 1000 0.95 10 0.4 1 0.8
0.999694619793445 10.3474213780538 "experimento_36" 36 10000 1000 0.95 10 0.4 1 0.8
0.99977457895875 9.6010143203787 "experimento_36" 36 10000 1000 0.95 10 0.4 1 0.8
1.08227605688897 8.36605928497488 "experimento_36" 36 10000 1000 0.95 10 0.4 1 0.8
1.00082624596544 9.12725050311459 "experimento_36" 36 10000 1000 0.95 10 0.4 1 0.8
1.00282168160193 10.1505197475603 "experimento_36" 36 10000 1000 0.95 10 0.4 1 0.8
1.0163103189785 10.1648388464754 "experimento_36" 36 10000 1000 0.95 10 0.4 1 0.8
0.996450561098754 10.109671538826 "experimento_36" 36 10000 1000 0.95 10 0.4 1 0.8
1.0294712820556 9.50081079539669 "experimento_36" 36 10000 1000 0.95 10 0.4 1 0.8
0.999819799559191 10.0419311630452 "experimento_36" 36 10000 1000 0.95 10 0.4 1 0.8
0.9999351776205 10.6970091972079 "experimento_36" 36 10000 1000 0.95 10 0.4 1 0.8
0.999950867611915 9.80676209088063 "experimento_36" 36 10000 1000 0.95 10 0.4 1 0.8
0.994698495836928 10.5617035067877 "experimento_36" 36 10000 1000 0.95 10 0.4 1 0.8
0.994895305950195 10.1150634663963 "experimento_36" 36 10000 1000 0.95 10 0.4 1 0.8
1.01027674874662 9.93776239296785 "experimento_36" 36 10000 1000 0.95 10 0.4 1 0.8
0.998659061267972 9.87759584809777 "experimento_36" 36 10000 1000 0.95 10 0.4 1 0.8
1.0262978866851 9.87841931829018 "experimento_36" 36 10000 1000 0.95 10 0.4 1 0.8
0.999951697187498 9.57920148666576 "experimento_36" 36 10000 1000 0.95 10 0.4 1 0.8
0.99986659665592 11.1948970424137 "experimento_36" 36 10000 1000 0.95 10 0.4 1 0.8
0.998050596099347 10.6552338207909 "experimento_36" 36 10000 1000 0.95 10 0.4 1 0.8
1.02279593255445 10.42984965251 "experimento_36" 36 10000 1000 0.95 10 0.4 1 0.8
0.9955168152228 9.94713476008966 "experimento_36" 36 10000 1000 0.95 10 0.4 1 0.8
0.999705221969634 9.9920097445689 "experimento_36" 36 10000 1000 0.95 10 0.4 1 0.8
0.996958554023877 10.3004789342068 "experimento_36" 36 10000 1000 0.95 10 0.4 1 0.8
1.02444496261887 9.27535531346262 "experimento_36" 36 10000 1000 0.95 10 0.4 1 0.8
1.02218036535196 10.8386234878486 "experimento_36" 36 10000 1000 0.95 10 0.4 1 0.8
0.940016628941521 11.0324358542374 "experimento_36" 36 10000 1000 0.95 10 0.4 1 0.8
1.05165346367285 9.29353315220636 "experimento_36" 36 10000 1000 0.95 10 0.4 1 0.8
0.997707705479115 10.0116863964057 "experimento_36" 36 10000 1000 0.95 10 0.4 1 0.8
1.0576245801989 11.2829864448374 "experimento_36" 36 10000 1000 0.95 10 0.4 1 0.8
1.00095164948143 10.3781327299673 "experimento_36" 36 10000 1000 0.95 10 0.4 1 0.8
1.04846570515074 9.2158052602467 "experimento_36" 36 10000 1000 0.95 10 0.4 1 0.8
0.995427502784878 10.0467770629308 "experimento_36" 36 10000 1000 0.95 10 0.4 1 0.8
1.01468972675502 10.1691990588095 "experimento_36" 36 10000 1000 0.95 10 0.4 1 0.8
1.00669874781881 9.40195157378838 "experimento_36" 36 10000 1000 0.95 10 0.4 1 0.8
1.00180885899942 9.49843025116515 "experimento_36" 36 10000 1000 0.95 10 0.4 1 0.8
1.09420496755791 9.35689608810844 "experimento_36" 36 10000 1000 0.95 10 0.4 1 0.8
1.03682119557634 10.2545457747896 "experimento_36" 36 10000 1000 0.95 10 0.4 1 0.8
0.998631997965276 10.1584796225134 "experimento_36" 36 10000 1000 0.95 10 0.4 1 0.8
1.00494416042977 8.8867979973077 "experimento_36" 36 10000 1000 0.95 10 0.4 1 0.8
0.998594005359337 10.0063386041649 "experimento_36" 36 10000 1000 0.95 10 0.4 1 0.8
0.998980656033382 10.1940751129611 "experimento_36" 36 10000 1000 0.95 10 0.4 1 0.8
0.998314208118245 10.046498912858 "experimento_36" 36 10000 1000 0.95 10 0.4 1 0.8
0.995262792566791 10.8329881097434 "experimento_36" 36 10000 1000 0.95 10 0.4 1 0.8
0.998511395184323 10.9802028629827 "experimento_36" 36 10000 1000 0.95 10 0.4 1 0.8
0.993007203331217 10.2730226907139 "experimento_36" 36 10000 1000 0.95 10 0.4 1 0.8
0.99680413864553 10.1217831009183 "experimento_36" 36 10000 1000 0.95 10 0.4 1 0.8
0.999494685558602 9.79972985368117 "experimento_36" 36 10000 1000 0.95 10 0.4 1 0.8
1.02928104102169 10.4901274678878 "experimento_36" 36 10000 1000 0.95 10 0.4 1 0.8
1.00262165917084 10.2979218013036 "experimento_36" 36 10000 1000 0.95 10 0.4 1 0.8
1.11172629675326 8.3516639387818 "experimento_36" 36 10000 1000 0.95 10 0.4 1 0.8
1.02727729957551 9.98316076876356 "experimento_36" 36 10000 1000 0.95 10 0.4 1 0.8
0.998508626362309 10.1009984554497 "experimento_36" 36 10000 1000 0.95 10 0.4 1 0.8
1.0017711928366 10.5782149717966 "experimento_36" 36 10000 1000 0.95 10 0.4 1 0.8
1.00160729368217 10.1053902271316 "experimento_36" 36 10000 1000 0.95 10 0.4 1 0.8
0.999426206806675 11.0016145394921 "experimento_36" 36 10000 1000 0.95 10 0.4 1 0.8
1.00324308671834 10.0414254941125 "experimento_36" 36 10000 1000 0.95 10 0.4 1 0.8
1.03085308098234 9.39840353747563 "experimento_36" 36 10000 1000 0.95 10 0.4 1 0.8
0.947715874295682 11.0932835490305 "experimento_36" 36 10000 1000 0.95 10 0.4 1 0.8
1.0711036924238 9.20913709759559 "experimento_36" 36 10000 1000 0.95 10 0.4 1 0.8
0.998627333436161 10.2500562617547 "experimento_36" 36 10000 1000 0.95 10 0.4 1 0.8
0.925004006596282 10.4008729995379 "experimento_36" 36 10000 1000 0.95 10 0.4 1 0.8
0.996136503759772 10.8933426386045 "experimento_36" 36 10000 1000 0.95 10 0.4 1 0.8
0.996756934560835 10.1219444786155 "experimento_36" 36 10000 1000 0.95 10 0.4 1 0.8
0.996170861646533 10.4261033826288 "experimento_36" 36 10000 1000 0.95 10 0.4 1 0.8
0.996742143295705 10.5723525885878 "experimento_36" 36 10000 1000 0.95 10 0.4 1 0.8
1.00425831479952 10.4475634366009 "experimento_36" 36 10000 1000 0.95 10 0.4 1 0.8
1.00494399989921 9.08046089286103 "experimento_36" 36 10000 1000 0.95 10 0.4 1 0.8
0.996185077121481 9.26059490838898 "experimento_36" 36 10000 1000 0.95 10 0.4 1 0.8
0.999880812130868 10.1571089363398 "experimento_36" 36 10000 1000 0.95 10 0.4 1 0.8
0.997865378390998 10.7418126003622 "experimento_36" 36 10000 1000 0.95 10 0.4 1 0.8
0.996311710448936 10.4284709312223 "experimento_36" 36 10000 1000 0.95 10 0.4 1 0.8
0.994496457045898 10.4769988897186 "experimento_36" 36 10000 1000 0.95 10 0.4 1 0.8
0.998549146112055 10.3320074779441 "experimento_36" 36 10000 1000 0.95 10 0.4 1 0.8
1.01407679305171 10.2852193881076 "experimento_36" 36 10000 1000 0.95 10 0.4 1 0.8
0.996817002305761 10.5562119753666 "experimento_36" 36 10000 1000 0.95 10 0.4 1 0.8
0.998074400704354 9.88419916098373 "experimento_36" 36 10000 1000 0.95 10 0.4 1 0.8
1.01809334560102 11.0467177907395 "experimento_36" 36 10000 1000 0.95 10 0.4 1 0.8
1.02685638302937 9.83685574980601 "experimento_36" 36 10000 1000 0.95 10 0.4 1 0.8
0.996638666372746 11.0155123494979 "experimento_36" 36 10000 1000 0.95 10 0.4 1 0.8
1.06479270835407 11.0452717652786 "experimento_36" 36 10000 1000 0.95 10 0.4 1 0.8
1.00140018099919 9.50700450049762 "experimento_36" 36 10000 1000 0.95 10 0.4 1 0.8
1.00259392442612 10.2412307740826 "experimento_36" 36 10000 1000 0.95 10 0.4 1 0.8
1.03934494666755 10.2549908669527 "experimento_36" 36 10000 1000 0.95 10 0.4 1 0.8
0.9987433697097 9.56804839238219 "experimento_36" 36 10000 1000 0.95 10 0.4 1 0.8
0.99772432888858 10.1203538236463 "experimento_36" 36 10000 1000 0.95 10 0.4 1 0.8
0.998622737592086 10.1575027390751 "experimento_36" 36 10000 1000 0.95 10 0.4 1 0.8
0.997259543510154 10.0414052339683 "experimento_36" 36 10000 1000 0.95 10 0.4 1 0.8
0.999218219891191 10.2261793071386 "experimento_36" 36 10000 1000 0.95 10 0.4 1 0.8
1.0244760681875 10.5963388163119 "experimento_36" 36 10000 1000 0.95 10 0.4 1 0.8
0.997781629441306 10.1166431961691 "experimento_36" 36 10000 1000 0.95 10 0.4 1 0.8
0.996095668291673 10.6230639312622 "experimento_36" 36 10000 1000 0.95 10 0.4 1 0.8
0.999300198629498 10.2044403961199 "experimento_36" 36 10000 1000 0.95 10 0.4 1 0.8
0.928787197219208 11.2754107526809 "experimento_36" 36 10000 1000 0.95 10 0.4 1 0.8
0.996260588523 10.6247898796395 "experimento_36" 36 10000 1000 0.95 10 0.4 1 0.8
0.994880697922781 9.37010805835172 "experimento_36" 36 10000 1000 0.95 10 0.4 1 0.8
0.999221964972094 10.0643185418636 "experimento_36" 36 10000 1000 0.95 10 0.4 1 0.8
1.00071320147254 9.42852475133817 "experimento_36" 36 10000 1000 0.95 10 0.4 1 0.8
0.999997976701707 10.0466504938005 "experimento_36" 36 10000 1000 0.95 10 0.4 1 0.8
1.01236859834753 10.0341457797733 "experimento_36" 36 10000 1000 0.95 10 0.4 1 0.8
0.998158036964014 10.4056136879095 "experimento_36" 36 10000 1000 0.95 10 0.4 1 0.8
1.03532778576904 10.9371959984661 "experimento_36" 36 10000 1000 0.95 10 0.4 1 0.8
1.0920584121677 10.663783335808 "experimento_36" 36 10000 1000 0.95 10 0.4 1 0.8
0.997909670462832 10.7003480749412 "experimento_36" 36 10000 1000 0.95 10 0.4 1 0.8
1.04501873091795 8.99291377926056 "experimento_36" 36 10000 1000 0.95 10 0.4 1 0.8
1.00015221722424 9.62538828906127 "experimento_36" 36 10000 1000 0.95 10 0.4 1 0.8
1.06874942402355 9.27490367589499 "experimento_36" 36 10000 1000 0.95 10 0.4 1 0.8
0.996693178778514 10.4819345375165 "experimento_36" 36 10000 1000 0.95 10 0.4 1 0.8
0.997637631138787 9.8275183996258 "experimento_36" 36 10000 1000 0.95 10 0.4 1 0.8
0.998459161957726 9.56339070805934 "experimento_36" 36 10000 1000 0.95 10 0.4 1 0.8
0.997382384724915 10.0201090110932 "experimento_36" 36 10000 1000 0.95 10 0.4 1 0.8
0.997525261482224 9.99064575162851 "experimento_36" 36 10000 1000 0.95 10 0.4 1 0.8
1.09767268262294 8.98708147145422 "experimento_36" 36 10000 1000 0.95 10 0.4 1 0.8
0.999266721773893 9.82011270309269 "experimento_36" 36 10000 1000 0.95 10 0.4 1 0.8
0.932802035473287 10.6176485578939 "experimento_36" 36 10000 1000 0.95 10 0.4 1 0.8
0.999591880943626 10.7537864225803 "experimento_36" 36 10000 1000 0.95 10 0.4 1 0.8
1.03325458480977 9.57562649661828 "experimento_36" 36 10000 1000 0.95 10 0.4 1 0.8
1.00164747863076 9.22436123708272 "experimento_36" 36 10000 1000 0.95 10 0.4 1 0.8
1.04211208163761 8.9161492805059 "experimento_36" 36 10000 1000 0.95 10 0.4 1 0.8
1.01886285103805 9.25754974768486 "experimento_36" 36 10000 1000 0.95 10 0.4 1 0.8
1.00174817815766 10.2849055877759 "experimento_36" 36 10000 1000 0.95 10 0.4 1 0.8
0.996663754340261 9.75675162050054 "experimento_36" 36 10000 1000 0.95 10 0.4 1 0.8
0.999237408395857 10.1769420356544 "experimento_36" 36 10000 1000 0.95 10 0.4 1 0.8
0.997849288629368 10.3063170040592 "experimento_36" 36 10000 1000 0.95 10 0.4 1 0.8
1.03155626226217 9.58741798905678 "experimento_36" 36 10000 1000 0.95 10 0.4 1 0.8
0.99890194972977 9.50800963942593 "experimento_36" 36 10000 1000 0.95 10 0.4 1 0.8
1.00018800217658 9.14663560244135 "experimento_36" 36 10000 1000 0.95 10 0.4 1 0.8
0.999656005995348 10.4021550083523 "experimento_36" 36 10000 1000 0.95 10 0.4 1 0.8
0.996891635004431 10.6014694883981 "experimento_36" 36 10000 1000 0.95 10 0.4 1 0.8
1.05870390166529 10.4328506025319 "experimento_36" 36 10000 1000 0.95 10 0.4 1 0.8
1.00956438379362 9.58679771037736 "experimento_36" 36 10000 1000 0.95 10 0.4 1 0.8
1.05337003273889 8.80090761321866 "experimento_36" 36 10000 1000 0.95 10 0.4 1 0.8
0.999520437326282 9.91606883658318 "experimento_36" 36 10000 1000 0.95 10 0.4 1 0.8
1.01553613841534 10.2537309185288 "experimento_36" 36 10000 1000 0.95 10 0.4 1 0.8
0.995890363818035 10.8759319873842 "experimento_36" 36 10000 1000 0.95 10 0.4 1 0.8
1.03770455489866 10.0854969652428 "experimento_36" 36 10000 1000 0.95 10 0.4 1 0.8
1.071451168557 10.4653834683651 "experimento_36" 36 10000 1000 0.95 10 0.4 1 0.8
1.00074454396963 10.307665968647 "experimento_36" 36 10000 1000 0.95 10 0.4 1 0.8
0.917849275982007 10.67357125205 "experimento_36" 36 10000 1000 0.95 10 0.4 1 0.8
1.03795334862672 8.61849401610712 "experimento_36" 36 10000 1000 0.95 10 0.4 1 0.8
1.02427402349353 9.3697041202791 "experimento_36" 36 10000 1000 0.95 10 0.4 1 0.8
1.00875427522697 9.74886174217791 "experimento_36" 36 10000 1000 0.95 10 0.4 1 0.8
0.998329311376438 9.61038934600918 "experimento_36" 36 10000 1000 0.95 10 0.4 1 0.8
1.01977187152292 9.69839295003931 "experimento_36" 36 10000 1000 0.95 10 0.4 1 0.8
1.04154189564288 9.50921064009003 "experimento_36" 36 10000 1000 0.95 10 0.4 1 0.8
1.02496378817596 9.28556339226841 "experimento_36" 36 10000 1000 0.95 10 0.4 1 0.8
0.996694540604949 10.1308089239705 "experimento_36" 36 10000 1000 0.95 10 0.4 1 0.8
0.998560578329489 10.5465559191939 "experimento_36" 36 10000 1000 0.95 10 0.4 1 0.8
1.04257409032434 10.4344623332301 "experimento_36" 36 10000 1000 0.95 10 0.4 1 0.8
0.996937884716317 9.67135481427528 "experimento_36" 36 10000 1000 0.95 10 0.4 1 0.8
1.00073275021277 10.0712054452602 "experimento_36" 36 10000 1000 0.95 10 0.4 1 0.8
0.999731590272859 10.2005148514364 "experimento_36" 36 10000 1000 0.95 10 0.4 1 0.8
1.01824472351 9.7153544261351 "experimento_36" 36 10000 1000 0.95 10 0.4 1 0.8
1.00528899059265 9.48462460768229 "experimento_36" 36 10000 1000 0.95 10 0.4 1 0.8
0.999115758109838 9.71432956076477 "experimento_36" 36 10000 1000 0.95 10 0.4 1 0.8
0.999449505237862 10.2279361975967 "experimento_36" 36 10000 1000 0.95 10 0.4 1 0.8
0.997824223246425 10.3460377625244 "experimento_36" 36 10000 1000 0.95 10 0.4 1 0.8
0.997214659117162 9.87762934046109 "experimento_36" 36 10000 1000 0.95 10 0.4 1 0.8
0.998097386211157 10.2750833667277 "experimento_36" 36 10000 1000 0.95 10 0.4 1 0.8
1.00002763875629 9.82140640918407 "experimento_36" 36 10000 1000 0.95 10 0.4 1 0.8
0.999253328191116 10.6960238440684 "experimento_36" 36 10000 1000 0.95 10 0.4 1 0.8
1.01981494513026 9.73233851221034 "experimento_36" 36 10000 1000 0.95 10 0.4 1 0.8
1.01477381071877 9.52719301194917 "experimento_36" 36 10000 1000 0.95 10 0.4 1 0.8
0.997632323997095 9.68475594622511 "experimento_36" 36 10000 1000 0.95 10 0.4 1 0.8
1.04010938773863 9.66884072931934 "experimento_36" 36 10000 1000 0.95 10 0.4 1 0.8
0.999548178631812 10.1671546109655 "experimento_36" 36 10000 1000 0.95 10 0.4 1 0.8
0.999593881424516 9.79201955324877 "experimento_36" 36 10000 1000 0.95 10 0.4 1 0.8
1.06216837223619 8.70203082243804 "experimento_36" 36 10000 1000 0.95 10 0.4 1 0.8
1.00005878939896 10.259566128223 "experimento_36" 36 10000 1000 0.95 10 0.4 1 0.8
1.00139832876404 10.5300362182601 "experimento_36" 36 10000 1000 0.95 10 0.4 1 0.8
1.00347647295865 9.85394299441845 "experimento_36" 36 10000 1000 0.95 10 0.4 1 0.8
0.998188130557537 10.3740747656546 "experimento_36" 36 10000 1000 0.95 10 0.4 1 0.8
0.996870945673436 11.0052697508358 "experimento_36" 36 10000 1000 0.95 10 0.4 1 0.8
0.997064299182966 10.3972411584749 "experimento_36" 36 10000 1000 0.95 10 0.4 1 0.8
0.995831286534667 10.142859164088 "experimento_36" 36 10000 1000 0.95 10 0.4 1 0.8
0.998675556853414 10.2829493654176 "experimento_36" 36 10000 1000 0.95 10 0.4 1 0.8
0.995082709006965 10.486798706837 "experimento_36" 36 10000 1000 0.95 10 0.4 1 0.8
0.99925020034425 9.7873996344269 "experimento_36" 36 10000 1000 0.95 10 0.4 1 0.8
0.940466605359688 11.2234754233916 "experimento_36" 36 10000 1000 0.95 10 0.4 1 0.8
1.00119510427428 9.65350767925747 "experimento_36" 36 10000 1000 0.95 10 0.4 1 0.8
0.995844923891127 10.6735182238849 "experimento_36" 36 10000 1000 0.95 10 0.4 1 0.8
0.997156861238182 11.0124122279907 "experimento_36" 36 10000 1000 0.95 10 0.4 1 0.8
0.919427977874875 10.6334601188893 "experimento_36" 36 10000 1000 0.95 10 0.4 1 0.8
0.99886689754203 10.1785451611705 "experimento_36" 36 10000 1000 0.95 10 0.4 1 0.8
1.00409092428163 9.96180850990272 "experimento_36" 36 10000 1000 0.95 10 0.4 1 0.8
0.999745076987892 10.262452115371 "experimento_36" 36 10000 1000 0.95 10 0.4 1 0.8
1.08362222257581 10.9393957698094 "experimento_36" 36 10000 1000 0.95 10 0.4 1 0.8
0.998608628520742 10.9449628640932 "experimento_36" 36 10000 1000 0.95 10 0.4 1 0.8
0.995477182324976 10.1069140230879 "experimento_36" 36 10000 1000 0.95 10 0.4 1 0.8
0.999187162145972 9.68531666271441 "experimento_36" 36 10000 1000 0.95 10 0.4 1 0.8
0.999629681231454 10.4815638039737 "experimento_36" 36 10000 1000 0.95 10 0.4 1 0.8
1.00089938392273 10.2891157531769 "experimento_36" 36 10000 1000 0.95 10 0.4 1 0.8
0.99846505955793 10.5046853500329 "experimento_36" 36 10000 1000 0.95 10 0.4 1 0.8
0.995567579986528 9.47617077165148 "experimento_36" 36 10000 1000 0.95 10 0.4 1 0.8
0.999905124539509 9.88682596866643 "experimento_36" 36 10000 1000 0.95 10 0.4 1 0.8
1.04521506517194 9.14486274880112 "experimento_36" 36 10000 1000 0.95 10 0.4 1 0.8
1.00151082943194 9.78641890264202 "experimento_36" 36 10000 1000 0.95 10 0.4 1 0.8
1.00858449470252 9.95349471224878 "experimento_36" 36 10000 1000 0.95 10 0.4 1 0.8
1.02056963003168 10.5580736330703 "experimento_36" 36 10000 1000 0.95 10 0.4 1 0.8
1.03725305781144 9.01266606111982 "experimento_36" 36 10000 1000 0.95 10 0.4 1 0.8
0.996028311317787 10.0895649560701 "experimento_36" 36 10000 1000 0.95 10 0.4 1 0.8
0.999023109441623 10.1429547765389 "experimento_36" 36 10000 1000 0.95 10 0.4 1 0.8
1.06048123314977 9.53481143566199 "experimento_36" 36 10000 1000 0.95 10 0.4 1 0.8
1.08741964772742 8.87658762324248 "experimento_36" 36 10000 1000 0.95 10 0.4 1 0.8
0.995721539249644 10.3052544136089 "experimento_36" 36 10000 1000 0.95 10 0.4 1 0.8
0.999710222939029 10.4538556028831 "experimento_36" 36 10000 1000 0.95 10 0.4 1 0.8
0.995248294202611 9.52354243623589 "experimento_36" 36 10000 1000 0.95 10 0.4 1 0.8
0.943137701135129 11.1031681138635 "experimento_36" 36 10000 1000 0.95 10 0.4 1 0.8
1.00062000663754 9.56676050123567 "experimento_36" 36 10000 1000 0.95 10 0.4 1 0.8
0.99805608484894 11.2171735147632 "experimento_36" 36 10000 1000 0.95 10 0.4 1 0.8
0.999089000513777 10.6802924165683 "experimento_36" 36 10000 1000 0.95 10 0.4 1 0.8
0.998539021704346 10.2775960385383 "experimento_36" 36 10000 1000 0.95 10 0.4 1 0.8
1.02948276662373 10.5048558434442 "experimento_36" 36 10000 1000 0.95 10 0.4 1 0.8
0.998790726065636 9.90434895338407 "experimento_36" 36 10000 1000 0.95 10 0.4 1 0.8
0.9980346232187 10.3376323804396 "experimento_36" 36 10000 1000 0.95 10 0.4 1 0.8
1.02892524013296 9.17977760114306 "experimento_36" 36 10000 1000 0.95 10 0.4 1 0.8
0.996198467677459 10.2569635212932 "experimento_36" 36 10000 1000 0.95 10 0.4 1 0.8
0.999166404595599 10.4445279181346 "experimento_36" 36 10000 1000 0.95 10 0.4 1 0.8
0.997653621481732 9.79815778856222 "experimento_36" 36 10000 1000 0.95 10 0.4 1 0.8
1.01684338171035 10.435869380893 "experimento_36" 36 10000 1000 0.95 10 0.4 1 0.8
1.10537063106474 8.15780491551842 "experimento_36" 36 10000 1000 0.95 10 0.4 1 0.8
0.996170159196481 9.17031747370945 "experimento_36" 36 10000 1000 0.95 10 0.4 1 0.8
0.999870290281251 9.70366455374789 "experimento_36" 36 10000 1000 0.95 10 0.4 1 0.8
0.998413644963875 10.4074592582651 "experimento_36" 36 10000 1000 0.95 10 0.4 1 0.8
0.936964305117726 10.7149632205029 "experimento_36" 36 10000 1000 0.95 10 0.4 1 0.8
1.00342112391984 10.453699717847 "experimento_36" 36 10000 1000 0.95 10 0.4 1 0.8
1.03074806984466 10.1613993593502 "experimento_36" 36 10000 1000 0.95 10 0.4 1 0.8
0.995391744654626 10.0158382019909 "experimento_36" 36 10000 1000 0.95 10 0.4 1 0.8
0.999539758078754 9.91147472205245 "experimento_36" 36 10000 1000 0.95 10 0.4 1 0.8
0.998520360793918 10.2272837048076 "experimento_36" 36 10000 1000 0.95 10 0.4 1 0.8
0.997738932957873 10.2091998965193 "experimento_36" 36 10000 1000 0.95 10 0.4 1 0.8
0.994100635638461 10.7805600802832 "experimento_36" 36 10000 1000 0.95 10 0.4 1 0.8
0.994861615821719 11.0158193121965 "experimento_36" 36 10000 1000 0.95 10 0.4 1 0.8
0.996385060017928 9.50977177765312 "experimento_36" 36 10000 1000 0.95 10 0.4 1 0.8
0.994733688188717 10.9189330308695 "experimento_36" 36 10000 1000 0.95 10 0.4 1 0.8
0.999315387336537 9.91201753027789 "experimento_36" 36 10000 1000 0.95 10 0.4 1 0.8
1.1299390098038 10.9158410277746 "experimento_36" 36 10000 1000 0.95 10 0.4 1 0.8
0.995030146092176 9.64948541337192 "experimento_36" 36 10000 1000 0.95 10 0.4 1 0.8
0.994876398472115 10.6193515855408 "experimento_36" 36 10000 1000 0.95 10 0.4 1 0.8
0.997440309729427 9.70432800108476 "experimento_36" 36 10000 1000 0.95 10 0.4 1 0.8
0.998840870335698 10.3831081401531 "experimento_36" 36 10000 1000 0.95 10 0.4 1 0.8
0.998037219746038 10.262228205326 "experimento_36" 36 10000 1000 0.95 10 0.4 1 0.8
1.00402196859941 10.6366849081979 "experimento_36" 36 10000 1000 0.95 10 0.4 1 0.8
0.99855522881262 9.87405447140186 "experimento_36" 36 10000 1000 0.95 10 0.4 1 0.8
0.995897696353495 10.6792185775458 "experimento_36" 36 10000 1000 0.95 10 0.4 1 0.8
1.02167920786887 10.7321032953949 "experimento_36" 36 10000 1000 0.95 10 0.4 1 0.8
0.997519739437848 10.1921963384239 "experimento_36" 36 10000 1000 0.95 10 0.4 1 0.8
0.997687223367393 10.9881310464651 "experimento_36" 36 10000 1000 0.95 10 0.4 1 0.8
1.03157521993853 10.6756421238165 "experimento_36" 36 10000 1000 0.95 10 0.4 1 0.8
0.998811470344663 10.5924780385043 "experimento_36" 36 10000 1000 0.95 10 0.4 1 0.8
0.997912797378376 10.4584664662297 "experimento_36" 36 10000 1000 0.95 10 0.4 1 0.8
0.996942828409374 10.0954976526457 "experimento_36" 36 10000 1000 0.95 10 0.4 1 0.8
0.993672384181991 10.9755159677982 "experimento_36" 36 10000 1000 0.95 10 0.4 1 0.8
0.994134989567101 9.89974929123251 "experimento_36" 36 10000 1000 0.95 10 0.4 1 0.8
0.996701313881204 10.3762440832631 "experimento_36" 36 10000 1000 0.95 10 0.4 1 0.8
0.997024369658902 9.95796450135854 "experimento_36" 36 10000 1000 0.95 10 0.4 1 0.8
1.05122207980603 8.76387534040265 "experimento_36" 36 10000 1000 0.95 10 0.4 1 0.8
1.03635633591692 10.3840309222131 "experimento_36" 36 10000 1000 0.95 10 0.4 1 0.8
1.00009306150324 9.52765423342865 "experimento_36" 36 10000 1000 0.95 10 0.4 1 0.8
0.992382579483092 10.235056273797 "experimento_36" 36 10000 1000 0.95 10 0.4 1 0.8
1.04200522167543 10.2160730796389 "experimento_36" 36 10000 1000 0.95 10 0.4 1 0.8
1.00210237147883 10.0025461325052 "experimento_36" 36 10000 1000 0.95 10 0.4 1 0.8
0.999918586108834 9.6764838965793 "experimento_36" 36 10000 1000 0.95 10 0.4 1 0.8
1.02157269056709 9.21263554924073 "experimento_36" 36 10000 1000 0.95 10 0.4 1 0.8
0.996266161324456 10.3123369676577 "experimento_36" 36 10000 1000 0.95 10 0.4 1 0.8
0.998102586949244 10.0010151909322 "experimento_36" 36 10000 1000 0.95 10 0.4 1 0.8
1.0391862768024 10.2135091943762 "experimento_36" 36 10000 1000 0.95 10 0.4 1 0.8
0.999821058474481 9.9770918187768 "experimento_36" 36 10000 1000 0.95 10 0.4 1 0.8
1.02716059953436 10.1542014119344 "experimento_36" 36 10000 1000 0.95 10 0.4 1 0.8
0.998704111436382 9.73589183721472 "experimento_36" 36 10000 1000 0.95 10 0.4 1 0.8
1.03482070623895 10.9573747917632 "experimento_36" 36 10000 1000 0.95 10 0.4 1 0.8
0.99791829707101 10.5632380224782 "experimento_36" 36 10000 1000 0.95 10 0.4 1 0.8
1.00523872892372 10.1460630725094 "experimento_36" 36 10000 1000 0.95 10 0.4 1 0.8
1.00020266333595 9.89141863915162 "experimento_36" 36 10000 1000 0.95 10 0.4 1 0.8
1.05670905928127 9.31248036331756 "experimento_36" 36 10000 1000 0.95 10 0.4 1 0.8
1.00129146743566 10.3813716595283 "experimento_36" 36 10000 1000 0.95 10 0.4 1 0.8
1.0201587874908 9.91631528340513 "experimento_36" 36 10000 1000 0.95 10 0.4 1 0.8
0.906742844032124 10.2163205416173 "experimento_36" 36 10000 1000 0.95 10 0.4 1 0.8
1.00581338745542 9.5222529776003 "experimento_36" 36 10000 1000 0.95 10 0.4 1 0.8
0.99562108120881 9.76783479175521 "experimento_36" 36 10000 1000 0.95 10 0.4 1 0.8
0.998762418981642 10.7574212033861 "experimento_36" 36 10000 1000 0.95 10 0.4 1 0.8
0.993516186950728 9.98175987450187 "experimento_36" 36 10000 1000 0.95 10 0.4 1 0.8
1.03006333764727 8.81128982769901 "experimento_36" 36 10000 1000 0.95 10 0.4 1 0.8
0.998499926412478 10.1114841505019 "experimento_36" 36 10000 1000 0.95 10 0.4 1 0.8
1.02737217774585 9.78783470755521 "experimento_36" 36 10000 1000 0.95 10 0.4 1 0.8
0.921953777084127 10.9178419262649 "experimento_36" 36 10000 1000 0.95 10 0.4 1 0.8
0.998723478754982 10.1116117265283 "experimento_36" 36 10000 1000 0.95 10 0.4 1 0.8
0.997303784592077 10.9892647869069 "experimento_36" 36 10000 1000 0.95 10 0.4 1 0.8
0.912054964341223 10.3365105011875 "experimento_36" 36 10000 1000 0.95 10 0.4 1 0.8
1.00734935919754 9.56592433061258 "experimento_36" 36 10000 1000 0.95 10 0.4 1 0.8
0.997936844592914 9.04818449021162 "experimento_36" 36 10000 1000 0.95 10 0.4 1 0.8
1.00272162840702 9.35758352574456 "experimento_36" 36 10000 1000 0.95 10 0.4 1 0.8
0.99926451803185 9.52466395643218 "experimento_36" 36 10000 1000 0.95 10 0.4 1 0.8
1.00116995718724 10.1638662815052 "experimento_36" 36 10000 1000 0.95 10 0.4 1 0.8
1.0513504343573 9.47027830523359 "experimento_36" 36 10000 1000 0.95 10 0.4 1 0.8
1.04382228781469 11.0794428896321 "experimento_36" 36 10000 1000 0.95 10 0.4 1 0.8
0.99752510082908 10.5657192923626 "experimento_36" 36 10000 1000 0.95 10 0.4 1 0.8
1.00160701818398 9.51069258293124 "experimento_36" 36 10000 1000 0.95 10 0.4 1 0.8
0.999763335799798 10.0932485846827 "experimento_36" 36 10000 1000 0.95 10 0.4 1 0.8
0.991668392671272 11.0689887315558 "experimento_36" 36 10000 1000 0.95 10 0.4 1 0.8
0.99993606004864 10.2937665219991 "experimento_36" 36 10000 1000 0.95 10 0.4 1 0.8
1.00197742073797 9.49616970549658 "experimento_36" 36 10000 1000 0.95 10 0.4 1 0.8
0.994845914654434 10.4603487028102 "experimento_36" 36 10000 1000 0.95 10 0.4 1 0.8
0.99659888446331 10.333668401084 "experimento_36" 36 10000 1000 0.95 10 0.4 1 0.8
0.929729047231376 11.0232059452399 "experimento_36" 36 10000 1000 0.95 10 0.4 1 0.8
1.02397191701457 10.3200207076829 "experimento_36" 36 10000 1000 0.95 10 0.4 1 0.8
1.02582053401896 9.54551974609189 "experimento_36" 36 10000 1000 0.95 10 0.4 1 0.8
1.08556113857356 9.22906856076963 "experimento_36" 36 10000 1000 0.95 10 0.4 1 0.8
1.00010864460338 9.54737507657894 "experimento_36" 36 10000 1000 0.95 10 0.4 1 0.8
0.999999303137884 10.0835115793831 "experimento_36" 36 10000 1000 0.95 10 0.4 1 0.8
0.99857042520307 9.7534467429985 "experimento_36" 36 10000 1000 0.95 10 0.4 1 0.8
1.00284691143637 9.44252509103393 "experimento_36" 36 10000 1000 0.95 10 0.4 1 0.8
0.999051289400086 10.6497727260522 "experimento_36" 36 10000 1000 0.95 10 0.4 1 0.8
0.999840984120965 9.63802046684342 "experimento_36" 36 10000 1000 0.95 10 0.4 1 0.8
1.03320176439635 9.36610039950102 "experimento_36" 36 10000 1000 0.95 10 0.4 1 0.8
1.02501882310025 10.3012654636353 "experimento_36" 36 10000 1000 0.95 10 0.4 1 0.8
1.01477018869482 9.15937027091182 "experimento_36" 36 10000 1000 0.95 10 0.4 1 0.8
0.998851845739409 10.1836148636022 "experimento_36" 36 10000 1000 0.95 10 0.4 1 0.8
0.996799770276994 9.92397447544534 "experimento_36" 36 10000 1000 0.95 10 0.4 1 0.8
0.997770057525486 9.92573339997772 "experimento_36" 36 10000 1000 0.95 10 0.4 1 0.8
0.998083833605051 10.2491879895344 "experimento_36" 36 10000 1000 0.95 10 0.4 1 0.8
0.998472132952884 9.53909185693694 "experimento_36" 36 10000 1000 0.95 10 0.4 1 0.8
0.999607036588714 9.88312138011516 "experimento_36" 36 10000 1000 0.95 10 0.4 1 0.8
0.917087906505913 10.1536859686901 "experimento_36" 36 10000 1000 0.95 10 0.4 1 0.8
0.999056606087834 9.45631498801632 "experimento_36" 36 10000 1000 0.95 10 0.4 1 0.8
0.994652463123202 9.71348209479847 "experimento_36" 36 10000 1000 0.95 10 0.4 1 0.8
0.998077311553061 9.88066628471435 "experimento_36" 36 10000 1000 0.95 10 0.4 1 0.8
1.00037856988735 10.4430997559402 "experimento_36" 36 10000 1000 0.95 10 0.4 1 0.8
0.998355424962938 9.89191006493435 "experimento_36" 36 10000 1000 0.95 10 0.4 1 0.8
1.01807628502138 9.42502342057581 "experimento_36" 36 10000 1000 0.95 10 0.4 1 0.8
1.00444091699421 10.0345500120906 "experimento_36" 36 10000 1000 0.95 10 0.4 1 0.8
0.999575683148578 9.62518889736237 "experimento_36" 36 10000 1000 0.95 10 0.4 1 0.8
0.996379147283733 10.5554834005217 "experimento_36" 36 10000 1000 0.95 10 0.4 1 0.8
1.08844805256975 10.3969513204819 "experimento_36" 36 10000 1000 0.95 10 0.4 1 0.8
1.01958043144802 11.0523383745556 "experimento_36" 36 10000 1000 0.95 10 0.4 1 0.8
0.998573615215719 9.71153824503669 "experimento_36" 36 10000 1000 0.95 10 0.4 1 0.8
0.9983500035014 11.0392795683472 "experimento_36" 36 10000 1000 0.95 10 0.4 1 0.8
0.999993310775608 9.2140079842505 "experimento_36" 36 10000 1000 0.95 10 0.4 1 0.8
1.00191272459924 9.84990322615535 "experimento_36" 36 10000 1000 0.95 10 0.4 1 0.8
1.03672544218326 9.7250478601504 "experimento_36" 36 10000 1000 0.95 10 0.4 1 0.8
0.999127554474398 10.2573968077822 "experimento_36" 36 10000 1000 0.95 10 0.4 1 0.8
0.999994037905708 9.84750763332308 "experimento_36" 36 10000 1000 0.95 10 0.4 1 0.8
1.05341540391343 10.1946744827055 "experimento_36" 36 10000 1000 0.95 10 0.4 1 0.8
1.02232558019459 10.3527150860539 "experimento_36" 36 10000 1000 0.95 10 0.4 1 0.8
1.00260537585345 9.38735845483687 "experimento_36" 36 10000 1000 0.95 10 0.4 1 0.8
1.02138467818355 9.81561202390798 "experimento_36" 36 10000 1000 0.95 10 0.4 1 0.8
1.10457505069816 11.9370868583267 "experimento_36" 36 10000 1000 0.95 10 0.4 1 0.8
