"est.u" "est.lamb" "name" "seed" "size" "replicates" "p_umbral" "exp_lambda" "alpha_pen" "n_pen" "c"
0.999645416857675 49.9828141273651 "experimento_59" 59 5000 1000 0.95 50 0.4 1 0.8
0.999080739216879 46.9169371058222 "experimento_59" 59 5000 1000 0.95 50 0.4 1 0.8
1.00233805507976 48.9168415976638 "experimento_59" 59 5000 1000 0.95 50 0.4 1 0.8
1.00014144209214 44.1930218509762 "experimento_59" 59 5000 1000 0.95 50 0.4 1 0.8
0.999554312555119 54.272007279479 "experimento_59" 59 5000 1000 0.95 50 0.4 1 0.8
0.998965695966035 48.1289501531649 "experimento_59" 59 5000 1000 0.95 50 0.4 1 0.8
0.999838575487956 47.9617615227991 "experimento_59" 59 5000 1000 0.95 50 0.4 1 0.8
1.01823401611214 60.7131859894149 "experimento_59" 59 5000 1000 0.95 50 0.4 1 0.8
1.00000060399994 51.2073035566126 "experimento_59" 59 5000 1000 0.95 50 0.4 1 0.8
1.00004303364083 51.5974940311921 "experimento_59" 59 5000 1000 0.95 50 0.4 1 0.8
0.999156918609515 51.2059382973528 "experimento_59" 59 5000 1000 0.95 50 0.4 1 0.8
0.999747107038274 53.1693386722647 "experimento_59" 59 5000 1000 0.95 50 0.4 1 0.8
1.00028128515384 51.5752290268211 "experimento_59" 59 5000 1000 0.95 50 0.4 1 0.8
1.00343311639503 50.4124779858744 "experimento_59" 59 5000 1000 0.95 50 0.4 1 0.8
1.02753870693883 47.6657685266241 "experimento_59" 59 5000 1000 0.95 50 0.4 1 0.8
1.00016992501914 49.8855241740231 "experimento_59" 59 5000 1000 0.95 50 0.4 1 0.8
0.99977078428492 51.3846973862957 "experimento_59" 59 5000 1000 0.95 50 0.4 1 0.8
1.01438794553333 55.545544438127 "experimento_59" 59 5000 1000 0.95 50 0.4 1 0.8
0.999150704592466 44.3127088125608 "experimento_59" 59 5000 1000 0.95 50 0.4 1 0.8
1.00030755785915 51.4344039570165 "experimento_59" 59 5000 1000 0.95 50 0.4 1 0.8
0.999670102261007 53.8506736806151 "experimento_59" 59 5000 1000 0.95 50 0.4 1 0.8
1.01254382765852 58.2842310414084 "experimento_59" 59 5000 1000 0.95 50 0.4 1 0.8
1.01338265424594 49.9415847639603 "experimento_59" 59 5000 1000 0.95 50 0.4 1 0.8
0.999027752317488 52.1734482827769 "experimento_59" 59 5000 1000 0.95 50 0.4 1 0.8
1.01875341834416 57.7233581409351 "experimento_59" 59 5000 1000 0.95 50 0.4 1 0.8
0.999791922047734 50.06516153371 "experimento_59" 59 5000 1000 0.95 50 0.4 1 0.8
0.99945738306269 54.8305984822483 "experimento_59" 59 5000 1000 0.95 50 0.4 1 0.8
1.00330247355824 46.8431455691851 "experimento_59" 59 5000 1000 0.95 50 0.4 1 0.8
1.00015868440099 52.4416225281801 "experimento_59" 59 5000 1000 0.95 50 0.4 1 0.8
1.00614960129045 55.0209547493652 "experimento_59" 59 5000 1000 0.95 50 0.4 1 0.8
1.00389512595721 51.8249653443022 "experimento_59" 59 5000 1000 0.95 50 0.4 1 0.8
0.999149621697143 45.9332177922972 "experimento_59" 59 5000 1000 0.95 50 0.4 1 0.8
1.00633440748156 43.5745244022753 "experimento_59" 59 5000 1000 0.95 50 0.4 1 0.8
1.00096206176012 51.2841955187662 "experimento_59" 59 5000 1000 0.95 50 0.4 1 0.8
0.999459088547155 51.2419574842328 "experimento_59" 59 5000 1000 0.95 50 0.4 1 0.8
0.999502402963117 46.6059257697293 "experimento_59" 59 5000 1000 0.95 50 0.4 1 0.8
0.999675329308957 49.3777519859985 "experimento_59" 59 5000 1000 0.95 50 0.4 1 0.8
0.999929937766865 49.7516229002882 "experimento_59" 59 5000 1000 0.95 50 0.4 1 0.8
1.00012130429037 51.6404613008547 "experimento_59" 59 5000 1000 0.95 50 0.4 1 0.8
1.00044194175862 55.6977486075151 "experimento_59" 59 5000 1000 0.95 50 0.4 1 0.8
1.00684206123464 53.9945765757317 "experimento_59" 59 5000 1000 0.95 50 0.4 1 0.8
1.0018943006359 54.5804443577114 "experimento_59" 59 5000 1000 0.95 50 0.4 1 0.8
1.00303141269204 52.0123247744835 "experimento_59" 59 5000 1000 0.95 50 0.4 1 0.8
1.00027573002502 47.7323276737201 "experimento_59" 59 5000 1000 0.95 50 0.4 1 0.8
1.01695262318393 44.8242566631533 "experimento_59" 59 5000 1000 0.95 50 0.4 1 0.8
1.0186007295168 49.4323703620802 "experimento_59" 59 5000 1000 0.95 50 0.4 1 0.8
0.999392392346635 51.7209245871113 "experimento_59" 59 5000 1000 0.95 50 0.4 1 0.8
1.0204857806166 46.1724290474586 "experimento_59" 59 5000 1000 0.95 50 0.4 1 0.8
0.999183657579124 48.9299362404341 "experimento_59" 59 5000 1000 0.95 50 0.4 1 0.8
1.00769676718861 54.5207021705365 "experimento_59" 59 5000 1000 0.95 50 0.4 1 0.8
1.00128208489867 50.7456969383913 "experimento_59" 59 5000 1000 0.95 50 0.4 1 0.8
1.01101951731369 59.7040889785395 "experimento_59" 59 5000 1000 0.95 50 0.4 1 0.8
1.00004142311692 48.3719650480412 "experimento_59" 59 5000 1000 0.95 50 0.4 1 0.8
1.00003117641434 46.3027923057211 "experimento_59" 59 5000 1000 0.95 50 0.4 1 0.8
0.999319392023608 49.9661684745908 "experimento_59" 59 5000 1000 0.95 50 0.4 1 0.8
1.00095603621565 53.0911198615345 "experimento_59" 59 5000 1000 0.95 50 0.4 1 0.8
1.0000074898079 51.8688800330369 "experimento_59" 59 5000 1000 0.95 50 0.4 1 0.8
1.00601496626623 47.0562216364146 "experimento_59" 59 5000 1000 0.95 50 0.4 1 0.8
1.00124353019521 43.2611910640185 "experimento_59" 59 5000 1000 0.95 50 0.4 1 0.8
1.0015901628368 49.2079267675468 "experimento_59" 59 5000 1000 0.95 50 0.4 1 0.8
0.999050296843052 47.6564174647724 "experimento_59" 59 5000 1000 0.95 50 0.4 1 0.8
1.00004365345463 51.4130703291678 "experimento_59" 59 5000 1000 0.95 50 0.4 1 0.8
1.00129334572924 60.4146741669777 "experimento_59" 59 5000 1000 0.95 50 0.4 1 0.8
1.0015019795578 47.0829000936069 "experimento_59" 59 5000 1000 0.95 50 0.4 1 0.8
0.999222333775833 54.3108634666214 "experimento_59" 59 5000 1000 0.95 50 0.4 1 0.8
1.00026358588599 52.0761030722852 "experimento_59" 59 5000 1000 0.95 50 0.4 1 0.8
0.999502580845729 49.1563205196718 "experimento_59" 59 5000 1000 0.95 50 0.4 1 0.8
1.01000119284727 46.3720215712493 "experimento_59" 59 5000 1000 0.95 50 0.4 1 0.8
0.998924484709278 50.1864668738244 "experimento_59" 59 5000 1000 0.95 50 0.4 1 0.8
1.00123938652687 47.6254903027103 "experimento_59" 59 5000 1000 0.95 50 0.4 1 0.8
0.999187779612839 46.4980743076455 "experimento_59" 59 5000 1000 0.95 50 0.4 1 0.8
0.99884904618375 47.8374268043124 "experimento_59" 59 5000 1000 0.95 50 0.4 1 0.8
1.0220256374768 41.5497431440216 "experimento_59" 59 5000 1000 0.95 50 0.4 1 0.8
0.999456324148923 46.9551705179094 "experimento_59" 59 5000 1000 0.95 50 0.4 1 0.8
1.0024523319304 42.6530596194638 "experimento_59" 59 5000 1000 0.95 50 0.4 1 0.8
0.999347443925217 50.5170488648502 "experimento_59" 59 5000 1000 0.95 50 0.4 1 0.8
0.998840254498646 50.2490139567741 "experimento_59" 59 5000 1000 0.95 50 0.4 1 0.8
1.00582847149111 45.412148829762 "experimento_59" 59 5000 1000 0.95 50 0.4 1 0.8
1.00093646672714 52.658508377979 "experimento_59" 59 5000 1000 0.95 50 0.4 1 0.8
1.01188724830747 53.0081674254666 "experimento_59" 59 5000 1000 0.95 50 0.4 1 0.8
0.99966477882117 49.2160720647989 "experimento_59" 59 5000 1000 0.95 50 0.4 1 0.8
1.00750749387048 55.6065644285233 "experimento_59" 59 5000 1000 0.95 50 0.4 1 0.8
1.01455854239276 64.6405987301115 "experimento_59" 59 5000 1000 0.95 50 0.4 1 0.8
1.000273712017 60.9699856503872 "experimento_59" 59 5000 1000 0.95 50 0.4 1 0.8
1.01167840244249 53.3257173693467 "experimento_59" 59 5000 1000 0.95 50 0.4 1 0.8
1.00596884378232 51.7116534391427 "experimento_59" 59 5000 1000 0.95 50 0.4 1 0.8
1.00004132557528 52.2832543700003 "experimento_59" 59 5000 1000 0.95 50 0.4 1 0.8
0.999604729469866 49.2555357481543 "experimento_59" 59 5000 1000 0.95 50 0.4 1 0.8
1.00039364247222 52.1920121220994 "experimento_59" 59 5000 1000 0.95 50 0.4 1 0.8
0.999596628826112 52.3661000450771 "experimento_59" 59 5000 1000 0.95 50 0.4 1 0.8
0.999779351055622 48.23389043624 "experimento_59" 59 5000 1000 0.95 50 0.4 1 0.8
0.99817513092421 50.129535251771 "experimento_59" 59 5000 1000 0.95 50 0.4 1 0.8
1.01771720711498 56.1128994697016 "experimento_59" 59 5000 1000 0.95 50 0.4 1 0.8
1.00641657979228 49.8907952428132 "experimento_59" 59 5000 1000 0.95 50 0.4 1 0.8
0.999228133121505 48.5265203317562 "experimento_59" 59 5000 1000 0.95 50 0.4 1 0.8
1.00113454502076 53.7845998908488 "experimento_59" 59 5000 1000 0.95 50 0.4 1 0.8
1.00355857793242 51.563302040915 "experimento_59" 59 5000 1000 0.95 50 0.4 1 0.8
1.00611140656285 56.2366735170069 "experimento_59" 59 5000 1000 0.95 50 0.4 1 0.8
1.00052052577958 46.1938033250488 "experimento_59" 59 5000 1000 0.95 50 0.4 1 0.8
1.00058513031089 51.5397605279799 "experimento_59" 59 5000 1000 0.95 50 0.4 1 0.8
1.00024371343665 44.0688485340385 "experimento_59" 59 5000 1000 0.95 50 0.4 1 0.8
1.00421319655143 55.610817672776 "experimento_59" 59 5000 1000 0.95 50 0.4 1 0.8
1.0100999919977 58.7871431055608 "experimento_59" 59 5000 1000 0.95 50 0.4 1 0.8
1.01143885229714 48.2089975086851 "experimento_59" 59 5000 1000 0.95 50 0.4 1 0.8
0.999319978058338 52.2279621593692 "experimento_59" 59 5000 1000 0.95 50 0.4 1 0.8
1.01488993953829 58.2321602925489 "experimento_59" 59 5000 1000 0.95 50 0.4 1 0.8
1.01397286515599 49.8767617106078 "experimento_59" 59 5000 1000 0.95 50 0.4 1 0.8
1.00073377774097 51.1299808501818 "experimento_59" 59 5000 1000 0.95 50 0.4 1 0.8
0.99997511645779 51.7467881026649 "experimento_59" 59 5000 1000 0.95 50 0.4 1 0.8
1.00052760078068 51.246682561872 "experimento_59" 59 5000 1000 0.95 50 0.4 1 0.8
1.00236222696665 41.9629218253006 "experimento_59" 59 5000 1000 0.95 50 0.4 1 0.8
0.999608088750392 48.593177145004 "experimento_59" 59 5000 1000 0.95 50 0.4 1 0.8
0.999887703452259 51.0493862010431 "experimento_59" 59 5000 1000 0.95 50 0.4 1 0.8
1.01652798663741 55.8183901701145 "experimento_59" 59 5000 1000 0.95 50 0.4 1 0.8
1.00074384842999 53.6222046618664 "experimento_59" 59 5000 1000 0.95 50 0.4 1 0.8
1.00067994798534 54.524534273212 "experimento_59" 59 5000 1000 0.95 50 0.4 1 0.8
1.00054244886808 49.9832299987379 "experimento_59" 59 5000 1000 0.95 50 0.4 1 0.8
0.999833176610991 46.8648677141988 "experimento_59" 59 5000 1000 0.95 50 0.4 1 0.8
0.998549969866872 47.0565111396905 "experimento_59" 59 5000 1000 0.95 50 0.4 1 0.8
0.998902004677802 44.3860169733728 "experimento_59" 59 5000 1000 0.95 50 0.4 1 0.8
0.99891434633173 49.7994796273333 "experimento_59" 59 5000 1000 0.95 50 0.4 1 0.8
0.99871091498062 47.1709241077687 "experimento_59" 59 5000 1000 0.95 50 0.4 1 0.8
1.00120462479673 51.5705964748609 "experimento_59" 59 5000 1000 0.95 50 0.4 1 0.8
0.998998288530856 46.4411520778267 "experimento_59" 59 5000 1000 0.95 50 0.4 1 0.8
1.00553750654199 50.8765663146235 "experimento_59" 59 5000 1000 0.95 50 0.4 1 0.8
1.00065008780919 50.4376545029185 "experimento_59" 59 5000 1000 0.95 50 0.4 1 0.8
1.00515286303125 53.4823446459211 "experimento_59" 59 5000 1000 0.95 50 0.4 1 0.8
1.00011710738647 54.9517336290497 "experimento_59" 59 5000 1000 0.95 50 0.4 1 0.8
0.998832556651905 48.5763519133565 "experimento_59" 59 5000 1000 0.95 50 0.4 1 0.8
1.0000406887196 48.1917671613679 "experimento_59" 59 5000 1000 0.95 50 0.4 1 0.8
0.999364691786468 53.2151737649158 "experimento_59" 59 5000 1000 0.95 50 0.4 1 0.8
1.00897244262509 49.1139238256966 "experimento_59" 59 5000 1000 0.95 50 0.4 1 0.8
1.00900017582811 49.3161738085333 "experimento_59" 59 5000 1000 0.95 50 0.4 1 0.8
1.00396124283783 44.8439947333833 "experimento_59" 59 5000 1000 0.95 50 0.4 1 0.8
1.02034523656508 44.8851404577177 "experimento_59" 59 5000 1000 0.95 50 0.4 1 0.8
1.00961614415981 60.0668096201063 "experimento_59" 59 5000 1000 0.95 50 0.4 1 0.8
1.00382362709381 52.5429614218476 "experimento_59" 59 5000 1000 0.95 50 0.4 1 0.8
1.00543754397092 56.749861021744 "experimento_59" 59 5000 1000 0.95 50 0.4 1 0.8
1.0195044828943 54.2317193736604 "experimento_59" 59 5000 1000 0.95 50 0.4 1 0.8
1.0081593380589 56.0932128702923 "experimento_59" 59 5000 1000 0.95 50 0.4 1 0.8
1.00647509936243 45.5216475596826 "experimento_59" 59 5000 1000 0.95 50 0.4 1 0.8
0.999795059906319 50.3140542755115 "experimento_59" 59 5000 1000 0.95 50 0.4 1 0.8
0.999332171166316 49.9510404425183 "experimento_59" 59 5000 1000 0.95 50 0.4 1 0.8
0.999089566525072 48.1925202928055 "experimento_59" 59 5000 1000 0.95 50 0.4 1 0.8
0.999879595590755 51.8346978734172 "experimento_59" 59 5000 1000 0.95 50 0.4 1 0.8
0.999132560333237 41.0967882629407 "experimento_59" 59 5000 1000 0.95 50 0.4 1 0.8
0.999543965095654 52.7879655148691 "experimento_59" 59 5000 1000 0.95 50 0.4 1 0.8
1.00021570215933 48.1886322902337 "experimento_59" 59 5000 1000 0.95 50 0.4 1 0.8
1.02325090020811 67.1723159414538 "experimento_59" 59 5000 1000 0.95 50 0.4 1 0.8
1.01178135187365 58.4621929000747 "experimento_59" 59 5000 1000 0.95 50 0.4 1 0.8
0.999642364215106 51.5391037084603 "experimento_59" 59 5000 1000 0.95 50 0.4 1 0.8
0.999916890403256 47.1095687509949 "experimento_59" 59 5000 1000 0.95 50 0.4 1 0.8
1.00246717887931 47.683536136118 "experimento_59" 59 5000 1000 0.95 50 0.4 1 0.8
1.03024404816161 43.9830349814207 "experimento_59" 59 5000 1000 0.95 50 0.4 1 0.8
1.00008393435248 49.5018695952515 "experimento_59" 59 5000 1000 0.95 50 0.4 1 0.8
0.999467934248969 44.6457028555933 "experimento_59" 59 5000 1000 0.95 50 0.4 1 0.8
1.01230838058516 45.8155733995875 "experimento_59" 59 5000 1000 0.95 50 0.4 1 0.8
0.998871239367872 49.8164816593502 "experimento_59" 59 5000 1000 0.95 50 0.4 1 0.8
0.999458235222846 46.7885507647833 "experimento_59" 59 5000 1000 0.95 50 0.4 1 0.8
1.00952957761474 48.3361246887971 "experimento_59" 59 5000 1000 0.95 50 0.4 1 0.8
0.999862915137783 49.6374303617991 "experimento_59" 59 5000 1000 0.95 50 0.4 1 0.8
0.999737580306828 54.7115677238299 "experimento_59" 59 5000 1000 0.95 50 0.4 1 0.8
1.00010688212406 49.2619262046851 "experimento_59" 59 5000 1000 0.95 50 0.4 1 0.8
1.00898334024148 46.8343270441057 "experimento_59" 59 5000 1000 0.95 50 0.4 1 0.8
1.01680467760106 49.0526426688894 "experimento_59" 59 5000 1000 0.95 50 0.4 1 0.8
0.999749766197056 48.2766542234474 "experimento_59" 59 5000 1000 0.95 50 0.4 1 0.8
0.999740948202088 53.1504673342071 "experimento_59" 59 5000 1000 0.95 50 0.4 1 0.8
1.02841877072882 50.920510407345 "experimento_59" 59 5000 1000 0.95 50 0.4 1 0.8
1.00725338244811 50.6686153200859 "experimento_59" 59 5000 1000 0.95 50 0.4 1 0.8
1.00433443305759 52.4169730208776 "experimento_59" 59 5000 1000 0.95 50 0.4 1 0.8
1.0110227018781 51.1127067619917 "experimento_59" 59 5000 1000 0.95 50 0.4 1 0.8
1.00164124922827 50.529075609354 "experimento_59" 59 5000 1000 0.95 50 0.4 1 0.8
1.01533099340013 56.0562376454144 "experimento_59" 59 5000 1000 0.95 50 0.4 1 0.8
0.999549101805314 51.4492402876894 "experimento_59" 59 5000 1000 0.95 50 0.4 1 0.8
1.00040514515713 49.8257009465616 "experimento_59" 59 5000 1000 0.95 50 0.4 1 0.8
1.00065860950388 50.6154964005724 "experimento_59" 59 5000 1000 0.95 50 0.4 1 0.8
0.99967366294004 48.9129642305771 "experimento_59" 59 5000 1000 0.95 50 0.4 1 0.8
1.00043391475272 54.0457858243424 "experimento_59" 59 5000 1000 0.95 50 0.4 1 0.8
1.00778313253075 56.9408601245563 "experimento_59" 59 5000 1000 0.95 50 0.4 1 0.8
0.998299821978435 46.2264357075425 "experimento_59" 59 5000 1000 0.95 50 0.4 1 0.8
0.999747897265479 47.7315008656245 "experimento_59" 59 5000 1000 0.95 50 0.4 1 0.8
1.01048746886663 52.9020960081963 "experimento_59" 59 5000 1000 0.95 50 0.4 1 0.8
1.02309356039306 65.716926402042 "experimento_59" 59 5000 1000 0.95 50 0.4 1 0.8
0.999435599893332 57.6194792535488 "experimento_59" 59 5000 1000 0.95 50 0.4 1 0.8
0.999569835606962 51.9649287988624 "experimento_59" 59 5000 1000 0.95 50 0.4 1 0.8
1.00042033951917 53.427042296061 "experimento_59" 59 5000 1000 0.95 50 0.4 1 0.8
1.00179916608147 50.4059655363837 "experimento_59" 59 5000 1000 0.95 50 0.4 1 0.8
0.999634172068909 52.3341960232281 "experimento_59" 59 5000 1000 0.95 50 0.4 1 0.8
0.999650676501915 51.156690281422 "experimento_59" 59 5000 1000 0.95 50 0.4 1 0.8
1.0013960507419 49.9268533415141 "experimento_59" 59 5000 1000 0.95 50 0.4 1 0.8
0.998942927224562 49.131760350397 "experimento_59" 59 5000 1000 0.95 50 0.4 1 0.8
1.00004300203174 46.0209313768634 "experimento_59" 59 5000 1000 0.95 50 0.4 1 0.8
0.999570557149127 46.4487498659371 "experimento_59" 59 5000 1000 0.95 50 0.4 1 0.8
1.02006034681489 51.5911515812138 "experimento_59" 59 5000 1000 0.95 50 0.4 1 0.8
1.00660918810405 53.9589774950065 "experimento_59" 59 5000 1000 0.95 50 0.4 1 0.8
1.00384785952047 54.1895220678264 "experimento_59" 59 5000 1000 0.95 50 0.4 1 0.8
0.999258519383147 46.1010449835497 "experimento_59" 59 5000 1000 0.95 50 0.4 1 0.8
1.00003795309924 48.5632644149467 "experimento_59" 59 5000 1000 0.95 50 0.4 1 0.8
0.999299614690244 49.6748800426625 "experimento_59" 59 5000 1000 0.95 50 0.4 1 0.8
1.00010587195866 52.4234907009435 "experimento_59" 59 5000 1000 0.95 50 0.4 1 0.8
0.999767214525491 49.8903947032735 "experimento_59" 59 5000 1000 0.95 50 0.4 1 0.8
1.00163433169946 46.140460584289 "experimento_59" 59 5000 1000 0.95 50 0.4 1 0.8
1.01026456050575 42.6412388794882 "experimento_59" 59 5000 1000 0.95 50 0.4 1 0.8
1.00861049390398 49.2072797158548 "experimento_59" 59 5000 1000 0.95 50 0.4 1 0.8
1.00092387047596 56.4458705142399 "experimento_59" 59 5000 1000 0.95 50 0.4 1 0.8
1.00000610491261 53.5647944103663 "experimento_59" 59 5000 1000 0.95 50 0.4 1 0.8
0.999898958485574 47.0232014552466 "experimento_59" 59 5000 1000 0.95 50 0.4 1 0.8
0.998997101793066 44.5270527151918 "experimento_59" 59 5000 1000 0.95 50 0.4 1 0.8
0.999306702520698 49.2238144319264 "experimento_59" 59 5000 1000 0.95 50 0.4 1 0.8
0.998969184467569 46.1612584129726 "experimento_59" 59 5000 1000 0.95 50 0.4 1 0.8
1.0000292744928 47.72358913446 "experimento_59" 59 5000 1000 0.95 50 0.4 1 0.8
1.0010296303683 53.7358828974274 "experimento_59" 59 5000 1000 0.95 50 0.4 1 0.8
1.01014282206073 54.1431811283089 "experimento_59" 59 5000 1000 0.95 50 0.4 1 0.8
1.01444226317024 57.4697593273519 "experimento_59" 59 5000 1000 0.95 50 0.4 1 0.8
1.00408540562727 45.1385906170528 "experimento_59" 59 5000 1000 0.95 50 0.4 1 0.8
0.998727559577674 46.9087388920974 "experimento_59" 59 5000 1000 0.95 50 0.4 1 0.8
1.01530568828722 51.8807631619428 "experimento_59" 59 5000 1000 0.95 50 0.4 1 0.8
1.00133322658114 51.5972906239699 "experimento_59" 59 5000 1000 0.95 50 0.4 1 0.8
0.999887489248067 58.5606141387031 "experimento_59" 59 5000 1000 0.95 50 0.4 1 0.8
0.999040770810097 53.7151738774172 "experimento_59" 59 5000 1000 0.95 50 0.4 1 0.8
1.0005312648927 54.3918678056694 "experimento_59" 59 5000 1000 0.95 50 0.4 1 0.8
1.00227873375639 46.4582241687329 "experimento_59" 59 5000 1000 0.95 50 0.4 1 0.8
0.998432486318052 46.2561066982192 "experimento_59" 59 5000 1000 0.95 50 0.4 1 0.8
1.00015625874512 48.9582757541616 "experimento_59" 59 5000 1000 0.95 50 0.4 1 0.8
1.00855346058495 45.6456404419779 "experimento_59" 59 5000 1000 0.95 50 0.4 1 0.8
0.99794150935486 51.5364987574484 "experimento_59" 59 5000 1000 0.95 50 0.4 1 0.8
1.00441978111186 54.0848752610244 "experimento_59" 59 5000 1000 0.95 50 0.4 1 0.8
1.01647794812834 51.0532992279225 "experimento_59" 59 5000 1000 0.95 50 0.4 1 0.8
1.00022054307259 52.347984919772 "experimento_59" 59 5000 1000 0.95 50 0.4 1 0.8
1.00347303910235 53.0902615714343 "experimento_59" 59 5000 1000 0.95 50 0.4 1 0.8
0.998502348549664 51.3902902497066 "experimento_59" 59 5000 1000 0.95 50 0.4 1 0.8
0.999367039185017 49.9855145986597 "experimento_59" 59 5000 1000 0.95 50 0.4 1 0.8
0.999757195822895 53.5581229362281 "experimento_59" 59 5000 1000 0.95 50 0.4 1 0.8
0.998748271958902 50.2838618263975 "experimento_59" 59 5000 1000 0.95 50 0.4 1 0.8
1.00002755183727 48.2594484568397 "experimento_59" 59 5000 1000 0.95 50 0.4 1 0.8
1.01103809848428 52.0184044694905 "experimento_59" 59 5000 1000 0.95 50 0.4 1 0.8
1.00972320807166 57.7443774612512 "experimento_59" 59 5000 1000 0.95 50 0.4 1 0.8
1.00213326927274 54.2791923627638 "experimento_59" 59 5000 1000 0.95 50 0.4 1 0.8
1.01705223514649 53.185698050587 "experimento_59" 59 5000 1000 0.95 50 0.4 1 0.8
0.999307588674128 47.1424587673461 "experimento_59" 59 5000 1000 0.95 50 0.4 1 0.8
1.01476521806199 53.2533782822615 "experimento_59" 59 5000 1000 0.95 50 0.4 1 0.8
0.998894040239975 49.3212095371026 "experimento_59" 59 5000 1000 0.95 50 0.4 1 0.8
1.0148336152724 43.7407797972367 "experimento_59" 59 5000 1000 0.95 50 0.4 1 0.8
1.00003837324679 56.5731502330343 "experimento_59" 59 5000 1000 0.95 50 0.4 1 0.8
1.01481640700167 66.625897419291 "experimento_59" 59 5000 1000 0.95 50 0.4 1 0.8
0.998812217265368 51.0069783397733 "experimento_59" 59 5000 1000 0.95 50 0.4 1 0.8
1.00033796280857 49.5891136641031 "experimento_59" 59 5000 1000 0.95 50 0.4 1 0.8
1.00563649462536 49.9011798030669 "experimento_59" 59 5000 1000 0.95 50 0.4 1 0.8
1.00082903683351 47.9805423355075 "experimento_59" 59 5000 1000 0.95 50 0.4 1 0.8
0.998864623950794 50.260731697045 "experimento_59" 59 5000 1000 0.95 50 0.4 1 0.8
0.999322057235986 50.9397772577441 "experimento_59" 59 5000 1000 0.95 50 0.4 1 0.8
0.999062123708427 47.0536761991105 "experimento_59" 59 5000 1000 0.95 50 0.4 1 0.8
0.999094737926498 45.2358524818019 "experimento_59" 59 5000 1000 0.95 50 0.4 1 0.8
0.999054423999041 45.6692722024084 "experimento_59" 59 5000 1000 0.95 50 0.4 1 0.8
1.00063077319151 46.6181227056354 "experimento_59" 59 5000 1000 0.95 50 0.4 1 0.8
1.00011570134406 49.0070207593652 "experimento_59" 59 5000 1000 0.95 50 0.4 1 0.8
1.0017557889652 50.6532885651204 "experimento_59" 59 5000 1000 0.95 50 0.4 1 0.8
0.999500252539292 44.3594772390192 "experimento_59" 59 5000 1000 0.95 50 0.4 1 0.8
1.00106627516168 41.2255051021896 "experimento_59" 59 5000 1000 0.95 50 0.4 1 0.8
1.01017686231062 48.2307560552683 "experimento_59" 59 5000 1000 0.95 50 0.4 1 0.8
0.999425875721499 50.6017430107299 "experimento_59" 59 5000 1000 0.95 50 0.4 1 0.8
1.01245577293448 58.6240907460713 "experimento_59" 59 5000 1000 0.95 50 0.4 1 0.8
0.999347197357565 51.0787306304056 "experimento_59" 59 5000 1000 0.95 50 0.4 1 0.8
0.997866874793544 48.7020289168155 "experimento_59" 59 5000 1000 0.95 50 0.4 1 0.8
1.01214617691934 42.3300765568854 "experimento_59" 59 5000 1000 0.95 50 0.4 1 0.8
0.999044266762212 51.8092066625973 "experimento_59" 59 5000 1000 0.95 50 0.4 1 0.8
1.00099220965408 49.154039436962 "experimento_59" 59 5000 1000 0.95 50 0.4 1 0.8
0.999758882680908 48.674607484141 "experimento_59" 59 5000 1000 0.95 50 0.4 1 0.8
0.999908084282652 52.8227227145936 "experimento_59" 59 5000 1000 0.95 50 0.4 1 0.8
0.999289235565811 50.92872618364 "experimento_59" 59 5000 1000 0.95 50 0.4 1 0.8
1.02327794888904 39.5150545817463 "experimento_59" 59 5000 1000 0.95 50 0.4 1 0.8
1.00030788266442 46.4264774075313 "experimento_59" 59 5000 1000 0.95 50 0.4 1 0.8
1.000513938289 50.5475321272789 "experimento_59" 59 5000 1000 0.95 50 0.4 1 0.8
0.999430067837238 53.0211239453151 "experimento_59" 59 5000 1000 0.95 50 0.4 1 0.8
1.00044204969326 43.3617422986724 "experimento_59" 59 5000 1000 0.95 50 0.4 1 0.8
1.00019131640904 49.0051847145673 "experimento_59" 59 5000 1000 0.95 50 0.4 1 0.8
0.998360685072839 50.657543882263 "experimento_59" 59 5000 1000 0.95 50 0.4 1 0.8
0.999254783149809 48.6945843619867 "experimento_59" 59 5000 1000 0.95 50 0.4 1 0.8
0.999826374463737 51.7191387450883 "experimento_59" 59 5000 1000 0.95 50 0.4 1 0.8
0.999625254422426 51.1927357093371 "experimento_59" 59 5000 1000 0.95 50 0.4 1 0.8
0.998235575854778 43.2467516134216 "experimento_59" 59 5000 1000 0.95 50 0.4 1 0.8
1.00005382965319 46.4056030788002 "experimento_59" 59 5000 1000 0.95 50 0.4 1 0.8
1.00028922168978 51.9627752118611 "experimento_59" 59 5000 1000 0.95 50 0.4 1 0.8
0.999106846051291 46.0355957909238 "experimento_59" 59 5000 1000 0.95 50 0.4 1 0.8
0.999191176146269 50.9947561866411 "experimento_59" 59 5000 1000 0.95 50 0.4 1 0.8
1.00003985278043 52.2914772864686 "experimento_59" 59 5000 1000 0.95 50 0.4 1 0.8
1.00581652882509 45.8270961207638 "experimento_59" 59 5000 1000 0.95 50 0.4 1 0.8
1.00314925961196 48.0193135685703 "experimento_59" 59 5000 1000 0.95 50 0.4 1 0.8
1.0035466953367 51.4792891537309 "experimento_59" 59 5000 1000 0.95 50 0.4 1 0.8
0.999261487275362 45.1934541675894 "experimento_59" 59 5000 1000 0.95 50 0.4 1 0.8
1.00106794136463 45.283277911106 "experimento_59" 59 5000 1000 0.95 50 0.4 1 0.8
0.999283710494637 52.8415683596806 "experimento_59" 59 5000 1000 0.95 50 0.4 1 0.8
1.0001572041586 53.632567013188 "experimento_59" 59 5000 1000 0.95 50 0.4 1 0.8
1.01027619685978 55.5481124254574 "experimento_59" 59 5000 1000 0.95 50 0.4 1 0.8
0.999818661715835 52.253021789265 "experimento_59" 59 5000 1000 0.95 50 0.4 1 0.8
1.00369935946539 48.8960020398197 "experimento_59" 59 5000 1000 0.95 50 0.4 1 0.8
0.999501541955397 48.199993078228 "experimento_59" 59 5000 1000 0.95 50 0.4 1 0.8
0.99946981552057 47.2556477962141 "experimento_59" 59 5000 1000 0.95 50 0.4 1 0.8
1.01375394164585 57.2171775946475 "experimento_59" 59 5000 1000 0.95 50 0.4 1 0.8
1.00019185569137 51.4436737099634 "experimento_59" 59 5000 1000 0.95 50 0.4 1 0.8
1.0000013178587 55.3851295239021 "experimento_59" 59 5000 1000 0.95 50 0.4 1 0.8
1.00088517717968 53.1960034657144 "experimento_59" 59 5000 1000 0.95 50 0.4 1 0.8
1.00026553930893 52.9359971231558 "experimento_59" 59 5000 1000 0.95 50 0.4 1 0.8
0.999526246450841 51.348120304894 "experimento_59" 59 5000 1000 0.95 50 0.4 1 0.8
1.01331265840679 52.3296921792213 "experimento_59" 59 5000 1000 0.95 50 0.4 1 0.8
1.00125597580317 47.6313274145227 "experimento_59" 59 5000 1000 0.95 50 0.4 1 0.8
1.00004753626327 51.6155641449557 "experimento_59" 59 5000 1000 0.95 50 0.4 1 0.8
1.00581428966174 48.1685615853615 "experimento_59" 59 5000 1000 0.95 50 0.4 1 0.8
0.997969798743725 49.8341820530696 "experimento_59" 59 5000 1000 0.95 50 0.4 1 0.8
1.00040506976268 47.6202968208801 "experimento_59" 59 5000 1000 0.95 50 0.4 1 0.8
0.999744062544778 53.880574289601 "experimento_59" 59 5000 1000 0.95 50 0.4 1 0.8
1.00177861773409 53.8384643839724 "experimento_59" 59 5000 1000 0.95 50 0.4 1 0.8
1.01064272046941 54.1097207562523 "experimento_59" 59 5000 1000 0.95 50 0.4 1 0.8
1.01961008530099 44.0601092582715 "experimento_59" 59 5000 1000 0.95 50 0.4 1 0.8
1.00220845391974 49.5662236715542 "experimento_59" 59 5000 1000 0.95 50 0.4 1 0.8
0.999977283878252 52.7818967306866 "experimento_59" 59 5000 1000 0.95 50 0.4 1 0.8
0.999724096618593 44.6278081704838 "experimento_59" 59 5000 1000 0.95 50 0.4 1 0.8
1.00015657444485 56.713831369179 "experimento_59" 59 5000 1000 0.95 50 0.4 1 0.8
0.999367038719356 52.2389669666569 "experimento_59" 59 5000 1000 0.95 50 0.4 1 0.8
0.999972955789417 51.7988639294724 "experimento_59" 59 5000 1000 0.95 50 0.4 1 0.8
1.00025543934666 49.977073167171 "experimento_59" 59 5000 1000 0.95 50 0.4 1 0.8
0.999820355093107 43.7705383764531 "experimento_59" 59 5000 1000 0.95 50 0.4 1 0.8
0.999404418747872 50.2062140814684 "experimento_59" 59 5000 1000 0.95 50 0.4 1 0.8
1.00041822552681 47.9802141851769 "experimento_59" 59 5000 1000 0.95 50 0.4 1 0.8
1.00001550221029 51.7855968169976 "experimento_59" 59 5000 1000 0.95 50 0.4 1 0.8
0.998792166821659 49.3340348534478 "experimento_59" 59 5000 1000 0.95 50 0.4 1 0.8
0.998874435666949 43.5627706467954 "experimento_59" 59 5000 1000 0.95 50 0.4 1 0.8
1.00052176656201 51.8595016803974 "experimento_59" 59 5000 1000 0.95 50 0.4 1 0.8
0.999370294157416 48.3606842946325 "experimento_59" 59 5000 1000 0.95 50 0.4 1 0.8
1.01820678464393 52.7610822485936 "experimento_59" 59 5000 1000 0.95 50 0.4 1 0.8
1.00374450695701 54.758957474168 "experimento_59" 59 5000 1000 0.95 50 0.4 1 0.8
0.999535768060014 48.8395849883876 "experimento_59" 59 5000 1000 0.95 50 0.4 1 0.8
0.998486690921709 48.8388254065356 "experimento_59" 59 5000 1000 0.95 50 0.4 1 0.8
0.999170317081735 49.4643212123186 "experimento_59" 59 5000 1000 0.95 50 0.4 1 0.8
1.00131956114901 49.0082026177587 "experimento_59" 59 5000 1000 0.95 50 0.4 1 0.8
1.00001345694065 57.1862158548777 "experimento_59" 59 5000 1000 0.95 50 0.4 1 0.8
1.00234058216214 50.8545080519539 "experimento_59" 59 5000 1000 0.95 50 0.4 1 0.8
0.999488527653739 50.41862214627 "experimento_59" 59 5000 1000 0.95 50 0.4 1 0.8
1.00022791719801 45.0671128924445 "experimento_59" 59 5000 1000 0.95 50 0.4 1 0.8
1.00928017927334 53.274680100594 "experimento_59" 59 5000 1000 0.95 50 0.4 1 0.8
1.00536458533257 48.5617587335895 "experimento_59" 59 5000 1000 0.95 50 0.4 1 0.8
1.00112728623451 50.7608532386691 "experimento_59" 59 5000 1000 0.95 50 0.4 1 0.8
0.999641785630956 52.4069724292947 "experimento_59" 59 5000 1000 0.95 50 0.4 1 0.8
0.998760489979759 45.7831255158209 "experimento_59" 59 5000 1000 0.95 50 0.4 1 0.8
1.00270907503553 49.8361340223709 "experimento_59" 59 5000 1000 0.95 50 0.4 1 0.8
0.998942541424185 50.306994220746 "experimento_59" 59 5000 1000 0.95 50 0.4 1 0.8
0.999188117217273 50.9008271534663 "experimento_59" 59 5000 1000 0.95 50 0.4 1 0.8
0.999400473199785 50.1318864650403 "experimento_59" 59 5000 1000 0.95 50 0.4 1 0.8
0.999901295639575 52.8107232248647 "experimento_59" 59 5000 1000 0.95 50 0.4 1 0.8
1.02055001330713 54.5359636626401 "experimento_59" 59 5000 1000 0.95 50 0.4 1 0.8
1.00016214773059 53.3770900731085 "experimento_59" 59 5000 1000 0.95 50 0.4 1 0.8
0.999950302764773 51.1811159631033 "experimento_59" 59 5000 1000 0.95 50 0.4 1 0.8
1.0015763718303 52.6486342241837 "experimento_59" 59 5000 1000 0.95 50 0.4 1 0.8
1.0000821285788 50.6463275106125 "experimento_59" 59 5000 1000 0.95 50 0.4 1 0.8
1.00022367610596 51.3696941952564 "experimento_59" 59 5000 1000 0.95 50 0.4 1 0.8
0.998024662258103 48.6838005398931 "experimento_59" 59 5000 1000 0.95 50 0.4 1 0.8
1.00082785717033 48.7718958726962 "experimento_59" 59 5000 1000 0.95 50 0.4 1 0.8
1.00883306913078 49.8051148261078 "experimento_59" 59 5000 1000 0.95 50 0.4 1 0.8
1.0098691610992 66.6686206240473 "experimento_59" 59 5000 1000 0.95 50 0.4 1 0.8
1.00028610547967 45.8355643533001 "experimento_59" 59 5000 1000 0.95 50 0.4 1 0.8
0.999979757238179 56.1384765924502 "experimento_59" 59 5000 1000 0.95 50 0.4 1 0.8
1.00076232851872 50.3276602822814 "experimento_59" 59 5000 1000 0.95 50 0.4 1 0.8
1.00007376899328 53.2752337198357 "experimento_59" 59 5000 1000 0.95 50 0.4 1 0.8
1.00578803199343 48.5013745444271 "experimento_59" 59 5000 1000 0.95 50 0.4 1 0.8
0.998267749790102 46.9913022615249 "experimento_59" 59 5000 1000 0.95 50 0.4 1 0.8
1.00046941529959 49.498066256624 "experimento_59" 59 5000 1000 0.95 50 0.4 1 0.8
1.00006638569757 55.4000167636212 "experimento_59" 59 5000 1000 0.95 50 0.4 1 0.8
1.01834989650265 44.8742159260863 "experimento_59" 59 5000 1000 0.95 50 0.4 1 0.8
1.00491682683808 48.2765653676872 "experimento_59" 59 5000 1000 0.95 50 0.4 1 0.8
1.00009585351166 47.3707123207581 "experimento_59" 59 5000 1000 0.95 50 0.4 1 0.8
0.998816488776356 44.731921691716 "experimento_59" 59 5000 1000 0.95 50 0.4 1 0.8
1.00059296610652 46.6207748455736 "experimento_59" 59 5000 1000 0.95 50 0.4 1 0.8
1.00003124198064 52.4053577952386 "experimento_59" 59 5000 1000 0.95 50 0.4 1 0.8
0.999726843787357 43.8890534649031 "experimento_59" 59 5000 1000 0.95 50 0.4 1 0.8
0.999204950639978 48.1335325621478 "experimento_59" 59 5000 1000 0.95 50 0.4 1 0.8
1.0064772386197 51.4452287878891 "experimento_59" 59 5000 1000 0.95 50 0.4 1 0.8
0.99965140898712 48.7252394206941 "experimento_59" 59 5000 1000 0.95 50 0.4 1 0.8
0.999430337920785 50.2082848371477 "experimento_59" 59 5000 1000 0.95 50 0.4 1 0.8
1.00039822329169 51.2526334240647 "experimento_59" 59 5000 1000 0.95 50 0.4 1 0.8
0.998626704094931 48.6510414958873 "experimento_59" 59 5000 1000 0.95 50 0.4 1 0.8
0.999704890651628 44.5308657205713 "experimento_59" 59 5000 1000 0.95 50 0.4 1 0.8
0.999322701245546 52.6731414989626 "experimento_59" 59 5000 1000 0.95 50 0.4 1 0.8
0.999020222807303 44.742651709931 "experimento_59" 59 5000 1000 0.95 50 0.4 1 0.8
0.998810008401051 49.9801849513833 "experimento_59" 59 5000 1000 0.95 50 0.4 1 0.8
0.998443343443796 46.3951017153207 "experimento_59" 59 5000 1000 0.95 50 0.4 1 0.8
1.00820988911599 53.6619086798582 "experimento_59" 59 5000 1000 0.95 50 0.4 1 0.8
1.00314188265715 49.8198554986468 "experimento_59" 59 5000 1000 0.95 50 0.4 1 0.8
1.00215927155688 49.2785076068543 "experimento_59" 59 5000 1000 0.95 50 0.4 1 0.8
1.00802088239193 51.8605769685194 "experimento_59" 59 5000 1000 0.95 50 0.4 1 0.8
1.00483044679842 51.1167030829082 "experimento_59" 59 5000 1000 0.95 50 0.4 1 0.8
1.00002867754549 49.1497651153459 "experimento_59" 59 5000 1000 0.95 50 0.4 1 0.8
0.99953266675584 44.6912370065495 "experimento_59" 59 5000 1000 0.95 50 0.4 1 0.8
0.999248172855005 44.6924929121361 "experimento_59" 59 5000 1000 0.95 50 0.4 1 0.8
0.999277341645211 48.5244307875148 "experimento_59" 59 5000 1000 0.95 50 0.4 1 0.8
0.999180171638727 46.4893520208165 "experimento_59" 59 5000 1000 0.95 50 0.4 1 0.8
0.999507497996092 56.2580013259547 "experimento_59" 59 5000 1000 0.95 50 0.4 1 0.8
1.00116175550072 49.9576942538306 "experimento_59" 59 5000 1000 0.95 50 0.4 1 0.8
1.00050018747337 49.1731821747441 "experimento_59" 59 5000 1000 0.95 50 0.4 1 0.8
0.999444054672495 47.431288399367 "experimento_59" 59 5000 1000 0.95 50 0.4 1 0.8
1.00019157948973 51.7956561229603 "experimento_59" 59 5000 1000 0.95 50 0.4 1 0.8
1.00051124048419 50.159624406322 "experimento_59" 59 5000 1000 0.95 50 0.4 1 0.8
1.01044798881747 47.0382130149121 "experimento_59" 59 5000 1000 0.95 50 0.4 1 0.8
1.00508118078722 54.6716647978992 "experimento_59" 59 5000 1000 0.95 50 0.4 1 0.8
1.00722496981733 55.8529541794837 "experimento_59" 59 5000 1000 0.95 50 0.4 1 0.8
0.999695676146075 50.3830951578926 "experimento_59" 59 5000 1000 0.95 50 0.4 1 0.8
1.00258212550589 54.4146467259152 "experimento_59" 59 5000 1000 0.95 50 0.4 1 0.8
1.01252883657813 59.542324274984 "experimento_59" 59 5000 1000 0.95 50 0.4 1 0.8
1.01122052459978 51.0511570273172 "experimento_59" 59 5000 1000 0.95 50 0.4 1 0.8
1.00034463470519 48.0294822920532 "experimento_59" 59 5000 1000 0.95 50 0.4 1 0.8
1.01269222781062 44.4336565211054 "experimento_59" 59 5000 1000 0.95 50 0.4 1 0.8
1.00140525031835 51.2487887484237 "experimento_59" 59 5000 1000 0.95 50 0.4 1 0.8
1.01001005182043 59.3387494463464 "experimento_59" 59 5000 1000 0.95 50 0.4 1 0.8
0.999388408148661 50.4928931418644 "experimento_59" 59 5000 1000 0.95 50 0.4 1 0.8
1.00026319828816 45.968476763419 "experimento_59" 59 5000 1000 0.95 50 0.4 1 0.8
1.00012266784906 53.0059304206799 "experimento_59" 59 5000 1000 0.95 50 0.4 1 0.8
0.999404578935355 52.8960387321688 "experimento_59" 59 5000 1000 0.95 50 0.4 1 0.8
0.999839783413336 48.9900170964323 "experimento_59" 59 5000 1000 0.95 50 0.4 1 0.8
1.00333314661806 47.9324394181218 "experimento_59" 59 5000 1000 0.95 50 0.4 1 0.8
0.999120543245226 48.2137614899899 "experimento_59" 59 5000 1000 0.95 50 0.4 1 0.8
1.00853183453818 57.7672741117878 "experimento_59" 59 5000 1000 0.95 50 0.4 1 0.8
1.00030466610566 45.1676604133637 "experimento_59" 59 5000 1000 0.95 50 0.4 1 0.8
0.998815174913034 54.6077472510948 "experimento_59" 59 5000 1000 0.95 50 0.4 1 0.8
0.998593125492334 47.9145462524691 "experimento_59" 59 5000 1000 0.95 50 0.4 1 0.8
0.998230779310688 50.6466787839954 "experimento_59" 59 5000 1000 0.95 50 0.4 1 0.8
0.997402495704591 45.275416609135 "experimento_59" 59 5000 1000 0.95 50 0.4 1 0.8
0.999878137372434 50.2017882026097 "experimento_59" 59 5000 1000 0.95 50 0.4 1 0.8
0.999549006810412 44.8746086723231 "experimento_59" 59 5000 1000 0.95 50 0.4 1 0.8
1.00006158236602 51.918111155223 "experimento_59" 59 5000 1000 0.95 50 0.4 1 0.8
1.00198340391969 49.9036579480159 "experimento_59" 59 5000 1000 0.95 50 0.4 1 0.8
0.999208751367405 46.651888389215 "experimento_59" 59 5000 1000 0.95 50 0.4 1 0.8
1.01170517214574 56.5334241828561 "experimento_59" 59 5000 1000 0.95 50 0.4 1 0.8
0.999558885581791 49.8045151310004 "experimento_59" 59 5000 1000 0.95 50 0.4 1 0.8
1.01420243978416 50.0007522745429 "experimento_59" 59 5000 1000 0.95 50 0.4 1 0.8
1.01609270360237 46.6743880991951 "experimento_59" 59 5000 1000 0.95 50 0.4 1 0.8
0.99763460108079 47.1656387724688 "experimento_59" 59 5000 1000 0.95 50 0.4 1 0.8
0.999248014530167 50.6885417977774 "experimento_59" 59 5000 1000 0.95 50 0.4 1 0.8
0.999197288881987 53.1285224839157 "experimento_59" 59 5000 1000 0.95 50 0.4 1 0.8
0.998847086913884 44.3498129728396 "experimento_59" 59 5000 1000 0.95 50 0.4 1 0.8
1.00889785655774 58.1510900665929 "experimento_59" 59 5000 1000 0.95 50 0.4 1 0.8
1.00020277746022 49.941151650674 "experimento_59" 59 5000 1000 0.95 50 0.4 1 0.8
1.01334395858459 62.6632841174371 "experimento_59" 59 5000 1000 0.95 50 0.4 1 0.8
0.999602580443025 50.5585156583348 "experimento_59" 59 5000 1000 0.95 50 0.4 1 0.8
1.00990086376667 47.4260238964115 "experimento_59" 59 5000 1000 0.95 50 0.4 1 0.8
0.999949916033074 49.8906332125088 "experimento_59" 59 5000 1000 0.95 50 0.4 1 0.8
1.00671342463233 55.8525065418379 "experimento_59" 59 5000 1000 0.95 50 0.4 1 0.8
0.998961903620511 50.1632771707013 "experimento_59" 59 5000 1000 0.95 50 0.4 1 0.8
0.999917613342404 48.5221153534731 "experimento_59" 59 5000 1000 0.95 50 0.4 1 0.8
0.999178106430918 53.5594142403216 "experimento_59" 59 5000 1000 0.95 50 0.4 1 0.8
0.999788585584611 49.4896280462804 "experimento_59" 59 5000 1000 0.95 50 0.4 1 0.8
1.00885404237062 42.9998186963513 "experimento_59" 59 5000 1000 0.95 50 0.4 1 0.8
0.999640963273123 54.7366613249706 "experimento_59" 59 5000 1000 0.95 50 0.4 1 0.8
1.00007257229098 48.4291431613582 "experimento_59" 59 5000 1000 0.95 50 0.4 1 0.8
1.01893351413226 60.3865867495569 "experimento_59" 59 5000 1000 0.95 50 0.4 1 0.8
1.00767780131011 49.6897298580288 "experimento_59" 59 5000 1000 0.95 50 0.4 1 0.8
1.00176597229205 49.7600648810069 "experimento_59" 59 5000 1000 0.95 50 0.4 1 0.8
1.00005769248479 49.8209970791033 "experimento_59" 59 5000 1000 0.95 50 0.4 1 0.8
1.00053509564858 49.7007654668176 "experimento_59" 59 5000 1000 0.95 50 0.4 1 0.8
0.999806115636602 57.4609596709628 "experimento_59" 59 5000 1000 0.95 50 0.4 1 0.8
0.999063095077872 45.3447578625903 "experimento_59" 59 5000 1000 0.95 50 0.4 1 0.8
1.00574601280503 44.3278551287383 "experimento_59" 59 5000 1000 0.95 50 0.4 1 0.8
0.999155811034143 53.4570084282826 "experimento_59" 59 5000 1000 0.95 50 0.4 1 0.8
0.999311269493774 47.4723602563134 "experimento_59" 59 5000 1000 0.95 50 0.4 1 0.8
0.998054858995602 44.3346196350074 "experimento_59" 59 5000 1000 0.95 50 0.4 1 0.8
1.00021210102113 52.0142740567489 "experimento_59" 59 5000 1000 0.95 50 0.4 1 0.8
1.00690396297723 44.3950846297455 "experimento_59" 59 5000 1000 0.95 50 0.4 1 0.8
0.999028310645372 50.8008245209241 "experimento_59" 59 5000 1000 0.95 50 0.4 1 0.8
1.00025075665675 46.2348456581697 "experimento_59" 59 5000 1000 0.95 50 0.4 1 0.8
1.01222403207794 57.1626992306506 "experimento_59" 59 5000 1000 0.95 50 0.4 1 0.8
1.00002980917692 50.999047897197 "experimento_59" 59 5000 1000 0.95 50 0.4 1 0.8
1.0000503902116 48.9386806871601 "experimento_59" 59 5000 1000 0.95 50 0.4 1 0.8
1.01706924664745 62.4197863747596 "experimento_59" 59 5000 1000 0.95 50 0.4 1 0.8
1.01337043798529 61.4539402126872 "experimento_59" 59 5000 1000 0.95 50 0.4 1 0.8
0.999832728179172 49.9368030740479 "experimento_59" 59 5000 1000 0.95 50 0.4 1 0.8
0.99665452982299 40.3551895626006 "experimento_59" 59 5000 1000 0.95 50 0.4 1 0.8
1.00000095522057 49.9183942091427 "experimento_59" 59 5000 1000 0.95 50 0.4 1 0.8
0.999682446708903 49.375930961881 "experimento_59" 59 5000 1000 0.95 50 0.4 1 0.8
0.999737705336884 50.4289441142304 "experimento_59" 59 5000 1000 0.95 50 0.4 1 0.8
1.01678019431603 44.2794596634591 "experimento_59" 59 5000 1000 0.95 50 0.4 1 0.8
0.999027840793133 48.8599765844945 "experimento_59" 59 5000 1000 0.95 50 0.4 1 0.8
1.0003612513142 48.4022228855769 "experimento_59" 59 5000 1000 0.95 50 0.4 1 0.8
1.00400476248935 52.4178193250241 "experimento_59" 59 5000 1000 0.95 50 0.4 1 0.8
0.998756854329258 50.6365590131624 "experimento_59" 59 5000 1000 0.95 50 0.4 1 0.8
1.01189272208139 45.5468248153553 "experimento_59" 59 5000 1000 0.95 50 0.4 1 0.8
1.00011700460947 52.7905297574497 "experimento_59" 59 5000 1000 0.95 50 0.4 1 0.8
0.999236363451928 49.057469037319 "experimento_59" 59 5000 1000 0.95 50 0.4 1 0.8
0.999564188765362 54.9438389553128 "experimento_59" 59 5000 1000 0.95 50 0.4 1 0.8
1.00230224008672 50.1821670138856 "experimento_59" 59 5000 1000 0.95 50 0.4 1 0.8
0.999780349899083 49.3006459077494 "experimento_59" 59 5000 1000 0.95 50 0.4 1 0.8
0.999385186936706 46.3380053174883 "experimento_59" 59 5000 1000 0.95 50 0.4 1 0.8
0.998626963468269 48.9318718011184 "experimento_59" 59 5000 1000 0.95 50 0.4 1 0.8
1.00777382760309 46.8683529502543 "experimento_59" 59 5000 1000 0.95 50 0.4 1 0.8
0.999570215819404 47.9171287517187 "experimento_59" 59 5000 1000 0.95 50 0.4 1 0.8
1.00037185282446 51.3567945759375 "experimento_59" 59 5000 1000 0.95 50 0.4 1 0.8
1.00260582596519 46.9247442908596 "experimento_59" 59 5000 1000 0.95 50 0.4 1 0.8
1.00014086847845 54.8982164551938 "experimento_59" 59 5000 1000 0.95 50 0.4 1 0.8
0.998677144991234 48.7937697556917 "experimento_59" 59 5000 1000 0.95 50 0.4 1 0.8
1.00557249236852 48.9742061893099 "experimento_59" 59 5000 1000 0.95 50 0.4 1 0.8
1.00892096690834 47.5135204557888 "experimento_59" 59 5000 1000 0.95 50 0.4 1 0.8
1.00015301018557 50.3619973300913 "experimento_59" 59 5000 1000 0.95 50 0.4 1 0.8
1.00494125984609 54.958391780213 "experimento_59" 59 5000 1000 0.95 50 0.4 1 0.8
1.00041186865419 50.0542224932709 "experimento_59" 59 5000 1000 0.95 50 0.4 1 0.8
0.999772105133161 52.4202546208001 "experimento_59" 59 5000 1000 0.95 50 0.4 1 0.8
1.01681377800292 40.9818029409624 "experimento_59" 59 5000 1000 0.95 50 0.4 1 0.8
1.0000358803826 52.1124139160081 "experimento_59" 59 5000 1000 0.95 50 0.4 1 0.8
1.00014358344488 52.6227039087175 "experimento_59" 59 5000 1000 0.95 50 0.4 1 0.8
0.999097850639373 44.7084020240225 "experimento_59" 59 5000 1000 0.95 50 0.4 1 0.8
1.00338765406981 45.1893890491881 "experimento_59" 59 5000 1000 0.95 50 0.4 1 0.8
0.999075857922435 48.6222700140052 "experimento_59" 59 5000 1000 0.95 50 0.4 1 0.8
0.997182942461222 44.5455310506817 "experimento_59" 59 5000 1000 0.95 50 0.4 1 0.8
1.0000341469721 51.1850075668893 "experimento_59" 59 5000 1000 0.95 50 0.4 1 0.8
0.999230414861813 51.7300745506891 "experimento_59" 59 5000 1000 0.95 50 0.4 1 0.8
0.998336073476821 46.5357511788357 "experimento_59" 59 5000 1000 0.95 50 0.4 1 0.8
1.00775844299313 74.0300440307888 "experimento_59" 59 5000 1000 0.95 50 0.4 1 0.8
0.999849151121452 48.8165209396799 "experimento_59" 59 5000 1000 0.95 50 0.4 1 0.8
0.998404094949365 49.0509000149564 "experimento_59" 59 5000 1000 0.95 50 0.4 1 0.8
0.997347221476957 43.5700860154726 "experimento_59" 59 5000 1000 0.95 50 0.4 1 0.8
1.00329930606298 46.0829143849394 "experimento_59" 59 5000 1000 0.95 50 0.4 1 0.8
1.02064257603055 64.4493730272003 "experimento_59" 59 5000 1000 0.95 50 0.4 1 0.8
0.999711026903242 51.5196167206945 "experimento_59" 59 5000 1000 0.95 50 0.4 1 0.8
1.0032843675185 50.4475055504804 "experimento_59" 59 5000 1000 0.95 50 0.4 1 0.8
1.00139357791161 54.248657813044 "experimento_59" 59 5000 1000 0.95 50 0.4 1 0.8
0.999229260254651 47.2538560294241 "experimento_59" 59 5000 1000 0.95 50 0.4 1 0.8
0.998953127302229 52.9758931308781 "experimento_59" 59 5000 1000 0.95 50 0.4 1 0.8
1.00007311182097 56.8728621457503 "experimento_59" 59 5000 1000 0.95 50 0.4 1 0.8
0.999337851535529 45.3611643628842 "experimento_59" 59 5000 1000 0.95 50 0.4 1 0.8
1.00914856182411 49.6800929134038 "experimento_59" 59 5000 1000 0.95 50 0.4 1 0.8
0.99988125776872 52.1866594892879 "experimento_59" 59 5000 1000 0.95 50 0.4 1 0.8
1.00351776908152 53.475549648508 "experimento_59" 59 5000 1000 0.95 50 0.4 1 0.8
0.998323482694104 48.8779491703675 "experimento_59" 59 5000 1000 0.95 50 0.4 1 0.8
1.00641953864135 58.8709002731683 "experimento_59" 59 5000 1000 0.95 50 0.4 1 0.8
1.00466159899719 51.2534157982602 "experimento_59" 59 5000 1000 0.95 50 0.4 1 0.8
0.998805720591918 46.7475482652449 "experimento_59" 59 5000 1000 0.95 50 0.4 1 0.8
1.00309804635122 49.6161871355296 "experimento_59" 59 5000 1000 0.95 50 0.4 1 0.8
0.99866073159501 46.1875930338989 "experimento_59" 59 5000 1000 0.95 50 0.4 1 0.8
1.00379805725068 46.4032217770831 "experimento_59" 59 5000 1000 0.95 50 0.4 1 0.8
0.999407697003335 46.8543839450211 "experimento_59" 59 5000 1000 0.95 50 0.4 1 0.8
1.00611213039607 54.8822483207523 "experimento_59" 59 5000 1000 0.95 50 0.4 1 0.8
0.999692326644436 54.0883963115372 "experimento_59" 59 5000 1000 0.95 50 0.4 1 0.8
1.00385764069855 55.177570953429 "experimento_59" 59 5000 1000 0.95 50 0.4 1 0.8
1.00165952148255 58.119560443847 "experimento_59" 59 5000 1000 0.95 50 0.4 1 0.8
1.00388717451133 51.3484357831386 "experimento_59" 59 5000 1000 0.95 50 0.4 1 0.8
0.998487503267825 49.3477089276153 "experimento_59" 59 5000 1000 0.95 50 0.4 1 0.8
1.00039622514509 50.3905693825421 "experimento_59" 59 5000 1000 0.95 50 0.4 1 0.8
0.999802968697622 47.1241302232869 "experimento_59" 59 5000 1000 0.95 50 0.4 1 0.8
1.01208765135147 49.7975513331274 "experimento_59" 59 5000 1000 0.95 50 0.4 1 0.8
0.998767690965906 50.5804681843752 "experimento_59" 59 5000 1000 0.95 50 0.4 1 0.8
0.997937217587605 48.4937540801033 "experimento_59" 59 5000 1000 0.95 50 0.4 1 0.8
1.00008820798248 49.8169471922605 "experimento_59" 59 5000 1000 0.95 50 0.4 1 0.8
0.998799102380872 46.7948593809324 "experimento_59" 59 5000 1000 0.95 50 0.4 1 0.8
1.00228159958497 48.8898571838602 "experimento_59" 59 5000 1000 0.95 50 0.4 1 0.8
1.00010472905822 50.2335954416858 "experimento_59" 59 5000 1000 0.95 50 0.4 1 0.8
0.999079026980326 48.059570123588 "experimento_59" 59 5000 1000 0.95 50 0.4 1 0.8
0.997125153429806 47.1388511192475 "experimento_59" 59 5000 1000 0.95 50 0.4 1 0.8
0.999319203197956 50.8417399748124 "experimento_59" 59 5000 1000 0.95 50 0.4 1 0.8
0.999963203677908 50.8120920521594 "experimento_59" 59 5000 1000 0.95 50 0.4 1 0.8
0.999986991751939 55.4655285900861 "experimento_59" 59 5000 1000 0.95 50 0.4 1 0.8
1.00978672686033 46.9070875305574 "experimento_59" 59 5000 1000 0.95 50 0.4 1 0.8
1.00592247699387 47.0692585755546 "experimento_59" 59 5000 1000 0.95 50 0.4 1 0.8
1.0010712503735 49.7327438486597 "experimento_59" 59 5000 1000 0.95 50 0.4 1 0.8
0.998959307093173 47.9473638868173 "experimento_59" 59 5000 1000 0.95 50 0.4 1 0.8
1.0157004364944 48.9903598276905 "experimento_59" 59 5000 1000 0.95 50 0.4 1 0.8
0.999075952684507 46.0439749717374 "experimento_59" 59 5000 1000 0.95 50 0.4 1 0.8
1.00761975677684 44.010177436996 "experimento_59" 59 5000 1000 0.95 50 0.4 1 0.8
1.00412114924751 55.4536505058293 "experimento_59" 59 5000 1000 0.95 50 0.4 1 0.8
1.00361743411457 50.4095202838627 "experimento_59" 59 5000 1000 0.95 50 0.4 1 0.8
0.99931779736653 51.1261663132886 "experimento_59" 59 5000 1000 0.95 50 0.4 1 0.8
0.999362829374149 50.2111156288893 "experimento_59" 59 5000 1000 0.95 50 0.4 1 0.8
1.00025373456068 47.0406167244005 "experimento_59" 59 5000 1000 0.95 50 0.4 1 0.8
1.01605414931867 46.2056074518301 "experimento_59" 59 5000 1000 0.95 50 0.4 1 0.8
1.00023762137629 50.1292953277464 "experimento_59" 59 5000 1000 0.95 50 0.4 1 0.8
0.998113860376179 46.78529064688 "experimento_59" 59 5000 1000 0.95 50 0.4 1 0.8
1.00232893231869 51.6974338318417 "experimento_59" 59 5000 1000 0.95 50 0.4 1 0.8
1.00086572268347 44.8138711429167 "experimento_59" 59 5000 1000 0.95 50 0.4 1 0.8
1.00271399311721 56.1468803607926 "experimento_59" 59 5000 1000 0.95 50 0.4 1 0.8
0.998724301578477 43.2019180270176 "experimento_59" 59 5000 1000 0.95 50 0.4 1 0.8
1.00048079115339 48.6599679727937 "experimento_59" 59 5000 1000 0.95 50 0.4 1 0.8
0.999306704849005 54.8079060798064 "experimento_59" 59 5000 1000 0.95 50 0.4 1 0.8
1.00366159671918 49.9531276497072 "experimento_59" 59 5000 1000 0.95 50 0.4 1 0.8
1.00765875358707 48.9378920237435 "experimento_59" 59 5000 1000 0.95 50 0.4 1 0.8
1.01928381424313 59.0814037820318 "experimento_59" 59 5000 1000 0.95 50 0.4 1 0.8
1.00619169481099 54.2983208953064 "experimento_59" 59 5000 1000 0.95 50 0.4 1 0.8
1.00129451380169 45.7747274777123 "experimento_59" 59 5000 1000 0.95 50 0.4 1 0.8
1.00038453768939 51.7943759018314 "experimento_59" 59 5000 1000 0.95 50 0.4 1 0.8
0.9997142564971 48.5434370247312 "experimento_59" 59 5000 1000 0.95 50 0.4 1 0.8
1.00696086431853 46.8889276943843 "experimento_59" 59 5000 1000 0.95 50 0.4 1 0.8
1.00001441806555 50.8218530272189 "experimento_59" 59 5000 1000 0.95 50 0.4 1 0.8
1.00014349939469 52.7775138473795 "experimento_59" 59 5000 1000 0.95 50 0.4 1 0.8
0.998287109890953 42.6413344952206 "experimento_59" 59 5000 1000 0.95 50 0.4 1 0.8
1.00029339126568 45.2339410827353 "experimento_59" 59 5000 1000 0.95 50 0.4 1 0.8
0.999941340647638 48.3010468290103 "experimento_59" 59 5000 1000 0.95 50 0.4 1 0.8
0.998409204883501 47.9764667983589 "experimento_59" 59 5000 1000 0.95 50 0.4 1 0.8
0.999593582702801 48.6128383351074 "experimento_59" 59 5000 1000 0.95 50 0.4 1 0.8
0.997561105526984 48.0474344896615 "experimento_59" 59 5000 1000 0.95 50 0.4 1 0.8
1.01208407063037 53.4451079833141 "experimento_59" 59 5000 1000 0.95 50 0.4 1 0.8
0.998951630666852 49.6721197952727 "experimento_59" 59 5000 1000 0.95 50 0.4 1 0.8
1.03098002534192 43.9775609212589 "experimento_59" 59 5000 1000 0.95 50 0.4 1 0.8
0.998167909914628 48.7523179671584 "experimento_59" 59 5000 1000 0.95 50 0.4 1 0.8
0.999535876326263 46.3110421817886 "experimento_59" 59 5000 1000 0.95 50 0.4 1 0.8
1.0071446822118 52.7946097353468 "experimento_59" 59 5000 1000 0.95 50 0.4 1 0.8
1.00141709593125 50.2317549801239 "experimento_59" 59 5000 1000 0.95 50 0.4 1 0.8
0.998458593385294 48.6819149960111 "experimento_59" 59 5000 1000 0.95 50 0.4 1 0.8
0.998439461691305 44.049236137952 "experimento_59" 59 5000 1000 0.95 50 0.4 1 0.8
0.998604407301173 50.4358388343667 "experimento_59" 59 5000 1000 0.95 50 0.4 1 0.8
1.00654356940649 50.013022982416 "experimento_59" 59 5000 1000 0.95 50 0.4 1 0.8
1.00025911736357 51.2301865511869 "experimento_59" 59 5000 1000 0.95 50 0.4 1 0.8
0.99851406365633 51.843109021319 "experimento_59" 59 5000 1000 0.95 50 0.4 1 0.8
0.999216075520962 46.8724960965378 "experimento_59" 59 5000 1000 0.95 50 0.4 1 0.8
1.00074667562731 51.8365691324895 "experimento_59" 59 5000 1000 0.95 50 0.4 1 0.8
1.00109319458226 45.7408248722378 "experimento_59" 59 5000 1000 0.95 50 0.4 1 0.8
0.999034104170278 45.8904225051124 "experimento_59" 59 5000 1000 0.95 50 0.4 1 0.8
1.01328350702301 45.1562957184222 "experimento_59" 59 5000 1000 0.95 50 0.4 1 0.8
0.999882536940277 54.6297260361315 "experimento_59" 59 5000 1000 0.95 50 0.4 1 0.8
1.00586548021995 56.597394940788 "experimento_59" 59 5000 1000 0.95 50 0.4 1 0.8
1.00525652019307 55.2020500527911 "experimento_59" 59 5000 1000 0.95 50 0.4 1 0.8
1.00943190754391 59.2723867139145 "experimento_59" 59 5000 1000 0.95 50 0.4 1 0.8
0.999152860837057 52.4925510952684 "experimento_59" 59 5000 1000 0.95 50 0.4 1 0.8
0.999189992435277 43.1726946576987 "experimento_59" 59 5000 1000 0.95 50 0.4 1 0.8
0.998336472082883 49.7725156352061 "experimento_59" 59 5000 1000 0.95 50 0.4 1 0.8
1.0050990431197 53.4625968402466 "experimento_59" 59 5000 1000 0.95 50 0.4 1 0.8
1.00171976015903 47.7037740404507 "experimento_59" 59 5000 1000 0.95 50 0.4 1 0.8
1.00007244199446 54.2882907618994 "experimento_59" 59 5000 1000 0.95 50 0.4 1 0.8
1.00012831553817 51.4670214483091 "experimento_59" 59 5000 1000 0.95 50 0.4 1 0.8
1.01564817800269 56.2739945523882 "experimento_59" 59 5000 1000 0.95 50 0.4 1 0.8
1.01980193555753 57.6198700019791 "experimento_59" 59 5000 1000 0.95 50 0.4 1 0.8
0.999594416934997 48.6726031037249 "experimento_59" 59 5000 1000 0.95 50 0.4 1 0.8
1.00451331484316 54.9202101178199 "experimento_59" 59 5000 1000 0.95 50 0.4 1 0.8
1.00175384591764 64.448743329872 "experimento_59" 59 5000 1000 0.95 50 0.4 1 0.8
1.00108280590371 51.9122288257328 "experimento_59" 59 5000 1000 0.95 50 0.4 1 0.8
1.00549648731016 59.2998967905418 "experimento_59" 59 5000 1000 0.95 50 0.4 1 0.8
1.00224732622255 52.3607231197542 "experimento_59" 59 5000 1000 0.95 50 0.4 1 0.8
1.01105907530524 45.1592082730544 "experimento_59" 59 5000 1000 0.95 50 0.4 1 0.8
0.999133058590814 50.4571053973367 "experimento_59" 59 5000 1000 0.95 50 0.4 1 0.8
1.00803931135174 51.0903460464876 "experimento_59" 59 5000 1000 0.95 50 0.4 1 0.8
0.999201424885541 58.160319250413 "experimento_59" 59 5000 1000 0.95 50 0.4 1 0.8
1.00000967219472 53.7735472582276 "experimento_59" 59 5000 1000 0.95 50 0.4 1 0.8
0.998403066769242 47.4987030581419 "experimento_59" 59 5000 1000 0.95 50 0.4 1 0.8
1.00017738442133 49.2800662196065 "experimento_59" 59 5000 1000 0.95 50 0.4 1 0.8
0.998803958762437 46.3917733677547 "experimento_59" 59 5000 1000 0.95 50 0.4 1 0.8
1.00740151233786 39.5656364201189 "experimento_59" 59 5000 1000 0.95 50 0.4 1 0.8
1.00407411057383 51.6855140617437 "experimento_59" 59 5000 1000 0.95 50 0.4 1 0.8
1.00204501219137 54.8573155387003 "experimento_59" 59 5000 1000 0.95 50 0.4 1 0.8
1.01237458928488 59.7648736050533 "experimento_59" 59 5000 1000 0.95 50 0.4 1 0.8
0.999015356181189 47.4962126869162 "experimento_59" 59 5000 1000 0.95 50 0.4 1 0.8
1.00019668729227 57.1660667462152 "experimento_59" 59 5000 1000 0.95 50 0.4 1 0.8
1.0054784623906 51.4695144496389 "experimento_59" 59 5000 1000 0.95 50 0.4 1 0.8
0.996791006298736 44.6713304731741 "experimento_59" 59 5000 1000 0.95 50 0.4 1 0.8
1.00349693988997 52.701152280862 "experimento_59" 59 5000 1000 0.95 50 0.4 1 0.8
0.999999002553523 46.219399836495 "experimento_59" 59 5000 1000 0.95 50 0.4 1 0.8
1.01529440980321 66.4060264322149 "experimento_59" 59 5000 1000 0.95 50 0.4 1 0.8
1.00563008085347 54.1404536260918 "experimento_59" 59 5000 1000 0.95 50 0.4 1 0.8
0.999330242862925 52.3778211421836 "experimento_59" 59 5000 1000 0.95 50 0.4 1 0.8
1.00294969830662 48.2413009960613 "experimento_59" 59 5000 1000 0.95 50 0.4 1 0.8
0.999897625297308 42.4402185628376 "experimento_59" 59 5000 1000 0.95 50 0.4 1 0.8
1.00663132470325 51.919019229229 "experimento_59" 59 5000 1000 0.95 50 0.4 1 0.8
1.00421637652442 51.2721004045898 "experimento_59" 59 5000 1000 0.95 50 0.4 1 0.8
0.99968872545287 46.4648643831288 "experimento_59" 59 5000 1000 0.95 50 0.4 1 0.8
1.00782835407183 56.3571763686091 "experimento_59" 59 5000 1000 0.95 50 0.4 1 0.8
0.998480372130871 48.7238442241284 "experimento_59" 59 5000 1000 0.95 50 0.4 1 0.8
1.00051267769188 56.0822282698412 "experimento_59" 59 5000 1000 0.95 50 0.4 1 0.8
1.00075400372703 47.544084318969 "experimento_59" 59 5000 1000 0.95 50 0.4 1 0.8
1.00700717403553 42.1957245346424 "experimento_59" 59 5000 1000 0.95 50 0.4 1 0.8
1.01423104450023 50.681171782182 "experimento_59" 59 5000 1000 0.95 50 0.4 1 0.8
0.99965069629252 54.0347118287394 "experimento_59" 59 5000 1000 0.95 50 0.4 1 0.8
0.999488822650164 49.5716174182361 "experimento_59" 59 5000 1000 0.95 50 0.4 1 0.8
1.01463549210533 58.5434355381528 "experimento_59" 59 5000 1000 0.95 50 0.4 1 0.8
0.999747591558844 47.6463423839849 "experimento_59" 59 5000 1000 0.95 50 0.4 1 0.8
0.99964958941564 51.002875963076 "experimento_59" 59 5000 1000 0.95 50 0.4 1 0.8
0.999272828688845 49.6177517780353 "experimento_59" 59 5000 1000 0.95 50 0.4 1 0.8
1.00201581607573 60.1498615983556 "experimento_59" 59 5000 1000 0.95 50 0.4 1 0.8
0.998343543615192 48.978909482555 "experimento_59" 59 5000 1000 0.95 50 0.4 1 0.8
1.00888417671784 49.8298173531227 "experimento_59" 59 5000 1000 0.95 50 0.4 1 0.8
1.0050334252324 57.3090989711196 "experimento_59" 59 5000 1000 0.95 50 0.4 1 0.8
1.0046905722893 47.0822990024298 "experimento_59" 59 5000 1000 0.95 50 0.4 1 0.8
1.00015774974599 46.2469653775127 "experimento_59" 59 5000 1000 0.95 50 0.4 1 0.8
0.99949212023057 45.7503875840697 "experimento_59" 59 5000 1000 0.95 50 0.4 1 0.8
0.998842083383352 58.7839701472555 "experimento_59" 59 5000 1000 0.95 50 0.4 1 0.8
1.01676291543091 47.0982454550757 "experimento_59" 59 5000 1000 0.95 50 0.4 1 0.8
1.02894110031258 56.044425516712 "experimento_59" 59 5000 1000 0.95 50 0.4 1 0.8
1.01314691537991 47.9455255463318 "experimento_59" 59 5000 1000 0.95 50 0.4 1 0.8
1.00022786603545 45.9618332875146 "experimento_59" 59 5000 1000 0.95 50 0.4 1 0.8
1.02231569856321 39.7731558194328 "experimento_59" 59 5000 1000 0.95 50 0.4 1 0.8
1.00033210847679 50.7097564414187 "experimento_59" 59 5000 1000 0.95 50 0.4 1 0.8
1.01097283191048 52.5622299466323 "experimento_59" 59 5000 1000 0.95 50 0.4 1 0.8
0.999560457421467 51.7103814917207 "experimento_59" 59 5000 1000 0.95 50 0.4 1 0.8
1.01401816137051 56.8891227731127 "experimento_59" 59 5000 1000 0.95 50 0.4 1 0.8
0.99998959642835 50.2489602236494 "experimento_59" 59 5000 1000 0.95 50 0.4 1 0.8
0.999111732468009 55.6402384093228 "experimento_59" 59 5000 1000 0.95 50 0.4 1 0.8
1.00025478598861 43.9920805456447 "experimento_59" 59 5000 1000 0.95 50 0.4 1 0.8
1.01261351330206 47.1677741293738 "experimento_59" 59 5000 1000 0.95 50 0.4 1 0.8
1.01278687721118 55.0465197672239 "experimento_59" 59 5000 1000 0.95 50 0.4 1 0.8
1.02269167343071 39.4999448597633 "experimento_59" 59 5000 1000 0.95 50 0.4 1 0.8
0.998823896516114 52.4310864153279 "experimento_59" 59 5000 1000 0.95 50 0.4 1 0.8
0.99772707442753 49.4539441438481 "experimento_59" 59 5000 1000 0.95 50 0.4 1 0.8
0.999734225217253 51.7921806413698 "experimento_59" 59 5000 1000 0.95 50 0.4 1 0.8
0.99886108445935 51.4420001920322 "experimento_59" 59 5000 1000 0.95 50 0.4 1 0.8
0.999993219273165 47.6491233646724 "experimento_59" 59 5000 1000 0.95 50 0.4 1 0.8
0.998850652482361 53.142823527465 "experimento_59" 59 5000 1000 0.95 50 0.4 1 0.8
1.00518734501675 45.5796126093023 "experimento_59" 59 5000 1000 0.95 50 0.4 1 0.8
1.00010288458553 53.277020907787 "experimento_59" 59 5000 1000 0.95 50 0.4 1 0.8
0.998108583968133 47.013856053591 "experimento_59" 59 5000 1000 0.95 50 0.4 1 0.8
0.999992834636942 50.2626637532397 "experimento_59" 59 5000 1000 0.95 50 0.4 1 0.8
1.00834400360473 54.9270808408548 "experimento_59" 59 5000 1000 0.95 50 0.4 1 0.8
1.01055285906419 46.5219001776861 "experimento_59" 59 5000 1000 0.95 50 0.4 1 0.8
0.999429035931826 52.8876126899989 "experimento_59" 59 5000 1000 0.95 50 0.4 1 0.8
0.998873357661068 47.0520942155346 "experimento_59" 59 5000 1000 0.95 50 0.4 1 0.8
1.00804269679822 53.9690260468101 "experimento_59" 59 5000 1000 0.95 50 0.4 1 0.8
1.00356471339241 46.3412891500614 "experimento_59" 59 5000 1000 0.95 50 0.4 1 0.8
1.00030032182518 58.6824579706124 "experimento_59" 59 5000 1000 0.95 50 0.4 1 0.8
1.00001826230437 50.1892671184653 "experimento_59" 59 5000 1000 0.95 50 0.4 1 0.8
1.00174462645315 47.3904198579261 "experimento_59" 59 5000 1000 0.95 50 0.4 1 0.8
0.9991103655193 45.9336230239636 "experimento_59" 59 5000 1000 0.95 50 0.4 1 0.8
1.00177409640142 57.7037240777285 "experimento_59" 59 5000 1000 0.95 50 0.4 1 0.8
1.00028126810503 46.5909122600751 "experimento_59" 59 5000 1000 0.95 50 0.4 1 0.8
1.00030502199921 53.2772978569073 "experimento_59" 59 5000 1000 0.95 50 0.4 1 0.8
0.999178647296503 44.8819513170848 "experimento_59" 59 5000 1000 0.95 50 0.4 1 0.8
1.000227386076 50.7837094219762 "experimento_59" 59 5000 1000 0.95 50 0.4 1 0.8
1.00569087304175 46.5957366945388 "experimento_59" 59 5000 1000 0.95 50 0.4 1 0.8
1.00244473360479 55.9757516285166 "experimento_59" 59 5000 1000 0.95 50 0.4 1 0.8
1.00682624002919 57.3240093983292 "experimento_59" 59 5000 1000 0.95 50 0.4 1 0.8
0.999281031545252 46.0455293975396 "experimento_59" 59 5000 1000 0.95 50 0.4 1 0.8
1.00840807634499 52.4700778783087 "experimento_59" 59 5000 1000 0.95 50 0.4 1 0.8
0.999223795719445 48.0086880402966 "experimento_59" 59 5000 1000 0.95 50 0.4 1 0.8
0.998849109048024 50.2447012745814 "experimento_59" 59 5000 1000 0.95 50 0.4 1 0.8
1.00017265614122 53.6970158375276 "experimento_59" 59 5000 1000 0.95 50 0.4 1 0.8
1.00008310261182 49.4596206849189 "experimento_59" 59 5000 1000 0.95 50 0.4 1 0.8
1.00028176490217 46.8451009226793 "experimento_59" 59 5000 1000 0.95 50 0.4 1 0.8
1.00419177874923 46.6404119741928 "experimento_59" 59 5000 1000 0.95 50 0.4 1 0.8
1.00053090103527 54.9501344164789 "experimento_59" 59 5000 1000 0.95 50 0.4 1 0.8
0.999329745769501 52.2477737945839 "experimento_59" 59 5000 1000 0.95 50 0.4 1 0.8
1.02225535524925 40.098457042659 "experimento_59" 59 5000 1000 0.95 50 0.4 1 0.8
0.998598613776267 45.5066459886745 "experimento_59" 59 5000 1000 0.95 50 0.4 1 0.8
1.01344353502616 66.3368865196493 "experimento_59" 59 5000 1000 0.95 50 0.4 1 0.8
1.01455121206036 52.4901233046286 "experimento_59" 59 5000 1000 0.95 50 0.4 1 0.8
0.998574946541339 45.3863942749566 "experimento_59" 59 5000 1000 0.95 50 0.4 1 0.8
1.0005010746792 55.8379736961226 "experimento_59" 59 5000 1000 0.95 50 0.4 1 0.8
0.999368553748354 47.2661625706759 "experimento_59" 59 5000 1000 0.95 50 0.4 1 0.8
0.99964737589471 48.8332286172434 "experimento_59" 59 5000 1000 0.95 50 0.4 1 0.8
1.00251539932564 51.3375208024628 "experimento_59" 59 5000 1000 0.95 50 0.4 1 0.8
0.999987836461514 46.2008646530811 "experimento_59" 59 5000 1000 0.95 50 0.4 1 0.8
1.00077583556063 54.8055665454454 "experimento_59" 59 5000 1000 0.95 50 0.4 1 0.8
1.00010814622757 53.3383107008619 "experimento_59" 59 5000 1000 0.95 50 0.4 1 0.8
1.00242270620191 48.9225909032861 "experimento_59" 59 5000 1000 0.95 50 0.4 1 0.8
0.999927841359749 49.4698521838936 "experimento_59" 59 5000 1000 0.95 50 0.4 1 0.8
1.00057458753785 51.7436036770129 "experimento_59" 59 5000 1000 0.95 50 0.4 1 0.8
1.01400836661374 55.7382141801194 "experimento_59" 59 5000 1000 0.95 50 0.4 1 0.8
1.01271727102809 61.2468574728036 "experimento_59" 59 5000 1000 0.95 50 0.4 1 0.8
1.00191910255624 51.1785134244676 "experimento_59" 59 5000 1000 0.95 50 0.4 1 0.8
0.998889595968649 47.7495463518033 "experimento_59" 59 5000 1000 0.95 50 0.4 1 0.8
1.00111188998697 54.6228469125969 "experimento_59" 59 5000 1000 0.95 50 0.4 1 0.8
0.999180554179475 52.1891775295034 "experimento_59" 59 5000 1000 0.95 50 0.4 1 0.8
1.00661149036139 45.3844291925046 "experimento_59" 59 5000 1000 0.95 50 0.4 1 0.8
0.999563455581665 49.2133789903627 "experimento_59" 59 5000 1000 0.95 50 0.4 1 0.8
1.00010684620589 50.0478191772958 "experimento_59" 59 5000 1000 0.95 50 0.4 1 0.8
1.01399358849888 64.0071048827825 "experimento_59" 59 5000 1000 0.95 50 0.4 1 0.8
1.00011298543878 45.7805640881109 "experimento_59" 59 5000 1000 0.95 50 0.4 1 0.8
1.00036150350873 49.4005179142802 "experimento_59" 59 5000 1000 0.95 50 0.4 1 0.8
0.998612738912925 48.7955124088926 "experimento_59" 59 5000 1000 0.95 50 0.4 1 0.8
1.00038003508092 43.1289310562284 "experimento_59" 59 5000 1000 0.95 50 0.4 1 0.8
1.00078055282123 50.2739386560286 "experimento_59" 59 5000 1000 0.95 50 0.4 1 0.8
0.999339755158871 48.0624579843812 "experimento_59" 59 5000 1000 0.95 50 0.4 1 0.8
1.00564991997748 49.039081072915 "experimento_59" 59 5000 1000 0.95 50 0.4 1 0.8
0.999521292746067 47.6461500019852 "experimento_59" 59 5000 1000 0.95 50 0.4 1 0.8
0.999974386300892 50.2053298665195 "experimento_59" 59 5000 1000 0.95 50 0.4 1 0.8
1.00113014961593 57.682255621614 "experimento_59" 59 5000 1000 0.95 50 0.4 1 0.8
1.00053860530138 47.5763270525783 "experimento_59" 59 5000 1000 0.95 50 0.4 1 0.8
0.99821548210457 50.6353814285664 "experimento_59" 59 5000 1000 0.95 50 0.4 1 0.8
1.00070263475188 47.7994284818505 "experimento_59" 59 5000 1000 0.95 50 0.4 1 0.8
1.00760376568149 56.7870726250794 "experimento_59" 59 5000 1000 0.95 50 0.4 1 0.8
0.998871736926958 49.6640803801824 "experimento_59" 59 5000 1000 0.95 50 0.4 1 0.8
0.998113557929173 44.2039023698357 "experimento_59" 59 5000 1000 0.95 50 0.4 1 0.8
0.99842394143343 51.5608965535999 "experimento_59" 59 5000 1000 0.95 50 0.4 1 0.8
0.999891921877861 56.0091505389535 "experimento_59" 59 5000 1000 0.95 50 0.4 1 0.8
0.998116498114541 48.4743109875307 "experimento_59" 59 5000 1000 0.95 50 0.4 1 0.8
0.998772562714294 49.21455830711 "experimento_59" 59 5000 1000 0.95 50 0.4 1 0.8
0.998175106011331 46.2745020266923 "experimento_59" 59 5000 1000 0.95 50 0.4 1 0.8
1.00089259856536 60.9136718525124 "experimento_59" 59 5000 1000 0.95 50 0.4 1 0.8
0.998872064286843 48.6604814451488 "experimento_59" 59 5000 1000 0.95 50 0.4 1 0.8
1.00131981435232 49.9919168081437 "experimento_59" 59 5000 1000 0.95 50 0.4 1 0.8
0.998694469686598 46.9675655665453 "experimento_59" 59 5000 1000 0.95 50 0.4 1 0.8
1.00255300893448 54.4714235630909 "experimento_59" 59 5000 1000 0.95 50 0.4 1 0.8
1.00004751113871 52.2841755271133 "experimento_59" 59 5000 1000 0.95 50 0.4 1 0.8
0.999588157283142 45.1313728822332 "experimento_59" 59 5000 1000 0.95 50 0.4 1 0.8
0.999086349736899 50.5540795511824 "experimento_59" 59 5000 1000 0.95 50 0.4 1 0.8
1.01188018972985 46.8615597984214 "experimento_59" 59 5000 1000 0.95 50 0.4 1 0.8
1.00256625012495 46.904768673005 "experimento_59" 59 5000 1000 0.95 50 0.4 1 0.8
1.00380547169596 52.6773403665031 "experimento_59" 59 5000 1000 0.95 50 0.4 1 0.8
1.00615425866097 57.9456457766583 "experimento_59" 59 5000 1000 0.95 50 0.4 1 0.8
0.999732156749815 48.5719884614103 "experimento_59" 59 5000 1000 0.95 50 0.4 1 0.8
0.998625897336751 46.6862364370379 "experimento_59" 59 5000 1000 0.95 50 0.4 1 0.8
0.999579222872853 46.8310295414007 "experimento_59" 59 5000 1000 0.95 50 0.4 1 0.8
0.999223009450361 48.4123076254091 "experimento_59" 59 5000 1000 0.95 50 0.4 1 0.8
1.00134250699041 50.5713220660895 "experimento_59" 59 5000 1000 0.95 50 0.4 1 0.8
0.99939445219934 47.8623416960551 "experimento_59" 59 5000 1000 0.95 50 0.4 1 0.8
1.0000841218829 50.5823602325785 "experimento_59" 59 5000 1000 0.95 50 0.4 1 0.8
0.99810842378065 43.2211009834072 "experimento_59" 59 5000 1000 0.95 50 0.4 1 0.8
0.99953809264116 50.5211449703905 "experimento_59" 59 5000 1000 0.95 50 0.4 1 0.8
1.00291049326722 49.0505637233336 "experimento_59" 59 5000 1000 0.95 50 0.4 1 0.8
1.00553761371411 51.506554705704 "experimento_59" 59 5000 1000 0.95 50 0.4 1 0.8
0.998573115328327 46.8145990097373 "experimento_59" 59 5000 1000 0.95 50 0.4 1 0.8
1.0133185836859 61.8591833092083 "experimento_59" 59 5000 1000 0.95 50 0.4 1 0.8
1.00004697907843 51.2899885433878 "experimento_59" 59 5000 1000 0.95 50 0.4 1 0.8
1.00874276096365 51.3193297183764 "experimento_59" 59 5000 1000 0.95 50 0.4 1 0.8
1.00816947578453 53.5568571372251 "experimento_59" 59 5000 1000 0.95 50 0.4 1 0.8
1.01251472204924 43.9498044382404 "experimento_59" 59 5000 1000 0.95 50 0.4 1 0.8
0.999683367088437 50.9844395631646 "experimento_59" 59 5000 1000 0.95 50 0.4 1 0.8
0.99855427397415 48.853508713318 "experimento_59" 59 5000 1000 0.95 50 0.4 1 0.8
1.00082507849671 45.7108488745486 "experimento_59" 59 5000 1000 0.95 50 0.4 1 0.8
1.00013385695405 51.501099151202 "experimento_59" 59 5000 1000 0.95 50 0.4 1 0.8
0.99720816873014 44.6493824197441 "experimento_59" 59 5000 1000 0.95 50 0.4 1 0.8
0.999231131514534 48.5475113468533 "experimento_59" 59 5000 1000 0.95 50 0.4 1 0.8
1.0007425662037 48.7718760495525 "experimento_59" 59 5000 1000 0.95 50 0.4 1 0.8
1.00615700759925 51.0768291347164 "experimento_59" 59 5000 1000 0.95 50 0.4 1 0.8
0.998752334620804 49.7032866563127 "experimento_59" 59 5000 1000 0.95 50 0.4 1 0.8
0.999757532263175 50.1039373877525 "experimento_59" 59 5000 1000 0.95 50 0.4 1 0.8
0.999350047437474 49.9438686785388 "experimento_59" 59 5000 1000 0.95 50 0.4 1 0.8
1.00835960911587 45.600932144426 "experimento_59" 59 5000 1000 0.95 50 0.4 1 0.8
1.00052455428988 57.9643060760288 "experimento_59" 59 5000 1000 0.95 50 0.4 1 0.8
1.0007919915393 45.0412038496105 "experimento_59" 59 5000 1000 0.95 50 0.4 1 0.8
1.00404991596381 46.6137029689912 "experimento_59" 59 5000 1000 0.95 50 0.4 1 0.8
1.01043647388928 56.4372766931108 "experimento_59" 59 5000 1000 0.95 50 0.4 1 0.8
0.998434719396755 54.2178367016901 "experimento_59" 59 5000 1000 0.95 50 0.4 1 0.8
1.00218706379645 50.3764343106292 "experimento_59" 59 5000 1000 0.95 50 0.4 1 0.8
1.01468908267042 60.6374611654634 "experimento_59" 59 5000 1000 0.95 50 0.4 1 0.8
0.999122388428077 54.3727314776544 "experimento_59" 59 5000 1000 0.95 50 0.4 1 0.8
1.00641179035418 48.0337597812731 "experimento_59" 59 5000 1000 0.95 50 0.4 1 0.8
1.00009890021286 52.3438935477103 "experimento_59" 59 5000 1000 0.95 50 0.4 1 0.8
0.999694080790505 48.9652346809326 "experimento_59" 59 5000 1000 0.95 50 0.4 1 0.8
0.999527433887124 46.734368139451 "experimento_59" 59 5000 1000 0.95 50 0.4 1 0.8
0.999885516008362 46.9444095449959 "experimento_59" 59 5000 1000 0.95 50 0.4 1 0.8
0.99952730233781 51.2392849008976 "experimento_59" 59 5000 1000 0.95 50 0.4 1 0.8
1.02568635815671 46.5310225033983 "experimento_59" 59 5000 1000 0.95 50 0.4 1 0.8
1.00007613150403 54.4674475886426 "experimento_59" 59 5000 1000 0.95 50 0.4 1 0.8
1.00467195302248 56.9197964961339 "experimento_59" 59 5000 1000 0.95 50 0.4 1 0.8
1.0107120417431 54.6855646347885 "experimento_59" 59 5000 1000 0.95 50 0.4 1 0.8
0.999727867310867 42.7586928788037 "experimento_59" 59 5000 1000 0.95 50 0.4 1 0.8
1.00036400143007 51.5438059737871 "experimento_59" 59 5000 1000 0.95 50 0.4 1 0.8
1.00002942416817 54.4079815328858 "experimento_59" 59 5000 1000 0.95 50 0.4 1 0.8
1.00138572739437 55.1354299021777 "experimento_59" 59 5000 1000 0.95 50 0.4 1 0.8
0.999648972647265 49.2644321112781 "experimento_59" 59 5000 1000 0.95 50 0.4 1 0.8
1.00503630677164 50.927640876143 "experimento_59" 59 5000 1000 0.95 50 0.4 1 0.8
1.00016328725032 54.2449008668958 "experimento_59" 59 5000 1000 0.95 50 0.4 1 0.8
0.999216217780486 51.9740039672891 "experimento_59" 59 5000 1000 0.95 50 0.4 1 0.8
1.00004654443392 53.8410240779151 "experimento_59" 59 5000 1000 0.95 50 0.4 1 0.8
0.999317750101909 45.7201321740621 "experimento_59" 59 5000 1000 0.95 50 0.4 1 0.8
1.00012081269709 56.7093246659242 "experimento_59" 59 5000 1000 0.95 50 0.4 1 0.8
1.00009528801223 53.5747121140594 "experimento_59" 59 5000 1000 0.95 50 0.4 1 0.8
1.00005650862558 56.3796687388641 "experimento_59" 59 5000 1000 0.95 50 0.4 1 0.8
0.999742848565802 50.167548690409 "experimento_59" 59 5000 1000 0.95 50 0.4 1 0.8
1.00737278999761 49.6325690614717 "experimento_59" 59 5000 1000 0.95 50 0.4 1 0.8
1.00079561628401 46.8629294615278 "experimento_59" 59 5000 1000 0.95 50 0.4 1 0.8
1.02264922041362 59.2621171044567 "experimento_59" 59 5000 1000 0.95 50 0.4 1 0.8
0.999998118262738 51.10694803924 "experimento_59" 59 5000 1000 0.95 50 0.4 1 0.8
1.0125464744959 58.4549163733884 "experimento_59" 59 5000 1000 0.95 50 0.4 1 0.8
0.998816660605371 42.9864866364571 "experimento_59" 59 5000 1000 0.95 50 0.4 1 0.8
0.998043533181772 46.8906464820312 "experimento_59" 59 5000 1000 0.95 50 0.4 1 0.8
1.01372739314102 47.419949570199 "experimento_59" 59 5000 1000 0.95 50 0.4 1 0.8
1.00096107183024 50.640916248956 "experimento_59" 59 5000 1000 0.95 50 0.4 1 0.8
0.99938157084398 47.1602112271597 "experimento_59" 59 5000 1000 0.95 50 0.4 1 0.8
0.999751611845568 47.3172635907598 "experimento_59" 59 5000 1000 0.95 50 0.4 1 0.8
0.998804747825488 47.7634438942903 "experimento_59" 59 5000 1000 0.95 50 0.4 1 0.8
0.998986825812608 47.6958779622828 "experimento_59" 59 5000 1000 0.95 50 0.4 1 0.8
1.00244808715971 52.1888707654353 "experimento_59" 59 5000 1000 0.95 50 0.4 1 0.8
1.00132845864763 51.7911643536664 "experimento_59" 59 5000 1000 0.95 50 0.4 1 0.8
1.0174720690391 38.4103812443216 "experimento_59" 59 5000 1000 0.95 50 0.4 1 0.8
1.00789831733442 53.1040045959021 "experimento_59" 59 5000 1000 0.95 50 0.4 1 0.8
1.00489358112216 48.6815234491758 "experimento_59" 59 5000 1000 0.95 50 0.4 1 0.8
0.999046287499368 48.89856453907 "experimento_59" 59 5000 1000 0.95 50 0.4 1 0.8
1.00305020444095 52.1182158575109 "experimento_59" 59 5000 1000 0.95 50 0.4 1 0.8
1.00721586416475 54.8887523637673 "experimento_59" 59 5000 1000 0.95 50 0.4 1 0.8
1.00277056242151 50.2854608022109 "experimento_59" 59 5000 1000 0.95 50 0.4 1 0.8
1.00202720803064 45.4767495247152 "experimento_59" 59 5000 1000 0.95 50 0.4 1 0.8
1.01069061010145 44.0947694522811 "experimento_59" 59 5000 1000 0.95 50 0.4 1 0.8
0.99914043629542 47.058686313605 "experimento_59" 59 5000 1000 0.95 50 0.4 1 0.8
1.00951515316032 53.0673860196403 "experimento_59" 59 5000 1000 0.95 50 0.4 1 0.8
0.997869830578566 49.3791994832628 "experimento_59" 59 5000 1000 0.95 50 0.4 1 0.8
0.998495952226222 49.0183991440483 "experimento_59" 59 5000 1000 0.95 50 0.4 1 0.8
1.0174652512025 50.3957688803415 "experimento_59" 59 5000 1000 0.95 50 0.4 1 0.8
0.999935671919957 47.3503953207445 "experimento_59" 59 5000 1000 0.95 50 0.4 1 0.8
0.998646376654506 50.0590676404125 "experimento_59" 59 5000 1000 0.95 50 0.4 1 0.8
0.998619172954932 46.1087805830254 "experimento_59" 59 5000 1000 0.95 50 0.4 1 0.8
0.998813062207773 45.3423210824283 "experimento_59" 59 5000 1000 0.95 50 0.4 1 0.8
1.00228600300848 55.0778391917223 "experimento_59" 59 5000 1000 0.95 50 0.4 1 0.8
0.999538989504799 50.831247334988 "experimento_59" 59 5000 1000 0.95 50 0.4 1 0.8
1.0137624234613 42.6241388103806 "experimento_59" 59 5000 1000 0.95 50 0.4 1 0.8
1.00212371541343 51.3139004660753 "experimento_59" 59 5000 1000 0.95 50 0.4 1 0.8
1.01066719313152 48.311071499063 "experimento_59" 59 5000 1000 0.95 50 0.4 1 0.8
1.01021937639453 56.3469861543505 "experimento_59" 59 5000 1000 0.95 50 0.4 1 0.8
1.01011271429248 50.3700738827505 "experimento_59" 59 5000 1000 0.95 50 0.4 1 0.8
0.999967483337969 50.7341079364635 "experimento_59" 59 5000 1000 0.95 50 0.4 1 0.8
0.999354869592935 50.993122839369 "experimento_59" 59 5000 1000 0.95 50 0.4 1 0.8
1.00701705419458 51.8854240400855 "experimento_59" 59 5000 1000 0.95 50 0.4 1 0.8
1.00110533071834 51.8696251934437 "experimento_59" 59 5000 1000 0.95 50 0.4 1 0.8
0.999802394770086 44.3859143833191 "experimento_59" 59 5000 1000 0.95 50 0.4 1 0.8
0.999230705900118 48.1228156979886 "experimento_59" 59 5000 1000 0.95 50 0.4 1 0.8
1.01071914780885 51.2165290759565 "experimento_59" 59 5000 1000 0.95 50 0.4 1 0.8
0.999370518606156 47.3467306612354 "experimento_59" 59 5000 1000 0.95 50 0.4 1 0.8
1.000024884283 52.4305114068324 "experimento_59" 59 5000 1000 0.95 50 0.4 1 0.8
1.01863853645435 52.6239761928036 "experimento_59" 59 5000 1000 0.95 50 0.4 1 0.8
0.99987499602139 54.4759091494049 "experimento_59" 59 5000 1000 0.95 50 0.4 1 0.8
1.01265044350177 47.4062812363794 "experimento_59" 59 5000 1000 0.95 50 0.4 1 0.8
0.999743070220575 48.233416681693 "experimento_59" 59 5000 1000 0.95 50 0.4 1 0.8
0.999476432800293 44.518048505387 "experimento_59" 59 5000 1000 0.95 50 0.4 1 0.8
0.999902259325609 45.5412405104981 "experimento_59" 59 5000 1000 0.95 50 0.4 1 0.8
1.01099186787382 50.911523542626 "experimento_59" 59 5000 1000 0.95 50 0.4 1 0.8
0.99941337434575 50.5946010168856 "experimento_59" 59 5000 1000 0.95 50 0.4 1 0.8
1.00894550106488 53.0901839022605 "experimento_59" 59 5000 1000 0.95 50 0.4 1 0.8
0.998051969567314 47.5174170565534 "experimento_59" 59 5000 1000 0.95 50 0.4 1 0.8
1.00653134864755 51.8776869316196 "experimento_59" 59 5000 1000 0.95 50 0.4 1 0.8
1.00213808744792 46.9303002940899 "experimento_59" 59 5000 1000 0.95 50 0.4 1 0.8
1.00011644299621 45.8669244010192 "experimento_59" 59 5000 1000 0.95 50 0.4 1 0.8
1.0034629162401 47.0314632285592 "experimento_59" 59 5000 1000 0.95 50 0.4 1 0.8
0.999177978606895 50.0286016804555 "experimento_59" 59 5000 1000 0.95 50 0.4 1 0.8
0.999714925419539 44.6925652501957 "experimento_59" 59 5000 1000 0.95 50 0.4 1 0.8
1.00124605095093 51.7290421904817 "experimento_59" 59 5000 1000 0.95 50 0.4 1 0.8
1.02234007524808 40.1897367965252 "experimento_59" 59 5000 1000 0.95 50 0.4 1 0.8
1.00557274711318 51.31046494051 "experimento_59" 59 5000 1000 0.95 50 0.4 1 0.8
0.997368961805478 48.797829445441 "experimento_59" 59 5000 1000 0.95 50 0.4 1 0.8
1.00461601797491 55.3205814230943 "experimento_59" 59 5000 1000 0.95 50 0.4 1 0.8
1.0000476795435 54.2353825328645 "experimento_59" 59 5000 1000 0.95 50 0.4 1 0.8
1.00064084618352 46.2169020630224 "experimento_59" 59 5000 1000 0.95 50 0.4 1 0.8
0.9983392781578 47.132942092903 "experimento_59" 59 5000 1000 0.95 50 0.4 1 0.8
1.0117602740787 52.7976005997718 "experimento_59" 59 5000 1000 0.95 50 0.4 1 0.8
0.999261141056195 48.601212868444 "experimento_59" 59 5000 1000 0.95 50 0.4 1 0.8
1.01358909185976 45.9062307306245 "experimento_59" 59 5000 1000 0.95 50 0.4 1 0.8
1.01578640993601 41.4417052237594 "experimento_59" 59 5000 1000 0.95 50 0.4 1 0.8
1.0192053005836 48.8960544097267 "experimento_59" 59 5000 1000 0.95 50 0.4 1 0.8
1.00279749602468 48.5557396929811 "experimento_59" 59 5000 1000 0.95 50 0.4 1 0.8
1.01060286325403 56.1188184604045 "experimento_59" 59 5000 1000 0.95 50 0.4 1 0.8
1.00461481408241 54.0314453261469 "experimento_59" 59 5000 1000 0.95 50 0.4 1 0.8
0.999386903597042 49.3191183623508 "experimento_59" 59 5000 1000 0.95 50 0.4 1 0.8
1.00578477053903 44.9554755156267 "experimento_59" 59 5000 1000 0.95 50 0.4 1 0.8
1.00766824439514 48.0292183718998 "experimento_59" 59 5000 1000 0.95 50 0.4 1 0.8
0.998781247995794 45.3323704325659 "experimento_59" 59 5000 1000 0.95 50 0.4 1 0.8
0.999708887189627 46.778871850175 "experimento_59" 59 5000 1000 0.95 50 0.4 1 0.8
1.00074929344468 49.942796946723 "experimento_59" 59 5000 1000 0.95 50 0.4 1 0.8
0.999587647384033 45.6286302269214 "experimento_59" 59 5000 1000 0.95 50 0.4 1 0.8
0.999954555183649 49.3500765552108 "experimento_59" 59 5000 1000 0.95 50 0.4 1 0.8
1.00065921930596 54.3796455870844 "experimento_59" 59 5000 1000 0.95 50 0.4 1 0.8
0.999368537217379 48.8880998299986 "experimento_59" 59 5000 1000 0.95 50 0.4 1 0.8
1.00096504571771 55.4956969441851 "experimento_59" 59 5000 1000 0.95 50 0.4 1 0.8
0.999665678245947 45.2630588430818 "experimento_59" 59 5000 1000 0.95 50 0.4 1 0.8
1.01009971369058 51.1242301043651 "experimento_59" 59 5000 1000 0.95 50 0.4 1 0.8
1.0056990940962 57.0856221381023 "experimento_59" 59 5000 1000 0.95 50 0.4 1 0.8
1.00248747078809 50.9262818076104 "experimento_59" 59 5000 1000 0.95 50 0.4 1 0.8
0.999748368281871 52.6694604099368 "experimento_59" 59 5000 1000 0.95 50 0.4 1 0.8
1.0093674404081 42.4877480821224 "experimento_59" 59 5000 1000 0.95 50 0.4 1 0.8
1.00151080530137 47.6120579416582 "experimento_59" 59 5000 1000 0.95 50 0.4 1 0.8
1.00169031488462 48.4489779267738 "experimento_59" 59 5000 1000 0.95 50 0.4 1 0.8
1.00708136805015 49.0039655361374 "experimento_59" 59 5000 1000 0.95 50 0.4 1 0.8
0.999730511335656 52.5731497616221 "experimento_59" 59 5000 1000 0.95 50 0.4 1 0.8
1.00612527098507 49.6904932324312 "experimento_59" 59 5000 1000 0.95 50 0.4 1 0.8
0.999830096960068 48.9384731033484 "experimento_59" 59 5000 1000 0.95 50 0.4 1 0.8
0.99851134698838 49.9411427657408 "experimento_59" 59 5000 1000 0.95 50 0.4 1 0.8
1.00050597476288 55.5660044688635 "experimento_59" 59 5000 1000 0.95 50 0.4 1 0.8
0.999510106164962 45.7687641339261 "experimento_59" 59 5000 1000 0.95 50 0.4 1 0.8
0.999548226827756 54.9966758133744 "experimento_59" 59 5000 1000 0.95 50 0.4 1 0.8
1.00011948328465 51.9978158915775 "experimento_59" 59 5000 1000 0.95 50 0.4 1 0.8
1.00342306791805 52.1798629521261 "experimento_59" 59 5000 1000 0.95 50 0.4 1 0.8
0.998921148944646 45.4079650068707 "experimento_59" 59 5000 1000 0.95 50 0.4 1 0.8
0.999708630144596 53.4801863554295 "experimento_59" 59 5000 1000 0.95 50 0.4 1 0.8
1.00925643829629 41.8849642528997 "experimento_59" 59 5000 1000 0.95 50 0.4 1 0.8
1.00582315291278 60.6413878438598 "experimento_59" 59 5000 1000 0.95 50 0.4 1 0.8
1.00306327259994 44.9506081828402 "experimento_59" 59 5000 1000 0.95 50 0.4 1 0.8
1.020770869515 65.1903249670336 "experimento_59" 59 5000 1000 0.95 50 0.4 1 0.8
1.00466935131699 50.184245567746 "experimento_59" 59 5000 1000 0.95 50 0.4 1 0.8
1.00183131979871 52.2710783381365 "experimento_59" 59 5000 1000 0.95 50 0.4 1 0.8
1.00003972286358 50.631294869182 "experimento_59" 59 5000 1000 0.95 50 0.4 1 0.8
0.998188273515552 41.8993384988023 "experimento_59" 59 5000 1000 0.95 50 0.4 1 0.8
0.999293580418453 50.6827343606089 "experimento_59" 59 5000 1000 0.95 50 0.4 1 0.8
0.998546296497807 54.4172779681565 "experimento_59" 59 5000 1000 0.95 50 0.4 1 0.8
1.01007860222831 54.5949953833567 "experimento_59" 59 5000 1000 0.95 50 0.4 1 0.8
1.01118739149533 57.6709956399302 "experimento_59" 59 5000 1000 0.95 50 0.4 1 0.8
1.00625252652913 51.7440249734253 "experimento_59" 59 5000 1000 0.95 50 0.4 1 0.8
1.00241339767352 53.3231954686699 "experimento_59" 59 5000 1000 0.95 50 0.4 1 0.8
1.00000385641947 46.1765917667469 "experimento_59" 59 5000 1000 0.95 50 0.4 1 0.8
1.01737855013376 54.8747523179851 "experimento_59" 59 5000 1000 0.95 50 0.4 1 0.8
0.998832973418757 42.236863136182 "experimento_59" 59 5000 1000 0.95 50 0.4 1 0.8
0.999937930610031 46.8509081884439 "experimento_59" 59 5000 1000 0.95 50 0.4 1 0.8
1.00435206253082 55.455557684586 "experimento_59" 59 5000 1000 0.95 50 0.4 1 0.8
0.998293655924499 45.658399857286 "experimento_59" 59 5000 1000 0.95 50 0.4 1 0.8
0.999318057438359 50.1026625350978 "experimento_59" 59 5000 1000 0.95 50 0.4 1 0.8
0.999345779884607 48.7116079577973 "experimento_59" 59 5000 1000 0.95 50 0.4 1 0.8
0.99738800781779 40.1537060176903 "experimento_59" 59 5000 1000 0.95 50 0.4 1 0.8
0.999868807382882 49.7462625910567 "experimento_59" 59 5000 1000 0.95 50 0.4 1 0.8
1.00204487135957 53.8339059324542 "experimento_59" 59 5000 1000 0.95 50 0.4 1 0.8
1.00061568162119 49.6937694629623 "experimento_59" 59 5000 1000 0.95 50 0.4 1 0.8
0.999488258035854 50.8561540469182 "experimento_59" 59 5000 1000 0.95 50 0.4 1 0.8
0.999501706333831 49.261311292134 "experimento_59" 59 5000 1000 0.95 50 0.4 1 0.8
0.998870125040412 45.7975277730091 "experimento_59" 59 5000 1000 0.95 50 0.4 1 0.8
0.999163925182074 48.7987520953808 "experimento_59" 59 5000 1000 0.95 50 0.4 1 0.8
1.00002793411509 56.1625854415652 "experimento_59" 59 5000 1000 0.95 50 0.4 1 0.8
1.00217237772425 42.5585814030339 "experimento_59" 59 5000 1000 0.95 50 0.4 1 0.8
1.00288298422471 44.2283734535614 "experimento_59" 59 5000 1000 0.95 50 0.4 1 0.8
0.999891063664109 51.6931391444162 "experimento_59" 59 5000 1000 0.95 50 0.4 1 0.8
0.998832027195022 52.0111116387009 "experimento_59" 59 5000 1000 0.95 50 0.4 1 0.8
1.0020376773458 47.6487645647529 "experimento_59" 59 5000 1000 0.95 50 0.4 1 0.8
0.999781697522849 55.6489320324489 "experimento_59" 59 5000 1000 0.95 50 0.4 1 0.8
1.00006741991267 48.7127301122174 "experimento_59" 59 5000 1000 0.95 50 0.4 1 0.8
1.00734787045206 50.5502498484591 "experimento_59" 59 5000 1000 0.95 50 0.4 1 0.8
1.00011402688784 49.3816264140263 "experimento_59" 59 5000 1000 0.95 50 0.4 1 0.8
