"est.u" "est.lamb" "name" "seed" "size" "replicates" "p_umbral" "exp_lambda" "alpha_pen" "n_pen" "c"
1.00005372922557 31.5522118628401 "experimento_41" 41 5000 1000 0.8 30 0.4 1 0.8
1.00001156362705 28.8444966747995 "experimento_41" 41 5000 1000 0.8 30 0.4 1 0.8
0.999905829783529 30.4322211788668 "experimento_41" 41 5000 1000 0.8 30 0.4 1 0.8
1.00148355501929 28.9512790126944 "experimento_41" 41 5000 1000 0.8 30 0.4 1 0.8
1.01290628240227 29.9492174587434 "experimento_41" 41 5000 1000 0.8 30 0.4 1 0.8
1.01613661843973 27.9383851660171 "experimento_41" 41 5000 1000 0.8 30 0.4 1 0.8
1.00506729548078 30.765105781949 "experimento_41" 41 5000 1000 0.8 30 0.4 1 0.8
0.999261207645759 29.949323568993 "experimento_41" 41 5000 1000 0.8 30 0.4 1 0.8
1.00025855512358 28.3907326637295 "experimento_41" 41 5000 1000 0.8 30 0.4 1 0.8
0.999350948957726 29.3750489140588 "experimento_41" 41 5000 1000 0.8 30 0.4 1 0.8
1.00018567595139 30.3421506865591 "experimento_41" 41 5000 1000 0.8 30 0.4 1 0.8
1.00009842844059 28.9091898124839 "experimento_41" 41 5000 1000 0.8 30 0.4 1 0.8
1.03459601246922 33.7336938905134 "experimento_41" 41 5000 1000 0.8 30 0.4 1 0.8
1.00001625187385 30.557481332574 "experimento_41" 41 5000 1000 0.8 30 0.4 1 0.8
1.00018506720914 30.1937372667825 "experimento_41" 41 5000 1000 0.8 30 0.4 1 0.8
1.00002406714484 29.8714570371078 "experimento_41" 41 5000 1000 0.8 30 0.4 1 0.8
1.02135778485487 30.3078987615588 "experimento_41" 41 5000 1000 0.8 30 0.4 1 0.8
1.00260871567018 31.5344095731837 "experimento_41" 41 5000 1000 0.8 30 0.4 1 0.8
1.00022830477917 29.8115141586557 "experimento_41" 41 5000 1000 0.8 30 0.4 1 0.8
1.00241454676725 30.6787662975082 "experimento_41" 41 5000 1000 0.8 30 0.4 1 0.8
0.99987404095009 29.0663182240274 "experimento_41" 41 5000 1000 0.8 30 0.4 1 0.8
1.00000710786941 29.6867551509444 "experimento_41" 41 5000 1000 0.8 30 0.4 1 0.8
1.00569264390506 31.5250022225769 "experimento_41" 41 5000 1000 0.8 30 0.4 1 0.8
1.00006473161182 30.9140186934223 "experimento_41" 41 5000 1000 0.8 30 0.4 1 0.8
0.999739245977253 31.7482673781833 "experimento_41" 41 5000 1000 0.8 30 0.4 1 0.8
1.00003913673572 29.3882484924783 "experimento_41" 41 5000 1000 0.8 30 0.4 1 0.8
1.00776961018952 32.2777869892052 "experimento_41" 41 5000 1000 0.8 30 0.4 1 0.8
1.00173633570472 31.5111468033684 "experimento_41" 41 5000 1000 0.8 30 0.4 1 0.8
0.999511769972742 30.2939704538624 "experimento_41" 41 5000 1000 0.8 30 0.4 1 0.8
1.00093001317596 30.7460225484252 "experimento_41" 41 5000 1000 0.8 30 0.4 1 0.8
1.00976593818826 30.5354294788447 "experimento_41" 41 5000 1000 0.8 30 0.4 1 0.8
1.00041462918743 29.9291582321848 "experimento_41" 41 5000 1000 0.8 30 0.4 1 0.8
1.02206696805855 27.8340249690254 "experimento_41" 41 5000 1000 0.8 30 0.4 1 0.8
1.00000778004863 29.4469020031743 "experimento_41" 41 5000 1000 0.8 30 0.4 1 0.8
1.03877248193998 36.3787884759637 "experimento_41" 41 5000 1000 0.8 30 0.4 1 0.8
1.0007359904263 30.4801943684981 "experimento_41" 41 5000 1000 0.8 30 0.4 1 0.8
1.00526544506167 28.6741613473894 "experimento_41" 41 5000 1000 0.8 30 0.4 1 0.8
0.999531188746914 29.1513029956609 "experimento_41" 41 5000 1000 0.8 30 0.4 1 0.8
1.024213910402 30.1080176430523 "experimento_41" 41 5000 1000 0.8 30 0.4 1 0.8
1.00500531803506 31.7628768665567 "experimento_41" 41 5000 1000 0.8 30 0.4 1 0.8
1.00122901809712 30.2369475019125 "experimento_41" 41 5000 1000 0.8 30 0.4 1 0.8
1.0063182965699 28.3465126394417 "experimento_41" 41 5000 1000 0.8 30 0.4 1 0.8
1.00300544775504 31.7278833805324 "experimento_41" 41 5000 1000 0.8 30 0.4 1 0.8
1.00156689726625 30.2214714127955 "experimento_41" 41 5000 1000 0.8 30 0.4 1 0.8
1.00203135226232 28.9934381685625 "experimento_41" 41 5000 1000 0.8 30 0.4 1 0.8
0.999754804419354 29.5953794975106 "experimento_41" 41 5000 1000 0.8 30 0.4 1 0.8
0.999169696355239 30.9650804605758 "experimento_41" 41 5000 1000 0.8 30 0.4 1 0.8
1.00014444763462 30.7027654906048 "experimento_41" 41 5000 1000 0.8 30 0.4 1 0.8
1.00368305455583 29.6215974251743 "experimento_41" 41 5000 1000 0.8 30 0.4 1 0.8
1.00259413012321 29.7602950525799 "experimento_41" 41 5000 1000 0.8 30 0.4 1 0.8
1.00027907971914 32.0492176690441 "experimento_41" 41 5000 1000 0.8 30 0.4 1 0.8
1.00446528211274 30.3002867482256 "experimento_41" 41 5000 1000 0.8 30 0.4 1 0.8
1.00004719978765 30.9821853630012 "experimento_41" 41 5000 1000 0.8 30 0.4 1 0.8
1.00849611787125 28.2344371921815 "experimento_41" 41 5000 1000 0.8 30 0.4 1 0.8
1.00549429547045 30.0339338266914 "experimento_41" 41 5000 1000 0.8 30 0.4 1 0.8
1.00015751025639 31.346022564604 "experimento_41" 41 5000 1000 0.8 30 0.4 1 0.8
1.00193900253313 31.189932412696 "experimento_41" 41 5000 1000 0.8 30 0.4 1 0.8
1.00211880750347 28.6661454759643 "experimento_41" 41 5000 1000 0.8 30 0.4 1 0.8
1.01551671754569 31.2819469184267 "experimento_41" 41 5000 1000 0.8 30 0.4 1 0.8
1.00037126279624 29.9542875658281 "experimento_41" 41 5000 1000 0.8 30 0.4 1 0.8
1.00697527203253 30.3941485869949 "experimento_41" 41 5000 1000 0.8 30 0.4 1 0.8
1.00530673954636 29.0017789977526 "experimento_41" 41 5000 1000 0.8 30 0.4 1 0.8
0.999862969154492 30.1755514274231 "experimento_41" 41 5000 1000 0.8 30 0.4 1 0.8
1.01497786740462 28.7052553389145 "experimento_41" 41 5000 1000 0.8 30 0.4 1 0.8
1.01028481721878 28.9220835825523 "experimento_41" 41 5000 1000 0.8 30 0.4 1 0.8
0.999788971850649 30.780642100543 "experimento_41" 41 5000 1000 0.8 30 0.4 1 0.8
1.00068917319318 30.4652360235534 "experimento_41" 41 5000 1000 0.8 30 0.4 1 0.8
1.00006786378407 30.9387505072858 "experimento_41" 41 5000 1000 0.8 30 0.4 1 0.8
1.01693095103838 29.0760902610951 "experimento_41" 41 5000 1000 0.8 30 0.4 1 0.8
1.00009379299561 30.5296727202058 "experimento_41" 41 5000 1000 0.8 30 0.4 1 0.8
1.00660648735988 30.2154973979085 "experimento_41" 41 5000 1000 0.8 30 0.4 1 0.8
1.00068868816209 30.5261480948281 "experimento_41" 41 5000 1000 0.8 30 0.4 1 0.8
0.999514103867114 29.6454778563523 "experimento_41" 41 5000 1000 0.8 30 0.4 1 0.8
0.999563019489869 32.3015613255285 "experimento_41" 41 5000 1000 0.8 30 0.4 1 0.8
0.999455555342138 30.1665441654045 "experimento_41" 41 5000 1000 0.8 30 0.4 1 0.8
1.00018379359196 31.0781925389011 "experimento_41" 41 5000 1000 0.8 30 0.4 1 0.8
0.999288237188011 29.514460295522 "experimento_41" 41 5000 1000 0.8 30 0.4 1 0.8
1.02587693358321 29.6833628045841 "experimento_41" 41 5000 1000 0.8 30 0.4 1 0.8
0.999652463709936 30.3422552596525 "experimento_41" 41 5000 1000 0.8 30 0.4 1 0.8
1.00487525059531 29.689417369648 "experimento_41" 41 5000 1000 0.8 30 0.4 1 0.8
0.999694890109822 30.0169881913793 "experimento_41" 41 5000 1000 0.8 30 0.4 1 0.8
1.01314439872356 26.6256951476744 "experimento_41" 41 5000 1000 0.8 30 0.4 1 0.8
1.02613003045801 32.2664490407192 "experimento_41" 41 5000 1000 0.8 30 0.4 1 0.8
1.00010750714379 29.5192647045724 "experimento_41" 41 5000 1000 0.8 30 0.4 1 0.8
0.999498788965866 29.320965499925 "experimento_41" 41 5000 1000 0.8 30 0.4 1 0.8
1.00000671786256 31.2231641385321 "experimento_41" 41 5000 1000 0.8 30 0.4 1 0.8
0.999800251796842 30.2915665177728 "experimento_41" 41 5000 1000 0.8 30 0.4 1 0.8
1.00179514313738 29.8119917931682 "experimento_41" 41 5000 1000 0.8 30 0.4 1 0.8
1.00337752885313 32.4991502283549 "experimento_41" 41 5000 1000 0.8 30 0.4 1 0.8
1.00385226969821 29.9835939586303 "experimento_41" 41 5000 1000 0.8 30 0.4 1 0.8
0.999621915630996 29.9435509149475 "experimento_41" 41 5000 1000 0.8 30 0.4 1 0.8
1.00192759974358 31.6725157948725 "experimento_41" 41 5000 1000 0.8 30 0.4 1 0.8
1.01058116229251 31.9382083420946 "experimento_41" 41 5000 1000 0.8 30 0.4 1 0.8
1.00617244285531 28.3222868064464 "experimento_41" 41 5000 1000 0.8 30 0.4 1 0.8
1.00057845014768 30.1530445018982 "experimento_41" 41 5000 1000 0.8 30 0.4 1 0.8
0.999579089228064 28.5287867457919 "experimento_41" 41 5000 1000 0.8 30 0.4 1 0.8
0.999520985875279 27.7370461803653 "experimento_41" 41 5000 1000 0.8 30 0.4 1 0.8
0.999901285162196 30.2301993308925 "experimento_41" 41 5000 1000 0.8 30 0.4 1 0.8
0.9997048152145 31.0596670954535 "experimento_41" 41 5000 1000 0.8 30 0.4 1 0.8
0.999947062227875 30.6770696800136 "experimento_41" 41 5000 1000 0.8 30 0.4 1 0.8
1.00413363177019 30.214257617576 "experimento_41" 41 5000 1000 0.8 30 0.4 1 0.8
1.00003170953132 29.2922359141363 "experimento_41" 41 5000 1000 0.8 30 0.4 1 0.8
1.00602326832401 30.431478349376 "experimento_41" 41 5000 1000 0.8 30 0.4 1 0.8
0.99978936673142 29.0958979533338 "experimento_41" 41 5000 1000 0.8 30 0.4 1 0.8
0.999907265184447 30.3702571498456 "experimento_41" 41 5000 1000 0.8 30 0.4 1 0.8
1.01527943934004 29.7417346866357 "experimento_41" 41 5000 1000 0.8 30 0.4 1 0.8
1.00001655706825 29.7376520098901 "experimento_41" 41 5000 1000 0.8 30 0.4 1 0.8
1.000157756793 30.3868339348081 "experimento_41" 41 5000 1000 0.8 30 0.4 1 0.8
0.999575439374894 29.6388104270971 "experimento_41" 41 5000 1000 0.8 30 0.4 1 0.8
1.00008784045155 29.5491910989406 "experimento_41" 41 5000 1000 0.8 30 0.4 1 0.8
0.999479039106518 31.01811105565 "experimento_41" 41 5000 1000 0.8 30 0.4 1 0.8
1.00027296363183 29.4198162289114 "experimento_41" 41 5000 1000 0.8 30 0.4 1 0.8
1.00393706137935 30.0984281917974 "experimento_41" 41 5000 1000 0.8 30 0.4 1 0.8
1.00013373478575 31.2723855004167 "experimento_41" 41 5000 1000 0.8 30 0.4 1 0.8
0.999531628796831 30.9937080297709 "experimento_41" 41 5000 1000 0.8 30 0.4 1 0.8
0.999623894458637 28.7004669046384 "experimento_41" 41 5000 1000 0.8 30 0.4 1 0.8
1.01164358450393 30.21394401122 "experimento_41" 41 5000 1000 0.8 30 0.4 1 0.8
1.05698660421676 32.625975749011 "experimento_41" 41 5000 1000 0.8 30 0.4 1 0.8
0.999861093703657 29.111040162214 "experimento_41" 41 5000 1000 0.8 30 0.4 1 0.8
1.03058407452438 34.0351665405424 "experimento_41" 41 5000 1000 0.8 30 0.4 1 0.8
1.02866686247149 31.2141350112049 "experimento_41" 41 5000 1000 0.8 30 0.4 1 0.8
0.999969651456922 30.7789587138867 "experimento_41" 41 5000 1000 0.8 30 0.4 1 0.8
1.00659711344792 30.9342656030248 "experimento_41" 41 5000 1000 0.8 30 0.4 1 0.8
1.00810175755372 30.2471198114985 "experimento_41" 41 5000 1000 0.8 30 0.4 1 0.8
1.00133576668445 31.0001146972081 "experimento_41" 41 5000 1000 0.8 30 0.4 1 0.8
1.00006064902991 29.2159781364387 "experimento_41" 41 5000 1000 0.8 30 0.4 1 0.8
1.00596321687723 27.0705876344788 "experimento_41" 41 5000 1000 0.8 30 0.4 1 0.8
0.999523505335674 28.4779525134859 "experimento_41" 41 5000 1000 0.8 30 0.4 1 0.8
0.999649694189429 30.9444052906235 "experimento_41" 41 5000 1000 0.8 30 0.4 1 0.8
1.00867687485491 32.7162937573589 "experimento_41" 41 5000 1000 0.8 30 0.4 1 0.8
0.999570265412331 30.3441113613628 "experimento_41" 41 5000 1000 0.8 30 0.4 1 0.8
1.00888398649792 27.8815943327496 "experimento_41" 41 5000 1000 0.8 30 0.4 1 0.8
1.00252449652753 30.898267790713 "experimento_41" 41 5000 1000 0.8 30 0.4 1 0.8
1.00499969495771 28.7769424734269 "experimento_41" 41 5000 1000 0.8 30 0.4 1 0.8
0.99983866000548 29.9775950325381 "experimento_41" 41 5000 1000 0.8 30 0.4 1 0.8
1.02985690262164 32.1951577656719 "experimento_41" 41 5000 1000 0.8 30 0.4 1 0.8
0.999397923471406 28.6353271510299 "experimento_41" 41 5000 1000 0.8 30 0.4 1 0.8
1.00106935417449 28.9138537748521 "experimento_41" 41 5000 1000 0.8 30 0.4 1 0.8
1.00007934449241 28.8160311680626 "experimento_41" 41 5000 1000 0.8 30 0.4 1 0.8
1.01365376353885 28.6993655439758 "experimento_41" 41 5000 1000 0.8 30 0.4 1 0.8
1.00475446142567 31.5534364783285 "experimento_41" 41 5000 1000 0.8 30 0.4 1 0.8
1.00089638593296 29.8788161172324 "experimento_41" 41 5000 1000 0.8 30 0.4 1 0.8
1.01153161199947 31.9150379074387 "experimento_41" 41 5000 1000 0.8 30 0.4 1 0.8
0.999594149878249 30.0969457096168 "experimento_41" 41 5000 1000 0.8 30 0.4 1 0.8
1.04111897346113 28.2041406439474 "experimento_41" 41 5000 1000 0.8 30 0.4 1 0.8
1.00125249303726 31.0961806520661 "experimento_41" 41 5000 1000 0.8 30 0.4 1 0.8
0.99967664340511 29.6088016985658 "experimento_41" 41 5000 1000 0.8 30 0.4 1 0.8
0.999775012023747 28.171654610689 "experimento_41" 41 5000 1000 0.8 30 0.4 1 0.8
1.00146737013801 29.2577238052536 "experimento_41" 41 5000 1000 0.8 30 0.4 1 0.8
1.00007892753929 31.4471267924282 "experimento_41" 41 5000 1000 0.8 30 0.4 1 0.8
1.01514095854565 30.5733681631741 "experimento_41" 41 5000 1000 0.8 30 0.4 1 0.8
0.999036985682324 28.322501517303 "experimento_41" 41 5000 1000 0.8 30 0.4 1 0.8
0.999391336226836 28.1021268393347 "experimento_41" 41 5000 1000 0.8 30 0.4 1 0.8
0.99944790196605 29.8180822023835 "experimento_41" 41 5000 1000 0.8 30 0.4 1 0.8
1.00728592462838 29.6903459902627 "experimento_41" 41 5000 1000 0.8 30 0.4 1 0.8
1.00076399473473 30.1220338443807 "experimento_41" 41 5000 1000 0.8 30 0.4 1 0.8
1.00473144723413 29.7094007153367 "experimento_41" 41 5000 1000 0.8 30 0.4 1 0.8
1.00057613921041 31.8253567999142 "experimento_41" 41 5000 1000 0.8 30 0.4 1 0.8
1.00380074197635 31.7458814817825 "experimento_41" 41 5000 1000 0.8 30 0.4 1 0.8
1.00055509621014 29.7913227012453 "experimento_41" 41 5000 1000 0.8 30 0.4 1 0.8
1.000062728377 28.8219342529171 "experimento_41" 41 5000 1000 0.8 30 0.4 1 0.8
0.999589948914945 28.1193567450592 "experimento_41" 41 5000 1000 0.8 30 0.4 1 0.8
1.00049670922693 31.5007831478516 "experimento_41" 41 5000 1000 0.8 30 0.4 1 0.8
1.00121426303513 29.2462751278913 "experimento_41" 41 5000 1000 0.8 30 0.4 1 0.8
1.00750713204543 27.9609374800625 "experimento_41" 41 5000 1000 0.8 30 0.4 1 0.8
0.999634207691997 30.0650461442357 "experimento_41" 41 5000 1000 0.8 30 0.4 1 0.8
1.0004279226996 31.0348729061012 "experimento_41" 41 5000 1000 0.8 30 0.4 1 0.8
1.00680070735001 29.7227635955724 "experimento_41" 41 5000 1000 0.8 30 0.4 1 0.8
1.00414654382763 31.0410071572513 "experimento_41" 41 5000 1000 0.8 30 0.4 1 0.8
1.00663328690765 29.1418802820493 "experimento_41" 41 5000 1000 0.8 30 0.4 1 0.8
1.00014078028106 32.0211285851051 "experimento_41" 41 5000 1000 0.8 30 0.4 1 0.8
0.999524925369769 30.4579425713411 "experimento_41" 41 5000 1000 0.8 30 0.4 1 0.8
1.02766250775441 27.5848743643013 "experimento_41" 41 5000 1000 0.8 30 0.4 1 0.8
1.02369300375242 31.8194657303863 "experimento_41" 41 5000 1000 0.8 30 0.4 1 0.8
0.999691810226068 28.0663179311518 "experimento_41" 41 5000 1000 0.8 30 0.4 1 0.8
1.0013786343042 30.2626397148157 "experimento_41" 41 5000 1000 0.8 30 0.4 1 0.8
0.999448491260409 31.3941743736487 "experimento_41" 41 5000 1000 0.8 30 0.4 1 0.8
1.03172714569114 31.1353254611731 "experimento_41" 41 5000 1000 0.8 30 0.4 1 0.8
1.01521229969027 32.5386364408099 "experimento_41" 41 5000 1000 0.8 30 0.4 1 0.8
1.00028667704513 28.8198753987366 "experimento_41" 41 5000 1000 0.8 30 0.4 1 0.8
1.00358805693686 30.0445567097469 "experimento_41" 41 5000 1000 0.8 30 0.4 1 0.8
0.999845999758691 30.0227248858318 "experimento_41" 41 5000 1000 0.8 30 0.4 1 0.8
0.999855387257412 29.7220338704323 "experimento_41" 41 5000 1000 0.8 30 0.4 1 0.8
1.00005266922526 31.9970771285034 "experimento_41" 41 5000 1000 0.8 30 0.4 1 0.8
1.00413999380544 29.9495137514316 "experimento_41" 41 5000 1000 0.8 30 0.4 1 0.8
1.00039629048357 28.8542525087829 "experimento_41" 41 5000 1000 0.8 30 0.4 1 0.8
1.00097682929287 28.5326774609925 "experimento_41" 41 5000 1000 0.8 30 0.4 1 0.8
1.00783904544078 29.309582265008 "experimento_41" 41 5000 1000 0.8 30 0.4 1 0.8
1.01413364680965 31.631837178358 "experimento_41" 41 5000 1000 0.8 30 0.4 1 0.8
1.00633210645368 30.1457899758419 "experimento_41" 41 5000 1000 0.8 30 0.4 1 0.8
1.006269463369 30.0233888795567 "experimento_41" 41 5000 1000 0.8 30 0.4 1 0.8
1.00090836101903 29.2417620090131 "experimento_41" 41 5000 1000 0.8 30 0.4 1 0.8
1.00128009187368 29.6137692207389 "experimento_41" 41 5000 1000 0.8 30 0.4 1 0.8
1.00099514843896 30.8772823408725 "experimento_41" 41 5000 1000 0.8 30 0.4 1 0.8
1.00258437260054 31.0027118601599 "experimento_41" 41 5000 1000 0.8 30 0.4 1 0.8
0.999709962168708 29.0893463111969 "experimento_41" 41 5000 1000 0.8 30 0.4 1 0.8
1.02403504891662 30.747344206909 "experimento_41" 41 5000 1000 0.8 30 0.4 1 0.8
1.00330463888434 28.1903827480378 "experimento_41" 41 5000 1000 0.8 30 0.4 1 0.8
1.02125919712707 29.712070403416 "experimento_41" 41 5000 1000 0.8 30 0.4 1 0.8
0.999813723610714 29.8976669284218 "experimento_41" 41 5000 1000 0.8 30 0.4 1 0.8
1.00477851436784 29.9120830132323 "experimento_41" 41 5000 1000 0.8 30 0.4 1 0.8
0.999359609559178 30.197938877396 "experimento_41" 41 5000 1000 0.8 30 0.4 1 0.8
1.00008423326392 28.4403413861964 "experimento_41" 41 5000 1000 0.8 30 0.4 1 0.8
0.999942933674902 31.2933788065932 "experimento_41" 41 5000 1000 0.8 30 0.4 1 0.8
0.999713503057137 29.914171711744 "experimento_41" 41 5000 1000 0.8 30 0.4 1 0.8
0.999792633345351 29.1946764896265 "experimento_41" 41 5000 1000 0.8 30 0.4 1 0.8
1.0007769875888 28.5729410462956 "experimento_41" 41 5000 1000 0.8 30 0.4 1 0.8
0.999559283256531 31.3181338945897 "experimento_41" 41 5000 1000 0.8 30 0.4 1 0.8
1.0010577061092 30.5328007473777 "experimento_41" 41 5000 1000 0.8 30 0.4 1 0.8
1.00049016281652 29.3607577376409 "experimento_41" 41 5000 1000 0.8 30 0.4 1 0.8
1.01260311361784 28.815771130381 "experimento_41" 41 5000 1000 0.8 30 0.4 1 0.8
1.00024782634092 29.063111349861 "experimento_41" 41 5000 1000 0.8 30 0.4 1 0.8
1.00045297435699 29.0285284291582 "experimento_41" 41 5000 1000 0.8 30 0.4 1 0.8
0.999474953627214 29.6919559022796 "experimento_41" 41 5000 1000 0.8 30 0.4 1 0.8
1.0000217933696 31.8026628062176 "experimento_41" 41 5000 1000 0.8 30 0.4 1 0.8
1.00928978362552 29.7335446980602 "experimento_41" 41 5000 1000 0.8 30 0.4 1 0.8
0.99907401483506 29.9356166784669 "experimento_41" 41 5000 1000 0.8 30 0.4 1 0.8
1.00205813646317 30.2145433464702 "experimento_41" 41 5000 1000 0.8 30 0.4 1 0.8
1.00000053057447 29.1322760703721 "experimento_41" 41 5000 1000 0.8 30 0.4 1 0.8
1.01905029780852 30.8300359395792 "experimento_41" 41 5000 1000 0.8 30 0.4 1 0.8
1.00200905590037 29.2094198378969 "experimento_41" 41 5000 1000 0.8 30 0.4 1 0.8
1.00000535122429 30.865284492247 "experimento_41" 41 5000 1000 0.8 30 0.4 1 0.8
1.00062943037289 31.40549194322 "experimento_41" 41 5000 1000 0.8 30 0.4 1 0.8
1.01463587508484 28.248254541963 "experimento_41" 41 5000 1000 0.8 30 0.4 1 0.8
1.00014421017802 28.3712122908771 "experimento_41" 41 5000 1000 0.8 30 0.4 1 0.8
1.00000630314462 30.6713000793872 "experimento_41" 41 5000 1000 0.8 30 0.4 1 0.8
1.01785187659164 30.7958860057449 "experimento_41" 41 5000 1000 0.8 30 0.4 1 0.8
0.999178439378738 29.893462408417 "experimento_41" 41 5000 1000 0.8 30 0.4 1 0.8
1.02059659375809 28.4544411007599 "experimento_41" 41 5000 1000 0.8 30 0.4 1 0.8
1.00788511851735 29.7862189257022 "experimento_41" 41 5000 1000 0.8 30 0.4 1 0.8
0.999453376512975 30.0776564128704 "experimento_41" 41 5000 1000 0.8 30 0.4 1 0.8
1.00000735067068 31.4300760938609 "experimento_41" 41 5000 1000 0.8 30 0.4 1 0.8
1.00039028888568 30.9460400927784 "experimento_41" 41 5000 1000 0.8 30 0.4 1 0.8
0.999607349513099 29.1811852834126 "experimento_41" 41 5000 1000 0.8 30 0.4 1 0.8
0.999391939491034 28.1502503606393 "experimento_41" 41 5000 1000 0.8 30 0.4 1 0.8
1.00000499288241 28.4619654153906 "experimento_41" 41 5000 1000 0.8 30 0.4 1 0.8
0.999218820594251 28.5320635165295 "experimento_41" 41 5000 1000 0.8 30 0.4 1 0.8
1.00041376139658 28.2549324691047 "experimento_41" 41 5000 1000 0.8 30 0.4 1 0.8
1.0001049004504 30.163284194147 "experimento_41" 41 5000 1000 0.8 30 0.4 1 0.8
1.00235736879259 28.714706569334 "experimento_41" 41 5000 1000 0.8 30 0.4 1 0.8
1.00162920945634 30.7107784018296 "experimento_41" 41 5000 1000 0.8 30 0.4 1 0.8
1.0315650886842 25.5407308950078 "experimento_41" 41 5000 1000 0.8 30 0.4 1 0.8
1.00759970674602 32.9306060743675 "experimento_41" 41 5000 1000 0.8 30 0.4 1 0.8
1.00000032667197 30.7749512714263 "experimento_41" 41 5000 1000 0.8 30 0.4 1 0.8
0.999344526790082 28.6971118310587 "experimento_41" 41 5000 1000 0.8 30 0.4 1 0.8
1.01455736968977 31.3276467660526 "experimento_41" 41 5000 1000 0.8 30 0.4 1 0.8
0.999560475815088 30.3259723207908 "experimento_41" 41 5000 1000 0.8 30 0.4 1 0.8
1.0151974722743 29.7016444486551 "experimento_41" 41 5000 1000 0.8 30 0.4 1 0.8
1.01370887439196 31.6857195239399 "experimento_41" 41 5000 1000 0.8 30 0.4 1 0.8
0.999650657875463 30.4210965412283 "experimento_41" 41 5000 1000 0.8 30 0.4 1 0.8
1.00959019547639 29.454309811411 "experimento_41" 41 5000 1000 0.8 30 0.4 1 0.8
0.999032311839983 27.066173787227 "experimento_41" 41 5000 1000 0.8 30 0.4 1 0.8
1.00275474057222 28.7722862869843 "experimento_41" 41 5000 1000 0.8 30 0.4 1 0.8
1.00005006047653 30.956554286369 "experimento_41" 41 5000 1000 0.8 30 0.4 1 0.8
1.01058755739988 32.1547350395259 "experimento_41" 41 5000 1000 0.8 30 0.4 1 0.8
1.00315053880525 32.010160651688 "experimento_41" 41 5000 1000 0.8 30 0.4 1 0.8
1.00002323635325 29.8213351878481 "experimento_41" 41 5000 1000 0.8 30 0.4 1 0.8
1.01056041216167 29.5782504252116 "experimento_41" 41 5000 1000 0.8 30 0.4 1 0.8
1.02946240208424 30.6454313372014 "experimento_41" 41 5000 1000 0.8 30 0.4 1 0.8
1.00135228741517 30.5628891077333 "experimento_41" 41 5000 1000 0.8 30 0.4 1 0.8
0.999605388846248 30.2955642048433 "experimento_41" 41 5000 1000 0.8 30 0.4 1 0.8
1.03542470664403 28.4933415136118 "experimento_41" 41 5000 1000 0.8 30 0.4 1 0.8
1.00650147243092 30.274077894693 "experimento_41" 41 5000 1000 0.8 30 0.4 1 0.8
1.00004869628148 29.8108745583688 "experimento_41" 41 5000 1000 0.8 30 0.4 1 0.8
1.0000353192621 30.902378154955 "experimento_41" 41 5000 1000 0.8 30 0.4 1 0.8
1.00604647105299 29.4765933888526 "experimento_41" 41 5000 1000 0.8 30 0.4 1 0.8
1.00002614328017 29.4308967985009 "experimento_41" 41 5000 1000 0.8 30 0.4 1 0.8
1.00239568379087 28.8515828660147 "experimento_41" 41 5000 1000 0.8 30 0.4 1 0.8
1.01609294394342 27.7466698023394 "experimento_41" 41 5000 1000 0.8 30 0.4 1 0.8
0.999475572491065 30.0987766084447 "experimento_41" 41 5000 1000 0.8 30 0.4 1 0.8
1.0053793862267 33.5664640092361 "experimento_41" 41 5000 1000 0.8 30 0.4 1 0.8
1.01112026353367 28.5071323794611 "experimento_41" 41 5000 1000 0.8 30 0.4 1 0.8
0.999776334967464 29.492040754978 "experimento_41" 41 5000 1000 0.8 30 0.4 1 0.8
1.0019076097969 31.8642549227753 "experimento_41" 41 5000 1000 0.8 30 0.4 1 0.8
0.999311313498765 28.7754884239505 "experimento_41" 41 5000 1000 0.8 30 0.4 1 0.8
0.999709159368649 30.1459979826094 "experimento_41" 41 5000 1000 0.8 30 0.4 1 0.8
1.00046524022905 30.8485490890004 "experimento_41" 41 5000 1000 0.8 30 0.4 1 0.8
0.999917288310826 29.7325197768322 "experimento_41" 41 5000 1000 0.8 30 0.4 1 0.8
1.00166540256081 30.677559150924 "experimento_41" 41 5000 1000 0.8 30 0.4 1 0.8
1.00131803802215 30.6115260474999 "experimento_41" 41 5000 1000 0.8 30 0.4 1 0.8
1.00070041518464 29.4657647660014 "experimento_41" 41 5000 1000 0.8 30 0.4 1 0.8
1.00781718685976 29.3893567943713 "experimento_41" 41 5000 1000 0.8 30 0.4 1 0.8
0.999811847694218 29.2373153057491 "experimento_41" 41 5000 1000 0.8 30 0.4 1 0.8
1.00011563051182 30.8783792242683 "experimento_41" 41 5000 1000 0.8 30 0.4 1 0.8
1.00190255935304 32.0372104280896 "experimento_41" 41 5000 1000 0.8 30 0.4 1 0.8
1.00008966035987 29.4673565423445 "experimento_41" 41 5000 1000 0.8 30 0.4 1 0.8
1.00002652190936 30.6021900022404 "experimento_41" 41 5000 1000 0.8 30 0.4 1 0.8
1.00877097398155 30.7534812839748 "experimento_41" 41 5000 1000 0.8 30 0.4 1 0.8
1.02309921549944 27.2115864327543 "experimento_41" 41 5000 1000 0.8 30 0.4 1 0.8
1.00369526854095 28.6074125320206 "experimento_41" 41 5000 1000 0.8 30 0.4 1 0.8
1.00265572944981 30.0722293033553 "experimento_41" 41 5000 1000 0.8 30 0.4 1 0.8
1.00382991687705 29.8644589710106 "experimento_41" 41 5000 1000 0.8 30 0.4 1 0.8
1.00002030025411 30.6913805327249 "experimento_41" 41 5000 1000 0.8 30 0.4 1 0.8
0.999147782567888 30.1253448423508 "experimento_41" 41 5000 1000 0.8 30 0.4 1 0.8
1.00420216398938 30.7407027329696 "experimento_41" 41 5000 1000 0.8 30 0.4 1 0.8
1.00015016673808 28.7403896760403 "experimento_41" 41 5000 1000 0.8 30 0.4 1 0.8
1.05438672204532 25.4854090709946 "experimento_41" 41 5000 1000 0.8 30 0.4 1 0.8
1.00600934217613 29.2251388341124 "experimento_41" 41 5000 1000 0.8 30 0.4 1 0.8
0.999850691528991 30.6564319242705 "experimento_41" 41 5000 1000 0.8 30 0.4 1 0.8
1.00022131967985 29.6810824318955 "experimento_41" 41 5000 1000 0.8 30 0.4 1 0.8
1.00806894792865 30.7561066730601 "experimento_41" 41 5000 1000 0.8 30 0.4 1 0.8
1.00251551683371 29.5938901098588 "experimento_41" 41 5000 1000 0.8 30 0.4 1 0.8
1.00376476834839 29.4591457628365 "experimento_41" 41 5000 1000 0.8 30 0.4 1 0.8
1.00020417703778 29.9974047605231 "experimento_41" 41 5000 1000 0.8 30 0.4 1 0.8
1.00008606370285 31.0783632265836 "experimento_41" 41 5000 1000 0.8 30 0.4 1 0.8
1.00627337684855 29.6272670174804 "experimento_41" 41 5000 1000 0.8 30 0.4 1 0.8
1.00008103349246 30.1265377464602 "experimento_41" 41 5000 1000 0.8 30 0.4 1 0.8
1.00001145333168 30.7334432877281 "experimento_41" 41 5000 1000 0.8 30 0.4 1 0.8
0.999610322527587 30.5365377464463 "experimento_41" 41 5000 1000 0.8 30 0.4 1 0.8
1.00008665714571 31.1986779662688 "experimento_41" 41 5000 1000 0.8 30 0.4 1 0.8
1.00060640253744 30.4948697732433 "experimento_41" 41 5000 1000 0.8 30 0.4 1 0.8
0.999087196076289 29.9198769248002 "experimento_41" 41 5000 1000 0.8 30 0.4 1 0.8
1.0003653897283 31.3816751554999 "experimento_41" 41 5000 1000 0.8 30 0.4 1 0.8
1.00002404735424 29.638231881868 "experimento_41" 41 5000 1000 0.8 30 0.4 1 0.8
1.00204012874428 30.0907912584106 "experimento_41" 41 5000 1000 0.8 30 0.4 1 0.8
1.00855395944479 32.5820941196816 "experimento_41" 41 5000 1000 0.8 30 0.4 1 0.8
1.02890327417447 33.3875187367855 "experimento_41" 41 5000 1000 0.8 30 0.4 1 0.8
0.998954413691536 30.3109193331617 "experimento_41" 41 5000 1000 0.8 30 0.4 1 0.8
1.00084762549959 29.4036174141577 "experimento_41" 41 5000 1000 0.8 30 0.4 1 0.8
1.000003012456 30.0427782639049 "experimento_41" 41 5000 1000 0.8 30 0.4 1 0.8
0.999994953162968 30.0534723531092 "experimento_41" 41 5000 1000 0.8 30 0.4 1 0.8
0.99998407298699 31.4983696898385 "experimento_41" 41 5000 1000 0.8 30 0.4 1 0.8
0.999759135069326 31.3389764280875 "experimento_41" 41 5000 1000 0.8 30 0.4 1 0.8
1.00010146812225 29.5458521322639 "experimento_41" 41 5000 1000 0.8 30 0.4 1 0.8
0.999628577847034 30.4200626604153 "experimento_41" 41 5000 1000 0.8 30 0.4 1 0.8
1.04445640661924 29.1512364972793 "experimento_41" 41 5000 1000 0.8 30 0.4 1 0.8
1.00000221296214 30.3945724850935 "experimento_41" 41 5000 1000 0.8 30 0.4 1 0.8
1.00005129876857 28.7196085210229 "experimento_41" 41 5000 1000 0.8 30 0.4 1 0.8
1.0006480972905 29.7989461321607 "experimento_41" 41 5000 1000 0.8 30 0.4 1 0.8
1.0174531455307 29.0489145084312 "experimento_41" 41 5000 1000 0.8 30 0.4 1 0.8
1.00573549343583 31.8638445991466 "experimento_41" 41 5000 1000 0.8 30 0.4 1 0.8
0.999242648016661 30.0832287847943 "experimento_41" 41 5000 1000 0.8 30 0.4 1 0.8
1.00282753698864 30.2095002465033 "experimento_41" 41 5000 1000 0.8 30 0.4 1 0.8
1.00104809204737 31.4145194299543 "experimento_41" 41 5000 1000 0.8 30 0.4 1 0.8
1.00374510592471 30.1599044133939 "experimento_41" 41 5000 1000 0.8 30 0.4 1 0.8
1.02065499384577 26.5864505631818 "experimento_41" 41 5000 1000 0.8 30 0.4 1 0.8
0.999941866146401 28.7380757374066 "experimento_41" 41 5000 1000 0.8 30 0.4 1 0.8
1.00048069654343 30.0448247112616 "experimento_41" 41 5000 1000 0.8 30 0.4 1 0.8
1.00001748894962 31.0163637224864 "experimento_41" 41 5000 1000 0.8 30 0.4 1 0.8
1.00245336339319 29.2158042414483 "experimento_41" 41 5000 1000 0.8 30 0.4 1 0.8
1.03642611208542 32.5620898638679 "experimento_41" 41 5000 1000 0.8 30 0.4 1 0.8
1.00000181327284 29.7905204370057 "experimento_41" 41 5000 1000 0.8 30 0.4 1 0.8
0.999936129199341 30.3679221537034 "experimento_41" 41 5000 1000 0.8 30 0.4 1 0.8
0.999361173249781 29.1268960475468 "experimento_41" 41 5000 1000 0.8 30 0.4 1 0.8
1.00030182107764 30.6764228387582 "experimento_41" 41 5000 1000 0.8 30 0.4 1 0.8
1.00568954514569 28.8476452548292 "experimento_41" 41 5000 1000 0.8 30 0.4 1 0.8
1.00710651026441 32.6418080793709 "experimento_41" 41 5000 1000 0.8 30 0.4 1 0.8
1.02984654347583 29.9370691903221 "experimento_41" 41 5000 1000 0.8 30 0.4 1 0.8
0.999627483077347 30.3611030114392 "experimento_41" 41 5000 1000 0.8 30 0.4 1 0.8
1.01987795932218 30.586059677689 "experimento_41" 41 5000 1000 0.8 30 0.4 1 0.8
0.99944078642875 28.3268279324326 "experimento_41" 41 5000 1000 0.8 30 0.4 1 0.8
1.03883715572937 34.4111660517076 "experimento_41" 41 5000 1000 0.8 30 0.4 1 0.8
1.00164603203745 30.3319662274358 "experimento_41" 41 5000 1000 0.8 30 0.4 1 0.8
1.00023106488698 31.3227959302774 "experimento_41" 41 5000 1000 0.8 30 0.4 1 0.8
1.00430602448516 28.3046047906289 "experimento_41" 41 5000 1000 0.8 30 0.4 1 0.8
1.00411016941071 27.8743204828568 "experimento_41" 41 5000 1000 0.8 30 0.4 1 0.8
0.999332587234676 29.1886166943619 "experimento_41" 41 5000 1000 0.8 30 0.4 1 0.8
0.999332320177928 28.926396172221 "experimento_41" 41 5000 1000 0.8 30 0.4 1 0.8
1.00071904032181 29.6832197816428 "experimento_41" 41 5000 1000 0.8 30 0.4 1 0.8
0.999233892653137 28.7865562736364 "experimento_41" 41 5000 1000 0.8 30 0.4 1 0.8
0.999816356226802 29.6825124335248 "experimento_41" 41 5000 1000 0.8 30 0.4 1 0.8
1.00011107845542 30.2075287042042 "experimento_41" 41 5000 1000 0.8 30 0.4 1 0.8
0.99955372326076 27.6536224766143 "experimento_41" 41 5000 1000 0.8 30 0.4 1 0.8
1.01959493157881 33.8393877692702 "experimento_41" 41 5000 1000 0.8 30 0.4 1 0.8
1.00226975078695 31.1100114986689 "experimento_41" 41 5000 1000 0.8 30 0.4 1 0.8
1.00568327051587 30.0454275437236 "experimento_41" 41 5000 1000 0.8 30 0.4 1 0.8
1.00089241969399 29.6054692578157 "experimento_41" 41 5000 1000 0.8 30 0.4 1 0.8
0.999575592810288 31.0483760698283 "experimento_41" 41 5000 1000 0.8 30 0.4 1 0.8
0.999462287174538 29.9561404739664 "experimento_41" 41 5000 1000 0.8 30 0.4 1 0.8
1.00116780056588 29.5272043492766 "experimento_41" 41 5000 1000 0.8 30 0.4 1 0.8
1.00119587862864 31.750864470672 "experimento_41" 41 5000 1000 0.8 30 0.4 1 0.8
0.999580359784886 29.905018759556 "experimento_41" 41 5000 1000 0.8 30 0.4 1 0.8
1.01528499831135 28.870552468137 "experimento_41" 41 5000 1000 0.8 30 0.4 1 0.8
0.999934548977762 30.6716706398527 "experimento_41" 41 5000 1000 0.8 30 0.4 1 0.8
0.999557992443442 31.7923513182092 "experimento_41" 41 5000 1000 0.8 30 0.4 1 0.8
1.0006517061498 28.5465281596307 "experimento_41" 41 5000 1000 0.8 30 0.4 1 0.8
1.02091333785405 30.9695297072054 "experimento_41" 41 5000 1000 0.8 30 0.4 1 0.8
1.0000781065474 29.0303354546325 "experimento_41" 41 5000 1000 0.8 30 0.4 1 0.8
1.00611287412855 30.6689684988275 "experimento_41" 41 5000 1000 0.8 30 0.4 1 0.8
1.00203964504921 30.3589372543516 "experimento_41" 41 5000 1000 0.8 30 0.4 1 0.8
1.00002841285454 29.9744856822538 "experimento_41" 41 5000 1000 0.8 30 0.4 1 0.8
1.00031383219666 30.7243427541869 "experimento_41" 41 5000 1000 0.8 30 0.4 1 0.8
1.0014865989952 29.9998191261074 "experimento_41" 41 5000 1000 0.8 30 0.4 1 0.8
0.999313103733584 29.6454279796725 "experimento_41" 41 5000 1000 0.8 30 0.4 1 0.8
1.00694586386283 31.2925665659601 "experimento_41" 41 5000 1000 0.8 30 0.4 1 0.8
1.0000113985346 29.4573173013026 "experimento_41" 41 5000 1000 0.8 30 0.4 1 0.8
1.03471414244904 28.4061000189817 "experimento_41" 41 5000 1000 0.8 30 0.4 1 0.8
1.00001926016994 30.4523764593183 "experimento_41" 41 5000 1000 0.8 30 0.4 1 0.8
1.01201155041344 30.5993317487249 "experimento_41" 41 5000 1000 0.8 30 0.4 1 0.8
0.999854727182537 29.8958048165128 "experimento_41" 41 5000 1000 0.8 30 0.4 1 0.8
1.00183125518302 28.7499758362476 "experimento_41" 41 5000 1000 0.8 30 0.4 1 0.8
1.03969193032492 26.4645307360885 "experimento_41" 41 5000 1000 0.8 30 0.4 1 0.8
0.999793864553794 29.8961542170533 "experimento_41" 41 5000 1000 0.8 30 0.4 1 0.8
1.01771469404921 27.647985509068 "experimento_41" 41 5000 1000 0.8 30 0.4 1 0.8
0.999432013137266 30.7577066375516 "experimento_41" 41 5000 1000 0.8 30 0.4 1 0.8
1.00001938535521 28.8386185877024 "experimento_41" 41 5000 1000 0.8 30 0.4 1 0.8
1.00022521703646 29.4218334212702 "experimento_41" 41 5000 1000 0.8 30 0.4 1 0.8
1.02466166841968 27.7744268337748 "experimento_41" 41 5000 1000 0.8 30 0.4 1 0.8
1.03255190547649 26.2152464455548 "experimento_41" 41 5000 1000 0.8 30 0.4 1 0.8
1.03900937240622 29.1632935853945 "experimento_41" 41 5000 1000 0.8 30 0.4 1 0.8
1.00023677237479 30.8181382942183 "experimento_41" 41 5000 1000 0.8 30 0.4 1 0.8
1.00001373966224 29.3984913687787 "experimento_41" 41 5000 1000 0.8 30 0.4 1 0.8
1.00006125568221 29.8340808847037 "experimento_41" 41 5000 1000 0.8 30 0.4 1 0.8
0.999628961551934 30.0216650097065 "experimento_41" 41 5000 1000 0.8 30 0.4 1 0.8
1.00030728275858 29.7888696582683 "experimento_41" 41 5000 1000 0.8 30 0.4 1 0.8
1.0008529437085 29.6065167554606 "experimento_41" 41 5000 1000 0.8 30 0.4 1 0.8
1.00031132063928 28.8459831764401 "experimento_41" 41 5000 1000 0.8 30 0.4 1 0.8
1.01632484663278 28.543512727711 "experimento_41" 41 5000 1000 0.8 30 0.4 1 0.8
1.00200756933715 31.7175106065222 "experimento_41" 41 5000 1000 0.8 30 0.4 1 0.8
0.999648199416697 32.0323666464559 "experimento_41" 41 5000 1000 0.8 30 0.4 1 0.8
1.00016885293949 29.5121420169859 "experimento_41" 41 5000 1000 0.8 30 0.4 1 0.8
1.00010961816923 29.641158330739 "experimento_41" 41 5000 1000 0.8 30 0.4 1 0.8
1.00019716213048 29.4013940319676 "experimento_41" 41 5000 1000 0.8 30 0.4 1 0.8
1.02196286412266 32.3335496837428 "experimento_41" 41 5000 1000 0.8 30 0.4 1 0.8
1.0051675919679 31.6022529086496 "experimento_41" 41 5000 1000 0.8 30 0.4 1 0.8
1.00608051015685 29.0266575721655 "experimento_41" 41 5000 1000 0.8 30 0.4 1 0.8
1.00812779481351 30.4485355388145 "experimento_41" 41 5000 1000 0.8 30 0.4 1 0.8
1.00124635895093 30.2399504341579 "experimento_41" 41 5000 1000 0.8 30 0.4 1 0.8
1.00572862389187 29.5547422834799 "experimento_41" 41 5000 1000 0.8 30 0.4 1 0.8
1.00175589448772 28.7223609493739 "experimento_41" 41 5000 1000 0.8 30 0.4 1 0.8
1.01985467164777 29.0338402085093 "experimento_41" 41 5000 1000 0.8 30 0.4 1 0.8
1.00001954702844 29.6484098641959 "experimento_41" 41 5000 1000 0.8 30 0.4 1 0.8
1.00003864636162 30.1339817920066 "experimento_41" 41 5000 1000 0.8 30 0.4 1 0.8
0.998853199882433 28.8896459654887 "experimento_41" 41 5000 1000 0.8 30 0.4 1 0.8
1.00120890129668 29.9103983370614 "experimento_41" 41 5000 1000 0.8 30 0.4 1 0.8
1.01993093720327 30.6364441111077 "experimento_41" 41 5000 1000 0.8 30 0.4 1 0.8
1.00798229812644 29.9442624990841 "experimento_41" 41 5000 1000 0.8 30 0.4 1 0.8
0.999095291364938 30.5062664839272 "experimento_41" 41 5000 1000 0.8 30 0.4 1 0.8
0.9996482944116 30.0568955921942 "experimento_41" 41 5000 1000 0.8 30 0.4 1 0.8
0.999915779568255 29.6450800665006 "experimento_41" 41 5000 1000 0.8 30 0.4 1 0.8
1.00029047585299 30.525319269256 "experimento_41" 41 5000 1000 0.8 30 0.4 1 0.8
1.00001265942234 30.6900672097869 "experimento_41" 41 5000 1000 0.8 30 0.4 1 0.8
1.00529662912401 30.0742623092024 "experimento_41" 41 5000 1000 0.8 30 0.4 1 0.8
1.00061654443112 29.6934338285797 "experimento_41" 41 5000 1000 0.8 30 0.4 1 0.8
0.999934914987534 30.2329992446439 "experimento_41" 41 5000 1000 0.8 30 0.4 1 0.8
0.999050460522994 29.4281746516007 "experimento_41" 41 5000 1000 0.8 30 0.4 1 0.8
0.999965716153383 29.0295143786903 "experimento_41" 41 5000 1000 0.8 30 0.4 1 0.8
1.0244772649977 33.9123568476714 "experimento_41" 41 5000 1000 0.8 30 0.4 1 0.8
1.0035657753547 30.0069274041676 "experimento_41" 41 5000 1000 0.8 30 0.4 1 0.8
1.00009648910103 28.9506539379971 "experimento_41" 41 5000 1000 0.8 30 0.4 1 0.8
1.00016813143691 30.0288396425092 "experimento_41" 41 5000 1000 0.8 30 0.4 1 0.8
1.03581748415266 31.6640224975703 "experimento_41" 41 5000 1000 0.8 30 0.4 1 0.8
0.999153594952077 28.3977406320191 "experimento_41" 41 5000 1000 0.8 30 0.4 1 0.8
1.00100513001375 28.7825393260749 "experimento_41" 41 5000 1000 0.8 30 0.4 1 0.8
1.00013493931231 32.1349237530921 "experimento_41" 41 5000 1000 0.8 30 0.4 1 0.8
1.00013924873421 27.9427020857493 "experimento_41" 41 5000 1000 0.8 30 0.4 1 0.8
1.00005956147797 30.6720184892133 "experimento_41" 41 5000 1000 0.8 30 0.4 1 0.8
0.999449057737365 27.7617099070854 "experimento_41" 41 5000 1000 0.8 30 0.4 1 0.8
0.999984648311511 31.2896161095826 "experimento_41" 41 5000 1000 0.8 30 0.4 1 0.8
1.00063149202584 30.5678775802064 "experimento_41" 41 5000 1000 0.8 30 0.4 1 0.8
1.00010930562081 28.8732645217129 "experimento_41" 41 5000 1000 0.8 30 0.4 1 0.8
0.999472392722964 27.7318796572038 "experimento_41" 41 5000 1000 0.8 30 0.4 1 0.8
1.00019756234251 29.5100918159789 "experimento_41" 41 5000 1000 0.8 30 0.4 1 0.8
1.00924791890817 29.0759790621614 "experimento_41" 41 5000 1000 0.8 30 0.4 1 0.8
1.01716494603664 30.459572261259 "experimento_41" 41 5000 1000 0.8 30 0.4 1 0.8
0.999703228706494 29.809576552039 "experimento_41" 41 5000 1000 0.8 30 0.4 1 0.8
1.00038031480896 29.9326133422981 "experimento_41" 41 5000 1000 0.8 30 0.4 1 0.8
1.00605593927349 28.3994965856133 "experimento_41" 41 5000 1000 0.8 30 0.4 1 0.8
1.00003522033803 29.5715444746335 "experimento_41" 41 5000 1000 0.8 30 0.4 1 0.8
1.03926292722588 28.8009863484885 "experimento_41" 41 5000 1000 0.8 30 0.4 1 0.8
1.00005192628586 30.242348786046 "experimento_41" 41 5000 1000 0.8 30 0.4 1 0.8
1.02443899372453 31.7352161165997 "experimento_41" 41 5000 1000 0.8 30 0.4 1 0.8
0.999145263107494 28.4289242151201 "experimento_41" 41 5000 1000 0.8 30 0.4 1 0.8
1.00394542952999 28.0357298386698 "experimento_41" 41 5000 1000 0.8 30 0.4 1 0.8
1.01234004300111 30.2369365714813 "experimento_41" 41 5000 1000 0.8 30 0.4 1 0.8
1.00008949202899 32.1830848598575 "experimento_41" 41 5000 1000 0.8 30 0.4 1 0.8
0.99966190662235 30.4494455943827 "experimento_41" 41 5000 1000 0.8 30 0.4 1 0.8
1.00188433577617 31.1808156867205 "experimento_41" 41 5000 1000 0.8 30 0.4 1 0.8
1.00027340751452 31.0861584510957 "experimento_41" 41 5000 1000 0.8 30 0.4 1 0.8
1.00071308300981 31.0744834000436 "experimento_41" 41 5000 1000 0.8 30 0.4 1 0.8
1.00146216892948 29.8408303045257 "experimento_41" 41 5000 1000 0.8 30 0.4 1 0.8
1.0008642961892 29.4341405890628 "experimento_41" 41 5000 1000 0.8 30 0.4 1 0.8
0.99960908619687 30.285988178525 "experimento_41" 41 5000 1000 0.8 30 0.4 1 0.8
1.03236107686394 33.2013972911127 "experimento_41" 41 5000 1000 0.8 30 0.4 1 0.8
0.999310091137886 29.3598315700003 "experimento_41" 41 5000 1000 0.8 30 0.4 1 0.8
1.00020999312755 30.5647950401031 "experimento_41" 41 5000 1000 0.8 30 0.4 1 0.8
1.00088525769081 30.2530016247102 "experimento_41" 41 5000 1000 0.8 30 0.4 1 0.8
1.00979404576744 30.1883898317519 "experimento_41" 41 5000 1000 0.8 30 0.4 1 0.8
0.999534389935434 27.8863369976817 "experimento_41" 41 5000 1000 0.8 30 0.4 1 0.8
1.01764537030831 32.4550355844544 "experimento_41" 41 5000 1000 0.8 30 0.4 1 0.8
1.00844954197916 27.3104652542171 "experimento_41" 41 5000 1000 0.8 30 0.4 1 0.8
1.00908035361208 29.0173456564994 "experimento_41" 41 5000 1000 0.8 30 0.4 1 0.8
1.00004298007116 30.1575851343795 "experimento_41" 41 5000 1000 0.8 30 0.4 1 0.8
1.00000532333118 31.7951410899976 "experimento_41" 41 5000 1000 0.8 30 0.4 1 0.8
1.00000052459848 29.8307525778116 "experimento_41" 41 5000 1000 0.8 30 0.4 1 0.8
1.00744589335906 31.2087404097473 "experimento_41" 41 5000 1000 0.8 30 0.4 1 0.8
0.999007487436756 28.8184889743989 "experimento_41" 41 5000 1000 0.8 30 0.4 1 0.8
0.999628686578944 29.5757624652653 "experimento_41" 41 5000 1000 0.8 30 0.4 1 0.8
0.999500786885619 29.7550054720377 "experimento_41" 41 5000 1000 0.8 30 0.4 1 0.8
1.02645025458047 31.0688467291155 "experimento_41" 41 5000 1000 0.8 30 0.4 1 0.8
1.00000925110267 31.2884186311642 "experimento_41" 41 5000 1000 0.8 30 0.4 1 0.8
0.999822724377736 29.9828582794173 "experimento_41" 41 5000 1000 0.8 30 0.4 1 0.8
1.03529080775034 33.5797008652498 "experimento_41" 41 5000 1000 0.8 30 0.4 1 0.8
0.999673616141081 28.551358316987 "experimento_41" 41 5000 1000 0.8 30 0.4 1 0.8
1.00012389550296 29.8923354349863 "experimento_41" 41 5000 1000 0.8 30 0.4 1 0.8
1.00313493471316 30.6994636318115 "experimento_41" 41 5000 1000 0.8 30 0.4 1 0.8
0.999245329061523 30.0507691230224 "experimento_41" 41 5000 1000 0.8 30 0.4 1 0.8
1.00820752154104 30.2077202651811 "experimento_41" 41 5000 1000 0.8 30 0.4 1 0.8
1.00586960554744 30.0316067166118 "experimento_41" 41 5000 1000 0.8 30 0.4 1 0.8
1.0334650264418 30.8123703815144 "experimento_41" 41 5000 1000 0.8 30 0.4 1 0.8
1.01365739121102 34.3371505175668 "experimento_41" 41 5000 1000 0.8 30 0.4 1 0.8
1.00375794405118 30.0498017126291 "experimento_41" 41 5000 1000 0.8 30 0.4 1 0.8
1.04675324192611 35.113412967326 "experimento_41" 41 5000 1000 0.8 30 0.4 1 0.8
1.00000212988816 30.3704042755482 "experimento_41" 41 5000 1000 0.8 30 0.4 1 0.8
1.00001753797297 30.9781657515059 "experimento_41" 41 5000 1000 0.8 30 0.4 1 0.8
1.00109004468662 30.4826206479984 "experimento_41" 41 5000 1000 0.8 30 0.4 1 0.8
0.999548309016973 29.7324329142813 "experimento_41" 41 5000 1000 0.8 30 0.4 1 0.8
0.999501074431464 29.94334582859 "experimento_41" 41 5000 1000 0.8 30 0.4 1 0.8
0.99951671413146 30.3194429626299 "experimento_41" 41 5000 1000 0.8 30 0.4 1 0.8
1.00049845628314 30.2947218508026 "experimento_41" 41 5000 1000 0.8 30 0.4 1 0.8
1.00733935587729 27.8236763893464 "experimento_41" 41 5000 1000 0.8 30 0.4 1 0.8
0.999107020441443 29.2364451613579 "experimento_41" 41 5000 1000 0.8 30 0.4 1 0.8
1.00028585240555 29.1657288473549 "experimento_41" 41 5000 1000 0.8 30 0.4 1 0.8
0.999644253635779 29.4485478607514 "experimento_41" 41 5000 1000 0.8 30 0.4 1 0.8
1.00016705437966 29.6553082074726 "experimento_41" 41 5000 1000 0.8 30 0.4 1 0.8
1.00046834639894 31.7850467397896 "experimento_41" 41 5000 1000 0.8 30 0.4 1 0.8
0.999243375612423 29.4311998295834 "experimento_41" 41 5000 1000 0.8 30 0.4 1 0.8
1.00766596233783 32.9030234645744 "experimento_41" 41 5000 1000 0.8 30 0.4 1 0.8
1.00276085316147 30.0905325811082 "experimento_41" 41 5000 1000 0.8 30 0.4 1 0.8
0.999722554348409 30.0100561713103 "experimento_41" 41 5000 1000 0.8 30 0.4 1 0.8
1.01863811293927 28.1154306957825 "experimento_41" 41 5000 1000 0.8 30 0.4 1 0.8
1.02122117360123 32.1505206687536 "experimento_41" 41 5000 1000 0.8 30 0.4 1 0.8
1.00001002824865 30.6835187677796 "experimento_41" 41 5000 1000 0.8 30 0.4 1 0.8
1.00250048994397 29.4820015591531 "experimento_41" 41 5000 1000 0.8 30 0.4 1 0.8
1.00256334104414 31.0160340385832 "experimento_41" 41 5000 1000 0.8 30 0.4 1 0.8
1.00017535661658 29.5121664160346 "experimento_41" 41 5000 1000 0.8 30 0.4 1 0.8
1.00035296631977 30.6770690225721 "experimento_41" 41 5000 1000 0.8 30 0.4 1 0.8
1.02571802014966 30.1589627715363 "experimento_41" 41 5000 1000 0.8 30 0.4 1 0.8
1.01521845203824 28.745236940439 "experimento_41" 41 5000 1000 0.8 30 0.4 1 0.8
1.01118548057663 30.0121354731393 "experimento_41" 41 5000 1000 0.8 30 0.4 1 0.8
1.00001981506353 29.9993634857949 "experimento_41" 41 5000 1000 0.8 30 0.4 1 0.8
0.999664457514882 29.3978375213066 "experimento_41" 41 5000 1000 0.8 30 0.4 1 0.8
1.00057275046905 29.4371878292238 "experimento_41" 41 5000 1000 0.8 30 0.4 1 0.8
1.00029319032625 29.0784706530093 "experimento_41" 41 5000 1000 0.8 30 0.4 1 0.8
1.01104885277649 31.6544008741932 "experimento_41" 41 5000 1000 0.8 30 0.4 1 0.8
1.00032287582699 29.6218862476224 "experimento_41" 41 5000 1000 0.8 30 0.4 1 0.8
1.0003112530491 29.4761767684596 "experimento_41" 41 5000 1000 0.8 30 0.4 1 0.8
1.01122567040535 28.6007205763282 "experimento_41" 41 5000 1000 0.8 30 0.4 1 0.8
0.999761901563033 31.000005642531 "experimento_41" 41 5000 1000 0.8 30 0.4 1 0.8
1.00204718969762 30.1121939218518 "experimento_41" 41 5000 1000 0.8 30 0.4 1 0.8
1.0079348231272 31.483932974384 "experimento_41" 41 5000 1000 0.8 30 0.4 1 0.8
0.99973021959886 29.9073298066538 "experimento_41" 41 5000 1000 0.8 30 0.4 1 0.8
1.0007366202306 30.5530589988747 "experimento_41" 41 5000 1000 0.8 30 0.4 1 0.8
1.00026699665162 30.7371732191006 "experimento_41" 41 5000 1000 0.8 30 0.4 1 0.8
1.00989342412601 28.3547152493546 "experimento_41" 41 5000 1000 0.8 30 0.4 1 0.8
1.00007563577416 31.0412382126063 "experimento_41" 41 5000 1000 0.8 30 0.4 1 0.8
1.00009690014767 30.6149808171608 "experimento_41" 41 5000 1000 0.8 30 0.4 1 0.8
0.999273681314662 28.0808068241069 "experimento_41" 41 5000 1000 0.8 30 0.4 1 0.8
1.01089736664047 30.7703788675281 "experimento_41" 41 5000 1000 0.8 30 0.4 1 0.8
0.999626245582476 28.9472208914322 "experimento_41" 41 5000 1000 0.8 30 0.4 1 0.8
1.0110126943017 30.7449099875919 "experimento_41" 41 5000 1000 0.8 30 0.4 1 0.8
1.00014574568098 30.3664297161564 "experimento_41" 41 5000 1000 0.8 30 0.4 1 0.8
1.00000556563499 31.3361313369986 "experimento_41" 41 5000 1000 0.8 30 0.4 1 0.8
1.00683428401438 30.5313167237742 "experimento_41" 41 5000 1000 0.8 30 0.4 1 0.8
1.01555037074722 31.8296057810488 "experimento_41" 41 5000 1000 0.8 30 0.4 1 0.8
1.00002685943618 30.8545067762775 "experimento_41" 41 5000 1000 0.8 30 0.4 1 0.8
1.03633227923913 31.4592250998285 "experimento_41" 41 5000 1000 0.8 30 0.4 1 0.8
1.00044140277786 30.8530937713235 "experimento_41" 41 5000 1000 0.8 30 0.4 1 0.8
0.999771667411551 29.9723904450037 "experimento_41" 41 5000 1000 0.8 30 0.4 1 0.8
0.99947580578737 29.8100282554122 "experimento_41" 41 5000 1000 0.8 30 0.4 1 0.8
0.999419167172164 30.2990862968688 "experimento_41" 41 5000 1000 0.8 30 0.4 1 0.8
1.00019278906596 30.3125596827889 "experimento_41" 41 5000 1000 0.8 30 0.4 1 0.8
1.00745070885556 27.8050316083649 "experimento_41" 41 5000 1000 0.8 30 0.4 1 0.8
1.00001426957488 30.5958359054823 "experimento_41" 41 5000 1000 0.8 30 0.4 1 0.8
1.01269921570395 30.6445827196503 "experimento_41" 41 5000 1000 0.8 30 0.4 1 0.8
1.00331652396461 30.7825923964544 "experimento_41" 41 5000 1000 0.8 30 0.4 1 0.8
1.00188142798531 30.0169907677528 "experimento_41" 41 5000 1000 0.8 30 0.4 1 0.8
1.00161648841264 30.5384713661348 "experimento_41" 41 5000 1000 0.8 30 0.4 1 0.8
1.00002383831729 29.431343403537 "experimento_41" 41 5000 1000 0.8 30 0.4 1 0.8
1.00230137904485 29.330307938639 "experimento_41" 41 5000 1000 0.8 30 0.4 1 0.8
0.999723884044215 30.1151130382897 "experimento_41" 41 5000 1000 0.8 30 0.4 1 0.8
1.01519618557456 27.3473818434335 "experimento_41" 41 5000 1000 0.8 30 0.4 1 0.8
1.02225278633026 31.260709441679 "experimento_41" 41 5000 1000 0.8 30 0.4 1 0.8
0.999904903583229 28.6177617253016 "experimento_41" 41 5000 1000 0.8 30 0.4 1 0.8
1.00067053259943 31.8199042219743 "experimento_41" 41 5000 1000 0.8 30 0.4 1 0.8
1.00747590619139 29.7050534231298 "experimento_41" 41 5000 1000 0.8 30 0.4 1 0.8
1.00026895969058 29.4648754647677 "experimento_41" 41 5000 1000 0.8 30 0.4 1 0.8
1.00001518450057 28.576651313995 "experimento_41" 41 5000 1000 0.8 30 0.4 1 0.8
0.999875277047977 30.9063422196901 "experimento_41" 41 5000 1000 0.8 30 0.4 1 0.8
1.00655638154907 31.1881311428484 "experimento_41" 41 5000 1000 0.8 30 0.4 1 0.8
1.00009964505831 31.0446328362965 "experimento_41" 41 5000 1000 0.8 30 0.4 1 0.8
1.00083454373048 31.2086459734321 "experimento_41" 41 5000 1000 0.8 30 0.4 1 0.8
1.01684972946532 30.6405554278382 "experimento_41" 41 5000 1000 0.8 30 0.4 1 0.8
1.00003145447316 31.4703584138917 "experimento_41" 41 5000 1000 0.8 30 0.4 1 0.8
0.999395640334114 29.4275705399122 "experimento_41" 41 5000 1000 0.8 30 0.4 1 0.8
0.999639448011294 31.7410107868896 "experimento_41" 41 5000 1000 0.8 30 0.4 1 0.8
1.00392061821185 29.4392409847495 "experimento_41" 41 5000 1000 0.8 30 0.4 1 0.8
0.999654709128663 30.0936079255856 "experimento_41" 41 5000 1000 0.8 30 0.4 1 0.8
0.999783482402563 29.8835833168896 "experimento_41" 41 5000 1000 0.8 30 0.4 1 0.8
1.00000640090925 28.7342263307932 "experimento_41" 41 5000 1000 0.8 30 0.4 1 0.8
1.00003786074619 31.2583877205114 "experimento_41" 41 5000 1000 0.8 30 0.4 1 0.8
1.00426164799328 29.2261945536653 "experimento_41" 41 5000 1000 0.8 30 0.4 1 0.8
1.0013939955427 29.2893856583534 "experimento_41" 41 5000 1000 0.8 30 0.4 1 0.8
0.999713572207838 28.9690879872207 "experimento_41" 41 5000 1000 0.8 30 0.4 1 0.8
0.999306210083887 29.7548921500913 "experimento_41" 41 5000 1000 0.8 30 0.4 1 0.8
1.00000617240245 29.2237715579578 "experimento_41" 41 5000 1000 0.8 30 0.4 1 0.8
0.999686338705942 30.3238113719432 "experimento_41" 41 5000 1000 0.8 30 0.4 1 0.8
1.0001421298384 29.6400993744006 "experimento_41" 41 5000 1000 0.8 30 0.4 1 0.8
0.999876228161156 30.0607663002507 "experimento_41" 41 5000 1000 0.8 30 0.4 1 0.8
1.00566185614997 30.928262082866 "experimento_41" 41 5000 1000 0.8 30 0.4 1 0.8
1.00013017104939 30.69081136625 "experimento_41" 41 5000 1000 0.8 30 0.4 1 0.8
0.999763848725706 30.4082841617979 "experimento_41" 41 5000 1000 0.8 30 0.4 1 0.8
1.0157504046491 31.3770099872142 "experimento_41" 41 5000 1000 0.8 30 0.4 1 0.8
1.00018151803723 31.6889625829572 "experimento_41" 41 5000 1000 0.8 30 0.4 1 0.8
1.00067924236258 30.5559467124311 "experimento_41" 41 5000 1000 0.8 30 0.4 1 0.8
0.999961368972436 31.5343623646559 "experimento_41" 41 5000 1000 0.8 30 0.4 1 0.8
1.03112932769442 33.4522858119262 "experimento_41" 41 5000 1000 0.8 30 0.4 1 0.8
0.998906312277541 28.3132324258274 "experimento_41" 41 5000 1000 0.8 30 0.4 1 0.8
1.00284147299826 29.6141052123976 "experimento_41" 41 5000 1000 0.8 30 0.4 1 0.8
1.00001404422025 29.105950583455 "experimento_41" 41 5000 1000 0.8 30 0.4 1 0.8
0.999982586828992 29.298928834935 "experimento_41" 41 5000 1000 0.8 30 0.4 1 0.8
1.00047709522769 29.6182370133587 "experimento_41" 41 5000 1000 0.8 30 0.4 1 0.8
0.999632254708558 30.8869832392572 "experimento_41" 41 5000 1000 0.8 30 0.4 1 0.8
1.01721557409813 30.1042008426203 "experimento_41" 41 5000 1000 0.8 30 0.4 1 0.8
1.01743790634597 31.8944495594985 "experimento_41" 41 5000 1000 0.8 30 0.4 1 0.8
0.999603310599923 30.0213029391695 "experimento_41" 41 5000 1000 0.8 30 0.4 1 0.8
0.999478872166947 31.1701830854851 "experimento_41" 41 5000 1000 0.8 30 0.4 1 0.8
1.00878456787131 30.6492296812682 "experimento_41" 41 5000 1000 0.8 30 0.4 1 0.8
1.00697326579056 29.88898919032 "experimento_41" 41 5000 1000 0.8 30 0.4 1 0.8
1.00009065476867 30.0926583452453 "experimento_41" 41 5000 1000 0.8 30 0.4 1 0.8
1.00002597159085 28.7426362264352 "experimento_41" 41 5000 1000 0.8 30 0.4 1 0.8
1.00218371315384 31.0206612774382 "experimento_41" 41 5000 1000 0.8 30 0.4 1 0.8
1.0004055836552 29.1250636807957 "experimento_41" 41 5000 1000 0.8 30 0.4 1 0.8
1.00199180142326 29.7094361322823 "experimento_41" 41 5000 1000 0.8 30 0.4 1 0.8
1.02182432287373 30.9646002262109 "experimento_41" 41 5000 1000 0.8 30 0.4 1 0.8
1.00054811121275 30.4328305143467 "experimento_41" 41 5000 1000 0.8 30 0.4 1 0.8
0.99957234156318 29.2146651412635 "experimento_41" 41 5000 1000 0.8 30 0.4 1 0.8
1.00236184873081 31.4051438459948 "experimento_41" 41 5000 1000 0.8 30 0.4 1 0.8
1.00035684704781 30.6959952984253 "experimento_41" 41 5000 1000 0.8 30 0.4 1 0.8
0.999705248279497 30.5266858517721 "experimento_41" 41 5000 1000 0.8 30 0.4 1 0.8
1.02767569897556 29.7104965514685 "experimento_41" 41 5000 1000 0.8 30 0.4 1 0.8
0.999612679937854 31.1641102220199 "experimento_41" 41 5000 1000 0.8 30 0.4 1 0.8
1.00126722307565 29.1619221078776 "experimento_41" 41 5000 1000 0.8 30 0.4 1 0.8
1.00349670134224 31.9432025182324 "experimento_41" 41 5000 1000 0.8 30 0.4 1 0.8
1.00679991702172 30.3624910603085 "experimento_41" 41 5000 1000 0.8 30 0.4 1 0.8
1.00104767538918 30.8826983749292 "experimento_41" 41 5000 1000 0.8 30 0.4 1 0.8
0.999524036655203 28.8090753355434 "experimento_41" 41 5000 1000 0.8 30 0.4 1 0.8
1.00002599271152 29.9105630781415 "experimento_41" 41 5000 1000 0.8 30 0.4 1 0.8
1.02079371432774 29.1564077252819 "experimento_41" 41 5000 1000 0.8 30 0.4 1 0.8
1.00021495300055 29.3663074596825 "experimento_41" 41 5000 1000 0.8 30 0.4 1 0.8
1.0001352633631 32.7831843516913 "experimento_41" 41 5000 1000 0.8 30 0.4 1 0.8
1.00968457361393 32.2473187908134 "experimento_41" 41 5000 1000 0.8 30 0.4 1 0.8
1.00105006859327 28.7987483117271 "experimento_41" 41 5000 1000 0.8 30 0.4 1 0.8
0.999589908169582 29.2833684377897 "experimento_41" 41 5000 1000 0.8 30 0.4 1 0.8
1.00673982421868 29.9663871337686 "experimento_41" 41 5000 1000 0.8 30 0.4 1 0.8
1.00509942525173 29.8764532671666 "experimento_41" 41 5000 1000 0.8 30 0.4 1 0.8
1.00059780872737 30.1793445315618 "experimento_41" 41 5000 1000 0.8 30 0.4 1 0.8
0.999192135641351 29.845818792277 "experimento_41" 41 5000 1000 0.8 30 0.4 1 0.8
1.00059739662299 27.4447777910654 "experimento_41" 41 5000 1000 0.8 30 0.4 1 0.8
1.01004444495775 31.4406347366642 "experimento_41" 41 5000 1000 0.8 30 0.4 1 0.8
1.00262316795542 30.9170842778766 "experimento_41" 41 5000 1000 0.8 30 0.4 1 0.8
0.999734452459961 29.8800706109864 "experimento_41" 41 5000 1000 0.8 30 0.4 1 0.8
1.01481353662287 27.8304518635218 "experimento_41" 41 5000 1000 0.8 30 0.4 1 0.8
0.999712389660999 29.7324332349944 "experimento_41" 41 5000 1000 0.8 30 0.4 1 0.8
0.999259803676978 29.344787526441 "experimento_41" 41 5000 1000 0.8 30 0.4 1 0.8
1.00004511049111 30.8906071439756 "experimento_41" 41 5000 1000 0.8 30 0.4 1 0.8
0.999117789091542 28.3518531918983 "experimento_41" 41 5000 1000 0.8 30 0.4 1 0.8
1.00916859993989 30.804975640912 "experimento_41" 41 5000 1000 0.8 30 0.4 1 0.8
1.00149099888901 32.9526098373865 "experimento_41" 41 5000 1000 0.8 30 0.4 1 0.8
0.999965544091538 30.6818659178761 "experimento_41" 41 5000 1000 0.8 30 0.4 1 0.8
1.00142198593045 31.8492322336644 "experimento_41" 41 5000 1000 0.8 30 0.4 1 0.8
1.01826009081909 28.8183848248971 "experimento_41" 41 5000 1000 0.8 30 0.4 1 0.8
1.00003868027901 30.6274242965192 "experimento_41" 41 5000 1000 0.8 30 0.4 1 0.8
1.00106132575295 30.9065076533801 "experimento_41" 41 5000 1000 0.8 30 0.4 1 0.8
1.00234833856424 29.8031379912451 "experimento_41" 41 5000 1000 0.8 30 0.4 1 0.8
1.00872405554789 27.6315505258583 "experimento_41" 41 5000 1000 0.8 30 0.4 1 0.8
0.999224845319986 29.0875257230427 "experimento_41" 41 5000 1000 0.8 30 0.4 1 0.8
0.9997307008598 30.3202137795564 "experimento_41" 41 5000 1000 0.8 30 0.4 1 0.8
1.02588832592452 29.3472062287769 "experimento_41" 41 5000 1000 0.8 30 0.4 1 0.8
1.00176251120865 32.1658689583977 "experimento_41" 41 5000 1000 0.8 30 0.4 1 0.8
1.01178682857213 27.740309309076 "experimento_41" 41 5000 1000 0.8 30 0.4 1 0.8
0.999381557106972 30.0209533675547 "experimento_41" 41 5000 1000 0.8 30 0.4 1 0.8
1.0028711719128 31.3810910187641 "experimento_41" 41 5000 1000 0.8 30 0.4 1 0.8
1.02110440617738 30.3268961505528 "experimento_41" 41 5000 1000 0.8 30 0.4 1 0.8
1.00029105024102 28.5442003433892 "experimento_41" 41 5000 1000 0.8 30 0.4 1 0.8
1.00021890275379 29.1148230514414 "experimento_41" 41 5000 1000 0.8 30 0.4 1 0.8
1.02623325319053 28.2297317582621 "experimento_41" 41 5000 1000 0.8 30 0.4 1 0.8
1.00822379390399 30.2430703598963 "experimento_41" 41 5000 1000 0.8 30 0.4 1 0.8
1.02067474297558 33.4669036590447 "experimento_41" 41 5000 1000 0.8 30 0.4 1 0.8
1.00000714239043 29.7338854457714 "experimento_41" 41 5000 1000 0.8 30 0.4 1 0.8
1.00167315893682 30.172742016311 "experimento_41" 41 5000 1000 0.8 30 0.4 1 0.8
0.999400658300146 29.553117163627 "experimento_41" 41 5000 1000 0.8 30 0.4 1 0.8
1.00025248785193 31.6609024874528 "experimento_41" 41 5000 1000 0.8 30 0.4 1 0.8
1.02368008571847 27.7390186443586 "experimento_41" 41 5000 1000 0.8 30 0.4 1 0.8
0.999534386442974 30.4774863184464 "experimento_41" 41 5000 1000 0.8 30 0.4 1 0.8
1.03016453015788 32.9837238345762 "experimento_41" 41 5000 1000 0.8 30 0.4 1 0.8
1.00001451191196 30.107246588549 "experimento_41" 41 5000 1000 0.8 30 0.4 1 0.8
1.00812733044171 29.474373632683 "experimento_41" 41 5000 1000 0.8 30 0.4 1 0.8
1.00173837045114 28.403359755844 "experimento_41" 41 5000 1000 0.8 30 0.4 1 0.8
1.01996686514467 30.218367881101 "experimento_41" 41 5000 1000 0.8 30 0.4 1 0.8
1.00000202006198 29.3614468276318 "experimento_41" 41 5000 1000 0.8 30 0.4 1 0.8
1.00678261568149 32.0891605104889 "experimento_41" 41 5000 1000 0.8 30 0.4 1 0.8
1.02229516129009 31.122347766195 "experimento_41" 41 5000 1000 0.8 30 0.4 1 0.8
1.00910769589245 30.5991879567375 "experimento_41" 41 5000 1000 0.8 30 0.4 1 0.8
1.01187912196454 27.1567265822833 "experimento_41" 41 5000 1000 0.8 30 0.4 1 0.8
0.999469177331775 30.2148544737883 "experimento_41" 41 5000 1000 0.8 30 0.4 1 0.8
0.999137629987672 30.321964491133 "experimento_41" 41 5000 1000 0.8 30 0.4 1 0.8
1.00005642807573 30.5426846574353 "experimento_41" 41 5000 1000 0.8 30 0.4 1 0.8
1.0012307414785 30.0536140304463 "experimento_41" 41 5000 1000 0.8 30 0.4 1 0.8
1.0013327938815 29.9302746417795 "experimento_41" 41 5000 1000 0.8 30 0.4 1 0.8
1.00000530855262 31.571085219041 "experimento_41" 41 5000 1000 0.8 30 0.4 1 0.8
1.0118192054787 31.5292567929101 "experimento_41" 41 5000 1000 0.8 30 0.4 1 0.8
1.00596805137272 28.9556020105829 "experimento_41" 41 5000 1000 0.8 30 0.4 1 0.8
1.02016195685913 31.9836708148738 "experimento_41" 41 5000 1000 0.8 30 0.4 1 0.8
1.01059295974361 28.954297399913 "experimento_41" 41 5000 1000 0.8 30 0.4 1 0.8
1.00050321009861 31.6566415726449 "experimento_41" 41 5000 1000 0.8 30 0.4 1 0.8
1.00007968349403 29.8516633886671 "experimento_41" 41 5000 1000 0.8 30 0.4 1 0.8
1.00310737361821 31.4322781256072 "experimento_41" 41 5000 1000 0.8 30 0.4 1 0.8
0.999279579613358 29.2331716150391 "experimento_41" 41 5000 1000 0.8 30 0.4 1 0.8
0.999790334608406 30.0901221094034 "experimento_41" 41 5000 1000 0.8 30 0.4 1 0.8
1.0003083569929 31.121845539888 "experimento_41" 41 5000 1000 0.8 30 0.4 1 0.8
0.999534321017563 30.7747160553231 "experimento_41" 41 5000 1000 0.8 30 0.4 1 0.8
1.00360922164424 28.725097833354 "experimento_41" 41 5000 1000 0.8 30 0.4 1 0.8
1.00085988605142 29.9633290892866 "experimento_41" 41 5000 1000 0.8 30 0.4 1 0.8
1.00004397751903 28.9135678309905 "experimento_41" 41 5000 1000 0.8 30 0.4 1 0.8
1.0007910234388 29.8734902994912 "experimento_41" 41 5000 1000 0.8 30 0.4 1 0.8
1.00093737394402 30.8655756086923 "experimento_41" 41 5000 1000 0.8 30 0.4 1 0.8
0.999532975722104 28.2749394791522 "experimento_41" 41 5000 1000 0.8 30 0.4 1 0.8
1.00029501908676 29.0796349407756 "experimento_41" 41 5000 1000 0.8 30 0.4 1 0.8
1.00019803888092 30.6728475471976 "experimento_41" 41 5000 1000 0.8 30 0.4 1 0.8
1.00136843230502 30.0824414087053 "experimento_41" 41 5000 1000 0.8 30 0.4 1 0.8
0.999353052349761 29.4207379419061 "experimento_41" 41 5000 1000 0.8 30 0.4 1 0.8
1.00776593303308 31.6206145040813 "experimento_41" 41 5000 1000 0.8 30 0.4 1 0.8
1.00026343057723 31.099546073462 "experimento_41" 41 5000 1000 0.8 30 0.4 1 0.8
1.01349458011488 27.4368854843565 "experimento_41" 41 5000 1000 0.8 30 0.4 1 0.8
1.00360544666958 31.4717723997717 "experimento_41" 41 5000 1000 0.8 30 0.4 1 0.8
0.999610788887367 29.3400732229285 "experimento_41" 41 5000 1000 0.8 30 0.4 1 0.8
1.01014653467506 27.9125541073418 "experimento_41" 41 5000 1000 0.8 30 0.4 1 0.8
1.01704820381483 29.8521692810841 "experimento_41" 41 5000 1000 0.8 30 0.4 1 0.8
1.00184086158214 28.7245143538348 "experimento_41" 41 5000 1000 0.8 30 0.4 1 0.8
1.00024531735107 28.9476538992898 "experimento_41" 41 5000 1000 0.8 30 0.4 1 0.8
1.00024476942291 30.3753525465728 "experimento_41" 41 5000 1000 0.8 30 0.4 1 0.8
1.03313729697698 32.9424304710209 "experimento_41" 41 5000 1000 0.8 30 0.4 1 0.8
1.00458689200071 30.4715951264467 "experimento_41" 41 5000 1000 0.8 30 0.4 1 0.8
0.99964466271922 31.4508943883474 "experimento_41" 41 5000 1000 0.8 30 0.4 1 0.8
1.00509622499036 28.0500691477341 "experimento_41" 41 5000 1000 0.8 30 0.4 1 0.8
1.00327822683671 29.5269864545178 "experimento_41" 41 5000 1000 0.8 30 0.4 1 0.8
1.00975467345887 30.6381064128406 "experimento_41" 41 5000 1000 0.8 30 0.4 1 0.8
1.00792349574646 30.7915297959758 "experimento_41" 41 5000 1000 0.8 30 0.4 1 0.8
0.999990372685716 30.3648360997342 "experimento_41" 41 5000 1000 0.8 30 0.4 1 0.8
0.999945235438645 29.3597715611212 "experimento_41" 41 5000 1000 0.8 30 0.4 1 0.8
1.00186529212321 29.4437548140224 "experimento_41" 41 5000 1000 0.8 30 0.4 1 0.8
1.02487776620794 32.3872484098605 "experimento_41" 41 5000 1000 0.8 30 0.4 1 0.8
1.0157319904305 28.1788202914869 "experimento_41" 41 5000 1000 0.8 30 0.4 1 0.8
1.00077543913946 30.0548331071476 "experimento_41" 41 5000 1000 0.8 30 0.4 1 0.8
1.06270014413663 34.0144267593094 "experimento_41" 41 5000 1000 0.8 30 0.4 1 0.8
1.00279358150199 29.3181970725049 "experimento_41" 41 5000 1000 0.8 30 0.4 1 0.8
1.00077722797481 29.5814043753187 "experimento_41" 41 5000 1000 0.8 30 0.4 1 0.8
1.00194944456841 29.9295457413733 "experimento_41" 41 5000 1000 0.8 30 0.4 1 0.8
0.999243922065943 30.6551449064806 "experimento_41" 41 5000 1000 0.8 30 0.4 1 0.8
1.0347160884452 30.7046813954068 "experimento_41" 41 5000 1000 0.8 30 0.4 1 0.8
1.01144080702215 29.6173134329522 "experimento_41" 41 5000 1000 0.8 30 0.4 1 0.8
0.999419909436256 29.4205516888427 "experimento_41" 41 5000 1000 0.8 30 0.4 1 0.8
1.00001051100477 30.273806966398 "experimento_41" 41 5000 1000 0.8 30 0.4 1 0.8
1.00139605584554 30.9337669701619 "experimento_41" 41 5000 1000 0.8 30 0.4 1 0.8
1.00214466544179 30.3747335685611 "experimento_41" 41 5000 1000 0.8 30 0.4 1 0.8
1.00013096346162 28.7942737814641 "experimento_41" 41 5000 1000 0.8 30 0.4 1 0.8
0.999779074452817 28.8633444916848 "experimento_41" 41 5000 1000 0.8 30 0.4 1 0.8
1.00680545116494 28.9544632490518 "experimento_41" 41 5000 1000 0.8 30 0.4 1 0.8
1.00554623299589 31.8346897581526 "experimento_41" 41 5000 1000 0.8 30 0.4 1 0.8
1.05065545004823 38.5729653676798 "experimento_41" 41 5000 1000 0.8 30 0.4 1 0.8
1.00002258154608 30.5090872777498 "experimento_41" 41 5000 1000 0.8 30 0.4 1 0.8
1.00003735993306 29.7280756673938 "experimento_41" 41 5000 1000 0.8 30 0.4 1 0.8
0.999932263744995 31.4458790787433 "experimento_41" 41 5000 1000 0.8 30 0.4 1 0.8
1.00005495891285 29.236056437122 "experimento_41" 41 5000 1000 0.8 30 0.4 1 0.8
0.999388361116871 29.5615405617062 "experimento_41" 41 5000 1000 0.8 30 0.4 1 0.8
1.01537295600089 30.638964965192 "experimento_41" 41 5000 1000 0.8 30 0.4 1 0.8
0.999306831043214 28.5280400170654 "experimento_41" 41 5000 1000 0.8 30 0.4 1 0.8
1.00075396526016 28.9864797441357 "experimento_41" 41 5000 1000 0.8 30 0.4 1 0.8
1.00234262960087 31.6148577299937 "experimento_41" 41 5000 1000 0.8 30 0.4 1 0.8
1.0067332211261 33.2634706023909 "experimento_41" 41 5000 1000 0.8 30 0.4 1 0.8
1.00001254586192 31.3698913038921 "experimento_41" 41 5000 1000 0.8 30 0.4 1 0.8
1.02297458395672 32.7335737063557 "experimento_41" 41 5000 1000 0.8 30 0.4 1 0.8
1.01690445221029 30.7351274438899 "experimento_41" 41 5000 1000 0.8 30 0.4 1 0.8
1.02397320063612 27.4267998422314 "experimento_41" 41 5000 1000 0.8 30 0.4 1 0.8
0.999570311978459 28.0095393651135 "experimento_41" 41 5000 1000 0.8 30 0.4 1 0.8
1.0057166483098 27.9737016175556 "experimento_41" 41 5000 1000 0.8 30 0.4 1 0.8
1.00415759900953 27.3319073714376 "experimento_41" 41 5000 1000 0.8 30 0.4 1 0.8
1.02128318192748 30.1276776335584 "experimento_41" 41 5000 1000 0.8 30 0.4 1 0.8
1.00026031642531 30.8552751308013 "experimento_41" 41 5000 1000 0.8 30 0.4 1 0.8
1.00437390135224 30.1552233937713 "experimento_41" 41 5000 1000 0.8 30 0.4 1 0.8
0.999384856317192 29.7469405629053 "experimento_41" 41 5000 1000 0.8 30 0.4 1 0.8
0.999840444885194 29.7542045932599 "experimento_41" 41 5000 1000 0.8 30 0.4 1 0.8
0.999847383005545 29.5126355413069 "experimento_41" 41 5000 1000 0.8 30 0.4 1 0.8
1.0024546600052 30.2247334059396 "experimento_41" 41 5000 1000 0.8 30 0.4 1 0.8
1.01437871709156 31.7493050664646 "experimento_41" 41 5000 1000 0.8 30 0.4 1 0.8
1.00005140546665 29.9798049845571 "experimento_41" 41 5000 1000 0.8 30 0.4 1 0.8
1.00004192690055 30.2035853253322 "experimento_41" 41 5000 1000 0.8 30 0.4 1 0.8
1.00635720488236 29.973312725702 "experimento_41" 41 5000 1000 0.8 30 0.4 1 0.8
0.999901321949437 28.255858191594 "experimento_41" 41 5000 1000 0.8 30 0.4 1 0.8
1.0000410962911 29.9258717694155 "experimento_41" 41 5000 1000 0.8 30 0.4 1 0.8
1.00054297228344 31.0065772058847 "experimento_41" 41 5000 1000 0.8 30 0.4 1 0.8
0.999396522296593 30.9957089281111 "experimento_41" 41 5000 1000 0.8 30 0.4 1 0.8
1.01087064104684 30.7760044627329 "experimento_41" 41 5000 1000 0.8 30 0.4 1 0.8
0.999381338013336 30.2803897780587 "experimento_41" 41 5000 1000 0.8 30 0.4 1 0.8
1.00630133280841 32.3608839430145 "experimento_41" 41 5000 1000 0.8 30 0.4 1 0.8
1.00004103829976 29.8727670761204 "experimento_41" 41 5000 1000 0.8 30 0.4 1 0.8
0.999470546841621 30.4180656286917 "experimento_41" 41 5000 1000 0.8 30 0.4 1 0.8
1.00850968559583 30.5644040022661 "experimento_41" 41 5000 1000 0.8 30 0.4 1 0.8
0.999648069962859 29.7335629539872 "experimento_41" 41 5000 1000 0.8 30 0.4 1 0.8
0.99950665794313 29.8909769955738 "experimento_41" 41 5000 1000 0.8 30 0.4 1 0.8
0.999716794118285 29.1861582222401 "experimento_41" 41 5000 1000 0.8 30 0.4 1 0.8
1.02201755957988 32.5844523236397 "experimento_41" 41 5000 1000 0.8 30 0.4 1 0.8
0.999843791127205 30.2319316063882 "experimento_41" 41 5000 1000 0.8 30 0.4 1 0.8
1.00547316996381 31.3481220041111 "experimento_41" 41 5000 1000 0.8 30 0.4 1 0.8
1.02810141239175 28.6062061844479 "experimento_41" 41 5000 1000 0.8 30 0.4 1 0.8
1.01913657671151 28.6384647936833 "experimento_41" 41 5000 1000 0.8 30 0.4 1 0.8
1.00812382800505 30.6191953242154 "experimento_41" 41 5000 1000 0.8 30 0.4 1 0.8
0.999390982091427 29.0976328619861 "experimento_41" 41 5000 1000 0.8 30 0.4 1 0.8
1.00822331602083 29.7736401158359 "experimento_41" 41 5000 1000 0.8 30 0.4 1 0.8
1.01490857372992 29.9109409335555 "experimento_41" 41 5000 1000 0.8 30 0.4 1 0.8
1.00497645054323 31.2973148181376 "experimento_41" 41 5000 1000 0.8 30 0.4 1 0.8
1.00075431903824 29.4404374226676 "experimento_41" 41 5000 1000 0.8 30 0.4 1 0.8
1.0013248476746 29.26890812552 "experimento_41" 41 5000 1000 0.8 30 0.4 1 0.8
1.00450712059072 33.582526632475 "experimento_41" 41 5000 1000 0.8 30 0.4 1 0.8
0.99945838493295 29.3695492720914 "experimento_41" 41 5000 1000 0.8 30 0.4 1 0.8
0.999202339211479 30.0774822205983 "experimento_41" 41 5000 1000 0.8 30 0.4 1 0.8
1.00015970020153 29.4488988250987 "experimento_41" 41 5000 1000 0.8 30 0.4 1 0.8
0.99963246867992 29.9842019161635 "experimento_41" 41 5000 1000 0.8 30 0.4 1 0.8
0.999453377677128 27.7504672133538 "experimento_41" 41 5000 1000 0.8 30 0.4 1 0.8
0.999631399754435 28.7874204357701 "experimento_41" 41 5000 1000 0.8 30 0.4 1 0.8
1.00010793366081 30.0774877904413 "experimento_41" 41 5000 1000 0.8 30 0.4 1 0.8
0.999762955354527 30.4265275616408 "experimento_41" 41 5000 1000 0.8 30 0.4 1 0.8
1.0043457960024 30.1100914392099 "experimento_41" 41 5000 1000 0.8 30 0.4 1 0.8
1.00018873391673 29.8844331033266 "experimento_41" 41 5000 1000 0.8 30 0.4 1 0.8
1.00719658996289 30.1476343616001 "experimento_41" 41 5000 1000 0.8 30 0.4 1 0.8
0.999657806940377 29.1865150144081 "experimento_41" 41 5000 1000 0.8 30 0.4 1 0.8
1.00005488245127 31.0520044688742 "experimento_41" 41 5000 1000 0.8 30 0.4 1 0.8
1.00008628563955 28.8831843452745 "experimento_41" 41 5000 1000 0.8 30 0.4 1 0.8
0.999116584425792 29.4927239877823 "experimento_41" 41 5000 1000 0.8 30 0.4 1 0.8
1.00211744153855 29.1936413455746 "experimento_41" 41 5000 1000 0.8 30 0.4 1 0.8
0.999610179336742 29.9837129414121 "experimento_41" 41 5000 1000 0.8 30 0.4 1 0.8
1.00252796492229 28.7161034005833 "experimento_41" 41 5000 1000 0.8 30 0.4 1 0.8
1.00244530796384 30.6271327445814 "experimento_41" 41 5000 1000 0.8 30 0.4 1 0.8
1.00014253090389 29.9639344401748 "experimento_41" 41 5000 1000 0.8 30 0.4 1 0.8
1.00348936210697 30.494363550164 "experimento_41" 41 5000 1000 0.8 30 0.4 1 0.8
1.00665026257091 29.7869484097176 "experimento_41" 41 5000 1000 0.8 30 0.4 1 0.8
1.00249141455284 30.2088831945683 "experimento_41" 41 5000 1000 0.8 30 0.4 1 0.8
1.02220482110667 31.5444538249697 "experimento_41" 41 5000 1000 0.8 30 0.4 1 0.8
0.999421326909214 29.1786178545266 "experimento_41" 41 5000 1000 0.8 30 0.4 1 0.8
1.01655345155547 33.8487625986546 "experimento_41" 41 5000 1000 0.8 30 0.4 1 0.8
1.0167574279562 30.560181156798 "experimento_41" 41 5000 1000 0.8 30 0.4 1 0.8
0.999715313315392 28.6864787743827 "experimento_41" 41 5000 1000 0.8 30 0.4 1 0.8
1.00049266528028 30.1428421773959 "experimento_41" 41 5000 1000 0.8 30 0.4 1 0.8
1.0030088161584 32.0686917242822 "experimento_41" 41 5000 1000 0.8 30 0.4 1 0.8
1.02124616457149 28.6718611836452 "experimento_41" 41 5000 1000 0.8 30 0.4 1 0.8
1.00346791370151 29.8567689296596 "experimento_41" 41 5000 1000 0.8 30 0.4 1 0.8
1.00645571408483 30.3303340130427 "experimento_41" 41 5000 1000 0.8 30 0.4 1 0.8
1.00009652661461 30.5169006489018 "experimento_41" 41 5000 1000 0.8 30 0.4 1 0.8
1.01592881010535 29.6749359146875 "experimento_41" 41 5000 1000 0.8 30 0.4 1 0.8
0.999589153798297 28.3172597860114 "experimento_41" 41 5000 1000 0.8 30 0.4 1 0.8
1.00001118614649 27.4755851499679 "experimento_41" 41 5000 1000 0.8 30 0.4 1 0.8
0.999912056606263 29.991502869602 "experimento_41" 41 5000 1000 0.8 30 0.4 1 0.8
0.999731939053163 30.8008369833699 "experimento_41" 41 5000 1000 0.8 30 0.4 1 0.8
0.999989523552358 29.3527822699739 "experimento_41" 41 5000 1000 0.8 30 0.4 1 0.8
1.00052184571202 29.8380751818912 "experimento_41" 41 5000 1000 0.8 30 0.4 1 0.8
1.00148758805841 30.8150371515815 "experimento_41" 41 5000 1000 0.8 30 0.4 1 0.8
1.0250821475236 31.9260622752054 "experimento_41" 41 5000 1000 0.8 30 0.4 1 0.8
1.00052723730196 30.312778150053 "experimento_41" 41 5000 1000 0.8 30 0.4 1 0.8
0.999522770522162 29.9704150682585 "experimento_41" 41 5000 1000 0.8 30 0.4 1 0.8
0.999445901252329 28.9640270632034 "experimento_41" 41 5000 1000 0.8 30 0.4 1 0.8
1.02789850380921 32.2819818068499 "experimento_41" 41 5000 1000 0.8 30 0.4 1 0.8
1.00497317642646 30.4998754977189 "experimento_41" 41 5000 1000 0.8 30 0.4 1 0.8
1.00314636205633 30.1688135539233 "experimento_41" 41 5000 1000 0.8 30 0.4 1 0.8
1.0041355886807 29.2527301949363 "experimento_41" 41 5000 1000 0.8 30 0.4 1 0.8
1.00990340841624 29.2635748693716 "experimento_41" 41 5000 1000 0.8 30 0.4 1 0.8
1.01942203015399 28.2128713758882 "experimento_41" 41 5000 1000 0.8 30 0.4 1 0.8
1.00951987539108 27.8810203317603 "experimento_41" 41 5000 1000 0.8 30 0.4 1 0.8
1.00708719305694 28.1365386228207 "experimento_41" 41 5000 1000 0.8 30 0.4 1 0.8
0.999599318020046 28.7865571709518 "experimento_41" 41 5000 1000 0.8 30 0.4 1 0.8
0.999288024846464 29.0817372762942 "experimento_41" 41 5000 1000 0.8 30 0.4 1 0.8
1.03911249165654 25.4104400928728 "experimento_41" 41 5000 1000 0.8 30 0.4 1 0.8
1.0016096485313 29.323353064467 "experimento_41" 41 5000 1000 0.8 30 0.4 1 0.8
1.00000571802094 30.1137943213605 "experimento_41" 41 5000 1000 0.8 30 0.4 1 0.8
1.0007374639872 29.9443831350548 "experimento_41" 41 5000 1000 0.8 30 0.4 1 0.8
1.00023128559502 29.4541474185078 "experimento_41" 41 5000 1000 0.8 30 0.4 1 0.8
0.999568797880784 30.609802010033 "experimento_41" 41 5000 1000 0.8 30 0.4 1 0.8
0.99937921972014 28.5087732903992 "experimento_41" 41 5000 1000 0.8 30 0.4 1 0.8
1.00900210716451 29.7723470570564 "experimento_41" 41 5000 1000 0.8 30 0.4 1 0.8
1.00001208459338 29.1670449568055 "experimento_41" 41 5000 1000 0.8 30 0.4 1 0.8
1.00224848976543 30.2987876238376 "experimento_41" 41 5000 1000 0.8 30 0.4 1 0.8
1.0001585198842 29.5948290556949 "experimento_41" 41 5000 1000 0.8 30 0.4 1 0.8
0.999403774738312 30.1794772890828 "experimento_41" 41 5000 1000 0.8 30 0.4 1 0.8
1.00364827781847 31.4736411031905 "experimento_41" 41 5000 1000 0.8 30 0.4 1 0.8
1.00730762595 30.2489049645651 "experimento_41" 41 5000 1000 0.8 30 0.4 1 0.8
1.00867767641377 27.4920135967817 "experimento_41" 41 5000 1000 0.8 30 0.4 1 0.8
0.999411890981719 29.6817551004054 "experimento_41" 41 5000 1000 0.8 30 0.4 1 0.8
1.00085753286257 32.6326925740941 "experimento_41" 41 5000 1000 0.8 30 0.4 1 0.8
0.999064291128889 27.6112149774449 "experimento_41" 41 5000 1000 0.8 30 0.4 1 0.8
1.00024682736645 28.523529868271 "experimento_41" 41 5000 1000 0.8 30 0.4 1 0.8
1.01377522405237 30.0852777913884 "experimento_41" 41 5000 1000 0.8 30 0.4 1 0.8
1.00006613668591 30.4059676999452 "experimento_41" 41 5000 1000 0.8 30 0.4 1 0.8
1.00002295374501 29.6965800023953 "experimento_41" 41 5000 1000 0.8 30 0.4 1 0.8
0.999685621354729 31.1963837416328 "experimento_41" 41 5000 1000 0.8 30 0.4 1 0.8
1.01084748082794 29.1982225714699 "experimento_41" 41 5000 1000 0.8 30 0.4 1 0.8
1.00059933933271 30.7721218039295 "experimento_41" 41 5000 1000 0.8 30 0.4 1 0.8
0.999617122812197 29.5486162149679 "experimento_41" 41 5000 1000 0.8 30 0.4 1 0.8
1.00028415394214 28.9528958789851 "experimento_41" 41 5000 1000 0.8 30 0.4 1 0.8
1.00001284959411 30.1508736677651 "experimento_41" 41 5000 1000 0.8 30 0.4 1 0.8
1.0011971789257 29.5825354840257 "experimento_41" 41 5000 1000 0.8 30 0.4 1 0.8
1.00017832762872 30.19422366381 "experimento_41" 41 5000 1000 0.8 30 0.4 1 0.8
1.00915123980182 30.6500354952263 "experimento_41" 41 5000 1000 0.8 30 0.4 1 0.8
0.999466184526682 29.1676808009375 "experimento_41" 41 5000 1000 0.8 30 0.4 1 0.8
0.999742301180959 29.7904424966638 "experimento_41" 41 5000 1000 0.8 30 0.4 1 0.8
1.00866092514328 28.1078926053702 "experimento_41" 41 5000 1000 0.8 30 0.4 1 0.8
1.00000392873771 30.6123773179086 "experimento_41" 41 5000 1000 0.8 30 0.4 1 0.8
1.00002656363261 30.1698502009851 "experimento_41" 41 5000 1000 0.8 30 0.4 1 0.8
1.00001646526239 31.1490164038235 "experimento_41" 41 5000 1000 0.8 30 0.4 1 0.8
0.999717060476542 30.2341655105271 "experimento_41" 41 5000 1000 0.8 30 0.4 1 0.8
1.00016801377582 29.3534141446932 "experimento_41" 41 5000 1000 0.8 30 0.4 1 0.8
0.999693388817832 30.4260616645929 "experimento_41" 41 5000 1000 0.8 30 0.4 1 0.8
1.00052223179979 31.3292087303895 "experimento_41" 41 5000 1000 0.8 30 0.4 1 0.8
1.00298050760239 30.5103074391842 "experimento_41" 41 5000 1000 0.8 30 0.4 1 0.8
0.999816193478182 31.5122958501389 "experimento_41" 41 5000 1000 0.8 30 0.4 1 0.8
1.00039994066271 27.7520670274783 "experimento_41" 41 5000 1000 0.8 30 0.4 1 0.8
0.999978919047862 31.2268849961614 "experimento_41" 41 5000 1000 0.8 30 0.4 1 0.8
1.05135263481404 26.316420973205 "experimento_41" 41 5000 1000 0.8 30 0.4 1 0.8
0.999723484506831 30.1943679516368 "experimento_41" 41 5000 1000 0.8 30 0.4 1 0.8
1.00022482310111 31.5491171065735 "experimento_41" 41 5000 1000 0.8 30 0.4 1 0.8
1.02203536370459 30.1645116722724 "experimento_41" 41 5000 1000 0.8 30 0.4 1 0.8
1.00639050422773 32.4501244996945 "experimento_41" 41 5000 1000 0.8 30 0.4 1 0.8
0.999590473715216 31.1113338331098 "experimento_41" 41 5000 1000 0.8 30 0.4 1 0.8
1.00079404758289 30.5308658934198 "experimento_41" 41 5000 1000 0.8 30 0.4 1 0.8
1.00005456421916 29.6067648335148 "experimento_41" 41 5000 1000 0.8 30 0.4 1 0.8
1.00087334997952 29.5196734615917 "experimento_41" 41 5000 1000 0.8 30 0.4 1 0.8
1.00580226897684 30.3411197761906 "experimento_41" 41 5000 1000 0.8 30 0.4 1 0.8
0.999644599854946 30.9517718318018 "experimento_41" 41 5000 1000 0.8 30 0.4 1 0.8
1.00829325776237 31.0750011309929 "experimento_41" 41 5000 1000 0.8 30 0.4 1 0.8
0.999984045512974 29.2922703540111 "experimento_41" 41 5000 1000 0.8 30 0.4 1 0.8
1.00006332228271 30.684554020719 "experimento_41" 41 5000 1000 0.8 30 0.4 1 0.8
1.01073203083597 31.9864554710564 "experimento_41" 41 5000 1000 0.8 30 0.4 1 0.8
1.01742355744354 29.5469066740982 "experimento_41" 41 5000 1000 0.8 30 0.4 1 0.8
1.00923120307068 31.7913758298044 "experimento_41" 41 5000 1000 0.8 30 0.4 1 0.8
0.999040285823867 29.7628164554959 "experimento_41" 41 5000 1000 0.8 30 0.4 1 0.8
1.02019570043 32.6842037340298 "experimento_41" 41 5000 1000 0.8 30 0.4 1 0.8
1.00020026243977 30.589644974526 "experimento_41" 41 5000 1000 0.8 30 0.4 1 0.8
1.00000872645323 30.8394192979053 "experimento_41" 41 5000 1000 0.8 30 0.4 1 0.8
1.02109919087961 28.2052894788583 "experimento_41" 41 5000 1000 0.8 30 0.4 1 0.8
1.00060770894557 30.5498861654812 "experimento_41" 41 5000 1000 0.8 30 0.4 1 0.8
0.999596586683765 29.6908495833158 "experimento_41" 41 5000 1000 0.8 30 0.4 1 0.8
1.01465707275396 29.573746051651 "experimento_41" 41 5000 1000 0.8 30 0.4 1 0.8
0.999416497536004 29.770961376823 "experimento_41" 41 5000 1000 0.8 30 0.4 1 0.8
1.00210204193957 29.4072519742893 "experimento_41" 41 5000 1000 0.8 30 0.4 1 0.8
0.999760703882203 29.3496869597691 "experimento_41" 41 5000 1000 0.8 30 0.4 1 0.8
1.00040321250757 30.2425617702978 "experimento_41" 41 5000 1000 0.8 30 0.4 1 0.8
0.999898333568126 30.5246151319335 "experimento_41" 41 5000 1000 0.8 30 0.4 1 0.8
1.00961182761627 30.5040614826441 "experimento_41" 41 5000 1000 0.8 30 0.4 1 0.8
1.01617834625455 33.2395848801251 "experimento_41" 41 5000 1000 0.8 30 0.4 1 0.8
1.01455252547748 29.8973015913276 "experimento_41" 41 5000 1000 0.8 30 0.4 1 0.8
1.01227757899712 28.1445819289538 "experimento_41" 41 5000 1000 0.8 30 0.4 1 0.8
1.01179498023333 31.4111063873386 "experimento_41" 41 5000 1000 0.8 30 0.4 1 0.8
1.01387669978042 31.8858437149744 "experimento_41" 41 5000 1000 0.8 30 0.4 1 0.8
1.02322818708156 29.678665091433 "experimento_41" 41 5000 1000 0.8 30 0.4 1 0.8
1.01676733248557 32.6095327689568 "experimento_41" 41 5000 1000 0.8 30 0.4 1 0.8
1.01210429791051 30.6310721978194 "experimento_41" 41 5000 1000 0.8 30 0.4 1 0.8
1.00231488550262 29.7857476192826 "experimento_41" 41 5000 1000 0.8 30 0.4 1 0.8
1.00047635168083 30.6226794829528 "experimento_41" 41 5000 1000 0.8 30 0.4 1 0.8
1.00505652604876 31.3338566952542 "experimento_41" 41 5000 1000 0.8 30 0.4 1 0.8
1.00012619407779 29.2341899894673 "experimento_41" 41 5000 1000 0.8 30 0.4 1 0.8
1.00228294587384 28.8114031497227 "experimento_41" 41 5000 1000 0.8 30 0.4 1 0.8
1.00004321942488 30.3645118524691 "experimento_41" 41 5000 1000 0.8 30 0.4 1 0.8
0.999343706062064 28.6456914348453 "experimento_41" 41 5000 1000 0.8 30 0.4 1 0.8
1.03467723447689 29.4570311546072 "experimento_41" 41 5000 1000 0.8 30 0.4 1 0.8
1.00003783668316 30.1947814737758 "experimento_41" 41 5000 1000 0.8 30 0.4 1 0.8
1.00016031754203 31.0687418198569 "experimento_41" 41 5000 1000 0.8 30 0.4 1 0.8
1.01719290086379 30.3906410385529 "experimento_41" 41 5000 1000 0.8 30 0.4 1 0.8
0.99937730259262 28.4838205229676 "experimento_41" 41 5000 1000 0.8 30 0.4 1 0.8
1.00009455243464 29.2188386351208 "experimento_41" 41 5000 1000 0.8 30 0.4 1 0.8
1.00840530120768 27.7580674713699 "experimento_41" 41 5000 1000 0.8 30 0.4 1 0.8
1.00170424142085 30.3462197305289 "experimento_41" 41 5000 1000 0.8 30 0.4 1 0.8
1.02559406158064 32.0132708578071 "experimento_41" 41 5000 1000 0.8 30 0.4 1 0.8
1.01506202382346 30.5511575497949 "experimento_41" 41 5000 1000 0.8 30 0.4 1 0.8
0.999533150810748 29.3375858264536 "experimento_41" 41 5000 1000 0.8 30 0.4 1 0.8
0.999465183587745 29.7996561340822 "experimento_41" 41 5000 1000 0.8 30 0.4 1 0.8
1.0006388395559 30.1427911378987 "experimento_41" 41 5000 1000 0.8 30 0.4 1 0.8
0.999377409229055 30.934464425533 "experimento_41" 41 5000 1000 0.8 30 0.4 1 0.8
1.0284566207154 27.1796027739077 "experimento_41" 41 5000 1000 0.8 30 0.4 1 0.8
0.999854568159208 31.6461713385718 "experimento_41" 41 5000 1000 0.8 30 0.4 1 0.8
0.999942615162581 29.0983457548962 "experimento_41" 41 5000 1000 0.8 30 0.4 1 0.8
1.03080372587712 32.9872651063806 "experimento_41" 41 5000 1000 0.8 30 0.4 1 0.8
1.00117589680788 30.4626367533067 "experimento_41" 41 5000 1000 0.8 30 0.4 1 0.8
1.00422972513673 32.2680348032412 "experimento_41" 41 5000 1000 0.8 30 0.4 1 0.8
1.00007493641848 28.0265332221518 "experimento_41" 41 5000 1000 0.8 30 0.4 1 0.8
1.030050073811 31.0811432392654 "experimento_41" 41 5000 1000 0.8 30 0.4 1 0.8
0.999354800209403 29.6848738862736 "experimento_41" 41 5000 1000 0.8 30 0.4 1 0.8
1.00116762871141 30.0598982517843 "experimento_41" 41 5000 1000 0.8 30 0.4 1 0.8
1.01501668614025 30.5653839222679 "experimento_41" 41 5000 1000 0.8 30 0.4 1 0.8
1.00002079405732 29.055618888529 "experimento_41" 41 5000 1000 0.8 30 0.4 1 0.8
1.00146175275246 29.6178339483561 "experimento_41" 41 5000 1000 0.8 30 0.4 1 0.8
1.00022180072653 30.0749945107146 "experimento_41" 41 5000 1000 0.8 30 0.4 1 0.8
1.04208752081279 31.7881833142558 "experimento_41" 41 5000 1000 0.8 30 0.4 1 0.8
1.00035654340119 28.8426919407793 "experimento_41" 41 5000 1000 0.8 30 0.4 1 0.8
1.00439305044608 29.7301184837846 "experimento_41" 41 5000 1000 0.8 30 0.4 1 0.8
0.999478515004739 29.2689249937238 "experimento_41" 41 5000 1000 0.8 30 0.4 1 0.8
1.01000027925348 29.2598223524205 "experimento_41" 41 5000 1000 0.8 30 0.4 1 0.8
0.999988447874784 30.1240311405495 "experimento_41" 41 5000 1000 0.8 30 0.4 1 0.8
0.999311036430299 31.3261940764266 "experimento_41" 41 5000 1000 0.8 30 0.4 1 0.8
0.999397151404992 28.8802370356006 "experimento_41" 41 5000 1000 0.8 30 0.4 1 0.8
1.00135696417031 30.3450130379701 "experimento_41" 41 5000 1000 0.8 30 0.4 1 0.8
1.00000561955402 30.3024887435903 "experimento_41" 41 5000 1000 0.8 30 0.4 1 0.8
