"est.u" "est.lamb" "name" "seed" "size" "replicates" "p_umbral" "exp_lambda" "alpha_pen" "n_pen" "c"
1.02559835543257 1.0119097692538 "experimento_17" 17 5000 1000 0.8 1 0.4 1 0.8
1.00812254287302 1.00203581417472 "experimento_17" 17 5000 1000 0.8 1 0.4 1 0.8
0.997114486759529 0.991967804145224 "experimento_17" 17 5000 1000 0.8 1 0.4 1 0.8
0.995344545226544 0.979486661089713 "experimento_17" 17 5000 1000 0.8 1 0.4 1 0.8
0.991525925695896 0.992176633319942 "experimento_17" 17 5000 1000 0.8 1 0.4 1 0.8
1.45902767824009 0.933120447492051 "experimento_17" 17 5000 1000 0.8 1 0.4 1 0.8
0.993080474436283 0.975152890719991 "experimento_17" 17 5000 1000 0.8 1 0.4 1 0.8
0.998824869282544 0.995150277121458 "experimento_17" 17 5000 1000 0.8 1 0.4 1 0.8
0.997475905576721 0.96714411118032 "experimento_17" 17 5000 1000 0.8 1 0.4 1 0.8
1.03657126193866 0.965264553324188 "experimento_17" 17 5000 1000 0.8 1 0.4 1 0.8
0.999946898780763 0.940772661355197 "experimento_17" 17 5000 1000 0.8 1 0.4 1 0.8
0.995241824770346 1.00086887584323 "experimento_17" 17 5000 1000 0.8 1 0.4 1 0.8
1.00733975410317 1.01154821620178 "experimento_17" 17 5000 1000 0.8 1 0.4 1 0.8
1.00194311980158 1.0182435057105 "experimento_17" 17 5000 1000 0.8 1 0.4 1 0.8
0.995945396833122 1.05077189300348 "experimento_17" 17 5000 1000 0.8 1 0.4 1 0.8
0.99696888984181 1.03656326229869 "experimento_17" 17 5000 1000 0.8 1 0.4 1 0.8
0.9996540278662 1.03639535854775 "experimento_17" 17 5000 1000 0.8 1 0.4 1 0.8
1.00414384482428 0.969966435328762 "experimento_17" 17 5000 1000 0.8 1 0.4 1 0.8
0.99980724719353 0.918018308435339 "experimento_17" 17 5000 1000 0.8 1 0.4 1 0.8
1.02236229272908 1.00476024035356 "experimento_17" 17 5000 1000 0.8 1 0.4 1 0.8
0.987812351202592 1.0346537798845 "experimento_17" 17 5000 1000 0.8 1 0.4 1 0.8
1.0566509575583 0.98895302630042 "experimento_17" 17 5000 1000 0.8 1 0.4 1 0.8
0.998420051531866 0.937542258818648 "experimento_17" 17 5000 1000 0.8 1 0.4 1 0.8
1.4317794945091 1.07437295406869 "experimento_17" 17 5000 1000 0.8 1 0.4 1 0.8
1.03417015494779 1.01794109927334 "experimento_17" 17 5000 1000 0.8 1 0.4 1 0.8
0.993345090188086 1.03033457006265 "experimento_17" 17 5000 1000 0.8 1 0.4 1 0.8
0.990835685748607 0.994730670924758 "experimento_17" 17 5000 1000 0.8 1 0.4 1 0.8
0.992617243668064 1.08877113699768 "experimento_17" 17 5000 1000 0.8 1 0.4 1 0.8
1.0265148717924 1.03484952094532 "experimento_17" 17 5000 1000 0.8 1 0.4 1 0.8
0.994524161564186 1.00008226242862 "experimento_17" 17 5000 1000 0.8 1 0.4 1 0.8
0.996268772054464 1.03565934758592 "experimento_17" 17 5000 1000 0.8 1 0.4 1 0.8
0.995822709053755 1.0465342815027 "experimento_17" 17 5000 1000 0.8 1 0.4 1 0.8
0.994417468784377 1.00137486217783 "experimento_17" 17 5000 1000 0.8 1 0.4 1 0.8
1.01185048205617 1.03303436438003 "experimento_17" 17 5000 1000 0.8 1 0.4 1 0.8
1.00383979687467 0.995130738731133 "experimento_17" 17 5000 1000 0.8 1 0.4 1 0.8
0.995334877865389 0.999966460895 "experimento_17" 17 5000 1000 0.8 1 0.4 1 0.8
0.994664430385455 1.00680292085941 "experimento_17" 17 5000 1000 0.8 1 0.4 1 0.8
0.991172125330195 1.03742875132349 "experimento_17" 17 5000 1000 0.8 1 0.4 1 0.8
0.98658107733354 1.06330353445469 "experimento_17" 17 5000 1000 0.8 1 0.4 1 0.8
1.00048899464309 0.997223101401855 "experimento_17" 17 5000 1000 0.8 1 0.4 1 0.8
1.00057002063841 0.956053476007808 "experimento_17" 17 5000 1000 0.8 1 0.4 1 0.8
1.00155287794769 1.00020638814477 "experimento_17" 17 5000 1000 0.8 1 0.4 1 0.8
0.996211071964353 1.03779431582793 "experimento_17" 17 5000 1000 0.8 1 0.4 1 0.8
1.06765364724617 0.962051621074632 "experimento_17" 17 5000 1000 0.8 1 0.4 1 0.8
0.997717316495255 0.969541373574835 "experimento_17" 17 5000 1000 0.8 1 0.4 1 0.8
0.998587063746527 1.03039398061292 "experimento_17" 17 5000 1000 0.8 1 0.4 1 0.8
1.01915736636147 1.0210283383253 "experimento_17" 17 5000 1000 0.8 1 0.4 1 0.8
0.999716200865805 0.983106862087507 "experimento_17" 17 5000 1000 0.8 1 0.4 1 0.8
1.00078386580572 1.0604241590262 "experimento_17" 17 5000 1000 0.8 1 0.4 1 0.8
0.994289541151375 1.03261497882345 "experimento_17" 17 5000 1000 0.8 1 0.4 1 0.8
0.998319809092209 0.950538941011515 "experimento_17" 17 5000 1000 0.8 1 0.4 1 0.8
0.995961745269597 1.01860305385058 "experimento_17" 17 5000 1000 0.8 1 0.4 1 0.8
0.995789042906836 1.00710038120059 "experimento_17" 17 5000 1000 0.8 1 0.4 1 0.8
0.998913907213137 1.02469947789652 "experimento_17" 17 5000 1000 0.8 1 0.4 1 0.8
0.996277129277587 1.01846902666333 "experimento_17" 17 5000 1000 0.8 1 0.4 1 0.8
0.999917038716376 0.993232899064107 "experimento_17" 17 5000 1000 0.8 1 0.4 1 0.8
0.999742785468698 0.987287636669722 "experimento_17" 17 5000 1000 0.8 1 0.4 1 0.8
1.17733665462583 1.01701617793327 "experimento_17" 17 5000 1000 0.8 1 0.4 1 0.8
0.99697624030523 1.03647941926181 "experimento_17" 17 5000 1000 0.8 1 0.4 1 0.8
1.07100548206467 0.980965752798639 "experimento_17" 17 5000 1000 0.8 1 0.4 1 0.8
0.997643504524603 0.986635569841899 "experimento_17" 17 5000 1000 0.8 1 0.4 1 0.8
1.11760788918831 0.955081104470298 "experimento_17" 17 5000 1000 0.8 1 0.4 1 0.8
0.995149949332699 1.01339514955211 "experimento_17" 17 5000 1000 0.8 1 0.4 1 0.8
0.999930200865492 0.997626356964605 "experimento_17" 17 5000 1000 0.8 1 0.4 1 0.8
0.999119103420526 0.982895398395374 "experimento_17" 17 5000 1000 0.8 1 0.4 1 0.8
0.994150125887245 1.05593016220311 "experimento_17" 17 5000 1000 0.8 1 0.4 1 0.8
0.993749183835462 1.00730429625523 "experimento_17" 17 5000 1000 0.8 1 0.4 1 0.8
0.992897440446541 1.06328462829589 "experimento_17" 17 5000 1000 0.8 1 0.4 1 0.8
1.02778603648767 0.959739761492851 "experimento_17" 17 5000 1000 0.8 1 0.4 1 0.8
1.02158779596495 0.972953668420597 "experimento_17" 17 5000 1000 0.8 1 0.4 1 0.8
0.999960861168802 0.999303627855031 "experimento_17" 17 5000 1000 0.8 1 0.4 1 0.8
0.999193653464317 0.970790664727408 "experimento_17" 17 5000 1000 0.8 1 0.4 1 0.8
0.995956666534767 0.970910410001977 "experimento_17" 17 5000 1000 0.8 1 0.4 1 0.8
0.999979039886966 0.980686517110825 "experimento_17" 17 5000 1000 0.8 1 0.4 1 0.8
1.20034985663369 1.03565300711016 "experimento_17" 17 5000 1000 0.8 1 0.4 1 0.8
1.11864255342504 0.988180291567731 "experimento_17" 17 5000 1000 0.8 1 0.4 1 0.8
0.999006365658715 0.9910093839211 "experimento_17" 17 5000 1000 0.8 1 0.4 1 0.8
0.993472666479647 0.985345905562936 "experimento_17" 17 5000 1000 0.8 1 0.4 1 0.8
0.99713911046274 1.02498637583567 "experimento_17" 17 5000 1000 0.8 1 0.4 1 0.8
1.00269631482661 0.972136716036489 "experimento_17" 17 5000 1000 0.8 1 0.4 1 0.8
1.04283027723432 1.0346206058154 "experimento_17" 17 5000 1000 0.8 1 0.4 1 0.8
1.08302988531068 0.974217052690121 "experimento_17" 17 5000 1000 0.8 1 0.4 1 0.8
1.35930940695107 0.938270803258923 "experimento_17" 17 5000 1000 0.8 1 0.4 1 0.8
0.993019820190966 1.06869168404841 "experimento_17" 17 5000 1000 0.8 1 0.4 1 0.8
1.02975191455334 1.01260361818424 "experimento_17" 17 5000 1000 0.8 1 0.4 1 0.8
1.00586484465748 0.978748662929591 "experimento_17" 17 5000 1000 0.8 1 0.4 1 0.8
0.996086832135916 1.01731070720169 "experimento_17" 17 5000 1000 0.8 1 0.4 1 0.8
1.20892391167581 0.946289339472806 "experimento_17" 17 5000 1000 0.8 1 0.4 1 0.8
0.996373041998595 1.04626307719921 "experimento_17" 17 5000 1000 0.8 1 0.4 1 0.8
0.998325162101537 1.00947336252801 "experimento_17" 17 5000 1000 0.8 1 0.4 1 0.8
1.00671955630403 0.975935211642178 "experimento_17" 17 5000 1000 0.8 1 0.4 1 0.8
0.991912095341831 1.05247130843889 "experimento_17" 17 5000 1000 0.8 1 0.4 1 0.8
1.00396372027527 1.03005809697816 "experimento_17" 17 5000 1000 0.8 1 0.4 1 0.8
1.0847625117749 1.00318965207615 "experimento_17" 17 5000 1000 0.8 1 0.4 1 0.8
0.994538409169763 0.970578339334673 "experimento_17" 17 5000 1000 0.8 1 0.4 1 0.8
0.999799241777509 0.985578398793052 "experimento_17" 17 5000 1000 0.8 1 0.4 1 0.8
0.999034873209894 0.975105945548977 "experimento_17" 17 5000 1000 0.8 1 0.4 1 0.8
1.00654140385686 0.962936832170705 "experimento_17" 17 5000 1000 0.8 1 0.4 1 0.8
0.993935257196426 1.05555607919071 "experimento_17" 17 5000 1000 0.8 1 0.4 1 0.8
0.995347894495353 1.01531931352457 "experimento_17" 17 5000 1000 0.8 1 0.4 1 0.8
1.01654187077656 1.02338592354438 "experimento_17" 17 5000 1000 0.8 1 0.4 1 0.8
0.998361834790558 1.0259494479042 "experimento_17" 17 5000 1000 0.8 1 0.4 1 0.8
1.00037464173511 0.977146910262098 "experimento_17" 17 5000 1000 0.8 1 0.4 1 0.8
1.00773829594804 0.964859096542444 "experimento_17" 17 5000 1000 0.8 1 0.4 1 0.8
0.989602723857388 0.992786893222144 "experimento_17" 17 5000 1000 0.8 1 0.4 1 0.8
1.00059442780912 1.01061016066385 "experimento_17" 17 5000 1000 0.8 1 0.4 1 0.8
1.00541444309056 0.974062188762646 "experimento_17" 17 5000 1000 0.8 1 0.4 1 0.8
1.31692998112224 1.00904601812567 "experimento_17" 17 5000 1000 0.8 1 0.4 1 0.8
0.996328270761296 1.03400723533867 "experimento_17" 17 5000 1000 0.8 1 0.4 1 0.8
0.999558509327471 1.0826383248431 "experimento_17" 17 5000 1000 0.8 1 0.4 1 0.8
0.993026272393763 1.03725129550862 "experimento_17" 17 5000 1000 0.8 1 0.4 1 0.8
1.00020488584414 0.990208611720149 "experimento_17" 17 5000 1000 0.8 1 0.4 1 0.8
1.00088675357137 0.995448337040467 "experimento_17" 17 5000 1000 0.8 1 0.4 1 0.8
0.994643920566887 0.985169044299692 "experimento_17" 17 5000 1000 0.8 1 0.4 1 0.8
1.07181850960478 0.956398549490863 "experimento_17" 17 5000 1000 0.8 1 0.4 1 0.8
1.13485570717603 0.965148481458251 "experimento_17" 17 5000 1000 0.8 1 0.4 1 0.8
0.992779542924836 1.04745313044465 "experimento_17" 17 5000 1000 0.8 1 0.4 1 0.8
0.999334853375331 0.950781109366254 "experimento_17" 17 5000 1000 0.8 1 0.4 1 0.8
1.00127798086032 1.03568057077863 "experimento_17" 17 5000 1000 0.8 1 0.4 1 0.8
0.998910752125084 0.964773397895776 "experimento_17" 17 5000 1000 0.8 1 0.4 1 0.8
0.992745849071071 1.03742029547393 "experimento_17" 17 5000 1000 0.8 1 0.4 1 0.8
0.996630581095815 0.972309500255687 "experimento_17" 17 5000 1000 0.8 1 0.4 1 0.8
1.00248427519549 0.997952290961317 "experimento_17" 17 5000 1000 0.8 1 0.4 1 0.8
0.9917731822934 1.01969176154513 "experimento_17" 17 5000 1000 0.8 1 0.4 1 0.8
0.994763778755441 1.01640476204593 "experimento_17" 17 5000 1000 0.8 1 0.4 1 0.8
0.996372806141153 1.04599597119591 "experimento_17" 17 5000 1000 0.8 1 0.4 1 0.8
0.996462638722733 1.03795017156476 "experimento_17" 17 5000 1000 0.8 1 0.4 1 0.8
0.994275829289109 1.02785225802508 "experimento_17" 17 5000 1000 0.8 1 0.4 1 0.8
0.99986208928749 1.02675625054273 "experimento_17" 17 5000 1000 0.8 1 0.4 1 0.8
1.06385479029268 0.98614787249958 "experimento_17" 17 5000 1000 0.8 1 0.4 1 0.8
0.999684068374336 0.991917769967331 "experimento_17" 17 5000 1000 0.8 1 0.4 1 0.8
0.998567168600857 1.06281229176818 "experimento_17" 17 5000 1000 0.8 1 0.4 1 0.8
0.99711708095856 1.00589336389217 "experimento_17" 17 5000 1000 0.8 1 0.4 1 0.8
0.996324354782701 0.98147034544719 "experimento_17" 17 5000 1000 0.8 1 0.4 1 0.8
0.998060277663171 1.00471820904287 "experimento_17" 17 5000 1000 0.8 1 0.4 1 0.8
1.00038563786075 0.953364991444164 "experimento_17" 17 5000 1000 0.8 1 0.4 1 0.8
1.1655013631098 0.949157327955283 "experimento_17" 17 5000 1000 0.8 1 0.4 1 0.8
0.998714034445584 0.995085622448999 "experimento_17" 17 5000 1000 0.8 1 0.4 1 0.8
1.00215677544475 0.997992551262607 "experimento_17" 17 5000 1000 0.8 1 0.4 1 0.8
0.997421986423433 0.954703785884762 "experimento_17" 17 5000 1000 0.8 1 0.4 1 0.8
0.997132549295202 0.964994984221224 "experimento_17" 17 5000 1000 0.8 1 0.4 1 0.8
1.03618253441527 0.953712008486317 "experimento_17" 17 5000 1000 0.8 1 0.4 1 0.8
0.999877078924328 1.01281323264898 "experimento_17" 17 5000 1000 0.8 1 0.4 1 0.8
1.01850401974421 0.976613179026751 "experimento_17" 17 5000 1000 0.8 1 0.4 1 0.8
0.998982347780839 0.972040670733803 "experimento_17" 17 5000 1000 0.8 1 0.4 1 0.8
0.991326882038265 0.995658254456252 "experimento_17" 17 5000 1000 0.8 1 0.4 1 0.8
0.994428036967292 1.04431481628845 "experimento_17" 17 5000 1000 0.8 1 0.4 1 0.8
0.999092068057507 1.02051103225793 "experimento_17" 17 5000 1000 0.8 1 0.4 1 0.8
1.02138447199691 0.976348212884864 "experimento_17" 17 5000 1000 0.8 1 0.4 1 0.8
1.00058575812727 1.00949365189029 "experimento_17" 17 5000 1000 0.8 1 0.4 1 0.8
0.996091364417225 1.04019370578072 "experimento_17" 17 5000 1000 0.8 1 0.4 1 0.8
0.993834458990023 0.997381608271474 "experimento_17" 17 5000 1000 0.8 1 0.4 1 0.8
1.00742665508685 0.976483776316841 "experimento_17" 17 5000 1000 0.8 1 0.4 1 0.8
0.995513906702399 1.01180831020733 "experimento_17" 17 5000 1000 0.8 1 0.4 1 0.8
1.00482866673772 0.981954588486289 "experimento_17" 17 5000 1000 0.8 1 0.4 1 0.8
0.998306792695075 1.04752781588765 "experimento_17" 17 5000 1000 0.8 1 0.4 1 0.8
0.991525026038289 1.02053848308126 "experimento_17" 17 5000 1000 0.8 1 0.4 1 0.8
1.02581923867114 0.974472134427799 "experimento_17" 17 5000 1000 0.8 1 0.4 1 0.8
0.998199685709551 1.00446701443873 "experimento_17" 17 5000 1000 0.8 1 0.4 1 0.8
0.993888227967545 0.975282834202562 "experimento_17" 17 5000 1000 0.8 1 0.4 1 0.8
0.994047308340669 0.959915708717108 "experimento_17" 17 5000 1000 0.8 1 0.4 1 0.8
0.990873264148831 1.0344115905206 "experimento_17" 17 5000 1000 0.8 1 0.4 1 0.8
0.996423291740939 0.965589044964538 "experimento_17" 17 5000 1000 0.8 1 0.4 1 0.8
0.993881528731436 1.05691291369406 "experimento_17" 17 5000 1000 0.8 1 0.4 1 0.8
0.994891904294491 1.03811205714959 "experimento_17" 17 5000 1000 0.8 1 0.4 1 0.8
0.998156022746116 0.999452145711593 "experimento_17" 17 5000 1000 0.8 1 0.4 1 0.8
0.996471050661057 0.995144276788001 "experimento_17" 17 5000 1000 0.8 1 0.4 1 0.8
0.993686189409345 1.03290657294847 "experimento_17" 17 5000 1000 0.8 1 0.4 1 0.8
0.99634927813895 0.966056993730184 "experimento_17" 17 5000 1000 0.8 1 0.4 1 0.8
0.993854039115831 1.0319409265338 "experimento_17" 17 5000 1000 0.8 1 0.4 1 0.8
0.995890442747623 1.05483672502955 "experimento_17" 17 5000 1000 0.8 1 0.4 1 0.8
0.998665410792455 0.978732724983796 "experimento_17" 17 5000 1000 0.8 1 0.4 1 0.8
0.993677653372288 1.06313617993621 "experimento_17" 17 5000 1000 0.8 1 0.4 1 0.8
0.99962676782161 1.00391618860496 "experimento_17" 17 5000 1000 0.8 1 0.4 1 0.8
1.18700217233488 0.967621317437388 "experimento_17" 17 5000 1000 0.8 1 0.4 1 0.8
0.999400382395834 1.01653605962119 "experimento_17" 17 5000 1000 0.8 1 0.4 1 0.8
0.995927480747923 1.00271125939041 "experimento_17" 17 5000 1000 0.8 1 0.4 1 0.8
0.999501317273825 1.04846685992553 "experimento_17" 17 5000 1000 0.8 1 0.4 1 0.8
1.00339489790348 1.01402382568526 "experimento_17" 17 5000 1000 0.8 1 0.4 1 0.8
0.995041873073205 0.967299223140998 "experimento_17" 17 5000 1000 0.8 1 0.4 1 0.8
1.01692527875916 0.949653056686529 "experimento_17" 17 5000 1000 0.8 1 0.4 1 0.8
0.99443647894077 1.01752367569834 "experimento_17" 17 5000 1000 0.8 1 0.4 1 0.8
1.19803941855207 0.974341598974981 "experimento_17" 17 5000 1000 0.8 1 0.4 1 0.8
0.99622772145085 0.972683704745715 "experimento_17" 17 5000 1000 0.8 1 0.4 1 0.8
0.998174376552925 1.04801344242463 "experimento_17" 17 5000 1000 0.8 1 0.4 1 0.8
0.994351732544601 0.983404427733527 "experimento_17" 17 5000 1000 0.8 1 0.4 1 0.8
0.999338746070862 0.945838786185852 "experimento_17" 17 5000 1000 0.8 1 0.4 1 0.8
0.998749969294295 1.00666423966016 "experimento_17" 17 5000 1000 0.8 1 0.4 1 0.8
0.999773030634969 0.97485073211267 "experimento_17" 17 5000 1000 0.8 1 0.4 1 0.8
1.03120067520892 1.00603152456037 "experimento_17" 17 5000 1000 0.8 1 0.4 1 0.8
1.01276534236968 1.01323718484385 "experimento_17" 17 5000 1000 0.8 1 0.4 1 0.8
0.99836016818881 0.962727723646322 "experimento_17" 17 5000 1000 0.8 1 0.4 1 0.8
1.00147217222401 0.993574137289576 "experimento_17" 17 5000 1000 0.8 1 0.4 1 0.8
1.01096796942875 1.01801478431972 "experimento_17" 17 5000 1000 0.8 1 0.4 1 0.8
1.10214240290225 0.947650336140644 "experimento_17" 17 5000 1000 0.8 1 0.4 1 0.8
1.33005018598461 0.976857430412645 "experimento_17" 17 5000 1000 0.8 1 0.4 1 0.8
0.998928541317582 0.951034332400587 "experimento_17" 17 5000 1000 0.8 1 0.4 1 0.8
0.989408200839534 1.02761131902763 "experimento_17" 17 5000 1000 0.8 1 0.4 1 0.8
0.993454219540581 1.03106135487829 "experimento_17" 17 5000 1000 0.8 1 0.4 1 0.8
1.00609000958502 0.961138767055746 "experimento_17" 17 5000 1000 0.8 1 0.4 1 0.8
1.00197744050395 1.00336941321628 "experimento_17" 17 5000 1000 0.8 1 0.4 1 0.8
1.01277086409256 1.01290756446787 "experimento_17" 17 5000 1000 0.8 1 0.4 1 0.8
0.998297958867624 1.01359992136826 "experimento_17" 17 5000 1000 0.8 1 0.4 1 0.8
0.99824326345697 1.01071371444186 "experimento_17" 17 5000 1000 0.8 1 0.4 1 0.8
0.997222419828176 1.00753085865456 "experimento_17" 17 5000 1000 0.8 1 0.4 1 0.8
0.999900880036876 1.03812261987707 "experimento_17" 17 5000 1000 0.8 1 0.4 1 0.8
1.00005377459021 0.993421766905037 "experimento_17" 17 5000 1000 0.8 1 0.4 1 0.8
1.0110948192887 1.01355495289348 "experimento_17" 17 5000 1000 0.8 1 0.4 1 0.8
1.46525662764907 0.958240886575039 "experimento_17" 17 5000 1000 0.8 1 0.4 1 0.8
1.0122075304389 0.976906209551079 "experimento_17" 17 5000 1000 0.8 1 0.4 1 0.8
0.998576189158484 0.977145066289211 "experimento_17" 17 5000 1000 0.8 1 0.4 1 0.8
0.995324065210298 1.03271829521976 "experimento_17" 17 5000 1000 0.8 1 0.4 1 0.8
0.994165409822017 1.03495747821263 "experimento_17" 17 5000 1000 0.8 1 0.4 1 0.8
0.999299386050552 0.962426668651882 "experimento_17" 17 5000 1000 0.8 1 0.4 1 0.8
0.997583453077823 1.02823020282545 "experimento_17" 17 5000 1000 0.8 1 0.4 1 0.8
0.995185415493324 1.0527083610394 "experimento_17" 17 5000 1000 0.8 1 0.4 1 0.8
1.05475163133815 1.01928363430129 "experimento_17" 17 5000 1000 0.8 1 0.4 1 0.8
1.00180858485318 1.04828548063576 "experimento_17" 17 5000 1000 0.8 1 0.4 1 0.8
1.0442976219417 0.997887319692689 "experimento_17" 17 5000 1000 0.8 1 0.4 1 0.8
0.997825195314363 0.995070162355915 "experimento_17" 17 5000 1000 0.8 1 0.4 1 0.8
1.04008656507358 0.976684457712153 "experimento_17" 17 5000 1000 0.8 1 0.4 1 0.8
0.999470235547051 0.987981257458046 "experimento_17" 17 5000 1000 0.8 1 0.4 1 0.8
0.998052787967026 1.00685428656318 "experimento_17" 17 5000 1000 0.8 1 0.4 1 0.8
1.00620212219656 1.05256137066899 "experimento_17" 17 5000 1000 0.8 1 0.4 1 0.8
1.00052560790684 0.941243369405214 "experimento_17" 17 5000 1000 0.8 1 0.4 1 0.8
1.05556604878887 0.93105376158075 "experimento_17" 17 5000 1000 0.8 1 0.4 1 0.8
0.998829479794949 1.03836055681722 "experimento_17" 17 5000 1000 0.8 1 0.4 1 0.8
0.993167293258011 1.01720190779803 "experimento_17" 17 5000 1000 0.8 1 0.4 1 0.8
0.996570389019325 0.957981488917796 "experimento_17" 17 5000 1000 0.8 1 0.4 1 0.8
0.997257808921859 1.02817910127354 "experimento_17" 17 5000 1000 0.8 1 0.4 1 0.8
0.998565554618835 0.970849580149488 "experimento_17" 17 5000 1000 0.8 1 0.4 1 0.8
0.999814202077687 1.04123983389124 "experimento_17" 17 5000 1000 0.8 1 0.4 1 0.8
0.992048639338464 1.01599994400045 "experimento_17" 17 5000 1000 0.8 1 0.4 1 0.8
1.00972846895456 1.01872632892332 "experimento_17" 17 5000 1000 0.8 1 0.4 1 0.8
0.997510148677975 0.979317838369361 "experimento_17" 17 5000 1000 0.8 1 0.4 1 0.8
0.996589559130371 1.02640451837806 "experimento_17" 17 5000 1000 0.8 1 0.4 1 0.8
0.996565535897389 1.01544656479488 "experimento_17" 17 5000 1000 0.8 1 0.4 1 0.8
0.997094873106107 1.01725121585705 "experimento_17" 17 5000 1000 0.8 1 0.4 1 0.8
0.994473304599524 0.998928533890012 "experimento_17" 17 5000 1000 0.8 1 0.4 1 0.8
0.999874486587942 0.996362251601565 "experimento_17" 17 5000 1000 0.8 1 0.4 1 0.8
1.05361367901787 1.00274152627623 "experimento_17" 17 5000 1000 0.8 1 0.4 1 0.8
0.989194312831387 1.09260938117999 "experimento_17" 17 5000 1000 0.8 1 0.4 1 0.8
1.06899822470799 1.00633352061243 "experimento_17" 17 5000 1000 0.8 1 0.4 1 0.8
1.47320035193115 0.910800990707374 "experimento_17" 17 5000 1000 0.8 1 0.4 1 0.8
0.999996308470145 0.946845384571663 "experimento_17" 17 5000 1000 0.8 1 0.4 1 0.8
1.32379706762731 0.95269950090213 "experimento_17" 17 5000 1000 0.8 1 0.4 1 0.8
0.998640851583332 0.983693938845792 "experimento_17" 17 5000 1000 0.8 1 0.4 1 0.8
0.992673172615469 1.04548090147271 "experimento_17" 17 5000 1000 0.8 1 0.4 1 0.8
1.50674612133412 1.11840957855222 "experimento_17" 17 5000 1000 0.8 1 0.4 1 0.8
0.998603554209694 0.999356428080707 "experimento_17" 17 5000 1000 0.8 1 0.4 1 0.8
0.997898305533454 0.952555470463543 "experimento_17" 17 5000 1000 0.8 1 0.4 1 0.8
1.00153152132407 1.01434315314806 "experimento_17" 17 5000 1000 0.8 1 0.4 1 0.8
1.00350150023279 0.995252501308709 "experimento_17" 17 5000 1000 0.8 1 0.4 1 0.8
0.998304602690041 1.01350057999171 "experimento_17" 17 5000 1000 0.8 1 0.4 1 0.8
0.996327703353018 1.10848883356562 "experimento_17" 17 5000 1000 0.8 1 0.4 1 0.8
0.997283108765259 1.04201599974644 "experimento_17" 17 5000 1000 0.8 1 0.4 1 0.8
0.995194615796208 0.970386131650249 "experimento_17" 17 5000 1000 0.8 1 0.4 1 0.8
0.994535348145291 1.01988678419749 "experimento_17" 17 5000 1000 0.8 1 0.4 1 0.8
1.13308636736285 1.03372206539624 "experimento_17" 17 5000 1000 0.8 1 0.4 1 0.8
0.99993443582207 1.02177760420506 "experimento_17" 17 5000 1000 0.8 1 0.4 1 0.8
0.995628918055445 1.01941138305503 "experimento_17" 17 5000 1000 0.8 1 0.4 1 0.8
1.00004565768616 1.00305884370417 "experimento_17" 17 5000 1000 0.8 1 0.4 1 0.8
0.996105128899217 0.998232735087398 "experimento_17" 17 5000 1000 0.8 1 0.4 1 0.8
0.993246354395524 1.03252401749403 "experimento_17" 17 5000 1000 0.8 1 0.4 1 0.8
0.999653689330444 1.0093621240051 "experimento_17" 17 5000 1000 0.8 1 0.4 1 0.8
1.00007507268798 1.02700451501796 "experimento_17" 17 5000 1000 0.8 1 0.4 1 0.8
0.996219876920804 1.02972985002942 "experimento_17" 17 5000 1000 0.8 1 0.4 1 0.8
1.00487819034606 0.975076420232319 "experimento_17" 17 5000 1000 0.8 1 0.4 1 0.8
0.995133031159639 1.0644425651208 "experimento_17" 17 5000 1000 0.8 1 0.4 1 0.8
0.995001784525812 1.00753222409114 "experimento_17" 17 5000 1000 0.8 1 0.4 1 0.8
0.99230675958097 0.963555150505626 "experimento_17" 17 5000 1000 0.8 1 0.4 1 0.8
0.994618862634525 1.0145067668056 "experimento_17" 17 5000 1000 0.8 1 0.4 1 0.8
0.998848159098998 1.00195997758626 "experimento_17" 17 5000 1000 0.8 1 0.4 1 0.8
0.995482726488262 0.986612450594144 "experimento_17" 17 5000 1000 0.8 1 0.4 1 0.8
0.999129059258848 0.993546366181853 "experimento_17" 17 5000 1000 0.8 1 0.4 1 0.8
1.15539822401479 0.986233195518565 "experimento_17" 17 5000 1000 0.8 1 0.4 1 0.8
0.994192079408094 1.01730206487063 "experimento_17" 17 5000 1000 0.8 1 0.4 1 0.8
0.993825171142817 0.973451126916559 "experimento_17" 17 5000 1000 0.8 1 0.4 1 0.8
1.05317903974814 0.963780996895275 "experimento_17" 17 5000 1000 0.8 1 0.4 1 0.8
0.991111756302416 1.01480011637589 "experimento_17" 17 5000 1000 0.8 1 0.4 1 0.8
0.99691695580259 1.02010522956354 "experimento_17" 17 5000 1000 0.8 1 0.4 1 0.8
1.00275283893113 1.02387210604372 "experimento_17" 17 5000 1000 0.8 1 0.4 1 0.8
0.998706930549815 0.938219170266745 "experimento_17" 17 5000 1000 0.8 1 0.4 1 0.8
1.04933733819053 1.04645166830893 "experimento_17" 17 5000 1000 0.8 1 0.4 1 0.8
0.999605855206028 1.01396342701378 "experimento_17" 17 5000 1000 0.8 1 0.4 1 0.8
1.00659165377892 1.0140916921571 "experimento_17" 17 5000 1000 0.8 1 0.4 1 0.8
0.996010939124972 1.01679818095706 "experimento_17" 17 5000 1000 0.8 1 0.4 1 0.8
0.996514744358137 1.05211464973432 "experimento_17" 17 5000 1000 0.8 1 0.4 1 0.8
0.997123978100717 0.982327639002224 "experimento_17" 17 5000 1000 0.8 1 0.4 1 0.8
1.00032999413088 0.976874637493132 "experimento_17" 17 5000 1000 0.8 1 0.4 1 0.8
1.00009088398779 1.01165266397516 "experimento_17" 17 5000 1000 0.8 1 0.4 1 0.8
0.996700224000961 1.01436801752089 "experimento_17" 17 5000 1000 0.8 1 0.4 1 0.8
0.996255461126566 0.996757736302393 "experimento_17" 17 5000 1000 0.8 1 0.4 1 0.8
0.99799857288599 1.00974722597635 "experimento_17" 17 5000 1000 0.8 1 0.4 1 0.8
1.05772877577692 0.987909035296519 "experimento_17" 17 5000 1000 0.8 1 0.4 1 0.8
0.999379808781669 0.978801039439092 "experimento_17" 17 5000 1000 0.8 1 0.4 1 0.8
0.996541977161542 1.05766802490624 "experimento_17" 17 5000 1000 0.8 1 0.4 1 0.8
0.997181917075068 1.0191605514352 "experimento_17" 17 5000 1000 0.8 1 0.4 1 0.8
1.00102164539722 1.0429148503968 "experimento_17" 17 5000 1000 0.8 1 0.4 1 0.8
0.992315234849229 1.07238740234295 "experimento_17" 17 5000 1000 0.8 1 0.4 1 0.8
0.9933090521954 1.00432735557373 "experimento_17" 17 5000 1000 0.8 1 0.4 1 0.8
0.999495716067031 0.970247106925034 "experimento_17" 17 5000 1000 0.8 1 0.4 1 0.8
0.993027212563902 1.11114585821689 "experimento_17" 17 5000 1000 0.8 1 0.4 1 0.8
1.00476175267249 0.938327507508183 "experimento_17" 17 5000 1000 0.8 1 0.4 1 0.8
1.00000269385055 0.932859760784873 "experimento_17" 17 5000 1000 0.8 1 0.4 1 0.8
0.999865904217586 1.05622869872702 "experimento_17" 17 5000 1000 0.8 1 0.4 1 0.8
1.03431649459526 1.00970131188573 "experimento_17" 17 5000 1000 0.8 1 0.4 1 0.8
0.993361219298095 1.02969816359804 "experimento_17" 17 5000 1000 0.8 1 0.4 1 0.8
0.99385622702539 0.977127527179569 "experimento_17" 17 5000 1000 0.8 1 0.4 1 0.8
1.0080227619037 0.979878526157099 "experimento_17" 17 5000 1000 0.8 1 0.4 1 0.8
1.01457635872066 1.01387674829455 "experimento_17" 17 5000 1000 0.8 1 0.4 1 0.8
1.0156857194379 0.96269775938723 "experimento_17" 17 5000 1000 0.8 1 0.4 1 0.8
1.32908923085779 1.0011320568743 "experimento_17" 17 5000 1000 0.8 1 0.4 1 0.8
0.999033194500953 0.976360596309055 "experimento_17" 17 5000 1000 0.8 1 0.4 1 0.8
0.994717658264562 0.982111043571089 "experimento_17" 17 5000 1000 0.8 1 0.4 1 0.8
0.994431146187708 0.982808370937807 "experimento_17" 17 5000 1000 0.8 1 0.4 1 0.8
0.999447475653142 1.00690839907706 "experimento_17" 17 5000 1000 0.8 1 0.4 1 0.8
0.999930090270936 1.03019804827613 "experimento_17" 17 5000 1000 0.8 1 0.4 1 0.8
0.996518020518124 0.975621131052533 "experimento_17" 17 5000 1000 0.8 1 0.4 1 0.8
0.995602879207581 1.05391675926562 "experimento_17" 17 5000 1000 0.8 1 0.4 1 0.8
0.99724434944801 1.04387329292709 "experimento_17" 17 5000 1000 0.8 1 0.4 1 0.8
0.996571109862998 0.991075523526767 "experimento_17" 17 5000 1000 0.8 1 0.4 1 0.8
0.991952942451462 0.988116417244689 "experimento_17" 17 5000 1000 0.8 1 0.4 1 0.8
0.999866077676415 0.983144367511226 "experimento_17" 17 5000 1000 0.8 1 0.4 1 0.8
0.998324590269476 1.07826956585303 "experimento_17" 17 5000 1000 0.8 1 0.4 1 0.8
0.999410139396787 1.02362186031896 "experimento_17" 17 5000 1000 0.8 1 0.4 1 0.8
0.993701474042609 1.04069749513158 "experimento_17" 17 5000 1000 0.8 1 0.4 1 0.8
1.00035300245458 1.00029855108395 "experimento_17" 17 5000 1000 0.8 1 0.4 1 0.8
0.998958288459107 1.01040960867293 "experimento_17" 17 5000 1000 0.8 1 0.4 1 0.8
1.00007364087224 1.06784156709447 "experimento_17" 17 5000 1000 0.8 1 0.4 1 0.8
0.994852232513949 1.02390317394579 "experimento_17" 17 5000 1000 0.8 1 0.4 1 0.8
0.996010150527582 1.03945033070436 "experimento_17" 17 5000 1000 0.8 1 0.4 1 0.8
0.997608019039035 0.978065639674747 "experimento_17" 17 5000 1000 0.8 1 0.4 1 0.8
0.99621330271475 1.00260845494035 "experimento_17" 17 5000 1000 0.8 1 0.4 1 0.8
1.00071576811082 0.995941831003976 "experimento_17" 17 5000 1000 0.8 1 0.4 1 0.8
0.99756498541683 1.03134160190047 "experimento_17" 17 5000 1000 0.8 1 0.4 1 0.8
1.40631676040938 1.10645444023484 "experimento_17" 17 5000 1000 0.8 1 0.4 1 0.8
0.998908140463755 0.994783303969722 "experimento_17" 17 5000 1000 0.8 1 0.4 1 0.8
0.99990174989216 0.945560459215408 "experimento_17" 17 5000 1000 0.8 1 0.4 1 0.8
0.996866564266384 0.983085247962428 "experimento_17" 17 5000 1000 0.8 1 0.4 1 0.8
0.989325883565471 1.03015728244964 "experimento_17" 17 5000 1000 0.8 1 0.4 1 0.8
0.999969946220517 0.972242107286344 "experimento_17" 17 5000 1000 0.8 1 0.4 1 0.8
0.999397887848318 1.04624775898731 "experimento_17" 17 5000 1000 0.8 1 0.4 1 0.8
0.99655234743841 1.01331565372 "experimento_17" 17 5000 1000 0.8 1 0.4 1 0.8
0.992780077736825 0.989662451364161 "experimento_17" 17 5000 1000 0.8 1 0.4 1 0.8
0.996388958301395 0.924197711877888 "experimento_17" 17 5000 1000 0.8 1 0.4 1 0.8
1.02383360799394 0.974167736683232 "experimento_17" 17 5000 1000 0.8 1 0.4 1 0.8
1.0219762660563 0.956366228515761 "experimento_17" 17 5000 1000 0.8 1 0.4 1 0.8
0.998967276886106 1.01044618947704 "experimento_17" 17 5000 1000 0.8 1 0.4 1 0.8
1.08341304889582 0.961240022959488 "experimento_17" 17 5000 1000 0.8 1 0.4 1 0.8
1.02285668876343 0.982125561466103 "experimento_17" 17 5000 1000 0.8 1 0.4 1 0.8
1.00599048798904 0.977316213600628 "experimento_17" 17 5000 1000 0.8 1 0.4 1 0.8
1.14026095625013 0.969939372337321 "experimento_17" 17 5000 1000 0.8 1 0.4 1 0.8
0.998432503547519 0.994843313785994 "experimento_17" 17 5000 1000 0.8 1 0.4 1 0.8
0.99536456936039 1.01942707866415 "experimento_17" 17 5000 1000 0.8 1 0.4 1 0.8
0.997964284382761 0.96595253333514 "experimento_17" 17 5000 1000 0.8 1 0.4 1 0.8
0.998332603834569 1.00142228904024 "experimento_17" 17 5000 1000 0.8 1 0.4 1 0.8
0.999617415014654 0.994078812880982 "experimento_17" 17 5000 1000 0.8 1 0.4 1 0.8
0.999812081921846 1.02340888154648 "experimento_17" 17 5000 1000 0.8 1 0.4 1 0.8
0.997542024822906 0.997577566344212 "experimento_17" 17 5000 1000 0.8 1 0.4 1 0.8
1.0808995901607 0.9678943900275 "experimento_17" 17 5000 1000 0.8 1 0.4 1 0.8
0.99786105658859 1.03709415177221 "experimento_17" 17 5000 1000 0.8 1 0.4 1 0.8
0.992578151170164 1.03425320478165 "experimento_17" 17 5000 1000 0.8 1 0.4 1 0.8
1.00179521692917 1.00900082302664 "experimento_17" 17 5000 1000 0.8 1 0.4 1 0.8
0.99658138374798 1.01832689582262 "experimento_17" 17 5000 1000 0.8 1 0.4 1 0.8
1.1989990407601 1.08513327366328 "experimento_17" 17 5000 1000 0.8 1 0.4 1 0.8
1.00926700197706 0.998388201038409 "experimento_17" 17 5000 1000 0.8 1 0.4 1 0.8
1.01731938216835 0.984799705213008 "experimento_17" 17 5000 1000 0.8 1 0.4 1 0.8
0.999715024838224 0.987090500038022 "experimento_17" 17 5000 1000 0.8 1 0.4 1 0.8
1.29904799442738 0.993231683357335 "experimento_17" 17 5000 1000 0.8 1 0.4 1 0.8
1.00730955734802 0.988749762494225 "experimento_17" 17 5000 1000 0.8 1 0.4 1 0.8
0.997416994301602 0.971129442692677 "experimento_17" 17 5000 1000 0.8 1 0.4 1 0.8
1.10591117884938 0.897293784112638 "experimento_17" 17 5000 1000 0.8 1 0.4 1 0.8
0.990235459525138 1.02575182486193 "experimento_17" 17 5000 1000 0.8 1 0.4 1 0.8
0.999994127079844 1.03621346005891 "experimento_17" 17 5000 1000 0.8 1 0.4 1 0.8
0.997339811176062 1.00816955413234 "experimento_17" 17 5000 1000 0.8 1 0.4 1 0.8
0.999415917089209 1.01674255963565 "experimento_17" 17 5000 1000 0.8 1 0.4 1 0.8
1.00010516212151 1.01215621259572 "experimento_17" 17 5000 1000 0.8 1 0.4 1 0.8
0.99715018295683 1.03270417135134 "experimento_17" 17 5000 1000 0.8 1 0.4 1 0.8
0.993408953305334 1.03261756022576 "experimento_17" 17 5000 1000 0.8 1 0.4 1 0.8
0.994153549429029 1.06742456333955 "experimento_17" 17 5000 1000 0.8 1 0.4 1 0.8
0.993985000997782 0.978213813457476 "experimento_17" 17 5000 1000 0.8 1 0.4 1 0.8
0.997159242164344 1.01351438845294 "experimento_17" 17 5000 1000 0.8 1 0.4 1 0.8
0.993974557612091 0.955235732736957 "experimento_17" 17 5000 1000 0.8 1 0.4 1 0.8
1.01067083340331 0.998464983907112 "experimento_17" 17 5000 1000 0.8 1 0.4 1 0.8
0.999974330887198 1.02356116157736 "experimento_17" 17 5000 1000 0.8 1 0.4 1 0.8
0.999369366792962 1.02616557174574 "experimento_17" 17 5000 1000 0.8 1 0.4 1 0.8
1.0005838801153 1.01491131129302 "experimento_17" 17 5000 1000 0.8 1 0.4 1 0.8
0.999755229568109 0.901611721405324 "experimento_17" 17 5000 1000 0.8 1 0.4 1 0.8
1.04102792399498 0.976696258821226 "experimento_17" 17 5000 1000 0.8 1 0.4 1 0.8
0.991422715596855 1.04662753833443 "experimento_17" 17 5000 1000 0.8 1 0.4 1 0.8
1.06758126383647 0.960073577656849 "experimento_17" 17 5000 1000 0.8 1 0.4 1 0.8
0.99222727981396 1.07221474705248 "experimento_17" 17 5000 1000 0.8 1 0.4 1 0.8
1.02639354998246 0.975986879109598 "experimento_17" 17 5000 1000 0.8 1 0.4 1 0.8
1.00310964734949 0.983390798136302 "experimento_17" 17 5000 1000 0.8 1 0.4 1 0.8
0.998071098932996 0.994123060106762 "experimento_17" 17 5000 1000 0.8 1 0.4 1 0.8
1.12479399422754 0.940006872189162 "experimento_17" 17 5000 1000 0.8 1 0.4 1 0.8
0.995656959945336 1.00090022534535 "experimento_17" 17 5000 1000 0.8 1 0.4 1 0.8
0.996727275894955 0.999928377397991 "experimento_17" 17 5000 1000 0.8 1 0.4 1 0.8
0.99962929263711 0.997067791717055 "experimento_17" 17 5000 1000 0.8 1 0.4 1 0.8
0.99730291008018 0.999351699762103 "experimento_17" 17 5000 1000 0.8 1 0.4 1 0.8
0.99639228428714 1.0791312728048 "experimento_17" 17 5000 1000 0.8 1 0.4 1 0.8
1.16676854289802 1.03970761306503 "experimento_17" 17 5000 1000 0.8 1 0.4 1 0.8
0.996358182048425 0.956897085027135 "experimento_17" 17 5000 1000 0.8 1 0.4 1 0.8
0.995764297200367 1.04450920841276 "experimento_17" 17 5000 1000 0.8 1 0.4 1 0.8
1.02514890441671 1.04716280744891 "experimento_17" 17 5000 1000 0.8 1 0.4 1 0.8
1.00219010654837 1.00367370698814 "experimento_17" 17 5000 1000 0.8 1 0.4 1 0.8
1.00056004572216 1.01959070051785 "experimento_17" 17 5000 1000 0.8 1 0.4 1 0.8
0.992288774577901 1.02822872106611 "experimento_17" 17 5000 1000 0.8 1 0.4 1 0.8
0.998618205077946 0.977293173809183 "experimento_17" 17 5000 1000 0.8 1 0.4 1 0.8
1.33174403756857 0.919482574707197 "experimento_17" 17 5000 1000 0.8 1 0.4 1 0.8
0.996162382420152 0.994864131271189 "experimento_17" 17 5000 1000 0.8 1 0.4 1 0.8
1.40928491204977 0.940360678907618 "experimento_17" 17 5000 1000 0.8 1 0.4 1 0.8
0.998815240571275 1.01296308948764 "experimento_17" 17 5000 1000 0.8 1 0.4 1 0.8
0.999742394080386 1.03522026741998 "experimento_17" 17 5000 1000 0.8 1 0.4 1 0.8
0.996205151779577 1.0077233462729 "experimento_17" 17 5000 1000 0.8 1 0.4 1 0.8
1.15426551224664 0.951221289965674 "experimento_17" 17 5000 1000 0.8 1 0.4 1 0.8
1.00143033405766 0.976104450641027 "experimento_17" 17 5000 1000 0.8 1 0.4 1 0.8
0.994271147064865 1.05731773757569 "experimento_17" 17 5000 1000 0.8 1 0.4 1 0.8
0.991172940470278 0.98092174273512 "experimento_17" 17 5000 1000 0.8 1 0.4 1 0.8
0.99962561763823 1.02450675058205 "experimento_17" 17 5000 1000 0.8 1 0.4 1 0.8
0.989764500875026 1.02522006694509 "experimento_17" 17 5000 1000 0.8 1 0.4 1 0.8
0.992190816206858 0.955898779455318 "experimento_17" 17 5000 1000 0.8 1 0.4 1 0.8
1.01101671825536 0.989098124568138 "experimento_17" 17 5000 1000 0.8 1 0.4 1 0.8
0.999870138708502 0.999911169616534 "experimento_17" 17 5000 1000 0.8 1 0.4 1 0.8
1.00011518499309 0.976907637401615 "experimento_17" 17 5000 1000 0.8 1 0.4 1 0.8
0.999944564886391 0.935100799196642 "experimento_17" 17 5000 1000 0.8 1 0.4 1 0.8
0.99990590591915 0.961539990946678 "experimento_17" 17 5000 1000 0.8 1 0.4 1 0.8
0.994797032792121 1.06245014102002 "experimento_17" 17 5000 1000 0.8 1 0.4 1 0.8
0.999827108578756 1.0154823137492 "experimento_17" 17 5000 1000 0.8 1 0.4 1 0.8
1.00812183067907 0.975248715463621 "experimento_17" 17 5000 1000 0.8 1 0.4 1 0.8
1.01071033906192 1.01129707520437 "experimento_17" 17 5000 1000 0.8 1 0.4 1 0.8
0.99992369604297 0.980125757951276 "experimento_17" 17 5000 1000 0.8 1 0.4 1 0.8
0.999827487627044 0.967684793820076 "experimento_17" 17 5000 1000 0.8 1 0.4 1 0.8
1.02350624511018 0.968545358286451 "experimento_17" 17 5000 1000 0.8 1 0.4 1 0.8
1.11152334557846 1.0416442380426 "experimento_17" 17 5000 1000 0.8 1 0.4 1 0.8
0.997453457210213 0.977880059943197 "experimento_17" 17 5000 1000 0.8 1 0.4 1 0.8
1.16248014952702 1.00310263260341 "experimento_17" 17 5000 1000 0.8 1 0.4 1 0.8
1.064401096229 0.970540483598658 "experimento_17" 17 5000 1000 0.8 1 0.4 1 0.8
0.993283196818084 1.00726302091087 "experimento_17" 17 5000 1000 0.8 1 0.4 1 0.8
0.995965002570301 0.982917482802275 "experimento_17" 17 5000 1000 0.8 1 0.4 1 0.8
0.990332961315289 1.07803805419084 "experimento_17" 17 5000 1000 0.8 1 0.4 1 0.8
0.993136350763962 1.02630769117455 "experimento_17" 17 5000 1000 0.8 1 0.4 1 0.8
1.02456634066824 0.990684521112867 "experimento_17" 17 5000 1000 0.8 1 0.4 1 0.8
1.04462210601196 1.05075638699708 "experimento_17" 17 5000 1000 0.8 1 0.4 1 0.8
0.998534705257043 1.05517086648546 "experimento_17" 17 5000 1000 0.8 1 0.4 1 0.8
0.993071299046278 0.993767624750426 "experimento_17" 17 5000 1000 0.8 1 0.4 1 0.8
1.26565513992682 0.994709671092993 "experimento_17" 17 5000 1000 0.8 1 0.4 1 0.8
0.999958276515827 1.03284099649242 "experimento_17" 17 5000 1000 0.8 1 0.4 1 0.8
1.00608857022598 1.01026873367648 "experimento_17" 17 5000 1000 0.8 1 0.4 1 0.8
0.99436087301001 0.982141586670092 "experimento_17" 17 5000 1000 0.8 1 0.4 1 0.8
0.997772241011262 1.03390027338547 "experimento_17" 17 5000 1000 0.8 1 0.4 1 0.8
0.999054149957374 1.01782230785098 "experimento_17" 17 5000 1000 0.8 1 0.4 1 0.8
0.98899465915747 1.08708970495935 "experimento_17" 17 5000 1000 0.8 1 0.4 1 0.8
0.994637233670801 1.00714542167691 "experimento_17" 17 5000 1000 0.8 1 0.4 1 0.8
0.991523186676204 1.05305123017352 "experimento_17" 17 5000 1000 0.8 1 0.4 1 0.8
0.996467996388674 0.981601443126333 "experimento_17" 17 5000 1000 0.8 1 0.4 1 0.8
1.11615646351129 1.02175903038951 "experimento_17" 17 5000 1000 0.8 1 0.4 1 0.8
1.00019286340103 0.996880336392077 "experimento_17" 17 5000 1000 0.8 1 0.4 1 0.8
0.994890969013795 0.986622886865088 "experimento_17" 17 5000 1000 0.8 1 0.4 1 0.8
1.00405690659437 0.968487881911122 "experimento_17" 17 5000 1000 0.8 1 0.4 1 0.8
0.990351343760267 1.05444521727988 "experimento_17" 17 5000 1000 0.8 1 0.4 1 0.8
0.993692028569058 1.02154142455904 "experimento_17" 17 5000 1000 0.8 1 0.4 1 0.8
1.08519964432344 0.992551307116538 "experimento_17" 17 5000 1000 0.8 1 0.4 1 0.8
0.999419694999233 1.01049551498874 "experimento_17" 17 5000 1000 0.8 1 0.4 1 0.8
1.01155895342913 0.996580377931717 "experimento_17" 17 5000 1000 0.8 1 0.4 1 0.8
1.12464194256127 0.962436049778651 "experimento_17" 17 5000 1000 0.8 1 0.4 1 0.8
1.065918488428 0.968364453366167 "experimento_17" 17 5000 1000 0.8 1 0.4 1 0.8
1.03207457342471 0.97754458016069 "experimento_17" 17 5000 1000 0.8 1 0.4 1 0.8
1.00877631362528 0.965316723284199 "experimento_17" 17 5000 1000 0.8 1 0.4 1 0.8
0.994734420441091 0.998244480150641 "experimento_17" 17 5000 1000 0.8 1 0.4 1 0.8
0.99163575633429 1.00251118286766 "experimento_17" 17 5000 1000 0.8 1 0.4 1 0.8
0.997665989212692 1.04357673097535 "experimento_17" 17 5000 1000 0.8 1 0.4 1 0.8
1.01192536624542 0.993604425483361 "experimento_17" 17 5000 1000 0.8 1 0.4 1 0.8
1.13191058952361 0.958587399445602 "experimento_17" 17 5000 1000 0.8 1 0.4 1 0.8
1.02900652506727 0.99958205022058 "experimento_17" 17 5000 1000 0.8 1 0.4 1 0.8
1.00114593980834 0.978735913017625 "experimento_17" 17 5000 1000 0.8 1 0.4 1 0.8
1.00136827036503 0.996754143842673 "experimento_17" 17 5000 1000 0.8 1 0.4 1 0.8
1.00286124377961 0.958788105042644 "experimento_17" 17 5000 1000 0.8 1 0.4 1 0.8
1.05108951205353 1.00647283301787 "experimento_17" 17 5000 1000 0.8 1 0.4 1 0.8
1.40364086140115 0.994142735120763 "experimento_17" 17 5000 1000 0.8 1 0.4 1 0.8
0.994764760602266 1.00746170827974 "experimento_17" 17 5000 1000 0.8 1 0.4 1 0.8
0.999578381422907 0.992708818467706 "experimento_17" 17 5000 1000 0.8 1 0.4 1 0.8
0.992244426161051 0.938832336666698 "experimento_17" 17 5000 1000 0.8 1 0.4 1 0.8
1.01374271837994 1.03516775938863 "experimento_17" 17 5000 1000 0.8 1 0.4 1 0.8
0.993514814879745 1.02058258848325 "experimento_17" 17 5000 1000 0.8 1 0.4 1 0.8
1.00169424945489 0.986541863134638 "experimento_17" 17 5000 1000 0.8 1 0.4 1 0.8
1.0240188841708 0.994912574772756 "experimento_17" 17 5000 1000 0.8 1 0.4 1 0.8
0.9958989135921 1.05801773973941 "experimento_17" 17 5000 1000 0.8 1 0.4 1 0.8
1.00688514389024 1.02287030031127 "experimento_17" 17 5000 1000 0.8 1 0.4 1 0.8
0.996400689473376 1.03032330520189 "experimento_17" 17 5000 1000 0.8 1 0.4 1 0.8
0.995410239323974 1.00397097551768 "experimento_17" 17 5000 1000 0.8 1 0.4 1 0.8
1.02879095310345 1.04032369491307 "experimento_17" 17 5000 1000 0.8 1 0.4 1 0.8
1.00136305356567 1.05043620165073 "experimento_17" 17 5000 1000 0.8 1 0.4 1 0.8
0.998935114359483 0.956754520126043 "experimento_17" 17 5000 1000 0.8 1 0.4 1 0.8
0.99951497442089 0.979297059273029 "experimento_17" 17 5000 1000 0.8 1 0.4 1 0.8
0.990659327479079 1.02648881674448 "experimento_17" 17 5000 1000 0.8 1 0.4 1 0.8
0.999674109974876 0.971278224629937 "experimento_17" 17 5000 1000 0.8 1 0.4 1 0.8
0.999821086646989 1.00590118818984 "experimento_17" 17 5000 1000 0.8 1 0.4 1 0.8
1.008643972985 0.988955417843266 "experimento_17" 17 5000 1000 0.8 1 0.4 1 0.8
1.00309848226607 1.02731946715454 "experimento_17" 17 5000 1000 0.8 1 0.4 1 0.8
0.996607884531841 1.02507172021501 "experimento_17" 17 5000 1000 0.8 1 0.4 1 0.8
0.997098954860121 0.981884039695643 "experimento_17" 17 5000 1000 0.8 1 0.4 1 0.8
1.02030784500431 0.998811755458017 "experimento_17" 17 5000 1000 0.8 1 0.4 1 0.8
0.991581048583612 1.01120837058861 "experimento_17" 17 5000 1000 0.8 1 0.4 1 0.8
1.001855336413 0.979994141293893 "experimento_17" 17 5000 1000 0.8 1 0.4 1 0.8
0.999721201136708 0.99193958222919 "experimento_17" 17 5000 1000 0.8 1 0.4 1 0.8
0.999504580162466 0.970446549028995 "experimento_17" 17 5000 1000 0.8 1 0.4 1 0.8
1.02662714941842 0.972872790557047 "experimento_17" 17 5000 1000 0.8 1 0.4 1 0.8
0.995413537602872 1.03949034257694 "experimento_17" 17 5000 1000 0.8 1 0.4 1 0.8
1.07701985817403 1.02477167147109 "experimento_17" 17 5000 1000 0.8 1 0.4 1 0.8
1.02752108778805 0.967572669579209 "experimento_17" 17 5000 1000 0.8 1 0.4 1 0.8
0.991039585554972 0.956399197874551 "experimento_17" 17 5000 1000 0.8 1 0.4 1 0.8
0.994759256020188 1.04872046451726 "experimento_17" 17 5000 1000 0.8 1 0.4 1 0.8
0.999970698030666 0.97292797270235 "experimento_17" 17 5000 1000 0.8 1 0.4 1 0.8
0.998900920152664 0.980368787073463 "experimento_17" 17 5000 1000 0.8 1 0.4 1 0.8
1.0224056495364 0.99688315686471 "experimento_17" 17 5000 1000 0.8 1 0.4 1 0.8
0.991480064578354 1.02509805684218 "experimento_17" 17 5000 1000 0.8 1 0.4 1 0.8
1.00534435547888 1.02185296952201 "experimento_17" 17 5000 1000 0.8 1 0.4 1 0.8
0.994513392215595 1.00818852700541 "experimento_17" 17 5000 1000 0.8 1 0.4 1 0.8
0.997408570954576 0.99490526374822 "experimento_17" 17 5000 1000 0.8 1 0.4 1 0.8
0.992962814634666 1.011734871218 "experimento_17" 17 5000 1000 0.8 1 0.4 1 0.8
1.01179428135167 1.01697051546684 "experimento_17" 17 5000 1000 0.8 1 0.4 1 0.8
0.995409910799935 0.98889518171364 "experimento_17" 17 5000 1000 0.8 1 0.4 1 0.8
0.992217307910323 0.98761811347892 "experimento_17" 17 5000 1000 0.8 1 0.4 1 0.8
1.25988399982452 1.01571067739493 "experimento_17" 17 5000 1000 0.8 1 0.4 1 0.8
0.995557090267539 1.0388285890807 "experimento_17" 17 5000 1000 0.8 1 0.4 1 0.8
1.00033950300785 1.04107993469561 "experimento_17" 17 5000 1000 0.8 1 0.4 1 0.8
1.00541458730052 1.00826493789221 "experimento_17" 17 5000 1000 0.8 1 0.4 1 0.8
0.985205676872283 1.07203705572723 "experimento_17" 17 5000 1000 0.8 1 0.4 1 0.8
0.999951037578285 0.989802667150737 "experimento_17" 17 5000 1000 0.8 1 0.4 1 0.8
0.999941322021186 0.965752199784347 "experimento_17" 17 5000 1000 0.8 1 0.4 1 0.8
0.996114150388166 1.06525639863896 "experimento_17" 17 5000 1000 0.8 1 0.4 1 0.8
1.00927556119859 1.04662182950943 "experimento_17" 17 5000 1000 0.8 1 0.4 1 0.8
0.993285772157833 1.03966213180679 "experimento_17" 17 5000 1000 0.8 1 0.4 1 0.8
0.997439067577943 1.05320802545071 "experimento_17" 17 5000 1000 0.8 1 0.4 1 0.8
1.10311222357335 0.98855138412089 "experimento_17" 17 5000 1000 0.8 1 0.4 1 0.8
0.99845553538762 0.982882440055262 "experimento_17" 17 5000 1000 0.8 1 0.4 1 0.8
1.26052097976208 0.976811817809199 "experimento_17" 17 5000 1000 0.8 1 0.4 1 0.8
0.991445041261613 1.02913042082541 "experimento_17" 17 5000 1000 0.8 1 0.4 1 0.8
0.998352348804474 0.99392261624195 "experimento_17" 17 5000 1000 0.8 1 0.4 1 0.8
1.01164721021579 0.950114313728288 "experimento_17" 17 5000 1000 0.8 1 0.4 1 0.8
1.00683144563556 1.00113399244812 "experimento_17" 17 5000 1000 0.8 1 0.4 1 0.8
0.996384455822408 1.01213371296475 "experimento_17" 17 5000 1000 0.8 1 0.4 1 0.8
1.01751703761842 0.989869171891064 "experimento_17" 17 5000 1000 0.8 1 0.4 1 0.8
0.99175618798472 1.04275382009936 "experimento_17" 17 5000 1000 0.8 1 0.4 1 0.8
0.996193328406662 1.04653779725613 "experimento_17" 17 5000 1000 0.8 1 0.4 1 0.8
0.999920739093795 0.989631806414166 "experimento_17" 17 5000 1000 0.8 1 0.4 1 0.8
1.00880087353289 1.00868176404937 "experimento_17" 17 5000 1000 0.8 1 0.4 1 0.8
0.99645851389505 1.07060195170744 "experimento_17" 17 5000 1000 0.8 1 0.4 1 0.8
0.995456992415711 1.04915840081046 "experimento_17" 17 5000 1000 0.8 1 0.4 1 0.8
0.991814173525199 1.04649841997342 "experimento_17" 17 5000 1000 0.8 1 0.4 1 0.8
1.00344149501698 1.02726910026069 "experimento_17" 17 5000 1000 0.8 1 0.4 1 0.8
0.996331448899582 0.993900407024199 "experimento_17" 17 5000 1000 0.8 1 0.4 1 0.8
0.998281396459788 1.01536187510127 "experimento_17" 17 5000 1000 0.8 1 0.4 1 0.8
1.01625780202448 0.97680869341561 "experimento_17" 17 5000 1000 0.8 1 0.4 1 0.8
1.00370600866154 0.988488374303479 "experimento_17" 17 5000 1000 0.8 1 0.4 1 0.8
0.999785874970257 1.00679108762436 "experimento_17" 17 5000 1000 0.8 1 0.4 1 0.8
0.997289445484057 1.0101087883171 "experimento_17" 17 5000 1000 0.8 1 0.4 1 0.8
0.999554633628577 1.00267647751237 "experimento_17" 17 5000 1000 0.8 1 0.4 1 0.8
1.00085082664831 1.03220999898749 "experimento_17" 17 5000 1000 0.8 1 0.4 1 0.8
1.00999923655763 0.955284165092121 "experimento_17" 17 5000 1000 0.8 1 0.4 1 0.8
0.992275539552793 1.02919272036994 "experimento_17" 17 5000 1000 0.8 1 0.4 1 0.8
0.993129484821111 1.06243268759039 "experimento_17" 17 5000 1000 0.8 1 0.4 1 0.8
0.999981362838298 1.02698063873552 "experimento_17" 17 5000 1000 0.8 1 0.4 1 0.8
1.00585928978398 1.01338820287429 "experimento_17" 17 5000 1000 0.8 1 0.4 1 0.8
0.999745706561953 1.05068927059924 "experimento_17" 17 5000 1000 0.8 1 0.4 1 0.8
0.994349658023566 1.02092346635058 "experimento_17" 17 5000 1000 0.8 1 0.4 1 0.8
1.02922036312521 0.897658352733792 "experimento_17" 17 5000 1000 0.8 1 0.4 1 0.8
0.999345517950132 0.9736096712039 "experimento_17" 17 5000 1000 0.8 1 0.4 1 0.8
0.997787125175819 0.996901377447551 "experimento_17" 17 5000 1000 0.8 1 0.4 1 0.8
0.997822486096993 1.09141106808681 "experimento_17" 17 5000 1000 0.8 1 0.4 1 0.8
0.995840473333374 0.98623174706857 "experimento_17" 17 5000 1000 0.8 1 0.4 1 0.8
0.998529716860503 0.991918654150473 "experimento_17" 17 5000 1000 0.8 1 0.4 1 0.8
0.99045650404878 1.0308226419117 "experimento_17" 17 5000 1000 0.8 1 0.4 1 0.8
0.999808526830748 1.01738189926432 "experimento_17" 17 5000 1000 0.8 1 0.4 1 0.8
1.0292781985479 1.04149047513556 "experimento_17" 17 5000 1000 0.8 1 0.4 1 0.8
0.992046547820792 0.991234869935758 "experimento_17" 17 5000 1000 0.8 1 0.4 1 0.8
0.994034816278145 1.03428700769809 "experimento_17" 17 5000 1000 0.8 1 0.4 1 0.8
0.999997030477971 0.99997257977221 "experimento_17" 17 5000 1000 0.8 1 0.4 1 0.8
0.993986697634682 1.04990629554385 "experimento_17" 17 5000 1000 0.8 1 0.4 1 0.8
0.994709989754483 0.971098048834037 "experimento_17" 17 5000 1000 0.8 1 0.4 1 0.8
1.13551990654193 0.97722680337306 "experimento_17" 17 5000 1000 0.8 1 0.4 1 0.8
0.99706964334473 1.02664638836277 "experimento_17" 17 5000 1000 0.8 1 0.4 1 0.8
0.990952351596206 1.02471311039017 "experimento_17" 17 5000 1000 0.8 1 0.4 1 0.8
1.00640075653791 0.97077005316736 "experimento_17" 17 5000 1000 0.8 1 0.4 1 0.8
0.993357059778646 1.0455539439864 "experimento_17" 17 5000 1000 0.8 1 0.4 1 0.8
0.996081940829754 0.978226857965748 "experimento_17" 17 5000 1000 0.8 1 0.4 1 0.8
0.992660328513011 1.02596715342693 "experimento_17" 17 5000 1000 0.8 1 0.4 1 0.8
0.993648533709347 1.0574290542952 "experimento_17" 17 5000 1000 0.8 1 0.4 1 0.8
1.00796229811385 1.058100267679 "experimento_17" 17 5000 1000 0.8 1 0.4 1 0.8
0.998061932157725 1.04415262350008 "experimento_17" 17 5000 1000 0.8 1 0.4 1 0.8
1.06297390442342 0.980938112602772 "experimento_17" 17 5000 1000 0.8 1 0.4 1 0.8
0.997511858120561 1.03526393385048 "experimento_17" 17 5000 1000 0.8 1 0.4 1 0.8
1.03144225715802 0.95677628313431 "experimento_17" 17 5000 1000 0.8 1 0.4 1 0.8
0.999082119669765 1.01488107468681 "experimento_17" 17 5000 1000 0.8 1 0.4 1 0.8
1.0850325175561 0.958971722060948 "experimento_17" 17 5000 1000 0.8 1 0.4 1 0.8
0.998853070661426 1.02092398069379 "experimento_17" 17 5000 1000 0.8 1 0.4 1 0.8
1.00257533928379 0.994140576826493 "experimento_17" 17 5000 1000 0.8 1 0.4 1 0.8
1.35635940637439 0.923634780131446 "experimento_17" 17 5000 1000 0.8 1 0.4 1 0.8
0.999930052785203 1.00009720095176 "experimento_17" 17 5000 1000 0.8 1 0.4 1 0.8
0.999892432475463 1.03827796321846 "experimento_17" 17 5000 1000 0.8 1 0.4 1 0.8
0.998267178423703 1.01806059794214 "experimento_17" 17 5000 1000 0.8 1 0.4 1 0.8
0.995691739954054 0.972217816553272 "experimento_17" 17 5000 1000 0.8 1 0.4 1 0.8
1.01952349441126 1.01591812839061 "experimento_17" 17 5000 1000 0.8 1 0.4 1 0.8
1.07295142579824 0.994055675421758 "experimento_17" 17 5000 1000 0.8 1 0.4 1 0.8
1.02329791088591 0.988162863920673 "experimento_17" 17 5000 1000 0.8 1 0.4 1 0.8
0.997853468405083 1.01508462985393 "experimento_17" 17 5000 1000 0.8 1 0.4 1 0.8
1.00387471449663 0.959295062501853 "experimento_17" 17 5000 1000 0.8 1 0.4 1 0.8
0.997412785887718 1.01028246187587 "experimento_17" 17 5000 1000 0.8 1 0.4 1 0.8
0.992606441024691 1.08559397727459 "experimento_17" 17 5000 1000 0.8 1 0.4 1 0.8
0.993909118464217 1.02503302212282 "experimento_17" 17 5000 1000 0.8 1 0.4 1 0.8
0.995666077593341 1.0230957499693 "experimento_17" 17 5000 1000 0.8 1 0.4 1 0.8
1.00509934010991 0.974849103276097 "experimento_17" 17 5000 1000 0.8 1 0.4 1 0.8
0.998546610353515 1.03157556804404 "experimento_17" 17 5000 1000 0.8 1 0.4 1 0.8
1.46775046130642 0.877488951831214 "experimento_17" 17 5000 1000 0.8 1 0.4 1 0.8
0.999137351987883 0.944364688376327 "experimento_17" 17 5000 1000 0.8 1 0.4 1 0.8
1.00117251556367 1.02709343307793 "experimento_17" 17 5000 1000 0.8 1 0.4 1 0.8
0.998960351804271 0.976552945908771 "experimento_17" 17 5000 1000 0.8 1 0.4 1 0.8
1.55785951530561 0.946841135135444 "experimento_17" 17 5000 1000 0.8 1 0.4 1 0.8
0.99984207097441 0.978779744407966 "experimento_17" 17 5000 1000 0.8 1 0.4 1 0.8
1.08813760383055 0.964004953991233 "experimento_17" 17 5000 1000 0.8 1 0.4 1 0.8
0.998540129279718 1.05776121565225 "experimento_17" 17 5000 1000 0.8 1 0.4 1 0.8
0.999942143214867 1.02164544925061 "experimento_17" 17 5000 1000 0.8 1 0.4 1 0.8
0.997307825367898 0.93739355348337 "experimento_17" 17 5000 1000 0.8 1 0.4 1 0.8
0.99468148755841 0.999522634159163 "experimento_17" 17 5000 1000 0.8 1 0.4 1 0.8
0.998962933896109 1.05865223644576 "experimento_17" 17 5000 1000 0.8 1 0.4 1 0.8
0.997622513212264 1.02671889657905 "experimento_17" 17 5000 1000 0.8 1 0.4 1 0.8
0.991435246542096 1.00766304645778 "experimento_17" 17 5000 1000 0.8 1 0.4 1 0.8
1.00636601885517 1.04229016566876 "experimento_17" 17 5000 1000 0.8 1 0.4 1 0.8
1.15648327814415 0.956214376319531 "experimento_17" 17 5000 1000 0.8 1 0.4 1 0.8
0.995897397398949 1.08164829563132 "experimento_17" 17 5000 1000 0.8 1 0.4 1 0.8
1.0184176595647 1.0707677718927 "experimento_17" 17 5000 1000 0.8 1 0.4 1 0.8
0.989573419792578 1.05880103120145 "experimento_17" 17 5000 1000 0.8 1 0.4 1 0.8
0.999227029504254 1.0023593326514 "experimento_17" 17 5000 1000 0.8 1 0.4 1 0.8
0.999872732674703 0.901896309859385 "experimento_17" 17 5000 1000 0.8 1 0.4 1 0.8
0.999948627315462 1.05332239818544 "experimento_17" 17 5000 1000 0.8 1 0.4 1 0.8
0.99939855444245 1.02308500356558 "experimento_17" 17 5000 1000 0.8 1 0.4 1 0.8
0.997934194980189 1.02395393256421 "experimento_17" 17 5000 1000 0.8 1 0.4 1 0.8
1.00065018604371 1.03392610567395 "experimento_17" 17 5000 1000 0.8 1 0.4 1 0.8
1.03657009778544 0.967756713810353 "experimento_17" 17 5000 1000 0.8 1 0.4 1 0.8
1.00214162794873 1.01033664815077 "experimento_17" 17 5000 1000 0.8 1 0.4 1 0.8
0.997810869477689 0.970653017625458 "experimento_17" 17 5000 1000 0.8 1 0.4 1 0.8
1.01974800311254 1.00674499679968 "experimento_17" 17 5000 1000 0.8 1 0.4 1 0.8
1.01378109725192 0.968076556812357 "experimento_17" 17 5000 1000 0.8 1 0.4 1 0.8
1.002424497623 1.02630047485581 "experimento_17" 17 5000 1000 0.8 1 0.4 1 0.8
0.9980870524887 1.05837265058754 "experimento_17" 17 5000 1000 0.8 1 0.4 1 0.8
0.995956962229684 0.992145479427927 "experimento_17" 17 5000 1000 0.8 1 0.4 1 0.8
1.00414997494037 0.962111118740292 "experimento_17" 17 5000 1000 0.8 1 0.4 1 0.8
1.00004189884706 1.04890004042426 "experimento_17" 17 5000 1000 0.8 1 0.4 1 0.8
0.992671775864437 0.973849626078785 "experimento_17" 17 5000 1000 0.8 1 0.4 1 0.8
1.00491002266311 1.00024509686087 "experimento_17" 17 5000 1000 0.8 1 0.4 1 0.8
0.99796296027489 0.983673521962551 "experimento_17" 17 5000 1000 0.8 1 0.4 1 0.8
0.995495493989438 0.984170825524581 "experimento_17" 17 5000 1000 0.8 1 0.4 1 0.8
0.993730208603665 0.979268925284366 "experimento_17" 17 5000 1000 0.8 1 0.4 1 0.8
0.998591884970665 1.04276918722035 "experimento_17" 17 5000 1000 0.8 1 0.4 1 0.8
0.995674593374133 0.980036452308268 "experimento_17" 17 5000 1000 0.8 1 0.4 1 0.8
0.997725092573091 0.985300259015543 "experimento_17" 17 5000 1000 0.8 1 0.4 1 0.8
0.995409250259399 1.02519186765058 "experimento_17" 17 5000 1000 0.8 1 0.4 1 0.8
0.997149595292285 0.998904599197561 "experimento_17" 17 5000 1000 0.8 1 0.4 1 0.8
0.999877252615988 0.97133806944831 "experimento_17" 17 5000 1000 0.8 1 0.4 1 0.8
1.00773703260347 0.995961083229096 "experimento_17" 17 5000 1000 0.8 1 0.4 1 0.8
0.999951836653054 0.981428628472396 "experimento_17" 17 5000 1000 0.8 1 0.4 1 0.8
1.13955681584775 0.962857754157489 "experimento_17" 17 5000 1000 0.8 1 0.4 1 0.8
0.996586469234899 0.992655405373229 "experimento_17" 17 5000 1000 0.8 1 0.4 1 0.8
1.11061169097721 0.938282950135578 "experimento_17" 17 5000 1000 0.8 1 0.4 1 0.8
0.994628676678985 0.997679241622453 "experimento_17" 17 5000 1000 0.8 1 0.4 1 0.8
1.0001403465867 1.04342038478683 "experimento_17" 17 5000 1000 0.8 1 0.4 1 0.8
0.997835936490446 1.03081141927571 "experimento_17" 17 5000 1000 0.8 1 0.4 1 0.8
0.994656102266163 0.971017213824923 "experimento_17" 17 5000 1000 0.8 1 0.4 1 0.8
0.989694736665115 1.0320657019218 "experimento_17" 17 5000 1000 0.8 1 0.4 1 0.8
1.32929692437775 0.962258413487387 "experimento_17" 17 5000 1000 0.8 1 0.4 1 0.8
0.993300378555432 1.01864328295109 "experimento_17" 17 5000 1000 0.8 1 0.4 1 0.8
1.01553542353213 1.0246544065448 "experimento_17" 17 5000 1000 0.8 1 0.4 1 0.8
0.999315172666684 0.967659016247167 "experimento_17" 17 5000 1000 0.8 1 0.4 1 0.8
1.00111713856644 0.956941387672578 "experimento_17" 17 5000 1000 0.8 1 0.4 1 0.8
1.06040656985715 0.997100111882795 "experimento_17" 17 5000 1000 0.8 1 0.4 1 0.8
1.00443134829402 1.0241341312005 "experimento_17" 17 5000 1000 0.8 1 0.4 1 0.8
1.01294488683583 0.9870923046088 "experimento_17" 17 5000 1000 0.8 1 0.4 1 0.8
0.992006286745891 0.99459588985564 "experimento_17" 17 5000 1000 0.8 1 0.4 1 0.8
0.996011881390586 1.03231303034516 "experimento_17" 17 5000 1000 0.8 1 0.4 1 0.8
1.00322606968831 1.01098649652689 "experimento_17" 17 5000 1000 0.8 1 0.4 1 0.8
1.00708337780088 0.955069344717473 "experimento_17" 17 5000 1000 0.8 1 0.4 1 0.8
0.991468883119524 0.993317387702562 "experimento_17" 17 5000 1000 0.8 1 0.4 1 0.8
0.997880355454981 0.958695953844289 "experimento_17" 17 5000 1000 0.8 1 0.4 1 0.8
1.01199104310945 0.979482705535542 "experimento_17" 17 5000 1000 0.8 1 0.4 1 0.8
0.999025990720838 1.01409933810804 "experimento_17" 17 5000 1000 0.8 1 0.4 1 0.8
1.00038885675399 1.00495704758292 "experimento_17" 17 5000 1000 0.8 1 0.4 1 0.8
1.00440213073252 0.968914567393539 "experimento_17" 17 5000 1000 0.8 1 0.4 1 0.8
0.998051054077223 1.05622742580517 "experimento_17" 17 5000 1000 0.8 1 0.4 1 0.8
0.995489408494905 1.0769750830244 "experimento_17" 17 5000 1000 0.8 1 0.4 1 0.8
1.03121969709173 1.0428626064154 "experimento_17" 17 5000 1000 0.8 1 0.4 1 0.8
0.999782825121656 1.02239963234386 "experimento_17" 17 5000 1000 0.8 1 0.4 1 0.8
0.998939060606062 0.999074267240913 "experimento_17" 17 5000 1000 0.8 1 0.4 1 0.8
1.11257625604048 1.01539390988177 "experimento_17" 17 5000 1000 0.8 1 0.4 1 0.8
0.994513327255845 1.08916044807605 "experimento_17" 17 5000 1000 0.8 1 0.4 1 0.8
0.999166322872043 0.957877051660906 "experimento_17" 17 5000 1000 0.8 1 0.4 1 0.8
0.999819510616362 1.09532029414782 "experimento_17" 17 5000 1000 0.8 1 0.4 1 0.8
0.998703781748191 0.976755109582766 "experimento_17" 17 5000 1000 0.8 1 0.4 1 0.8
0.991081879241392 0.999026691306799 "experimento_17" 17 5000 1000 0.8 1 0.4 1 0.8
0.995429070899263 1.0190300748261 "experimento_17" 17 5000 1000 0.8 1 0.4 1 0.8
1.05311810737476 0.93898203564704 "experimento_17" 17 5000 1000 0.8 1 0.4 1 0.8
1.00054240738973 1.04076584404369 "experimento_17" 17 5000 1000 0.8 1 0.4 1 0.8
1.06575577951475 1.02890590986965 "experimento_17" 17 5000 1000 0.8 1 0.4 1 0.8
0.992496683262289 1.06801464449831 "experimento_17" 17 5000 1000 0.8 1 0.4 1 0.8
1.00030058715492 1.02350533497415 "experimento_17" 17 5000 1000 0.8 1 0.4 1 0.8
1.00024162633022 1.05402632329341 "experimento_17" 17 5000 1000 0.8 1 0.4 1 0.8
1.00145976810341 1.01391776566999 "experimento_17" 17 5000 1000 0.8 1 0.4 1 0.8
1.16102319350466 0.992571861622403 "experimento_17" 17 5000 1000 0.8 1 0.4 1 0.8
1.08171993581848 0.937689569205947 "experimento_17" 17 5000 1000 0.8 1 0.4 1 0.8
0.995693320874125 1.02872250646553 "experimento_17" 17 5000 1000 0.8 1 0.4 1 0.8
0.999086289200932 0.98284789154016 "experimento_17" 17 5000 1000 0.8 1 0.4 1 0.8
0.993887018412352 0.992212515753663 "experimento_17" 17 5000 1000 0.8 1 0.4 1 0.8
0.998183490009978 1.00491700586412 "experimento_17" 17 5000 1000 0.8 1 0.4 1 0.8
0.994584450731054 1.0915546522981 "experimento_17" 17 5000 1000 0.8 1 0.4 1 0.8
0.997964230598882 1.03410568681218 "experimento_17" 17 5000 1000 0.8 1 0.4 1 0.8
0.987876043654978 1.00204131710913 "experimento_17" 17 5000 1000 0.8 1 0.4 1 0.8
0.997112980345264 1.00265466761235 "experimento_17" 17 5000 1000 0.8 1 0.4 1 0.8
0.997572782915086 1.02883890753807 "experimento_17" 17 5000 1000 0.8 1 0.4 1 0.8
0.993906151736155 1.01154347439802 "experimento_17" 17 5000 1000 0.8 1 0.4 1 0.8
0.993780731689185 0.982813454657416 "experimento_17" 17 5000 1000 0.8 1 0.4 1 0.8
0.998728949576616 1.04538006166319 "experimento_17" 17 5000 1000 0.8 1 0.4 1 0.8
1.00534490538589 0.970503920513204 "experimento_17" 17 5000 1000 0.8 1 0.4 1 0.8
0.995651248842478 1.05076964804764 "experimento_17" 17 5000 1000 0.8 1 0.4 1 0.8
1.02464228290347 1.03376527530413 "experimento_17" 17 5000 1000 0.8 1 0.4 1 0.8
1.03821793943644 1.00536262086969 "experimento_17" 17 5000 1000 0.8 1 0.4 1 0.8
0.992025368148461 1.06077280886254 "experimento_17" 17 5000 1000 0.8 1 0.4 1 0.8
1.11685380525887 0.947889017952095 "experimento_17" 17 5000 1000 0.8 1 0.4 1 0.8
0.995959339197725 1.02585054794916 "experimento_17" 17 5000 1000 0.8 1 0.4 1 0.8
0.992514187004417 1.06682657125338 "experimento_17" 17 5000 1000 0.8 1 0.4 1 0.8
0.991172338370234 0.958003395458749 "experimento_17" 17 5000 1000 0.8 1 0.4 1 0.8
0.997003535507247 0.956722303799989 "experimento_17" 17 5000 1000 0.8 1 0.4 1 0.8
0.992920678807423 0.959681666317416 "experimento_17" 17 5000 1000 0.8 1 0.4 1 0.8
0.999418961349875 0.955513770354358 "experimento_17" 17 5000 1000 0.8 1 0.4 1 0.8
0.999767466913909 0.969693665970947 "experimento_17" 17 5000 1000 0.8 1 0.4 1 0.8
1.00292952684686 1.03913744884177 "experimento_17" 17 5000 1000 0.8 1 0.4 1 0.8
0.99886792874895 0.982243982151529 "experimento_17" 17 5000 1000 0.8 1 0.4 1 0.8
1.04395185410976 0.97167488190654 "experimento_17" 17 5000 1000 0.8 1 0.4 1 0.8
1.20911265490577 1.00808835452727 "experimento_17" 17 5000 1000 0.8 1 0.4 1 0.8
1.00918942922726 1.0187374934105 "experimento_17" 17 5000 1000 0.8 1 0.4 1 0.8
0.999458677601069 0.974076040234669 "experimento_17" 17 5000 1000 0.8 1 0.4 1 0.8
1.07580157695338 0.987008269429438 "experimento_17" 17 5000 1000 0.8 1 0.4 1 0.8
0.998708265367895 0.997996592010825 "experimento_17" 17 5000 1000 0.8 1 0.4 1 0.8
0.997413280187175 0.993188334860499 "experimento_17" 17 5000 1000 0.8 1 0.4 1 0.8
0.995657266583294 0.995138321296424 "experimento_17" 17 5000 1000 0.8 1 0.4 1 0.8
0.989557874156162 1.04897381137096 "experimento_17" 17 5000 1000 0.8 1 0.4 1 0.8
1.0582541259937 1.0211047549967 "experimento_17" 17 5000 1000 0.8 1 0.4 1 0.8
0.993032636353746 1.02255650950326 "experimento_17" 17 5000 1000 0.8 1 0.4 1 0.8
1.0001498372294 0.971866160944056 "experimento_17" 17 5000 1000 0.8 1 0.4 1 0.8
1.00250381757601 0.998760968354952 "experimento_17" 17 5000 1000 0.8 1 0.4 1 0.8
0.997211781330407 0.992518599628532 "experimento_17" 17 5000 1000 0.8 1 0.4 1 0.8
0.999987269053236 1.01274287271404 "experimento_17" 17 5000 1000 0.8 1 0.4 1 0.8
1.01318916631863 0.940027622232758 "experimento_17" 17 5000 1000 0.8 1 0.4 1 0.8
1.00138222659007 0.963836585762722 "experimento_17" 17 5000 1000 0.8 1 0.4 1 0.8
1.04468180751428 0.96305215562131 "experimento_17" 17 5000 1000 0.8 1 0.4 1 0.8
0.996086495462805 0.996420037408841 "experimento_17" 17 5000 1000 0.8 1 0.4 1 0.8
0.997158443089575 0.980500943804912 "experimento_17" 17 5000 1000 0.8 1 0.4 1 0.8
0.995834140339866 0.966303178265622 "experimento_17" 17 5000 1000 0.8 1 0.4 1 0.8
1.0791305464331 0.987124536493835 "experimento_17" 17 5000 1000 0.8 1 0.4 1 0.8
0.999652880942449 0.993439774608502 "experimento_17" 17 5000 1000 0.8 1 0.4 1 0.8
0.999841396464035 0.930924520860916 "experimento_17" 17 5000 1000 0.8 1 0.4 1 0.8
0.999126839451492 1.01380051052567 "experimento_17" 17 5000 1000 0.8 1 0.4 1 0.8
1.21214829338714 1.0425046790576 "experimento_17" 17 5000 1000 0.8 1 0.4 1 0.8
0.999317313544452 0.979939910129585 "experimento_17" 17 5000 1000 0.8 1 0.4 1 0.8
0.997432590229437 0.993024796455485 "experimento_17" 17 5000 1000 0.8 1 0.4 1 0.8
1.0033038421534 1.02157286839395 "experimento_17" 17 5000 1000 0.8 1 0.4 1 0.8
1.04554416989343 1.00233225349031 "experimento_17" 17 5000 1000 0.8 1 0.4 1 0.8
1.00149983773008 1.00566160900825 "experimento_17" 17 5000 1000 0.8 1 0.4 1 0.8
0.999014128465205 0.987463248186954 "experimento_17" 17 5000 1000 0.8 1 0.4 1 0.8
0.993191972607747 1.04440650880842 "experimento_17" 17 5000 1000 0.8 1 0.4 1 0.8
1.00151539056222 0.993692959255613 "experimento_17" 17 5000 1000 0.8 1 0.4 1 0.8
0.999947837553918 1.00879207471907 "experimento_17" 17 5000 1000 0.8 1 0.4 1 0.8
1.00118631031364 1.0520717672352 "experimento_17" 17 5000 1000 0.8 1 0.4 1 0.8
0.999842621153221 1.00860828422246 "experimento_17" 17 5000 1000 0.8 1 0.4 1 0.8
0.997568535385653 1.02289210485298 "experimento_17" 17 5000 1000 0.8 1 0.4 1 0.8
0.99940899759531 0.998148866755843 "experimento_17" 17 5000 1000 0.8 1 0.4 1 0.8
0.998941286001354 0.977733081763268 "experimento_17" 17 5000 1000 0.8 1 0.4 1 0.8
0.997467787470669 1.04025974442471 "experimento_17" 17 5000 1000 0.8 1 0.4 1 0.8
0.998285360634327 1.01737644089478 "experimento_17" 17 5000 1000 0.8 1 0.4 1 0.8
1.00090117380023 0.973851875524667 "experimento_17" 17 5000 1000 0.8 1 0.4 1 0.8
0.999350528465584 0.990904669170979 "experimento_17" 17 5000 1000 0.8 1 0.4 1 0.8
1.16148422472179 1.00766055195072 "experimento_17" 17 5000 1000 0.8 1 0.4 1 0.8
0.999853522749618 0.957314836871357 "experimento_17" 17 5000 1000 0.8 1 0.4 1 0.8
1.00865961331874 1.02861470772466 "experimento_17" 17 5000 1000 0.8 1 0.4 1 0.8
1.1114920610562 1.03022557755723 "experimento_17" 17 5000 1000 0.8 1 0.4 1 0.8
1.00928525327035 1.02302539010962 "experimento_17" 17 5000 1000 0.8 1 0.4 1 0.8
1.01735355014698 1.01450990357748 "experimento_17" 17 5000 1000 0.8 1 0.4 1 0.8
0.999707555398345 1.05586304595771 "experimento_17" 17 5000 1000 0.8 1 0.4 1 0.8
0.990703165298328 1.03136188811734 "experimento_17" 17 5000 1000 0.8 1 0.4 1 0.8
1.18238030048087 0.935777494314103 "experimento_17" 17 5000 1000 0.8 1 0.4 1 0.8
0.994701614836231 1.02817369235641 "experimento_17" 17 5000 1000 0.8 1 0.4 1 0.8
0.996047876542434 1.08078258327917 "experimento_17" 17 5000 1000 0.8 1 0.4 1 0.8
0.999843356665224 1.06405557196184 "experimento_17" 17 5000 1000 0.8 1 0.4 1 0.8
0.998036742210388 1.01892194610901 "experimento_17" 17 5000 1000 0.8 1 0.4 1 0.8
0.999625372001901 0.988692325550413 "experimento_17" 17 5000 1000 0.8 1 0.4 1 0.8
0.991548489546403 1.00918751400041 "experimento_17" 17 5000 1000 0.8 1 0.4 1 0.8
1.16603074335187 0.995844432591604 "experimento_17" 17 5000 1000 0.8 1 0.4 1 0.8
0.997077254578471 1.03690197001882 "experimento_17" 17 5000 1000 0.8 1 0.4 1 0.8
0.999544698745012 1.00334640790209 "experimento_17" 17 5000 1000 0.8 1 0.4 1 0.8
1.30923577863723 0.965157267244804 "experimento_17" 17 5000 1000 0.8 1 0.4 1 0.8
1.10973390610889 0.957571461665344 "experimento_17" 17 5000 1000 0.8 1 0.4 1 0.8
1.05573175741451 1.0879238707253 "experimento_17" 17 5000 1000 0.8 1 0.4 1 0.8
1.0160986459814 0.978535991011781 "experimento_17" 17 5000 1000 0.8 1 0.4 1 0.8
1.00014592800289 0.972858043769471 "experimento_17" 17 5000 1000 0.8 1 0.4 1 0.8
0.996484587201849 1.03220792829442 "experimento_17" 17 5000 1000 0.8 1 0.4 1 0.8
0.997220522956923 1.0234875060032 "experimento_17" 17 5000 1000 0.8 1 0.4 1 0.8
1.00227490253747 0.968348394274513 "experimento_17" 17 5000 1000 0.8 1 0.4 1 0.8
0.994125939207152 1.01403694016771 "experimento_17" 17 5000 1000 0.8 1 0.4 1 0.8
1.1448818705976 1.02616346515464 "experimento_17" 17 5000 1000 0.8 1 0.4 1 0.8
1.00104533461854 0.983362914256058 "experimento_17" 17 5000 1000 0.8 1 0.4 1 0.8
0.999240103643388 0.983836670732166 "experimento_17" 17 5000 1000 0.8 1 0.4 1 0.8
1.01290392225177 0.980900043266262 "experimento_17" 17 5000 1000 0.8 1 0.4 1 0.8
0.998533112695441 1.04611588327408 "experimento_17" 17 5000 1000 0.8 1 0.4 1 0.8
0.999846835853532 1.03498561332991 "experimento_17" 17 5000 1000 0.8 1 0.4 1 0.8
1.1262488031035 1.03870563868832 "experimento_17" 17 5000 1000 0.8 1 0.4 1 0.8
1.00289390282705 0.968803297482465 "experimento_17" 17 5000 1000 0.8 1 0.4 1 0.8
1.01645237533376 0.965942088546535 "experimento_17" 17 5000 1000 0.8 1 0.4 1 0.8
1.13226615594333 0.943825047752171 "experimento_17" 17 5000 1000 0.8 1 0.4 1 0.8
0.992937516886741 0.988043026096155 "experimento_17" 17 5000 1000 0.8 1 0.4 1 0.8
0.997552790446207 0.981888495988409 "experimento_17" 17 5000 1000 0.8 1 0.4 1 0.8
0.998800846980885 1.00530259302209 "experimento_17" 17 5000 1000 0.8 1 0.4 1 0.8
1.0032187285663 1.04132358140111 "experimento_17" 17 5000 1000 0.8 1 0.4 1 0.8
0.999180431244895 1.0057657934322 "experimento_17" 17 5000 1000 0.8 1 0.4 1 0.8
0.997761599021032 1.00906490730793 "experimento_17" 17 5000 1000 0.8 1 0.4 1 0.8
1.09976438758895 1.01239784148596 "experimento_17" 17 5000 1000 0.8 1 0.4 1 0.8
0.999293291009963 1.08118129428438 "experimento_17" 17 5000 1000 0.8 1 0.4 1 0.8
0.998003501212224 1.01822413721163 "experimento_17" 17 5000 1000 0.8 1 0.4 1 0.8
0.997914388775826 0.955859056909523 "experimento_17" 17 5000 1000 0.8 1 0.4 1 0.8
0.994558475678787 0.977034196063773 "experimento_17" 17 5000 1000 0.8 1 0.4 1 0.8
0.999956278363243 1.02690533978986 "experimento_17" 17 5000 1000 0.8 1 0.4 1 0.8
0.998116769827902 1.00427285422905 "experimento_17" 17 5000 1000 0.8 1 0.4 1 0.8
0.995383396744728 1.02557310964627 "experimento_17" 17 5000 1000 0.8 1 0.4 1 0.8
1.00627017812803 1.0164078585586 "experimento_17" 17 5000 1000 0.8 1 0.4 1 0.8
1.10226264921948 0.938909293754768 "experimento_17" 17 5000 1000 0.8 1 0.4 1 0.8
1.00459084943761 1.03558982444735 "experimento_17" 17 5000 1000 0.8 1 0.4 1 0.8
0.994729797123 0.987504795234251 "experimento_17" 17 5000 1000 0.8 1 0.4 1 0.8
1.00018535461277 0.996574680400191 "experimento_17" 17 5000 1000 0.8 1 0.4 1 0.8
0.999479841440916 1.00363191854617 "experimento_17" 17 5000 1000 0.8 1 0.4 1 0.8
0.994605407817289 1.03166344096002 "experimento_17" 17 5000 1000 0.8 1 0.4 1 0.8
0.999363581417128 0.977813413952463 "experimento_17" 17 5000 1000 0.8 1 0.4 1 0.8
0.990285736974329 0.989580392469089 "experimento_17" 17 5000 1000 0.8 1 0.4 1 0.8
0.994427899597213 0.979421800706769 "experimento_17" 17 5000 1000 0.8 1 0.4 1 0.8
1.37640490988269 0.94082288140205 "experimento_17" 17 5000 1000 0.8 1 0.4 1 0.8
0.999255190836266 0.962070716772218 "experimento_17" 17 5000 1000 0.8 1 0.4 1 0.8
0.996978101320565 0.995325912145067 "experimento_17" 17 5000 1000 0.8 1 0.4 1 0.8
1.00986686353842 1.03360390305968 "experimento_17" 17 5000 1000 0.8 1 0.4 1 0.8
0.993111449060962 1.01771425566665 "experimento_17" 17 5000 1000 0.8 1 0.4 1 0.8
0.996776029001921 1.01660727113007 "experimento_17" 17 5000 1000 0.8 1 0.4 1 0.8
1.024592992582 0.97849570164946 "experimento_17" 17 5000 1000 0.8 1 0.4 1 0.8
0.996649363311008 1.02679818040184 "experimento_17" 17 5000 1000 0.8 1 0.4 1 0.8
1.03632947290316 0.972569693007556 "experimento_17" 17 5000 1000 0.8 1 0.4 1 0.8
0.991752948379144 0.99334503118757 "experimento_17" 17 5000 1000 0.8 1 0.4 1 0.8
0.993652450386435 0.965245623813014 "experimento_17" 17 5000 1000 0.8 1 0.4 1 0.8
0.99947469891049 0.972810192642304 "experimento_17" 17 5000 1000 0.8 1 0.4 1 0.8
0.999970202567056 0.982894983309145 "experimento_17" 17 5000 1000 0.8 1 0.4 1 0.8
1.04140665894783 0.935800768925333 "experimento_17" 17 5000 1000 0.8 1 0.4 1 0.8
1.00045109732596 1.03323813743112 "experimento_17" 17 5000 1000 0.8 1 0.4 1 0.8
0.997468007961288 0.94489945627346 "experimento_17" 17 5000 1000 0.8 1 0.4 1 0.8
0.998921926133335 0.999874994261342 "experimento_17" 17 5000 1000 0.8 1 0.4 1 0.8
0.992958094226196 1.01332778283612 "experimento_17" 17 5000 1000 0.8 1 0.4 1 0.8
0.999523324426264 1.00289108273091 "experimento_17" 17 5000 1000 0.8 1 0.4 1 0.8
1.00225317664444 1.0091642465535 "experimento_17" 17 5000 1000 0.8 1 0.4 1 0.8
0.999546562321484 0.999902712004207 "experimento_17" 17 5000 1000 0.8 1 0.4 1 0.8
0.992481475928798 1.01610628913375 "experimento_17" 17 5000 1000 0.8 1 0.4 1 0.8
0.996043123770505 1.05760444101391 "experimento_17" 17 5000 1000 0.8 1 0.4 1 0.8
1.0040465532802 0.968862570136064 "experimento_17" 17 5000 1000 0.8 1 0.4 1 0.8
0.998256327351555 0.988115682664185 "experimento_17" 17 5000 1000 0.8 1 0.4 1 0.8
1.00031206058338 0.970204751302182 "experimento_17" 17 5000 1000 0.8 1 0.4 1 0.8
1.15142019977793 0.936067488546352 "experimento_17" 17 5000 1000 0.8 1 0.4 1 0.8
0.999790630070493 1.03556380252927 "experimento_17" 17 5000 1000 0.8 1 0.4 1 0.8
0.997228937223554 1.00308885096484 "experimento_17" 17 5000 1000 0.8 1 0.4 1 0.8
0.99313309811987 1.01040590701332 "experimento_17" 17 5000 1000 0.8 1 0.4 1 0.8
1.00043113250285 0.997022478440937 "experimento_17" 17 5000 1000 0.8 1 0.4 1 0.8
1.00124033959582 0.98157846797438 "experimento_17" 17 5000 1000 0.8 1 0.4 1 0.8
0.997970652533695 0.974489583619405 "experimento_17" 17 5000 1000 0.8 1 0.4 1 0.8
0.992807411588728 0.973626273747913 "experimento_17" 17 5000 1000 0.8 1 0.4 1 0.8
1.02602198729843 1.0126490605709 "experimento_17" 17 5000 1000 0.8 1 0.4 1 0.8
0.998484164243564 1.02145866932726 "experimento_17" 17 5000 1000 0.8 1 0.4 1 0.8
1.00060115684463 1.07171636173138 "experimento_17" 17 5000 1000 0.8 1 0.4 1 0.8
1.07411139671958 0.971122792848259 "experimento_17" 17 5000 1000 0.8 1 0.4 1 0.8
0.984066442819312 0.989523717665851 "experimento_17" 17 5000 1000 0.8 1 0.4 1 0.8
1.00033125425152 1.01311726719555 "experimento_17" 17 5000 1000 0.8 1 0.4 1 0.8
0.997645830502734 1.01312699981012 "experimento_17" 17 5000 1000 0.8 1 0.4 1 0.8
1.20260297069609 0.924516722221597 "experimento_17" 17 5000 1000 0.8 1 0.4 1 0.8
0.998123606434092 1.00941781580982 "experimento_17" 17 5000 1000 0.8 1 0.4 1 0.8
0.994474942795932 1.02461988144164 "experimento_17" 17 5000 1000 0.8 1 0.4 1 0.8
0.996590361697599 1.01862972503608 "experimento_17" 17 5000 1000 0.8 1 0.4 1 0.8
1.0067861112766 1.04167298151983 "experimento_17" 17 5000 1000 0.8 1 0.4 1 0.8
0.997281909920275 1.02786512176894 "experimento_17" 17 5000 1000 0.8 1 0.4 1 0.8
0.995948073221371 0.999073493459154 "experimento_17" 17 5000 1000 0.8 1 0.4 1 0.8
1.01509571727365 1.02689579875419 "experimento_17" 17 5000 1000 0.8 1 0.4 1 0.8
0.998919422738254 1.01989303701304 "experimento_17" 17 5000 1000 0.8 1 0.4 1 0.8
0.995591930579394 1.00781612617067 "experimento_17" 17 5000 1000 0.8 1 0.4 1 0.8
1.00533781634866 0.965833215507529 "experimento_17" 17 5000 1000 0.8 1 0.4 1 0.8
0.990023516817018 0.998054113420506 "experimento_17" 17 5000 1000 0.8 1 0.4 1 0.8
0.996893116738647 0.990872768436243 "experimento_17" 17 5000 1000 0.8 1 0.4 1 0.8
1.00146435853094 1.02222893515936 "experimento_17" 17 5000 1000 0.8 1 0.4 1 0.8
1.00077191684907 1.03319325783137 "experimento_17" 17 5000 1000 0.8 1 0.4 1 0.8
1.37878876412287 1.06039198978247 "experimento_17" 17 5000 1000 0.8 1 0.4 1 0.8
1.00442453270988 1.01760514397055 "experimento_17" 17 5000 1000 0.8 1 0.4 1 0.8
0.997857359936461 0.98145930595496 "experimento_17" 17 5000 1000 0.8 1 0.4 1 0.8
1.00108627383503 1.00765493652518 "experimento_17" 17 5000 1000 0.8 1 0.4 1 0.8
0.998623407678679 0.993251646246343 "experimento_17" 17 5000 1000 0.8 1 0.4 1 0.8
1.01839183038101 0.969877159056401 "experimento_17" 17 5000 1000 0.8 1 0.4 1 0.8
0.999694722238928 1.02965033597123 "experimento_17" 17 5000 1000 0.8 1 0.4 1 0.8
1.02281983429566 0.994685999559368 "experimento_17" 17 5000 1000 0.8 1 0.4 1 0.8
0.997819952201098 1.0084247848947 "experimento_17" 17 5000 1000 0.8 1 0.4 1 0.8
1.58443505130708 0.934328260647501 "experimento_17" 17 5000 1000 0.8 1 0.4 1 0.8
0.998355882940814 1.04138179479527 "experimento_17" 17 5000 1000 0.8 1 0.4 1 0.8
0.996039463439956 1.00204967365094 "experimento_17" 17 5000 1000 0.8 1 0.4 1 0.8
0.995354034705088 1.02109102847639 "experimento_17" 17 5000 1000 0.8 1 0.4 1 0.8
1.02221019329258 0.980191175442667 "experimento_17" 17 5000 1000 0.8 1 0.4 1 0.8
0.994975622277707 0.97153296799764 "experimento_17" 17 5000 1000 0.8 1 0.4 1 0.8
0.99572880519554 1.00682662334083 "experimento_17" 17 5000 1000 0.8 1 0.4 1 0.8
0.992185585433617 1.06055446206203 "experimento_17" 17 5000 1000 0.8 1 0.4 1 0.8
0.998768259305507 1.07421495188127 "experimento_17" 17 5000 1000 0.8 1 0.4 1 0.8
0.998791057150811 0.983581681020891 "experimento_17" 17 5000 1000 0.8 1 0.4 1 0.8
1.00186700653285 1.07681524047493 "experimento_17" 17 5000 1000 0.8 1 0.4 1 0.8
0.994769913610071 1.00879214271465 "experimento_17" 17 5000 1000 0.8 1 0.4 1 0.8
0.999927575234324 0.968481347392343 "experimento_17" 17 5000 1000 0.8 1 0.4 1 0.8
0.99540589703247 1.02504717154155 "experimento_17" 17 5000 1000 0.8 1 0.4 1 0.8
0.995922771748155 0.983585940695064 "experimento_17" 17 5000 1000 0.8 1 0.4 1 0.8
0.995837779948488 1.05198776033489 "experimento_17" 17 5000 1000 0.8 1 0.4 1 0.8
0.997998682549223 1.01181212972342 "experimento_17" 17 5000 1000 0.8 1 0.4 1 0.8
0.998883058782667 1.06380670136004 "experimento_17" 17 5000 1000 0.8 1 0.4 1 0.8
1.17792131753991 0.942290892183816 "experimento_17" 17 5000 1000 0.8 1 0.4 1 0.8
0.999901765026152 1.00627429981643 "experimento_17" 17 5000 1000 0.8 1 0.4 1 0.8
0.987995176576078 0.99793575745383 "experimento_17" 17 5000 1000 0.8 1 0.4 1 0.8
0.995623112190515 1.02662749887293 "experimento_17" 17 5000 1000 0.8 1 0.4 1 0.8
1.03000310626525 0.963812062309528 "experimento_17" 17 5000 1000 0.8 1 0.4 1 0.8
0.992736177751794 1.00040444322766 "experimento_17" 17 5000 1000 0.8 1 0.4 1 0.8
0.998902400955558 1.03483641637749 "experimento_17" 17 5000 1000 0.8 1 0.4 1 0.8
0.999169030925259 1.01458206939316 "experimento_17" 17 5000 1000 0.8 1 0.4 1 0.8
0.991881059249863 1.06719135555415 "experimento_17" 17 5000 1000 0.8 1 0.4 1 0.8
1.42112089321017 1.07246447599995 "experimento_17" 17 5000 1000 0.8 1 0.4 1 0.8
0.994448150973767 1.00864132486433 "experimento_17" 17 5000 1000 0.8 1 0.4 1 0.8
0.992837405297905 1.02661409333671 "experimento_17" 17 5000 1000 0.8 1 0.4 1 0.8
1.13560410415032 0.989585587856758 "experimento_17" 17 5000 1000 0.8 1 0.4 1 0.8
1.0183545248583 0.984368576970083 "experimento_17" 17 5000 1000 0.8 1 0.4 1 0.8
0.999961374793202 0.999131088495105 "experimento_17" 17 5000 1000 0.8 1 0.4 1 0.8
1.00022723246366 1.00020330102384 "experimento_17" 17 5000 1000 0.8 1 0.4 1 0.8
1.08173809805885 0.971790279405484 "experimento_17" 17 5000 1000 0.8 1 0.4 1 0.8
1.22439761787939 1.01730774910907 "experimento_17" 17 5000 1000 0.8 1 0.4 1 0.8
0.994425275130197 0.975369162505983 "experimento_17" 17 5000 1000 0.8 1 0.4 1 0.8
0.998290007235482 0.976508931689704 "experimento_17" 17 5000 1000 0.8 1 0.4 1 0.8
0.998964943923056 1.01769494030088 "experimento_17" 17 5000 1000 0.8 1 0.4 1 0.8
1.30119970953092 0.995287774756997 "experimento_17" 17 5000 1000 0.8 1 0.4 1 0.8
0.995228439569473 1.01549656048816 "experimento_17" 17 5000 1000 0.8 1 0.4 1 0.8
0.995539549970999 0.997143556510854 "experimento_17" 17 5000 1000 0.8 1 0.4 1 0.8
0.999963046517223 1.03439573927245 "experimento_17" 17 5000 1000 0.8 1 0.4 1 0.8
1.00128927696789 1.00057730783158 "experimento_17" 17 5000 1000 0.8 1 0.4 1 0.8
0.993153893621638 1.04701778292938 "experimento_17" 17 5000 1000 0.8 1 0.4 1 0.8
0.997180194128305 1.01212145445602 "experimento_17" 17 5000 1000 0.8 1 0.4 1 0.8
0.997620254289359 1.00161488165537 "experimento_17" 17 5000 1000 0.8 1 0.4 1 0.8
1.17794524703485 1.03031267794923 "experimento_17" 17 5000 1000 0.8 1 0.4 1 0.8
0.997014879714698 1.01383357858305 "experimento_17" 17 5000 1000 0.8 1 0.4 1 0.8
0.995062483940274 0.964587779282919 "experimento_17" 17 5000 1000 0.8 1 0.4 1 0.8
1.08182010611258 1.03117181240516 "experimento_17" 17 5000 1000 0.8 1 0.4 1 0.8
1.04352364689112 1.03890100736257 "experimento_17" 17 5000 1000 0.8 1 0.4 1 0.8
1.0679006180726 1.05849909716335 "experimento_17" 17 5000 1000 0.8 1 0.4 1 0.8
0.997688395669684 0.997050595215827 "experimento_17" 17 5000 1000 0.8 1 0.4 1 0.8
0.996546691982076 1.01993239496618 "experimento_17" 17 5000 1000 0.8 1 0.4 1 0.8
0.992092058993876 0.989817603710397 "experimento_17" 17 5000 1000 0.8 1 0.4 1 0.8
1.00285471652672 0.957184014916056 "experimento_17" 17 5000 1000 0.8 1 0.4 1 0.8
0.995031984522939 1.01809563376495 "experimento_17" 17 5000 1000 0.8 1 0.4 1 0.8
1.04580972862354 0.987381277009702 "experimento_17" 17 5000 1000 0.8 1 0.4 1 0.8
1.00971277534343 1.09698921139185 "experimento_17" 17 5000 1000 0.8 1 0.4 1 0.8
0.994699930539355 0.960858724448247 "experimento_17" 17 5000 1000 0.8 1 0.4 1 0.8
0.992707087425515 1.03195137095443 "experimento_17" 17 5000 1000 0.8 1 0.4 1 0.8
1.00126064009964 1.01778301463826 "experimento_17" 17 5000 1000 0.8 1 0.4 1 0.8
0.999988764990121 0.995441719132047 "experimento_17" 17 5000 1000 0.8 1 0.4 1 0.8
0.998981218785048 1.08342602242377 "experimento_17" 17 5000 1000 0.8 1 0.4 1 0.8
1.00052857837579 0.956243112696606 "experimento_17" 17 5000 1000 0.8 1 0.4 1 0.8
0.999420434469357 1.00698152403157 "experimento_17" 17 5000 1000 0.8 1 0.4 1 0.8
1.06976093351841 1.0038871711104 "experimento_17" 17 5000 1000 0.8 1 0.4 1 0.8
1.01056059279017 0.987182657134311 "experimento_17" 17 5000 1000 0.8 1 0.4 1 0.8
1.3569903941825 0.909310833062327 "experimento_17" 17 5000 1000 0.8 1 0.4 1 0.8
0.99990027374588 0.943619255554442 "experimento_17" 17 5000 1000 0.8 1 0.4 1 0.8
0.997165624517947 1.03684313916738 "experimento_17" 17 5000 1000 0.8 1 0.4 1 0.8
0.993934161262587 1.00199359489031 "experimento_17" 17 5000 1000 0.8 1 0.4 1 0.8
0.997156498488039 1.03531642237659 "experimento_17" 17 5000 1000 0.8 1 0.4 1 0.8
0.999247058061883 0.97922679407059 "experimento_17" 17 5000 1000 0.8 1 0.4 1 0.8
0.994677980197594 1.00471004333525 "experimento_17" 17 5000 1000 0.8 1 0.4 1 0.8
0.992946320679039 1.04723384361218 "experimento_17" 17 5000 1000 0.8 1 0.4 1 0.8
0.994025789666921 1.05193787871682 "experimento_17" 17 5000 1000 0.8 1 0.4 1 0.8
1.0031814017819 0.992110836119367 "experimento_17" 17 5000 1000 0.8 1 0.4 1 0.8
0.987097724573687 1.04253664289272 "experimento_17" 17 5000 1000 0.8 1 0.4 1 0.8
1.00492827082053 1.02609353773258 "experimento_17" 17 5000 1000 0.8 1 0.4 1 0.8
0.995000755181536 1.05457935850627 "experimento_17" 17 5000 1000 0.8 1 0.4 1 0.8
1.16193255601845 0.995957399709969 "experimento_17" 17 5000 1000 0.8 1 0.4 1 0.8
1.00402797187699 0.952346510521618 "experimento_17" 17 5000 1000 0.8 1 0.4 1 0.8
1.00331778731197 1.01641145404311 "experimento_17" 17 5000 1000 0.8 1 0.4 1 0.8
0.996465460862964 0.994396467880463 "experimento_17" 17 5000 1000 0.8 1 0.4 1 0.8
0.997976107755676 0.994152217975365 "experimento_17" 17 5000 1000 0.8 1 0.4 1 0.8
0.994179515633732 1.06655286625288 "experimento_17" 17 5000 1000 0.8 1 0.4 1 0.8
1.00184112600982 0.995780147339791 "experimento_17" 17 5000 1000 0.8 1 0.4 1 0.8
1.06807205682555 0.940315451723215 "experimento_17" 17 5000 1000 0.8 1 0.4 1 0.8
0.996433907886967 1.00911143802092 "experimento_17" 17 5000 1000 0.8 1 0.4 1 0.8
0.999626341508701 0.996113145298648 "experimento_17" 17 5000 1000 0.8 1 0.4 1 0.8
0.996131787309423 0.952566244260004 "experimento_17" 17 5000 1000 0.8 1 0.4 1 0.8
