"est.u" "est.lamb" "name" "seed" "size" "replicates" "p_umbral" "exp_lambda" "alpha_pen" "n_pen" "c"
0.899029006483033 9.22257273525285 "experimento_32" 32 1000 1000 0.95 10 0.4 1 0.8
0.898602792061865 8.66079650504595 "experimento_32" 32 1000 1000 0.95 10 0.4 1 0.8
0.997813789173961 8.94335299944525 "experimento_32" 32 1000 1000 0.95 10 0.4 1 0.8
0.916039261035621 10.3742080209777 "experimento_32" 32 1000 1000 0.95 10 0.4 1 0.8
0.990012588677928 10.8957570346388 "experimento_32" 32 1000 1000 0.95 10 0.4 1 0.8
0.949894682504237 11.8727728896609 "experimento_32" 32 1000 1000 0.95 10 0.4 1 0.8
0.880596985341981 8.48728039591017 "experimento_32" 32 1000 1000 0.95 10 0.4 1 0.8
0.879526483360678 8.36217923334063 "experimento_32" 32 1000 1000 0.95 10 0.4 1 0.8
0.952664804179221 11.2798726246264 "experimento_32" 32 1000 1000 0.95 10 0.4 1 0.8
0.912179711740464 9.92485321683588 "experimento_32" 32 1000 1000 0.95 10 0.4 1 0.8
0.990167755400762 10.6493403850067 "experimento_32" 32 1000 1000 0.95 10 0.4 1 0.8
0.999791780253872 12.6525858804635 "experimento_32" 32 1000 1000 0.95 10 0.4 1 0.8
0.937077303649858 10.0359380342361 "experimento_32" 32 1000 1000 0.95 10 0.4 1 0.8
0.866122174309567 8.38465238731123 "experimento_32" 32 1000 1000 0.95 10 0.4 1 0.8
0.870539692929015 8.90404251816613 "experimento_32" 32 1000 1000 0.95 10 0.4 1 0.8
0.910918861627579 9.87354381443027 "experimento_32" 32 1000 1000 0.95 10 0.4 1 0.8
0.917046256363392 9.87532552066821 "experimento_32" 32 1000 1000 0.95 10 0.4 1 0.8
0.909467915305868 10.5761958330733 "experimento_32" 32 1000 1000 0.95 10 0.4 1 0.8
0.928115642163903 11.7909465301977 "experimento_32" 32 1000 1000 0.95 10 0.4 1 0.8
0.921414616517723 11.3012010141503 "experimento_32" 32 1000 1000 0.95 10 0.4 1 0.8
0.952642900403589 13.1646447917667 "experimento_32" 32 1000 1000 0.95 10 0.4 1 0.8
0.904481951380149 9.07534040049038 "experimento_32" 32 1000 1000 0.95 10 0.4 1 0.8
0.940931365359575 9.93129604163069 "experimento_32" 32 1000 1000 0.95 10 0.4 1 0.8
0.94496976560913 13.1806029755433 "experimento_32" 32 1000 1000 0.95 10 0.4 1 0.8
0.935404518386349 11.3380069102994 "experimento_32" 32 1000 1000 0.95 10 0.4 1 0.8
0.918581645935774 10.4944565716654 "experimento_32" 32 1000 1000 0.95 10 0.4 1 0.8
0.897083094576374 9.56787569442811 "experimento_32" 32 1000 1000 0.95 10 0.4 1 0.8
0.92761025368236 11.2720256658843 "experimento_32" 32 1000 1000 0.95 10 0.4 1 0.8
0.927380116423592 12.1434824060271 "experimento_32" 32 1000 1000 0.95 10 0.4 1 0.8
0.955489700427279 14.0902434904476 "experimento_32" 32 1000 1000 0.95 10 0.4 1 0.8
0.952215376775712 11.4309865684951 "experimento_32" 32 1000 1000 0.95 10 0.4 1 0.8
0.932285414543003 10.8323452776686 "experimento_32" 32 1000 1000 0.95 10 0.4 1 0.8
0.910841992590576 9.7339468478776 "experimento_32" 32 1000 1000 0.95 10 0.4 1 0.8
0.9954841688741 8.8753946816774 "experimento_32" 32 1000 1000 0.95 10 0.4 1 0.8
0.949921827530488 11.6143566017322 "experimento_32" 32 1000 1000 0.95 10 0.4 1 0.8
0.882312010508031 8.64006167226143 "experimento_32" 32 1000 1000 0.95 10 0.4 1 0.8
0.940326450625435 11.9293058336005 "experimento_32" 32 1000 1000 0.95 10 0.4 1 0.8
0.902757313335314 9.69274983721651 "experimento_32" 32 1000 1000 0.95 10 0.4 1 0.8
0.85713444952853 7.66588027872203 "experimento_32" 32 1000 1000 0.95 10 0.4 1 0.8
0.92745070066303 11.3743017882475 "experimento_32" 32 1000 1000 0.95 10 0.4 1 0.8
0.911442617420107 8.5868490669028 "experimento_32" 32 1000 1000 0.95 10 0.4 1 0.8
0.872483297949657 8.39586550022278 "experimento_32" 32 1000 1000 0.95 10 0.4 1 0.8
0.885584484087303 10.2131706541427 "experimento_32" 32 1000 1000 0.95 10 0.4 1 0.8
0.948643705574796 10.518078787385 "experimento_32" 32 1000 1000 0.95 10 0.4 1 0.8
0.917238713940606 12.5411801684013 "experimento_32" 32 1000 1000 0.95 10 0.4 1 0.8
0.908219357253984 10.8895582841886 "experimento_32" 32 1000 1000 0.95 10 0.4 1 0.8
0.94307011179626 11.0403054189604 "experimento_32" 32 1000 1000 0.95 10 0.4 1 0.8
0.908709581242874 10.0218965341079 "experimento_32" 32 1000 1000 0.95 10 0.4 1 0.8
0.919928496936336 10.2697846072333 "experimento_32" 32 1000 1000 0.95 10 0.4 1 0.8
0.923625172581524 10.1328183190956 "experimento_32" 32 1000 1000 0.95 10 0.4 1 0.8
0.935388055397198 11.5486794993126 "experimento_32" 32 1000 1000 0.95 10 0.4 1 0.8
0.918192914919928 10.3488233027236 "experimento_32" 32 1000 1000 0.95 10 0.4 1 0.8
0.97688351594843 10.3575870821578 "experimento_32" 32 1000 1000 0.95 10 0.4 1 0.8
0.926249562995508 12.0670892334131 "experimento_32" 32 1000 1000 0.95 10 0.4 1 0.8
0.893566018668935 10.0006969385728 "experimento_32" 32 1000 1000 0.95 10 0.4 1 0.8
0.931941075017676 12.3175591501401 "experimento_32" 32 1000 1000 0.95 10 0.4 1 0.8
0.939038637792692 14.3656948637233 "experimento_32" 32 1000 1000 0.95 10 0.4 1 0.8
0.924293659394607 11.1976039729232 "experimento_32" 32 1000 1000 0.95 10 0.4 1 0.8
0.931784126907587 10.168680287772 "experimento_32" 32 1000 1000 0.95 10 0.4 1 0.8
0.943093281472102 10.5164873186914 "experimento_32" 32 1000 1000 0.95 10 0.4 1 0.8
0.92159098922275 10.7152934831248 "experimento_32" 32 1000 1000 0.95 10 0.4 1 0.8
0.939846470486373 11.9731731342741 "experimento_32" 32 1000 1000 0.95 10 0.4 1 0.8
0.955090111354366 12.723591315542 "experimento_32" 32 1000 1000 0.95 10 0.4 1 0.8
0.93067672662437 12.193980465399 "experimento_32" 32 1000 1000 0.95 10 0.4 1 0.8
0.920776103856042 10.1472120743477 "experimento_32" 32 1000 1000 0.95 10 0.4 1 0.8
1.0002211675037 6.38658149590313 "experimento_32" 32 1000 1000 0.95 10 0.4 1 0.8
0.914045879617333 11.236153590523 "experimento_32" 32 1000 1000 0.95 10 0.4 1 0.8
0.931150483665988 10.2021720644542 "experimento_32" 32 1000 1000 0.95 10 0.4 1 0.8
0.931632380234078 11.2239267022889 "experimento_32" 32 1000 1000 0.95 10 0.4 1 0.8
0.9961542931851 9.72429981155557 "experimento_32" 32 1000 1000 0.95 10 0.4 1 0.8
0.961039924994111 14.1896828861372 "experimento_32" 32 1000 1000 0.95 10 0.4 1 0.8
1.00596139878035 8.77930123849944 "experimento_32" 32 1000 1000 0.95 10 0.4 1 0.8
0.928651846479625 11.7278385009928 "experimento_32" 32 1000 1000 0.95 10 0.4 1 0.8
0.905797892715782 9.72003217717756 "experimento_32" 32 1000 1000 0.95 10 0.4 1 0.8
0.994129920611158 12.139162854564 "experimento_32" 32 1000 1000 0.95 10 0.4 1 0.8
0.999764958629385 10.4212477916997 "experimento_32" 32 1000 1000 0.95 10 0.4 1 0.8
0.911835239036009 10.5657311326068 "experimento_32" 32 1000 1000 0.95 10 0.4 1 0.8
0.910363724688068 10.9214992432724 "experimento_32" 32 1000 1000 0.95 10 0.4 1 0.8
1.01012866324745 8.37847475931872 "experimento_32" 32 1000 1000 0.95 10 0.4 1 0.8
0.950235983589664 13.3566090984071 "experimento_32" 32 1000 1000 0.95 10 0.4 1 0.8
0.89012384461239 9.61204479269663 "experimento_32" 32 1000 1000 0.95 10 0.4 1 0.8
0.907172908540815 9.64139156840344 "experimento_32" 32 1000 1000 0.95 10 0.4 1 0.8
0.934458092553541 11.7347255959836 "experimento_32" 32 1000 1000 0.95 10 0.4 1 0.8
0.931075640255585 11.9252405510441 "experimento_32" 32 1000 1000 0.95 10 0.4 1 0.8
0.901452514342964 10.7381629887947 "experimento_32" 32 1000 1000 0.95 10 0.4 1 0.8
0.931601621443406 11.2450589180489 "experimento_32" 32 1000 1000 0.95 10 0.4 1 0.8
0.885860969312489 9.67529071611575 "experimento_32" 32 1000 1000 0.95 10 0.4 1 0.8
0.904450956499204 10.7653241405623 "experimento_32" 32 1000 1000 0.95 10 0.4 1 0.8
0.910361356567591 10.1248469699422 "experimento_32" 32 1000 1000 0.95 10 0.4 1 0.8
0.8909493223764 9.84028383155582 "experimento_32" 32 1000 1000 0.95 10 0.4 1 0.8
0.934155565220863 10.6473456855494 "experimento_32" 32 1000 1000 0.95 10 0.4 1 0.8
0.837934697745368 9.00917990134155 "experimento_32" 32 1000 1000 0.95 10 0.4 1 0.8
0.951938060577959 12.5394483463653 "experimento_32" 32 1000 1000 0.95 10 0.4 1 0.8
0.936997787095606 11.0890757251903 "experimento_32" 32 1000 1000 0.95 10 0.4 1 0.8
0.897520124446601 9.8090115071136 "experimento_32" 32 1000 1000 0.95 10 0.4 1 0.8
0.904331133700907 8.985316546 "experimento_32" 32 1000 1000 0.95 10 0.4 1 0.8
0.925014140782878 11.4023492567771 "experimento_32" 32 1000 1000 0.95 10 0.4 1 0.8
0.914783938089386 12.4695000866137 "experimento_32" 32 1000 1000 0.95 10 0.4 1 0.8
0.946655699051917 11.5870636376722 "experimento_32" 32 1000 1000 0.95 10 0.4 1 0.8
0.934659730875865 11.328037721851 "experimento_32" 32 1000 1000 0.95 10 0.4 1 0.8
0.912974586011842 10.1712907898431 "experimento_32" 32 1000 1000 0.95 10 0.4 1 0.8
0.939392409520224 13.9583298068688 "experimento_32" 32 1000 1000 0.95 10 0.4 1 0.8
0.927097487496212 10.8080406966898 "experimento_32" 32 1000 1000 0.95 10 0.4 1 0.8
0.878386471420527 9.06872224693011 "experimento_32" 32 1000 1000 0.95 10 0.4 1 0.8
0.97765468689613 10.4626558186515 "experimento_32" 32 1000 1000 0.95 10 0.4 1 0.8
0.918592845555395 10.760942144553 "experimento_32" 32 1000 1000 0.95 10 0.4 1 0.8
0.880196348298341 10.8419147224687 "experimento_32" 32 1000 1000 0.95 10 0.4 1 0.8
0.905337940668687 10.0004847283395 "experimento_32" 32 1000 1000 0.95 10 0.4 1 0.8
0.905406397767365 9.19783961059084 "experimento_32" 32 1000 1000 0.95 10 0.4 1 0.8
0.861912633059546 8.53694178306863 "experimento_32" 32 1000 1000 0.95 10 0.4 1 0.8
0.955216465750709 12.1071348554612 "experimento_32" 32 1000 1000 0.95 10 0.4 1 0.8
0.930331730283797 11.4608117009244 "experimento_32" 32 1000 1000 0.95 10 0.4 1 0.8
0.917256301967427 10.8095717865694 "experimento_32" 32 1000 1000 0.95 10 0.4 1 0.8
0.952652603155002 10.8360082982185 "experimento_32" 32 1000 1000 0.95 10 0.4 1 0.8
0.902816760586575 10.6530067423189 "experimento_32" 32 1000 1000 0.95 10 0.4 1 0.8
1.01353670661338 6.40340637548643 "experimento_32" 32 1000 1000 0.95 10 0.4 1 0.8
0.923557653091848 11.4570336979185 "experimento_32" 32 1000 1000 0.95 10 0.4 1 0.8
0.9215606325306 11.0087167979543 "experimento_32" 32 1000 1000 0.95 10 0.4 1 0.8
0.928934251889586 10.7594908053179 "experimento_32" 32 1000 1000 0.95 10 0.4 1 0.8
0.92281030700542 9.99191391474299 "experimento_32" 32 1000 1000 0.95 10 0.4 1 0.8
0.8726639773231 8.6033521050387 "experimento_32" 32 1000 1000 0.95 10 0.4 1 0.8
0.873048265464604 8.683111407411 "experimento_32" 32 1000 1000 0.95 10 0.4 1 0.8
0.895850757602602 10.0018548626311 "experimento_32" 32 1000 1000 0.95 10 0.4 1 0.8
0.8997917403467 9.57961326599054 "experimento_32" 32 1000 1000 0.95 10 0.4 1 0.8
0.8961958498694 9.62859994821854 "experimento_32" 32 1000 1000 0.95 10 0.4 1 0.8
1.02440332523547 10.0958595890047 "experimento_32" 32 1000 1000 0.95 10 0.4 1 0.8
0.961070217425004 10.9001327724503 "experimento_32" 32 1000 1000 0.95 10 0.4 1 0.8
0.942280631745234 12.27125583527 "experimento_32" 32 1000 1000 0.95 10 0.4 1 0.8
0.924214168917388 10.3141860749943 "experimento_32" 32 1000 1000 0.95 10 0.4 1 0.8
0.910315841436386 9.879960105066 "experimento_32" 32 1000 1000 0.95 10 0.4 1 0.8
0.926319142105058 9.81613752541102 "experimento_32" 32 1000 1000 0.95 10 0.4 1 0.8
0.901762375375256 10.8508228719092 "experimento_32" 32 1000 1000 0.95 10 0.4 1 0.8
0.903298540739343 10.8309272818222 "experimento_32" 32 1000 1000 0.95 10 0.4 1 0.8
0.912119005341083 8.8489649111365 "experimento_32" 32 1000 1000 0.95 10 0.4 1 0.8
0.950072430539876 12.9016778998985 "experimento_32" 32 1000 1000 0.95 10 0.4 1 0.8
0.935640933224931 12.5056231672634 "experimento_32" 32 1000 1000 0.95 10 0.4 1 0.8
0.893319108756259 9.20072962948547 "experimento_32" 32 1000 1000 0.95 10 0.4 1 0.8
0.931651063496247 11.1678307409513 "experimento_32" 32 1000 1000 0.95 10 0.4 1 0.8
0.922551348106936 11.0982917189621 "experimento_32" 32 1000 1000 0.95 10 0.4 1 0.8
0.908505556406453 10.925107400911 "experimento_32" 32 1000 1000 0.95 10 0.4 1 0.8
0.906696881167591 11.3946886583133 "experimento_32" 32 1000 1000 0.95 10 0.4 1 0.8
0.885826127137989 9.45799400910582 "experimento_32" 32 1000 1000 0.95 10 0.4 1 0.8
0.881683023879305 10.76619321347 "experimento_32" 32 1000 1000 0.95 10 0.4 1 0.8
0.936436966061592 12.3333736959486 "experimento_32" 32 1000 1000 0.95 10 0.4 1 0.8
0.873885185457766 9.5531856670458 "experimento_32" 32 1000 1000 0.95 10 0.4 1 0.8
0.906096037942916 10.6404114013061 "experimento_32" 32 1000 1000 0.95 10 0.4 1 0.8
0.938086851034313 12.2188030222954 "experimento_32" 32 1000 1000 0.95 10 0.4 1 0.8
0.944567614933476 14.3133480760613 "experimento_32" 32 1000 1000 0.95 10 0.4 1 0.8
0.910051827086136 9.58846993748914 "experimento_32" 32 1000 1000 0.95 10 0.4 1 0.8
0.900947915157303 10.9783165069165 "experimento_32" 32 1000 1000 0.95 10 0.4 1 0.8
0.92089113057591 11.0872681988606 "experimento_32" 32 1000 1000 0.95 10 0.4 1 0.8
0.998630715766922 10.0201146235638 "experimento_32" 32 1000 1000 0.95 10 0.4 1 0.8
0.932977519230917 13.7980344559295 "experimento_32" 32 1000 1000 0.95 10 0.4 1 0.8
0.90309796622023 11.7069069155863 "experimento_32" 32 1000 1000 0.95 10 0.4 1 0.8
0.951946930028498 10.4089264355895 "experimento_32" 32 1000 1000 0.95 10 0.4 1 0.8
0.870605476433411 8.63455797507366 "experimento_32" 32 1000 1000 0.95 10 0.4 1 0.8
0.91040139971301 10.1505458492413 "experimento_32" 32 1000 1000 0.95 10 0.4 1 0.8
0.928737247828394 10.9510362732695 "experimento_32" 32 1000 1000 0.95 10 0.4 1 0.8
0.91233810572885 10.6503480784921 "experimento_32" 32 1000 1000 0.95 10 0.4 1 0.8
0.939913253067061 12.3986770536342 "experimento_32" 32 1000 1000 0.95 10 0.4 1 0.8
0.923846206860617 13.8538994506229 "experimento_32" 32 1000 1000 0.95 10 0.4 1 0.8
0.936207969672978 12.6198028297097 "experimento_32" 32 1000 1000 0.95 10 0.4 1 0.8
0.932786657242104 9.74752075006678 "experimento_32" 32 1000 1000 0.95 10 0.4 1 0.8
0.92332423129119 10.6101243769009 "experimento_32" 32 1000 1000 0.95 10 0.4 1 0.8
0.940405079163611 11.1318249264196 "experimento_32" 32 1000 1000 0.95 10 0.4 1 0.8
0.942519762553275 13.1521772869897 "experimento_32" 32 1000 1000 0.95 10 0.4 1 0.8
0.932645031483844 10.7588024572302 "experimento_32" 32 1000 1000 0.95 10 0.4 1 0.8
0.998485741438344 8.40964138722957 "experimento_32" 32 1000 1000 0.95 10 0.4 1 0.8
0.943985523656011 11.316218191977 "experimento_32" 32 1000 1000 0.95 10 0.4 1 0.8
0.974411196773872 15.1971863506437 "experimento_32" 32 1000 1000 0.95 10 0.4 1 0.8
0.938603811664507 14.9556872704894 "experimento_32" 32 1000 1000 0.95 10 0.4 1 0.8
0.952946211909875 11.514094756409 "experimento_32" 32 1000 1000 0.95 10 0.4 1 0.8
0.913240559166297 10.2277708025703 "experimento_32" 32 1000 1000 0.95 10 0.4 1 0.8
0.963106001261622 13.6866624612073 "experimento_32" 32 1000 1000 0.95 10 0.4 1 0.8
0.971454757032916 11.4014081065452 "experimento_32" 32 1000 1000 0.95 10 0.4 1 0.8
0.934661670122296 10.9409989875345 "experimento_32" 32 1000 1000 0.95 10 0.4 1 0.8
0.94001305475831 11.3200098802743 "experimento_32" 32 1000 1000 0.95 10 0.4 1 0.8
0.930131565546617 11.435071938891 "experimento_32" 32 1000 1000 0.95 10 0.4 1 0.8
0.961236936971545 10.8537377351943 "experimento_32" 32 1000 1000 0.95 10 0.4 1 0.8
0.878814419033006 9.4670168775975 "experimento_32" 32 1000 1000 0.95 10 0.4 1 0.8
0.913092468865216 9.59705415789024 "experimento_32" 32 1000 1000 0.95 10 0.4 1 0.8
0.905071112094447 10.554706554508 "experimento_32" 32 1000 1000 0.95 10 0.4 1 0.8
0.929066037759185 11.4241250114614 "experimento_32" 32 1000 1000 0.95 10 0.4 1 0.8
0.913914815057069 10.1519977390726 "experimento_32" 32 1000 1000 0.95 10 0.4 1 0.8
0.95694079133682 13.009338630981 "experimento_32" 32 1000 1000 0.95 10 0.4 1 0.8
0.934429941931739 11.3003112895 "experimento_32" 32 1000 1000 0.95 10 0.4 1 0.8
0.935156327439472 10.7259425418441 "experimento_32" 32 1000 1000 0.95 10 0.4 1 0.8
0.896052091382444 9.78124087313813 "experimento_32" 32 1000 1000 0.95 10 0.4 1 0.8
0.997435078490525 10.7361664958078 "experimento_32" 32 1000 1000 0.95 10 0.4 1 0.8
0.907653481233865 11.192946718645 "experimento_32" 32 1000 1000 0.95 10 0.4 1 0.8
0.909660414326936 9.70828844897518 "experimento_32" 32 1000 1000 0.95 10 0.4 1 0.8
0.920553832314909 10.6655044066123 "experimento_32" 32 1000 1000 0.95 10 0.4 1 0.8
1.00104193152469 12.3213380249825 "experimento_32" 32 1000 1000 0.95 10 0.4 1 0.8
0.912065616808832 11.8897935554096 "experimento_32" 32 1000 1000 0.95 10 0.4 1 0.8
0.900580988731235 10.793202048656 "experimento_32" 32 1000 1000 0.95 10 0.4 1 0.8
0.819919502362609 8.21670260333602 "experimento_32" 32 1000 1000 0.95 10 0.4 1 0.8
0.917525349883363 9.35232185040152 "experimento_32" 32 1000 1000 0.95 10 0.4 1 0.8
0.931738276267424 10.6231895177268 "experimento_32" 32 1000 1000 0.95 10 0.4 1 0.8
0.925437369849533 9.98499492833605 "experimento_32" 32 1000 1000 0.95 10 0.4 1 0.8
0.925248795421794 9.75556070272369 "experimento_32" 32 1000 1000 0.95 10 0.4 1 0.8
0.914518201490864 10.3639072927075 "experimento_32" 32 1000 1000 0.95 10 0.4 1 0.8
0.890049486653879 9.54422118512562 "experimento_32" 32 1000 1000 0.95 10 0.4 1 0.8
0.838395869825035 7.86801837554357 "experimento_32" 32 1000 1000 0.95 10 0.4 1 0.8
0.913880415959284 9.75170990888687 "experimento_32" 32 1000 1000 0.95 10 0.4 1 0.8
0.914396096020937 11.8475714085749 "experimento_32" 32 1000 1000 0.95 10 0.4 1 0.8
0.947200433816761 13.906323485511 "experimento_32" 32 1000 1000 0.95 10 0.4 1 0.8
0.937587272841483 12.1017969374815 "experimento_32" 32 1000 1000 0.95 10 0.4 1 0.8
0.907110597006977 10.673006759159 "experimento_32" 32 1000 1000 0.95 10 0.4 1 0.8
0.883292907848954 9.42440502638586 "experimento_32" 32 1000 1000 0.95 10 0.4 1 0.8
0.940331058343872 12.3296120324882 "experimento_32" 32 1000 1000 0.95 10 0.4 1 0.8
0.919236278161407 10.2018211820646 "experimento_32" 32 1000 1000 0.95 10 0.4 1 0.8
0.929535334696993 11.5872958470486 "experimento_32" 32 1000 1000 0.95 10 0.4 1 0.8
0.931983056711033 11.4504617735841 "experimento_32" 32 1000 1000 0.95 10 0.4 1 0.8
0.899826413951814 10.9000422618847 "experimento_32" 32 1000 1000 0.95 10 0.4 1 0.8
0.958016898250207 13.1327662841257 "experimento_32" 32 1000 1000 0.95 10 0.4 1 0.8
0.873448919970542 9.56749192902812 "experimento_32" 32 1000 1000 0.95 10 0.4 1 0.8
0.905628856737167 10.4345309992267 "experimento_32" 32 1000 1000 0.95 10 0.4 1 0.8
0.918318460695446 10.2188291398688 "experimento_32" 32 1000 1000 0.95 10 0.4 1 0.8
0.913835868239403 11.9400841524882 "experimento_32" 32 1000 1000 0.95 10 0.4 1 0.8
0.86963404272683 9.82542961816126 "experimento_32" 32 1000 1000 0.95 10 0.4 1 0.8
1.01093471995555 8.30779486780388 "experimento_32" 32 1000 1000 0.95 10 0.4 1 0.8
0.907492412021384 9.06332203439944 "experimento_32" 32 1000 1000 0.95 10 0.4 1 0.8
1.03955211923458 9.59092854786426 "experimento_32" 32 1000 1000 0.95 10 0.4 1 0.8
0.992353986715898 9.47480126622898 "experimento_32" 32 1000 1000 0.95 10 0.4 1 0.8
0.888014760101214 9.12869220002044 "experimento_32" 32 1000 1000 0.95 10 0.4 1 0.8
0.934200902003795 10.9053957722069 "experimento_32" 32 1000 1000 0.95 10 0.4 1 0.8
0.910339973168448 10.6489505984391 "experimento_32" 32 1000 1000 0.95 10 0.4 1 0.8
0.885759869357571 9.05515842014037 "experimento_32" 32 1000 1000 0.95 10 0.4 1 0.8
0.91132599930279 11.1176243144049 "experimento_32" 32 1000 1000 0.95 10 0.4 1 0.8
0.955270509934053 12.5228351819391 "experimento_32" 32 1000 1000 0.95 10 0.4 1 0.8
0.983047040412202 9.19892031441215 "experimento_32" 32 1000 1000 0.95 10 0.4 1 0.8
0.96437674574554 10.7202479825127 "experimento_32" 32 1000 1000 0.95 10 0.4 1 0.8
0.936580558074638 9.67260618391625 "experimento_32" 32 1000 1000 0.95 10 0.4 1 0.8
0.93154171295464 11.1079201268431 "experimento_32" 32 1000 1000 0.95 10 0.4 1 0.8
0.962428454076871 13.9115518986196 "experimento_32" 32 1000 1000 0.95 10 0.4 1 0.8
0.958851295989007 14.5456662548322 "experimento_32" 32 1000 1000 0.95 10 0.4 1 0.8
0.933497218647972 12.5483758663764 "experimento_32" 32 1000 1000 0.95 10 0.4 1 0.8
0.936578738735989 12.830771265912 "experimento_32" 32 1000 1000 0.95 10 0.4 1 0.8
0.928472704254091 10.8445994512321 "experimento_32" 32 1000 1000 0.95 10 0.4 1 0.8
0.982095789629966 11.621892673661 "experimento_32" 32 1000 1000 0.95 10 0.4 1 0.8
0.946837168186903 11.4315059941335 "experimento_32" 32 1000 1000 0.95 10 0.4 1 0.8
0.888794772326946 10.0846454502909 "experimento_32" 32 1000 1000 0.95 10 0.4 1 0.8
0.938571808161214 11.8937790267144 "experimento_32" 32 1000 1000 0.95 10 0.4 1 0.8
0.932401295052841 10.9165210175252 "experimento_32" 32 1000 1000 0.95 10 0.4 1 0.8
0.923148717498407 11.5806749170186 "experimento_32" 32 1000 1000 0.95 10 0.4 1 0.8
0.882001591846347 8.9366685141331 "experimento_32" 32 1000 1000 0.95 10 0.4 1 0.8
0.990328475134447 8.91749574049337 "experimento_32" 32 1000 1000 0.95 10 0.4 1 0.8
0.948011888423935 12.1593877616142 "experimento_32" 32 1000 1000 0.95 10 0.4 1 0.8
0.931386591400951 11.9724960338745 "experimento_32" 32 1000 1000 0.95 10 0.4 1 0.8
0.927695985883474 10.5291887643917 "experimento_32" 32 1000 1000 0.95 10 0.4 1 0.8
0.922993868356571 10.6043957058265 "experimento_32" 32 1000 1000 0.95 10 0.4 1 0.8
0.915670917602256 11.7538601512257 "experimento_32" 32 1000 1000 0.95 10 0.4 1 0.8
0.9136384553276 9.88506152553362 "experimento_32" 32 1000 1000 0.95 10 0.4 1 0.8
0.918346338672563 10.3834445577699 "experimento_32" 32 1000 1000 0.95 10 0.4 1 0.8
0.924330126028508 11.2026858404907 "experimento_32" 32 1000 1000 0.95 10 0.4 1 0.8
0.935871787834913 11.5291238551392 "experimento_32" 32 1000 1000 0.95 10 0.4 1 0.8
0.922505779657513 11.9335651692322 "experimento_32" 32 1000 1000 0.95 10 0.4 1 0.8
0.985321676591411 9.76596071774668 "experimento_32" 32 1000 1000 0.95 10 0.4 1 0.8
0.942423754604533 11.1322717177054 "experimento_32" 32 1000 1000 0.95 10 0.4 1 0.8
0.948038135422394 12.768784578991 "experimento_32" 32 1000 1000 0.95 10 0.4 1 0.8
0.999958555214107 11.9841294169651 "experimento_32" 32 1000 1000 0.95 10 0.4 1 0.8
0.922575800912455 10.4005079948559 "experimento_32" 32 1000 1000 0.95 10 0.4 1 0.8
0.911479248665273 10.8665363927719 "experimento_32" 32 1000 1000 0.95 10 0.4 1 0.8
0.925294515443966 10.7483012653351 "experimento_32" 32 1000 1000 0.95 10 0.4 1 0.8
0.896218616049737 9.69807911633347 "experimento_32" 32 1000 1000 0.95 10 0.4 1 0.8
0.921724093845114 10.331829899924 "experimento_32" 32 1000 1000 0.95 10 0.4 1 0.8
0.915730738313869 10.9490095275162 "experimento_32" 32 1000 1000 0.95 10 0.4 1 0.8
0.904201071709394 9.02208785059325 "experimento_32" 32 1000 1000 0.95 10 0.4 1 0.8
0.919687973335385 11.3823360507146 "experimento_32" 32 1000 1000 0.95 10 0.4 1 0.8
0.960209293989465 10.6697861116046 "experimento_32" 32 1000 1000 0.95 10 0.4 1 0.8
0.911494022468105 9.91605700482534 "experimento_32" 32 1000 1000 0.95 10 0.4 1 0.8
0.920329232001677 11.4132995608626 "experimento_32" 32 1000 1000 0.95 10 0.4 1 0.8
0.895750232506543 8.90691661443845 "experimento_32" 32 1000 1000 0.95 10 0.4 1 0.8
0.951820593560115 10.7772515996058 "experimento_32" 32 1000 1000 0.95 10 0.4 1 0.8
0.948340125381947 11.1540272569108 "experimento_32" 32 1000 1000 0.95 10 0.4 1 0.8
1.00049178477815 8.61490232477947 "experimento_32" 32 1000 1000 0.95 10 0.4 1 0.8
0.932681522564963 11.1950324201493 "experimento_32" 32 1000 1000 0.95 10 0.4 1 0.8
0.907492703991011 10.9940810249922 "experimento_32" 32 1000 1000 0.95 10 0.4 1 0.8
0.996848394861445 13.7250712881213 "experimento_32" 32 1000 1000 0.95 10 0.4 1 0.8
0.923336456296965 12.6381917425824 "experimento_32" 32 1000 1000 0.95 10 0.4 1 0.8
1.0592242827639 7.25514586926137 "experimento_32" 32 1000 1000 0.95 10 0.4 1 0.8
0.930307966656983 12.3375335057052 "experimento_32" 32 1000 1000 0.95 10 0.4 1 0.8
0.923524785786867 12.4334938284711 "experimento_32" 32 1000 1000 0.95 10 0.4 1 0.8
0.938398275757208 12.6262529952292 "experimento_32" 32 1000 1000 0.95 10 0.4 1 0.8
0.919516425346956 10.6312746494518 "experimento_32" 32 1000 1000 0.95 10 0.4 1 0.8
0.899607548955828 9.06762731484385 "experimento_32" 32 1000 1000 0.95 10 0.4 1 0.8
0.941579360049218 11.97519040699 "experimento_32" 32 1000 1000 0.95 10 0.4 1 0.8
0.912137997802347 10.5649935402067 "experimento_32" 32 1000 1000 0.95 10 0.4 1 0.8
0.920212423196062 10.3396007910954 "experimento_32" 32 1000 1000 0.95 10 0.4 1 0.8
0.917007935699075 11.0436177412934 "experimento_32" 32 1000 1000 0.95 10 0.4 1 0.8
0.895927501609549 9.73494993873874 "experimento_32" 32 1000 1000 0.95 10 0.4 1 0.8
0.939189705066383 11.391896226336 "experimento_32" 32 1000 1000 0.95 10 0.4 1 0.8
0.918349692597985 10.9038267603069 "experimento_32" 32 1000 1000 0.95 10 0.4 1 0.8
0.928902948042378 10.0750283115937 "experimento_32" 32 1000 1000 0.95 10 0.4 1 0.8
0.932258568704128 13.409573330911 "experimento_32" 32 1000 1000 0.95 10 0.4 1 0.8
0.950851327273995 13.8036325160853 "experimento_32" 32 1000 1000 0.95 10 0.4 1 0.8
0.917736540548503 10.258125992045 "experimento_32" 32 1000 1000 0.95 10 0.4 1 0.8
0.949870087206364 11.0517942876081 "experimento_32" 32 1000 1000 0.95 10 0.4 1 0.8
0.914035467198119 9.91990761236284 "experimento_32" 32 1000 1000 0.95 10 0.4 1 0.8
0.885857908055186 9.33604115895492 "experimento_32" 32 1000 1000 0.95 10 0.4 1 0.8
0.918092566076666 11.2992699735087 "experimento_32" 32 1000 1000 0.95 10 0.4 1 0.8
0.863881146302447 8.41634955956772 "experimento_32" 32 1000 1000 0.95 10 0.4 1 0.8
0.947175811976194 11.2557055749128 "experimento_32" 32 1000 1000 0.95 10 0.4 1 0.8
0.896706465864554 11.0041903175857 "experimento_32" 32 1000 1000 0.95 10 0.4 1 0.8
0.997093335492536 11.3360097006157 "experimento_32" 32 1000 1000 0.95 10 0.4 1 0.8
0.907258336432278 9.5923040593089 "experimento_32" 32 1000 1000 0.95 10 0.4 1 0.8
0.911883519263938 9.59493803801269 "experimento_32" 32 1000 1000 0.95 10 0.4 1 0.8
0.927645917981863 12.0824725913139 "experimento_32" 32 1000 1000 0.95 10 0.4 1 0.8
0.95068839751184 13.0066542455227 "experimento_32" 32 1000 1000 0.95 10 0.4 1 0.8
0.926393235800788 11.5765768918849 "experimento_32" 32 1000 1000 0.95 10 0.4 1 0.8
1.07057309159589 9.402296399374 "experimento_32" 32 1000 1000 0.95 10 0.4 1 0.8
0.931962914066389 11.8707275426532 "experimento_32" 32 1000 1000 0.95 10 0.4 1 0.8
0.93903239374049 11.8196823828732 "experimento_32" 32 1000 1000 0.95 10 0.4 1 0.8
0.902928432216868 11.3308290529135 "experimento_32" 32 1000 1000 0.95 10 0.4 1 0.8
0.828490575077012 9.52405771183715 "experimento_32" 32 1000 1000 0.95 10 0.4 1 0.8
0.924673937959597 10.8325069964244 "experimento_32" 32 1000 1000 0.95 10 0.4 1 0.8
0.944384297821671 11.9279078273701 "experimento_32" 32 1000 1000 0.95 10 0.4 1 0.8
0.879271195270121 8.62662171207747 "experimento_32" 32 1000 1000 0.95 10 0.4 1 0.8
0.896395004587248 9.90189253933348 "experimento_32" 32 1000 1000 0.95 10 0.4 1 0.8
0.954208279959857 12.2642984971403 "experimento_32" 32 1000 1000 0.95 10 0.4 1 0.8
0.938830302795395 11.1519453343876 "experimento_32" 32 1000 1000 0.95 10 0.4 1 0.8
0.933285308536142 12.763654836604 "experimento_32" 32 1000 1000 0.95 10 0.4 1 0.8
0.907291300594807 9.56896630725153 "experimento_32" 32 1000 1000 0.95 10 0.4 1 0.8
0.914518956560642 10.3268734217525 "experimento_32" 32 1000 1000 0.95 10 0.4 1 0.8
0.901608256623149 9.34565812689122 "experimento_32" 32 1000 1000 0.95 10 0.4 1 0.8
1.01993408420711 10.0779976301441 "experimento_32" 32 1000 1000 0.95 10 0.4 1 0.8
0.954705002019182 13.9205789935866 "experimento_32" 32 1000 1000 0.95 10 0.4 1 0.8
0.909701522206888 11.6007181781851 "experimento_32" 32 1000 1000 0.95 10 0.4 1 0.8
0.913301441585645 11.6712261484672 "experimento_32" 32 1000 1000 0.95 10 0.4 1 0.8
0.935770039446652 11.9640071303774 "experimento_32" 32 1000 1000 0.95 10 0.4 1 0.8
0.816050760447979 7.77211597063652 "experimento_32" 32 1000 1000 0.95 10 0.4 1 0.8
0.907118556555361 9.50020879614685 "experimento_32" 32 1000 1000 0.95 10 0.4 1 0.8
0.912108034826815 9.62971635886614 "experimento_32" 32 1000 1000 0.95 10 0.4 1 0.8
0.903716538567096 10.2898215490037 "experimento_32" 32 1000 1000 0.95 10 0.4 1 0.8
0.908129100222141 11.5819634259166 "experimento_32" 32 1000 1000 0.95 10 0.4 1 0.8
0.892034945311025 9.42212101489849 "experimento_32" 32 1000 1000 0.95 10 0.4 1 0.8
1.00152859063819 8.46306513630909 "experimento_32" 32 1000 1000 0.95 10 0.4 1 0.8
0.892388242529705 10.2424599602508 "experimento_32" 32 1000 1000 0.95 10 0.4 1 0.8
0.923178404336795 12.2216269016446 "experimento_32" 32 1000 1000 0.95 10 0.4 1 0.8
0.964648574590683 14.7546558392573 "experimento_32" 32 1000 1000 0.95 10 0.4 1 0.8
0.923639080952853 11.5824275122073 "experimento_32" 32 1000 1000 0.95 10 0.4 1 0.8
1.01171178929508 8.22991380450128 "experimento_32" 32 1000 1000 0.95 10 0.4 1 0.8
0.994161182083189 7.37644755559037 "experimento_32" 32 1000 1000 0.95 10 0.4 1 0.8
0.922343686688691 9.59586506995133 "experimento_32" 32 1000 1000 0.95 10 0.4 1 0.8
0.935940090566874 13.623036806994 "experimento_32" 32 1000 1000 0.95 10 0.4 1 0.8
0.923831837018952 11.0467718326249 "experimento_32" 32 1000 1000 0.95 10 0.4 1 0.8
0.906555494526401 9.61692075146549 "experimento_32" 32 1000 1000 0.95 10 0.4 1 0.8
0.9061796865426 10.4574530032558 "experimento_32" 32 1000 1000 0.95 10 0.4 1 0.8
0.911388566717505 12.5293253479108 "experimento_32" 32 1000 1000 0.95 10 0.4 1 0.8
0.879806832177565 10.7572744653913 "experimento_32" 32 1000 1000 0.95 10 0.4 1 0.8
0.941858985926956 12.6715698179249 "experimento_32" 32 1000 1000 0.95 10 0.4 1 0.8
0.910820795688778 10.7110660955628 "experimento_32" 32 1000 1000 0.95 10 0.4 1 0.8
0.894282508408651 10.2531094728375 "experimento_32" 32 1000 1000 0.95 10 0.4 1 0.8
0.917481214273721 11.1273284682495 "experimento_32" 32 1000 1000 0.95 10 0.4 1 0.8
0.892843592679128 8.45804952233098 "experimento_32" 32 1000 1000 0.95 10 0.4 1 0.8
0.951528938021511 12.7925507984177 "experimento_32" 32 1000 1000 0.95 10 0.4 1 0.8
0.911269151838496 11.0938280409848 "experimento_32" 32 1000 1000 0.95 10 0.4 1 0.8
0.88443893706426 10.781792226666 "experimento_32" 32 1000 1000 0.95 10 0.4 1 0.8
0.992313010618091 10.5027322075486 "experimento_32" 32 1000 1000 0.95 10 0.4 1 0.8
0.945428745355457 9.46407186843249 "experimento_32" 32 1000 1000 0.95 10 0.4 1 0.8
0.943656848277897 12.0803051239432 "experimento_32" 32 1000 1000 0.95 10 0.4 1 0.8
0.919925723224878 11.4831508580681 "experimento_32" 32 1000 1000 0.95 10 0.4 1 0.8
0.879915559431538 8.41859367258982 "experimento_32" 32 1000 1000 0.95 10 0.4 1 0.8
0.89309332985431 8.98321286361662 "experimento_32" 32 1000 1000 0.95 10 0.4 1 0.8
0.925691652810201 11.7986591582781 "experimento_32" 32 1000 1000 0.95 10 0.4 1 0.8
0.886710542719811 10.3738342011427 "experimento_32" 32 1000 1000 0.95 10 0.4 1 0.8
0.921177385142073 10.5546394815233 "experimento_32" 32 1000 1000 0.95 10 0.4 1 0.8
0.937812256161124 10.8495451510736 "experimento_32" 32 1000 1000 0.95 10 0.4 1 0.8
0.916153845377266 10.106997756296 "experimento_32" 32 1000 1000 0.95 10 0.4 1 0.8
0.92520482535474 11.6057141724243 "experimento_32" 32 1000 1000 0.95 10 0.4 1 0.8
0.923663398949429 11.8867069937186 "experimento_32" 32 1000 1000 0.95 10 0.4 1 0.8
1.00917923317296 10.4860043795305 "experimento_32" 32 1000 1000 0.95 10 0.4 1 0.8
0.993038495536894 10.1305907542959 "experimento_32" 32 1000 1000 0.95 10 0.4 1 0.8
0.951384083833545 11.0219964394381 "experimento_32" 32 1000 1000 0.95 10 0.4 1 0.8
0.912136041093618 9.79347859206024 "experimento_32" 32 1000 1000 0.95 10 0.4 1 0.8
0.920266358414665 12.1223473104221 "experimento_32" 32 1000 1000 0.95 10 0.4 1 0.8
0.920467566465959 9.80051763248625 "experimento_32" 32 1000 1000 0.95 10 0.4 1 0.8
0.921778417890891 11.1817885109656 "experimento_32" 32 1000 1000 0.95 10 0.4 1 0.8
0.936464083613828 10.4674833431572 "experimento_32" 32 1000 1000 0.95 10 0.4 1 0.8
0.984416001243517 12.5438267934939 "experimento_32" 32 1000 1000 0.95 10 0.4 1 0.8
0.8889092404861 8.67156035501916 "experimento_32" 32 1000 1000 0.95 10 0.4 1 0.8
0.892006889916956 10.0566640930462 "experimento_32" 32 1000 1000 0.95 10 0.4 1 0.8
0.917064087931067 10.5294077387243 "experimento_32" 32 1000 1000 0.95 10 0.4 1 0.8
0.926988619379699 10.8672732696939 "experimento_32" 32 1000 1000 0.95 10 0.4 1 0.8
0.96240329509601 13.6240897060699 "experimento_32" 32 1000 1000 0.95 10 0.4 1 0.8
0.874013816239312 9.15916890797425 "experimento_32" 32 1000 1000 0.95 10 0.4 1 0.8
0.92201010347344 11.9013436023457 "experimento_32" 32 1000 1000 0.95 10 0.4 1 0.8
1.00855861324817 7.89059421504097 "experimento_32" 32 1000 1000 0.95 10 0.4 1 0.8
0.931980316992849 12.0533038383794 "experimento_32" 32 1000 1000 0.95 10 0.4 1 0.8
0.942893386352807 10.3574369079071 "experimento_32" 32 1000 1000 0.95 10 0.4 1 0.8
0.997626083204523 8.66966425410694 "experimento_32" 32 1000 1000 0.95 10 0.4 1 0.8
0.918572898255661 10.9667418349628 "experimento_32" 32 1000 1000 0.95 10 0.4 1 0.8
0.941586626693606 11.6757463527842 "experimento_32" 32 1000 1000 0.95 10 0.4 1 0.8
0.960845447145402 15.9845932692188 "experimento_32" 32 1000 1000 0.95 10 0.4 1 0.8
0.893729188013822 9.82500491998025 "experimento_32" 32 1000 1000 0.95 10 0.4 1 0.8
0.92508818837814 10.3778968168654 "experimento_32" 32 1000 1000 0.95 10 0.4 1 0.8
0.908344353083521 9.98456487811882 "experimento_32" 32 1000 1000 0.95 10 0.4 1 0.8
0.91713588591665 11.1906867846273 "experimento_32" 32 1000 1000 0.95 10 0.4 1 0.8
0.89097686810419 9.41247962722525 "experimento_32" 32 1000 1000 0.95 10 0.4 1 0.8
0.950419892324135 12.806270800974 "experimento_32" 32 1000 1000 0.95 10 0.4 1 0.8
0.864548185607418 9.21057405962534 "experimento_32" 32 1000 1000 0.95 10 0.4 1 0.8
0.742216175189242 6.2659849387503 "experimento_32" 32 1000 1000 0.95 10 0.4 1 0.8
0.92166608502157 11.4594013705807 "experimento_32" 32 1000 1000 0.95 10 0.4 1 0.8
0.932689296081662 10.2778426603102 "experimento_32" 32 1000 1000 0.95 10 0.4 1 0.8
0.922666635597125 10.3840986957705 "experimento_32" 32 1000 1000 0.95 10 0.4 1 0.8
0.941554256947711 9.75114550060942 "experimento_32" 32 1000 1000 0.95 10 0.4 1 0.8
0.946426264476031 10.5507740343272 "experimento_32" 32 1000 1000 0.95 10 0.4 1 0.8
0.900013993494213 10.2722651126802 "experimento_32" 32 1000 1000 0.95 10 0.4 1 0.8
0.921430790331215 12.1961797389843 "experimento_32" 32 1000 1000 0.95 10 0.4 1 0.8
0.997142004547641 8.86366338563083 "experimento_32" 32 1000 1000 0.95 10 0.4 1 0.8
0.911616928176954 11.1079982731595 "experimento_32" 32 1000 1000 0.95 10 0.4 1 0.8
0.904325354844332 10.3461932555647 "experimento_32" 32 1000 1000 0.95 10 0.4 1 0.8
0.936194526031613 13.6702867417597 "experimento_32" 32 1000 1000 0.95 10 0.4 1 0.8
0.994502517860383 9.96312157260004 "experimento_32" 32 1000 1000 0.95 10 0.4 1 0.8
0.930299307219684 9.9760938461028 "experimento_32" 32 1000 1000 0.95 10 0.4 1 0.8
0.935348468599841 11.4449049375568 "experimento_32" 32 1000 1000 0.95 10 0.4 1 0.8
0.909105634782463 10.0759928235832 "experimento_32" 32 1000 1000 0.95 10 0.4 1 0.8
0.894126864615828 9.6579234440492 "experimento_32" 32 1000 1000 0.95 10 0.4 1 0.8
0.906326162163168 10.2961754146546 "experimento_32" 32 1000 1000 0.95 10 0.4 1 0.8
0.901932387147099 10.0773325748638 "experimento_32" 32 1000 1000 0.95 10 0.4 1 0.8
0.900504129938781 10.5654245952155 "experimento_32" 32 1000 1000 0.95 10 0.4 1 0.8
0.94318153639324 13.368467502137 "experimento_32" 32 1000 1000 0.95 10 0.4 1 0.8
0.902817195281386 9.75439185749966 "experimento_32" 32 1000 1000 0.95 10 0.4 1 0.8
0.91734066978097 11.3131593469584 "experimento_32" 32 1000 1000 0.95 10 0.4 1 0.8
0.948214954696596 13.8648720242841 "experimento_32" 32 1000 1000 0.95 10 0.4 1 0.8
0.914673936553299 11.4584279508627 "experimento_32" 32 1000 1000 0.95 10 0.4 1 0.8
0.999611597042531 11.6784904846214 "experimento_32" 32 1000 1000 0.95 10 0.4 1 0.8
0.941434726584703 11.7058426363788 "experimento_32" 32 1000 1000 0.95 10 0.4 1 0.8
0.904162373393774 10.7258911596321 "experimento_32" 32 1000 1000 0.95 10 0.4 1 0.8
0.826605161651969 6.92235082154851 "experimento_32" 32 1000 1000 0.95 10 0.4 1 0.8
0.874363693175837 8.68447882496471 "experimento_32" 32 1000 1000 0.95 10 0.4 1 0.8
0.945580488769338 11.5632309868513 "experimento_32" 32 1000 1000 0.95 10 0.4 1 0.8
0.923520446522161 11.2187337706972 "experimento_32" 32 1000 1000 0.95 10 0.4 1 0.8
0.940259182825685 10.2551893634351 "experimento_32" 32 1000 1000 0.95 10 0.4 1 0.8
0.946214125258848 10.8584320861548 "experimento_32" 32 1000 1000 0.95 10 0.4 1 0.8
0.931540748104453 10.9895870462442 "experimento_32" 32 1000 1000 0.95 10 0.4 1 0.8
0.883699353085831 9.30672667983967 "experimento_32" 32 1000 1000 0.95 10 0.4 1 0.8
0.915135357528925 12.3491609519763 "experimento_32" 32 1000 1000 0.95 10 0.4 1 0.8
0.934532419545576 10.8711075793926 "experimento_32" 32 1000 1000 0.95 10 0.4 1 0.8
0.895747591275722 8.89475909460716 "experimento_32" 32 1000 1000 0.95 10 0.4 1 0.8
0.916275308001786 10.0004650316736 "experimento_32" 32 1000 1000 0.95 10 0.4 1 0.8
0.903076204704121 10.0551309385537 "experimento_32" 32 1000 1000 0.95 10 0.4 1 0.8
0.9098186197225 11.6768213294596 "experimento_32" 32 1000 1000 0.95 10 0.4 1 0.8
0.929052859311923 12.4501576922797 "experimento_32" 32 1000 1000 0.95 10 0.4 1 0.8
0.919086992973462 8.96016221587989 "experimento_32" 32 1000 1000 0.95 10 0.4 1 0.8
0.918062412645668 9.39455766926416 "experimento_32" 32 1000 1000 0.95 10 0.4 1 0.8
0.92042583390139 11.4361600720072 "experimento_32" 32 1000 1000 0.95 10 0.4 1 0.8
0.905323765007779 11.3725235155301 "experimento_32" 32 1000 1000 0.95 10 0.4 1 0.8
0.998892833711579 8.47844488597586 "experimento_32" 32 1000 1000 0.95 10 0.4 1 0.8
0.939306929940358 12.7147254464921 "experimento_32" 32 1000 1000 0.95 10 0.4 1 0.8
0.951847444288433 14.2604276319843 "experimento_32" 32 1000 1000 0.95 10 0.4 1 0.8
0.892304860288277 9.51417256338171 "experimento_32" 32 1000 1000 0.95 10 0.4 1 0.8
0.981527651660144 12.2949250514816 "experimento_32" 32 1000 1000 0.95 10 0.4 1 0.8
0.949105813633651 11.1605766730329 "experimento_32" 32 1000 1000 0.95 10 0.4 1 0.8
0.950063626747578 10.0437023854903 "experimento_32" 32 1000 1000 0.95 10 0.4 1 0.8
0.942257904447615 11.0397687191529 "experimento_32" 32 1000 1000 0.95 10 0.4 1 0.8
1.00639478974972 9.28850539660276 "experimento_32" 32 1000 1000 0.95 10 0.4 1 0.8
0.940800757380202 10.5664866594152 "experimento_32" 32 1000 1000 0.95 10 0.4 1 0.8
0.921238369541243 12.1314493893793 "experimento_32" 32 1000 1000 0.95 10 0.4 1 0.8
0.944910227088258 11.3253519040452 "experimento_32" 32 1000 1000 0.95 10 0.4 1 0.8
1.02304058028385 10.9674306880327 "experimento_32" 32 1000 1000 0.95 10 0.4 1 0.8
0.915874664671719 12.0452544551241 "experimento_32" 32 1000 1000 0.95 10 0.4 1 0.8
0.927239309763536 11.6272504207294 "experimento_32" 32 1000 1000 0.95 10 0.4 1 0.8
0.948856271337718 12.8034155928768 "experimento_32" 32 1000 1000 0.95 10 0.4 1 0.8
0.927707859082147 13.2004703250531 "experimento_32" 32 1000 1000 0.95 10 0.4 1 0.8
0.92937641358003 11.4807412485451 "experimento_32" 32 1000 1000 0.95 10 0.4 1 0.8
0.910381888505071 9.88460314294553 "experimento_32" 32 1000 1000 0.95 10 0.4 1 0.8
0.964099216740578 12.5595272765826 "experimento_32" 32 1000 1000 0.95 10 0.4 1 0.8
0.953048168448731 12.6594820223327 "experimento_32" 32 1000 1000 0.95 10 0.4 1 0.8
0.895946828182787 11.1522584271292 "experimento_32" 32 1000 1000 0.95 10 0.4 1 0.8
0.920714387437329 10.780813862459 "experimento_32" 32 1000 1000 0.95 10 0.4 1 0.8
0.934436517069116 12.9274860524926 "experimento_32" 32 1000 1000 0.95 10 0.4 1 0.8
0.874681928195059 9.38239291283439 "experimento_32" 32 1000 1000 0.95 10 0.4 1 0.8
0.907046621199697 10.2029180159613 "experimento_32" 32 1000 1000 0.95 10 0.4 1 0.8
0.861694746650755 9.09689267888397 "experimento_32" 32 1000 1000 0.95 10 0.4 1 0.8
0.940591749968007 10.9429048509466 "experimento_32" 32 1000 1000 0.95 10 0.4 1 0.8
0.9117409971077 11.5163632267453 "experimento_32" 32 1000 1000 0.95 10 0.4 1 0.8
0.911258348962292 11.3586512949555 "experimento_32" 32 1000 1000 0.95 10 0.4 1 0.8
0.875268700998276 9.5867019997111 "experimento_32" 32 1000 1000 0.95 10 0.4 1 0.8
0.939398683840409 12.1915883721874 "experimento_32" 32 1000 1000 0.95 10 0.4 1 0.8
0.999394825426862 9.2042141118297 "experimento_32" 32 1000 1000 0.95 10 0.4 1 0.8
0.908993307501078 10.2584381755378 "experimento_32" 32 1000 1000 0.95 10 0.4 1 0.8
0.998839399078861 11.4526458924824 "experimento_32" 32 1000 1000 0.95 10 0.4 1 0.8
0.933269367786124 11.8156707570915 "experimento_32" 32 1000 1000 0.95 10 0.4 1 0.8
0.928279768209904 13.5181027602549 "experimento_32" 32 1000 1000 0.95 10 0.4 1 0.8
0.906144256936386 10.7468740029848 "experimento_32" 32 1000 1000 0.95 10 0.4 1 0.8
0.900170405395329 10.970350404983 "experimento_32" 32 1000 1000 0.95 10 0.4 1 0.8
0.883989442605525 10.431646330397 "experimento_32" 32 1000 1000 0.95 10 0.4 1 0.8
0.951672098366544 11.6269458283022 "experimento_32" 32 1000 1000 0.95 10 0.4 1 0.8
0.929853046545759 11.0140653646192 "experimento_32" 32 1000 1000 0.95 10 0.4 1 0.8
0.909877682104707 10.8527215717813 "experimento_32" 32 1000 1000 0.95 10 0.4 1 0.8
0.935602191369981 10.605424119269 "experimento_32" 32 1000 1000 0.95 10 0.4 1 0.8
0.900727796833962 9.29383604837092 "experimento_32" 32 1000 1000 0.95 10 0.4 1 0.8
0.903267174260691 8.69241195313602 "experimento_32" 32 1000 1000 0.95 10 0.4 1 0.8
0.950869038235396 10.9965808598391 "experimento_32" 32 1000 1000 0.95 10 0.4 1 0.8
0.880984272807837 10.6468693879967 "experimento_32" 32 1000 1000 0.95 10 0.4 1 0.8
0.938856137916446 10.4795518802305 "experimento_32" 32 1000 1000 0.95 10 0.4 1 0.8
0.926696927286685 10.4702568965402 "experimento_32" 32 1000 1000 0.95 10 0.4 1 0.8
0.937526763882488 11.2460089066475 "experimento_32" 32 1000 1000 0.95 10 0.4 1 0.8
0.911356846336275 11.3030024406784 "experimento_32" 32 1000 1000 0.95 10 0.4 1 0.8
0.931765327230096 10.2557694875806 "experimento_32" 32 1000 1000 0.95 10 0.4 1 0.8
0.919119731755927 11.795676933028 "experimento_32" 32 1000 1000 0.95 10 0.4 1 0.8
0.940395057667047 13.0599100059269 "experimento_32" 32 1000 1000 0.95 10 0.4 1 0.8
0.924935539951548 12.318610157143 "experimento_32" 32 1000 1000 0.95 10 0.4 1 0.8
0.85878620413132 9.78626397814361 "experimento_32" 32 1000 1000 0.95 10 0.4 1 0.8
0.941379562485963 9.78532601376939 "experimento_32" 32 1000 1000 0.95 10 0.4 1 0.8
0.89076785556972 9.71042098769688 "experimento_32" 32 1000 1000 0.95 10 0.4 1 0.8
0.922394955763593 10.3868238778466 "experimento_32" 32 1000 1000 0.95 10 0.4 1 0.8
0.879735805559903 9.09483172199297 "experimento_32" 32 1000 1000 0.95 10 0.4 1 0.8
0.856326685054228 9.61072425022287 "experimento_32" 32 1000 1000 0.95 10 0.4 1 0.8
0.900346910580993 9.85567565867111 "experimento_32" 32 1000 1000 0.95 10 0.4 1 0.8
0.922832283424214 10.5571930537222 "experimento_32" 32 1000 1000 0.95 10 0.4 1 0.8
0.867611694848165 9.54597238731168 "experimento_32" 32 1000 1000 0.95 10 0.4 1 0.8
0.90775755001232 11.0870156311754 "experimento_32" 32 1000 1000 0.95 10 0.4 1 0.8
0.914315382950008 11.2921734769622 "experimento_32" 32 1000 1000 0.95 10 0.4 1 0.8
0.90590832522139 9.89838944703028 "experimento_32" 32 1000 1000 0.95 10 0.4 1 0.8
0.91857723519206 12.5884315047804 "experimento_32" 32 1000 1000 0.95 10 0.4 1 0.8
0.903850985923782 9.33678634755681 "experimento_32" 32 1000 1000 0.95 10 0.4 1 0.8
0.904117487836629 9.12311205771601 "experimento_32" 32 1000 1000 0.95 10 0.4 1 0.8
0.933687599375844 10.3054259270163 "experimento_32" 32 1000 1000 0.95 10 0.4 1 0.8
1.02353557799943 8.92677878189981 "experimento_32" 32 1000 1000 0.95 10 0.4 1 0.8
0.916661791969091 10.9741004443146 "experimento_32" 32 1000 1000 0.95 10 0.4 1 0.8
0.957578358473256 12.8985016069883 "experimento_32" 32 1000 1000 0.95 10 0.4 1 0.8
0.905538001796231 13.1455513019223 "experimento_32" 32 1000 1000 0.95 10 0.4 1 0.8
0.945453472901136 12.4963441660563 "experimento_32" 32 1000 1000 0.95 10 0.4 1 0.8
0.947102231206372 12.0241023465776 "experimento_32" 32 1000 1000 0.95 10 0.4 1 0.8
0.919550179736689 9.39081653860815 "experimento_32" 32 1000 1000 0.95 10 0.4 1 0.8
0.996100288350135 10.063985651423 "experimento_32" 32 1000 1000 0.95 10 0.4 1 0.8
0.936344695044681 11.1355619684624 "experimento_32" 32 1000 1000 0.95 10 0.4 1 0.8
0.879577428568155 9.01352929470041 "experimento_32" 32 1000 1000 0.95 10 0.4 1 0.8
0.955935833277181 12.8104811962868 "experimento_32" 32 1000 1000 0.95 10 0.4 1 0.8
0.901252744020894 9.31674842528537 "experimento_32" 32 1000 1000 0.95 10 0.4 1 0.8
0.912036269670352 10.226874563927 "experimento_32" 32 1000 1000 0.95 10 0.4 1 0.8
0.875565702095628 10.2006597496613 "experimento_32" 32 1000 1000 0.95 10 0.4 1 0.8
0.878643226576969 8.64354491338182 "experimento_32" 32 1000 1000 0.95 10 0.4 1 0.8
0.899638859555125 10.0729225520882 "experimento_32" 32 1000 1000 0.95 10 0.4 1 0.8
0.916359341703355 10.9925514611331 "experimento_32" 32 1000 1000 0.95 10 0.4 1 0.8
0.913208797806874 10.3446513600298 "experimento_32" 32 1000 1000 0.95 10 0.4 1 0.8
0.918454151600599 11.7301501182457 "experimento_32" 32 1000 1000 0.95 10 0.4 1 0.8
0.999132189201191 9.85231439633562 "experimento_32" 32 1000 1000 0.95 10 0.4 1 0.8
0.949367058463395 11.6258982111591 "experimento_32" 32 1000 1000 0.95 10 0.4 1 0.8
0.916292771929875 9.80196231332413 "experimento_32" 32 1000 1000 0.95 10 0.4 1 0.8
0.891344276256859 9.60107324570117 "experimento_32" 32 1000 1000 0.95 10 0.4 1 0.8
0.968014647252858 12.4131885129653 "experimento_32" 32 1000 1000 0.95 10 0.4 1 0.8
0.943049597088248 11.9500833406106 "experimento_32" 32 1000 1000 0.95 10 0.4 1 0.8
0.945102250436321 12.2612074385623 "experimento_32" 32 1000 1000 0.95 10 0.4 1 0.8
0.930044592125341 11.9646372489899 "experimento_32" 32 1000 1000 0.95 10 0.4 1 0.8
0.902727195061743 10.0298083743857 "experimento_32" 32 1000 1000 0.95 10 0.4 1 0.8
0.934406485641375 10.3723453221168 "experimento_32" 32 1000 1000 0.95 10 0.4 1 0.8
0.908470807829872 10.068127826591 "experimento_32" 32 1000 1000 0.95 10 0.4 1 0.8
0.941245925612748 12.4116753793853 "experimento_32" 32 1000 1000 0.95 10 0.4 1 0.8
0.913991264766082 11.3474055597352 "experimento_32" 32 1000 1000 0.95 10 0.4 1 0.8
0.918488030089065 11.2362978464036 "experimento_32" 32 1000 1000 0.95 10 0.4 1 0.8
0.918358132475987 11.3756137315709 "experimento_32" 32 1000 1000 0.95 10 0.4 1 0.8
0.868699632352218 8.94323804203471 "experimento_32" 32 1000 1000 0.95 10 0.4 1 0.8
0.982540227472782 11.2324351673309 "experimento_32" 32 1000 1000 0.95 10 0.4 1 0.8
0.919141713296995 10.6741715310716 "experimento_32" 32 1000 1000 0.95 10 0.4 1 0.8
1.02370041473769 8.34212065631841 "experimento_32" 32 1000 1000 0.95 10 0.4 1 0.8
0.89449946093373 9.21023987030152 "experimento_32" 32 1000 1000 0.95 10 0.4 1 0.8
0.905267047928646 10.1391812262509 "experimento_32" 32 1000 1000 0.95 10 0.4 1 0.8
0.896716493414715 10.3548119269184 "experimento_32" 32 1000 1000 0.95 10 0.4 1 0.8
0.983586855465546 11.6432115938801 "experimento_32" 32 1000 1000 0.95 10 0.4 1 0.8
0.907117811730132 9.41838206591986 "experimento_32" 32 1000 1000 0.95 10 0.4 1 0.8
0.999625788535923 9.58146362642927 "experimento_32" 32 1000 1000 0.95 10 0.4 1 0.8
0.890936305746436 9.46222824047878 "experimento_32" 32 1000 1000 0.95 10 0.4 1 0.8
0.925451207207516 10.0774152483753 "experimento_32" 32 1000 1000 0.95 10 0.4 1 0.8
0.932739535346627 11.4043034498825 "experimento_32" 32 1000 1000 0.95 10 0.4 1 0.8
0.918173543876037 11.3064504701124 "experimento_32" 32 1000 1000 0.95 10 0.4 1 0.8
1.04073934929484 7.45605042201262 "experimento_32" 32 1000 1000 0.95 10 0.4 1 0.8
0.930681848432869 11.2210681097148 "experimento_32" 32 1000 1000 0.95 10 0.4 1 0.8
0.912714084144682 9.39751739684939 "experimento_32" 32 1000 1000 0.95 10 0.4 1 0.8
0.921700721606612 9.38074753405039 "experimento_32" 32 1000 1000 0.95 10 0.4 1 0.8
0.923623659415171 11.07387685526 "experimento_32" 32 1000 1000 0.95 10 0.4 1 0.8
0.999209434725344 10.569850537654 "experimento_32" 32 1000 1000 0.95 10 0.4 1 0.8
0.893543507670984 9.17230254745742 "experimento_32" 32 1000 1000 0.95 10 0.4 1 0.8
0.886185519164428 8.45484785878292 "experimento_32" 32 1000 1000 0.95 10 0.4 1 0.8
0.915830004960299 9.89960133657624 "experimento_32" 32 1000 1000 0.95 10 0.4 1 0.8
0.923415128840134 10.7443434088423 "experimento_32" 32 1000 1000 0.95 10 0.4 1 0.8
0.916521732229739 9.84624761254715 "experimento_32" 32 1000 1000 0.95 10 0.4 1 0.8
0.944836059119552 12.1282594268602 "experimento_32" 32 1000 1000 0.95 10 0.4 1 0.8
0.907309035304934 10.7076606085269 "experimento_32" 32 1000 1000 0.95 10 0.4 1 0.8
0.940250511746854 10.9237045951118 "experimento_32" 32 1000 1000 0.95 10 0.4 1 0.8
1.00031648296863 8.45779816646516 "experimento_32" 32 1000 1000 0.95 10 0.4 1 0.8
0.910685119917616 11.6177486744167 "experimento_32" 32 1000 1000 0.95 10 0.4 1 0.8
0.911899015773088 9.7720905141925 "experimento_32" 32 1000 1000 0.95 10 0.4 1 0.8
0.845540382899344 8.66685154438947 "experimento_32" 32 1000 1000 0.95 10 0.4 1 0.8
0.929022329160944 10.1471754225633 "experimento_32" 32 1000 1000 0.95 10 0.4 1 0.8
0.942706464091316 14.191951306401 "experimento_32" 32 1000 1000 0.95 10 0.4 1 0.8
0.918783191824332 11.6299643548435 "experimento_32" 32 1000 1000 0.95 10 0.4 1 0.8
0.944775576237589 10.6200218273367 "experimento_32" 32 1000 1000 0.95 10 0.4 1 0.8
0.938535750377923 11.8303415914919 "experimento_32" 32 1000 1000 0.95 10 0.4 1 0.8
0.906131823547184 10.7954822625837 "experimento_32" 32 1000 1000 0.95 10 0.4 1 0.8
0.914814678486437 10.7925474902865 "experimento_32" 32 1000 1000 0.95 10 0.4 1 0.8
0.91051168134436 10.565295404903 "experimento_32" 32 1000 1000 0.95 10 0.4 1 0.8
0.802195064025 7.67290978740539 "experimento_32" 32 1000 1000 0.95 10 0.4 1 0.8
0.916574666276574 10.438085705893 "experimento_32" 32 1000 1000 0.95 10 0.4 1 0.8
1.00210733981803 8.08623556295978 "experimento_32" 32 1000 1000 0.95 10 0.4 1 0.8
0.944218849064782 10.5635444716476 "experimento_32" 32 1000 1000 0.95 10 0.4 1 0.8
0.952394095715135 9.91476186864722 "experimento_32" 32 1000 1000 0.95 10 0.4 1 0.8
0.891201711492613 9.56263412905715 "experimento_32" 32 1000 1000 0.95 10 0.4 1 0.8
0.888647023355588 10.2279233771591 "experimento_32" 32 1000 1000 0.95 10 0.4 1 0.8
0.890205302974209 8.84678339916154 "experimento_32" 32 1000 1000 0.95 10 0.4 1 0.8
0.915877831401303 10.201934655415 "experimento_32" 32 1000 1000 0.95 10 0.4 1 0.8
0.99388124467805 10.3807931915439 "experimento_32" 32 1000 1000 0.95 10 0.4 1 0.8
0.923870485275984 10.5126815187491 "experimento_32" 32 1000 1000 0.95 10 0.4 1 0.8
0.927003663033247 13.279758788302 "experimento_32" 32 1000 1000 0.95 10 0.4 1 0.8
0.962954315822572 12.7089871948985 "experimento_32" 32 1000 1000 0.95 10 0.4 1 0.8
0.960083699319512 12.2883503539375 "experimento_32" 32 1000 1000 0.95 10 0.4 1 0.8
0.917463372461498 11.5514124225049 "experimento_32" 32 1000 1000 0.95 10 0.4 1 0.8
0.935377993620932 11.7474109100287 "experimento_32" 32 1000 1000 0.95 10 0.4 1 0.8
0.976087861228734 9.87301424690787 "experimento_32" 32 1000 1000 0.95 10 0.4 1 0.8
0.913667794782668 9.74593247226127 "experimento_32" 32 1000 1000 0.95 10 0.4 1 0.8
0.868304223287851 9.67460472023201 "experimento_32" 32 1000 1000 0.95 10 0.4 1 0.8
0.951764628523961 12.1080140723087 "experimento_32" 32 1000 1000 0.95 10 0.4 1 0.8
0.928497573826462 10.6759268745942 "experimento_32" 32 1000 1000 0.95 10 0.4 1 0.8
0.898699823534116 10.6740961674785 "experimento_32" 32 1000 1000 0.95 10 0.4 1 0.8
0.938476683804765 13.42029675519 "experimento_32" 32 1000 1000 0.95 10 0.4 1 0.8
0.925475172000006 10.153583273357 "experimento_32" 32 1000 1000 0.95 10 0.4 1 0.8
0.947738689370453 11.4638229600048 "experimento_32" 32 1000 1000 0.95 10 0.4 1 0.8
0.93947783857584 10.8255683070733 "experimento_32" 32 1000 1000 0.95 10 0.4 1 0.8
0.995672192657366 9.1564967556318 "experimento_32" 32 1000 1000 0.95 10 0.4 1 0.8
0.930446740938351 11.6478463729275 "experimento_32" 32 1000 1000 0.95 10 0.4 1 0.8
0.923297240165994 10.930094474334 "experimento_32" 32 1000 1000 0.95 10 0.4 1 0.8
0.991060669068247 8.66449544062163 "experimento_32" 32 1000 1000 0.95 10 0.4 1 0.8
0.952683544717729 14.3709101902428 "experimento_32" 32 1000 1000 0.95 10 0.4 1 0.8
0.950279053300619 10.9693695576946 "experimento_32" 32 1000 1000 0.95 10 0.4 1 0.8
0.960519056767225 10.9893585606 "experimento_32" 32 1000 1000 0.95 10 0.4 1 0.8
0.923355289269239 11.3403009261271 "experimento_32" 32 1000 1000 0.95 10 0.4 1 0.8
0.936652191448957 10.5831498459846 "experimento_32" 32 1000 1000 0.95 10 0.4 1 0.8
0.919568267883733 10.6856813213248 "experimento_32" 32 1000 1000 0.95 10 0.4 1 0.8
0.932919411221519 11.3888929355631 "experimento_32" 32 1000 1000 0.95 10 0.4 1 0.8
0.899976356886327 11.2690253698871 "experimento_32" 32 1000 1000 0.95 10 0.4 1 0.8
0.941701553529128 12.731107969307 "experimento_32" 32 1000 1000 0.95 10 0.4 1 0.8
0.91857503913343 10.4500090532737 "experimento_32" 32 1000 1000 0.95 10 0.4 1 0.8
0.951719162287191 9.78921051885044 "experimento_32" 32 1000 1000 0.95 10 0.4 1 0.8
0.93486916879192 10.2191881043762 "experimento_32" 32 1000 1000 0.95 10 0.4 1 0.8
0.922059772768989 10.9408987089889 "experimento_32" 32 1000 1000 0.95 10 0.4 1 0.8
0.826187015045434 7.9338040425476 "experimento_32" 32 1000 1000 0.95 10 0.4 1 0.8
0.926219749264419 11.1533785766841 "experimento_32" 32 1000 1000 0.95 10 0.4 1 0.8
0.927459425060079 12.0264727799064 "experimento_32" 32 1000 1000 0.95 10 0.4 1 0.8
0.928744449978694 12.3920470274292 "experimento_32" 32 1000 1000 0.95 10 0.4 1 0.8
0.95273014344275 9.91784008451431 "experimento_32" 32 1000 1000 0.95 10 0.4 1 0.8
0.983454016037285 10.0848821449148 "experimento_32" 32 1000 1000 0.95 10 0.4 1 0.8
0.903087536804378 9.53579502926078 "experimento_32" 32 1000 1000 0.95 10 0.4 1 0.8
0.962662838865072 10.9906982913625 "experimento_32" 32 1000 1000 0.95 10 0.4 1 0.8
0.923551160376519 10.3487261475975 "experimento_32" 32 1000 1000 0.95 10 0.4 1 0.8
0.951623547589406 12.0163243139571 "experimento_32" 32 1000 1000 0.95 10 0.4 1 0.8
0.997113647405058 9.15650619769525 "experimento_32" 32 1000 1000 0.95 10 0.4 1 0.8
0.971037865383551 11.5534368195287 "experimento_32" 32 1000 1000 0.95 10 0.4 1 0.8
0.926966458326206 12.8247620674343 "experimento_32" 32 1000 1000 0.95 10 0.4 1 0.8
0.803034103941172 7.47775376796377 "experimento_32" 32 1000 1000 0.95 10 0.4 1 0.8
1.01768490741112 12.4255150576716 "experimento_32" 32 1000 1000 0.95 10 0.4 1 0.8
0.959432533942163 13.5493453207907 "experimento_32" 32 1000 1000 0.95 10 0.4 1 0.8
0.896800007205456 10.9107321401212 "experimento_32" 32 1000 1000 0.95 10 0.4 1 0.8
0.922648584935814 11.0300114094375 "experimento_32" 32 1000 1000 0.95 10 0.4 1 0.8
0.910970674129203 9.49644197651708 "experimento_32" 32 1000 1000 0.95 10 0.4 1 0.8
0.954229933675379 13.3092795542133 "experimento_32" 32 1000 1000 0.95 10 0.4 1 0.8
0.914646684192121 12.1062741347223 "experimento_32" 32 1000 1000 0.95 10 0.4 1 0.8
1.06615018392913 12.1098662813956 "experimento_32" 32 1000 1000 0.95 10 0.4 1 0.8
0.914202890358865 10.2392166187323 "experimento_32" 32 1000 1000 0.95 10 0.4 1 0.8
0.878738614497706 9.22693205352481 "experimento_32" 32 1000 1000 0.95 10 0.4 1 0.8
0.920854365220293 10.6499889729223 "experimento_32" 32 1000 1000 0.95 10 0.4 1 0.8
0.915928076487035 11.0599747118908 "experimento_32" 32 1000 1000 0.95 10 0.4 1 0.8
0.946504842257127 12.2778946263476 "experimento_32" 32 1000 1000 0.95 10 0.4 1 0.8
0.900924889370799 10.8766254176157 "experimento_32" 32 1000 1000 0.95 10 0.4 1 0.8
0.935934948036447 12.7818499119186 "experimento_32" 32 1000 1000 0.95 10 0.4 1 0.8
0.944551265332848 9.90059976451764 "experimento_32" 32 1000 1000 0.95 10 0.4 1 0.8
0.904647923307493 10.9854126600539 "experimento_32" 32 1000 1000 0.95 10 0.4 1 0.8
0.936367615126073 10.531975263264 "experimento_32" 32 1000 1000 0.95 10 0.4 1 0.8
1.06045413445681 9.8856927438318 "experimento_32" 32 1000 1000 0.95 10 0.4 1 0.8
0.922889532521367 10.5246573259654 "experimento_32" 32 1000 1000 0.95 10 0.4 1 0.8
0.945812098681927 11.1794105152574 "experimento_32" 32 1000 1000 0.95 10 0.4 1 0.8
0.907527549890801 9.48881464983074 "experimento_32" 32 1000 1000 0.95 10 0.4 1 0.8
0.92835220368579 11.4997635531606 "experimento_32" 32 1000 1000 0.95 10 0.4 1 0.8
0.876277208793908 9.04818217214045 "experimento_32" 32 1000 1000 0.95 10 0.4 1 0.8
0.905408868798986 9.66644088386041 "experimento_32" 32 1000 1000 0.95 10 0.4 1 0.8
0.896099777892232 9.78581292109656 "experimento_32" 32 1000 1000 0.95 10 0.4 1 0.8
0.93517437344417 10.4969676621037 "experimento_32" 32 1000 1000 0.95 10 0.4 1 0.8
0.828779896954075 9.28640405184175 "experimento_32" 32 1000 1000 0.95 10 0.4 1 0.8
0.924088946543634 11.5958296053685 "experimento_32" 32 1000 1000 0.95 10 0.4 1 0.8
0.934015466598794 10.772787795068 "experimento_32" 32 1000 1000 0.95 10 0.4 1 0.8
0.946277185343206 13.0778396440933 "experimento_32" 32 1000 1000 0.95 10 0.4 1 0.8
0.973545955261216 9.0621895622888 "experimento_32" 32 1000 1000 0.95 10 0.4 1 0.8
0.861417450709268 9.41446904809293 "experimento_32" 32 1000 1000 0.95 10 0.4 1 0.8
0.958093971246853 10.7537021279035 "experimento_32" 32 1000 1000 0.95 10 0.4 1 0.8
0.919909964315593 12.3451743997137 "experimento_32" 32 1000 1000 0.95 10 0.4 1 0.8
0.963954888517037 12.8942508438529 "experimento_32" 32 1000 1000 0.95 10 0.4 1 0.8
0.896995296468958 10.6202158283888 "experimento_32" 32 1000 1000 0.95 10 0.4 1 0.8
0.940656199352816 10.0914626406366 "experimento_32" 32 1000 1000 0.95 10 0.4 1 0.8
0.927882378222421 12.000785866349 "experimento_32" 32 1000 1000 0.95 10 0.4 1 0.8
0.896864002104849 11.2841858080255 "experimento_32" 32 1000 1000 0.95 10 0.4 1 0.8
0.90685245487839 9.13506463987844 "experimento_32" 32 1000 1000 0.95 10 0.4 1 0.8
0.931011547800153 12.3876580834875 "experimento_32" 32 1000 1000 0.95 10 0.4 1 0.8
1.07601607096893 19.759593399872 "experimento_32" 32 1000 1000 0.95 10 0.4 1 0.8
0.900899632135406 11.0024813489733 "experimento_32" 32 1000 1000 0.95 10 0.4 1 0.8
0.927190162241459 12.4555065542244 "experimento_32" 32 1000 1000 0.95 10 0.4 1 0.8
0.935195837402716 11.3564151541632 "experimento_32" 32 1000 1000 0.95 10 0.4 1 0.8
0.99207516736351 14.3317415063829 "experimento_32" 32 1000 1000 0.95 10 0.4 1 0.8
0.891972577897832 9.70267147588378 "experimento_32" 32 1000 1000 0.95 10 0.4 1 0.8
0.885033965343609 9.8497478655695 "experimento_32" 32 1000 1000 0.95 10 0.4 1 0.8
0.873302233638242 10.3574469654002 "experimento_32" 32 1000 1000 0.95 10 0.4 1 0.8
0.909632292808965 11.2917524685867 "experimento_32" 32 1000 1000 0.95 10 0.4 1 0.8
0.902378157712519 10.1999399290777 "experimento_32" 32 1000 1000 0.95 10 0.4 1 0.8
0.958282777806744 12.0126953861009 "experimento_32" 32 1000 1000 0.95 10 0.4 1 0.8
0.906523826764897 11.1104567244426 "experimento_32" 32 1000 1000 0.95 10 0.4 1 0.8
0.946793538285419 11.7589483153503 "experimento_32" 32 1000 1000 0.95 10 0.4 1 0.8
0.929423423483968 10.4382570289337 "experimento_32" 32 1000 1000 0.95 10 0.4 1 0.8
0.926531366305426 9.86598022404618 "experimento_32" 32 1000 1000 0.95 10 0.4 1 0.8
0.947210372891277 9.94573698857837 "experimento_32" 32 1000 1000 0.95 10 0.4 1 0.8
0.913202983792871 9.60975430141603 "experimento_32" 32 1000 1000 0.95 10 0.4 1 0.8
0.949537343112752 11.3265856985259 "experimento_32" 32 1000 1000 0.95 10 0.4 1 0.8
0.91048511560075 8.9602276416983 "experimento_32" 32 1000 1000 0.95 10 0.4 1 0.8
0.925025690812618 11.0416417360925 "experimento_32" 32 1000 1000 0.95 10 0.4 1 0.8
0.914818199118599 10.9784043659499 "experimento_32" 32 1000 1000 0.95 10 0.4 1 0.8
0.925648898584768 11.4040767482521 "experimento_32" 32 1000 1000 0.95 10 0.4 1 0.8
0.872322187991813 10.1833122625446 "experimento_32" 32 1000 1000 0.95 10 0.4 1 0.8
0.937651376239955 9.66022141690766 "experimento_32" 32 1000 1000 0.95 10 0.4 1 0.8
0.924181540496647 10.737153950621 "experimento_32" 32 1000 1000 0.95 10 0.4 1 0.8
0.851484447484836 8.78366549441213 "experimento_32" 32 1000 1000 0.95 10 0.4 1 0.8
0.915439886972308 9.24374448049935 "experimento_32" 32 1000 1000 0.95 10 0.4 1 0.8
0.881920100888237 9.39856009662593 "experimento_32" 32 1000 1000 0.95 10 0.4 1 0.8
0.908817440271378 9.7965207113482 "experimento_32" 32 1000 1000 0.95 10 0.4 1 0.8
0.946979506872594 12.1619911865574 "experimento_32" 32 1000 1000 0.95 10 0.4 1 0.8
0.948328872211277 11.5878080215378 "experimento_32" 32 1000 1000 0.95 10 0.4 1 0.8
0.931545668281615 13.1577327453688 "experimento_32" 32 1000 1000 0.95 10 0.4 1 0.8
0.993215874768794 14.0570566425931 "experimento_32" 32 1000 1000 0.95 10 0.4 1 0.8
0.940023503266275 11.1143895051402 "experimento_32" 32 1000 1000 0.95 10 0.4 1 0.8
0.999502004124224 9.9402477913803 "experimento_32" 32 1000 1000 0.95 10 0.4 1 0.8
0.938295707339421 12.8364790117864 "experimento_32" 32 1000 1000 0.95 10 0.4 1 0.8
0.918904078891501 11.2504292143773 "experimento_32" 32 1000 1000 0.95 10 0.4 1 0.8
0.926118703559041 12.9695272519381 "experimento_32" 32 1000 1000 0.95 10 0.4 1 0.8
0.903067500563338 9.99454614089313 "experimento_32" 32 1000 1000 0.95 10 0.4 1 0.8
0.935269951820374 13.6920148732962 "experimento_32" 32 1000 1000 0.95 10 0.4 1 0.8
0.87523671076633 8.67545868129489 "experimento_32" 32 1000 1000 0.95 10 0.4 1 0.8
0.889467085478827 8.87829990248829 "experimento_32" 32 1000 1000 0.95 10 0.4 1 0.8
1.01593237837018 10.1031946594754 "experimento_32" 32 1000 1000 0.95 10 0.4 1 0.8
0.847926684189588 9.65306052207803 "experimento_32" 32 1000 1000 0.95 10 0.4 1 0.8
0.901456153951585 9.17118282380409 "experimento_32" 32 1000 1000 0.95 10 0.4 1 0.8
0.907853366807103 11.2820627059474 "experimento_32" 32 1000 1000 0.95 10 0.4 1 0.8
0.988309158012271 8.52170436890722 "experimento_32" 32 1000 1000 0.95 10 0.4 1 0.8
0.912129425210878 10.4948634457919 "experimento_32" 32 1000 1000 0.95 10 0.4 1 0.8
0.967210635077208 12.2938829283789 "experimento_32" 32 1000 1000 0.95 10 0.4 1 0.8
0.994967090897262 12.9115799503374 "experimento_32" 32 1000 1000 0.95 10 0.4 1 0.8
0.906722693238407 9.20673241756775 "experimento_32" 32 1000 1000 0.95 10 0.4 1 0.8
0.879571948200464 9.0978872305312 "experimento_32" 32 1000 1000 0.95 10 0.4 1 0.8
0.901743649505079 10.9191567030547 "experimento_32" 32 1000 1000 0.95 10 0.4 1 0.8
0.932731962297112 11.0660391777992 "experimento_32" 32 1000 1000 0.95 10 0.4 1 0.8
0.925807290244848 10.9542678121311 "experimento_32" 32 1000 1000 0.95 10 0.4 1 0.8
0.964339497266337 13.4361189369346 "experimento_32" 32 1000 1000 0.95 10 0.4 1 0.8
0.919223748380318 10.7872329491045 "experimento_32" 32 1000 1000 0.95 10 0.4 1 0.8
0.914996836101636 10.3946916293325 "experimento_32" 32 1000 1000 0.95 10 0.4 1 0.8
0.931123908609152 11.6594259145985 "experimento_32" 32 1000 1000 0.95 10 0.4 1 0.8
0.951374284457415 11.2253938603647 "experimento_32" 32 1000 1000 0.95 10 0.4 1 0.8
0.940055534010753 9.6415484682974 "experimento_32" 32 1000 1000 0.95 10 0.4 1 0.8
0.898549884324893 10.9134268123135 "experimento_32" 32 1000 1000 0.95 10 0.4 1 0.8
0.93240623595193 11.3198475448667 "experimento_32" 32 1000 1000 0.95 10 0.4 1 0.8
0.922864158870652 10.2375410375498 "experimento_32" 32 1000 1000 0.95 10 0.4 1 0.8
0.899180022301152 9.40555421237389 "experimento_32" 32 1000 1000 0.95 10 0.4 1 0.8
0.900906550697982 10.425560526924 "experimento_32" 32 1000 1000 0.95 10 0.4 1 0.8
0.919791650492698 11.0179431930127 "experimento_32" 32 1000 1000 0.95 10 0.4 1 0.8
0.962462519062683 10.7555097911048 "experimento_32" 32 1000 1000 0.95 10 0.4 1 0.8
0.994316221913323 9.62473360284233 "experimento_32" 32 1000 1000 0.95 10 0.4 1 0.8
0.919047152623534 9.20025530859936 "experimento_32" 32 1000 1000 0.95 10 0.4 1 0.8
0.903440934140235 11.9529513747833 "experimento_32" 32 1000 1000 0.95 10 0.4 1 0.8
0.899144710507244 10.521237110437 "experimento_32" 32 1000 1000 0.95 10 0.4 1 0.8
1.04704101826064 11.3805417487092 "experimento_32" 32 1000 1000 0.95 10 0.4 1 0.8
0.907893331954256 9.94933615779296 "experimento_32" 32 1000 1000 0.95 10 0.4 1 0.8
0.971004309132695 11.6351483429017 "experimento_32" 32 1000 1000 0.95 10 0.4 1 0.8
0.931933844229206 9.02591117269822 "experimento_32" 32 1000 1000 0.95 10 0.4 1 0.8
0.923359392676502 10.5993638908646 "experimento_32" 32 1000 1000 0.95 10 0.4 1 0.8
0.887653047451749 10.9659523645594 "experimento_32" 32 1000 1000 0.95 10 0.4 1 0.8
0.834924738621339 8.01638523704877 "experimento_32" 32 1000 1000 0.95 10 0.4 1 0.8
0.936223331140354 10.7828587129094 "experimento_32" 32 1000 1000 0.95 10 0.4 1 0.8
0.855381689965725 9.2890729108085 "experimento_32" 32 1000 1000 0.95 10 0.4 1 0.8
0.877896618796512 9.61190407131114 "experimento_32" 32 1000 1000 0.95 10 0.4 1 0.8
0.942907725460827 10.7896833233848 "experimento_32" 32 1000 1000 0.95 10 0.4 1 0.8
0.893971387529746 9.53650297399571 "experimento_32" 32 1000 1000 0.95 10 0.4 1 0.8
0.909927685046569 11.0770444355391 "experimento_32" 32 1000 1000 0.95 10 0.4 1 0.8
0.944124263478443 11.5785566840111 "experimento_32" 32 1000 1000 0.95 10 0.4 1 0.8
0.86710665258579 8.79115057161187 "experimento_32" 32 1000 1000 0.95 10 0.4 1 0.8
0.961210759822279 14.2456868474677 "experimento_32" 32 1000 1000 0.95 10 0.4 1 0.8
0.868310695281252 9.2317505705474 "experimento_32" 32 1000 1000 0.95 10 0.4 1 0.8
0.986111358739436 16.9103446315878 "experimento_32" 32 1000 1000 0.95 10 0.4 1 0.8
0.887842478696257 10.2875816816116 "experimento_32" 32 1000 1000 0.95 10 0.4 1 0.8
0.93695854046382 11.3846944581417 "experimento_32" 32 1000 1000 0.95 10 0.4 1 0.8
0.968934968579561 11.6196292525713 "experimento_32" 32 1000 1000 0.95 10 0.4 1 0.8
0.924889668589458 11.20087494302 "experimento_32" 32 1000 1000 0.95 10 0.4 1 0.8
0.937854894669726 13.3979487364558 "experimento_32" 32 1000 1000 0.95 10 0.4 1 0.8
0.99690351402387 12.9381370088784 "experimento_32" 32 1000 1000 0.95 10 0.4 1 0.8
0.920750949764624 10.839310009649 "experimento_32" 32 1000 1000 0.95 10 0.4 1 0.8
0.93658430990763 11.6407940967805 "experimento_32" 32 1000 1000 0.95 10 0.4 1 0.8
0.955279743764549 11.2215884553475 "experimento_32" 32 1000 1000 0.95 10 0.4 1 0.8
0.99929260625504 10.6902584276257 "experimento_32" 32 1000 1000 0.95 10 0.4 1 0.8
0.998139336938038 11.8470801663709 "experimento_32" 32 1000 1000 0.95 10 0.4 1 0.8
0.945831591263413 13.1064151447022 "experimento_32" 32 1000 1000 0.95 10 0.4 1 0.8
0.916647714329883 9.98198983818586 "experimento_32" 32 1000 1000 0.95 10 0.4 1 0.8
0.93930476019159 12.5907681373988 "experimento_32" 32 1000 1000 0.95 10 0.4 1 0.8
0.946626249467954 12.6155091337546 "experimento_32" 32 1000 1000 0.95 10 0.4 1 0.8
1.02258104057983 10.1824115704283 "experimento_32" 32 1000 1000 0.95 10 0.4 1 0.8
0.934181855292991 10.9125123812147 "experimento_32" 32 1000 1000 0.95 10 0.4 1 0.8
0.955365826142952 10.873868691114 "experimento_32" 32 1000 1000 0.95 10 0.4 1 0.8
0.881001877831295 9.42569337125805 "experimento_32" 32 1000 1000 0.95 10 0.4 1 0.8
0.914563878672197 10.5858698740097 "experimento_32" 32 1000 1000 0.95 10 0.4 1 0.8
0.94392439071089 12.9667734286388 "experimento_32" 32 1000 1000 0.95 10 0.4 1 0.8
0.933932855259627 9.95074605658944 "experimento_32" 32 1000 1000 0.95 10 0.4 1 0.8
0.960029598558322 10.6693600982542 "experimento_32" 32 1000 1000 0.95 10 0.4 1 0.8
0.905522172804922 9.72016480198094 "experimento_32" 32 1000 1000 0.95 10 0.4 1 0.8
0.915040226653218 10.3653281496722 "experimento_32" 32 1000 1000 0.95 10 0.4 1 0.8
0.898614722304046 10.1580125129005 "experimento_32" 32 1000 1000 0.95 10 0.4 1 0.8
0.942827735794708 11.5908298660195 "experimento_32" 32 1000 1000 0.95 10 0.4 1 0.8
0.937107794452459 10.5477415979781 "experimento_32" 32 1000 1000 0.95 10 0.4 1 0.8
0.924263798864558 10.8937033828675 "experimento_32" 32 1000 1000 0.95 10 0.4 1 0.8
0.959984064335003 11.829873421434 "experimento_32" 32 1000 1000 0.95 10 0.4 1 0.8
0.948703995905817 14.3152646053927 "experimento_32" 32 1000 1000 0.95 10 0.4 1 0.8
0.917952574091032 10.8276334632367 "experimento_32" 32 1000 1000 0.95 10 0.4 1 0.8
0.841497918590903 8.35272127841379 "experimento_32" 32 1000 1000 0.95 10 0.4 1 0.8
0.889191544614732 10.1456224341087 "experimento_32" 32 1000 1000 0.95 10 0.4 1 0.8
0.90219533466734 9.92926904546858 "experimento_32" 32 1000 1000 0.95 10 0.4 1 0.8
0.90365156927146 10.1333569202195 "experimento_32" 32 1000 1000 0.95 10 0.4 1 0.8
0.922842192463577 11.9239723663083 "experimento_32" 32 1000 1000 0.95 10 0.4 1 0.8
0.929713092977181 10.6459380309363 "experimento_32" 32 1000 1000 0.95 10 0.4 1 0.8
0.940972696058452 12.045272538391 "experimento_32" 32 1000 1000 0.95 10 0.4 1 0.8
0.924702803371474 10.8150147306097 "experimento_32" 32 1000 1000 0.95 10 0.4 1 0.8
0.975490092067048 14.1297703912353 "experimento_32" 32 1000 1000 0.95 10 0.4 1 0.8
0.939000037033111 11.2288069618102 "experimento_32" 32 1000 1000 0.95 10 0.4 1 0.8
0.88730726740323 9.87850406361248 "experimento_32" 32 1000 1000 0.95 10 0.4 1 0.8
0.940405855886638 10.4859110705885 "experimento_32" 32 1000 1000 0.95 10 0.4 1 0.8
0.91673640278168 13.3872296621099 "experimento_32" 32 1000 1000 0.95 10 0.4 1 0.8
0.916941531933844 10.7447113915456 "experimento_32" 32 1000 1000 0.95 10 0.4 1 0.8
0.954220422077924 12.1989953096019 "experimento_32" 32 1000 1000 0.95 10 0.4 1 0.8
0.924281470943242 11.4221248274096 "experimento_32" 32 1000 1000 0.95 10 0.4 1 0.8
0.89661876577884 9.21243637716336 "experimento_32" 32 1000 1000 0.95 10 0.4 1 0.8
0.919042366091162 11.6286181848872 "experimento_32" 32 1000 1000 0.95 10 0.4 1 0.8
0.923676236066967 11.8120849226155 "experimento_32" 32 1000 1000 0.95 10 0.4 1 0.8
0.991222188342363 10.7852035709743 "experimento_32" 32 1000 1000 0.95 10 0.4 1 0.8
0.921599961118773 9.53419120026153 "experimento_32" 32 1000 1000 0.95 10 0.4 1 0.8
0.940820529358461 12.3575777807617 "experimento_32" 32 1000 1000 0.95 10 0.4 1 0.8
0.908537375507876 11.1340248507899 "experimento_32" 32 1000 1000 0.95 10 0.4 1 0.8
0.936067135771737 11.9186811719067 "experimento_32" 32 1000 1000 0.95 10 0.4 1 0.8
0.914096256252378 9.48102593399632 "experimento_32" 32 1000 1000 0.95 10 0.4 1 0.8
1.04952230313793 12.7651159752795 "experimento_32" 32 1000 1000 0.95 10 0.4 1 0.8
0.926345271524042 11.7950714789155 "experimento_32" 32 1000 1000 0.95 10 0.4 1 0.8
0.900193850044161 8.91011243752363 "experimento_32" 32 1000 1000 0.95 10 0.4 1 0.8
0.931165375281125 10.8676775900747 "experimento_32" 32 1000 1000 0.95 10 0.4 1 0.8
0.982488623121753 10.165555776821 "experimento_32" 32 1000 1000 0.95 10 0.4 1 0.8
0.923386803595349 9.98723130661571 "experimento_32" 32 1000 1000 0.95 10 0.4 1 0.8
0.897280612727627 10.3871151439741 "experimento_32" 32 1000 1000 0.95 10 0.4 1 0.8
0.909578824415803 9.74870448790751 "experimento_32" 32 1000 1000 0.95 10 0.4 1 0.8
0.920850757043809 10.3595323538187 "experimento_32" 32 1000 1000 0.95 10 0.4 1 0.8
1.02411812967621 8.25960248910895 "experimento_32" 32 1000 1000 0.95 10 0.4 1 0.8
0.942214088747278 11.5541634578627 "experimento_32" 32 1000 1000 0.95 10 0.4 1 0.8
0.951941339997575 11.7891155108643 "experimento_32" 32 1000 1000 0.95 10 0.4 1 0.8
1.04784180428833 11.7551832664349 "experimento_32" 32 1000 1000 0.95 10 0.4 1 0.8
0.996271866140887 10.5118593780694 "experimento_32" 32 1000 1000 0.95 10 0.4 1 0.8
1.02152106435969 8.34524809985745 "experimento_32" 32 1000 1000 0.95 10 0.4 1 0.8
0.90653584478423 10.406301457527 "experimento_32" 32 1000 1000 0.95 10 0.4 1 0.8
0.93382403277792 11.6325757180683 "experimento_32" 32 1000 1000 0.95 10 0.4 1 0.8
0.92999580828473 11.6470815495067 "experimento_32" 32 1000 1000 0.95 10 0.4 1 0.8
0.963985325070098 13.5090349453251 "experimento_32" 32 1000 1000 0.95 10 0.4 1 0.8
0.900728441076353 9.09033572173548 "experimento_32" 32 1000 1000 0.95 10 0.4 1 0.8
0.913378390017897 10.9651070634677 "experimento_32" 32 1000 1000 0.95 10 0.4 1 0.8
0.915240435861051 11.2360280626591 "experimento_32" 32 1000 1000 0.95 10 0.4 1 0.8
0.97027091938071 10.683483044966 "experimento_32" 32 1000 1000 0.95 10 0.4 1 0.8
0.906064819544554 10.4134204893134 "experimento_32" 32 1000 1000 0.95 10 0.4 1 0.8
0.94592222198844 10.5207869813633 "experimento_32" 32 1000 1000 0.95 10 0.4 1 0.8
0.915491056861356 10.0203777105386 "experimento_32" 32 1000 1000 0.95 10 0.4 1 0.8
0.912045790348202 10.7215892147357 "experimento_32" 32 1000 1000 0.95 10 0.4 1 0.8
0.927154916571453 12.1504038191315 "experimento_32" 32 1000 1000 0.95 10 0.4 1 0.8
0.963184300810099 16.6607251623685 "experimento_32" 32 1000 1000 0.95 10 0.4 1 0.8
0.938214545371011 14.3461928375304 "experimento_32" 32 1000 1000 0.95 10 0.4 1 0.8
0.99647297617048 10.9136415532689 "experimento_32" 32 1000 1000 0.95 10 0.4 1 0.8
0.968843098031357 12.1310970234938 "experimento_32" 32 1000 1000 0.95 10 0.4 1 0.8
0.940629285527393 11.9229174316788 "experimento_32" 32 1000 1000 0.95 10 0.4 1 0.8
0.905242594657466 10.2600709024679 "experimento_32" 32 1000 1000 0.95 10 0.4 1 0.8
0.90189520502463 11.321210229703 "experimento_32" 32 1000 1000 0.95 10 0.4 1 0.8
0.75050632795319 6.47822381065829 "experimento_32" 32 1000 1000 0.95 10 0.4 1 0.8
0.938090279931203 14.129922690642 "experimento_32" 32 1000 1000 0.95 10 0.4 1 0.8
0.905807476490736 10.7368801767011 "experimento_32" 32 1000 1000 0.95 10 0.4 1 0.8
0.960056060692295 13.8828753713457 "experimento_32" 32 1000 1000 0.95 10 0.4 1 0.8
0.916220605606213 11.1206130133635 "experimento_32" 32 1000 1000 0.95 10 0.4 1 0.8
0.832607340766117 8.98524008771625 "experimento_32" 32 1000 1000 0.95 10 0.4 1 0.8
0.92012127302587 11.2179004286386 "experimento_32" 32 1000 1000 0.95 10 0.4 1 0.8
0.996912480564788 10.2190297396865 "experimento_32" 32 1000 1000 0.95 10 0.4 1 0.8
0.930059527978301 11.8988729907112 "experimento_32" 32 1000 1000 0.95 10 0.4 1 0.8
0.905839285813272 10.4217225575966 "experimento_32" 32 1000 1000 0.95 10 0.4 1 0.8
0.925945013994351 10.0587811912525 "experimento_32" 32 1000 1000 0.95 10 0.4 1 0.8
0.908454506425187 10.4864729008663 "experimento_32" 32 1000 1000 0.95 10 0.4 1 0.8
0.964878090890124 12.7065092804918 "experimento_32" 32 1000 1000 0.95 10 0.4 1 0.8
0.910298206144944 10.9232360194478 "experimento_32" 32 1000 1000 0.95 10 0.4 1 0.8
0.938070100499317 11.5328108587802 "experimento_32" 32 1000 1000 0.95 10 0.4 1 0.8
0.920492020435631 10.0129099243702 "experimento_32" 32 1000 1000 0.95 10 0.4 1 0.8
0.89900124608539 11.1214316664043 "experimento_32" 32 1000 1000 0.95 10 0.4 1 0.8
0.887529774336144 9.44981890686742 "experimento_32" 32 1000 1000 0.95 10 0.4 1 0.8
1.03788047283888 7.83421583245312 "experimento_32" 32 1000 1000 0.95 10 0.4 1 0.8
0.933065252844244 11.8944368332047 "experimento_32" 32 1000 1000 0.95 10 0.4 1 0.8
0.896917555481195 9.17939355213604 "experimento_32" 32 1000 1000 0.95 10 0.4 1 0.8
0.944415988167748 11.6308816815876 "experimento_32" 32 1000 1000 0.95 10 0.4 1 0.8
0.929814463015646 13.6690823288028 "experimento_32" 32 1000 1000 0.95 10 0.4 1 0.8
0.914719083812088 11.0351070636329 "experimento_32" 32 1000 1000 0.95 10 0.4 1 0.8
0.893492015777156 10.4721930741137 "experimento_32" 32 1000 1000 0.95 10 0.4 1 0.8
0.925340574467555 10.2209659313619 "experimento_32" 32 1000 1000 0.95 10 0.4 1 0.8
0.931786180473864 11.7785522697259 "experimento_32" 32 1000 1000 0.95 10 0.4 1 0.8
0.966831506928429 14.5283037983538 "experimento_32" 32 1000 1000 0.95 10 0.4 1 0.8
0.933317638235167 9.0666857696014 "experimento_32" 32 1000 1000 0.95 10 0.4 1 0.8
0.867701245239004 8.86466991296343 "experimento_32" 32 1000 1000 0.95 10 0.4 1 0.8
0.997775935567915 10.9624170380989 "experimento_32" 32 1000 1000 0.95 10 0.4 1 0.8
0.945746030192822 13.1225793184396 "experimento_32" 32 1000 1000 0.95 10 0.4 1 0.8
0.943282227264717 12.111114552532 "experimento_32" 32 1000 1000 0.95 10 0.4 1 0.8
0.898602865636349 9.02555769452121 "experimento_32" 32 1000 1000 0.95 10 0.4 1 0.8
0.836119012441486 8.9385437204407 "experimento_32" 32 1000 1000 0.95 10 0.4 1 0.8
0.946185512002558 12.1726048979383 "experimento_32" 32 1000 1000 0.95 10 0.4 1 0.8
0.923816098598763 10.5560096711364 "experimento_32" 32 1000 1000 0.95 10 0.4 1 0.8
1.01948238399183 10.0568169102289 "experimento_32" 32 1000 1000 0.95 10 0.4 1 0.8
0.905707261757925 11.2127001828971 "experimento_32" 32 1000 1000 0.95 10 0.4 1 0.8
0.991579140769318 10.0811430991842 "experimento_32" 32 1000 1000 0.95 10 0.4 1 0.8
0.899003413971514 11.4046218066059 "experimento_32" 32 1000 1000 0.95 10 0.4 1 0.8
0.918257216922939 11.1759657589991 "experimento_32" 32 1000 1000 0.95 10 0.4 1 0.8
0.929759069811553 10.771068969437 "experimento_32" 32 1000 1000 0.95 10 0.4 1 0.8
0.902282523456961 10.6404445701182 "experimento_32" 32 1000 1000 0.95 10 0.4 1 0.8
0.918801765423268 11.3017525998801 "experimento_32" 32 1000 1000 0.95 10 0.4 1 0.8
0.901310120942071 10.8929980038466 "experimento_32" 32 1000 1000 0.95 10 0.4 1 0.8
0.940761326346546 13.186758103237 "experimento_32" 32 1000 1000 0.95 10 0.4 1 0.8
0.910228717606515 11.9130953186125 "experimento_32" 32 1000 1000 0.95 10 0.4 1 0.8
0.920881547732279 11.2933933241736 "experimento_32" 32 1000 1000 0.95 10 0.4 1 0.8
0.943265245761722 11.3195188439511 "experimento_32" 32 1000 1000 0.95 10 0.4 1 0.8
0.910737307043746 10.4950772630912 "experimento_32" 32 1000 1000 0.95 10 0.4 1 0.8
0.878735688515007 9.21952701308982 "experimento_32" 32 1000 1000 0.95 10 0.4 1 0.8
0.890030789189041 10.405892501437 "experimento_32" 32 1000 1000 0.95 10 0.4 1 0.8
0.918788119684905 10.3381553829981 "experimento_32" 32 1000 1000 0.95 10 0.4 1 0.8
0.927523771068081 11.3721526758989 "experimento_32" 32 1000 1000 0.95 10 0.4 1 0.8
0.915193731198087 12.0479274274591 "experimento_32" 32 1000 1000 0.95 10 0.4 1 0.8
0.960863720159978 11.584503384612 "experimento_32" 32 1000 1000 0.95 10 0.4 1 0.8
0.914626666810364 10.7261986290985 "experimento_32" 32 1000 1000 0.95 10 0.4 1 0.8
0.901394081767648 10.1453414441024 "experimento_32" 32 1000 1000 0.95 10 0.4 1 0.8
0.894138283329085 10.0546172353146 "experimento_32" 32 1000 1000 0.95 10 0.4 1 0.8
0.954371521947905 10.4116380764609 "experimento_32" 32 1000 1000 0.95 10 0.4 1 0.8
1.07250583618459 13.2540028672386 "experimento_32" 32 1000 1000 0.95 10 0.4 1 0.8
0.987372640054673 11.0298245431359 "experimento_32" 32 1000 1000 0.95 10 0.4 1 0.8
0.900319731095806 9.38892462726389 "experimento_32" 32 1000 1000 0.95 10 0.4 1 0.8
0.994174169376493 9.11845532223005 "experimento_32" 32 1000 1000 0.95 10 0.4 1 0.8
0.903466754592955 10.2078786694244 "experimento_32" 32 1000 1000 0.95 10 0.4 1 0.8
0.91056734486483 10.2862095400442 "experimento_32" 32 1000 1000 0.95 10 0.4 1 0.8
0.99550674832426 10.8422136689318 "experimento_32" 32 1000 1000 0.95 10 0.4 1 0.8
1.0359686542768 11.1287892945795 "experimento_32" 32 1000 1000 0.95 10 0.4 1 0.8
0.907029952621087 10.141907947249 "experimento_32" 32 1000 1000 0.95 10 0.4 1 0.8
0.896404031664133 9.55299562178127 "experimento_32" 32 1000 1000 0.95 10 0.4 1 0.8
0.901703971903771 11.0720752164641 "experimento_32" 32 1000 1000 0.95 10 0.4 1 0.8
0.926381037803367 11.4744195739203 "experimento_32" 32 1000 1000 0.95 10 0.4 1 0.8
0.99980110139586 10.5735670435905 "experimento_32" 32 1000 1000 0.95 10 0.4 1 0.8
0.925459728110582 12.9330248782609 "experimento_32" 32 1000 1000 0.95 10 0.4 1 0.8
1.02719797079672 6.7067172593611 "experimento_32" 32 1000 1000 0.95 10 0.4 1 0.8
0.924904064042494 10.0016078364709 "experimento_32" 32 1000 1000 0.95 10 0.4 1 0.8
0.898583629867062 10.3089419408589 "experimento_32" 32 1000 1000 0.95 10 0.4 1 0.8
0.892503189155832 8.91459803583935 "experimento_32" 32 1000 1000 0.95 10 0.4 1 0.8
0.921402307925746 12.1291356112324 "experimento_32" 32 1000 1000 0.95 10 0.4 1 0.8
0.94044080004096 12.2816220699644 "experimento_32" 32 1000 1000 0.95 10 0.4 1 0.8
0.92984864814207 11.7728618986585 "experimento_32" 32 1000 1000 0.95 10 0.4 1 0.8
0.940099203027785 11.0094365575542 "experimento_32" 32 1000 1000 0.95 10 0.4 1 0.8
0.991200619377196 11.5069058427205 "experimento_32" 32 1000 1000 0.95 10 0.4 1 0.8
0.930068237241358 10.5790356820679 "experimento_32" 32 1000 1000 0.95 10 0.4 1 0.8
0.914813411887735 10.8949229136901 "experimento_32" 32 1000 1000 0.95 10 0.4 1 0.8
0.90870980755426 9.27570902887673 "experimento_32" 32 1000 1000 0.95 10 0.4 1 0.8
0.900331666460261 9.52217389473722 "experimento_32" 32 1000 1000 0.95 10 0.4 1 0.8
0.933488629525527 11.9485559717255 "experimento_32" 32 1000 1000 0.95 10 0.4 1 0.8
0.891742178006098 9.52999053091551 "experimento_32" 32 1000 1000 0.95 10 0.4 1 0.8
0.935242745559663 10.2135035127604 "experimento_32" 32 1000 1000 0.95 10 0.4 1 0.8
0.911933023948222 11.6617567069334 "experimento_32" 32 1000 1000 0.95 10 0.4 1 0.8
0.928691561333835 12.0812049673342 "experimento_32" 32 1000 1000 0.95 10 0.4 1 0.8
0.94479821017012 11.6400018833494 "experimento_32" 32 1000 1000 0.95 10 0.4 1 0.8
1.00842003715225 10.180889322846 "experimento_32" 32 1000 1000 0.95 10 0.4 1 0.8
0.917807322461158 12.0229749188099 "experimento_32" 32 1000 1000 0.95 10 0.4 1 0.8
0.923227322287858 12.0239864426347 "experimento_32" 32 1000 1000 0.95 10 0.4 1 0.8
1.00706165195443 8.42195000133659 "experimento_32" 32 1000 1000 0.95 10 0.4 1 0.8
0.853083263151348 8.79702692581398 "experimento_32" 32 1000 1000 0.95 10 0.4 1 0.8
0.929995842743665 11.5863140437646 "experimento_32" 32 1000 1000 0.95 10 0.4 1 0.8
1.0370056883056 12.1502589070329 "experimento_32" 32 1000 1000 0.95 10 0.4 1 0.8
0.92456062999554 10.7510403905553 "experimento_32" 32 1000 1000 0.95 10 0.4 1 0.8
1.00318086291663 10.1587304835035 "experimento_32" 32 1000 1000 0.95 10 0.4 1 0.8
0.998656331794336 9.23770789859379 "experimento_32" 32 1000 1000 0.95 10 0.4 1 0.8
0.930959365097806 9.36691692869573 "experimento_32" 32 1000 1000 0.95 10 0.4 1 0.8
0.92006024508737 11.4003288765526 "experimento_32" 32 1000 1000 0.95 10 0.4 1 0.8
0.91733271162957 12.8983674992143 "experimento_32" 32 1000 1000 0.95 10 0.4 1 0.8
0.935218539787456 10.020212625507 "experimento_32" 32 1000 1000 0.95 10 0.4 1 0.8
0.955628114985302 11.0293875455915 "experimento_32" 32 1000 1000 0.95 10 0.4 1 0.8
1.00966988816909 8.7917116351444 "experimento_32" 32 1000 1000 0.95 10 0.4 1 0.8
0.967821554513648 14.6472827004761 "experimento_32" 32 1000 1000 0.95 10 0.4 1 0.8
0.936522914329544 10.4766750518493 "experimento_32" 32 1000 1000 0.95 10 0.4 1 0.8
0.929108389420435 10.8665946190442 "experimento_32" 32 1000 1000 0.95 10 0.4 1 0.8
0.931932820705697 12.481152809068 "experimento_32" 32 1000 1000 0.95 10 0.4 1 0.8
0.91066053439863 11.0728881341302 "experimento_32" 32 1000 1000 0.95 10 0.4 1 0.8
0.928623121697456 10.7577179765866 "experimento_32" 32 1000 1000 0.95 10 0.4 1 0.8
0.930645502405241 11.3545072541925 "experimento_32" 32 1000 1000 0.95 10 0.4 1 0.8
0.932956303237006 11.0027342730327 "experimento_32" 32 1000 1000 0.95 10 0.4 1 0.8
0.917214700719342 10.7462185280637 "experimento_32" 32 1000 1000 0.95 10 0.4 1 0.8
0.907366941217333 8.89749486202215 "experimento_32" 32 1000 1000 0.95 10 0.4 1 0.8
0.999083919450641 9.31728969028709 "experimento_32" 32 1000 1000 0.95 10 0.4 1 0.8
0.955212228465825 14.1585833881394 "experimento_32" 32 1000 1000 0.95 10 0.4 1 0.8
0.947539358632639 13.5808634343454 "experimento_32" 32 1000 1000 0.95 10 0.4 1 0.8
0.915094116237015 11.7716690168258 "experimento_32" 32 1000 1000 0.95 10 0.4 1 0.8
0.945115556009114 11.9551985013156 "experimento_32" 32 1000 1000 0.95 10 0.4 1 0.8
