"est.u" "est.lamb" "name" "seed" "size" "replicates" "p_umbral" "exp_lambda" "alpha_pen" "n_pen" "c"
0.999825303908437 0.531911699516157 "experimento_4" 4 2000 1000 0.8 0.5 0.4 1 0.8
1.00316335074604 0.509190431153883 "experimento_4" 4 2000 1000 0.8 0.5 0.4 1 0.8
0.99931866209954 0.505155720830879 "experimento_4" 4 2000 1000 0.8 0.5 0.4 1 0.8
0.989218347240239 0.521262426379961 "experimento_4" 4 2000 1000 0.8 0.5 0.4 1 0.8
1.01103427833282 0.531855259224371 "experimento_4" 4 2000 1000 0.8 0.5 0.4 1 0.8
0.991920427186415 0.462835727497068 "experimento_4" 4 2000 1000 0.8 0.5 0.4 1 0.8
1.01025290523808 0.487587009177681 "experimento_4" 4 2000 1000 0.8 0.5 0.4 1 0.8
0.998620518483222 0.479615889009069 "experimento_4" 4 2000 1000 0.8 0.5 0.4 1 0.8
1.01017517782748 0.505650395678129 "experimento_4" 4 2000 1000 0.8 0.5 0.4 1 0.8
0.985535085201263 0.502618068384985 "experimento_4" 4 2000 1000 0.8 0.5 0.4 1 0.8
0.993725766427815 0.487829574074683 "experimento_4" 4 2000 1000 0.8 0.5 0.4 1 0.8
0.997699343599379 0.496231150192899 "experimento_4" 4 2000 1000 0.8 0.5 0.4 1 0.8
0.988750875694677 0.529218032163819 "experimento_4" 4 2000 1000 0.8 0.5 0.4 1 0.8
0.994639211101457 0.527435676647839 "experimento_4" 4 2000 1000 0.8 0.5 0.4 1 0.8
0.999351820908487 0.487923546985324 "experimento_4" 4 2000 1000 0.8 0.5 0.4 1 0.8
0.998620531288907 0.532832247685104 "experimento_4" 4 2000 1000 0.8 0.5 0.4 1 0.8
0.987079428508878 0.453618897338795 "experimento_4" 4 2000 1000 0.8 0.5 0.4 1 0.8
0.992883343948051 0.533273785340917 "experimento_4" 4 2000 1000 0.8 0.5 0.4 1 0.8
0.99917704006657 0.507917731761168 "experimento_4" 4 2000 1000 0.8 0.5 0.4 1 0.8
1.00549683456026 0.524783471328503 "experimento_4" 4 2000 1000 0.8 0.5 0.4 1 0.8
1.02857721131295 0.482157711889961 "experimento_4" 4 2000 1000 0.8 0.5 0.4 1 0.8
0.999879131792113 0.502700389444252 "experimento_4" 4 2000 1000 0.8 0.5 0.4 1 0.8
0.993696884950623 0.506336129869348 "experimento_4" 4 2000 1000 0.8 0.5 0.4 1 0.8
0.993108003865927 0.518705355426646 "experimento_4" 4 2000 1000 0.8 0.5 0.4 1 0.8
0.988462772220373 0.526090565655861 "experimento_4" 4 2000 1000 0.8 0.5 0.4 1 0.8
1.0267366990447 0.565062147298221 "experimento_4" 4 2000 1000 0.8 0.5 0.4 1 0.8
0.994170553516597 0.472544984994272 "experimento_4" 4 2000 1000 0.8 0.5 0.4 1 0.8
0.98492832784541 0.518026088846748 "experimento_4" 4 2000 1000 0.8 0.5 0.4 1 0.8
1.05714939088605 0.506030877631966 "experimento_4" 4 2000 1000 0.8 0.5 0.4 1 0.8
0.999800001271069 0.52980322944251 "experimento_4" 4 2000 1000 0.8 0.5 0.4 1 0.8
1.07579395733774 0.499064575655449 "experimento_4" 4 2000 1000 0.8 0.5 0.4 1 0.8
1.00678375222761 0.499682644459063 "experimento_4" 4 2000 1000 0.8 0.5 0.4 1 0.8
0.992400655057281 0.483090668126871 "experimento_4" 4 2000 1000 0.8 0.5 0.4 1 0.8
0.998947406420484 0.573327583562526 "experimento_4" 4 2000 1000 0.8 0.5 0.4 1 0.8
0.99640033650212 0.516572578815227 "experimento_4" 4 2000 1000 0.8 0.5 0.4 1 0.8
0.999486236367375 0.540941242178018 "experimento_4" 4 2000 1000 0.8 0.5 0.4 1 0.8
0.996607150183991 0.542122672807812 "experimento_4" 4 2000 1000 0.8 0.5 0.4 1 0.8
0.992005581501871 0.479005144777125 "experimento_4" 4 2000 1000 0.8 0.5 0.4 1 0.8
1.00854964260122 0.509667175762076 "experimento_4" 4 2000 1000 0.8 0.5 0.4 1 0.8
0.998979344265535 0.533713232895046 "experimento_4" 4 2000 1000 0.8 0.5 0.4 1 0.8
1.03219278436154 0.496851960977978 "experimento_4" 4 2000 1000 0.8 0.5 0.4 1 0.8
0.987043112982064 0.520864307107257 "experimento_4" 4 2000 1000 0.8 0.5 0.4 1 0.8
0.996688865590841 0.489150130846596 "experimento_4" 4 2000 1000 0.8 0.5 0.4 1 0.8
0.990176669321954 0.569665613202337 "experimento_4" 4 2000 1000 0.8 0.5 0.4 1 0.8
1.09151419651879 0.465965392185111 "experimento_4" 4 2000 1000 0.8 0.5 0.4 1 0.8
0.999483409104869 0.558299418407315 "experimento_4" 4 2000 1000 0.8 0.5 0.4 1 0.8
1.00730260920069 0.518425231438573 "experimento_4" 4 2000 1000 0.8 0.5 0.4 1 0.8
1.04568117555185 0.511434819750688 "experimento_4" 4 2000 1000 0.8 0.5 0.4 1 0.8
0.99746004701592 0.57661245030361 "experimento_4" 4 2000 1000 0.8 0.5 0.4 1 0.8
1.0696068406105 0.479962215409317 "experimento_4" 4 2000 1000 0.8 0.5 0.4 1 0.8
0.990493407705799 0.527387454346945 "experimento_4" 4 2000 1000 0.8 0.5 0.4 1 0.8
1.00034066175865 0.519045426294208 "experimento_4" 4 2000 1000 0.8 0.5 0.4 1 0.8
0.997128241695464 0.505176564128058 "experimento_4" 4 2000 1000 0.8 0.5 0.4 1 0.8
0.995911909500137 0.468570653643482 "experimento_4" 4 2000 1000 0.8 0.5 0.4 1 0.8
0.98828421975486 0.518076758099327 "experimento_4" 4 2000 1000 0.8 0.5 0.4 1 0.8
1.01386947743595 0.45400087625878 "experimento_4" 4 2000 1000 0.8 0.5 0.4 1 0.8
0.995564541779459 0.499607891216375 "experimento_4" 4 2000 1000 0.8 0.5 0.4 1 0.8
0.9947676199954 0.526373070119126 "experimento_4" 4 2000 1000 0.8 0.5 0.4 1 0.8
0.989744112826884 0.547665857057363 "experimento_4" 4 2000 1000 0.8 0.5 0.4 1 0.8
0.998423315118998 0.483279752759545 "experimento_4" 4 2000 1000 0.8 0.5 0.4 1 0.8
0.987115444382653 0.480682486685782 "experimento_4" 4 2000 1000 0.8 0.5 0.4 1 0.8
0.999834449728951 0.522428396881687 "experimento_4" 4 2000 1000 0.8 0.5 0.4 1 0.8
0.989465835271403 0.569528707821812 "experimento_4" 4 2000 1000 0.8 0.5 0.4 1 0.8
0.992835424141958 0.46755448682316 "experimento_4" 4 2000 1000 0.8 0.5 0.4 1 0.8
0.996883772313595 0.474368873433937 "experimento_4" 4 2000 1000 0.8 0.5 0.4 1 0.8
1.00202588726131 0.513697061933042 "experimento_4" 4 2000 1000 0.8 0.5 0.4 1 0.8
0.999429477378726 0.49894817414605 "experimento_4" 4 2000 1000 0.8 0.5 0.4 1 0.8
1.00130364854404 0.517892092171696 "experimento_4" 4 2000 1000 0.8 0.5 0.4 1 0.8
1.07981226502308 0.483480176772664 "experimento_4" 4 2000 1000 0.8 0.5 0.4 1 0.8
0.999479700345546 0.473756062177408 "experimento_4" 4 2000 1000 0.8 0.5 0.4 1 0.8
1.2679080311209 0.481894775757545 "experimento_4" 4 2000 1000 0.8 0.5 0.4 1 0.8
0.98795204074122 0.528602249255236 "experimento_4" 4 2000 1000 0.8 0.5 0.4 1 0.8
0.997667809715495 0.461653461104195 "experimento_4" 4 2000 1000 0.8 0.5 0.4 1 0.8
0.992885741172358 0.482009331689579 "experimento_4" 4 2000 1000 0.8 0.5 0.4 1 0.8
1.09550872538239 0.492471459636327 "experimento_4" 4 2000 1000 0.8 0.5 0.4 1 0.8
1.14704228378832 0.458485450071012 "experimento_4" 4 2000 1000 0.8 0.5 0.4 1 0.8
0.997399783460423 0.525719508173505 "experimento_4" 4 2000 1000 0.8 0.5 0.4 1 0.8
0.989190713968128 0.444755542474977 "experimento_4" 4 2000 1000 0.8 0.5 0.4 1 0.8
0.999285669997334 0.492661759277501 "experimento_4" 4 2000 1000 0.8 0.5 0.4 1 0.8
0.994573933305219 0.534650451987522 "experimento_4" 4 2000 1000 0.8 0.5 0.4 1 0.8
1.00206788443029 0.485476369200341 "experimento_4" 4 2000 1000 0.8 0.5 0.4 1 0.8
0.999795801471919 0.540676065633501 "experimento_4" 4 2000 1000 0.8 0.5 0.4 1 0.8
1.24765607342124 0.472949706553434 "experimento_4" 4 2000 1000 0.8 0.5 0.4 1 0.8
0.999252705369145 0.486457129700471 "experimento_4" 4 2000 1000 0.8 0.5 0.4 1 0.8
0.992431444348767 0.502264831441566 "experimento_4" 4 2000 1000 0.8 0.5 0.4 1 0.8
0.996540863998234 0.489983926740614 "experimento_4" 4 2000 1000 0.8 0.5 0.4 1 0.8
0.99720798805356 0.472185779274688 "experimento_4" 4 2000 1000 0.8 0.5 0.4 1 0.8
1.01827584363802 0.52255333216923 "experimento_4" 4 2000 1000 0.8 0.5 0.4 1 0.8
0.998543887166306 0.515397107197998 "experimento_4" 4 2000 1000 0.8 0.5 0.4 1 0.8
1.33712630701428 0.493270937437878 "experimento_4" 4 2000 1000 0.8 0.5 0.4 1 0.8
1.00485683035325 0.446888442679424 "experimento_4" 4 2000 1000 0.8 0.5 0.4 1 0.8
1.00301446486264 0.452895276937428 "experimento_4" 4 2000 1000 0.8 0.5 0.4 1 0.8
1.00247127376497 0.507256198358545 "experimento_4" 4 2000 1000 0.8 0.5 0.4 1 0.8
0.999202655628324 0.51373345324391 "experimento_4" 4 2000 1000 0.8 0.5 0.4 1 0.8
0.999824086437002 0.475509576482181 "experimento_4" 4 2000 1000 0.8 0.5 0.4 1 0.8
0.990450802957639 0.472987108629057 "experimento_4" 4 2000 1000 0.8 0.5 0.4 1 0.8
1.00007936377779 0.492852524847257 "experimento_4" 4 2000 1000 0.8 0.5 0.4 1 0.8
0.997794238617644 0.511661026834771 "experimento_4" 4 2000 1000 0.8 0.5 0.4 1 0.8
1.01884370017797 0.520721338240062 "experimento_4" 4 2000 1000 0.8 0.5 0.4 1 0.8
0.996462208218873 0.539898752899869 "experimento_4" 4 2000 1000 0.8 0.5 0.4 1 0.8
0.998454704880714 0.495621269453072 "experimento_4" 4 2000 1000 0.8 0.5 0.4 1 0.8
1.00687647327115 0.478363912283166 "experimento_4" 4 2000 1000 0.8 0.5 0.4 1 0.8
0.997886807424948 0.483779200195461 "experimento_4" 4 2000 1000 0.8 0.5 0.4 1 0.8
0.994680819800124 0.561260080345509 "experimento_4" 4 2000 1000 0.8 0.5 0.4 1 0.8
0.996723563177511 0.519551432036999 "experimento_4" 4 2000 1000 0.8 0.5 0.4 1 0.8
1.0010003419593 0.47765385063182 "experimento_4" 4 2000 1000 0.8 0.5 0.4 1 0.8
0.997822555480525 0.488182321953453 "experimento_4" 4 2000 1000 0.8 0.5 0.4 1 0.8
0.998889880953357 0.530436723066017 "experimento_4" 4 2000 1000 0.8 0.5 0.4 1 0.8
0.998387748841196 0.544872914431182 "experimento_4" 4 2000 1000 0.8 0.5 0.4 1 0.8
0.995271472260356 0.543086858290856 "experimento_4" 4 2000 1000 0.8 0.5 0.4 1 0.8
0.999001840362325 0.477739596248881 "experimento_4" 4 2000 1000 0.8 0.5 0.4 1 0.8
1.00070833880454 0.485293460286827 "experimento_4" 4 2000 1000 0.8 0.5 0.4 1 0.8
0.995070454897359 0.527828502826672 "experimento_4" 4 2000 1000 0.8 0.5 0.4 1 0.8
0.993166949599981 0.515670779460229 "experimento_4" 4 2000 1000 0.8 0.5 0.4 1 0.8
0.996524886228144 0.486705325060492 "experimento_4" 4 2000 1000 0.8 0.5 0.4 1 0.8
1.01355347130448 0.493360453914861 "experimento_4" 4 2000 1000 0.8 0.5 0.4 1 0.8
0.994532875483856 0.527877711515501 "experimento_4" 4 2000 1000 0.8 0.5 0.4 1 0.8
0.997302769683301 0.502507423366737 "experimento_4" 4 2000 1000 0.8 0.5 0.4 1 0.8
0.998313711723313 0.496695369362308 "experimento_4" 4 2000 1000 0.8 0.5 0.4 1 0.8
1.00273199513468 0.517185885759385 "experimento_4" 4 2000 1000 0.8 0.5 0.4 1 0.8
0.993174315430224 0.486774363066964 "experimento_4" 4 2000 1000 0.8 0.5 0.4 1 0.8
1.12556212488562 0.484863402791533 "experimento_4" 4 2000 1000 0.8 0.5 0.4 1 0.8
0.992395889014006 0.437660713447946 "experimento_4" 4 2000 1000 0.8 0.5 0.4 1 0.8
0.997219720622525 0.511698402970481 "experimento_4" 4 2000 1000 0.8 0.5 0.4 1 0.8
0.989616399398074 0.544275127459839 "experimento_4" 4 2000 1000 0.8 0.5 0.4 1 0.8
0.988641983363777 0.564849527614907 "experimento_4" 4 2000 1000 0.8 0.5 0.4 1 0.8
0.988879665732384 0.538471509837393 "experimento_4" 4 2000 1000 0.8 0.5 0.4 1 0.8
0.998744906159118 0.482780813453696 "experimento_4" 4 2000 1000 0.8 0.5 0.4 1 0.8
0.999278344912454 0.524858456295113 "experimento_4" 4 2000 1000 0.8 0.5 0.4 1 0.8
0.993790528969839 0.547041067028687 "experimento_4" 4 2000 1000 0.8 0.5 0.4 1 0.8
0.998218115884811 0.495192201362888 "experimento_4" 4 2000 1000 0.8 0.5 0.4 1 0.8
1.0065383343026 0.489871319190958 "experimento_4" 4 2000 1000 0.8 0.5 0.4 1 0.8
0.995505413971841 0.52929120223058 "experimento_4" 4 2000 1000 0.8 0.5 0.4 1 0.8
0.98639103397727 0.493925793983368 "experimento_4" 4 2000 1000 0.8 0.5 0.4 1 0.8
1.17520249101085 0.466155658117936 "experimento_4" 4 2000 1000 0.8 0.5 0.4 1 0.8
0.997351571684703 0.453681641344468 "experimento_4" 4 2000 1000 0.8 0.5 0.4 1 0.8
0.975011431844905 0.518482177012211 "experimento_4" 4 2000 1000 0.8 0.5 0.4 1 0.8
1.0024784611069 0.515621492980223 "experimento_4" 4 2000 1000 0.8 0.5 0.4 1 0.8
0.991426715394482 0.507228344184978 "experimento_4" 4 2000 1000 0.8 0.5 0.4 1 0.8
0.992588442983106 0.493806417429565 "experimento_4" 4 2000 1000 0.8 0.5 0.4 1 0.8
0.999851312255487 0.531431995862489 "experimento_4" 4 2000 1000 0.8 0.5 0.4 1 0.8
0.998774029547349 0.467159022206033 "experimento_4" 4 2000 1000 0.8 0.5 0.4 1 0.8
0.999992550583556 0.520534343909213 "experimento_4" 4 2000 1000 0.8 0.5 0.4 1 0.8
0.999066905351356 0.489382996589938 "experimento_4" 4 2000 1000 0.8 0.5 0.4 1 0.8
0.997612556209788 0.52802047943335 "experimento_4" 4 2000 1000 0.8 0.5 0.4 1 0.8
1.183489574239 0.508105043501314 "experimento_4" 4 2000 1000 0.8 0.5 0.4 1 0.8
0.990150542464107 0.521262264984872 "experimento_4" 4 2000 1000 0.8 0.5 0.4 1 0.8
0.989690045593306 0.508946644977546 "experimento_4" 4 2000 1000 0.8 0.5 0.4 1 0.8
0.999301129486412 0.508112122392716 "experimento_4" 4 2000 1000 0.8 0.5 0.4 1 0.8
1.09180517680943 0.485628630680379 "experimento_4" 4 2000 1000 0.8 0.5 0.4 1 0.8
1.00358489704433 0.501779418884754 "experimento_4" 4 2000 1000 0.8 0.5 0.4 1 0.8
0.999471506336704 0.472747846528757 "experimento_4" 4 2000 1000 0.8 0.5 0.4 1 0.8
0.991653127595782 0.536456932118568 "experimento_4" 4 2000 1000 0.8 0.5 0.4 1 0.8
0.999036482069641 0.539147363374807 "experimento_4" 4 2000 1000 0.8 0.5 0.4 1 0.8
1.02806799486279 0.491544963755908 "experimento_4" 4 2000 1000 0.8 0.5 0.4 1 0.8
0.997446964960545 0.493755754846987 "experimento_4" 4 2000 1000 0.8 0.5 0.4 1 0.8
0.984994283178821 0.506547389485892 "experimento_4" 4 2000 1000 0.8 0.5 0.4 1 0.8
1.00642844147044 0.484448184469057 "experimento_4" 4 2000 1000 0.8 0.5 0.4 1 0.8
1.02112245601017 0.511360130891194 "experimento_4" 4 2000 1000 0.8 0.5 0.4 1 0.8
0.993486483581364 0.510139370538004 "experimento_4" 4 2000 1000 0.8 0.5 0.4 1 0.8
0.993612837046385 0.558140739763313 "experimento_4" 4 2000 1000 0.8 0.5 0.4 1 0.8
0.999658440705389 0.522047021727891 "experimento_4" 4 2000 1000 0.8 0.5 0.4 1 0.8
0.99859549314715 0.490530583003799 "experimento_4" 4 2000 1000 0.8 0.5 0.4 1 0.8
0.999142775312066 0.493846706372822 "experimento_4" 4 2000 1000 0.8 0.5 0.4 1 0.8
0.990233625285327 0.51091763618394 "experimento_4" 4 2000 1000 0.8 0.5 0.4 1 0.8
0.99704931373708 0.526175514677628 "experimento_4" 4 2000 1000 0.8 0.5 0.4 1 0.8
0.998134163673967 0.5136979844144 "experimento_4" 4 2000 1000 0.8 0.5 0.4 1 0.8
0.986935310997069 0.538169141318472 "experimento_4" 4 2000 1000 0.8 0.5 0.4 1 0.8
0.993281109491363 0.513481407922732 "experimento_4" 4 2000 1000 0.8 0.5 0.4 1 0.8
0.99588428158313 0.510449459680291 "experimento_4" 4 2000 1000 0.8 0.5 0.4 1 0.8
1.08295789454132 0.479713659519242 "experimento_4" 4 2000 1000 0.8 0.5 0.4 1 0.8
0.995314387138933 0.528203167659526 "experimento_4" 4 2000 1000 0.8 0.5 0.4 1 0.8
0.999277248978615 0.50673704819141 "experimento_4" 4 2000 1000 0.8 0.5 0.4 1 0.8
0.988948824349791 0.483279886786721 "experimento_4" 4 2000 1000 0.8 0.5 0.4 1 0.8
0.992631191853434 0.513163926124805 "experimento_4" 4 2000 1000 0.8 0.5 0.4 1 0.8
1.09171202778816 0.471689118521386 "experimento_4" 4 2000 1000 0.8 0.5 0.4 1 0.8
0.999847523169592 0.513995406866518 "experimento_4" 4 2000 1000 0.8 0.5 0.4 1 0.8
1.00983848515898 0.486892629433477 "experimento_4" 4 2000 1000 0.8 0.5 0.4 1 0.8
0.992907190229744 0.509631277784752 "experimento_4" 4 2000 1000 0.8 0.5 0.4 1 0.8
0.997857553884387 0.547934599545678 "experimento_4" 4 2000 1000 0.8 0.5 0.4 1 0.8
0.994972736341879 0.512517228081131 "experimento_4" 4 2000 1000 0.8 0.5 0.4 1 0.8
1.04947929736227 0.516680725385896 "experimento_4" 4 2000 1000 0.8 0.5 0.4 1 0.8
0.995123089756817 0.484833793976839 "experimento_4" 4 2000 1000 0.8 0.5 0.4 1 0.8
0.990791641175747 0.47648759010202 "experimento_4" 4 2000 1000 0.8 0.5 0.4 1 0.8
0.993564274162054 0.512759679811393 "experimento_4" 4 2000 1000 0.8 0.5 0.4 1 0.8
0.996353507041931 0.516158712309265 "experimento_4" 4 2000 1000 0.8 0.5 0.4 1 0.8
0.998964409576729 0.547999683195063 "experimento_4" 4 2000 1000 0.8 0.5 0.4 1 0.8
0.999459141865373 0.492619593746743 "experimento_4" 4 2000 1000 0.8 0.5 0.4 1 0.8
0.994935542345047 0.526856721827643 "experimento_4" 4 2000 1000 0.8 0.5 0.4 1 0.8
0.995983298867941 0.488498956211223 "experimento_4" 4 2000 1000 0.8 0.5 0.4 1 0.8
1.00648969323098 0.479140455748252 "experimento_4" 4 2000 1000 0.8 0.5 0.4 1 0.8
1.00254231989533 0.492823096593033 "experimento_4" 4 2000 1000 0.8 0.5 0.4 1 0.8
0.995056161889806 0.543432417485347 "experimento_4" 4 2000 1000 0.8 0.5 0.4 1 0.8
0.990553101757541 0.520031384291522 "experimento_4" 4 2000 1000 0.8 0.5 0.4 1 0.8
0.999530124478042 0.498064063838075 "experimento_4" 4 2000 1000 0.8 0.5 0.4 1 0.8
1.00634962995522 0.477912716109714 "experimento_4" 4 2000 1000 0.8 0.5 0.4 1 0.8
0.995102952001616 0.551371418885456 "experimento_4" 4 2000 1000 0.8 0.5 0.4 1 0.8
0.986081307986751 0.495398049697012 "experimento_4" 4 2000 1000 0.8 0.5 0.4 1 0.8
0.990156729472801 0.554440846547422 "experimento_4" 4 2000 1000 0.8 0.5 0.4 1 0.8
0.988909482955933 0.557837594703055 "experimento_4" 4 2000 1000 0.8 0.5 0.4 1 0.8
0.999429335119203 0.47948472462587 "experimento_4" 4 2000 1000 0.8 0.5 0.4 1 0.8
0.999752459581941 0.485062804803147 "experimento_4" 4 2000 1000 0.8 0.5 0.4 1 0.8
1.19905520435229 0.485137150605586 "experimento_4" 4 2000 1000 0.8 0.5 0.4 1 0.8
0.995607101125643 0.517032736462205 "experimento_4" 4 2000 1000 0.8 0.5 0.4 1 0.8
1.27576633238876 0.506266143376858 "experimento_4" 4 2000 1000 0.8 0.5 0.4 1 0.8
0.998132537119091 0.537930158163554 "experimento_4" 4 2000 1000 0.8 0.5 0.4 1 0.8
0.999979081330821 0.521338476023463 "experimento_4" 4 2000 1000 0.8 0.5 0.4 1 0.8
0.999303779099137 0.487983899928671 "experimento_4" 4 2000 1000 0.8 0.5 0.4 1 0.8
1.00539466501757 0.527573680092129 "experimento_4" 4 2000 1000 0.8 0.5 0.4 1 0.8
1.00308140832931 0.49656100927182 "experimento_4" 4 2000 1000 0.8 0.5 0.4 1 0.8
0.994040852412581 0.511468400330701 "experimento_4" 4 2000 1000 0.8 0.5 0.4 1 0.8
0.999122011708096 0.559163007651615 "experimento_4" 4 2000 1000 0.8 0.5 0.4 1 0.8
0.993133871350437 0.492679047341372 "experimento_4" 4 2000 1000 0.8 0.5 0.4 1 0.8
1.0002504344501 0.485631884179296 "experimento_4" 4 2000 1000 0.8 0.5 0.4 1 0.8
0.999948640586808 0.526339915215803 "experimento_4" 4 2000 1000 0.8 0.5 0.4 1 0.8
0.993289111182094 0.53890177876057 "experimento_4" 4 2000 1000 0.8 0.5 0.4 1 0.8
0.992848209338263 0.52350731052869 "experimento_4" 4 2000 1000 0.8 0.5 0.4 1 0.8
0.99129673675634 0.473519629253168 "experimento_4" 4 2000 1000 0.8 0.5 0.4 1 0.8
0.993707063375041 0.477107058631107 "experimento_4" 4 2000 1000 0.8 0.5 0.4 1 0.8
0.995899908943102 0.512377541270496 "experimento_4" 4 2000 1000 0.8 0.5 0.4 1 0.8
1.0030042996342 0.513104431784251 "experimento_4" 4 2000 1000 0.8 0.5 0.4 1 0.8
1.27432784996927 0.479118873498109 "experimento_4" 4 2000 1000 0.8 0.5 0.4 1 0.8
0.999861060874537 0.499395779297412 "experimento_4" 4 2000 1000 0.8 0.5 0.4 1 0.8
0.990363392047584 0.524645154406883 "experimento_4" 4 2000 1000 0.8 0.5 0.4 1 0.8
0.993608286138624 0.505371519479037 "experimento_4" 4 2000 1000 0.8 0.5 0.4 1 0.8
0.999962375732139 0.462869853033812 "experimento_4" 4 2000 1000 0.8 0.5 0.4 1 0.8
0.999863395933062 0.512559384030397 "experimento_4" 4 2000 1000 0.8 0.5 0.4 1 0.8
0.995426442241296 0.51484201089066 "experimento_4" 4 2000 1000 0.8 0.5 0.4 1 0.8
1.02572884223017 0.518387913211451 "experimento_4" 4 2000 1000 0.8 0.5 0.4 1 0.8
0.997956450330094 0.512269393265128 "experimento_4" 4 2000 1000 0.8 0.5 0.4 1 0.8
0.998999077826738 0.54265623504788 "experimento_4" 4 2000 1000 0.8 0.5 0.4 1 0.8
0.99650847306475 0.552028584129221 "experimento_4" 4 2000 1000 0.8 0.5 0.4 1 0.8
0.998533112695441 0.535935625207184 "experimento_4" 4 2000 1000 0.8 0.5 0.4 1 0.8
0.999475343851373 0.522314376107624 "experimento_4" 4 2000 1000 0.8 0.5 0.4 1 0.8
0.9997294167988 0.479696545036477 "experimento_4" 4 2000 1000 0.8 0.5 0.4 1 0.8
1.0019817231223 0.523670873030751 "experimento_4" 4 2000 1000 0.8 0.5 0.4 1 0.8
0.993842565687373 0.515695169954378 "experimento_4" 4 2000 1000 0.8 0.5 0.4 1 0.8
0.994934404268861 0.500648464820856 "experimento_4" 4 2000 1000 0.8 0.5 0.4 1 0.8
0.989764500875026 0.526514901394135 "experimento_4" 4 2000 1000 0.8 0.5 0.4 1 0.8
1.00058573577553 0.488776549476807 "experimento_4" 4 2000 1000 0.8 0.5 0.4 1 0.8
0.999919181456789 0.480206606761293 "experimento_4" 4 2000 1000 0.8 0.5 0.4 1 0.8
0.991032185964286 0.547738223002567 "experimento_4" 4 2000 1000 0.8 0.5 0.4 1 0.8
0.99416631879285 0.501471345064376 "experimento_4" 4 2000 1000 0.8 0.5 0.4 1 0.8
0.999351937090978 0.516525239216595 "experimento_4" 4 2000 1000 0.8 0.5 0.4 1 0.8
0.987339910119772 0.492750213925622 "experimento_4" 4 2000 1000 0.8 0.5 0.4 1 0.8
1.00023808294131 0.505560728246971 "experimento_4" 4 2000 1000 0.8 0.5 0.4 1 0.8
0.992571778828278 0.52081708876684 "experimento_4" 4 2000 1000 0.8 0.5 0.4 1 0.8
0.994401703123003 0.50644179057763 "experimento_4" 4 2000 1000 0.8 0.5 0.4 1 0.8
0.999031053390354 0.465029912623616 "experimento_4" 4 2000 1000 0.8 0.5 0.4 1 0.8
1.00419709510559 0.475013483001237 "experimento_4" 4 2000 1000 0.8 0.5 0.4 1 0.8
1.00334537938233 0.496369502056798 "experimento_4" 4 2000 1000 0.8 0.5 0.4 1 0.8
0.991646092617884 0.517166087517006 "experimento_4" 4 2000 1000 0.8 0.5 0.4 1 0.8
0.992782680783421 0.493661382915625 "experimento_4" 4 2000 1000 0.8 0.5 0.4 1 0.8
0.999944260809571 0.499892728083806 "experimento_4" 4 2000 1000 0.8 0.5 0.4 1 0.8
0.99445601250045 0.49558305434493 "experimento_4" 4 2000 1000 0.8 0.5 0.4 1 0.8
0.98980095423758 0.571439616043792 "experimento_4" 4 2000 1000 0.8 0.5 0.4 1 0.8
0.998299467377365 0.510752243813642 "experimento_4" 4 2000 1000 0.8 0.5 0.4 1 0.8
1.00122089870274 0.496342114254853 "experimento_4" 4 2000 1000 0.8 0.5 0.4 1 0.8
1.0051678493619 0.495419585915116 "experimento_4" 4 2000 1000 0.8 0.5 0.4 1 0.8
0.999994955025613 0.547982163833186 "experimento_4" 4 2000 1000 0.8 0.5 0.4 1 0.8
0.991529355291277 0.511598415666857 "experimento_4" 4 2000 1000 0.8 0.5 0.4 1 0.8
0.994022724218667 0.522647107305303 "experimento_4" 4 2000 1000 0.8 0.5 0.4 1 0.8
0.990950699429959 0.543098760851224 "experimento_4" 4 2000 1000 0.8 0.5 0.4 1 0.8
1.00581167812472 0.487405959000519 "experimento_4" 4 2000 1000 0.8 0.5 0.4 1 0.8
1.08029064350644 0.447991731272625 "experimento_4" 4 2000 1000 0.8 0.5 0.4 1 0.8
0.993198929121718 0.519988449421556 "experimento_4" 4 2000 1000 0.8 0.5 0.4 1 0.8
0.994363872567192 0.500470726408194 "experimento_4" 4 2000 1000 0.8 0.5 0.4 1 0.8
0.99377949652262 0.51252592776978 "experimento_4" 4 2000 1000 0.8 0.5 0.4 1 0.8
0.985194705659524 0.534689089553079 "experimento_4" 4 2000 1000 0.8 0.5 0.4 1 0.8
1.59013825719893 0.474812559923767 "experimento_4" 4 2000 1000 0.8 0.5 0.4 1 0.8
0.99594286410138 0.486117392139532 "experimento_4" 4 2000 1000 0.8 0.5 0.4 1 0.8
0.992978362133726 0.499898682247435 "experimento_4" 4 2000 1000 0.8 0.5 0.4 1 0.8
1.60877503827214 0.486126859038243 "experimento_4" 4 2000 1000 0.8 0.5 0.4 1 0.8
1.0977443465963 0.507755334842114 "experimento_4" 4 2000 1000 0.8 0.5 0.4 1 0.8
1.00843404607408 0.508659541176277 "experimento_4" 4 2000 1000 0.8 0.5 0.4 1 0.8
1.00068869348615 0.468179926383448 "experimento_4" 4 2000 1000 0.8 0.5 0.4 1 0.8
0.997779191238806 0.498092848653518 "experimento_4" 4 2000 1000 0.8 0.5 0.4 1 0.8
1.04745966370915 0.489665978249028 "experimento_4" 4 2000 1000 0.8 0.5 0.4 1 0.8
1.75398095805869 0.454704401891011 "experimento_4" 4 2000 1000 0.8 0.5 0.4 1 0.8
1.00052188150585 0.474514985745287 "experimento_4" 4 2000 1000 0.8 0.5 0.4 1 0.8
0.997510314686224 0.507230717710027 "experimento_4" 4 2000 1000 0.8 0.5 0.4 1 0.8
0.999997035833076 0.541894508276405 "experimento_4" 4 2000 1000 0.8 0.5 0.4 1 0.8
1.00211364988432 0.480814158200187 "experimento_4" 4 2000 1000 0.8 0.5 0.4 1 0.8
0.999751533847302 0.483583642397592 "experimento_4" 4 2000 1000 0.8 0.5 0.4 1 0.8
0.99385776813142 0.55671071098407 "experimento_4" 4 2000 1000 0.8 0.5 0.4 1 0.8
0.998889924958348 0.509073837060622 "experimento_4" 4 2000 1000 0.8 0.5 0.4 1 0.8
0.999300366500393 0.563871326975602 "experimento_4" 4 2000 1000 0.8 0.5 0.4 1 0.8
0.995475850068033 0.479206748285832 "experimento_4" 4 2000 1000 0.8 0.5 0.4 1 0.8
1.00837470318602 0.500737839786052 "experimento_4" 4 2000 1000 0.8 0.5 0.4 1 0.8
1.03116342797875 0.468245002723363 "experimento_4" 4 2000 1000 0.8 0.5 0.4 1 0.8
0.999863122589886 0.501354847065729 "experimento_4" 4 2000 1000 0.8 0.5 0.4 1 0.8
0.994411228457466 0.523627309146302 "experimento_4" 4 2000 1000 0.8 0.5 0.4 1 0.8
0.994138472946361 0.547471938536889 "experimento_4" 4 2000 1000 0.8 0.5 0.4 1 0.8
1.06287305720792 0.538033098866244 "experimento_4" 4 2000 1000 0.8 0.5 0.4 1 0.8
1.04340911797881 0.471787258919389 "experimento_4" 4 2000 1000 0.8 0.5 0.4 1 0.8
0.990739725995809 0.497769724598365 "experimento_4" 4 2000 1000 0.8 0.5 0.4 1 0.8
1.00261494936211 0.497361625827665 "experimento_4" 4 2000 1000 0.8 0.5 0.4 1 0.8
0.995860767085105 0.514075159613825 "experimento_4" 4 2000 1000 0.8 0.5 0.4 1 0.8
0.990281502949074 0.568483981803759 "experimento_4" 4 2000 1000 0.8 0.5 0.4 1 0.8
1.12180495169014 0.458489181669235 "experimento_4" 4 2000 1000 0.8 0.5 0.4 1 0.8
1.02826491184533 0.496386942321283 "experimento_4" 4 2000 1000 0.8 0.5 0.4 1 0.8
1.25200587604195 0.472366906677302 "experimento_4" 4 2000 1000 0.8 0.5 0.4 1 0.8
0.997571134474128 0.569972830860597 "experimento_4" 4 2000 1000 0.8 0.5 0.4 1 0.8
0.992641131393611 0.488406636025541 "experimento_4" 4 2000 1000 0.8 0.5 0.4 1 0.8
1.00259248121653 0.515275194233565 "experimento_4" 4 2000 1000 0.8 0.5 0.4 1 0.8
0.997358480235562 0.47300932017554 "experimento_4" 4 2000 1000 0.8 0.5 0.4 1 0.8
0.999707714887336 0.496652355916006 "experimento_4" 4 2000 1000 0.8 0.5 0.4 1 0.8
0.990641561103985 0.516393871643391 "experimento_4" 4 2000 1000 0.8 0.5 0.4 1 0.8
1.0005141248156 0.510674322321222 "experimento_4" 4 2000 1000 0.8 0.5 0.4 1 0.8
0.986213127849624 0.550868027862743 "experimento_4" 4 2000 1000 0.8 0.5 0.4 1 0.8
0.992220950545743 0.511698949074025 "experimento_4" 4 2000 1000 0.8 0.5 0.4 1 0.8
0.996214134385809 0.504277609795708 "experimento_4" 4 2000 1000 0.8 0.5 0.4 1 0.8
0.989573111524805 0.541443194741332 "experimento_4" 4 2000 1000 0.8 0.5 0.4 1 0.8
1.00237832777202 0.48789117395157 "experimento_4" 4 2000 1000 0.8 0.5 0.4 1 0.8
1.01482083997531 0.465891589824314 "experimento_4" 4 2000 1000 0.8 0.5 0.4 1 0.8
0.994654467795044 0.493635566821129 "experimento_4" 4 2000 1000 0.8 0.5 0.4 1 0.8
0.985681113088503 0.514191518577796 "experimento_4" 4 2000 1000 0.8 0.5 0.4 1 0.8
1.20402763970196 0.463638991750725 "experimento_4" 4 2000 1000 0.8 0.5 0.4 1 0.8
0.994966474594548 0.551113071352871 "experimento_4" 4 2000 1000 0.8 0.5 0.4 1 0.8
0.99858437362127 0.500769652709062 "experimento_4" 4 2000 1000 0.8 0.5 0.4 1 0.8
0.993782284902409 0.512035459291916 "experimento_4" 4 2000 1000 0.8 0.5 0.4 1 0.8
1.00558509770781 0.490651244551256 "experimento_4" 4 2000 1000 0.8 0.5 0.4 1 0.8
1.08872487023473 0.454216860629989 "experimento_4" 4 2000 1000 0.8 0.5 0.4 1 0.8
0.999642368173227 0.521650848800742 "experimento_4" 4 2000 1000 0.8 0.5 0.4 1 0.8
0.985814304556698 0.53660258172815 "experimento_4" 4 2000 1000 0.8 0.5 0.4 1 0.8
0.999341128626838 0.495777204677343 "experimento_4" 4 2000 1000 0.8 0.5 0.4 1 0.8
0.98258530208841 0.521916608271802 "experimento_4" 4 2000 1000 0.8 0.5 0.4 1 0.8
0.999848656589165 0.444071295671638 "experimento_4" 4 2000 1000 0.8 0.5 0.4 1 0.8
0.994838823564351 0.464120720535363 "experimento_4" 4 2000 1000 0.8 0.5 0.4 1 0.8
0.992035333067179 0.513264549724781 "experimento_4" 4 2000 1000 0.8 0.5 0.4 1 0.8
0.992160921450704 0.523334105055533 "experimento_4" 4 2000 1000 0.8 0.5 0.4 1 0.8
0.98848696378991 0.528143912352896 "experimento_4" 4 2000 1000 0.8 0.5 0.4 1 0.8
0.99973378633149 0.515656365813152 "experimento_4" 4 2000 1000 0.8 0.5 0.4 1 0.8
1.01040576383387 0.500193609982702 "experimento_4" 4 2000 1000 0.8 0.5 0.4 1 0.8
0.994309219531715 0.52286939993984 "experimento_4" 4 2000 1000 0.8 0.5 0.4 1 0.8
0.991403075866401 0.493482780658025 "experimento_4" 4 2000 1000 0.8 0.5 0.4 1 0.8
1.03564943745732 0.480865695554229 "experimento_4" 4 2000 1000 0.8 0.5 0.4 1 0.8
0.989516030298546 0.529765550021922 "experimento_4" 4 2000 1000 0.8 0.5 0.4 1 0.8
1.00221067946404 0.482496392168193 "experimento_4" 4 2000 1000 0.8 0.5 0.4 1 0.8
0.998590744799003 0.468817420696625 "experimento_4" 4 2000 1000 0.8 0.5 0.4 1 0.8
0.996227835072204 0.527015753528541 "experimento_4" 4 2000 1000 0.8 0.5 0.4 1 0.8
0.998717911075801 0.468145240808669 "experimento_4" 4 2000 1000 0.8 0.5 0.4 1 0.8
1.07226527850805 0.464643476368422 "experimento_4" 4 2000 1000 0.8 0.5 0.4 1 0.8
0.994524238165468 0.520257501993718 "experimento_4" 4 2000 1000 0.8 0.5 0.4 1 0.8
1.00125095217306 0.515702301776671 "experimento_4" 4 2000 1000 0.8 0.5 0.4 1 0.8
1.02708667673709 0.468736501207541 "experimento_4" 4 2000 1000 0.8 0.5 0.4 1 0.8
0.999897168250754 0.47992146071999 "experimento_4" 4 2000 1000 0.8 0.5 0.4 1 0.8
0.999070785706863 0.490879441046251 "experimento_4" 4 2000 1000 0.8 0.5 0.4 1 0.8
0.999855823814869 0.513976028450323 "experimento_4" 4 2000 1000 0.8 0.5 0.4 1 0.8
0.995797283248976 0.469913486654642 "experimento_4" 4 2000 1000 0.8 0.5 0.4 1 0.8
0.98849841975607 0.479557787209946 "experimento_4" 4 2000 1000 0.8 0.5 0.4 1 0.8
0.9932510482613 0.500092558014371 "experimento_4" 4 2000 1000 0.8 0.5 0.4 1 0.8
0.997236333554611 0.470822970139736 "experimento_4" 4 2000 1000 0.8 0.5 0.4 1 0.8
0.999101503985003 0.475437168784377 "experimento_4" 4 2000 1000 0.8 0.5 0.4 1 0.8
0.999810753390193 0.509312399625272 "experimento_4" 4 2000 1000 0.8 0.5 0.4 1 0.8
0.991559059126303 0.520312521855256 "experimento_4" 4 2000 1000 0.8 0.5 0.4 1 0.8
0.98572897631675 0.526519047776024 "experimento_4" 4 2000 1000 0.8 0.5 0.4 1 0.8
1.17133697228305 0.477586183698711 "experimento_4" 4 2000 1000 0.8 0.5 0.4 1 0.8
1.11618081759661 0.502473451153025 "experimento_4" 4 2000 1000 0.8 0.5 0.4 1 0.8
1.08052334003181 0.480722964235177 "experimento_4" 4 2000 1000 0.8 0.5 0.4 1 0.8
0.995620490517467 0.495164385420233 "experimento_4" 4 2000 1000 0.8 0.5 0.4 1 0.8
1.0104942659271 0.492415246755779 "experimento_4" 4 2000 1000 0.8 0.5 0.4 1 0.8
1.05126865056858 0.485892423824173 "experimento_4" 4 2000 1000 0.8 0.5 0.4 1 0.8
1.06263451185077 0.480410639540563 "experimento_4" 4 2000 1000 0.8 0.5 0.4 1 0.8
0.999943320639431 0.495059407841148 "experimento_4" 4 2000 1000 0.8 0.5 0.4 1 0.8
0.999323437688872 0.487074403661252 "experimento_4" 4 2000 1000 0.8 0.5 0.4 1 0.8
0.996504651848227 0.495781599673348 "experimento_4" 4 2000 1000 0.8 0.5 0.4 1 0.8
0.993821198353544 0.568443391442476 "experimento_4" 4 2000 1000 0.8 0.5 0.4 1 0.8
1.06219205167145 0.471800350611153 "experimento_4" 4 2000 1000 0.8 0.5 0.4 1 0.8
1.00350590477689 0.531718095564483 "experimento_4" 4 2000 1000 0.8 0.5 0.4 1 0.8
0.996033298783004 0.473232895588393 "experimento_4" 4 2000 1000 0.8 0.5 0.4 1 0.8
1.01699095685089 0.497647006102761 "experimento_4" 4 2000 1000 0.8 0.5 0.4 1 0.8
0.991632908117026 0.483851914104517 "experimento_4" 4 2000 1000 0.8 0.5 0.4 1 0.8
0.996977280126885 0.532095156409571 "experimento_4" 4 2000 1000 0.8 0.5 0.4 1 0.8
0.999373707221821 0.489910633897992 "experimento_4" 4 2000 1000 0.8 0.5 0.4 1 0.8
0.994936974020675 0.475097796186079 "experimento_4" 4 2000 1000 0.8 0.5 0.4 1 0.8
0.996952888555825 0.536736109780557 "experimento_4" 4 2000 1000 0.8 0.5 0.4 1 0.8
0.993018259759992 0.592219472211518 "experimento_4" 4 2000 1000 0.8 0.5 0.4 1 0.8
0.988426133990288 0.548868400184602 "experimento_4" 4 2000 1000 0.8 0.5 0.4 1 0.8
1.00080916374744 0.485117009076048 "experimento_4" 4 2000 1000 0.8 0.5 0.4 1 0.8
0.996867972193286 0.463983890271145 "experimento_4" 4 2000 1000 0.8 0.5 0.4 1 0.8
0.98698172532022 0.545905736541177 "experimento_4" 4 2000 1000 0.8 0.5 0.4 1 0.8
0.989122201222926 0.4951158727567 "experimento_4" 4 2000 1000 0.8 0.5 0.4 1 0.8
1.04362685144869 0.502230560370066 "experimento_4" 4 2000 1000 0.8 0.5 0.4 1 0.8
1.03643094748259 0.452574423122962 "experimento_4" 4 2000 1000 0.8 0.5 0.4 1 0.8
0.990192381199449 0.583617002986148 "experimento_4" 4 2000 1000 0.8 0.5 0.4 1 0.8
1.12829400890308 0.478499133055522 "experimento_4" 4 2000 1000 0.8 0.5 0.4 1 0.8
1.00745116826147 0.524050994820183 "experimento_4" 4 2000 1000 0.8 0.5 0.4 1 0.8
0.996918180026114 0.527377006255527 "experimento_4" 4 2000 1000 0.8 0.5 0.4 1 0.8
0.996086839586496 0.498489570786584 "experimento_4" 4 2000 1000 0.8 0.5 0.4 1 0.8
0.994245450943708 0.581667762482317 "experimento_4" 4 2000 1000 0.8 0.5 0.4 1 0.8
0.987670564092696 0.582651903142129 "experimento_4" 4 2000 1000 0.8 0.5 0.4 1 0.8
0.99970322009176 0.526190449096118 "experimento_4" 4 2000 1000 0.8 0.5 0.4 1 0.8
0.998889270471409 0.507314718962395 "experimento_4" 4 2000 1000 0.8 0.5 0.4 1 0.8
0.995200972771272 0.49394039692299 "experimento_4" 4 2000 1000 0.8 0.5 0.4 1 0.8
0.999762024264783 0.486101804810605 "experimento_4" 4 2000 1000 0.8 0.5 0.4 1 0.8
1.00497675654143 0.521199924688278 "experimento_4" 4 2000 1000 0.8 0.5 0.4 1 0.8
0.989243131363764 0.510015943301117 "experimento_4" 4 2000 1000 0.8 0.5 0.4 1 0.8
1.40843886137009 0.492487751099422 "experimento_4" 4 2000 1000 0.8 0.5 0.4 1 0.8
0.999270074302331 0.516674513387829 "experimento_4" 4 2000 1000 0.8 0.5 0.4 1 0.8
0.988380153430626 0.553851072453083 "experimento_4" 4 2000 1000 0.8 0.5 0.4 1 0.8
0.996212075231597 0.496692447138907 "experimento_4" 4 2000 1000 0.8 0.5 0.4 1 0.8
0.999260520329699 0.557427498442393 "experimento_4" 4 2000 1000 0.8 0.5 0.4 1 0.8
0.996249290881678 0.522231363712346 "experimento_4" 4 2000 1000 0.8 0.5 0.4 1 0.8
0.996322140330449 0.546792470508964 "experimento_4" 4 2000 1000 0.8 0.5 0.4 1 0.8
0.991524681216106 0.453673758643325 "experimento_4" 4 2000 1000 0.8 0.5 0.4 1 0.8
1.00215864266055 0.483421823775746 "experimento_4" 4 2000 1000 0.8 0.5 0.4 1 0.8
0.991867635631934 0.507025083583698 "experimento_4" 4 2000 1000 0.8 0.5 0.4 1 0.8
0.998090932378545 0.480077422129357 "experimento_4" 4 2000 1000 0.8 0.5 0.4 1 0.8
1.0238370411098 0.504695257068608 "experimento_4" 4 2000 1000 0.8 0.5 0.4 1 0.8
0.982384180882946 0.520710138339081 "experimento_4" 4 2000 1000 0.8 0.5 0.4 1 0.8
0.994161487091333 0.552175221316419 "experimento_4" 4 2000 1000 0.8 0.5 0.4 1 0.8
1.02160741761327 0.515483172471445 "experimento_4" 4 2000 1000 0.8 0.5 0.4 1 0.8
1.48036920186132 0.460821876516106 "experimento_4" 4 2000 1000 0.8 0.5 0.4 1 0.8
0.998659735778347 0.531549734384578 "experimento_4" 4 2000 1000 0.8 0.5 0.4 1 0.8
0.990894792601466 0.508120446393276 "experimento_4" 4 2000 1000 0.8 0.5 0.4 1 0.8
0.994840368162841 0.495197826549138 "experimento_4" 4 2000 1000 0.8 0.5 0.4 1 0.8
0.993409449700266 0.569792878677911 "experimento_4" 4 2000 1000 0.8 0.5 0.4 1 0.8
1.00057585071772 0.496848353628839 "experimento_4" 4 2000 1000 0.8 0.5 0.4 1 0.8
0.997586040059105 0.555752895880787 "experimento_4" 4 2000 1000 0.8 0.5 0.4 1 0.8
1.00079236924648 0.493954249442904 "experimento_4" 4 2000 1000 0.8 0.5 0.4 1 0.8
1.00066822580993 0.478907976764715 "experimento_4" 4 2000 1000 0.8 0.5 0.4 1 0.8
1.01431923918426 0.559948117152039 "experimento_4" 4 2000 1000 0.8 0.5 0.4 1 0.8
0.996568812290207 0.519190173683174 "experimento_4" 4 2000 1000 0.8 0.5 0.4 1 0.8
0.992046054918319 0.517307730821385 "experimento_4" 4 2000 1000 0.8 0.5 0.4 1 0.8
0.998750511789694 0.490540652390946 "experimento_4" 4 2000 1000 0.8 0.5 0.4 1 0.8
0.995265108533204 0.506746180212891 "experimento_4" 4 2000 1000 0.8 0.5 0.4 1 0.8
0.993131321389228 0.485477227769807 "experimento_4" 4 2000 1000 0.8 0.5 0.4 1 0.8
1.00288613885641 0.520361371685378 "experimento_4" 4 2000 1000 0.8 0.5 0.4 1 0.8
0.997767705470324 0.505312357639626 "experimento_4" 4 2000 1000 0.8 0.5 0.4 1 0.8
0.99839033279568 0.462583866488054 "experimento_4" 4 2000 1000 0.8 0.5 0.4 1 0.8
0.990381086245179 0.512445751468787 "experimento_4" 4 2000 1000 0.8 0.5 0.4 1 0.8
0.99543085694313 0.564564991357905 "experimento_4" 4 2000 1000 0.8 0.5 0.4 1 0.8
0.995392177952453 0.530381872657276 "experimento_4" 4 2000 1000 0.8 0.5 0.4 1 0.8
1.0009353346018 0.486130885409407 "experimento_4" 4 2000 1000 0.8 0.5 0.4 1 0.8
0.998362702317536 0.480303508768385 "experimento_4" 4 2000 1000 0.8 0.5 0.4 1 0.8
0.997578603215516 0.496706710339242 "experimento_4" 4 2000 1000 0.8 0.5 0.4 1 0.8
0.99523127428256 0.547273502928764 "experimento_4" 4 2000 1000 0.8 0.5 0.4 1 0.8
0.998973058769479 0.513617833721887 "experimento_4" 4 2000 1000 0.8 0.5 0.4 1 0.8
0.99040497886017 0.478177169616747 "experimento_4" 4 2000 1000 0.8 0.5 0.4 1 0.8
0.986491716234013 0.479718108712365 "experimento_4" 4 2000 1000 0.8 0.5 0.4 1 0.8
0.988082122057676 0.463080352729635 "experimento_4" 4 2000 1000 0.8 0.5 0.4 1 0.8
0.995075059821829 0.511521028405181 "experimento_4" 4 2000 1000 0.8 0.5 0.4 1 0.8
0.999447148526087 0.519639035313879 "experimento_4" 4 2000 1000 0.8 0.5 0.4 1 0.8
0.98937617125921 0.478818032803589 "experimento_4" 4 2000 1000 0.8 0.5 0.4 1 0.8
1.00080886518352 0.511433795039575 "experimento_4" 4 2000 1000 0.8 0.5 0.4 1 0.8
0.999358785804361 0.501809865071126 "experimento_4" 4 2000 1000 0.8 0.5 0.4 1 0.8
1.03836958855391 0.530719019492413 "experimento_4" 4 2000 1000 0.8 0.5 0.4 1 0.8
1.72464246395975 0.454086526285384 "experimento_4" 4 2000 1000 0.8 0.5 0.4 1 0.8
1.00561207905412 0.496051354349382 "experimento_4" 4 2000 1000 0.8 0.5 0.4 1 0.8
1.07315983573344 0.531828833276036 "experimento_4" 4 2000 1000 0.8 0.5 0.4 1 0.8
0.999639320885763 0.532242054318382 "experimento_4" 4 2000 1000 0.8 0.5 0.4 1 0.8
1.00103219099775 0.50764178179847 "experimento_4" 4 2000 1000 0.8 0.5 0.4 1 0.8
1.0009009744972 0.501892954026879 "experimento_4" 4 2000 1000 0.8 0.5 0.4 1 0.8
0.997906400822103 0.482220393380368 "experimento_4" 4 2000 1000 0.8 0.5 0.4 1 0.8
0.9933875661809 0.502204899967936 "experimento_4" 4 2000 1000 0.8 0.5 0.4 1 0.8
1.00513896346092 0.533398727357765 "experimento_4" 4 2000 1000 0.8 0.5 0.4 1 0.8
0.995154615258798 0.48129995762055 "experimento_4" 4 2000 1000 0.8 0.5 0.4 1 0.8
0.996036967728287 0.555219148706242 "experimento_4" 4 2000 1000 0.8 0.5 0.4 1 0.8
0.991811754414812 0.52902149815313 "experimento_4" 4 2000 1000 0.8 0.5 0.4 1 0.8
0.996140873758122 0.529706696025028 "experimento_4" 4 2000 1000 0.8 0.5 0.4 1 0.8
1.02838872931898 0.521962466831522 "experimento_4" 4 2000 1000 0.8 0.5 0.4 1 0.8
1.05253215227276 0.5193274340486 "experimento_4" 4 2000 1000 0.8 0.5 0.4 1 0.8
0.996120479190722 0.503783833706631 "experimento_4" 4 2000 1000 0.8 0.5 0.4 1 0.8
1.00045007236408 0.504002609442149 "experimento_4" 4 2000 1000 0.8 0.5 0.4 1 0.8
0.997027725214139 0.571381691807045 "experimento_4" 4 2000 1000 0.8 0.5 0.4 1 0.8
0.988670824095607 0.547997216872215 "experimento_4" 4 2000 1000 0.8 0.5 0.4 1 0.8
1.00264731272303 0.535993461048875 "experimento_4" 4 2000 1000 0.8 0.5 0.4 1 0.8
1.13471351056275 0.450686720132878 "experimento_4" 4 2000 1000 0.8 0.5 0.4 1 0.8
0.999736333265901 0.527342489818508 "experimento_4" 4 2000 1000 0.8 0.5 0.4 1 0.8
0.997627191478387 0.466793832831003 "experimento_4" 4 2000 1000 0.8 0.5 0.4 1 0.8
0.999338799156249 0.504788480357214 "experimento_4" 4 2000 1000 0.8 0.5 0.4 1 0.8
0.99186624144204 0.516427340625986 "experimento_4" 4 2000 1000 0.8 0.5 0.4 1 0.8
0.993996432516724 0.526363391515389 "experimento_4" 4 2000 1000 0.8 0.5 0.4 1 0.8
0.994977325201035 0.534688620967947 "experimento_4" 4 2000 1000 0.8 0.5 0.4 1 0.8
0.993718268349767 0.486453321553379 "experimento_4" 4 2000 1000 0.8 0.5 0.4 1 0.8
0.987873514648527 0.511786822836372 "experimento_4" 4 2000 1000 0.8 0.5 0.4 1 0.8
1.00570431841136 0.511071880419351 "experimento_4" 4 2000 1000 0.8 0.5 0.4 1 0.8
0.994258051970974 0.566346990942255 "experimento_4" 4 2000 1000 0.8 0.5 0.4 1 0.8
0.995139311533421 0.503124378494545 "experimento_4" 4 2000 1000 0.8 0.5 0.4 1 0.8
1.06408172659576 0.501882452028343 "experimento_4" 4 2000 1000 0.8 0.5 0.4 1 0.8
1.00056615466279 0.509988890520957 "experimento_4" 4 2000 1000 0.8 0.5 0.4 1 0.8
1.00792446911326 0.540885190615932 "experimento_4" 4 2000 1000 0.8 0.5 0.4 1 0.8
1.00332489499229 0.487532019813673 "experimento_4" 4 2000 1000 0.8 0.5 0.4 1 0.8
1.00156285148114 0.493463972861987 "experimento_4" 4 2000 1000 0.8 0.5 0.4 1 0.8
0.993347799172625 0.486291919606719 "experimento_4" 4 2000 1000 0.8 0.5 0.4 1 0.8
0.994559608865529 0.491103313028377 "experimento_4" 4 2000 1000 0.8 0.5 0.4 1 0.8
0.995354942046106 0.533332611408729 "experimento_4" 4 2000 1000 0.8 0.5 0.4 1 0.8
0.993242442375049 0.555585498426825 "experimento_4" 4 2000 1000 0.8 0.5 0.4 1 0.8
0.996444556862116 0.537617340678371 "experimento_4" 4 2000 1000 0.8 0.5 0.4 1 0.8
0.994979948038235 0.458531043137483 "experimento_4" 4 2000 1000 0.8 0.5 0.4 1 0.8
0.99922973010689 0.532256204437332 "experimento_4" 4 2000 1000 0.8 0.5 0.4 1 0.8
0.998521294910461 0.497000981030181 "experimento_4" 4 2000 1000 0.8 0.5 0.4 1 0.8
1.12985059563814 0.510835137328909 "experimento_4" 4 2000 1000 0.8 0.5 0.4 1 0.8
0.993265692610294 0.539289206925195 "experimento_4" 4 2000 1000 0.8 0.5 0.4 1 0.8
0.996733722276986 0.476880726581181 "experimento_4" 4 2000 1000 0.8 0.5 0.4 1 0.8
1.00120000102924 0.437800193832094 "experimento_4" 4 2000 1000 0.8 0.5 0.4 1 0.8
0.997495378367603 0.507256239309423 "experimento_4" 4 2000 1000 0.8 0.5 0.4 1 0.8
0.98827332817018 0.498154762847413 "experimento_4" 4 2000 1000 0.8 0.5 0.4 1 0.8
0.995779817691073 0.502762418470456 "experimento_4" 4 2000 1000 0.8 0.5 0.4 1 0.8
1.07664606692306 0.502490186679369 "experimento_4" 4 2000 1000 0.8 0.5 0.4 1 0.8
1.00635779285425 0.531015523526566 "experimento_4" 4 2000 1000 0.8 0.5 0.4 1 0.8
0.987671382958069 0.538883056889103 "experimento_4" 4 2000 1000 0.8 0.5 0.4 1 0.8
0.998342570615932 0.544048395632981 "experimento_4" 4 2000 1000 0.8 0.5 0.4 1 0.8
1.00047874450684 0.48530215438826 "experimento_4" 4 2000 1000 0.8 0.5 0.4 1 0.8
0.995465093757957 0.492464408692226 "experimento_4" 4 2000 1000 0.8 0.5 0.4 1 0.8
0.994136857101694 0.508013322449511 "experimento_4" 4 2000 1000 0.8 0.5 0.4 1 0.8
0.996236207894981 0.512541570093927 "experimento_4" 4 2000 1000 0.8 0.5 0.4 1 0.8
0.996700362069532 0.53250295270416 "experimento_4" 4 2000 1000 0.8 0.5 0.4 1 0.8
0.993609290570021 0.529574157858323 "experimento_4" 4 2000 1000 0.8 0.5 0.4 1 0.8
1.00987880118191 0.50853082555033 "experimento_4" 4 2000 1000 0.8 0.5 0.4 1 0.8
1.06853417586535 0.527849831917063 "experimento_4" 4 2000 1000 0.8 0.5 0.4 1 0.8
1.00238886933605 0.503611580633677 "experimento_4" 4 2000 1000 0.8 0.5 0.4 1 0.8
0.999761586077511 0.489641558617844 "experimento_4" 4 2000 1000 0.8 0.5 0.4 1 0.8
1.01231382937919 0.483033516967412 "experimento_4" 4 2000 1000 0.8 0.5 0.4 1 0.8
1.00749918659238 0.526059517588734 "experimento_4" 4 2000 1000 0.8 0.5 0.4 1 0.8
0.993872352642938 0.542214118125379 "experimento_4" 4 2000 1000 0.8 0.5 0.4 1 0.8
1.00672298297286 0.461277499517624 "experimento_4" 4 2000 1000 0.8 0.5 0.4 1 0.8
1.0002299323678 0.473743108542364 "experimento_4" 4 2000 1000 0.8 0.5 0.4 1 0.8
1.00065849096234 0.448653590619855 "experimento_4" 4 2000 1000 0.8 0.5 0.4 1 0.8
1.00176659133285 0.480278895928056 "experimento_4" 4 2000 1000 0.8 0.5 0.4 1 0.8
1.0034130429849 0.491929485642948 "experimento_4" 4 2000 1000 0.8 0.5 0.4 1 0.8
1.07649146180901 0.487338887581944 "experimento_4" 4 2000 1000 0.8 0.5 0.4 1 0.8
0.999474575277418 0.502598398511209 "experimento_4" 4 2000 1000 0.8 0.5 0.4 1 0.8
0.999534097732976 0.453897022980605 "experimento_4" 4 2000 1000 0.8 0.5 0.4 1 0.8
1.07322702488139 0.491225491825076 "experimento_4" 4 2000 1000 0.8 0.5 0.4 1 0.8
1.01944931782782 0.499479013895094 "experimento_4" 4 2000 1000 0.8 0.5 0.4 1 0.8
0.992147450102493 0.518290520160598 "experimento_4" 4 2000 1000 0.8 0.5 0.4 1 0.8
0.99411263410002 0.475940710463386 "experimento_4" 4 2000 1000 0.8 0.5 0.4 1 0.8
0.996007742127404 0.487012302082832 "experimento_4" 4 2000 1000 0.8 0.5 0.4 1 0.8
1.0626411798774 0.461735210836603 "experimento_4" 4 2000 1000 0.8 0.5 0.4 1 0.8
0.999649315606803 0.496753340299935 "experimento_4" 4 2000 1000 0.8 0.5 0.4 1 0.8
0.999686043476686 0.498849609043301 "experimento_4" 4 2000 1000 0.8 0.5 0.4 1 0.8
0.999068683944643 0.480843084184141 "experimento_4" 4 2000 1000 0.8 0.5 0.4 1 0.8
1.00710851233453 0.47589692739306 "experimento_4" 4 2000 1000 0.8 0.5 0.4 1 0.8
0.999176572542638 0.542468285563903 "experimento_4" 4 2000 1000 0.8 0.5 0.4 1 0.8
0.99899789900519 0.491966252866161 "experimento_4" 4 2000 1000 0.8 0.5 0.4 1 0.8
0.996206944575533 0.492594247871681 "experimento_4" 4 2000 1000 0.8 0.5 0.4 1 0.8
0.995257843984291 0.478011211750002 "experimento_4" 4 2000 1000 0.8 0.5 0.4 1 0.8
0.999904760159552 0.47562783187179 "experimento_4" 4 2000 1000 0.8 0.5 0.4 1 0.8
1.17909506543996 0.487597842193449 "experimento_4" 4 2000 1000 0.8 0.5 0.4 1 0.8
0.998610261129215 0.516952724518036 "experimento_4" 4 2000 1000 0.8 0.5 0.4 1 0.8
0.998981414129958 0.499265497355265 "experimento_4" 4 2000 1000 0.8 0.5 0.4 1 0.8
0.999025671277195 0.464439971814233 "experimento_4" 4 2000 1000 0.8 0.5 0.4 1 0.8
1.03086700849235 0.507475325001578 "experimento_4" 4 2000 1000 0.8 0.5 0.4 1 0.8
0.999322473071516 0.485604168087465 "experimento_4" 4 2000 1000 0.8 0.5 0.4 1 0.8
1.00218432367672 0.500633183302538 "experimento_4" 4 2000 1000 0.8 0.5 0.4 1 0.8
1.00057378876954 0.49039796840645 "experimento_4" 4 2000 1000 0.8 0.5 0.4 1 0.8
1.09209787659347 0.481588453386199 "experimento_4" 4 2000 1000 0.8 0.5 0.4 1 0.8
1.00070091336966 0.475352646794375 "experimento_4" 4 2000 1000 0.8 0.5 0.4 1 0.8
1.0001187661463 0.506699557859368 "experimento_4" 4 2000 1000 0.8 0.5 0.4 1 0.8
0.992456684587523 0.487166320683835 "experimento_4" 4 2000 1000 0.8 0.5 0.4 1 0.8
1.0051223160699 0.495087423200046 "experimento_4" 4 2000 1000 0.8 0.5 0.4 1 0.8
0.995218766620383 0.513087091006825 "experimento_4" 4 2000 1000 0.8 0.5 0.4 1 0.8
1.02257916051894 0.498995611787303 "experimento_4" 4 2000 1000 0.8 0.5 0.4 1 0.8
0.999257391318679 0.490575251428436 "experimento_4" 4 2000 1000 0.8 0.5 0.4 1 0.8
0.997653792612255 0.471000247547675 "experimento_4" 4 2000 1000 0.8 0.5 0.4 1 0.8
0.99576991260983 0.566878643120013 "experimento_4" 4 2000 1000 0.8 0.5 0.4 1 0.8
1.00158200412989 0.500885472883181 "experimento_4" 4 2000 1000 0.8 0.5 0.4 1 0.8
1.01860671769828 0.493652590825224 "experimento_4" 4 2000 1000 0.8 0.5 0.4 1 0.8
1.06353459600359 0.48380415333176 "experimento_4" 4 2000 1000 0.8 0.5 0.4 1 0.8
0.999555844813585 0.474158571332242 "experimento_4" 4 2000 1000 0.8 0.5 0.4 1 0.8
0.999803138896823 0.501473468616208 "experimento_4" 4 2000 1000 0.8 0.5 0.4 1 0.8
1.00374612156262 0.533133724697888 "experimento_4" 4 2000 1000 0.8 0.5 0.4 1 0.8
1.04686546232551 0.530430492263692 "experimento_4" 4 2000 1000 0.8 0.5 0.4 1 0.8
1.03842085134238 0.520400899929549 "experimento_4" 4 2000 1000 0.8 0.5 0.4 1 0.8
0.985502774361521 0.557846154513668 "experimento_4" 4 2000 1000 0.8 0.5 0.4 1 0.8
0.992723494535312 0.538387030069027 "experimento_4" 4 2000 1000 0.8 0.5 0.4 1 0.8
0.997357359854504 0.511808812666419 "experimento_4" 4 2000 1000 0.8 0.5 0.4 1 0.8
1.06145752221346 0.469507031561891 "experimento_4" 4 2000 1000 0.8 0.5 0.4 1 0.8
1.00314539255203 0.502933399780122 "experimento_4" 4 2000 1000 0.8 0.5 0.4 1 0.8
1.00196010378458 0.500429394922882 "experimento_4" 4 2000 1000 0.8 0.5 0.4 1 0.8
0.998391502536833 0.546831973250743 "experimento_4" 4 2000 1000 0.8 0.5 0.4 1 0.8
1.0789859611541 0.511816964804343 "experimento_4" 4 2000 1000 0.8 0.5 0.4 1 0.8
0.999992553610355 0.466153229959319 "experimento_4" 4 2000 1000 0.8 0.5 0.4 1 0.8
0.999203577870503 0.475149739776914 "experimento_4" 4 2000 1000 0.8 0.5 0.4 1 0.8
0.997902645962313 0.522070243316752 "experimento_4" 4 2000 1000 0.8 0.5 0.4 1 0.8
0.999332915060222 0.476399972738007 "experimento_4" 4 2000 1000 0.8 0.5 0.4 1 0.8
1.00257833445094 0.501523289379374 "experimento_4" 4 2000 1000 0.8 0.5 0.4 1 0.8
0.998881478328258 0.46821891239025 "experimento_4" 4 2000 1000 0.8 0.5 0.4 1 0.8
0.994664952391759 0.515590278239127 "experimento_4" 4 2000 1000 0.8 0.5 0.4 1 0.8
0.999753322452307 0.551506416225178 "experimento_4" 4 2000 1000 0.8 0.5 0.4 1 0.8
1.0650361350759 0.50061123801728 "experimento_4" 4 2000 1000 0.8 0.5 0.4 1 0.8
1.00593912134555 0.501913594459297 "experimento_4" 4 2000 1000 0.8 0.5 0.4 1 0.8
0.987605261616409 0.544802521202341 "experimento_4" 4 2000 1000 0.8 0.5 0.4 1 0.8
0.990688908146694 0.563511609645735 "experimento_4" 4 2000 1000 0.8 0.5 0.4 1 0.8
1.00756714493036 0.539346456425385 "experimento_4" 4 2000 1000 0.8 0.5 0.4 1 0.8
0.994597280165181 0.485615157522954 "experimento_4" 4 2000 1000 0.8 0.5 0.4 1 0.8
0.983581798616797 0.507159717880221 "experimento_4" 4 2000 1000 0.8 0.5 0.4 1 0.8
1.00514274928719 0.509621392944622 "experimento_4" 4 2000 1000 0.8 0.5 0.4 1 0.8
0.999638496898115 0.516369539244483 "experimento_4" 4 2000 1000 0.8 0.5 0.4 1 0.8
0.99921267083846 0.507701793286156 "experimento_4" 4 2000 1000 0.8 0.5 0.4 1 0.8
0.999651820398867 0.5035147380122 "experimento_4" 4 2000 1000 0.8 0.5 0.4 1 0.8
1.02121657885167 0.480251287824222 "experimento_4" 4 2000 1000 0.8 0.5 0.4 1 0.8
1.01259507401226 0.484140447105606 "experimento_4" 4 2000 1000 0.8 0.5 0.4 1 0.8
0.999970471486449 0.502386452670455 "experimento_4" 4 2000 1000 0.8 0.5 0.4 1 0.8
1.00145009998232 0.507660186643552 "experimento_4" 4 2000 1000 0.8 0.5 0.4 1 0.8
1.06087861582637 0.511992719757121 "experimento_4" 4 2000 1000 0.8 0.5 0.4 1 0.8
0.989197781542316 0.542697181349878 "experimento_4" 4 2000 1000 0.8 0.5 0.4 1 0.8
1.01236613422797 0.472075769155247 "experimento_4" 4 2000 1000 0.8 0.5 0.4 1 0.8
1.03912914023717 0.453539979258782 "experimento_4" 4 2000 1000 0.8 0.5 0.4 1 0.8
1.01347764801148 0.467545184311796 "experimento_4" 4 2000 1000 0.8 0.5 0.4 1 0.8
0.99817753653042 0.491519997654222 "experimento_4" 4 2000 1000 0.8 0.5 0.4 1 0.8
1.85471474658698 0.427936687181469 "experimento_4" 4 2000 1000 0.8 0.5 0.4 1 0.8
0.996576067758724 0.481479957647686 "experimento_4" 4 2000 1000 0.8 0.5 0.4 1 0.8
1.00017848797143 0.499826955120489 "experimento_4" 4 2000 1000 0.8 0.5 0.4 1 0.8
0.999739261809736 0.52594247662045 "experimento_4" 4 2000 1000 0.8 0.5 0.4 1 0.8
1.2128115248283 0.511706657033908 "experimento_4" 4 2000 1000 0.8 0.5 0.4 1 0.8
0.995336883002892 0.508998553092174 "experimento_4" 4 2000 1000 0.8 0.5 0.4 1 0.8
0.994076423812658 0.54700323564188 "experimento_4" 4 2000 1000 0.8 0.5 0.4 1 0.8
1.00158947799355 0.517832291253169 "experimento_4" 4 2000 1000 0.8 0.5 0.4 1 0.8
1.01469405488621 0.498109548619282 "experimento_4" 4 2000 1000 0.8 0.5 0.4 1 0.8
0.998082650126889 0.525481149224949 "experimento_4" 4 2000 1000 0.8 0.5 0.4 1 0.8
0.998788380529732 0.470755119502825 "experimento_4" 4 2000 1000 0.8 0.5 0.4 1 0.8
0.998014864977449 0.529897154356464 "experimento_4" 4 2000 1000 0.8 0.5 0.4 1 0.8
1.00330317392945 0.503749310018336 "experimento_4" 4 2000 1000 0.8 0.5 0.4 1 0.8
0.993287625256926 0.517309453367054 "experimento_4" 4 2000 1000 0.8 0.5 0.4 1 0.8
1.06625705559159 0.46874587386592 "experimento_4" 4 2000 1000 0.8 0.5 0.4 1 0.8
0.999539733864367 0.485167570653049 "experimento_4" 4 2000 1000 0.8 0.5 0.4 1 0.8
0.990963948424906 0.572155412595067 "experimento_4" 4 2000 1000 0.8 0.5 0.4 1 0.8
0.998473779531196 0.488350413568165 "experimento_4" 4 2000 1000 0.8 0.5 0.4 1 0.8
0.999319553608075 0.500221473728989 "experimento_4" 4 2000 1000 0.8 0.5 0.4 1 0.8
1.00298152969697 0.514621493838692 "experimento_4" 4 2000 1000 0.8 0.5 0.4 1 0.8
0.998710308922455 0.51138589118426 "experimento_4" 4 2000 1000 0.8 0.5 0.4 1 0.8
1.00547457008369 0.487264478828106 "experimento_4" 4 2000 1000 0.8 0.5 0.4 1 0.8
1.00124842394143 0.522470345511784 "experimento_4" 4 2000 1000 0.8 0.5 0.4 1 0.8
1.00296139065176 0.519250849798026 "experimento_4" 4 2000 1000 0.8 0.5 0.4 1 0.8
0.999965063529089 0.521417893459256 "experimento_4" 4 2000 1000 0.8 0.5 0.4 1 0.8
0.999628935707733 0.493080466919864 "experimento_4" 4 2000 1000 0.8 0.5 0.4 1 0.8
1.17811476388367 0.496508948451585 "experimento_4" 4 2000 1000 0.8 0.5 0.4 1 0.8
0.999890247127041 0.52875337095735 "experimento_4" 4 2000 1000 0.8 0.5 0.4 1 0.8
0.998083322774619 0.460184196417489 "experimento_4" 4 2000 1000 0.8 0.5 0.4 1 0.8
0.998297781450674 0.504586398075033 "experimento_4" 4 2000 1000 0.8 0.5 0.4 1 0.8
0.985326248221099 0.506978254646509 "experimento_4" 4 2000 1000 0.8 0.5 0.4 1 0.8
1.21420314349234 0.479526368565808 "experimento_4" 4 2000 1000 0.8 0.5 0.4 1 0.8
0.994982355972752 0.493148181179646 "experimento_4" 4 2000 1000 0.8 0.5 0.4 1 0.8
0.987901813583449 0.475083867128748 "experimento_4" 4 2000 1000 0.8 0.5 0.4 1 0.8
1.11714442633092 0.448330034634281 "experimento_4" 4 2000 1000 0.8 0.5 0.4 1 0.8
0.996639665681869 0.514337079787316 "experimento_4" 4 2000 1000 0.8 0.5 0.4 1 0.8
0.986813767813146 0.549046220535066 "experimento_4" 4 2000 1000 0.8 0.5 0.4 1 0.8
1.00691300458442 0.500933990662472 "experimento_4" 4 2000 1000 0.8 0.5 0.4 1 0.8
1.00331159388883 0.472852439983365 "experimento_4" 4 2000 1000 0.8 0.5 0.4 1 0.8
0.993244289420545 0.492281433578887 "experimento_4" 4 2000 1000 0.8 0.5 0.4 1 0.8
0.999990809476003 0.556612647750142 "experimento_4" 4 2000 1000 0.8 0.5 0.4 1 0.8
0.99894763273187 0.529249528073025 "experimento_4" 4 2000 1000 0.8 0.5 0.4 1 0.8
1.01626305188984 0.495711414180907 "experimento_4" 4 2000 1000 0.8 0.5 0.4 1 0.8
1.01404311973602 0.502434056636572 "experimento_4" 4 2000 1000 0.8 0.5 0.4 1 0.8
0.997720499755815 0.504814402152235 "experimento_4" 4 2000 1000 0.8 0.5 0.4 1 0.8
1.01552973821097 0.463821211332694 "experimento_4" 4 2000 1000 0.8 0.5 0.4 1 0.8
0.99995569512248 0.497409950653356 "experimento_4" 4 2000 1000 0.8 0.5 0.4 1 0.8
0.994758809218183 0.559607607223756 "experimento_4" 4 2000 1000 0.8 0.5 0.4 1 0.8
0.997688668547198 0.467682657493129 "experimento_4" 4 2000 1000 0.8 0.5 0.4 1 0.8
1.00061137229204 0.527283668206348 "experimento_4" 4 2000 1000 0.8 0.5 0.4 1 0.8
0.992155763320625 0.518262127300536 "experimento_4" 4 2000 1000 0.8 0.5 0.4 1 0.8
0.985211068764329 0.515834505139139 "experimento_4" 4 2000 1000 0.8 0.5 0.4 1 0.8
0.98916112142615 0.467146641888693 "experimento_4" 4 2000 1000 0.8 0.5 0.4 1 0.8
0.99983920273371 0.524856549302723 "experimento_4" 4 2000 1000 0.8 0.5 0.4 1 0.8
0.990523600950837 0.517100110696007 "experimento_4" 4 2000 1000 0.8 0.5 0.4 1 0.8
1.04300544690341 0.51544773340994 "experimento_4" 4 2000 1000 0.8 0.5 0.4 1 0.8
1.37177123080648 0.445605218304619 "experimento_4" 4 2000 1000 0.8 0.5 0.4 1 0.8
0.998690195381641 0.488797347527538 "experimento_4" 4 2000 1000 0.8 0.5 0.4 1 0.8
1.02520516049117 0.559077692758407 "experimento_4" 4 2000 1000 0.8 0.5 0.4 1 0.8
0.999338539550081 0.500695931679922 "experimento_4" 4 2000 1000 0.8 0.5 0.4 1 0.8
0.988630595384166 0.487805045142288 "experimento_4" 4 2000 1000 0.8 0.5 0.4 1 0.8
0.999893879750744 0.51099703811183 "experimento_4" 4 2000 1000 0.8 0.5 0.4 1 0.8
0.995723879430443 0.486186408347472 "experimento_4" 4 2000 1000 0.8 0.5 0.4 1 0.8
0.983210893347859 0.516098138270897 "experimento_4" 4 2000 1000 0.8 0.5 0.4 1 0.8
1.0019827671349 0.511392095268631 "experimento_4" 4 2000 1000 0.8 0.5 0.4 1 0.8
0.998042900348082 0.494460773278617 "experimento_4" 4 2000 1000 0.8 0.5 0.4 1 0.8
0.997658525593579 0.511116694754149 "experimento_4" 4 2000 1000 0.8 0.5 0.4 1 0.8
1.03936706110835 0.472579210155028 "experimento_4" 4 2000 1000 0.8 0.5 0.4 1 0.8
0.987279393943027 0.465012250492963 "experimento_4" 4 2000 1000 0.8 0.5 0.4 1 0.8
1.11699047690987 0.460636228248571 "experimento_4" 4 2000 1000 0.8 0.5 0.4 1 0.8
1.00922889541835 0.49797993368892 "experimento_4" 4 2000 1000 0.8 0.5 0.4 1 0.8
0.999302388867363 0.482007126883749 "experimento_4" 4 2000 1000 0.8 0.5 0.4 1 0.8
1.07444389590197 0.474155210036023 "experimento_4" 4 2000 1000 0.8 0.5 0.4 1 0.8
0.999491892522201 0.479733689256287 "experimento_4" 4 2000 1000 0.8 0.5 0.4 1 0.8
0.989453363232315 0.49845263916112 "experimento_4" 4 2000 1000 0.8 0.5 0.4 1 0.8
0.994089754996821 0.535431932913132 "experimento_4" 4 2000 1000 0.8 0.5 0.4 1 0.8
1.00812120642513 0.469828250731151 "experimento_4" 4 2000 1000 0.8 0.5 0.4 1 0.8
1.00024482794106 0.481812544035961 "experimento_4" 4 2000 1000 0.8 0.5 0.4 1 0.8
1.03475914950747 0.508335142087105 "experimento_4" 4 2000 1000 0.8 0.5 0.4 1 0.8
1.07645193549613 0.531453376214536 "experimento_4" 4 2000 1000 0.8 0.5 0.4 1 0.8
0.998321974882856 0.519740204696705 "experimento_4" 4 2000 1000 0.8 0.5 0.4 1 0.8
0.986338179558516 0.532352311031637 "experimento_4" 4 2000 1000 0.8 0.5 0.4 1 0.8
0.999037846224383 0.462763526597161 "experimento_4" 4 2000 1000 0.8 0.5 0.4 1 0.8
0.986073180800304 0.485773784906696 "experimento_4" 4 2000 1000 0.8 0.5 0.4 1 0.8
1.0111005846411 0.525123759599885 "experimento_4" 4 2000 1000 0.8 0.5 0.4 1 0.8
0.990972325205803 0.569071459863624 "experimento_4" 4 2000 1000 0.8 0.5 0.4 1 0.8
1.04963678773493 0.535401451632137 "experimento_4" 4 2000 1000 0.8 0.5 0.4 1 0.8
0.997722385451198 0.506694361777125 "experimento_4" 4 2000 1000 0.8 0.5 0.4 1 0.8
0.985672030597925 0.521567116170625 "experimento_4" 4 2000 1000 0.8 0.5 0.4 1 0.8
0.992749503813684 0.52016336624106 "experimento_4" 4 2000 1000 0.8 0.5 0.4 1 0.8
0.997123017441481 0.482355048867655 "experimento_4" 4 2000 1000 0.8 0.5 0.4 1 0.8
0.995277286041528 0.537528260129834 "experimento_4" 4 2000 1000 0.8 0.5 0.4 1 0.8
0.980700143845752 0.581662303606479 "experimento_4" 4 2000 1000 0.8 0.5 0.4 1 0.8
0.999654766637832 0.509628809528678 "experimento_4" 4 2000 1000 0.8 0.5 0.4 1 0.8
0.999268201645464 0.518020923023691 "experimento_4" 4 2000 1000 0.8 0.5 0.4 1 0.8
1.00398816168308 0.518835562486491 "experimento_4" 4 2000 1000 0.8 0.5 0.4 1 0.8
0.997277442133054 0.496956265348358 "experimento_4" 4 2000 1000 0.8 0.5 0.4 1 0.8
1.00741877122404 0.458017248157168 "experimento_4" 4 2000 1000 0.8 0.5 0.4 1 0.8
0.997456744778901 0.515869958680538 "experimento_4" 4 2000 1000 0.8 0.5 0.4 1 0.8
0.991762139834464 0.525257711431668 "experimento_4" 4 2000 1000 0.8 0.5 0.4 1 0.8
0.987152203684673 0.515879390400883 "experimento_4" 4 2000 1000 0.8 0.5 0.4 1 0.8
0.995721332030371 0.489835752614072 "experimento_4" 4 2000 1000 0.8 0.5 0.4 1 0.8
0.992677858099341 0.49985972838979 "experimento_4" 4 2000 1000 0.8 0.5 0.4 1 0.8
0.993000097339973 0.532622904049207 "experimento_4" 4 2000 1000 0.8 0.5 0.4 1 0.8
0.999236924108118 0.503323744089718 "experimento_4" 4 2000 1000 0.8 0.5 0.4 1 0.8
0.994002977153286 0.503867943826704 "experimento_4" 4 2000 1000 0.8 0.5 0.4 1 0.8
0.99677125713788 0.499911789850039 "experimento_4" 4 2000 1000 0.8 0.5 0.4 1 0.8
0.99977621762082 0.47734274731217 "experimento_4" 4 2000 1000 0.8 0.5 0.4 1 0.8
0.995735327946022 0.551165345809074 "experimento_4" 4 2000 1000 0.8 0.5 0.4 1 0.8
0.988627259852365 0.539528048292577 "experimento_4" 4 2000 1000 0.8 0.5 0.4 1 0.8
0.999829256208614 0.489310030157016 "experimento_4" 4 2000 1000 0.8 0.5 0.4 1 0.8
0.991897908039391 0.513301097725423 "experimento_4" 4 2000 1000 0.8 0.5 0.4 1 0.8
0.999702088302001 0.479117686331102 "experimento_4" 4 2000 1000 0.8 0.5 0.4 1 0.8
1.0073561007157 0.51775696319669 "experimento_4" 4 2000 1000 0.8 0.5 0.4 1 0.8
0.999383768765256 0.431885389802884 "experimento_4" 4 2000 1000 0.8 0.5 0.4 1 0.8
0.994242127984762 0.54211959036227 "experimento_4" 4 2000 1000 0.8 0.5 0.4 1 0.8
0.997080006171018 0.468127436835651 "experimento_4" 4 2000 1000 0.8 0.5 0.4 1 0.8
0.99005311424844 0.538994402061637 "experimento_4" 4 2000 1000 0.8 0.5 0.4 1 0.8
0.999809931963682 0.526331588143787 "experimento_4" 4 2000 1000 0.8 0.5 0.4 1 0.8
0.996128907892853 0.4870471248039 "experimento_4" 4 2000 1000 0.8 0.5 0.4 1 0.8
1.00200483995722 0.526491135395356 "experimento_4" 4 2000 1000 0.8 0.5 0.4 1 0.8
0.994140965864062 0.547437495083197 "experimento_4" 4 2000 1000 0.8 0.5 0.4 1 0.8
0.996460848953575 0.490400926371312 "experimento_4" 4 2000 1000 0.8 0.5 0.4 1 0.8
0.991193010471761 0.504065805218789 "experimento_4" 4 2000 1000 0.8 0.5 0.4 1 0.8
0.996719132643193 0.493023427884336 "experimento_4" 4 2000 1000 0.8 0.5 0.4 1 0.8
1.12078319736124 0.474465502879992 "experimento_4" 4 2000 1000 0.8 0.5 0.4 1 0.8
0.99281143117696 0.537789800322226 "experimento_4" 4 2000 1000 0.8 0.5 0.4 1 0.8
1.11697086109876 0.472169161581279 "experimento_4" 4 2000 1000 0.8 0.5 0.4 1 0.8
1.0074758643926 0.504765306686935 "experimento_4" 4 2000 1000 0.8 0.5 0.4 1 0.8
0.999442782253027 0.513658866277059 "experimento_4" 4 2000 1000 0.8 0.5 0.4 1 0.8
0.992638557450846 0.478503391996993 "experimento_4" 4 2000 1000 0.8 0.5 0.4 1 0.8
1.00157566275448 0.512961608905946 "experimento_4" 4 2000 1000 0.8 0.5 0.4 1 0.8
1.16885259735107 0.537555051392467 "experimento_4" 4 2000 1000 0.8 0.5 0.4 1 0.8
0.997592895291746 0.535508322944635 "experimento_4" 4 2000 1000 0.8 0.5 0.4 1 0.8
0.994610263733193 0.5217057540104 "experimento_4" 4 2000 1000 0.8 0.5 0.4 1 0.8
0.991046046139672 0.536616027587338 "experimento_4" 4 2000 1000 0.8 0.5 0.4 1 0.8
0.998440090566874 0.473276031464775 "experimento_4" 4 2000 1000 0.8 0.5 0.4 1 0.8
0.993651624768972 0.496270418878694 "experimento_4" 4 2000 1000 0.8 0.5 0.4 1 0.8
1.00996551309315 0.484030875455068 "experimento_4" 4 2000 1000 0.8 0.5 0.4 1 0.8
0.997515051625669 0.533608387852029 "experimento_4" 4 2000 1000 0.8 0.5 0.4 1 0.8
0.994938059477136 0.557145418381758 "experimento_4" 4 2000 1000 0.8 0.5 0.4 1 0.8
0.989904216723517 0.578544307009055 "experimento_4" 4 2000 1000 0.8 0.5 0.4 1 0.8
0.993122968357056 0.545887256200941 "experimento_4" 4 2000 1000 0.8 0.5 0.4 1 0.8
0.992786393966526 0.462074218112436 "experimento_4" 4 2000 1000 0.8 0.5 0.4 1 0.8
0.996195514919236 0.550640307831552 "experimento_4" 4 2000 1000 0.8 0.5 0.4 1 0.8
0.996827544178814 0.465433734905687 "experimento_4" 4 2000 1000 0.8 0.5 0.4 1 0.8
0.998898705234751 0.483712806126975 "experimento_4" 4 2000 1000 0.8 0.5 0.4 1 0.8
0.999433105112985 0.551231617319947 "experimento_4" 4 2000 1000 0.8 0.5 0.4 1 0.8
1.11588376145206 0.490746911420415 "experimento_4" 4 2000 1000 0.8 0.5 0.4 1 0.8
0.997842258773744 0.527405294527988 "experimento_4" 4 2000 1000 0.8 0.5 0.4 1 0.8
1.00088346872268 0.510032453537141 "experimento_4" 4 2000 1000 0.8 0.5 0.4 1 0.8
1.0004162741825 0.506799838132526 "experimento_4" 4 2000 1000 0.8 0.5 0.4 1 0.8
1.00179620552808 0.50107836620228 "experimento_4" 4 2000 1000 0.8 0.5 0.4 1 0.8
0.992816040525213 0.508806442371075 "experimento_4" 4 2000 1000 0.8 0.5 0.4 1 0.8
0.998677030671388 0.476113756136416 "experimento_4" 4 2000 1000 0.8 0.5 0.4 1 0.8
0.998208292759955 0.486260478590681 "experimento_4" 4 2000 1000 0.8 0.5 0.4 1 0.8
1.01193676832094 0.501296374194559 "experimento_4" 4 2000 1000 0.8 0.5 0.4 1 0.8
0.998201775364578 0.539494173419412 "experimento_4" 4 2000 1000 0.8 0.5 0.4 1 0.8
0.989267418859527 0.518443819600928 "experimento_4" 4 2000 1000 0.8 0.5 0.4 1 0.8
0.999657636508346 0.510683149733642 "experimento_4" 4 2000 1000 0.8 0.5 0.4 1 0.8
0.996499962173402 0.497559957866643 "experimento_4" 4 2000 1000 0.8 0.5 0.4 1 0.8
0.997626434778795 0.530813918644505 "experimento_4" 4 2000 1000 0.8 0.5 0.4 1 0.8
0.988965254276991 0.528835478192712 "experimento_4" 4 2000 1000 0.8 0.5 0.4 1 0.8
0.99667369807139 0.501537918027914 "experimento_4" 4 2000 1000 0.8 0.5 0.4 1 0.8
0.999437125166878 0.512280990452335 "experimento_4" 4 2000 1000 0.8 0.5 0.4 1 0.8
0.999509709188715 0.513531017822114 "experimento_4" 4 2000 1000 0.8 0.5 0.4 1 0.8
0.981017971644178 0.54827929999296 "experimento_4" 4 2000 1000 0.8 0.5 0.4 1 0.8
1.84357080142945 0.448706834091865 "experimento_4" 4 2000 1000 0.8 0.5 0.4 1 0.8
0.999223396414891 0.535510313807278 "experimento_4" 4 2000 1000 0.8 0.5 0.4 1 0.8
0.99756591883488 0.511052315452385 "experimento_4" 4 2000 1000 0.8 0.5 0.4 1 0.8
0.989886848721653 0.46627785532986 "experimento_4" 4 2000 1000 0.8 0.5 0.4 1 0.8
0.99587270244956 0.505391047440606 "experimento_4" 4 2000 1000 0.8 0.5 0.4 1 0.8
0.992795846192166 0.532403606606384 "experimento_4" 4 2000 1000 0.8 0.5 0.4 1 0.8
1.03527490328997 0.481560824309117 "experimento_4" 4 2000 1000 0.8 0.5 0.4 1 0.8
0.998683909187093 0.495087523265452 "experimento_4" 4 2000 1000 0.8 0.5 0.4 1 0.8
0.999553104862571 0.522631543201725 "experimento_4" 4 2000 1000 0.8 0.5 0.4 1 0.8
0.995306147960946 0.475513800604178 "experimento_4" 4 2000 1000 0.8 0.5 0.4 1 0.8
0.999224969884381 0.523084448551354 "experimento_4" 4 2000 1000 0.8 0.5 0.4 1 0.8
0.999957538209856 0.496714201888558 "experimento_4" 4 2000 1000 0.8 0.5 0.4 1 0.8
0.999798256438226 0.487312042447706 "experimento_4" 4 2000 1000 0.8 0.5 0.4 1 0.8
0.992527999216691 0.484543489816455 "experimento_4" 4 2000 1000 0.8 0.5 0.4 1 0.8
1.25137254968286 0.49437326205579 "experimento_4" 4 2000 1000 0.8 0.5 0.4 1 0.8
1.00088719124995 0.482325953625364 "experimento_4" 4 2000 1000 0.8 0.5 0.4 1 0.8
0.999800707679242 0.47551089576288 "experimento_4" 4 2000 1000 0.8 0.5 0.4 1 0.8
0.998170689912513 0.491558753571983 "experimento_4" 4 2000 1000 0.8 0.5 0.4 1 0.8
0.989418838405982 0.511648874662963 "experimento_4" 4 2000 1000 0.8 0.5 0.4 1 0.8
0.993779490701854 0.55192493963739 "experimento_4" 4 2000 1000 0.8 0.5 0.4 1 0.8
1.09356506212204 0.487827167003011 "experimento_4" 4 2000 1000 0.8 0.5 0.4 1 0.8
0.998823585221544 0.522266432005238 "experimento_4" 4 2000 1000 0.8 0.5 0.4 1 0.8
0.995931288925931 0.547668740830113 "experimento_4" 4 2000 1000 0.8 0.5 0.4 1 0.8
0.997378942556679 0.493258105238938 "experimento_4" 4 2000 1000 0.8 0.5 0.4 1 0.8
0.998267575632781 0.491574816178949 "experimento_4" 4 2000 1000 0.8 0.5 0.4 1 0.8
0.997184643289074 0.484164454252876 "experimento_4" 4 2000 1000 0.8 0.5 0.4 1 0.8
0.999367179814726 0.469189104549012 "experimento_4" 4 2000 1000 0.8 0.5 0.4 1 0.8
0.998182341223583 0.52040570074126 "experimento_4" 4 2000 1000 0.8 0.5 0.4 1 0.8
0.999604552751407 0.482500489863546 "experimento_4" 4 2000 1000 0.8 0.5 0.4 1 0.8
0.999999952269718 0.459660895067583 "experimento_4" 4 2000 1000 0.8 0.5 0.4 1 0.8
0.999673577956855 0.503169242711427 "experimento_4" 4 2000 1000 0.8 0.5 0.4 1 0.8
1.03498362890814 0.493408420932886 "experimento_4" 4 2000 1000 0.8 0.5 0.4 1 0.8
0.987538352841511 0.52622169656545 "experimento_4" 4 2000 1000 0.8 0.5 0.4 1 0.8
0.996345776133239 0.524410130156541 "experimento_4" 4 2000 1000 0.8 0.5 0.4 1 0.8
0.997947664465755 0.488937440002834 "experimento_4" 4 2000 1000 0.8 0.5 0.4 1 0.8
1.00907758809626 0.501965352286939 "experimento_4" 4 2000 1000 0.8 0.5 0.4 1 0.8
1.0018075050201 0.532370922271471 "experimento_4" 4 2000 1000 0.8 0.5 0.4 1 0.8
0.992435110500082 0.502026219450709 "experimento_4" 4 2000 1000 0.8 0.5 0.4 1 0.8
0.992662648903206 0.519657635482268 "experimento_4" 4 2000 1000 0.8 0.5 0.4 1 0.8
0.991388720925897 0.533538139942566 "experimento_4" 4 2000 1000 0.8 0.5 0.4 1 0.8
1.00834078890657 0.560084510723757 "experimento_4" 4 2000 1000 0.8 0.5 0.4 1 0.8
0.996861641295254 0.466459309988298 "experimento_4" 4 2000 1000 0.8 0.5 0.4 1 0.8
0.999163404805586 0.487122778519548 "experimento_4" 4 2000 1000 0.8 0.5 0.4 1 0.8
0.992125656455755 0.545449453671586 "experimento_4" 4 2000 1000 0.8 0.5 0.4 1 0.8
1.03125522658229 0.518733445920043 "experimento_4" 4 2000 1000 0.8 0.5 0.4 1 0.8
0.998938664328307 0.480755562247747 "experimento_4" 4 2000 1000 0.8 0.5 0.4 1 0.8
0.994922426296398 0.482416572086485 "experimento_4" 4 2000 1000 0.8 0.5 0.4 1 0.8
0.99990777252242 0.533142443912765 "experimento_4" 4 2000 1000 0.8 0.5 0.4 1 0.8
0.985772585263476 0.514555718381976 "experimento_4" 4 2000 1000 0.8 0.5 0.4 1 0.8
1.26404623035342 0.459680765276924 "experimento_4" 4 2000 1000 0.8 0.5 0.4 1 0.8
0.992233524564654 0.532318420812652 "experimento_4" 4 2000 1000 0.8 0.5 0.4 1 0.8
1.03240851571985 0.48852797911536 "experimento_4" 4 2000 1000 0.8 0.5 0.4 1 0.8
0.991231697145849 0.472164601982519 "experimento_4" 4 2000 1000 0.8 0.5 0.4 1 0.8
0.999929918907583 0.472575456525646 "experimento_4" 4 2000 1000 0.8 0.5 0.4 1 0.8
0.988586194580421 0.451545033675909 "experimento_4" 4 2000 1000 0.8 0.5 0.4 1 0.8
1.00833389546906 0.485063007481171 "experimento_4" 4 2000 1000 0.8 0.5 0.4 1 0.8
0.997988980496302 0.467127697679487 "experimento_4" 4 2000 1000 0.8 0.5 0.4 1 0.8
0.996184495277703 0.493220917950542 "experimento_4" 4 2000 1000 0.8 0.5 0.4 1 0.8
1.00630374252796 0.487612960996024 "experimento_4" 4 2000 1000 0.8 0.5 0.4 1 0.8
1.02054185763172 0.490613356211016 "experimento_4" 4 2000 1000 0.8 0.5 0.4 1 0.8
0.991020322078839 0.521753506583743 "experimento_4" 4 2000 1000 0.8 0.5 0.4 1 0.8
0.997228607302532 0.469847269286867 "experimento_4" 4 2000 1000 0.8 0.5 0.4 1 0.8
1.00300885085016 0.486075373654932 "experimento_4" 4 2000 1000 0.8 0.5 0.4 1 0.8
0.995944090653211 0.491865587096288 "experimento_4" 4 2000 1000 0.8 0.5 0.4 1 0.8
0.999500615987927 0.52407764901797 "experimento_4" 4 2000 1000 0.8 0.5 0.4 1 0.8
1.0056996546815 0.532175162036674 "experimento_4" 4 2000 1000 0.8 0.5 0.4 1 0.8
0.992274924181402 0.53265185689726 "experimento_4" 4 2000 1000 0.8 0.5 0.4 1 0.8
1.12434190325439 0.47828797319268 "experimento_4" 4 2000 1000 0.8 0.5 0.4 1 0.8
0.996546808397397 0.478029717898098 "experimento_4" 4 2000 1000 0.8 0.5 0.4 1 0.8
1.00473476015031 0.545261677502614 "experimento_4" 4 2000 1000 0.8 0.5 0.4 1 0.8
1.00207334477454 0.501127732683633 "experimento_4" 4 2000 1000 0.8 0.5 0.4 1 0.8
1.00775271642413 0.516290434886893 "experimento_4" 4 2000 1000 0.8 0.5 0.4 1 0.8
1.00311323415121 0.525186145169853 "experimento_4" 4 2000 1000 0.8 0.5 0.4 1 0.8
0.990362064680085 0.474758249200291 "experimento_4" 4 2000 1000 0.8 0.5 0.4 1 0.8
0.999483548803255 0.500471468554747 "experimento_4" 4 2000 1000 0.8 0.5 0.4 1 0.8
0.998222334776074 0.499354166685207 "experimento_4" 4 2000 1000 0.8 0.5 0.4 1 0.8
0.995643263682723 0.511641099222875 "experimento_4" 4 2000 1000 0.8 0.5 0.4 1 0.8
0.996766198659316 0.515498810950566 "experimento_4" 4 2000 1000 0.8 0.5 0.4 1 0.8
1.57291471213102 0.486652711474675 "experimento_4" 4 2000 1000 0.8 0.5 0.4 1 0.8
1.00578382549983 0.499072106578853 "experimento_4" 4 2000 1000 0.8 0.5 0.4 1 0.8
0.996631823014468 0.503309275980151 "experimento_4" 4 2000 1000 0.8 0.5 0.4 1 0.8
0.998835309175774 0.520447372763907 "experimento_4" 4 2000 1000 0.8 0.5 0.4 1 0.8
0.994797849562019 0.489982066836395 "experimento_4" 4 2000 1000 0.8 0.5 0.4 1 0.8
0.998871433082968 0.475479441712772 "experimento_4" 4 2000 1000 0.8 0.5 0.4 1 0.8
1.11847052863927 0.468672432853409 "experimento_4" 4 2000 1000 0.8 0.5 0.4 1 0.8
1.02980174869299 0.505605677737327 "experimento_4" 4 2000 1000 0.8 0.5 0.4 1 0.8
0.999851521803066 0.50394133171944 "experimento_4" 4 2000 1000 0.8 0.5 0.4 1 0.8
0.993392559932545 0.531340402614091 "experimento_4" 4 2000 1000 0.8 0.5 0.4 1 0.8
0.999177467310801 0.469436388550019 "experimento_4" 4 2000 1000 0.8 0.5 0.4 1 0.8
0.999594621127471 0.539745974848522 "experimento_4" 4 2000 1000 0.8 0.5 0.4 1 0.8
1.00100877939017 0.553877020988291 "experimento_4" 4 2000 1000 0.8 0.5 0.4 1 0.8
0.99710980639793 0.522673796479804 "experimento_4" 4 2000 1000 0.8 0.5 0.4 1 0.8
0.987885648850352 0.519434220028364 "experimento_4" 4 2000 1000 0.8 0.5 0.4 1 0.8
1.00743540365533 0.537536754644163 "experimento_4" 4 2000 1000 0.8 0.5 0.4 1 0.8
0.995400602929294 0.52869176135235 "experimento_4" 4 2000 1000 0.8 0.5 0.4 1 0.8
0.986330059356987 0.478602388236802 "experimento_4" 4 2000 1000 0.8 0.5 0.4 1 0.8
1.00963514969182 0.487290932801656 "experimento_4" 4 2000 1000 0.8 0.5 0.4 1 0.8
0.99334885715507 0.534698324816019 "experimento_4" 4 2000 1000 0.8 0.5 0.4 1 0.8
0.9940586744342 0.534139956372131 "experimento_4" 4 2000 1000 0.8 0.5 0.4 1 0.8
1.3523930311203 0.458855921749254 "experimento_4" 4 2000 1000 0.8 0.5 0.4 1 0.8
0.986841357080266 0.517477490342581 "experimento_4" 4 2000 1000 0.8 0.5 0.4 1 0.8
0.99912678799592 0.474454027443624 "experimento_4" 4 2000 1000 0.8 0.5 0.4 1 0.8
0.999746241141111 0.498092952770305 "experimento_4" 4 2000 1000 0.8 0.5 0.4 1 0.8
0.994453174527735 0.5401820132387 "experimento_4" 4 2000 1000 0.8 0.5 0.4 1 0.8
0.995846635196358 0.507809190277444 "experimento_4" 4 2000 1000 0.8 0.5 0.4 1 0.8
0.993363458663225 0.534559450476414 "experimento_4" 4 2000 1000 0.8 0.5 0.4 1 0.8
1.00075298454612 0.553173223633042 "experimento_4" 4 2000 1000 0.8 0.5 0.4 1 0.8
0.994162401650101 0.532129406003344 "experimento_4" 4 2000 1000 0.8 0.5 0.4 1 0.8
0.993058549705893 0.480537069672705 "experimento_4" 4 2000 1000 0.8 0.5 0.4 1 0.8
1.00471809883397 0.536429803405156 "experimento_4" 4 2000 1000 0.8 0.5 0.4 1 0.8
1.08330254536122 0.49211801070897 "experimento_4" 4 2000 1000 0.8 0.5 0.4 1 0.8
0.997295898618177 0.523790524199575 "experimento_4" 4 2000 1000 0.8 0.5 0.4 1 0.8
0.989576284540817 0.550442830455003 "experimento_4" 4 2000 1000 0.8 0.5 0.4 1 0.8
1.01784197474149 0.49246223620383 "experimento_4" 4 2000 1000 0.8 0.5 0.4 1 0.8
0.999465044587851 0.504886256028744 "experimento_4" 4 2000 1000 0.8 0.5 0.4 1 0.8
1.21316482871771 0.513993703117452 "experimento_4" 4 2000 1000 0.8 0.5 0.4 1 0.8
0.991347800707445 0.590594794374711 "experimento_4" 4 2000 1000 0.8 0.5 0.4 1 0.8
0.999738059006631 0.462707583305541 "experimento_4" 4 2000 1000 0.8 0.5 0.4 1 0.8
0.996427967678756 0.492917584012248 "experimento_4" 4 2000 1000 0.8 0.5 0.4 1 0.8
0.999909383710474 0.540870486733153 "experimento_4" 4 2000 1000 0.8 0.5 0.4 1 0.8
0.993707810994238 0.531562748561142 "experimento_4" 4 2000 1000 0.8 0.5 0.4 1 0.8
1.02756286412477 0.532622402083606 "experimento_4" 4 2000 1000 0.8 0.5 0.4 1 0.8
1.00457302946597 0.506217679661919 "experimento_4" 4 2000 1000 0.8 0.5 0.4 1 0.8
0.997768884524703 0.53594294676441 "experimento_4" 4 2000 1000 0.8 0.5 0.4 1 0.8
0.999677994055673 0.509430291461057 "experimento_4" 4 2000 1000 0.8 0.5 0.4 1 0.8
0.99354420369491 0.505032047224835 "experimento_4" 4 2000 1000 0.8 0.5 0.4 1 0.8
0.988210007548332 0.493563784351238 "experimento_4" 4 2000 1000 0.8 0.5 0.4 1 0.8
0.993818041170016 0.473870740654313 "experimento_4" 4 2000 1000 0.8 0.5 0.4 1 0.8
0.992686094017699 0.46896424601003 "experimento_4" 4 2000 1000 0.8 0.5 0.4 1 0.8
1.05703915237093 0.453995417341433 "experimento_4" 4 2000 1000 0.8 0.5 0.4 1 0.8
1.01316977373591 0.512433936566707 "experimento_4" 4 2000 1000 0.8 0.5 0.4 1 0.8
1.03640690475367 0.473478544685763 "experimento_4" 4 2000 1000 0.8 0.5 0.4 1 0.8
0.99927513115108 0.461700590143671 "experimento_4" 4 2000 1000 0.8 0.5 0.4 1 0.8
1.03467762377113 0.478068225336971 "experimento_4" 4 2000 1000 0.8 0.5 0.4 1 0.8
0.999737962614745 0.480123243013904 "experimento_4" 4 2000 1000 0.8 0.5 0.4 1 0.8
0.992254070704803 0.516759186875074 "experimento_4" 4 2000 1000 0.8 0.5 0.4 1 0.8
0.992867002962157 0.496570534312137 "experimento_4" 4 2000 1000 0.8 0.5 0.4 1 0.8
0.995284765027463 0.485531017302607 "experimento_4" 4 2000 1000 0.8 0.5 0.4 1 0.8
0.987175193382427 0.565339189068195 "experimento_4" 4 2000 1000 0.8 0.5 0.4 1 0.8
1.00218647625297 0.495229301198197 "experimento_4" 4 2000 1000 0.8 0.5 0.4 1 0.8
0.999649677425623 0.504828276536227 "experimento_4" 4 2000 1000 0.8 0.5 0.4 1 0.8
0.999549414031208 0.529455142324614 "experimento_4" 4 2000 1000 0.8 0.5 0.4 1 0.8
0.99987740861252 0.503739455741263 "experimento_4" 4 2000 1000 0.8 0.5 0.4 1 0.8
0.993806193349883 0.512166778594871 "experimento_4" 4 2000 1000 0.8 0.5 0.4 1 0.8
1.04136532366035 0.509102421420986 "experimento_4" 4 2000 1000 0.8 0.5 0.4 1 0.8
0.994163522496819 0.522791758400402 "experimento_4" 4 2000 1000 0.8 0.5 0.4 1 0.8
0.990743184229359 0.523874080901164 "experimento_4" 4 2000 1000 0.8 0.5 0.4 1 0.8
0.995144753484055 0.508966645818187 "experimento_4" 4 2000 1000 0.8 0.5 0.4 1 0.8
0.990706278476864 0.552467021246427 "experimento_4" 4 2000 1000 0.8 0.5 0.4 1 0.8
0.99179054540582 0.496754954172726 "experimento_4" 4 2000 1000 0.8 0.5 0.4 1 0.8
0.994743117131293 0.540839040531768 "experimento_4" 4 2000 1000 0.8 0.5 0.4 1 0.8
0.994432957144454 0.529504949644838 "experimento_4" 4 2000 1000 0.8 0.5 0.4 1 0.8
0.998688550200313 0.492050625420327 "experimento_4" 4 2000 1000 0.8 0.5 0.4 1 0.8
0.987878761254251 0.580604978444949 "experimento_4" 4 2000 1000 0.8 0.5 0.4 1 0.8
0.99709937046282 0.507649996710546 "experimento_4" 4 2000 1000 0.8 0.5 0.4 1 0.8
0.993443005718291 0.540614911190666 "experimento_4" 4 2000 1000 0.8 0.5 0.4 1 0.8
0.993087160168216 0.51738817559815 "experimento_4" 4 2000 1000 0.8 0.5 0.4 1 0.8
0.994994658045471 0.517297383672561 "experimento_4" 4 2000 1000 0.8 0.5 0.4 1 0.8
0.987629694864154 0.502000244937372 "experimento_4" 4 2000 1000 0.8 0.5 0.4 1 0.8
1.00141365732998 0.467208731222545 "experimento_4" 4 2000 1000 0.8 0.5 0.4 1 0.8
0.997148267924786 0.511079796687445 "experimento_4" 4 2000 1000 0.8 0.5 0.4 1 0.8
1.08335182941247 0.486608302931458 "experimento_4" 4 2000 1000 0.8 0.5 0.4 1 0.8
1.16764673672242 0.491186880126516 "experimento_4" 4 2000 1000 0.8 0.5 0.4 1 0.8
0.997222571400926 0.52244735513213 "experimento_4" 4 2000 1000 0.8 0.5 0.4 1 0.8
0.988163029309362 0.525578076615106 "experimento_4" 4 2000 1000 0.8 0.5 0.4 1 0.8
1.00457669608295 0.546590764727257 "experimento_4" 4 2000 1000 0.8 0.5 0.4 1 0.8
0.998512757476419 0.482606124892475 "experimento_4" 4 2000 1000 0.8 0.5 0.4 1 0.8
0.999209130648524 0.526168062376352 "experimento_4" 4 2000 1000 0.8 0.5 0.4 1 0.8
0.987958932528272 0.508459136012806 "experimento_4" 4 2000 1000 0.8 0.5 0.4 1 0.8
0.999451427021995 0.497570821239887 "experimento_4" 4 2000 1000 0.8 0.5 0.4 1 0.8
0.995971686439589 0.515112650706823 "experimento_4" 4 2000 1000 0.8 0.5 0.4 1 0.8
0.993131085066125 0.502583244107115 "experimento_4" 4 2000 1000 0.8 0.5 0.4 1 0.8
0.999957095598802 0.447043782497237 "experimento_4" 4 2000 1000 0.8 0.5 0.4 1 0.8
0.985267998883501 0.526475593436423 "experimento_4" 4 2000 1000 0.8 0.5 0.4 1 0.8
1.07254616357386 0.490343903083553 "experimento_4" 4 2000 1000 0.8 0.5 0.4 1 0.8
0.994919986231253 0.542847964603667 "experimento_4" 4 2000 1000 0.8 0.5 0.4 1 0.8
0.999836187809706 0.485383591039014 "experimento_4" 4 2000 1000 0.8 0.5 0.4 1 0.8
0.994339076802135 0.490636573156531 "experimento_4" 4 2000 1000 0.8 0.5 0.4 1 0.8
0.999521526740864 0.453786852059658 "experimento_4" 4 2000 1000 0.8 0.5 0.4 1 0.8
0.992124714655802 0.502956921531788 "experimento_4" 4 2000 1000 0.8 0.5 0.4 1 0.8
0.992639648262411 0.528951435912466 "experimento_4" 4 2000 1000 0.8 0.5 0.4 1 0.8
0.991418783785775 0.536814395569564 "experimento_4" 4 2000 1000 0.8 0.5 0.4 1 0.8
0.997214235598221 0.538064988370217 "experimento_4" 4 2000 1000 0.8 0.5 0.4 1 0.8
0.999772075098008 0.494009053370991 "experimento_4" 4 2000 1000 0.8 0.5 0.4 1 0.8
0.994090537540615 0.510755793690865 "experimento_4" 4 2000 1000 0.8 0.5 0.4 1 0.8
0.999015226727352 0.528262690774803 "experimento_4" 4 2000 1000 0.8 0.5 0.4 1 0.8
1.00026308710499 0.481967814394832 "experimento_4" 4 2000 1000 0.8 0.5 0.4 1 0.8
0.993036377243698 0.511667872707786 "experimento_4" 4 2000 1000 0.8 0.5 0.4 1 0.8
0.993603991577402 0.500303970415362 "experimento_4" 4 2000 1000 0.8 0.5 0.4 1 0.8
0.997950937366113 0.513789880794419 "experimento_4" 4 2000 1000 0.8 0.5 0.4 1 0.8
1.00028569530696 0.478135638262165 "experimento_4" 4 2000 1000 0.8 0.5 0.4 1 0.8
0.995159413898364 0.499694060441351 "experimento_4" 4 2000 1000 0.8 0.5 0.4 1 0.8
1.00225495826453 0.517402641526034 "experimento_4" 4 2000 1000 0.8 0.5 0.4 1 0.8
1.00002817530185 0.464220310445023 "experimento_4" 4 2000 1000 0.8 0.5 0.4 1 0.8
0.992231731070206 0.519268355723554 "experimento_4" 4 2000 1000 0.8 0.5 0.4 1 0.8
1.00112109106862 0.483735121700901 "experimento_4" 4 2000 1000 0.8 0.5 0.4 1 0.8
0.999832771951333 0.550488664668859 "experimento_4" 4 2000 1000 0.8 0.5 0.4 1 0.8
0.997473252238706 0.493553196654086 "experimento_4" 4 2000 1000 0.8 0.5 0.4 1 0.8
0.997300751274452 0.547598967050668 "experimento_4" 4 2000 1000 0.8 0.5 0.4 1 0.8
0.997483999468386 0.510424303802197 "experimento_4" 4 2000 1000 0.8 0.5 0.4 1 0.8
1.03748525825268 0.507531871373623 "experimento_4" 4 2000 1000 0.8 0.5 0.4 1 0.8
0.997675344813615 0.508828260682557 "experimento_4" 4 2000 1000 0.8 0.5 0.4 1 0.8
0.999905100557953 0.518664571245333 "experimento_4" 4 2000 1000 0.8 0.5 0.4 1 0.8
0.994511982193217 0.53687285314576 "experimento_4" 4 2000 1000 0.8 0.5 0.4 1 0.8
1.00120897963643 0.471111958219223 "experimento_4" 4 2000 1000 0.8 0.5 0.4 1 0.8
1.08485704939812 0.535481356870119 "experimento_4" 4 2000 1000 0.8 0.5 0.4 1 0.8
0.998903073836118 0.516401521213989 "experimento_4" 4 2000 1000 0.8 0.5 0.4 1 0.8
0.985910912742838 0.539264771990447 "experimento_4" 4 2000 1000 0.8 0.5 0.4 1 0.8
0.992514724377543 0.482555848942545 "experimento_4" 4 2000 1000 0.8 0.5 0.4 1 0.8
0.993618562351912 0.502570378526111 "experimento_4" 4 2000 1000 0.8 0.5 0.4 1 0.8
0.993521286174655 0.490304182599714 "experimento_4" 4 2000 1000 0.8 0.5 0.4 1 0.8
0.997324601048604 0.549324587914136 "experimento_4" 4 2000 1000 0.8 0.5 0.4 1 0.8
0.991339031606913 0.475458421046724 "experimento_4" 4 2000 1000 0.8 0.5 0.4 1 0.8
0.997947314288467 0.452494231611657 "experimento_4" 4 2000 1000 0.8 0.5 0.4 1 0.8
0.999360971851274 0.502363749276804 "experimento_4" 4 2000 1000 0.8 0.5 0.4 1 0.8
0.99975182977505 0.498467073666033 "experimento_4" 4 2000 1000 0.8 0.5 0.4 1 0.8
0.998908185400069 0.493918665381078 "experimento_4" 4 2000 1000 0.8 0.5 0.4 1 0.8
1.00371642876416 0.515301860051756 "experimento_4" 4 2000 1000 0.8 0.5 0.4 1 0.8
1.30698420293629 0.481402581961118 "experimento_4" 4 2000 1000 0.8 0.5 0.4 1 0.8
1.00933445431292 0.49093412570151 "experimento_4" 4 2000 1000 0.8 0.5 0.4 1 0.8
1.00416269376348 0.475307385919544 "experimento_4" 4 2000 1000 0.8 0.5 0.4 1 0.8
0.996787180192769 0.499047117441123 "experimento_4" 4 2000 1000 0.8 0.5 0.4 1 0.8
0.995572413317859 0.502599517961511 "experimento_4" 4 2000 1000 0.8 0.5 0.4 1 0.8
1.00131342094392 0.48090279867335 "experimento_4" 4 2000 1000 0.8 0.5 0.4 1 0.8
1.3055037025608 0.440123661354802 "experimento_4" 4 2000 1000 0.8 0.5 0.4 1 0.8
0.985556741477922 0.524315087599645 "experimento_4" 4 2000 1000 0.8 0.5 0.4 1 0.8
1.01879504043609 0.518079964604 "experimento_4" 4 2000 1000 0.8 0.5 0.4 1 0.8
0.995762987295166 0.472227559963858 "experimento_4" 4 2000 1000 0.8 0.5 0.4 1 0.8
0.990349156782031 0.470549519521123 "experimento_4" 4 2000 1000 0.8 0.5 0.4 1 0.8
1.00645624858451 0.561027005303475 "experimento_4" 4 2000 1000 0.8 0.5 0.4 1 0.8
