"est.u" "est.lamb" "name" "seed" "size" "replicates" "p_umbral" "exp_lambda" "alpha_pen" "n_pen" "c"
0.990198029205203 0.526994220024483 "experimento_7" 7 500 1000 0.95 0.5 0.4 1 0.8
1.14312740147402 0.477094558672779 "experimento_7" 7 500 1000 0.95 0.5 0.4 1 0.8
1.06409582030028 0.413434311821587 "experimento_7" 7 500 1000 0.95 0.5 0.4 1 0.8
1.44930079227396 0.414454084964352 "experimento_7" 7 500 1000 0.95 0.5 0.4 1 0.8
0.99017038801685 0.671264762394026 "experimento_7" 7 500 1000 0.95 0.5 0.4 1 0.8
0.993500076467171 0.639458719553303 "experimento_7" 7 500 1000 0.95 0.5 0.4 1 0.8
0.992700012866408 0.515571220566602 "experimento_7" 7 500 1000 0.95 0.5 0.4 1 0.8
0.992182071553543 0.392114102397263 "experimento_7" 7 500 1000 0.95 0.5 0.4 1 0.8
0.997867077356204 0.544066086957059 "experimento_7" 7 500 1000 0.95 0.5 0.4 1 0.8
1.04885022900999 0.489723656281561 "experimento_7" 7 500 1000 0.95 0.5 0.4 1 0.8
0.998199698748067 0.451814788053283 "experimento_7" 7 500 1000 0.95 0.5 0.4 1 0.8
0.992692890577018 0.550475845704872 "experimento_7" 7 500 1000 0.95 0.5 0.4 1 0.8
0.997449235292152 0.578423755237329 "experimento_7" 7 500 1000 0.95 0.5 0.4 1 0.8
0.993069279938936 0.541790457166815 "experimento_7" 7 500 1000 0.95 0.5 0.4 1 0.8
0.465847383486107 2.59859909632081 "experimento_7" 7 500 1000 0.95 0.5 0.4 1 0.8
1.03545308485627 0.523670086544449 "experimento_7" 7 500 1000 0.95 0.5 0.4 1 0.8
0.989562432980165 0.504324300120072 "experimento_7" 7 500 1000 0.95 0.5 0.4 1 0.8
1.07588973082602 0.418698692983825 "experimento_7" 7 500 1000 0.95 0.5 0.4 1 0.8
0.99868839723058 0.406165459637069 "experimento_7" 7 500 1000 0.95 0.5 0.4 1 0.8
0.997313925530761 0.812224751507424 "experimento_7" 7 500 1000 0.95 0.5 0.4 1 0.8
1.0210443342583 0.447415363410977 "experimento_7" 7 500 1000 0.95 0.5 0.4 1 0.8
1.0861379946942 0.509827340310377 "experimento_7" 7 500 1000 0.95 0.5 0.4 1 0.8
0.997419520048425 0.464083869098642 "experimento_7" 7 500 1000 0.95 0.5 0.4 1 0.8
0.994584674481302 0.500364973790377 "experimento_7" 7 500 1000 0.95 0.5 0.4 1 0.8
0.997490072390065 0.440149934358182 "experimento_7" 7 500 1000 0.95 0.5 0.4 1 0.8
0.99786658002995 0.580664984432892 "experimento_7" 7 500 1000 0.95 0.5 0.4 1 0.8
0.977204754250124 0.474949860565429 "experimento_7" 7 500 1000 0.95 0.5 0.4 1 0.8
0.983670064946637 0.419197093513826 "experimento_7" 7 500 1000 0.95 0.5 0.4 1 0.8
0.997786545194685 0.491590055542114 "experimento_7" 7 500 1000 0.95 0.5 0.4 1 0.8
0.996933416929096 0.409616290938594 "experimento_7" 7 500 1000 0.95 0.5 0.4 1 0.8
0.997444226639345 0.632058665374642 "experimento_7" 7 500 1000 0.95 0.5 0.4 1 0.8
0.995162731735036 0.552236615637673 "experimento_7" 7 500 1000 0.95 0.5 0.4 1 0.8
1.24787462502718 0.573910637178695 "experimento_7" 7 500 1000 0.95 0.5 0.4 1 0.8
1.74744342810907 0.346228908525402 "experimento_7" 7 500 1000 0.95 0.5 0.4 1 0.8
1.41699708625674 0.439243300023751 "experimento_7" 7 500 1000 0.95 0.5 0.4 1 0.8
0.996127049904317 0.371767259077108 "experimento_7" 7 500 1000 0.95 0.5 0.4 1 0.8
0.999581944663078 0.411487865861076 "experimento_7" 7 500 1000 0.95 0.5 0.4 1 0.8
0.998074029339477 0.557981244344817 "experimento_7" 7 500 1000 0.95 0.5 0.4 1 0.8
0.992968060541898 0.679603888929199 "experimento_7" 7 500 1000 0.95 0.5 0.4 1 0.8
1.04449245147407 0.630577018559016 "experimento_7" 7 500 1000 0.95 0.5 0.4 1 0.8
0.997649356955662 0.307158761457484 "experimento_7" 7 500 1000 0.95 0.5 0.4 1 0.8
0.993324884679168 0.757023329761733 "experimento_7" 7 500 1000 0.95 0.5 0.4 1 0.8
1.02200171817094 0.754912765321402 "experimento_7" 7 500 1000 0.95 0.5 0.4 1 0.8
0.999397982377559 0.510773264425406 "experimento_7" 7 500 1000 0.95 0.5 0.4 1 0.8
1.26200725511873 0.380979390907885 "experimento_7" 7 500 1000 0.95 0.5 0.4 1 0.8
0.999494167743251 0.527638710985336 "experimento_7" 7 500 1000 0.95 0.5 0.4 1 0.8
0.996250549331307 0.545713833028067 "experimento_7" 7 500 1000 0.95 0.5 0.4 1 0.8
1.31709156092256 0.534879102679179 "experimento_7" 7 500 1000 0.95 0.5 0.4 1 0.8
0.999842187855393 0.422800002552764 "experimento_7" 7 500 1000 0.95 0.5 0.4 1 0.8
0.99223540420644 0.603907792185664 "experimento_7" 7 500 1000 0.95 0.5 0.4 1 0.8
0.998801995301619 0.432069123302419 "experimento_7" 7 500 1000 0.95 0.5 0.4 1 0.8
0.993966835085303 0.675296984260193 "experimento_7" 7 500 1000 0.95 0.5 0.4 1 0.8
0.996182446135208 0.469166548052965 "experimento_7" 7 500 1000 0.95 0.5 0.4 1 0.8
0.990479281637818 0.400148272711973 "experimento_7" 7 500 1000 0.95 0.5 0.4 1 0.8
0.997485992265865 0.395985196475842 "experimento_7" 7 500 1000 0.95 0.5 0.4 1 0.8
1.31427511293441 0.37371340852603 "experimento_7" 7 500 1000 0.95 0.5 0.4 1 0.8
0.99114543502219 0.529225112299606 "experimento_7" 7 500 1000 0.95 0.5 0.4 1 0.8
0.984722275519744 0.646588908181567 "experimento_7" 7 500 1000 0.95 0.5 0.4 1 0.8
0.995881511131302 0.590305997262938 "experimento_7" 7 500 1000 0.95 0.5 0.4 1 0.8
1.55151119754732 0.395901645771236 "experimento_7" 7 500 1000 0.95 0.5 0.4 1 0.8
0.476683520246297 2.53310778920502 "experimento_7" 7 500 1000 0.95 0.5 0.4 1 0.8
0.994757509790361 0.656781924103644 "experimento_7" 7 500 1000 0.95 0.5 0.4 1 0.8
0.987808707170188 0.661939035940781 "experimento_7" 7 500 1000 0.95 0.5 0.4 1 0.8
0.999800111865625 0.447498230538276 "experimento_7" 7 500 1000 0.95 0.5 0.4 1 0.8
0.999509635847062 0.480474740467072 "experimento_7" 7 500 1000 0.95 0.5 0.4 1 0.8
0.995052616810426 0.559384775983226 "experimento_7" 7 500 1000 0.95 0.5 0.4 1 0.8
0.97544239833951 0.418524272861197 "experimento_7" 7 500 1000 0.95 0.5 0.4 1 0.8
0.505932980682701 2.88476970759871 "experimento_7" 7 500 1000 0.95 0.5 0.4 1 0.8
0.998763188254088 0.458877041839279 "experimento_7" 7 500 1000 0.95 0.5 0.4 1 0.8
1.00451425391224 0.518761665947614 "experimento_7" 7 500 1000 0.95 0.5 0.4 1 0.8
0.518850606167689 2.52650513734756 "experimento_7" 7 500 1000 0.95 0.5 0.4 1 0.8
1.66425340581801 0.357211278881333 "experimento_7" 7 500 1000 0.95 0.5 0.4 1 0.8
0.99309288430959 0.613712033905898 "experimento_7" 7 500 1000 0.95 0.5 0.4 1 0.8
1.02753050066531 0.592510687025173 "experimento_7" 7 500 1000 0.95 0.5 0.4 1 0.8
0.99584691086784 0.415005020656942 "experimento_7" 7 500 1000 0.95 0.5 0.4 1 0.8
0.991126455133781 0.795668987561658 "experimento_7" 7 500 1000 0.95 0.5 0.4 1 0.8
0.992572335060686 0.627971865997757 "experimento_7" 7 500 1000 0.95 0.5 0.4 1 0.8
0.983095779083669 0.569219459284886 "experimento_7" 7 500 1000 0.95 0.5 0.4 1 0.8
0.996929041808471 0.566533380542495 "experimento_7" 7 500 1000 0.95 0.5 0.4 1 0.8
0.994275701465085 0.746670713279027 "experimento_7" 7 500 1000 0.95 0.5 0.4 1 0.8
0.999349103076383 0.511657578263898 "experimento_7" 7 500 1000 0.95 0.5 0.4 1 0.8
0.999131086980924 0.523530190437551 "experimento_7" 7 500 1000 0.95 0.5 0.4 1 0.8
0.992741490248591 0.637654458454474 "experimento_7" 7 500 1000 0.95 0.5 0.4 1 0.8
0.99938744190149 0.611003532983968 "experimento_7" 7 500 1000 0.95 0.5 0.4 1 0.8
1.00297823362052 0.556970837766797 "experimento_7" 7 500 1000 0.95 0.5 0.4 1 0.8
0.992058062693104 0.584597519284798 "experimento_7" 7 500 1000 0.95 0.5 0.4 1 0.8
1.11133989290363 0.567088809645307 "experimento_7" 7 500 1000 0.95 0.5 0.4 1 0.8
0.99487681966275 0.764960096125108 "experimento_7" 7 500 1000 0.95 0.5 0.4 1 0.8
0.997835266403854 0.587222831572382 "experimento_7" 7 500 1000 0.95 0.5 0.4 1 0.8
1.15050984311717 0.634728873157293 "experimento_7" 7 500 1000 0.95 0.5 0.4 1 0.8
0.997699869796634 0.501329066493669 "experimento_7" 7 500 1000 0.95 0.5 0.4 1 0.8
1.06453943345696 0.736232196553291 "experimento_7" 7 500 1000 0.95 0.5 0.4 1 0.8
0.999561069533229 0.719278664245151 "experimento_7" 7 500 1000 0.95 0.5 0.4 1 0.8
0.984433239558712 0.679915993889507 "experimento_7" 7 500 1000 0.95 0.5 0.4 1 0.8
0.989132229471579 0.700271750987162 "experimento_7" 7 500 1000 0.95 0.5 0.4 1 0.8
0.999958092346787 0.633154867076458 "experimento_7" 7 500 1000 0.95 0.5 0.4 1 0.8
1.73199941615379 0.523481477704884 "experimento_7" 7 500 1000 0.95 0.5 0.4 1 0.8
0.999558556592092 0.622508353302686 "experimento_7" 7 500 1000 0.95 0.5 0.4 1 0.8
0.995920734014362 0.557026916376831 "experimento_7" 7 500 1000 0.95 0.5 0.4 1 0.8
0.997326180106029 0.444350376997814 "experimento_7" 7 500 1000 0.95 0.5 0.4 1 0.8
0.995710756164044 0.622347015067768 "experimento_7" 7 500 1000 0.95 0.5 0.4 1 0.8
0.994973161257803 0.738489481536931 "experimento_7" 7 500 1000 0.95 0.5 0.4 1 0.8
0.99499837984331 0.557304835754532 "experimento_7" 7 500 1000 0.95 0.5 0.4 1 0.8
0.540462633594871 3.03329750870474 "experimento_7" 7 500 1000 0.95 0.5 0.4 1 0.8
0.993016463238746 0.549782159571512 "experimento_7" 7 500 1000 0.95 0.5 0.4 1 0.8
0.999697686173022 0.676135417153578 "experimento_7" 7 500 1000 0.95 0.5 0.4 1 0.8
0.998456444591284 1.10553320458972 "experimento_7" 7 500 1000 0.95 0.5 0.4 1 0.8
1.10991016162194 0.550489176262028 "experimento_7" 7 500 1000 0.95 0.5 0.4 1 0.8
1.00864048954099 0.523271273179295 "experimento_7" 7 500 1000 0.95 0.5 0.4 1 0.8
1.1571337999776 1.17560411647204 "experimento_7" 7 500 1000 0.95 0.5 0.4 1 0.8
1.67043892014772 0.332580357951593 "experimento_7" 7 500 1000 0.95 0.5 0.4 1 0.8
1.01743006240577 0.596070213521868 "experimento_7" 7 500 1000 0.95 0.5 0.4 1 0.8
0.998811837518588 0.348376840701409 "experimento_7" 7 500 1000 0.95 0.5 0.4 1 0.8
0.997076916042715 0.595078108814045 "experimento_7" 7 500 1000 0.95 0.5 0.4 1 0.8
0.999770229915157 0.55192546761925 "experimento_7" 7 500 1000 0.95 0.5 0.4 1 0.8
0.993349661119282 0.606858840803752 "experimento_7" 7 500 1000 0.95 0.5 0.4 1 0.8
0.994043840328231 0.540367276430973 "experimento_7" 7 500 1000 0.95 0.5 0.4 1 0.8
1.25842907301911 0.385431153282925 "experimento_7" 7 500 1000 0.95 0.5 0.4 1 0.8
1.04348346497864 0.437564912321724 "experimento_7" 7 500 1000 0.95 0.5 0.4 1 0.8
0.997619781177491 0.690150091948892 "experimento_7" 7 500 1000 0.95 0.5 0.4 1 0.8
0.990709806559607 0.503215340711757 "experimento_7" 7 500 1000 0.95 0.5 0.4 1 0.8
0.989744428545237 0.57541798879376 "experimento_7" 7 500 1000 0.95 0.5 0.4 1 0.8
0.99078123876825 0.493655280244671 "experimento_7" 7 500 1000 0.95 0.5 0.4 1 0.8
0.994856849778444 0.477321183793934 "experimento_7" 7 500 1000 0.95 0.5 0.4 1 0.8
0.998563961824402 0.384499472423081 "experimento_7" 7 500 1000 0.95 0.5 0.4 1 0.8
0.998597101308405 0.45940631438929 "experimento_7" 7 500 1000 0.95 0.5 0.4 1 0.8
0.986778401536867 0.514890875801003 "experimento_7" 7 500 1000 0.95 0.5 0.4 1 0.8
0.996261092601344 0.519913818270523 "experimento_7" 7 500 1000 0.95 0.5 0.4 1 0.8
0.999869375722483 0.520621753463576 "experimento_7" 7 500 1000 0.95 0.5 0.4 1 0.8
0.994139989372343 0.632880487232814 "experimento_7" 7 500 1000 0.95 0.5 0.4 1 0.8
0.992178797721863 0.524557207837296 "experimento_7" 7 500 1000 0.95 0.5 0.4 1 0.8
0.999865567078814 0.485083313493149 "experimento_7" 7 500 1000 0.95 0.5 0.4 1 0.8
1.48559509497136 0.475657048128391 "experimento_7" 7 500 1000 0.95 0.5 0.4 1 0.8
1.19782338477671 0.478230088992675 "experimento_7" 7 500 1000 0.95 0.5 0.4 1 0.8
0.995734223164618 0.488947567032941 "experimento_7" 7 500 1000 0.95 0.5 0.4 1 0.8
0.996633120346814 0.484911138052912 "experimento_7" 7 500 1000 0.95 0.5 0.4 1 0.8
1.60238746249773 0.48087209684845 "experimento_7" 7 500 1000 0.95 0.5 0.4 1 0.8
0.999959515174851 0.594384562534589 "experimento_7" 7 500 1000 0.95 0.5 0.4 1 0.8
0.995537493610755 0.723650744721713 "experimento_7" 7 500 1000 0.95 0.5 0.4 1 0.8
1.01376155002485 0.43155883227024 "experimento_7" 7 500 1000 0.95 0.5 0.4 1 0.8
1.01460315193981 0.442186627205446 "experimento_7" 7 500 1000 0.95 0.5 0.4 1 0.8
0.992835521930829 0.467880567391995 "experimento_7" 7 500 1000 0.95 0.5 0.4 1 0.8
0.999737325590104 0.537087020264536 "experimento_7" 7 500 1000 0.95 0.5 0.4 1 0.8
0.998450371203944 0.549902313405997 "experimento_7" 7 500 1000 0.95 0.5 0.4 1 0.8
0.999306029872969 0.62055551142597 "experimento_7" 7 500 1000 0.95 0.5 0.4 1 0.8
0.998632825678214 0.527725043628563 "experimento_7" 7 500 1000 0.95 0.5 0.4 1 0.8
0.996656869538128 0.481078070401585 "experimento_7" 7 500 1000 0.95 0.5 0.4 1 0.8
0.994325992418453 0.563065580890981 "experimento_7" 7 500 1000 0.95 0.5 0.4 1 0.8
0.997012497158721 0.414492047461578 "experimento_7" 7 500 1000 0.95 0.5 0.4 1 0.8
0.998080981196836 0.459028062608406 "experimento_7" 7 500 1000 0.95 0.5 0.4 1 0.8
0.999747426714748 0.589641637141161 "experimento_7" 7 500 1000 0.95 0.5 0.4 1 0.8
1.01901377085596 0.591101725848858 "experimento_7" 7 500 1000 0.95 0.5 0.4 1 0.8
0.994334556162357 0.755559590615011 "experimento_7" 7 500 1000 0.95 0.5 0.4 1 0.8
1.04925153430839 0.446929255037134 "experimento_7" 7 500 1000 0.95 0.5 0.4 1 0.8
0.997456748737022 0.52353515947226 "experimento_7" 7 500 1000 0.95 0.5 0.4 1 0.8
0.990494539262727 0.508574863118484 "experimento_7" 7 500 1000 0.95 0.5 0.4 1 0.8
0.999263686127961 0.571510511190354 "experimento_7" 7 500 1000 0.95 0.5 0.4 1 0.8
0.998619604390115 0.542453317695592 "experimento_7" 7 500 1000 0.95 0.5 0.4 1 0.8
0.998508672928438 0.512370871384887 "experimento_7" 7 500 1000 0.95 0.5 0.4 1 0.8
0.998576584504917 0.380425656490788 "experimento_7" 7 500 1000 0.95 0.5 0.4 1 0.8
1.02494044626642 0.511438921999802 "experimento_7" 7 500 1000 0.95 0.5 0.4 1 0.8
0.99221466598101 0.438023835341097 "experimento_7" 7 500 1000 0.95 0.5 0.4 1 0.8
0.99915286921896 0.559885687152444 "experimento_7" 7 500 1000 0.95 0.5 0.4 1 0.8
0.987890010466799 0.362099382529285 "experimento_7" 7 500 1000 0.95 0.5 0.4 1 0.8
0.99939392064698 0.488614028768807 "experimento_7" 7 500 1000 0.95 0.5 0.4 1 0.8
0.996494129765779 0.443807088913671 "experimento_7" 7 500 1000 0.95 0.5 0.4 1 0.8
0.993778323056176 0.627430107363544 "experimento_7" 7 500 1000 0.95 0.5 0.4 1 0.8
0.98708444670774 0.450285329821456 "experimento_7" 7 500 1000 0.95 0.5 0.4 1 0.8
0.993927897652611 0.615090194083032 "experimento_7" 7 500 1000 0.95 0.5 0.4 1 0.8
0.995525053469464 0.574541444642094 "experimento_7" 7 500 1000 0.95 0.5 0.4 1 0.8
1.00405368767679 0.490929772458971 "experimento_7" 7 500 1000 0.95 0.5 0.4 1 0.8
0.995140327140689 0.532522756227309 "experimento_7" 7 500 1000 0.95 0.5 0.4 1 0.8
0.990807075519115 0.499584765729879 "experimento_7" 7 500 1000 0.95 0.5 0.4 1 0.8
1.00940626394004 0.549213601685451 "experimento_7" 7 500 1000 0.95 0.5 0.4 1 0.8
0.993737554876134 0.46571799714231 "experimento_7" 7 500 1000 0.95 0.5 0.4 1 0.8
0.994968907209113 0.601301650288974 "experimento_7" 7 500 1000 0.95 0.5 0.4 1 0.8
0.994491420220584 0.526970475007578 "experimento_7" 7 500 1000 0.95 0.5 0.4 1 0.8
0.999959856271744 0.578588938557576 "experimento_7" 7 500 1000 0.95 0.5 0.4 1 0.8
1.67236728593707 0.348274842299322 "experimento_7" 7 500 1000 0.95 0.5 0.4 1 0.8
0.997658542124555 0.602040261670643 "experimento_7" 7 500 1000 0.95 0.5 0.4 1 0.8
1.02491437082311 0.636970853380723 "experimento_7" 7 500 1000 0.95 0.5 0.4 1 0.8
1.14529683347791 0.475126516483878 "experimento_7" 7 500 1000 0.95 0.5 0.4 1 0.8
0.999948076438159 0.636947040922932 "experimento_7" 7 500 1000 0.95 0.5 0.4 1 0.8
0.4882869401481 2.62459293904708 "experimento_7" 7 500 1000 0.95 0.5 0.4 1 0.8
0.999374584993348 0.426703745024259 "experimento_7" 7 500 1000 0.95 0.5 0.4 1 0.8
0.990597238764167 0.606690723521832 "experimento_7" 7 500 1000 0.95 0.5 0.4 1 0.8
0.993978043785319 0.600581427259784 "experimento_7" 7 500 1000 0.95 0.5 0.4 1 0.8
1.07301201112568 0.491926734064727 "experimento_7" 7 500 1000 0.95 0.5 0.4 1 0.8
0.988070599734783 0.586516290492107 "experimento_7" 7 500 1000 0.95 0.5 0.4 1 0.8
0.995875704335049 0.668913848748732 "experimento_7" 7 500 1000 0.95 0.5 0.4 1 0.8
1.28033278463508 0.442076376255476 "experimento_7" 7 500 1000 0.95 0.5 0.4 1 0.8
0.998347398359329 0.4776152997695 "experimento_7" 7 500 1000 0.95 0.5 0.4 1 0.8
1.43140495847911 0.680436927598414 "experimento_7" 7 500 1000 0.95 0.5 0.4 1 0.8
0.994326037121937 0.576420346255679 "experimento_7" 7 500 1000 0.95 0.5 0.4 1 0.8
0.998171588405967 0.347956432737854 "experimento_7" 7 500 1000 0.95 0.5 0.4 1 0.8
0.992761465720832 0.466327954329196 "experimento_7" 7 500 1000 0.95 0.5 0.4 1 0.8
0.996973948553205 0.462853103537766 "experimento_7" 7 500 1000 0.95 0.5 0.4 1 0.8
0.998637094860896 0.510046674244022 "experimento_7" 7 500 1000 0.95 0.5 0.4 1 0.8
0.995577350491658 0.620915331715357 "experimento_7" 7 500 1000 0.95 0.5 0.4 1 0.8
1.21279312554413 0.3346258767633 "experimento_7" 7 500 1000 0.95 0.5 0.4 1 0.8
0.990596027811989 0.648723912600087 "experimento_7" 7 500 1000 0.95 0.5 0.4 1 0.8
0.996671160683036 0.531348924019239 "experimento_7" 7 500 1000 0.95 0.5 0.4 1 0.8
0.528602531645447 2.67363477041049 "experimento_7" 7 500 1000 0.95 0.5 0.4 1 0.8
0.995326477568597 0.598787527439736 "experimento_7" 7 500 1000 0.95 0.5 0.4 1 0.8
0.99535633972846 0.433016716600814 "experimento_7" 7 500 1000 0.95 0.5 0.4 1 0.8
0.996009764494374 0.371595579446018 "experimento_7" 7 500 1000 0.95 0.5 0.4 1 0.8
1.02985326200724 0.529095937962315 "experimento_7" 7 500 1000 0.95 0.5 0.4 1 0.8
0.995439952006564 0.693500243858886 "experimento_7" 7 500 1000 0.95 0.5 0.4 1 0.8
1.01532953511924 0.595437168807285 "experimento_7" 7 500 1000 0.95 0.5 0.4 1 0.8
0.995246172882617 0.557497831321585 "experimento_7" 7 500 1000 0.95 0.5 0.4 1 0.8
0.997420423896983 0.472063848018366 "experimento_7" 7 500 1000 0.95 0.5 0.4 1 0.8
0.99331664852798 0.412300616724817 "experimento_7" 7 500 1000 0.95 0.5 0.4 1 0.8
1.29023444765464 0.561336471538112 "experimento_7" 7 500 1000 0.95 0.5 0.4 1 0.8
1.53232436630778 0.475221883651162 "experimento_7" 7 500 1000 0.95 0.5 0.4 1 0.8
0.992052475688979 0.682954537017576 "experimento_7" 7 500 1000 0.95 0.5 0.4 1 0.8
0.994447913020849 0.461167985381537 "experimento_7" 7 500 1000 0.95 0.5 0.4 1 0.8
1.0968604470562 0.485051806927999 "experimento_7" 7 500 1000 0.95 0.5 0.4 1 0.8
0.996814613230526 0.615008941826881 "experimento_7" 7 500 1000 0.95 0.5 0.4 1 0.8
0.996501754969358 0.737293618029007 "experimento_7" 7 500 1000 0.95 0.5 0.4 1 0.8
0.999765370273963 0.419837959539637 "experimento_7" 7 500 1000 0.95 0.5 0.4 1 0.8
0.996527371462435 0.676173237000824 "experimento_7" 7 500 1000 0.95 0.5 0.4 1 0.8
0.999934601830319 0.388474152889926 "experimento_7" 7 500 1000 0.95 0.5 0.4 1 0.8
1.17917489239529 0.352058525874139 "experimento_7" 7 500 1000 0.95 0.5 0.4 1 0.8
0.995705882553011 0.612674176772145 "experimento_7" 7 500 1000 0.95 0.5 0.4 1 0.8
0.999436083715409 0.405150965333834 "experimento_7" 7 500 1000 0.95 0.5 0.4 1 0.8
0.989151954418048 0.605585398041336 "experimento_7" 7 500 1000 0.95 0.5 0.4 1 0.8
0.998683533398435 0.442004426770152 "experimento_7" 7 500 1000 0.95 0.5 0.4 1 0.8
0.998341232771054 0.462772675803913 "experimento_7" 7 500 1000 0.95 0.5 0.4 1 0.8
1.0245092896214 0.439582262537568 "experimento_7" 7 500 1000 0.95 0.5 0.4 1 0.8
0.997842798242345 0.492121523425532 "experimento_7" 7 500 1000 0.95 0.5 0.4 1 0.8
1.01468313019723 0.486746952869477 "experimento_7" 7 500 1000 0.95 0.5 0.4 1 0.8
0.995438128709793 0.459269305821181 "experimento_7" 7 500 1000 0.95 0.5 0.4 1 0.8
0.999573919922113 0.471562808345283 "experimento_7" 7 500 1000 0.95 0.5 0.4 1 0.8
1.0715726495854 0.490382456613608 "experimento_7" 7 500 1000 0.95 0.5 0.4 1 0.8
0.998365703970194 0.61494800868232 "experimento_7" 7 500 1000 0.95 0.5 0.4 1 0.8
1.02195486333221 0.446984796893279 "experimento_7" 7 500 1000 0.95 0.5 0.4 1 0.8
0.996635459363461 0.512009751305246 "experimento_7" 7 500 1000 0.95 0.5 0.4 1 0.8
0.994085403624922 1.00757284244358 "experimento_7" 7 500 1000 0.95 0.5 0.4 1 0.8
0.995693312957883 0.373882894904074 "experimento_7" 7 500 1000 0.95 0.5 0.4 1 0.8
0.999076831154525 0.628868666609914 "experimento_7" 7 500 1000 0.95 0.5 0.4 1 0.8
0.996590406633914 0.79287712103323 "experimento_7" 7 500 1000 0.95 0.5 0.4 1 0.8
1.5108935162425 0.384163455864551 "experimento_7" 7 500 1000 0.95 0.5 0.4 1 0.8
0.994634734233841 0.530917452643571 "experimento_7" 7 500 1000 0.95 0.5 0.4 1 0.8
0.500782835530117 2.53332628137316 "experimento_7" 7 500 1000 0.95 0.5 0.4 1 0.8
1.04958971233797 0.456578933276093 "experimento_7" 7 500 1000 0.95 0.5 0.4 1 0.8
0.995717415818945 0.489555336486949 "experimento_7" 7 500 1000 0.95 0.5 0.4 1 0.8
1.0062174461782 0.357869642748837 "experimento_7" 7 500 1000 0.95 0.5 0.4 1 0.8
0.997837621485814 0.626968483330749 "experimento_7" 7 500 1000 0.95 0.5 0.4 1 0.8
0.9922988738399 0.500502858459366 "experimento_7" 7 500 1000 0.95 0.5 0.4 1 0.8
0.992920270422474 0.494865631594034 "experimento_7" 7 500 1000 0.95 0.5 0.4 1 0.8
0.999437153572217 0.495903196477535 "experimento_7" 7 500 1000 0.95 0.5 0.4 1 0.8
0.995735302101821 0.510191463805298 "experimento_7" 7 500 1000 0.95 0.5 0.4 1 0.8
1.0057500237599 0.461343390119251 "experimento_7" 7 500 1000 0.95 0.5 0.4 1 0.8
0.997865693410859 0.666362003359379 "experimento_7" 7 500 1000 0.95 0.5 0.4 1 0.8
0.54767954768613 2.80595740731506 "experimento_7" 7 500 1000 0.95 0.5 0.4 1 0.8
1.01224906835705 0.633260951018846 "experimento_7" 7 500 1000 0.95 0.5 0.4 1 0.8
1.0419413480395 0.432943202573073 "experimento_7" 7 500 1000 0.95 0.5 0.4 1 0.8
1.00955462684047 0.471897945397286 "experimento_7" 7 500 1000 0.95 0.5 0.4 1 0.8
0.997976487036794 0.634975707312902 "experimento_7" 7 500 1000 0.95 0.5 0.4 1 0.8
1.05007355473936 0.417452175313063 "experimento_7" 7 500 1000 0.95 0.5 0.4 1 0.8
0.998501413501799 0.426252636046142 "experimento_7" 7 500 1000 0.95 0.5 0.4 1 0.8
0.999927968718112 0.507738928345193 "experimento_7" 7 500 1000 0.95 0.5 0.4 1 0.8
0.991990990238264 0.642230427785503 "experimento_7" 7 500 1000 0.95 0.5 0.4 1 0.8
1.01418381650001 0.437164841965179 "experimento_7" 7 500 1000 0.95 0.5 0.4 1 0.8
0.994675096590072 0.534025093753976 "experimento_7" 7 500 1000 0.95 0.5 0.4 1 0.8
0.981390079949051 0.548379046580163 "experimento_7" 7 500 1000 0.95 0.5 0.4 1 0.8
0.997777582146227 0.543711927751988 "experimento_7" 7 500 1000 0.95 0.5 0.4 1 0.8
1.15508469969584 0.32536056211491 "experimento_7" 7 500 1000 0.95 0.5 0.4 1 0.8
0.994809564901516 0.460151270503756 "experimento_7" 7 500 1000 0.95 0.5 0.4 1 0.8
1.02337307733911 0.415398387779966 "experimento_7" 7 500 1000 0.95 0.5 0.4 1 0.8
0.998167564161122 0.593204609238782 "experimento_7" 7 500 1000 0.95 0.5 0.4 1 0.8
1.10659858968159 0.570767535911616 "experimento_7" 7 500 1000 0.95 0.5 0.4 1 0.8
0.997187235625461 0.588939152647244 "experimento_7" 7 500 1000 0.95 0.5 0.4 1 0.8
1.10094858612865 0.475622156066655 "experimento_7" 7 500 1000 0.95 0.5 0.4 1 0.8
0.99622663622722 0.480864884494161 "experimento_7" 7 500 1000 0.95 0.5 0.4 1 0.8
0.996975479181856 0.443798210483454 "experimento_7" 7 500 1000 0.95 0.5 0.4 1 0.8
0.996718837181106 0.607950005340632 "experimento_7" 7 500 1000 0.95 0.5 0.4 1 0.8
0.985211635241285 0.507972187779068 "experimento_7" 7 500 1000 0.95 0.5 0.4 1 0.8
1.08798215165734 0.40245507157975 "experimento_7" 7 500 1000 0.95 0.5 0.4 1 0.8
0.999475775985047 0.519530164339867 "experimento_7" 7 500 1000 0.95 0.5 0.4 1 0.8
1.00635751802474 0.733454352779413 "experimento_7" 7 500 1000 0.95 0.5 0.4 1 0.8
0.992615038063377 0.581436820267908 "experimento_7" 7 500 1000 0.95 0.5 0.4 1 0.8
1.03839535452425 0.424256388067955 "experimento_7" 7 500 1000 0.95 0.5 0.4 1 0.8
0.996280975174159 0.678644614033951 "experimento_7" 7 500 1000 0.95 0.5 0.4 1 0.8
0.998094702605158 0.394997042327754 "experimento_7" 7 500 1000 0.95 0.5 0.4 1 0.8
0.989194682100788 0.517134126008197 "experimento_7" 7 500 1000 0.95 0.5 0.4 1 0.8
0.994867340894416 0.398380184701424 "experimento_7" 7 500 1000 0.95 0.5 0.4 1 0.8
0.9987137040589 0.708182801305637 "experimento_7" 7 500 1000 0.95 0.5 0.4 1 0.8
0.991139887133613 0.669059100067958 "experimento_7" 7 500 1000 0.95 0.5 0.4 1 0.8
0.998469379032031 0.504088467413133 "experimento_7" 7 500 1000 0.95 0.5 0.4 1 0.8
0.995480400975794 0.601684572299645 "experimento_7" 7 500 1000 0.95 0.5 0.4 1 0.8
0.998607194283977 0.583683076899584 "experimento_7" 7 500 1000 0.95 0.5 0.4 1 0.8
0.98606890742667 0.75701598088952 "experimento_7" 7 500 1000 0.95 0.5 0.4 1 0.8
0.999831316526979 0.67938983133815 "experimento_7" 7 500 1000 0.95 0.5 0.4 1 0.8
0.555418862262741 3.20494933415487 "experimento_7" 7 500 1000 0.95 0.5 0.4 1 0.8
0.997899306472391 0.372331763668531 "experimento_7" 7 500 1000 0.95 0.5 0.4 1 0.8
0.994998561684042 0.596926029621313 "experimento_7" 7 500 1000 0.95 0.5 0.4 1 0.8
0.981919850222766 0.60329892274141 "experimento_7" 7 500 1000 0.95 0.5 0.4 1 0.8
0.996722773183137 0.651101822059201 "experimento_7" 7 500 1000 0.95 0.5 0.4 1 0.8
1.0066965026781 0.470061637201024 "experimento_7" 7 500 1000 0.95 0.5 0.4 1 0.8
1.01647468302059 0.79819519690949 "experimento_7" 7 500 1000 0.95 0.5 0.4 1 0.8
0.986577865667641 0.530661599500542 "experimento_7" 7 500 1000 0.95 0.5 0.4 1 0.8
0.992959630442783 0.582502792923898 "experimento_7" 7 500 1000 0.95 0.5 0.4 1 0.8
0.993985025910661 0.716592451826141 "experimento_7" 7 500 1000 0.95 0.5 0.4 1 0.8
1.18952720844541 0.438615615943821 "experimento_7" 7 500 1000 0.95 0.5 0.4 1 0.8
0.994862554129213 0.617895761941148 "experimento_7" 7 500 1000 0.95 0.5 0.4 1 0.8
0.985646249493584 0.604618979566653 "experimento_7" 7 500 1000 0.95 0.5 0.4 1 0.8
0.990073648514226 0.580943559576195 "experimento_7" 7 500 1000 0.95 0.5 0.4 1 0.8
1.03712907988489 0.525015050913523 "experimento_7" 7 500 1000 0.95 0.5 0.4 1 0.8
1.03788387775421 0.465305291036868 "experimento_7" 7 500 1000 0.95 0.5 0.4 1 0.8
0.995308664161712 0.553586561286659 "experimento_7" 7 500 1000 0.95 0.5 0.4 1 0.8
0.998626260319725 0.492520193957925 "experimento_7" 7 500 1000 0.95 0.5 0.4 1 0.8
0.999136010417715 0.49513517293908 "experimento_7" 7 500 1000 0.95 0.5 0.4 1 0.8
0.99993280088529 0.473602709287743 "experimento_7" 7 500 1000 0.95 0.5 0.4 1 0.8
1.01630124263465 0.406617810316107 "experimento_7" 7 500 1000 0.95 0.5 0.4 1 0.8
0.988322224700823 0.617316847058169 "experimento_7" 7 500 1000 0.95 0.5 0.4 1 0.8
0.998949333559722 0.795014761279286 "experimento_7" 7 500 1000 0.95 0.5 0.4 1 0.8
0.996764590730891 0.611101971150525 "experimento_7" 7 500 1000 0.95 0.5 0.4 1 0.8
0.992063238052651 0.504070738497634 "experimento_7" 7 500 1000 0.95 0.5 0.4 1 0.8
0.998382462887093 0.593603691531616 "experimento_7" 7 500 1000 0.95 0.5 0.4 1 0.8
0.985867267241701 0.538923254457562 "experimento_7" 7 500 1000 0.95 0.5 0.4 1 0.8
1.86557406093925 0.316494638574901 "experimento_7" 7 500 1000 0.95 0.5 0.4 1 0.8
1.16902315057814 0.558458497684812 "experimento_7" 7 500 1000 0.95 0.5 0.4 1 0.8
0.994296097196639 0.59749791668555 "experimento_7" 7 500 1000 0.95 0.5 0.4 1 0.8
0.993998599471524 0.815921429553971 "experimento_7" 7 500 1000 0.95 0.5 0.4 1 0.8
1.0000259084627 0.646182140997975 "experimento_7" 7 500 1000 0.95 0.5 0.4 1 0.8
0.985828324686736 0.697296552916254 "experimento_7" 7 500 1000 0.95 0.5 0.4 1 0.8
0.998081414727494 0.557608766237259 "experimento_7" 7 500 1000 0.95 0.5 0.4 1 0.8
1.14315464906394 0.471130260442928 "experimento_7" 7 500 1000 0.95 0.5 0.4 1 0.8
1.10198526084423 0.429211536592026 "experimento_7" 7 500 1000 0.95 0.5 0.4 1 0.8
1.43357852194458 0.415611618918103 "experimento_7" 7 500 1000 0.95 0.5 0.4 1 0.8
1.06993678119034 0.424104622333656 "experimento_7" 7 500 1000 0.95 0.5 0.4 1 0.8
0.99109899555333 0.519396356571501 "experimento_7" 7 500 1000 0.95 0.5 0.4 1 0.8
0.996894211973995 0.40732456064384 "experimento_7" 7 500 1000 0.95 0.5 0.4 1 0.8
0.995700562605634 0.463806382510498 "experimento_7" 7 500 1000 0.95 0.5 0.4 1 0.8
0.996606154367328 0.472031349612795 "experimento_7" 7 500 1000 0.95 0.5 0.4 1 0.8
0.998074129689485 0.519661654634393 "experimento_7" 7 500 1000 0.95 0.5 0.4 1 0.8
0.993310446850955 0.582036807889852 "experimento_7" 7 500 1000 0.95 0.5 0.4 1 0.8
0.996511852135882 0.664424669764493 "experimento_7" 7 500 1000 0.95 0.5 0.4 1 0.8
0.998433864442632 0.498703460333003 "experimento_7" 7 500 1000 0.95 0.5 0.4 1 0.8
0.992358217714354 0.537897777073731 "experimento_7" 7 500 1000 0.95 0.5 0.4 1 0.8
0.987757352879271 0.75990121402151 "experimento_7" 7 500 1000 0.95 0.5 0.4 1 0.8
1.00755647019631 0.57105554374487 "experimento_7" 7 500 1000 0.95 0.5 0.4 1 0.8
1.08504092041403 0.464307027783056 "experimento_7" 7 500 1000 0.95 0.5 0.4 1 0.8
0.978470499394462 0.574721620587298 "experimento_7" 7 500 1000 0.95 0.5 0.4 1 0.8
1.06414159237524 0.535704681326126 "experimento_7" 7 500 1000 0.95 0.5 0.4 1 0.8
1.05552896484733 0.556708429929348 "experimento_7" 7 500 1000 0.95 0.5 0.4 1 0.8
0.997415601043031 0.416037888470244 "experimento_7" 7 500 1000 0.95 0.5 0.4 1 0.8
0.997399263316765 0.471473920935243 "experimento_7" 7 500 1000 0.95 0.5 0.4 1 0.8
1.01848901156336 0.431901809922116 "experimento_7" 7 500 1000 0.95 0.5 0.4 1 0.8
0.991920643253252 0.482594801802768 "experimento_7" 7 500 1000 0.95 0.5 0.4 1 0.8
1.06700327899307 0.552116297085826 "experimento_7" 7 500 1000 0.95 0.5 0.4 1 0.8
0.999512338079512 0.713336577351105 "experimento_7" 7 500 1000 0.95 0.5 0.4 1 0.8
0.997461509658024 0.57985853555289 "experimento_7" 7 500 1000 0.95 0.5 0.4 1 0.8
0.998031282564625 0.454590775263225 "experimento_7" 7 500 1000 0.95 0.5 0.4 1 0.8
0.992243683896959 0.498935205406057 "experimento_7" 7 500 1000 0.95 0.5 0.4 1 0.8
0.995230246335268 0.565797207499432 "experimento_7" 7 500 1000 0.95 0.5 0.4 1 0.8
0.992629115236923 0.497960338197815 "experimento_7" 7 500 1000 0.95 0.5 0.4 1 0.8
0.997310645878315 0.574261940393292 "experimento_7" 7 500 1000 0.95 0.5 0.4 1 0.8
0.992585243890062 0.747716514668552 "experimento_7" 7 500 1000 0.95 0.5 0.4 1 0.8
1.03547592274845 0.864981486635964 "experimento_7" 7 500 1000 0.95 0.5 0.4 1 0.8
0.994754963554442 0.605207805057976 "experimento_7" 7 500 1000 0.95 0.5 0.4 1 0.8
0.534705210011452 2.41298605953503 "experimento_7" 7 500 1000 0.95 0.5 0.4 1 0.8
1.04226553294287 0.629988808243583 "experimento_7" 7 500 1000 0.95 0.5 0.4 1 0.8
0.999933026731014 0.577558784586909 "experimento_7" 7 500 1000 0.95 0.5 0.4 1 0.8
1.166250695071 0.46566560283285 "experimento_7" 7 500 1000 0.95 0.5 0.4 1 0.8
0.994043879210949 0.457735989040206 "experimento_7" 7 500 1000 0.95 0.5 0.4 1 0.8
0.991075842641294 0.438712957478568 "experimento_7" 7 500 1000 0.95 0.5 0.4 1 0.8
0.994117777328938 0.426585377911364 "experimento_7" 7 500 1000 0.95 0.5 0.4 1 0.8
0.999070362886414 0.409310632421931 "experimento_7" 7 500 1000 0.95 0.5 0.4 1 0.8
0.995962281478569 0.687119847379844 "experimento_7" 7 500 1000 0.95 0.5 0.4 1 0.8
1.00323304068297 0.348601034667418 "experimento_7" 7 500 1000 0.95 0.5 0.4 1 0.8
0.991395983379334 0.40718802123684 "experimento_7" 7 500 1000 0.95 0.5 0.4 1 0.8
0.99083561799489 0.827160475180182 "experimento_7" 7 500 1000 0.95 0.5 0.4 1 0.8
0.99045151239261 0.474705312993488 "experimento_7" 7 500 1000 0.95 0.5 0.4 1 0.8
0.997826201608405 0.528211031866577 "experimento_7" 7 500 1000 0.95 0.5 0.4 1 0.8
0.998380542965606 0.717979781489012 "experimento_7" 7 500 1000 0.95 0.5 0.4 1 0.8
0.999242031248286 0.416190295905197 "experimento_7" 7 500 1000 0.95 0.5 0.4 1 0.8
0.997671791585162 0.588796333125466 "experimento_7" 7 500 1000 0.95 0.5 0.4 1 0.8
0.995357896201313 0.573070918358398 "experimento_7" 7 500 1000 0.95 0.5 0.4 1 0.8
0.988530631177127 0.561962846896613 "experimento_7" 7 500 1000 0.95 0.5 0.4 1 0.8
0.991945466026664 0.57797812784871 "experimento_7" 7 500 1000 0.95 0.5 0.4 1 0.8
0.996965852566063 0.489447300505415 "experimento_7" 7 500 1000 0.95 0.5 0.4 1 0.8
0.995962666813284 0.643444511781244 "experimento_7" 7 500 1000 0.95 0.5 0.4 1 0.8
1.02605075869327 0.574359950193967 "experimento_7" 7 500 1000 0.95 0.5 0.4 1 0.8
0.999361447058618 0.467897042746509 "experimento_7" 7 500 1000 0.95 0.5 0.4 1 0.8
0.993054345017299 0.454227676368386 "experimento_7" 7 500 1000 0.95 0.5 0.4 1 0.8
0.998140239622444 0.644447733246713 "experimento_7" 7 500 1000 0.95 0.5 0.4 1 0.8
0.997493236092851 0.497436395457006 "experimento_7" 7 500 1000 0.95 0.5 0.4 1 0.8
1.00570253703375 0.382343203469031 "experimento_7" 7 500 1000 0.95 0.5 0.4 1 0.8
0.99748268793337 0.455405746650826 "experimento_7" 7 500 1000 0.95 0.5 0.4 1 0.8
0.994519448373467 0.718251758347142 "experimento_7" 7 500 1000 0.95 0.5 0.4 1 0.8
1.08803611528128 0.429347696094082 "experimento_7" 7 500 1000 0.95 0.5 0.4 1 0.8
0.997054666047916 0.582775380923881 "experimento_7" 7 500 1000 0.95 0.5 0.4 1 0.8
1.0349994879216 0.707130021194979 "experimento_7" 7 500 1000 0.95 0.5 0.4 1 0.8
0.994936087168753 0.542949371299344 "experimento_7" 7 500 1000 0.95 0.5 0.4 1 0.8
0.999432338168845 0.521025742215659 "experimento_7" 7 500 1000 0.95 0.5 0.4 1 0.8
0.999333767453209 0.544724344429689 "experimento_7" 7 500 1000 0.95 0.5 0.4 1 0.8
1.00681676984698 0.466025320509213 "experimento_7" 7 500 1000 0.95 0.5 0.4 1 0.8
0.998147540492937 0.457182040029008 "experimento_7" 7 500 1000 0.95 0.5 0.4 1 0.8
0.998138701776043 0.57850104491826 "experimento_7" 7 500 1000 0.95 0.5 0.4 1 0.8
0.993384978501126 0.678562515512428 "experimento_7" 7 500 1000 0.95 0.5 0.4 1 0.8
0.987293736776337 0.623953388335054 "experimento_7" 7 500 1000 0.95 0.5 0.4 1 0.8
0.99944069632329 0.643849639898461 "experimento_7" 7 500 1000 0.95 0.5 0.4 1 0.8
1.41238749586046 0.36705683032742 "experimento_7" 7 500 1000 0.95 0.5 0.4 1 0.8
0.989480773452669 0.533320185658845 "experimento_7" 7 500 1000 0.95 0.5 0.4 1 0.8
0.996031301794574 0.832798414912533 "experimento_7" 7 500 1000 0.95 0.5 0.4 1 0.8
0.991796970134601 0.312229815169351 "experimento_7" 7 500 1000 0.95 0.5 0.4 1 0.8
1.16179969216788 0.403581856365296 "experimento_7" 7 500 1000 0.95 0.5 0.4 1 0.8
0.998352893162519 0.527806890796661 "experimento_7" 7 500 1000 0.95 0.5 0.4 1 0.8
0.998229787917808 0.37785920156585 "experimento_7" 7 500 1000 0.95 0.5 0.4 1 0.8
0.99734930251725 0.599035374063638 "experimento_7" 7 500 1000 0.95 0.5 0.4 1 0.8
0.997554771369323 0.585226227635212 "experimento_7" 7 500 1000 0.95 0.5 0.4 1 0.8
1.17770591496664 0.534372422801925 "experimento_7" 7 500 1000 0.95 0.5 0.4 1 0.8
0.984450091607869 0.599728417636745 "experimento_7" 7 500 1000 0.95 0.5 0.4 1 0.8
0.998373542213812 0.543995009572282 "experimento_7" 7 500 1000 0.95 0.5 0.4 1 0.8
0.991960089886561 0.580479084120508 "experimento_7" 7 500 1000 0.95 0.5 0.4 1 0.8
0.513977973954752 3.03298712774267 "experimento_7" 7 500 1000 0.95 0.5 0.4 1 0.8
0.992282082792372 0.662268124450357 "experimento_7" 7 500 1000 0.95 0.5 0.4 1 0.8
0.999166859779507 0.517312226235066 "experimento_7" 7 500 1000 0.95 0.5 0.4 1 0.8
1.11392516456544 0.518869484346978 "experimento_7" 7 500 1000 0.95 0.5 0.4 1 0.8
1.02168516379282 0.453190343536675 "experimento_7" 7 500 1000 0.95 0.5 0.4 1 0.8
1.0912393133953 0.345691906141622 "experimento_7" 7 500 1000 0.95 0.5 0.4 1 0.8
0.995911853387952 0.380186675772128 "experimento_7" 7 500 1000 0.95 0.5 0.4 1 0.8
0.994561887346208 0.553621233772307 "experimento_7" 7 500 1000 0.95 0.5 0.4 1 0.8
0.998972645960748 0.720108909638013 "experimento_7" 7 500 1000 0.95 0.5 0.4 1 0.8
1.0041752839461 0.464581281979692 "experimento_7" 7 500 1000 0.95 0.5 0.4 1 0.8
1.17722582321052 0.460536709598457 "experimento_7" 7 500 1000 0.95 0.5 0.4 1 0.8
1.27543502810761 0.44843215587436 "experimento_7" 7 500 1000 0.95 0.5 0.4 1 0.8
0.996271624462679 0.614768625265157 "experimento_7" 7 500 1000 0.95 0.5 0.4 1 0.8
1.08971036504954 0.493062006852023 "experimento_7" 7 500 1000 0.95 0.5 0.4 1 0.8
0.997921154368669 0.34397007833898 "experimento_7" 7 500 1000 0.95 0.5 0.4 1 0.8
0.997277378570288 0.578501716794669 "experimento_7" 7 500 1000 0.95 0.5 0.4 1 0.8
0.997350275050849 0.408198677676254 "experimento_7" 7 500 1000 0.95 0.5 0.4 1 0.8
0.999773256015033 0.591256510316773 "experimento_7" 7 500 1000 0.95 0.5 0.4 1 0.8
1.06891423929483 0.467339515225307 "experimento_7" 7 500 1000 0.95 0.5 0.4 1 0.8
2.14023773994136 0.535532102927188 "experimento_7" 7 500 1000 0.95 0.5 0.4 1 0.8
0.999220823403448 0.441017343915859 "experimento_7" 7 500 1000 0.95 0.5 0.4 1 0.8
0.996991396415979 0.577032384375561 "experimento_7" 7 500 1000 0.95 0.5 0.4 1 0.8
0.515238346997648 3.24268049861308 "experimento_7" 7 500 1000 0.95 0.5 0.4 1 0.8
1.10158751811832 0.494017160684967 "experimento_7" 7 500 1000 0.95 0.5 0.4 1 0.8
0.991187799256295 0.533141716882002 "experimento_7" 7 500 1000 0.95 0.5 0.4 1 0.8
0.998625359497964 0.565255619013353 "experimento_7" 7 500 1000 0.95 0.5 0.4 1 0.8
1.01429030124495 0.344017377782097 "experimento_7" 7 500 1000 0.95 0.5 0.4 1 0.8
0.996223725378513 0.614247035977203 "experimento_7" 7 500 1000 0.95 0.5 0.4 1 0.8
1.03681724423091 0.654605274970297 "experimento_7" 7 500 1000 0.95 0.5 0.4 1 0.8
1.02667242661119 0.371459828112637 "experimento_7" 7 500 1000 0.95 0.5 0.4 1 0.8
0.99131006328389 0.543078682225058 "experimento_7" 7 500 1000 0.95 0.5 0.4 1 0.8
1.15458958037198 0.509184769291679 "experimento_7" 7 500 1000 0.95 0.5 0.4 1 0.8
0.992577319266275 0.508182142480428 "experimento_7" 7 500 1000 0.95 0.5 0.4 1 0.8
0.996933618560433 0.488969716107907 "experimento_7" 7 500 1000 0.95 0.5 0.4 1 0.8
0.994312995579094 0.759381350317322 "experimento_7" 7 500 1000 0.95 0.5 0.4 1 0.8
0.989757061237469 0.543598720001762 "experimento_7" 7 500 1000 0.95 0.5 0.4 1 0.8
0.995651577366516 0.492258540578647 "experimento_7" 7 500 1000 0.95 0.5 0.4 1 0.8
0.995926997158676 0.469578149116187 "experimento_7" 7 500 1000 0.95 0.5 0.4 1 0.8
0.99999662488699 0.739759706646336 "experimento_7" 7 500 1000 0.95 0.5 0.4 1 0.8
0.995702065527439 0.678744760375595 "experimento_7" 7 500 1000 0.95 0.5 0.4 1 0.8
0.998250045580789 0.554716902922099 "experimento_7" 7 500 1000 0.95 0.5 0.4 1 0.8
0.990147091681138 0.492897502143444 "experimento_7" 7 500 1000 0.95 0.5 0.4 1 0.8
0.99775308277458 0.495606748555487 "experimento_7" 7 500 1000 0.95 0.5 0.4 1 0.8
0.994802152039483 0.598167688060135 "experimento_7" 7 500 1000 0.95 0.5 0.4 1 0.8
0.998438710579649 0.473797452445031 "experimento_7" 7 500 1000 0.95 0.5 0.4 1 0.8
0.997678061248735 0.631118564344476 "experimento_7" 7 500 1000 0.95 0.5 0.4 1 0.8
0.493349864380434 2.7966724408678 "experimento_7" 7 500 1000 0.95 0.5 0.4 1 0.8
0.991537432651967 0.438483161591839 "experimento_7" 7 500 1000 0.95 0.5 0.4 1 0.8
0.998612334020436 0.427647560968195 "experimento_7" 7 500 1000 0.95 0.5 0.4 1 0.8
1.01633592881262 0.474663516312272 "experimento_7" 7 500 1000 0.95 0.5 0.4 1 0.8
0.998248625546694 0.682210554282145 "experimento_7" 7 500 1000 0.95 0.5 0.4 1 0.8
0.989736922550946 0.59093878161579 "experimento_7" 7 500 1000 0.95 0.5 0.4 1 0.8
0.490664107957855 2.19795933339214 "experimento_7" 7 500 1000 0.95 0.5 0.4 1 0.8
1.14568992052227 0.525039488110016 "experimento_7" 7 500 1000 0.95 0.5 0.4 1 0.8
1.00119760961292 0.753440424739977 "experimento_7" 7 500 1000 0.95 0.5 0.4 1 0.8
0.999900959897786 0.469999229150003 "experimento_7" 7 500 1000 0.95 0.5 0.4 1 0.8
0.517649899236858 2.50625921387921 "experimento_7" 7 500 1000 0.95 0.5 0.4 1 0.8
1.27239038845281 0.526856630089951 "experimento_7" 7 500 1000 0.95 0.5 0.4 1 0.8
0.990081361029297 0.477686506305218 "experimento_7" 7 500 1000 0.95 0.5 0.4 1 0.8
0.995306250406429 0.645892155753315 "experimento_7" 7 500 1000 0.95 0.5 0.4 1 0.8
0.993305467767641 0.458844670712185 "experimento_7" 7 500 1000 0.95 0.5 0.4 1 0.8
0.972538930829614 0.630446227566372 "experimento_7" 7 500 1000 0.95 0.5 0.4 1 0.8
0.995226077036932 0.538882284646356 "experimento_7" 7 500 1000 0.95 0.5 0.4 1 0.8
0.990128516452387 0.462217187308301 "experimento_7" 7 500 1000 0.95 0.5 0.4 1 0.8
1.02071359287947 0.618006416934868 "experimento_7" 7 500 1000 0.95 0.5 0.4 1 0.8
0.998022665968165 0.54502932914716 "experimento_7" 7 500 1000 0.95 0.5 0.4 1 0.8
0.994922638405114 0.610142407496249 "experimento_7" 7 500 1000 0.95 0.5 0.4 1 0.8
1.00252665579319 0.481715310876825 "experimento_7" 7 500 1000 0.95 0.5 0.4 1 0.8
0.994690152816474 0.464681420555116 "experimento_7" 7 500 1000 0.95 0.5 0.4 1 0.8
0.991545017808676 0.487995631740971 "experimento_7" 7 500 1000 0.95 0.5 0.4 1 0.8
0.99739554990083 0.482191914497706 "experimento_7" 7 500 1000 0.95 0.5 0.4 1 0.8
0.994310897774994 0.776841663188891 "experimento_7" 7 500 1000 0.95 0.5 0.4 1 0.8
1.24744177896458 0.549072412325887 "experimento_7" 7 500 1000 0.95 0.5 0.4 1 0.8
1.14563420694321 0.520925097215588 "experimento_7" 7 500 1000 0.95 0.5 0.4 1 0.8
0.999356361106038 0.479543479875501 "experimento_7" 7 500 1000 0.95 0.5 0.4 1 0.8
0.992032921640202 0.532731241997516 "experimento_7" 7 500 1000 0.95 0.5 0.4 1 0.8
0.998923805076629 0.383749534670403 "experimento_7" 7 500 1000 0.95 0.5 0.4 1 0.8
0.989880492677912 0.491686693025975 "experimento_7" 7 500 1000 0.95 0.5 0.4 1 0.8
0.992811325239018 0.69529077796972 "experimento_7" 7 500 1000 0.95 0.5 0.4 1 0.8
0.999000481562689 0.589775265986455 "experimento_7" 7 500 1000 0.95 0.5 0.4 1 0.8
0.99702857946977 0.45585041189046 "experimento_7" 7 500 1000 0.95 0.5 0.4 1 0.8
0.995833445107564 0.481196323387959 "experimento_7" 7 500 1000 0.95 0.5 0.4 1 0.8
1.01152206398547 0.330711516771288 "experimento_7" 7 500 1000 0.95 0.5 0.4 1 0.8
0.986981728114188 0.398470321464307 "experimento_7" 7 500 1000 0.95 0.5 0.4 1 0.8
1.78653620742261 0.27613835522718 "experimento_7" 7 500 1000 0.95 0.5 0.4 1 0.8
0.99510366586037 0.645393075452737 "experimento_7" 7 500 1000 0.95 0.5 0.4 1 0.8
0.525017178151757 2.77154292735028 "experimento_7" 7 500 1000 0.95 0.5 0.4 1 0.8
0.991032068384811 0.594505593032654 "experimento_7" 7 500 1000 0.95 0.5 0.4 1 0.8
1.13313789255632 0.338162695973159 "experimento_7" 7 500 1000 0.95 0.5 0.4 1 0.8
1.02745887556081 0.585287243866059 "experimento_7" 7 500 1000 0.95 0.5 0.4 1 0.8
0.999291300773621 0.433546596882167 "experimento_7" 7 500 1000 0.95 0.5 0.4 1 0.8
1.01076157004577 0.525417600891159 "experimento_7" 7 500 1000 0.95 0.5 0.4 1 0.8
0.978131985059008 0.636817799522272 "experimento_7" 7 500 1000 0.95 0.5 0.4 1 0.8
0.997785641346127 0.561315169844323 "experimento_7" 7 500 1000 0.95 0.5 0.4 1 0.8
0.996845207875594 0.515854441828005 "experimento_7" 7 500 1000 0.95 0.5 0.4 1 0.8
0.502265743445605 3.22072349317688 "experimento_7" 7 500 1000 0.95 0.5 0.4 1 0.8
0.997891142731532 0.524987209976809 "experimento_7" 7 500 1000 0.95 0.5 0.4 1 0.8
0.998641119571403 0.571849800649786 "experimento_7" 7 500 1000 0.95 0.5 0.4 1 0.8
1.02534979515698 0.483487916368674 "experimento_7" 7 500 1000 0.95 0.5 0.4 1 0.8
0.998137122252956 0.486641804949368 "experimento_7" 7 500 1000 0.95 0.5 0.4 1 0.8
1.27103151753545 0.60227530119196 "experimento_7" 7 500 1000 0.95 0.5 0.4 1 0.8
0.997525121551007 0.52275611991807 "experimento_7" 7 500 1000 0.95 0.5 0.4 1 0.8
1.18399841245264 0.526854674295914 "experimento_7" 7 500 1000 0.95 0.5 0.4 1 0.8
1.16964187566191 0.709467339267559 "experimento_7" 7 500 1000 0.95 0.5 0.4 1 0.8
1.29740975145251 0.416847749971275 "experimento_7" 7 500 1000 0.95 0.5 0.4 1 0.8
0.99826944898814 0.519505886720004 "experimento_7" 7 500 1000 0.95 0.5 0.4 1 0.8
1.51969048846513 0.398271746740135 "experimento_7" 7 500 1000 0.95 0.5 0.4 1 0.8
1.11798040289432 0.504091346858587 "experimento_7" 7 500 1000 0.95 0.5 0.4 1 0.8
0.994914028793573 0.466810286515653 "experimento_7" 7 500 1000 0.95 0.5 0.4 1 0.8
0.99893270782195 0.696530573917796 "experimento_7" 7 500 1000 0.95 0.5 0.4 1 0.8
0.996487276395783 0.580075749138979 "experimento_7" 7 500 1000 0.95 0.5 0.4 1 0.8
0.997493229340762 0.556649252875708 "experimento_7" 7 500 1000 0.95 0.5 0.4 1 0.8
0.999715480022132 0.555264970057842 "experimento_7" 7 500 1000 0.95 0.5 0.4 1 0.8
0.996909787179902 0.550342557471033 "experimento_7" 7 500 1000 0.95 0.5 0.4 1 0.8
1.08653502725065 0.389698435959543 "experimento_7" 7 500 1000 0.95 0.5 0.4 1 0.8
0.99813476158306 0.504019669775156 "experimento_7" 7 500 1000 0.95 0.5 0.4 1 0.8
1.07074965216102 0.488879940029633 "experimento_7" 7 500 1000 0.95 0.5 0.4 1 0.8
0.997397740837187 0.660026013056758 "experimento_7" 7 500 1000 0.95 0.5 0.4 1 0.8
1.33126158546656 0.32078235112813 "experimento_7" 7 500 1000 0.95 0.5 0.4 1 0.8
0.998048000736162 0.662012015615506 "experimento_7" 7 500 1000 0.95 0.5 0.4 1 0.8
0.995971976080909 0.544831281601515 "experimento_7" 7 500 1000 0.95 0.5 0.4 1 0.8
0.999068663455546 0.695648698803298 "experimento_7" 7 500 1000 0.95 0.5 0.4 1 0.8
1.04621956635201 0.472024905824344 "experimento_7" 7 500 1000 0.95 0.5 0.4 1 0.8
1.02615015627166 0.972899693649286 "experimento_7" 7 500 1000 0.95 0.5 0.4 1 0.8
0.998832245590165 0.582084819136904 "experimento_7" 7 500 1000 0.95 0.5 0.4 1 0.8
1.00108495611912 0.519293436762336 "experimento_7" 7 500 1000 0.95 0.5 0.4 1 0.8
0.997745159082115 0.550682066669294 "experimento_7" 7 500 1000 0.95 0.5 0.4 1 0.8
0.990090350387618 0.469981711901118 "experimento_7" 7 500 1000 0.95 0.5 0.4 1 0.8
0.996232975041494 0.563684147342979 "experimento_7" 7 500 1000 0.95 0.5 0.4 1 0.8
1.01703960448503 0.459378625628704 "experimento_7" 7 500 1000 0.95 0.5 0.4 1 0.8
0.532559319864959 2.5819108564972 "experimento_7" 7 500 1000 0.95 0.5 0.4 1 0.8
0.99674591049552 0.553401157693305 "experimento_7" 7 500 1000 0.95 0.5 0.4 1 0.8
0.995235774666071 0.543965172852003 "experimento_7" 7 500 1000 0.95 0.5 0.4 1 0.8
1.00045785773546 0.583074503434599 "experimento_7" 7 500 1000 0.95 0.5 0.4 1 0.8
0.989204851677641 0.450674374413386 "experimento_7" 7 500 1000 0.95 0.5 0.4 1 0.8
0.995861546369269 0.4232979701122 "experimento_7" 7 500 1000 0.95 0.5 0.4 1 0.8
0.991454293951392 0.43418993547445 "experimento_7" 7 500 1000 0.95 0.5 0.4 1 0.8
0.556070872815326 2.89636027408786 "experimento_7" 7 500 1000 0.95 0.5 0.4 1 0.8
1.01681466400623 0.475291371038006 "experimento_7" 7 500 1000 0.95 0.5 0.4 1 0.8
1.02911572530866 0.659012659910764 "experimento_7" 7 500 1000 0.95 0.5 0.4 1 0.8
1.56752412902872 0.494228086201772 "experimento_7" 7 500 1000 0.95 0.5 0.4 1 0.8
1.28601552173495 0.410815032891645 "experimento_7" 7 500 1000 0.95 0.5 0.4 1 0.8
0.99919834244065 0.487519448507533 "experimento_7" 7 500 1000 0.95 0.5 0.4 1 0.8
1.82267786096781 0.338943520892369 "experimento_7" 7 500 1000 0.95 0.5 0.4 1 0.8
1.01505948228017 0.433771283196286 "experimento_7" 7 500 1000 0.95 0.5 0.4 1 0.8
0.998783268500119 0.445029813310997 "experimento_7" 7 500 1000 0.95 0.5 0.4 1 0.8
0.990840112091973 0.655472686781673 "experimento_7" 7 500 1000 0.95 0.5 0.4 1 0.8
0.999505517072976 0.672888316777773 "experimento_7" 7 500 1000 0.95 0.5 0.4 1 0.8
1.02398997624898 0.531934532642948 "experimento_7" 7 500 1000 0.95 0.5 0.4 1 0.8
0.995285534532741 0.379654145025911 "experimento_7" 7 500 1000 0.95 0.5 0.4 1 0.8
0.996314035262913 0.425542540685512 "experimento_7" 7 500 1000 0.95 0.5 0.4 1 0.8
0.99025520356372 0.624900188357626 "experimento_7" 7 500 1000 0.95 0.5 0.4 1 0.8
0.998099517077208 0.768534170362085 "experimento_7" 7 500 1000 0.95 0.5 0.4 1 0.8
1.11428402367671 0.534027355057269 "experimento_7" 7 500 1000 0.95 0.5 0.4 1 0.8
0.998441117117181 0.424600642665899 "experimento_7" 7 500 1000 0.95 0.5 0.4 1 0.8
0.999618996400386 0.370461104607063 "experimento_7" 7 500 1000 0.95 0.5 0.4 1 0.8
0.994195086183026 0.564557089350487 "experimento_7" 7 500 1000 0.95 0.5 0.4 1 0.8
0.994963907403871 0.415479961430088 "experimento_7" 7 500 1000 0.95 0.5 0.4 1 0.8
0.999059024266899 0.671641108660236 "experimento_7" 7 500 1000 0.95 0.5 0.4 1 0.8
1.12464956659824 0.484963968209358 "experimento_7" 7 500 1000 0.95 0.5 0.4 1 0.8
0.994483440415934 0.64244446385874 "experimento_7" 7 500 1000 0.95 0.5 0.4 1 0.8
1.30152426753193 0.309067893945444 "experimento_7" 7 500 1000 0.95 0.5 0.4 1 0.8
0.998400073265657 0.582243410274558 "experimento_7" 7 500 1000 0.95 0.5 0.4 1 0.8
1.03795605934506 0.517602369154694 "experimento_7" 7 500 1000 0.95 0.5 0.4 1 0.8
0.997597653884441 0.611153095243453 "experimento_7" 7 500 1000 0.95 0.5 0.4 1 0.8
0.991156378062442 0.591007699714379 "experimento_7" 7 500 1000 0.95 0.5 0.4 1 0.8
1.93245609570295 0.327206282282105 "experimento_7" 7 500 1000 0.95 0.5 0.4 1 0.8
1.01217236398269 0.453414660837064 "experimento_7" 7 500 1000 0.95 0.5 0.4 1 0.8
0.997268546372652 0.464152973881806 "experimento_7" 7 500 1000 0.95 0.5 0.4 1 0.8
0.997611730592325 0.79282066652558 "experimento_7" 7 500 1000 0.95 0.5 0.4 1 0.8
0.999085331801325 0.584928039459731 "experimento_7" 7 500 1000 0.95 0.5 0.4 1 0.8
0.995403626700863 0.445332049315756 "experimento_7" 7 500 1000 0.95 0.5 0.4 1 0.8
0.989404331427068 0.485971407767696 "experimento_7" 7 500 1000 0.95 0.5 0.4 1 0.8
0.99344335263595 0.62376251684327 "experimento_7" 7 500 1000 0.95 0.5 0.4 1 0.8
0.992710075341165 0.762827701048564 "experimento_7" 7 500 1000 0.95 0.5 0.4 1 0.8
1.07982418686152 0.557815793145432 "experimento_7" 7 500 1000 0.95 0.5 0.4 1 0.8
0.995201218640432 0.752020188234665 "experimento_7" 7 500 1000 0.95 0.5 0.4 1 0.8
0.999441281193867 0.433047242559453 "experimento_7" 7 500 1000 0.95 0.5 0.4 1 0.8
0.999496425502002 0.708125930087903 "experimento_7" 7 500 1000 0.95 0.5 0.4 1 0.8
0.987574924714863 0.606030745942986 "experimento_7" 7 500 1000 0.95 0.5 0.4 1 0.8
0.995871918275952 0.620714931926183 "experimento_7" 7 500 1000 0.95 0.5 0.4 1 0.8
2.04191119223833 0.354520362993978 "experimento_7" 7 500 1000 0.95 0.5 0.4 1 0.8
0.989960590610281 0.534072070884246 "experimento_7" 7 500 1000 0.95 0.5 0.4 1 0.8
0.998590592294931 0.804854389407916 "experimento_7" 7 500 1000 0.95 0.5 0.4 1 0.8
1.24369271565969 0.540325122483799 "experimento_7" 7 500 1000 0.95 0.5 0.4 1 0.8
1.01932219974697 0.465485352616066 "experimento_7" 7 500 1000 0.95 0.5 0.4 1 0.8
1.20431121625006 0.359477600227892 "experimento_7" 7 500 1000 0.95 0.5 0.4 1 0.8
0.997599757742137 0.495723036600183 "experimento_7" 7 500 1000 0.95 0.5 0.4 1 0.8
0.996349211549386 0.535473657277609 "experimento_7" 7 500 1000 0.95 0.5 0.4 1 0.8
0.994945154292509 0.562767877210288 "experimento_7" 7 500 1000 0.95 0.5 0.4 1 0.8
0.99847841123119 0.562035671587944 "experimento_7" 7 500 1000 0.95 0.5 0.4 1 0.8
0.993437948171049 0.619201111765249 "experimento_7" 7 500 1000 0.95 0.5 0.4 1 0.8
1.12098259061419 0.462077295141606 "experimento_7" 7 500 1000 0.95 0.5 0.4 1 0.8
1.22002262079756 0.40870425526223 "experimento_7" 7 500 1000 0.95 0.5 0.4 1 0.8
0.987394611118361 0.541751867167987 "experimento_7" 7 500 1000 0.95 0.5 0.4 1 0.8
0.99529964546673 0.583160167836131 "experimento_7" 7 500 1000 0.95 0.5 0.4 1 0.8
0.99920682888478 0.70248967548929 "experimento_7" 7 500 1000 0.95 0.5 0.4 1 0.8
1.07625888664584 0.485300659341363 "experimento_7" 7 500 1000 0.95 0.5 0.4 1 0.8
0.996244410751387 0.701943954935368 "experimento_7" 7 500 1000 0.95 0.5 0.4 1 0.8
0.996074315626174 0.402209348834443 "experimento_7" 7 500 1000 0.95 0.5 0.4 1 0.8
0.997152158757672 0.592869972468859 "experimento_7" 7 500 1000 0.95 0.5 0.4 1 0.8
0.998419926501811 0.512654442937581 "experimento_7" 7 500 1000 0.95 0.5 0.4 1 0.8
1.42028427869081 0.402259468425397 "experimento_7" 7 500 1000 0.95 0.5 0.4 1 0.8
0.994213301688433 0.377832569993979 "experimento_7" 7 500 1000 0.95 0.5 0.4 1 0.8
0.998289680341259 0.500919112044307 "experimento_7" 7 500 1000 0.95 0.5 0.4 1 0.8
1.01946792352431 0.464284031911006 "experimento_7" 7 500 1000 0.95 0.5 0.4 1 0.8
0.993677344406024 0.757589612155885 "experimento_7" 7 500 1000 0.95 0.5 0.4 1 0.8
0.998932864982635 0.423056635659139 "experimento_7" 7 500 1000 0.95 0.5 0.4 1 0.8
0.989880939014256 0.486460387133818 "experimento_7" 7 500 1000 0.95 0.5 0.4 1 0.8
1.06850089039654 0.475592808944545 "experimento_7" 7 500 1000 0.95 0.5 0.4 1 0.8
0.995140862418339 0.530744157154935 "experimento_7" 7 500 1000 0.95 0.5 0.4 1 0.8
0.997114970814437 0.803391316835314 "experimento_7" 7 500 1000 0.95 0.5 0.4 1 0.8
0.994102688971907 0.646563707379491 "experimento_7" 7 500 1000 0.95 0.5 0.4 1 0.8
0.999121695291251 0.566088748546946 "experimento_7" 7 500 1000 0.95 0.5 0.4 1 0.8
0.993516816524789 0.534168409133859 "experimento_7" 7 500 1000 0.95 0.5 0.4 1 0.8
0.514990399358794 2.54176561652359 "experimento_7" 7 500 1000 0.95 0.5 0.4 1 0.8
0.991894007660449 0.575914476760569 "experimento_7" 7 500 1000 0.95 0.5 0.4 1 0.8
0.999712544959038 0.443521776112701 "experimento_7" 7 500 1000 0.95 0.5 0.4 1 0.8
0.992584153544158 0.479857926229557 "experimento_7" 7 500 1000 0.95 0.5 0.4 1 0.8
0.999698902480304 0.705306755902033 "experimento_7" 7 500 1000 0.95 0.5 0.4 1 0.8
0.993671656120569 0.679562983796361 "experimento_7" 7 500 1000 0.95 0.5 0.4 1 0.8
0.997139553073794 0.421460628995038 "experimento_7" 7 500 1000 0.95 0.5 0.4 1 0.8
1.52305495366454 0.781183773795162 "experimento_7" 7 500 1000 0.95 0.5 0.4 1 0.8
1.02636539471546 0.46506315212166 "experimento_7" 7 500 1000 0.95 0.5 0.4 1 0.8
0.998893758980557 0.532928023277533 "experimento_7" 7 500 1000 0.95 0.5 0.4 1 0.8
0.983400919707492 0.54141549618521 "experimento_7" 7 500 1000 0.95 0.5 0.4 1 0.8
1.00299412384629 0.681713818247047 "experimento_7" 7 500 1000 0.95 0.5 0.4 1 0.8
1.0018034176901 0.531614813265251 "experimento_7" 7 500 1000 0.95 0.5 0.4 1 0.8
0.993973603937775 0.507773048970245 "experimento_7" 7 500 1000 0.95 0.5 0.4 1 0.8
1.24441104754806 0.399036176845473 "experimento_7" 7 500 1000 0.95 0.5 0.4 1 0.8
1.03143786080182 0.638047966789693 "experimento_7" 7 500 1000 0.95 0.5 0.4 1 0.8
0.995212492998689 0.493849786617968 "experimento_7" 7 500 1000 0.95 0.5 0.4 1 0.8
1.05435107741505 0.468031695384538 "experimento_7" 7 500 1000 0.95 0.5 0.4 1 0.8
1.0010423483327 0.557885621837969 "experimento_7" 7 500 1000 0.95 0.5 0.4 1 0.8
0.998717458453029 0.511646532695272 "experimento_7" 7 500 1000 0.95 0.5 0.4 1 0.8
0.998889449052513 0.546686644577778 "experimento_7" 7 500 1000 0.95 0.5 0.4 1 0.8
1.01273728146114 0.645276979403349 "experimento_7" 7 500 1000 0.95 0.5 0.4 1 0.8
0.994674197863787 0.637151552128217 "experimento_7" 7 500 1000 0.95 0.5 0.4 1 0.8
1.02644556994158 0.487023959518057 "experimento_7" 7 500 1000 0.95 0.5 0.4 1 0.8
0.994292305316776 0.520785475551237 "experimento_7" 7 500 1000 0.95 0.5 0.4 1 0.8
0.999607068719342 0.570526021719318 "experimento_7" 7 500 1000 0.95 0.5 0.4 1 0.8
0.996619452023879 0.610931234196918 "experimento_7" 7 500 1000 0.95 0.5 0.4 1 0.8
0.995503171579912 0.817586471142955 "experimento_7" 7 500 1000 0.95 0.5 0.4 1 0.8
0.999833819223568 0.730659925556065 "experimento_7" 7 500 1000 0.95 0.5 0.4 1 0.8
1.18815045047291 0.505606314516203 "experimento_7" 7 500 1000 0.95 0.5 0.4 1 0.8
1.02478733845055 0.604136386465637 "experimento_7" 7 500 1000 0.95 0.5 0.4 1 0.8
0.992375296773389 0.486511369529628 "experimento_7" 7 500 1000 0.95 0.5 0.4 1 0.8
0.99703784706071 0.851045531505695 "experimento_7" 7 500 1000 0.95 0.5 0.4 1 0.8
0.99688645475544 0.605445081451061 "experimento_7" 7 500 1000 0.95 0.5 0.4 1 0.8
0.994761603418738 0.604284100221465 "experimento_7" 7 500 1000 0.95 0.5 0.4 1 0.8
0.998987784376368 0.524169627709603 "experimento_7" 7 500 1000 0.95 0.5 0.4 1 0.8
0.999634055187926 0.494731436138333 "experimento_7" 7 500 1000 0.95 0.5 0.4 1 0.8
0.999590025050566 0.504462720016315 "experimento_7" 7 500 1000 0.95 0.5 0.4 1 0.8
0.992835047654808 0.742472540616293 "experimento_7" 7 500 1000 0.95 0.5 0.4 1 0.8
0.989291077246889 0.630813534880316 "experimento_7" 7 500 1000 0.95 0.5 0.4 1 0.8
0.998652103589848 0.782000004628705 "experimento_7" 7 500 1000 0.95 0.5 0.4 1 0.8
0.998372125905007 0.531703304672337 "experimento_7" 7 500 1000 0.95 0.5 0.4 1 0.8
1.01843582745641 0.721759151935484 "experimento_7" 7 500 1000 0.95 0.5 0.4 1 0.8
0.999640025664121 0.59036826454615 "experimento_7" 7 500 1000 0.95 0.5 0.4 1 0.8
0.989254623418674 0.652909214261981 "experimento_7" 7 500 1000 0.95 0.5 0.4 1 0.8
1.02543838508427 0.470071535390695 "experimento_7" 7 500 1000 0.95 0.5 0.4 1 0.8
0.999134686542675 0.44575832024306 "experimento_7" 7 500 1000 0.95 0.5 0.4 1 0.8
0.999971555778757 0.525580606412501 "experimento_7" 7 500 1000 0.95 0.5 0.4 1 0.8
0.998778962297365 0.415809015334843 "experimento_7" 7 500 1000 0.95 0.5 0.4 1 0.8
0.514260634314269 2.66611772428847 "experimento_7" 7 500 1000 0.95 0.5 0.4 1 0.8
0.999610921135172 0.688875357691001 "experimento_7" 7 500 1000 0.95 0.5 0.4 1 0.8
1.03397998865694 0.526951138933561 "experimento_7" 7 500 1000 0.95 0.5 0.4 1 0.8
1.01380222011358 0.410838307649725 "experimento_7" 7 500 1000 0.95 0.5 0.4 1 0.8
0.993203298188746 0.775614899268813 "experimento_7" 7 500 1000 0.95 0.5 0.4 1 0.8
0.484023345401511 2.42116798959537 "experimento_7" 7 500 1000 0.95 0.5 0.4 1 0.8
0.996230982942507 0.569164078883784 "experimento_7" 7 500 1000 0.95 0.5 0.4 1 0.8
1.02303837239742 0.625627821039396 "experimento_7" 7 500 1000 0.95 0.5 0.4 1 0.8
0.989985633408651 0.651324086429156 "experimento_7" 7 500 1000 0.95 0.5 0.4 1 0.8
0.993627023184672 0.551093360993882 "experimento_7" 7 500 1000 0.95 0.5 0.4 1 0.8
0.999001798918471 0.633112501754702 "experimento_7" 7 500 1000 0.95 0.5 0.4 1 0.8
0.533956098603085 3.1192108429656 "experimento_7" 7 500 1000 0.95 0.5 0.4 1 0.8
0.989678653189912 0.715799045874266 "experimento_7" 7 500 1000 0.95 0.5 0.4 1 0.8
1.46249296143651 0.338853283966234 "experimento_7" 7 500 1000 0.95 0.5 0.4 1 0.8
0.991771951317787 0.652709642488357 "experimento_7" 7 500 1000 0.95 0.5 0.4 1 0.8
1.21704327949345 0.49645877221368 "experimento_7" 7 500 1000 0.95 0.5 0.4 1 0.8
0.988808794412762 0.514911191412958 "experimento_7" 7 500 1000 0.95 0.5 0.4 1 0.8
0.997247087070718 0.619449240272227 "experimento_7" 7 500 1000 0.95 0.5 0.4 1 0.8
0.995416963472962 0.469557065861616 "experimento_7" 7 500 1000 0.95 0.5 0.4 1 0.8
0.996700865449384 0.510001652515145 "experimento_7" 7 500 1000 0.95 0.5 0.4 1 0.8
0.998425079509616 0.480048862059891 "experimento_7" 7 500 1000 0.95 0.5 0.4 1 0.8
1.50217712111771 0.414340752369661 "experimento_7" 7 500 1000 0.95 0.5 0.4 1 0.8
1.00005505606532 0.760901693272227 "experimento_7" 7 500 1000 0.95 0.5 0.4 1 0.8
0.99836109788157 0.493429698422198 "experimento_7" 7 500 1000 0.95 0.5 0.4 1 0.8
0.998735070694238 0.464243761161083 "experimento_7" 7 500 1000 0.95 0.5 0.4 1 0.8
0.514953071251512 2.18233522301464 "experimento_7" 7 500 1000 0.95 0.5 0.4 1 0.8
0.994546150323004 0.520922132872394 "experimento_7" 7 500 1000 0.95 0.5 0.4 1 0.8
0.997694492805749 0.343582568342246 "experimento_7" 7 500 1000 0.95 0.5 0.4 1 0.8
0.99889520322904 0.600109453750592 "experimento_7" 7 500 1000 0.95 0.5 0.4 1 0.8
0.990474915131927 0.580596279129783 "experimento_7" 7 500 1000 0.95 0.5 0.4 1 0.8
0.996865239692852 0.625188702401835 "experimento_7" 7 500 1000 0.95 0.5 0.4 1 0.8
0.993375232908875 0.464414679683754 "experimento_7" 7 500 1000 0.95 0.5 0.4 1 0.8
1.05914857039407 0.450486447113429 "experimento_7" 7 500 1000 0.95 0.5 0.4 1 0.8
0.996376594761387 0.56371602276632 "experimento_7" 7 500 1000 0.95 0.5 0.4 1 0.8
0.999552441993728 0.7763852723291 "experimento_7" 7 500 1000 0.95 0.5 0.4 1 0.8
1.10850414820015 0.434881772303307 "experimento_7" 7 500 1000 0.95 0.5 0.4 1 0.8
0.999920567730442 0.584569015190649 "experimento_7" 7 500 1000 0.95 0.5 0.4 1 0.8
0.993726932676509 0.596581772006376 "experimento_7" 7 500 1000 0.95 0.5 0.4 1 0.8
0.997351829661056 0.337824373098677 "experimento_7" 7 500 1000 0.95 0.5 0.4 1 0.8
0.996920640114695 0.560566126535744 "experimento_7" 7 500 1000 0.95 0.5 0.4 1 0.8
0.992167308926582 0.508599854519013 "experimento_7" 7 500 1000 0.95 0.5 0.4 1 0.8
0.998500401619822 0.636171439410221 "experimento_7" 7 500 1000 0.95 0.5 0.4 1 0.8
1.03917747757488 0.66898131558692 "experimento_7" 7 500 1000 0.95 0.5 0.4 1 0.8
0.999560616910458 0.4781229490538 "experimento_7" 7 500 1000 0.95 0.5 0.4 1 0.8
0.992856374010444 0.693075034001776 "experimento_7" 7 500 1000 0.95 0.5 0.4 1 0.8
0.997179877944291 0.521039898426737 "experimento_7" 7 500 1000 0.95 0.5 0.4 1 0.8
1.39651574264265 0.368524368599884 "experimento_7" 7 500 1000 0.95 0.5 0.4 1 0.8
1.017907133332 0.569612663138804 "experimento_7" 7 500 1000 0.95 0.5 0.4 1 0.8
1.14862045925111 0.48247321906803 "experimento_7" 7 500 1000 0.95 0.5 0.4 1 0.8
0.998469243058935 0.540440128103629 "experimento_7" 7 500 1000 0.95 0.5 0.4 1 0.8
0.992597582750022 0.543243100582783 "experimento_7" 7 500 1000 0.95 0.5 0.4 1 0.8
0.998221135465428 0.458667077054513 "experimento_7" 7 500 1000 0.95 0.5 0.4 1 0.8
1.00140563864261 0.6121923294131 "experimento_7" 7 500 1000 0.95 0.5 0.4 1 0.8
0.999365070601925 0.55826443825717 "experimento_7" 7 500 1000 0.95 0.5 0.4 1 0.8
0.997656651306897 0.600787724697798 "experimento_7" 7 500 1000 0.95 0.5 0.4 1 0.8
1.02492703683674 0.694098933783545 "experimento_7" 7 500 1000 0.95 0.5 0.4 1 0.8
1.02167464530513 0.520247994689415 "experimento_7" 7 500 1000 0.95 0.5 0.4 1 0.8
0.995575111126527 0.33492331639154 "experimento_7" 7 500 1000 0.95 0.5 0.4 1 0.8
0.999147094553337 0.518297462179446 "experimento_7" 7 500 1000 0.95 0.5 0.4 1 0.8
0.993852581596002 0.704496858651023 "experimento_7" 7 500 1000 0.95 0.5 0.4 1 0.8
0.996562292100862 0.650313946794353 "experimento_7" 7 500 1000 0.95 0.5 0.4 1 0.8
0.997256804257631 0.486918090812188 "experimento_7" 7 500 1000 0.95 0.5 0.4 1 0.8
0.997302556410432 0.469473450320509 "experimento_7" 7 500 1000 0.95 0.5 0.4 1 0.8
0.993140822742134 0.626932296137362 "experimento_7" 7 500 1000 0.95 0.5 0.4 1 0.8
0.999992894241586 0.639155719107088 "experimento_7" 7 500 1000 0.95 0.5 0.4 1 0.8
1.02531226258725 0.380709232211206 "experimento_7" 7 500 1000 0.95 0.5 0.4 1 0.8
0.537423262372613 2.16486559640848 "experimento_7" 7 500 1000 0.95 0.5 0.4 1 0.8
0.994406899437308 0.561332026974641 "experimento_7" 7 500 1000 0.95 0.5 0.4 1 0.8
0.999842801131308 0.662409493176242 "experimento_7" 7 500 1000 0.95 0.5 0.4 1 0.8
0.998817819869146 0.635430586057862 "experimento_7" 7 500 1000 0.95 0.5 0.4 1 0.8
0.994634841335937 0.646721993421446 "experimento_7" 7 500 1000 0.95 0.5 0.4 1 0.8
0.99840733059682 0.60311585532979 "experimento_7" 7 500 1000 0.95 0.5 0.4 1 0.8
1.09367991238832 0.455408360131284 "experimento_7" 7 500 1000 0.95 0.5 0.4 1 0.8
0.999148943927139 0.452413341024166 "experimento_7" 7 500 1000 0.95 0.5 0.4 1 0.8
0.995966769289225 0.523917889081528 "experimento_7" 7 500 1000 0.95 0.5 0.4 1 0.8
0.989648497197777 0.524012743629025 "experimento_7" 7 500 1000 0.95 0.5 0.4 1 0.8
1.40139393508434 0.471330091848197 "experimento_7" 7 500 1000 0.95 0.5 0.4 1 0.8
1.04048575466666 0.690069791620819 "experimento_7" 7 500 1000 0.95 0.5 0.4 1 0.8
0.998338939156383 0.525783842177203 "experimento_7" 7 500 1000 0.95 0.5 0.4 1 0.8
0.999363393289968 0.363580796989763 "experimento_7" 7 500 1000 0.95 0.5 0.4 1 0.8
0.981603208230808 0.436440664549589 "experimento_7" 7 500 1000 0.95 0.5 0.4 1 0.8
0.999048041645437 0.514325700290564 "experimento_7" 7 500 1000 0.95 0.5 0.4 1 0.8
0.989108350360766 0.518344711215365 "experimento_7" 7 500 1000 0.95 0.5 0.4 1 0.8
1.10950106868942 0.404805707594281 "experimento_7" 7 500 1000 0.95 0.5 0.4 1 0.8
0.998927187873051 0.489087033002957 "experimento_7" 7 500 1000 0.95 0.5 0.4 1 0.8
0.992846912005916 0.606739852529153 "experimento_7" 7 500 1000 0.95 0.5 0.4 1 0.8
0.995317213004455 0.566546853814032 "experimento_7" 7 500 1000 0.95 0.5 0.4 1 0.8
1.02337809644073 0.564063577467476 "experimento_7" 7 500 1000 0.95 0.5 0.4 1 0.8
0.993566196411848 0.462285040165761 "experimento_7" 7 500 1000 0.95 0.5 0.4 1 0.8
1.0132222911343 0.571036364150051 "experimento_7" 7 500 1000 0.95 0.5 0.4 1 0.8
1.02409067492054 0.678247231844939 "experimento_7" 7 500 1000 0.95 0.5 0.4 1 0.8
0.992407540092245 0.484570911485808 "experimento_7" 7 500 1000 0.95 0.5 0.4 1 0.8
1.00847841686904 0.534501049136676 "experimento_7" 7 500 1000 0.95 0.5 0.4 1 0.8
0.999558972194791 0.684441981931736 "experimento_7" 7 500 1000 0.95 0.5 0.4 1 0.8
0.997849714010954 0.383500728487323 "experimento_7" 7 500 1000 0.95 0.5 0.4 1 0.8
0.999188365647569 0.770984858551668 "experimento_7" 7 500 1000 0.95 0.5 0.4 1 0.8
0.994750661542639 0.624494301280217 "experimento_7" 7 500 1000 0.95 0.5 0.4 1 0.8
0.999067433178425 0.637197750150196 "experimento_7" 7 500 1000 0.95 0.5 0.4 1 0.8
0.99692920059897 0.534826079650668 "experimento_7" 7 500 1000 0.95 0.5 0.4 1 0.8
1.36306690704077 0.43380273482562 "experimento_7" 7 500 1000 0.95 0.5 0.4 1 0.8
0.999958402477205 0.459578307595826 "experimento_7" 7 500 1000 0.95 0.5 0.4 1 0.8
1.10764794796705 0.630264640070572 "experimento_7" 7 500 1000 0.95 0.5 0.4 1 0.8
0.528954613953829 2.56258359782911 "experimento_7" 7 500 1000 0.95 0.5 0.4 1 0.8
0.99890166753903 0.768840758592884 "experimento_7" 7 500 1000 0.95 0.5 0.4 1 0.8
0.999177814694121 0.66967034357647 "experimento_7" 7 500 1000 0.95 0.5 0.4 1 0.8
0.997800233075395 0.480904865655091 "experimento_7" 7 500 1000 0.95 0.5 0.4 1 0.8
0.997840441763401 0.529810032451242 "experimento_7" 7 500 1000 0.95 0.5 0.4 1 0.8
0.996314008720219 0.503618511510605 "experimento_7" 7 500 1000 0.95 0.5 0.4 1 0.8
0.99928067997098 0.672344059050601 "experimento_7" 7 500 1000 0.95 0.5 0.4 1 0.8
1.05930839956984 0.474631674203989 "experimento_7" 7 500 1000 0.95 0.5 0.4 1 0.8
0.997561448952183 0.489030868345384 "experimento_7" 7 500 1000 0.95 0.5 0.4 1 0.8
1.25007921457291 0.441794617305937 "experimento_7" 7 500 1000 0.95 0.5 0.4 1 0.8
0.995110358810052 0.676322341036879 "experimento_7" 7 500 1000 0.95 0.5 0.4 1 0.8
0.995825758902356 0.529162122083677 "experimento_7" 7 500 1000 0.95 0.5 0.4 1 0.8
0.996348411776125 0.554738760638805 "experimento_7" 7 500 1000 0.95 0.5 0.4 1 0.8
0.99701824481599 0.673751907032492 "experimento_7" 7 500 1000 0.95 0.5 0.4 1 0.8
1.10921900440007 0.48882584422923 "experimento_7" 7 500 1000 0.95 0.5 0.4 1 0.8
0.989457422168925 0.626747237600986 "experimento_7" 7 500 1000 0.95 0.5 0.4 1 0.8
0.998167217709124 0.456563121008774 "experimento_7" 7 500 1000 0.95 0.5 0.4 1 0.8
0.99276574049145 0.421826075510128 "experimento_7" 7 500 1000 0.95 0.5 0.4 1 0.8
1.12322391197085 0.566513348372085 "experimento_7" 7 500 1000 0.95 0.5 0.4 1 0.8
0.999993994133547 0.587803166660978 "experimento_7" 7 500 1000 0.95 0.5 0.4 1 0.8
0.993245641700923 0.479710657678168 "experimento_7" 7 500 1000 0.95 0.5 0.4 1 0.8
0.99711650586687 0.594082140192752 "experimento_7" 7 500 1000 0.95 0.5 0.4 1 0.8
0.996147740399465 0.615378127586689 "experimento_7" 7 500 1000 0.95 0.5 0.4 1 0.8
1.23175019118935 0.360219380763755 "experimento_7" 7 500 1000 0.95 0.5 0.4 1 0.8
0.997469587251544 0.408346986508922 "experimento_7" 7 500 1000 0.95 0.5 0.4 1 0.8
0.993801665026695 0.420590527963737 "experimento_7" 7 500 1000 0.95 0.5 0.4 1 0.8
0.531934257363901 2.5715085033146 "experimento_7" 7 500 1000 0.95 0.5 0.4 1 0.8
0.999715066049248 0.52417637874796 "experimento_7" 7 500 1000 0.95 0.5 0.4 1 0.8
0.996288598282263 0.669020095659892 "experimento_7" 7 500 1000 0.95 0.5 0.4 1 0.8
0.995583099778742 0.73120695864085 "experimento_7" 7 500 1000 0.95 0.5 0.4 1 0.8
1.05869783274829 0.385091427163592 "experimento_7" 7 500 1000 0.95 0.5 0.4 1 0.8
0.998133406741545 0.476920539812252 "experimento_7" 7 500 1000 0.95 0.5 0.4 1 0.8
0.993038441753015 0.880548639572368 "experimento_7" 7 500 1000 0.95 0.5 0.4 1 0.8
0.998601091327146 0.408985920035563 "experimento_7" 7 500 1000 0.95 0.5 0.4 1 0.8
0.998619189253077 0.705091365059928 "experimento_7" 7 500 1000 0.95 0.5 0.4 1 0.8
1.29179492034018 0.386376818823895 "experimento_7" 7 500 1000 0.95 0.5 0.4 1 0.8
1.00492731822908 0.491154593347628 "experimento_7" 7 500 1000 0.95 0.5 0.4 1 0.8
0.998333958210424 0.549709627108803 "experimento_7" 7 500 1000 0.95 0.5 0.4 1 0.8
0.99972751387395 0.626894926759677 "experimento_7" 7 500 1000 0.95 0.5 0.4 1 0.8
0.999750584131107 0.712258506808696 "experimento_7" 7 500 1000 0.95 0.5 0.4 1 0.8
0.997598739108071 0.455640305638543 "experimento_7" 7 500 1000 0.95 0.5 0.4 1 0.8
0.996033208211884 0.629120671772605 "experimento_7" 7 500 1000 0.95 0.5 0.4 1 0.8
1.79367165249207 0.943445599642676 "experimento_7" 7 500 1000 0.95 0.5 0.4 1 0.8
0.998784182360396 0.623965354794525 "experimento_7" 7 500 1000 0.95 0.5 0.4 1 0.8
1.21046830061823 0.5159286959949 "experimento_7" 7 500 1000 0.95 0.5 0.4 1 0.8
2.03800306029137 0.304362458856498 "experimento_7" 7 500 1000 0.95 0.5 0.4 1 0.8
0.997617103392258 0.777424744215161 "experimento_7" 7 500 1000 0.95 0.5 0.4 1 0.8
1.00023715206741 0.418581704436978 "experimento_7" 7 500 1000 0.95 0.5 0.4 1 0.8
0.99266715021804 0.673007134446248 "experimento_7" 7 500 1000 0.95 0.5 0.4 1 0.8
1.00608733880551 0.497632920042682 "experimento_7" 7 500 1000 0.95 0.5 0.4 1 0.8
0.999261358520016 0.603108269627074 "experimento_7" 7 500 1000 0.95 0.5 0.4 1 0.8
0.995508744614199 0.413477358387103 "experimento_7" 7 500 1000 0.95 0.5 0.4 1 0.8
0.997896664775908 0.688737034969031 "experimento_7" 7 500 1000 0.95 0.5 0.4 1 0.8
0.996942239115015 0.623079689358231 "experimento_7" 7 500 1000 0.95 0.5 0.4 1 0.8
0.994624045910314 0.524666454042645 "experimento_7" 7 500 1000 0.95 0.5 0.4 1 0.8
0.98917914996855 0.666692857127453 "experimento_7" 7 500 1000 0.95 0.5 0.4 1 0.8
0.986753702396527 0.640460173328857 "experimento_7" 7 500 1000 0.95 0.5 0.4 1 0.8
0.991381778381765 0.598254014416145 "experimento_7" 7 500 1000 0.95 0.5 0.4 1 0.8
1.14656561240554 0.576348481639962 "experimento_7" 7 500 1000 0.95 0.5 0.4 1 0.8
1.04518256540877 0.492077009760432 "experimento_7" 7 500 1000 0.95 0.5 0.4 1 0.8
0.98445432423614 0.621319540971678 "experimento_7" 7 500 1000 0.95 0.5 0.4 1 0.8
1.0762188360095 0.455349943535299 "experimento_7" 7 500 1000 0.95 0.5 0.4 1 0.8
0.997449768939987 0.376651035129591 "experimento_7" 7 500 1000 0.95 0.5 0.4 1 0.8
0.993463101098314 0.438294741452511 "experimento_7" 7 500 1000 0.95 0.5 0.4 1 0.8
1.03201863449067 0.567715712441241 "experimento_7" 7 500 1000 0.95 0.5 0.4 1 0.8
0.996667718281969 0.501003603582616 "experimento_7" 7 500 1000 0.95 0.5 0.4 1 0.8
0.998638485558331 0.638680222358725 "experimento_7" 7 500 1000 0.95 0.5 0.4 1 0.8
1.22326536261808 0.596780569782414 "experimento_7" 7 500 1000 0.95 0.5 0.4 1 0.8
0.989275039406493 0.639020585841528 "experimento_7" 7 500 1000 0.95 0.5 0.4 1 0.8
0.998871831223369 0.480213493877042 "experimento_7" 7 500 1000 0.95 0.5 0.4 1 0.8
0.997446100460365 0.621814210551109 "experimento_7" 7 500 1000 0.95 0.5 0.4 1 0.8
0.996216571424156 0.525472637461491 "experimento_7" 7 500 1000 0.95 0.5 0.4 1 0.8
0.997242713812739 0.606684844838934 "experimento_7" 7 500 1000 0.95 0.5 0.4 1 0.8
0.995971695519984 0.634861412755013 "experimento_7" 7 500 1000 0.95 0.5 0.4 1 0.8
0.998785007279366 0.621255587176255 "experimento_7" 7 500 1000 0.95 0.5 0.4 1 0.8
1.17002314329147 0.392500508918515 "experimento_7" 7 500 1000 0.95 0.5 0.4 1 0.8
0.978674887912348 0.610152592227606 "experimento_7" 7 500 1000 0.95 0.5 0.4 1 0.8
0.998682181816548 0.497544144462317 "experimento_7" 7 500 1000 0.95 0.5 0.4 1 0.8
0.996756504522637 0.482830904526654 "experimento_7" 7 500 1000 0.95 0.5 0.4 1 0.8
1.08978519868106 0.449638630131671 "experimento_7" 7 500 1000 0.95 0.5 0.4 1 0.8
0.998339205281809 0.474202654174108 "experimento_7" 7 500 1000 0.95 0.5 0.4 1 0.8
0.995175534393638 0.495243556210424 "experimento_7" 7 500 1000 0.95 0.5 0.4 1 0.8
0.996202772948891 0.657369853723168 "experimento_7" 7 500 1000 0.95 0.5 0.4 1 0.8
1.02661473955959 0.505495827819268 "experimento_7" 7 500 1000 0.95 0.5 0.4 1 0.8
0.997955486411229 0.601462904881941 "experimento_7" 7 500 1000 0.95 0.5 0.4 1 0.8
0.99909301311709 0.724240170318267 "experimento_7" 7 500 1000 0.95 0.5 0.4 1 0.8
1.0533932261169 0.489459619794807 "experimento_7" 7 500 1000 0.95 0.5 0.4 1 0.8
0.995084304828197 0.574515007476996 "experimento_7" 7 500 1000 0.95 0.5 0.4 1 0.8
1.03662151637461 0.425235157540876 "experimento_7" 7 500 1000 0.95 0.5 0.4 1 0.8
1.52079526055604 0.842254515034669 "experimento_7" 7 500 1000 0.95 0.5 0.4 1 0.8
0.999837737297639 0.692268329889041 "experimento_7" 7 500 1000 0.95 0.5 0.4 1 0.8
0.99094264046289 0.540784034484675 "experimento_7" 7 500 1000 0.95 0.5 0.4 1 0.8
0.996407713042572 0.557229937036601 "experimento_7" 7 500 1000 0.95 0.5 0.4 1 0.8
0.996379839722067 0.555677423641584 "experimento_7" 7 500 1000 0.95 0.5 0.4 1 0.8
0.998593351570889 0.625822424593669 "experimento_7" 7 500 1000 0.95 0.5 0.4 1 0.8
0.996114358305931 0.736098530970287 "experimento_7" 7 500 1000 0.95 0.5 0.4 1 0.8
0.986083626747131 0.666436653017984 "experimento_7" 7 500 1000 0.95 0.5 0.4 1 0.8
1.03326866496354 0.499932376650877 "experimento_7" 7 500 1000 0.95 0.5 0.4 1 0.8
0.999120335560292 0.69221225124775 "experimento_7" 7 500 1000 0.95 0.5 0.4 1 0.8
1.07153407391161 0.425914466770552 "experimento_7" 7 500 1000 0.95 0.5 0.4 1 0.8
1.07617989825167 0.394029874692009 "experimento_7" 7 500 1000 0.95 0.5 0.4 1 0.8
1.02258013836216 0.81481762833177 "experimento_7" 7 500 1000 0.95 0.5 0.4 1 0.8
0.999563586898148 0.707686179782419 "experimento_7" 7 500 1000 0.95 0.5 0.4 1 0.8
0.999033754924312 0.610285591402577 "experimento_7" 7 500 1000 0.95 0.5 0.4 1 0.8
0.999328924575821 0.505293594541224 "experimento_7" 7 500 1000 0.95 0.5 0.4 1 0.8
0.996740319300443 0.41627959130616 "experimento_7" 7 500 1000 0.95 0.5 0.4 1 0.8
1.01318284217268 0.452292737874376 "experimento_7" 7 500 1000 0.95 0.5 0.4 1 0.8
0.999835155904293 0.559181556433726 "experimento_7" 7 500 1000 0.95 0.5 0.4 1 0.8
1.18851584139366 0.430861287784897 "experimento_7" 7 500 1000 0.95 0.5 0.4 1 0.8
1.00371022417318 0.536752358697093 "experimento_7" 7 500 1000 0.95 0.5 0.4 1 0.8
0.99705092003569 0.614105516689507 "experimento_7" 7 500 1000 0.95 0.5 0.4 1 0.8
0.994808207731694 0.649222649113457 "experimento_7" 7 500 1000 0.95 0.5 0.4 1 0.8
1.0822617021662 0.446236395828223 "experimento_7" 7 500 1000 0.95 0.5 0.4 1 0.8
1.15806699451059 0.641230725164745 "experimento_7" 7 500 1000 0.95 0.5 0.4 1 0.8
0.995898358058184 0.466124435634621 "experimento_7" 7 500 1000 0.95 0.5 0.4 1 0.8
0.995975337456912 0.558144294538101 "experimento_7" 7 500 1000 0.95 0.5 0.4 1 0.8
0.998387090628967 0.404559912597785 "experimento_7" 7 500 1000 0.95 0.5 0.4 1 0.8
0.992747924989089 0.436616406701345 "experimento_7" 7 500 1000 0.95 0.5 0.4 1 0.8
1.05029201135039 0.476499290402656 "experimento_7" 7 500 1000 0.95 0.5 0.4 1 0.8
0.997718411264941 0.513288828106954 "experimento_7" 7 500 1000 0.95 0.5 0.4 1 0.8
0.991054632002488 0.486299458679303 "experimento_7" 7 500 1000 0.95 0.5 0.4 1 0.8
0.996016839519143 0.42307703850551 "experimento_7" 7 500 1000 0.95 0.5 0.4 1 0.8
1.17067466131636 0.477191343626401 "experimento_7" 7 500 1000 0.95 0.5 0.4 1 0.8
1.03123104479164 0.329611768782595 "experimento_7" 7 500 1000 0.95 0.5 0.4 1 0.8
0.993953924160451 0.88661788795805 "experimento_7" 7 500 1000 0.95 0.5 0.4 1 0.8
1.00192965801098 0.60697096693615 "experimento_7" 7 500 1000 0.95 0.5 0.4 1 0.8
0.995768939610571 0.778402091195017 "experimento_7" 7 500 1000 0.95 0.5 0.4 1 0.8
1.00304236346802 0.611911600351146 "experimento_7" 7 500 1000 0.95 0.5 0.4 1 0.8
0.999764682725072 0.411405871914145 "experimento_7" 7 500 1000 0.95 0.5 0.4 1 0.8
0.990531895309687 0.610815034678376 "experimento_7" 7 500 1000 0.95 0.5 0.4 1 0.8
0.995889904443175 0.443351817012234 "experimento_7" 7 500 1000 0.95 0.5 0.4 1 0.8
0.997104147216305 0.519180352621275 "experimento_7" 7 500 1000 0.95 0.5 0.4 1 0.8
0.995950227137655 0.761603059324892 "experimento_7" 7 500 1000 0.95 0.5 0.4 1 0.8
1.01453421544284 0.678264590429612 "experimento_7" 7 500 1000 0.95 0.5 0.4 1 0.8
0.997312891762704 0.56487869365806 "experimento_7" 7 500 1000 0.95 0.5 0.4 1 0.8
0.996652389643714 0.82928554745719 "experimento_7" 7 500 1000 0.95 0.5 0.4 1 0.8
0.516741306520998 2.51625310626531 "experimento_7" 7 500 1000 0.95 0.5 0.4 1 0.8
0.998564267763868 0.710831598616228 "experimento_7" 7 500 1000 0.95 0.5 0.4 1 0.8
1.15624181661707 0.475232302709604 "experimento_7" 7 500 1000 0.95 0.5 0.4 1 0.8
0.991782688768581 0.540832909874993 "experimento_7" 7 500 1000 0.95 0.5 0.4 1 0.8
0.998539078282192 0.632661571786042 "experimento_7" 7 500 1000 0.95 0.5 0.4 1 0.8
0.998868207912892 0.653660857416687 "experimento_7" 7 500 1000 0.95 0.5 0.4 1 0.8
0.995658170199022 0.495035001810454 "experimento_7" 7 500 1000 0.95 0.5 0.4 1 0.8
0.999120081309229 0.468219393799265 "experimento_7" 7 500 1000 0.95 0.5 0.4 1 0.8
0.995448291068897 0.563790406511283 "experimento_7" 7 500 1000 0.95 0.5 0.4 1 0.8
0.998011907096952 0.566825122340052 "experimento_7" 7 500 1000 0.95 0.5 0.4 1 0.8
0.992642014753073 0.656086925998147 "experimento_7" 7 500 1000 0.95 0.5 0.4 1 0.8
0.997550076339394 0.631243187408012 "experimento_7" 7 500 1000 0.95 0.5 0.4 1 0.8
0.994873402407393 0.566348621969007 "experimento_7" 7 500 1000 0.95 0.5 0.4 1 0.8
1.29493826348335 0.474955525155341 "experimento_7" 7 500 1000 0.95 0.5 0.4 1 0.8
1.00933021231693 0.506960027853188 "experimento_7" 7 500 1000 0.95 0.5 0.4 1 0.8
1.40418025944382 0.420450479991818 "experimento_7" 7 500 1000 0.95 0.5 0.4 1 0.8
1.01397748178249 0.5070172702744 "experimento_7" 7 500 1000 0.95 0.5 0.4 1 0.8
0.999867133097723 0.418414300667053 "experimento_7" 7 500 1000 0.95 0.5 0.4 1 0.8
0.998176332330331 0.457200495808442 "experimento_7" 7 500 1000 0.95 0.5 0.4 1 0.8
1.39516436029226 0.428732771518901 "experimento_7" 7 500 1000 0.95 0.5 0.4 1 0.8
0.998970158398151 0.447129991092518 "experimento_7" 7 500 1000 0.95 0.5 0.4 1 0.8
0.996582388877869 0.43963448535748 "experimento_7" 7 500 1000 0.95 0.5 0.4 1 0.8
0.994548267917708 0.310863513250575 "experimento_7" 7 500 1000 0.95 0.5 0.4 1 0.8
0.995436358498409 0.463242986805384 "experimento_7" 7 500 1000 0.95 0.5 0.4 1 0.8
0.994358758907765 0.494669869624468 "experimento_7" 7 500 1000 0.95 0.5 0.4 1 0.8
0.988163840258494 0.518838335127401 "experimento_7" 7 500 1000 0.95 0.5 0.4 1 0.8
0.995232624001801 0.446348406257999 "experimento_7" 7 500 1000 0.95 0.5 0.4 1 0.8
0.992916495772079 0.610098505358329 "experimento_7" 7 500 1000 0.95 0.5 0.4 1 0.8
0.99983856943436 0.44472760657964 "experimento_7" 7 500 1000 0.95 0.5 0.4 1 0.8
0.50668319966644 2.70688110736363 "experimento_7" 7 500 1000 0.95 0.5 0.4 1 0.8
0.995660883374512 0.750588052996419 "experimento_7" 7 500 1000 0.95 0.5 0.4 1 0.8
1.12537510693073 0.501711080587963 "experimento_7" 7 500 1000 0.95 0.5 0.4 1 0.8
0.994406529003754 0.600168894820097 "experimento_7" 7 500 1000 0.95 0.5 0.4 1 0.8
0.996605525491759 0.727334133231387 "experimento_7" 7 500 1000 0.95 0.5 0.4 1 0.8
0.996104302583262 0.464673698222247 "experimento_7" 7 500 1000 0.95 0.5 0.4 1 0.8
1.33199883624911 0.325828478550402 "experimento_7" 7 500 1000 0.95 0.5 0.4 1 0.8
1.16027421783656 0.517288168052963 "experimento_7" 7 500 1000 0.95 0.5 0.4 1 0.8
0.994699913077056 0.812940508771259 "experimento_7" 7 500 1000 0.95 0.5 0.4 1 0.8
0.999212407041341 0.718016947381227 "experimento_7" 7 500 1000 0.95 0.5 0.4 1 0.8
0.999849426792935 0.61779391243397 "experimento_7" 7 500 1000 0.95 0.5 0.4 1 0.8
0.987464544828981 0.413322532490348 "experimento_7" 7 500 1000 0.95 0.5 0.4 1 0.8
0.999369235243648 0.355230557221283 "experimento_7" 7 500 1000 0.95 0.5 0.4 1 0.8
0.998917056946084 0.557268763938265 "experimento_7" 7 500 1000 0.95 0.5 0.4 1 0.8
0.990001231431961 0.878463432075953 "experimento_7" 7 500 1000 0.95 0.5 0.4 1 0.8
0.531291008926928 2.65504337418098 "experimento_7" 7 500 1000 0.95 0.5 0.4 1 0.8
1.01064499747008 0.471753722487901 "experimento_7" 7 500 1000 0.95 0.5 0.4 1 0.8
0.998702986631542 0.49634026862872 "experimento_7" 7 500 1000 0.95 0.5 0.4 1 0.8
0.99021528987214 0.634594748880528 "experimento_7" 7 500 1000 0.95 0.5 0.4 1 0.8
0.996872168732807 0.592111025799828 "experimento_7" 7 500 1000 0.95 0.5 0.4 1 0.8
0.99584969622083 0.62051033678016 "experimento_7" 7 500 1000 0.95 0.5 0.4 1 0.8
0.513655958464369 2.75908344981564 "experimento_7" 7 500 1000 0.95 0.5 0.4 1 0.8
0.997978082159534 0.533361055076248 "experimento_7" 7 500 1000 0.95 0.5 0.4 1 0.8
0.999380726367235 0.567344664820852 "experimento_7" 7 500 1000 0.95 0.5 0.4 1 0.8
0.989485170925036 0.479132884682241 "experimento_7" 7 500 1000 0.95 0.5 0.4 1 0.8
1.01748353242874 0.443947471675834 "experimento_7" 7 500 1000 0.95 0.5 0.4 1 0.8
0.997603042284027 0.613245248180241 "experimento_7" 7 500 1000 0.95 0.5 0.4 1 0.8
0.999691018601879 0.85754897268039 "experimento_7" 7 500 1000 0.95 0.5 0.4 1 0.8
1.04587315150865 0.680757209933457 "experimento_7" 7 500 1000 0.95 0.5 0.4 1 0.8
0.998998253140599 0.428255252892763 "experimento_7" 7 500 1000 0.95 0.5 0.4 1 0.8
0.99626748659648 0.376989715308796 "experimento_7" 7 500 1000 0.95 0.5 0.4 1 0.8
0.994489384349436 0.528150708101574 "experimento_7" 7 500 1000 0.95 0.5 0.4 1 0.8
0.995243086479604 0.513479763303264 "experimento_7" 7 500 1000 0.95 0.5 0.4 1 0.8
0.992520536063239 0.662289941582182 "experimento_7" 7 500 1000 0.95 0.5 0.4 1 0.8
0.999108985532075 0.474212894811479 "experimento_7" 7 500 1000 0.95 0.5 0.4 1 0.8
1.03961357660592 0.534605430376551 "experimento_7" 7 500 1000 0.95 0.5 0.4 1 0.8
0.996709546772763 0.660197757999227 "experimento_7" 7 500 1000 0.95 0.5 0.4 1 0.8
1.03846713558093 0.474522791561063 "experimento_7" 7 500 1000 0.95 0.5 0.4 1 0.8
0.997109423857182 0.575667721563216 "experimento_7" 7 500 1000 0.95 0.5 0.4 1 0.8
0.987309928750619 0.749920780354102 "experimento_7" 7 500 1000 0.95 0.5 0.4 1 0.8
1.02401252218257 0.464966604050479 "experimento_7" 7 500 1000 0.95 0.5 0.4 1 0.8
0.993998461402953 0.457591608090814 "experimento_7" 7 500 1000 0.95 0.5 0.4 1 0.8
0.989305924158543 0.558258132630862 "experimento_7" 7 500 1000 0.95 0.5 0.4 1 0.8
0.99252415751107 0.804967050927069 "experimento_7" 7 500 1000 0.95 0.5 0.4 1 0.8
1.09084668150224 0.520919630556233 "experimento_7" 7 500 1000 0.95 0.5 0.4 1 0.8
0.988781732972711 0.539060599778601 "experimento_7" 7 500 1000 0.95 0.5 0.4 1 0.8
1.11098879855126 0.571284249592509 "experimento_7" 7 500 1000 0.95 0.5 0.4 1 0.8
0.50202476629056 2.72688310150258 "experimento_7" 7 500 1000 0.95 0.5 0.4 1 0.8
0.996992935892195 0.744139704966227 "experimento_7" 7 500 1000 0.95 0.5 0.4 1 0.8
0.9958660537377 0.422058291807734 "experimento_7" 7 500 1000 0.95 0.5 0.4 1 0.8
0.995769456261769 0.348552099871189 "experimento_7" 7 500 1000 0.95 0.5 0.4 1 0.8
0.999821077566594 0.429977443768322 "experimento_7" 7 500 1000 0.95 0.5 0.4 1 0.8
