"est.u" "est.lamb" "name" "seed" "size" "replicates" "p_umbral" "exp_lambda" "alpha_pen" "n_pen" "c"
0.991579549154267 0.475438694675464 "experimento_3" 3 1500 1000 0.8 0.5 0.4 1 0.8
1.00007838383317 0.506073782148783 "experimento_3" 3 1500 1000 0.8 0.5 0.4 1 0.8
0.995424455730245 0.546130678243568 "experimento_3" 3 1500 1000 0.8 0.5 0.4 1 0.8
0.998891280964017 0.496530505235363 "experimento_3" 3 1500 1000 0.8 0.5 0.4 1 0.8
0.994155645137653 0.490953428543367 "experimento_3" 3 1500 1000 0.8 0.5 0.4 1 0.8
0.99044374213554 0.526503674834802 "experimento_3" 3 1500 1000 0.8 0.5 0.4 1 0.8
0.995551162399352 0.482075895860579 "experimento_3" 3 1500 1000 0.8 0.5 0.4 1 0.8
1.01257159281522 0.516424493484565 "experimento_3" 3 1500 1000 0.8 0.5 0.4 1 0.8
0.993047401541844 0.492196211988271 "experimento_3" 3 1500 1000 0.8 0.5 0.4 1 0.8
0.999528813175857 0.526573482186252 "experimento_3" 3 1500 1000 0.8 0.5 0.4 1 0.8
0.981186213437468 0.512532969145731 "experimento_3" 3 1500 1000 0.8 0.5 0.4 1 0.8
0.986784822540358 0.51671448518739 "experimento_3" 3 1500 1000 0.8 0.5 0.4 1 0.8
1.00284042870985 0.51056292015985 "experimento_3" 3 1500 1000 0.8 0.5 0.4 1 0.8
0.996406901627779 0.490367395474953 "experimento_3" 3 1500 1000 0.8 0.5 0.4 1 0.8
0.987842248519883 0.514168726720636 "experimento_3" 3 1500 1000 0.8 0.5 0.4 1 0.8
0.986430885503069 0.49236235015008 "experimento_3" 3 1500 1000 0.8 0.5 0.4 1 0.8
1.00077342742113 0.558973646540075 "experimento_3" 3 1500 1000 0.8 0.5 0.4 1 0.8
1.09898431621875 0.50887995036338 "experimento_3" 3 1500 1000 0.8 0.5 0.4 1 0.8
0.989760327152908 0.532972441508228 "experimento_3" 3 1500 1000 0.8 0.5 0.4 1 0.8
1.25991978751519 0.456161735224794 "experimento_3" 3 1500 1000 0.8 0.5 0.4 1 0.8
0.997206679312512 0.53138723048212 "experimento_3" 3 1500 1000 0.8 0.5 0.4 1 0.8
0.999519857345149 0.502187819548194 "experimento_3" 3 1500 1000 0.8 0.5 0.4 1 0.8
0.99800963466987 0.525082016673427 "experimento_3" 3 1500 1000 0.8 0.5 0.4 1 0.8
1.56490934750794 0.490323053771694 "experimento_3" 3 1500 1000 0.8 0.5 0.4 1 0.8
1.05794296227396 0.45686666261544 "experimento_3" 3 1500 1000 0.8 0.5 0.4 1 0.8
0.985700393561274 0.530677230463163 "experimento_3" 3 1500 1000 0.8 0.5 0.4 1 0.8
1.27367221936584 0.480129993142932 "experimento_3" 3 1500 1000 0.8 0.5 0.4 1 0.8
0.99698121426627 0.50055546645843 "experimento_3" 3 1500 1000 0.8 0.5 0.4 1 0.8
0.99973921244964 0.496888186039878 "experimento_3" 3 1500 1000 0.8 0.5 0.4 1 0.8
0.994492897763848 0.537220826231732 "experimento_3" 3 1500 1000 0.8 0.5 0.4 1 0.8
0.999324117787182 0.512500931551608 "experimento_3" 3 1500 1000 0.8 0.5 0.4 1 0.8
0.993801030563191 0.537832318403055 "experimento_3" 3 1500 1000 0.8 0.5 0.4 1 0.8
0.997624256415293 0.520208846477973 "experimento_3" 3 1500 1000 0.8 0.5 0.4 1 0.8
0.994145673001185 0.467184393559415 "experimento_3" 3 1500 1000 0.8 0.5 0.4 1 0.8
0.988050018437207 0.504910487949939 "experimento_3" 3 1500 1000 0.8 0.5 0.4 1 0.8
1.00242625405798 0.481810645171822 "experimento_3" 3 1500 1000 0.8 0.5 0.4 1 0.8
1.06435601040721 0.434364901044527 "experimento_3" 3 1500 1000 0.8 0.5 0.4 1 0.8
1.00269646011293 0.513678031460869 "experimento_3" 3 1500 1000 0.8 0.5 0.4 1 0.8
1.00303439702839 0.450072335132147 "experimento_3" 3 1500 1000 0.8 0.5 0.4 1 0.8
0.992095889057964 0.473561062827707 "experimento_3" 3 1500 1000 0.8 0.5 0.4 1 0.8
1.06076849810779 0.457567508096731 "experimento_3" 3 1500 1000 0.8 0.5 0.4 1 0.8
0.997469087596983 0.517274110070978 "experimento_3" 3 1500 1000 0.8 0.5 0.4 1 0.8
0.990993496729061 0.532114373230959 "experimento_3" 3 1500 1000 0.8 0.5 0.4 1 0.8
0.984169485978782 0.562585999313163 "experimento_3" 3 1500 1000 0.8 0.5 0.4 1 0.8
0.999821650329977 0.53663984805306 "experimento_3" 3 1500 1000 0.8 0.5 0.4 1 0.8
0.99120589857921 0.553831058247947 "experimento_3" 3 1500 1000 0.8 0.5 0.4 1 0.8
0.999605023069307 0.447893982911157 "experimento_3" 3 1500 1000 0.8 0.5 0.4 1 0.8
0.984425722621381 0.534161208730244 "experimento_3" 3 1500 1000 0.8 0.5 0.4 1 0.8
0.991355868754908 0.505727545533292 "experimento_3" 3 1500 1000 0.8 0.5 0.4 1 0.8
0.988606037572026 0.596499873966824 "experimento_3" 3 1500 1000 0.8 0.5 0.4 1 0.8
0.986697460291907 0.52249573821541 "experimento_3" 3 1500 1000 0.8 0.5 0.4 1 0.8
0.997754040407017 0.482074669550508 "experimento_3" 3 1500 1000 0.8 0.5 0.4 1 0.8
0.999684834852815 0.469035838057309 "experimento_3" 3 1500 1000 0.8 0.5 0.4 1 0.8
0.988261280814186 0.544780305562452 "experimento_3" 3 1500 1000 0.8 0.5 0.4 1 0.8
0.999959382694215 0.543118347390815 "experimento_3" 3 1500 1000 0.8 0.5 0.4 1 0.8
0.991617809282616 0.460451710901469 "experimento_3" 3 1500 1000 0.8 0.5 0.4 1 0.8
0.999686718685552 0.490795941341534 "experimento_3" 3 1500 1000 0.8 0.5 0.4 1 0.8
0.993068453855813 0.599106151561629 "experimento_3" 3 1500 1000 0.8 0.5 0.4 1 0.8
0.988685817923397 0.442572460204285 "experimento_3" 3 1500 1000 0.8 0.5 0.4 1 0.8
0.993627663468942 0.525406618198779 "experimento_3" 3 1500 1000 0.8 0.5 0.4 1 0.8
1.02261922925587 0.534401339582249 "experimento_3" 3 1500 1000 0.8 0.5 0.4 1 0.8
1.02460814752533 0.510450598423952 "experimento_3" 3 1500 1000 0.8 0.5 0.4 1 0.8
0.999330789316446 0.479850040234605 "experimento_3" 3 1500 1000 0.8 0.5 0.4 1 0.8
0.999790181405842 0.529058877677847 "experimento_3" 3 1500 1000 0.8 0.5 0.4 1 0.8
1.08223942736093 0.477716879265842 "experimento_3" 3 1500 1000 0.8 0.5 0.4 1 0.8
1.01719055829165 0.483306610795812 "experimento_3" 3 1500 1000 0.8 0.5 0.4 1 0.8
1.00046866434302 0.494280452256424 "experimento_3" 3 1500 1000 0.8 0.5 0.4 1 0.8
0.998985529644415 0.488012963610404 "experimento_3" 3 1500 1000 0.8 0.5 0.4 1 0.8
0.990836721612141 0.526339183270679 "experimento_3" 3 1500 1000 0.8 0.5 0.4 1 0.8
0.988941521849483 0.556482114010592 "experimento_3" 3 1500 1000 0.8 0.5 0.4 1 0.8
0.992899673758075 0.481903460965817 "experimento_3" 3 1500 1000 0.8 0.5 0.4 1 0.8
0.998254405101761 0.531401394672205 "experimento_3" 3 1500 1000 0.8 0.5 0.4 1 0.8
0.996420588344336 0.518254773304643 "experimento_3" 3 1500 1000 0.8 0.5 0.4 1 0.8
0.995754205621779 0.467394694545995 "experimento_3" 3 1500 1000 0.8 0.5 0.4 1 0.8
0.999268909683451 0.501350744472694 "experimento_3" 3 1500 1000 0.8 0.5 0.4 1 0.8
0.994547716807574 0.537164528726132 "experimento_3" 3 1500 1000 0.8 0.5 0.4 1 0.8
0.988615923095495 0.521034833878228 "experimento_3" 3 1500 1000 0.8 0.5 0.4 1 0.8
0.991380568826571 0.516007584977172 "experimento_3" 3 1500 1000 0.8 0.5 0.4 1 0.8
0.991071610478684 0.571654411847474 "experimento_3" 3 1500 1000 0.8 0.5 0.4 1 0.8
0.985455149551854 0.520385587343378 "experimento_3" 3 1500 1000 0.8 0.5 0.4 1 0.8
0.990984725300223 0.496047159298942 "experimento_3" 3 1500 1000 0.8 0.5 0.4 1 0.8
0.993857506662607 0.497926501921583 "experimento_3" 3 1500 1000 0.8 0.5 0.4 1 0.8
0.999881308060139 0.500009093296363 "experimento_3" 3 1500 1000 0.8 0.5 0.4 1 0.8
0.990699326619506 0.53449891913796 "experimento_3" 3 1500 1000 0.8 0.5 0.4 1 0.8
0.986587650375441 0.52881338928292 "experimento_3" 3 1500 1000 0.8 0.5 0.4 1 0.8
0.999788362998515 0.502035245027194 "experimento_3" 3 1500 1000 0.8 0.5 0.4 1 0.8
0.992199079832062 0.485652895522694 "experimento_3" 3 1500 1000 0.8 0.5 0.4 1 0.8
0.994212209014222 0.478666514032382 "experimento_3" 3 1500 1000 0.8 0.5 0.4 1 0.8
0.999001046642661 0.558080924209791 "experimento_3" 3 1500 1000 0.8 0.5 0.4 1 0.8
1.19235615711659 0.503327108190226 "experimento_3" 3 1500 1000 0.8 0.5 0.4 1 0.8
0.999951879959553 0.53719826849175 "experimento_3" 3 1500 1000 0.8 0.5 0.4 1 0.8
0.998403721023351 0.559441309316267 "experimento_3" 3 1500 1000 0.8 0.5 0.4 1 0.8
1.00453426409513 0.485151034808524 "experimento_3" 3 1500 1000 0.8 0.5 0.4 1 0.8
0.999693235848099 0.518465594043903 "experimento_3" 3 1500 1000 0.8 0.5 0.4 1 0.8
1.05809909980757 0.476417581289405 "experimento_3" 3 1500 1000 0.8 0.5 0.4 1 0.8
1.00413176705989 0.504309135383773 "experimento_3" 3 1500 1000 0.8 0.5 0.4 1 0.8
0.999132935423404 0.504545164449083 "experimento_3" 3 1500 1000 0.8 0.5 0.4 1 0.8
0.999877946684137 0.509519290297391 "experimento_3" 3 1500 1000 0.8 0.5 0.4 1 0.8
0.98894404200837 0.509672357138045 "experimento_3" 3 1500 1000 0.8 0.5 0.4 1 0.8
0.9941371884197 0.504867047787842 "experimento_3" 3 1500 1000 0.8 0.5 0.4 1 0.8
0.993009121855721 0.485143301900862 "experimento_3" 3 1500 1000 0.8 0.5 0.4 1 0.8
0.994628095766529 0.447542526782563 "experimento_3" 3 1500 1000 0.8 0.5 0.4 1 0.8
0.999005424324423 0.476052466311434 "experimento_3" 3 1500 1000 0.8 0.5 0.4 1 0.8
0.999531646957621 0.486228337022313 "experimento_3" 3 1500 1000 0.8 0.5 0.4 1 0.8
0.996541494503617 0.507924735745036 "experimento_3" 3 1500 1000 0.8 0.5 0.4 1 0.8
1.02153394930065 0.546669532838513 "experimento_3" 3 1500 1000 0.8 0.5 0.4 1 0.8
0.991791124455631 0.517125988859462 "experimento_3" 3 1500 1000 0.8 0.5 0.4 1 0.8
0.999021490104496 0.519641490840584 "experimento_3" 3 1500 1000 0.8 0.5 0.4 1 0.8
0.990300162695348 0.57898699140393 "experimento_3" 3 1500 1000 0.8 0.5 0.4 1 0.8
0.999350181315094 0.53919174700314 "experimento_3" 3 1500 1000 0.8 0.5 0.4 1 0.8
0.995900244219229 0.577835710372558 "experimento_3" 3 1500 1000 0.8 0.5 0.4 1 0.8
1.03104327037221 0.494522041559267 "experimento_3" 3 1500 1000 0.8 0.5 0.4 1 0.8
0.999809361994267 0.506978940821115 "experimento_3" 3 1500 1000 0.8 0.5 0.4 1 0.8
0.987608190393075 0.516938559379402 "experimento_3" 3 1500 1000 0.8 0.5 0.4 1 0.8
0.981065814616159 0.537224517185205 "experimento_3" 3 1500 1000 0.8 0.5 0.4 1 0.8
0.989419752499089 0.539772459542265 "experimento_3" 3 1500 1000 0.8 0.5 0.4 1 0.8
1.02525373407077 0.500825585034848 "experimento_3" 3 1500 1000 0.8 0.5 0.4 1 0.8
0.999932640930638 0.495294711032694 "experimento_3" 3 1500 1000 0.8 0.5 0.4 1 0.8
0.998358774231747 0.505777758358919 "experimento_3" 3 1500 1000 0.8 0.5 0.4 1 0.8
0.999575834022835 0.504888578121471 "experimento_3" 3 1500 1000 0.8 0.5 0.4 1 0.8
0.999009626219049 0.4865732336681 "experimento_3" 3 1500 1000 0.8 0.5 0.4 1 0.8
0.999474879354239 0.489801154022984 "experimento_3" 3 1500 1000 0.8 0.5 0.4 1 0.8
0.997100569540635 0.50878676769115 "experimento_3" 3 1500 1000 0.8 0.5 0.4 1 0.8
0.987441141391173 0.484369476811259 "experimento_3" 3 1500 1000 0.8 0.5 0.4 1 0.8
0.999334346037358 0.47660308828144 "experimento_3" 3 1500 1000 0.8 0.5 0.4 1 0.8
1.2739481642792 0.453058719218037 "experimento_3" 3 1500 1000 0.8 0.5 0.4 1 0.8
1.02247642725706 0.474826829084124 "experimento_3" 3 1500 1000 0.8 0.5 0.4 1 0.8
1.05202596634626 0.489506576857618 "experimento_3" 3 1500 1000 0.8 0.5 0.4 1 0.8
0.999286509351805 0.527314741732504 "experimento_3" 3 1500 1000 0.8 0.5 0.4 1 0.8
0.996256167534739 0.533220604270522 "experimento_3" 3 1500 1000 0.8 0.5 0.4 1 0.8
0.995838008355349 0.53809645052884 "experimento_3" 3 1500 1000 0.8 0.5 0.4 1 0.8
0.999899837188423 0.50300607167724 "experimento_3" 3 1500 1000 0.8 0.5 0.4 1 0.8
0.997575261397287 0.525047761244799 "experimento_3" 3 1500 1000 0.8 0.5 0.4 1 0.8
0.992543458472937 0.535321862626102 "experimento_3" 3 1500 1000 0.8 0.5 0.4 1 0.8
0.998570388415828 0.537660177263398 "experimento_3" 3 1500 1000 0.8 0.5 0.4 1 0.8
0.999909862875938 0.490308774677733 "experimento_3" 3 1500 1000 0.8 0.5 0.4 1 0.8
0.993037886219099 0.52545500692835 "experimento_3" 3 1500 1000 0.8 0.5 0.4 1 0.8
1.00094960257411 0.495171366988947 "experimento_3" 3 1500 1000 0.8 0.5 0.4 1 0.8
0.997301977593452 0.503148585658503 "experimento_3" 3 1500 1000 0.8 0.5 0.4 1 0.8
0.99918056325987 0.555921398025815 "experimento_3" 3 1500 1000 0.8 0.5 0.4 1 0.8
0.999789494089782 0.574623104534273 "experimento_3" 3 1500 1000 0.8 0.5 0.4 1 0.8
1.00303738116238 0.540005730900775 "experimento_3" 3 1500 1000 0.8 0.5 0.4 1 0.8
1.00348103325814 0.495838555136977 "experimento_3" 3 1500 1000 0.8 0.5 0.4 1 0.8
1.30777633655816 0.509449954465404 "experimento_3" 3 1500 1000 0.8 0.5 0.4 1 0.8
0.995406492613256 0.496480954428826 "experimento_3" 3 1500 1000 0.8 0.5 0.4 1 0.8
0.988142381655052 0.493910711420301 "experimento_3" 3 1500 1000 0.8 0.5 0.4 1 0.8
1.05599827364719 0.503915182946965 "experimento_3" 3 1500 1000 0.8 0.5 0.4 1 0.8
0.998848130227998 0.479373961046486 "experimento_3" 3 1500 1000 0.8 0.5 0.4 1 0.8
0.996142440009862 0.487639942248154 "experimento_3" 3 1500 1000 0.8 0.5 0.4 1 0.8
0.991139982594177 0.505080454483995 "experimento_3" 3 1500 1000 0.8 0.5 0.4 1 0.8
0.998754273867235 0.48724361691668 "experimento_3" 3 1500 1000 0.8 0.5 0.4 1 0.8
0.999957415973768 0.503958944216576 "experimento_3" 3 1500 1000 0.8 0.5 0.4 1 0.8
0.991312600206584 0.535786842940403 "experimento_3" 3 1500 1000 0.8 0.5 0.4 1 0.8
0.998105126665905 0.520108428689182 "experimento_3" 3 1500 1000 0.8 0.5 0.4 1 0.8
0.993385897250846 0.467141501351997 "experimento_3" 3 1500 1000 0.8 0.5 0.4 1 0.8
0.990724031114951 0.460332258306375 "experimento_3" 3 1500 1000 0.8 0.5 0.4 1 0.8
0.998236824991181 0.49951258568539 "experimento_3" 3 1500 1000 0.8 0.5 0.4 1 0.8
0.991909938631579 0.523413099418027 "experimento_3" 3 1500 1000 0.8 0.5 0.4 1 0.8
0.994970758445561 0.494417622103209 "experimento_3" 3 1500 1000 0.8 0.5 0.4 1 0.8
1.05710297636688 0.517384741746576 "experimento_3" 3 1500 1000 0.8 0.5 0.4 1 0.8
0.999639320885763 0.514196898625612 "experimento_3" 3 1500 1000 0.8 0.5 0.4 1 0.8
0.999660843983293 0.487939719426589 "experimento_3" 3 1500 1000 0.8 0.5 0.4 1 0.8
1.06550409416251 0.466887152024046 "experimento_3" 3 1500 1000 0.8 0.5 0.4 1 0.8
0.985206599812955 0.547142499856962 "experimento_3" 3 1500 1000 0.8 0.5 0.4 1 0.8
0.998197171837091 0.480795072626632 "experimento_3" 3 1500 1000 0.8 0.5 0.4 1 0.8
0.999759091529995 0.521874543351007 "experimento_3" 3 1500 1000 0.8 0.5 0.4 1 0.8
0.999558094423264 0.458902334710202 "experimento_3" 3 1500 1000 0.8 0.5 0.4 1 0.8
0.996949576539919 0.471858902372896 "experimento_3" 3 1500 1000 0.8 0.5 0.4 1 0.8
0.99333306401968 0.599129323968581 "experimento_3" 3 1500 1000 0.8 0.5 0.4 1 0.8
1.00144382188499 0.473537891039053 "experimento_3" 3 1500 1000 0.8 0.5 0.4 1 0.8
0.994438813300803 0.497050813260677 "experimento_3" 3 1500 1000 0.8 0.5 0.4 1 0.8
0.998580832965672 0.508629609509003 "experimento_3" 3 1500 1000 0.8 0.5 0.4 1 0.8
0.993133672745898 0.520894428462331 "experimento_3" 3 1500 1000 0.8 0.5 0.4 1 0.8
0.993824574630708 0.536661540388347 "experimento_3" 3 1500 1000 0.8 0.5 0.4 1 0.8
0.991587440250441 0.530723142197915 "experimento_3" 3 1500 1000 0.8 0.5 0.4 1 0.8
0.989986281841993 0.520949335408209 "experimento_3" 3 1500 1000 0.8 0.5 0.4 1 0.8
0.999398071784526 0.529057166577233 "experimento_3" 3 1500 1000 0.8 0.5 0.4 1 0.8
0.991126263746992 0.557558033389512 "experimento_3" 3 1500 1000 0.8 0.5 0.4 1 0.8
0.992789467563853 0.531370722134568 "experimento_3" 3 1500 1000 0.8 0.5 0.4 1 0.8
0.998995681293309 0.531053915812823 "experimento_3" 3 1500 1000 0.8 0.5 0.4 1 0.8
0.987490901723504 0.46199958223234 "experimento_3" 3 1500 1000 0.8 0.5 0.4 1 0.8
1.00198805890977 0.491878926156119 "experimento_3" 3 1500 1000 0.8 0.5 0.4 1 0.8
0.995761616621166 0.484500244094313 "experimento_3" 3 1500 1000 0.8 0.5 0.4 1 0.8
0.995645751012489 0.492534309675431 "experimento_3" 3 1500 1000 0.8 0.5 0.4 1 0.8
0.987436768831685 0.53278207343011 "experimento_3" 3 1500 1000 0.8 0.5 0.4 1 0.8
0.997917191358283 0.466349217633411 "experimento_3" 3 1500 1000 0.8 0.5 0.4 1 0.8
1.01989091467112 0.490000324522563 "experimento_3" 3 1500 1000 0.8 0.5 0.4 1 0.8
0.993398978374898 0.515517752603196 "experimento_3" 3 1500 1000 0.8 0.5 0.4 1 0.8
0.999383590416983 0.549922784578386 "experimento_3" 3 1500 1000 0.8 0.5 0.4 1 0.8
1.07673126552254 0.500005980057779 "experimento_3" 3 1500 1000 0.8 0.5 0.4 1 0.8
0.995311657199636 0.493694104710065 "experimento_3" 3 1500 1000 0.8 0.5 0.4 1 0.8
1.00642491318285 0.570843885862592 "experimento_3" 3 1500 1000 0.8 0.5 0.4 1 0.8
0.995149009395391 0.552616770142681 "experimento_3" 3 1500 1000 0.8 0.5 0.4 1 0.8
0.992108986247331 0.563169082272482 "experimento_3" 3 1500 1000 0.8 0.5 0.4 1 0.8
1.00205419725385 0.481644642690708 "experimento_3" 3 1500 1000 0.8 0.5 0.4 1 0.8
1.0005502481453 0.537744759471138 "experimento_3" 3 1500 1000 0.8 0.5 0.4 1 0.8
0.991738503566012 0.471820759991202 "experimento_3" 3 1500 1000 0.8 0.5 0.4 1 0.8
0.999827620340511 0.509102974497123 "experimento_3" 3 1500 1000 0.8 0.5 0.4 1 0.8
1.03701467160136 0.521917291566297 "experimento_3" 3 1500 1000 0.8 0.5 0.4 1 0.8
0.99005534267053 0.500356766223905 "experimento_3" 3 1500 1000 0.8 0.5 0.4 1 0.8
0.987670443486422 0.507716081399653 "experimento_3" 3 1500 1000 0.8 0.5 0.4 1 0.8
0.998750633560121 0.501518613782807 "experimento_3" 3 1500 1000 0.8 0.5 0.4 1 0.8
1.03502735932383 0.501459944947451 "experimento_3" 3 1500 1000 0.8 0.5 0.4 1 0.8
0.998349684756249 0.471549266129797 "experimento_3" 3 1500 1000 0.8 0.5 0.4 1 0.8
0.999678537948057 0.483464365657665 "experimento_3" 3 1500 1000 0.8 0.5 0.4 1 0.8
0.996380062540993 0.530596757940781 "experimento_3" 3 1500 1000 0.8 0.5 0.4 1 0.8
0.999198351753876 0.494084171322198 "experimento_3" 3 1500 1000 0.8 0.5 0.4 1 0.8
0.992012333823368 0.504016453873723 "experimento_3" 3 1500 1000 0.8 0.5 0.4 1 0.8
0.999375548446551 0.49123034642397 "experimento_3" 3 1500 1000 0.8 0.5 0.4 1 0.8
1.00079913251102 0.47327185077259 "experimento_3" 3 1500 1000 0.8 0.5 0.4 1 0.8
0.994858347810805 0.491041046950961 "experimento_3" 3 1500 1000 0.8 0.5 0.4 1 0.8
0.998614340787753 0.538129169526535 "experimento_3" 3 1500 1000 0.8 0.5 0.4 1 0.8
0.996958655072376 0.495903415727287 "experimento_3" 3 1500 1000 0.8 0.5 0.4 1 0.8
0.994855308206752 0.550751940693857 "experimento_3" 3 1500 1000 0.8 0.5 0.4 1 0.8
1.03172200622791 0.566619729318606 "experimento_3" 3 1500 1000 0.8 0.5 0.4 1 0.8
1.08434652909636 0.49387518220407 "experimento_3" 3 1500 1000 0.8 0.5 0.4 1 0.8
1.00961962178567 0.517674292572201 "experimento_3" 3 1500 1000 0.8 0.5 0.4 1 0.8
1.02491969526686 0.509909869074301 "experimento_3" 3 1500 1000 0.8 0.5 0.4 1 0.8
0.992774699581787 0.520592514821476 "experimento_3" 3 1500 1000 0.8 0.5 0.4 1 0.8
0.999897899106145 0.532069791818569 "experimento_3" 3 1500 1000 0.8 0.5 0.4 1 0.8
1.02081125322729 0.448354171475004 "experimento_3" 3 1500 1000 0.8 0.5 0.4 1 0.8
1.35036007542555 0.421554390639959 "experimento_3" 3 1500 1000 0.8 0.5 0.4 1 0.8
1.0046416577549 0.531184134907264 "experimento_3" 3 1500 1000 0.8 0.5 0.4 1 0.8
0.992167817894369 0.523846097404201 "experimento_3" 3 1500 1000 0.8 0.5 0.4 1 0.8
0.986675074556842 0.537301323902459 "experimento_3" 3 1500 1000 0.8 0.5 0.4 1 0.8
1.04188250098377 0.461681255376046 "experimento_3" 3 1500 1000 0.8 0.5 0.4 1 0.8
0.995379558531567 0.571577664917106 "experimento_3" 3 1500 1000 0.8 0.5 0.4 1 0.8
0.999105885392055 0.498283060892132 "experimento_3" 3 1500 1000 0.8 0.5 0.4 1 0.8
0.999127334915102 0.493474394085152 "experimento_3" 3 1500 1000 0.8 0.5 0.4 1 0.8
0.994756814558059 0.534029461849078 "experimento_3" 3 1500 1000 0.8 0.5 0.4 1 0.8
0.995509420055896 0.496222505334864 "experimento_3" 3 1500 1000 0.8 0.5 0.4 1 0.8
0.985972819617018 0.527860841635877 "experimento_3" 3 1500 1000 0.8 0.5 0.4 1 0.8
0.993104727705941 0.533490514256975 "experimento_3" 3 1500 1000 0.8 0.5 0.4 1 0.8
1.00187548754115 0.510864749534009 "experimento_3" 3 1500 1000 0.8 0.5 0.4 1 0.8
1.00728021655232 0.44781263869129 "experimento_3" 3 1500 1000 0.8 0.5 0.4 1 0.8
0.991495193215087 0.468547190584939 "experimento_3" 3 1500 1000 0.8 0.5 0.4 1 0.8
0.997073419392109 0.506891789041904 "experimento_3" 3 1500 1000 0.8 0.5 0.4 1 0.8
0.991967014968395 0.521320717072913 "experimento_3" 3 1500 1000 0.8 0.5 0.4 1 0.8
0.996216944418848 0.520105453321457 "experimento_3" 3 1500 1000 0.8 0.5 0.4 1 0.8
0.991155327297747 0.563928031199805 "experimento_3" 3 1500 1000 0.8 0.5 0.4 1 0.8
0.999667707365006 0.518250172836495 "experimento_3" 3 1500 1000 0.8 0.5 0.4 1 0.8
0.995473979506642 0.598836419475817 "experimento_3" 3 1500 1000 0.8 0.5 0.4 1 0.8
1.00659077535544 0.460759634514963 "experimento_3" 3 1500 1000 0.8 0.5 0.4 1 0.8
0.995326912496239 0.464761935902775 "experimento_3" 3 1500 1000 0.8 0.5 0.4 1 0.8
0.997152583207935 0.553336750321266 "experimento_3" 3 1500 1000 0.8 0.5 0.4 1 0.8
0.990194549784064 0.547247400587002 "experimento_3" 3 1500 1000 0.8 0.5 0.4 1 0.8
0.98998275725171 0.518081466526815 "experimento_3" 3 1500 1000 0.8 0.5 0.4 1 0.8
0.999016131274402 0.497800712204556 "experimento_3" 3 1500 1000 0.8 0.5 0.4 1 0.8
1.01109143160284 0.577586376666954 "experimento_3" 3 1500 1000 0.8 0.5 0.4 1 0.8
1.00038339674608 0.478652031837326 "experimento_3" 3 1500 1000 0.8 0.5 0.4 1 0.8
0.999015852808952 0.496925125679558 "experimento_3" 3 1500 1000 0.8 0.5 0.4 1 0.8
1.02818450693256 0.492690472166264 "experimento_3" 3 1500 1000 0.8 0.5 0.4 1 0.8
0.998250503558666 0.487792485848699 "experimento_3" 3 1500 1000 0.8 0.5 0.4 1 0.8
0.99055323866196 0.526237229197348 "experimento_3" 3 1500 1000 0.8 0.5 0.4 1 0.8
0.99559542350471 0.538830437250911 "experimento_3" 3 1500 1000 0.8 0.5 0.4 1 0.8
0.999815934104845 0.472752954314326 "experimento_3" 3 1500 1000 0.8 0.5 0.4 1 0.8
1.32845527306199 0.497484507879718 "experimento_3" 3 1500 1000 0.8 0.5 0.4 1 0.8
0.999127693939954 0.470348495208542 "experimento_3" 3 1500 1000 0.8 0.5 0.4 1 0.8
0.999892983818427 0.557211531938914 "experimento_3" 3 1500 1000 0.8 0.5 0.4 1 0.8
0.992439148249105 0.520183225389276 "experimento_3" 3 1500 1000 0.8 0.5 0.4 1 0.8
0.988314720103517 0.48573227643068 "experimento_3" 3 1500 1000 0.8 0.5 0.4 1 0.8
0.997471281560138 0.568109621752239 "experimento_3" 3 1500 1000 0.8 0.5 0.4 1 0.8
1.0003416556865 0.532896237087876 "experimento_3" 3 1500 1000 0.8 0.5 0.4 1 0.8
0.999998734798282 0.451342798130664 "experimento_3" 3 1500 1000 0.8 0.5 0.4 1 0.8
0.989128202199936 0.504372688811057 "experimento_3" 3 1500 1000 0.8 0.5 0.4 1 0.8
0.997745188651606 0.52135223008041 "experimento_3" 3 1500 1000 0.8 0.5 0.4 1 0.8
0.995704161934555 0.494778962871349 "experimento_3" 3 1500 1000 0.8 0.5 0.4 1 0.8
0.991930534131825 0.526911638162989 "experimento_3" 3 1500 1000 0.8 0.5 0.4 1 0.8
1.16643022817458 0.473098189907286 "experimento_3" 3 1500 1000 0.8 0.5 0.4 1 0.8
0.991293661762029 0.490427895959302 "experimento_3" 3 1500 1000 0.8 0.5 0.4 1 0.8
0.999952651560307 0.514269546300924 "experimento_3" 3 1500 1000 0.8 0.5 0.4 1 0.8
0.999900924274698 0.463636143011259 "experimento_3" 3 1500 1000 0.8 0.5 0.4 1 0.8
0.990142838330939 0.491418608243275 "experimento_3" 3 1500 1000 0.8 0.5 0.4 1 0.8
1.10592533834279 0.524744039902825 "experimento_3" 3 1500 1000 0.8 0.5 0.4 1 0.8
1.00074082612991 0.51688176412525 "experimento_3" 3 1500 1000 0.8 0.5 0.4 1 0.8
0.99907352309674 0.511375846841378 "experimento_3" 3 1500 1000 0.8 0.5 0.4 1 0.8
0.995621710782871 0.514958274351953 "experimento_3" 3 1500 1000 0.8 0.5 0.4 1 0.8
0.988652805564925 0.49409822369773 "experimento_3" 3 1500 1000 0.8 0.5 0.4 1 0.8
1.00383050218263 0.468921376082944 "experimento_3" 3 1500 1000 0.8 0.5 0.4 1 0.8
1.03710306189496 0.560337438009642 "experimento_3" 3 1500 1000 0.8 0.5 0.4 1 0.8
0.990003369282931 0.524499527840989 "experimento_3" 3 1500 1000 0.8 0.5 0.4 1 0.8
0.995863390620798 0.515738196129827 "experimento_3" 3 1500 1000 0.8 0.5 0.4 1 0.8
0.999767763540149 0.535064575260876 "experimento_3" 3 1500 1000 0.8 0.5 0.4 1 0.8
0.985184652265161 0.487134211075852 "experimento_3" 3 1500 1000 0.8 0.5 0.4 1 0.8
0.990786261856556 0.545895025401861 "experimento_3" 3 1500 1000 0.8 0.5 0.4 1 0.8
0.987151295179501 0.516415518121942 "experimento_3" 3 1500 1000 0.8 0.5 0.4 1 0.8
0.999635875923559 0.488995184226123 "experimento_3" 3 1500 1000 0.8 0.5 0.4 1 0.8
1.03932740632445 0.458421232354188 "experimento_3" 3 1500 1000 0.8 0.5 0.4 1 0.8
0.984952317783609 0.570700415383022 "experimento_3" 3 1500 1000 0.8 0.5 0.4 1 0.8
0.999014300527051 0.560588881179314 "experimento_3" 3 1500 1000 0.8 0.5 0.4 1 0.8
1.01301009368072 0.457095258712708 "experimento_3" 3 1500 1000 0.8 0.5 0.4 1 0.8
0.990562585648149 0.465317496963136 "experimento_3" 3 1500 1000 0.8 0.5 0.4 1 0.8
0.996279568178579 0.469432783057647 "experimento_3" 3 1500 1000 0.8 0.5 0.4 1 0.8
1.67178755440714 0.426782174535905 "experimento_3" 3 1500 1000 0.8 0.5 0.4 1 0.8
1.01970453746617 0.47691583026837 "experimento_3" 3 1500 1000 0.8 0.5 0.4 1 0.8
0.989561209455132 0.477367758025052 "experimento_3" 3 1500 1000 0.8 0.5 0.4 1 0.8
0.993490257766098 0.493374613678124 "experimento_3" 3 1500 1000 0.8 0.5 0.4 1 0.8
1.01393625233322 0.440042124479606 "experimento_3" 3 1500 1000 0.8 0.5 0.4 1 0.8
0.989002224756405 0.525252023219839 "experimento_3" 3 1500 1000 0.8 0.5 0.4 1 0.8
1.00390649525443 0.475106647743241 "experimento_3" 3 1500 1000 0.8 0.5 0.4 1 0.8
0.99950536689721 0.501399951119369 "experimento_3" 3 1500 1000 0.8 0.5 0.4 1 0.8
0.999933016719297 0.482913253615774 "experimento_3" 3 1500 1000 0.8 0.5 0.4 1 0.8
1.05501540670057 0.5230631334584 "experimento_3" 3 1500 1000 0.8 0.5 0.4 1 0.8
0.999879067065194 0.466185857567968 "experimento_3" 3 1500 1000 0.8 0.5 0.4 1 0.8
0.998121177311987 0.496606741800511 "experimento_3" 3 1500 1000 0.8 0.5 0.4 1 0.8
0.994770346209407 0.506679846579252 "experimento_3" 3 1500 1000 0.8 0.5 0.4 1 0.8
1.00391636881977 0.519297028298107 "experimento_3" 3 1500 1000 0.8 0.5 0.4 1 0.8
0.999550976790488 0.472835416474027 "experimento_3" 3 1500 1000 0.8 0.5 0.4 1 0.8
0.985804169904441 0.537188065532668 "experimento_3" 3 1500 1000 0.8 0.5 0.4 1 0.8
0.992453455692157 0.509986538724942 "experimento_3" 3 1500 1000 0.8 0.5 0.4 1 0.8
0.989372259005904 0.494274789651542 "experimento_3" 3 1500 1000 0.8 0.5 0.4 1 0.8
1.02295017784249 0.471758930995525 "experimento_3" 3 1500 1000 0.8 0.5 0.4 1 0.8
0.9923757603392 0.489221467023846 "experimento_3" 3 1500 1000 0.8 0.5 0.4 1 0.8
0.999886695062742 0.52482244487506 "experimento_3" 3 1500 1000 0.8 0.5 0.4 1 0.8
0.988242592662573 0.551034694111136 "experimento_3" 3 1500 1000 0.8 0.5 0.4 1 0.8
0.999214770039544 0.557520723029205 "experimento_3" 3 1500 1000 0.8 0.5 0.4 1 0.8
1.04201750550419 0.509885245014361 "experimento_3" 3 1500 1000 0.8 0.5 0.4 1 0.8
1.00027369149029 0.511728547842532 "experimento_3" 3 1500 1000 0.8 0.5 0.4 1 0.8
0.99867523345165 0.524340868274366 "experimento_3" 3 1500 1000 0.8 0.5 0.4 1 0.8
0.983135431772098 0.547534870981683 "experimento_3" 3 1500 1000 0.8 0.5 0.4 1 0.8
1.09567108038972 0.477019305133137 "experimento_3" 3 1500 1000 0.8 0.5 0.4 1 0.8
0.999129392439499 0.508923079510631 "experimento_3" 3 1500 1000 0.8 0.5 0.4 1 0.8
0.991099901031703 0.468933645028625 "experimento_3" 3 1500 1000 0.8 0.5 0.4 1 0.8
0.984307368751615 0.573743916789876 "experimento_3" 3 1500 1000 0.8 0.5 0.4 1 0.8
0.999306697631255 0.516097558846061 "experimento_3" 3 1500 1000 0.8 0.5 0.4 1 0.8
0.992464296054095 0.533954651619823 "experimento_3" 3 1500 1000 0.8 0.5 0.4 1 0.8
0.994479923276231 0.485568309108132 "experimento_3" 3 1500 1000 0.8 0.5 0.4 1 0.8
0.999201020458713 0.515148168105941 "experimento_3" 3 1500 1000 0.8 0.5 0.4 1 0.8
0.996804967522621 0.541610940277603 "experimento_3" 3 1500 1000 0.8 0.5 0.4 1 0.8
0.983663502149284 0.553634245077214 "experimento_3" 3 1500 1000 0.8 0.5 0.4 1 0.8
1.00106149222251 0.480814808187841 "experimento_3" 3 1500 1000 0.8 0.5 0.4 1 0.8
1.01196811813861 0.510744497916234 "experimento_3" 3 1500 1000 0.8 0.5 0.4 1 0.8
1.0046943802704 0.506954680458254 "experimento_3" 3 1500 1000 0.8 0.5 0.4 1 0.8
1.09584733843803 0.475901064838264 "experimento_3" 3 1500 1000 0.8 0.5 0.4 1 0.8
1.05167198553681 0.468651949010581 "experimento_3" 3 1500 1000 0.8 0.5 0.4 1 0.8
0.996286223409697 0.490848604446852 "experimento_3" 3 1500 1000 0.8 0.5 0.4 1 0.8
0.982977649429813 0.459521633092692 "experimento_3" 3 1500 1000 0.8 0.5 0.4 1 0.8
1.01827398966998 0.466397900563141 "experimento_3" 3 1500 1000 0.8 0.5 0.4 1 0.8
1.00160666155341 0.505454183770383 "experimento_3" 3 1500 1000 0.8 0.5 0.4 1 0.8
0.99724434199743 0.476766203289128 "experimento_3" 3 1500 1000 0.8 0.5 0.4 1 0.8
0.992189937271178 0.517661012862831 "experimento_3" 3 1500 1000 0.8 0.5 0.4 1 0.8
0.992395761189982 0.524373353878232 "experimento_3" 3 1500 1000 0.8 0.5 0.4 1 0.8
0.990225045243278 0.575609911020962 "experimento_3" 3 1500 1000 0.8 0.5 0.4 1 0.8
0.99346784572117 0.51106716935459 "experimento_3" 3 1500 1000 0.8 0.5 0.4 1 0.8
0.989730985835195 0.472529878440493 "experimento_3" 3 1500 1000 0.8 0.5 0.4 1 0.8
0.993685974273831 0.524822056288802 "experimento_3" 3 1500 1000 0.8 0.5 0.4 1 0.8
0.991272205021232 0.570431557159264 "experimento_3" 3 1500 1000 0.8 0.5 0.4 1 0.8
1.00960539271326 0.494705648556372 "experimento_3" 3 1500 1000 0.8 0.5 0.4 1 0.8
0.99822779931128 0.5470210913546 "experimento_3" 3 1500 1000 0.8 0.5 0.4 1 0.8
0.999193646246567 0.520520125130944 "experimento_3" 3 1500 1000 0.8 0.5 0.4 1 0.8
0.998070388333872 0.5172486945676 "experimento_3" 3 1500 1000 0.8 0.5 0.4 1 0.8
0.997555934358388 0.504210343299123 "experimento_3" 3 1500 1000 0.8 0.5 0.4 1 0.8
1.02890559099615 0.553894593600133 "experimento_3" 3 1500 1000 0.8 0.5 0.4 1 0.8
0.994018895551562 0.513843930241611 "experimento_3" 3 1500 1000 0.8 0.5 0.4 1 0.8
0.985721845645458 0.491367683299479 "experimento_3" 3 1500 1000 0.8 0.5 0.4 1 0.8
0.993694660020992 0.521209125478989 "experimento_3" 3 1500 1000 0.8 0.5 0.4 1 0.8
0.99542796658352 0.461481229281732 "experimento_3" 3 1500 1000 0.8 0.5 0.4 1 0.8
1.01191936153919 0.528829502175915 "experimento_3" 3 1500 1000 0.8 0.5 0.4 1 0.8
0.988803630229086 0.513332418814296 "experimento_3" 3 1500 1000 0.8 0.5 0.4 1 0.8
1.04726515430957 0.514807349882599 "experimento_3" 3 1500 1000 0.8 0.5 0.4 1 0.8
0.99683509208262 0.470528772194417 "experimento_3" 3 1500 1000 0.8 0.5 0.4 1 0.8
1.00323558505625 0.539523030993364 "experimento_3" 3 1500 1000 0.8 0.5 0.4 1 0.8
1.01540810391438 0.495978000149582 "experimento_3" 3 1500 1000 0.8 0.5 0.4 1 0.8
1.00092051271349 0.490016183385743 "experimento_3" 3 1500 1000 0.8 0.5 0.4 1 0.8
0.975159169640392 0.547428875389734 "experimento_3" 3 1500 1000 0.8 0.5 0.4 1 0.8
1.02381251985922 0.494805393989617 "experimento_3" 3 1500 1000 0.8 0.5 0.4 1 0.8
1.01135608247133 0.511012889473357 "experimento_3" 3 1500 1000 0.8 0.5 0.4 1 0.8
0.997414506273344 0.522486499367978 "experimento_3" 3 1500 1000 0.8 0.5 0.4 1 0.8
0.996795669663697 0.547079371510309 "experimento_3" 3 1500 1000 0.8 0.5 0.4 1 0.8
0.99803721322678 0.481518502425011 "experimento_3" 3 1500 1000 0.8 0.5 0.4 1 0.8
1.00309867598116 0.495826132108486 "experimento_3" 3 1500 1000 0.8 0.5 0.4 1 0.8
0.999907556688413 0.470547777324516 "experimento_3" 3 1500 1000 0.8 0.5 0.4 1 0.8
0.991665310459211 0.516132206607191 "experimento_3" 3 1500 1000 0.8 0.5 0.4 1 0.8
0.996792199090123 0.504379782120413 "experimento_3" 3 1500 1000 0.8 0.5 0.4 1 0.8
1.07436851190057 0.485116298150114 "experimento_3" 3 1500 1000 0.8 0.5 0.4 1 0.8
0.987301107030362 0.559267702268732 "experimento_3" 3 1500 1000 0.8 0.5 0.4 1 0.8
0.99449926498346 0.532425069813223 "experimento_3" 3 1500 1000 0.8 0.5 0.4 1 0.8
0.999883222160861 0.479614791190483 "experimento_3" 3 1500 1000 0.8 0.5 0.4 1 0.8
1.00100561138487 0.560551856773522 "experimento_3" 3 1500 1000 0.8 0.5 0.4 1 0.8
0.992211993550882 0.548639725796151 "experimento_3" 3 1500 1000 0.8 0.5 0.4 1 0.8
0.994084161706269 0.469417949685518 "experimento_3" 3 1500 1000 0.8 0.5 0.4 1 0.8
0.996958545641974 0.511536706576717 "experimento_3" 3 1500 1000 0.8 0.5 0.4 1 0.8
0.999441012972966 0.531607375562779 "experimento_3" 3 1500 1000 0.8 0.5 0.4 1 0.8
0.986450782511383 0.505559690158669 "experimento_3" 3 1500 1000 0.8 0.5 0.4 1 0.8
0.985531394835562 0.520221182521246 "experimento_3" 3 1500 1000 0.8 0.5 0.4 1 0.8
0.998144996352494 0.526126856786774 "experimento_3" 3 1500 1000 0.8 0.5 0.4 1 0.8
0.998978813178837 0.549628339031198 "experimento_3" 3 1500 1000 0.8 0.5 0.4 1 0.8
0.992959276540205 0.541858885699884 "experimento_3" 3 1500 1000 0.8 0.5 0.4 1 0.8
1.07254982553422 0.516361808348227 "experimento_3" 3 1500 1000 0.8 0.5 0.4 1 0.8
1.03035082446117 0.504673132692964 "experimento_3" 3 1500 1000 0.8 0.5 0.4 1 0.8
1.04186738375574 0.461270655706871 "experimento_3" 3 1500 1000 0.8 0.5 0.4 1 0.8
0.997656967956573 0.544231978065748 "experimento_3" 3 1500 1000 0.8 0.5 0.4 1 0.8
1.12221583584862 0.466744193617784 "experimento_3" 3 1500 1000 0.8 0.5 0.4 1 0.8
1.00134300719947 0.516629956761558 "experimento_3" 3 1500 1000 0.8 0.5 0.4 1 0.8
0.989864393835887 0.519334531059918 "experimento_3" 3 1500 1000 0.8 0.5 0.4 1 0.8
1.00192508078397 0.472366602676642 "experimento_3" 3 1500 1000 0.8 0.5 0.4 1 0.8
0.999103711219504 0.436268311702361 "experimento_3" 3 1500 1000 0.8 0.5 0.4 1 0.8
0.997205528896302 0.49894062768482 "experimento_3" 3 1500 1000 0.8 0.5 0.4 1 0.8
1.00433630496264 0.514571609815056 "experimento_3" 3 1500 1000 0.8 0.5 0.4 1 0.8
0.997217679396272 0.481942238059738 "experimento_3" 3 1500 1000 0.8 0.5 0.4 1 0.8
0.997699788538739 0.546552994329586 "experimento_3" 3 1500 1000 0.8 0.5 0.4 1 0.8
0.998177147936076 0.53132008084307 "experimento_3" 3 1500 1000 0.8 0.5 0.4 1 0.8
0.998215142870322 0.512692637568296 "experimento_3" 3 1500 1000 0.8 0.5 0.4 1 0.8
0.980062371352687 0.573325285430445 "experimento_3" 3 1500 1000 0.8 0.5 0.4 1 0.8
0.992988395504653 0.515576675897892 "experimento_3" 3 1500 1000 0.8 0.5 0.4 1 0.8
0.996740354923531 0.470926649755128 "experimento_3" 3 1500 1000 0.8 0.5 0.4 1 0.8
0.995323038427159 0.494750491215404 "experimento_3" 3 1500 1000 0.8 0.5 0.4 1 0.8
1.00692230912734 0.503647384408989 "experimento_3" 3 1500 1000 0.8 0.5 0.4 1 0.8
0.990186486393213 0.489220624725297 "experimento_3" 3 1500 1000 0.8 0.5 0.4 1 0.8
0.999916303437203 0.483848336026633 "experimento_3" 3 1500 1000 0.8 0.5 0.4 1 0.8
0.989814608357847 0.497565552475296 "experimento_3" 3 1500 1000 0.8 0.5 0.4 1 0.8
1.11104279468765 0.494918691057845 "experimento_3" 3 1500 1000 0.8 0.5 0.4 1 0.8
0.990995132131502 0.456813488548673 "experimento_3" 3 1500 1000 0.8 0.5 0.4 1 0.8
0.999402174726129 0.484066040278468 "experimento_3" 3 1500 1000 0.8 0.5 0.4 1 0.8
0.999440660234541 0.538701983121855 "experimento_3" 3 1500 1000 0.8 0.5 0.4 1 0.8
1.20388723444194 0.484596874640772 "experimento_3" 3 1500 1000 0.8 0.5 0.4 1 0.8
0.998689376749098 0.512678569037142 "experimento_3" 3 1500 1000 0.8 0.5 0.4 1 0.8
0.999806416220963 0.548834908459596 "experimento_3" 3 1500 1000 0.8 0.5 0.4 1 0.8
1.02731700895896 0.479999099123377 "experimento_3" 3 1500 1000 0.8 0.5 0.4 1 0.8
0.99972060136497 0.475800057100723 "experimento_3" 3 1500 1000 0.8 0.5 0.4 1 0.8
0.988087672973052 0.485101292338848 "experimento_3" 3 1500 1000 0.8 0.5 0.4 1 0.8
0.996847868897021 0.525497426883389 "experimento_3" 3 1500 1000 0.8 0.5 0.4 1 0.8
0.999104275833815 0.518345266302714 "experimento_3" 3 1500 1000 0.8 0.5 0.4 1 0.8
1.12735045459441 0.485573851504016 "experimento_3" 3 1500 1000 0.8 0.5 0.4 1 0.8
0.990858376957476 0.523918230925806 "experimento_3" 3 1500 1000 0.8 0.5 0.4 1 0.8
0.995206524850801 0.532137663304223 "experimento_3" 3 1500 1000 0.8 0.5 0.4 1 0.8
0.994751938153058 0.487757793963186 "experimento_3" 3 1500 1000 0.8 0.5 0.4 1 0.8
0.990656445967034 0.539157213681787 "experimento_3" 3 1500 1000 0.8 0.5 0.4 1 0.8
0.999253301182762 0.504793802627662 "experimento_3" 3 1500 1000 0.8 0.5 0.4 1 0.8
0.999834052985534 0.457961793337392 "experimento_3" 3 1500 1000 0.8 0.5 0.4 1 0.8
0.991634507197887 0.512499808014897 "experimento_3" 3 1500 1000 0.8 0.5 0.4 1 0.8
0.983040066901594 0.496697096782083 "experimento_3" 3 1500 1000 0.8 0.5 0.4 1 0.8
0.999355629319325 0.547804005182019 "experimento_3" 3 1500 1000 0.8 0.5 0.4 1 0.8
1.01069479533682 0.483876996306279 "experimento_3" 3 1500 1000 0.8 0.5 0.4 1 0.8
0.995663462905213 0.521548775375817 "experimento_3" 3 1500 1000 0.8 0.5 0.4 1 0.8
0.992783045396209 0.520621664692114 "experimento_3" 3 1500 1000 0.8 0.5 0.4 1 0.8
0.998622141079977 0.493102597044695 "experimento_3" 3 1500 1000 0.8 0.5 0.4 1 0.8
0.996492085047066 0.551256425918502 "experimento_3" 3 1500 1000 0.8 0.5 0.4 1 0.8
0.991236368892714 0.530182904749253 "experimento_3" 3 1500 1000 0.8 0.5 0.4 1 0.8
0.99531353963539 0.517552964485493 "experimento_3" 3 1500 1000 0.8 0.5 0.4 1 0.8
1.00889021530747 0.50647206984677 "experimento_3" 3 1500 1000 0.8 0.5 0.4 1 0.8
0.998596400953829 0.506602934498081 "experimento_3" 3 1500 1000 0.8 0.5 0.4 1 0.8
0.999258058378473 0.493340571385175 "experimento_3" 3 1500 1000 0.8 0.5 0.4 1 0.8
1.00215526856482 0.553025993229418 "experimento_3" 3 1500 1000 0.8 0.5 0.4 1 0.8
1.00207936861333 0.518449131463098 "experimento_3" 3 1500 1000 0.8 0.5 0.4 1 0.8
0.996110355248675 0.519921508311443 "experimento_3" 3 1500 1000 0.8 0.5 0.4 1 0.8
0.99306488246657 0.482523785184874 "experimento_3" 3 1500 1000 0.8 0.5 0.4 1 0.8
1.05598072874 0.519913819648193 "experimento_3" 3 1500 1000 0.8 0.5 0.4 1 0.8
1.0034335674718 0.566776758593857 "experimento_3" 3 1500 1000 0.8 0.5 0.4 1 0.8
0.99993547052145 0.496704661152845 "experimento_3" 3 1500 1000 0.8 0.5 0.4 1 0.8
0.996981189120561 0.480728460750436 "experimento_3" 3 1500 1000 0.8 0.5 0.4 1 0.8
0.990164510672912 0.52492800754544 "experimento_3" 3 1500 1000 0.8 0.5 0.4 1 0.8
1.2209497531876 0.505633155087729 "experimento_3" 3 1500 1000 0.8 0.5 0.4 1 0.8
0.996247819392011 0.523661848402481 "experimento_3" 3 1500 1000 0.8 0.5 0.4 1 0.8
1.01231722254306 0.590351972813907 "experimento_3" 3 1500 1000 0.8 0.5 0.4 1 0.8
0.995838561560959 0.574423605359974 "experimento_3" 3 1500 1000 0.8 0.5 0.4 1 0.8
1.00079561956227 0.497593347121105 "experimento_3" 3 1500 1000 0.8 0.5 0.4 1 0.8
0.999248815234751 0.474925850510712 "experimento_3" 3 1500 1000 0.8 0.5 0.4 1 0.8
0.989862491842359 0.525346705373469 "experimento_3" 3 1500 1000 0.8 0.5 0.4 1 0.8
0.988166448660195 0.534890571608438 "experimento_3" 3 1500 1000 0.8 0.5 0.4 1 0.8
0.998444637749344 0.51082559368748 "experimento_3" 3 1500 1000 0.8 0.5 0.4 1 0.8
0.999811912421137 0.519638194733536 "experimento_3" 3 1500 1000 0.8 0.5 0.4 1 0.8
0.996606581378728 0.567690760725803 "experimento_3" 3 1500 1000 0.8 0.5 0.4 1 0.8
1.01079320069402 0.498128773652253 "experimento_3" 3 1500 1000 0.8 0.5 0.4 1 0.8
1.00040783735018 0.500345575801874 "experimento_3" 3 1500 1000 0.8 0.5 0.4 1 0.8
0.993448256747797 0.484613317546678 "experimento_3" 3 1500 1000 0.8 0.5 0.4 1 0.8
0.999830336775631 0.555423309370167 "experimento_3" 3 1500 1000 0.8 0.5 0.4 1 0.8
1.04544616118073 0.497642915737516 "experimento_3" 3 1500 1000 0.8 0.5 0.4 1 0.8
0.993718517245725 0.50055053953516 "experimento_3" 3 1500 1000 0.8 0.5 0.4 1 0.8
0.993849823484197 0.484466458882013 "experimento_3" 3 1500 1000 0.8 0.5 0.4 1 0.8
0.997112625977024 0.508851466055898 "experimento_3" 3 1500 1000 0.8 0.5 0.4 1 0.8
1.0444722911969 0.482689473757375 "experimento_3" 3 1500 1000 0.8 0.5 0.4 1 0.8
0.995217819465324 0.577088647910152 "experimento_3" 3 1500 1000 0.8 0.5 0.4 1 0.8
0.995798338903114 0.524489364206107 "experimento_3" 3 1500 1000 0.8 0.5 0.4 1 0.8
1.01744700595737 0.526996958340306 "experimento_3" 3 1500 1000 0.8 0.5 0.4 1 0.8
0.999479762744159 0.487034339834419 "experimento_3" 3 1500 1000 0.8 0.5 0.4 1 0.8
0.998664888320491 0.510690214092094 "experimento_3" 3 1500 1000 0.8 0.5 0.4 1 0.8
0.996647947467864 0.47788582821605 "experimento_3" 3 1500 1000 0.8 0.5 0.4 1 0.8
1.04638046293414 0.479301134210096 "experimento_3" 3 1500 1000 0.8 0.5 0.4 1 0.8
0.997128212125972 0.515256204903367 "experimento_3" 3 1500 1000 0.8 0.5 0.4 1 0.8
0.99739169399254 0.491570363274219 "experimento_3" 3 1500 1000 0.8 0.5 0.4 1 0.8
1.15741836931556 0.501981515652698 "experimento_3" 3 1500 1000 0.8 0.5 0.4 1 0.8
0.982764572137967 0.537272773044004 "experimento_3" 3 1500 1000 0.8 0.5 0.4 1 0.8
0.98178832535632 0.486602203659487 "experimento_3" 3 1500 1000 0.8 0.5 0.4 1 0.8
0.999300135998055 0.491246552667192 "experimento_3" 3 1500 1000 0.8 0.5 0.4 1 0.8
0.997708383947611 0.485530158535036 "experimento_3" 3 1500 1000 0.8 0.5 0.4 1 0.8
1.00243928596974 0.525272260963554 "experimento_3" 3 1500 1000 0.8 0.5 0.4 1 0.8
0.986243867315352 0.525589167789066 "experimento_3" 3 1500 1000 0.8 0.5 0.4 1 0.8
0.994827436283231 0.509807627735971 "experimento_3" 3 1500 1000 0.8 0.5 0.4 1 0.8
0.991771923145279 0.449386538642828 "experimento_3" 3 1500 1000 0.8 0.5 0.4 1 0.8
1.00214841692689 0.456485908355096 "experimento_3" 3 1500 1000 0.8 0.5 0.4 1 0.8
0.999509246554226 0.516147700555795 "experimento_3" 3 1500 1000 0.8 0.5 0.4 1 0.8
0.990008433815092 0.547509305231268 "experimento_3" 3 1500 1000 0.8 0.5 0.4 1 0.8
0.987940448103473 0.529522980303037 "experimento_3" 3 1500 1000 0.8 0.5 0.4 1 0.8
0.998693307163194 0.454208121242381 "experimento_3" 3 1500 1000 0.8 0.5 0.4 1 0.8
0.990875309333205 0.486500949449686 "experimento_3" 3 1500 1000 0.8 0.5 0.4 1 0.8
0.99549685139209 0.471586107356394 "experimento_3" 3 1500 1000 0.8 0.5 0.4 1 0.8
0.999707697192207 0.447608457783949 "experimento_3" 3 1500 1000 0.8 0.5 0.4 1 0.8
1.00095852640177 0.529927463145485 "experimento_3" 3 1500 1000 0.8 0.5 0.4 1 0.8
0.991048649419099 0.534565713605142 "experimento_3" 3 1500 1000 0.8 0.5 0.4 1 0.8
0.99926428264007 0.537106715161485 "experimento_3" 3 1500 1000 0.8 0.5 0.4 1 0.8
1.00228757038713 0.492213928099027 "experimento_3" 3 1500 1000 0.8 0.5 0.4 1 0.8
0.991161784157157 0.511979553649782 "experimento_3" 3 1500 1000 0.8 0.5 0.4 1 0.8
0.996047963621095 0.513106888366642 "experimento_3" 3 1500 1000 0.8 0.5 0.4 1 0.8
1.00345782113782 0.465130050237773 "experimento_3" 3 1500 1000 0.8 0.5 0.4 1 0.8
0.998682002304122 0.547159591386174 "experimento_3" 3 1500 1000 0.8 0.5 0.4 1 0.8
0.993202239507809 0.526951306524798 "experimento_3" 3 1500 1000 0.8 0.5 0.4 1 0.8
1.14260156825185 0.480577422702519 "experimento_3" 3 1500 1000 0.8 0.5 0.4 1 0.8
1.00972543563694 0.484495327713257 "experimento_3" 3 1500 1000 0.8 0.5 0.4 1 0.8
0.999165601562709 0.523871971344876 "experimento_3" 3 1500 1000 0.8 0.5 0.4 1 0.8
0.994607018074021 0.502749805166612 "experimento_3" 3 1500 1000 0.8 0.5 0.4 1 0.8
0.997088639298454 0.491984874194808 "experimento_3" 3 1500 1000 0.8 0.5 0.4 1 0.8
0.998735697474331 0.462489762377049 "experimento_3" 3 1500 1000 0.8 0.5 0.4 1 0.8
0.999997266801074 0.518958875708153 "experimento_3" 3 1500 1000 0.8 0.5 0.4 1 0.8
0.999550971901044 0.559829458583334 "experimento_3" 3 1500 1000 0.8 0.5 0.4 1 0.8
1.0000567755611 0.483519472080418 "experimento_3" 3 1500 1000 0.8 0.5 0.4 1 0.8
0.990829144837335 0.506767824922006 "experimento_3" 3 1500 1000 0.8 0.5 0.4 1 0.8
0.995834159431979 0.490911637907455 "experimento_3" 3 1500 1000 0.8 0.5 0.4 1 0.8
1.00669073487955 0.434748612887846 "experimento_3" 3 1500 1000 0.8 0.5 0.4 1 0.8
0.995006687240675 0.547632280788994 "experimento_3" 3 1500 1000 0.8 0.5 0.4 1 0.8
0.995934889186174 0.476021253857248 "experimento_3" 3 1500 1000 0.8 0.5 0.4 1 0.8
1.00097551485037 0.464388310639796 "experimento_3" 3 1500 1000 0.8 0.5 0.4 1 0.8
0.989567254204303 0.507036345639778 "experimento_3" 3 1500 1000 0.8 0.5 0.4 1 0.8
0.993436085060239 0.541025769879755 "experimento_3" 3 1500 1000 0.8 0.5 0.4 1 0.8
1.07554196566343 0.465979504200765 "experimento_3" 3 1500 1000 0.8 0.5 0.4 1 0.8
0.994689141400158 0.466029800231037 "experimento_3" 3 1500 1000 0.8 0.5 0.4 1 0.8
0.987253275001422 0.483746272027745 "experimento_3" 3 1500 1000 0.8 0.5 0.4 1 0.8
0.998685562051833 0.524601065108306 "experimento_3" 3 1500 1000 0.8 0.5 0.4 1 0.8
0.999044093536213 0.481039715322474 "experimento_3" 3 1500 1000 0.8 0.5 0.4 1 0.8
0.999503913335502 0.465159105366986 "experimento_3" 3 1500 1000 0.8 0.5 0.4 1 0.8
0.991293340455741 0.541334284491024 "experimento_3" 3 1500 1000 0.8 0.5 0.4 1 0.8
1.00081174527636 0.484212344206202 "experimento_3" 3 1500 1000 0.8 0.5 0.4 1 0.8
0.995938949286938 0.528277042850452 "experimento_3" 3 1500 1000 0.8 0.5 0.4 1 0.8
0.98909014929086 0.525931887417587 "experimento_3" 3 1500 1000 0.8 0.5 0.4 1 0.8
1.17877807747573 0.472750555058878 "experimento_3" 3 1500 1000 0.8 0.5 0.4 1 0.8
0.991944497684017 0.487542287598928 "experimento_3" 3 1500 1000 0.8 0.5 0.4 1 0.8
1.08012815378606 0.492305393432222 "experimento_3" 3 1500 1000 0.8 0.5 0.4 1 0.8
0.999012348707765 0.453589726643675 "experimento_3" 3 1500 1000 0.8 0.5 0.4 1 0.8
0.991937872720882 0.521842625853236 "experimento_3" 3 1500 1000 0.8 0.5 0.4 1 0.8
0.997686309507117 0.490211036601092 "experimento_3" 3 1500 1000 0.8 0.5 0.4 1 0.8
1.00037128664553 0.428306687673072 "experimento_3" 3 1500 1000 0.8 0.5 0.4 1 0.8
0.9958565691486 0.535260541600498 "experimento_3" 3 1500 1000 0.8 0.5 0.4 1 0.8
0.999219366582111 0.510519768265472 "experimento_3" 3 1500 1000 0.8 0.5 0.4 1 0.8
0.99345811153762 0.52218957172163 "experimento_3" 3 1500 1000 0.8 0.5 0.4 1 0.8
0.991711016278714 0.544864418726119 "experimento_3" 3 1500 1000 0.8 0.5 0.4 1 0.8
1.00295244924812 0.476641949311213 "experimento_3" 3 1500 1000 0.8 0.5 0.4 1 0.8
0.999345833202824 0.491533448188168 "experimento_3" 3 1500 1000 0.8 0.5 0.4 1 0.8
1.02995475381613 0.516894802098927 "experimento_3" 3 1500 1000 0.8 0.5 0.4 1 0.8
1.00414980161191 0.456611414052309 "experimento_3" 3 1500 1000 0.8 0.5 0.4 1 0.8
0.990072118351236 0.551958317981097 "experimento_3" 3 1500 1000 0.8 0.5 0.4 1 0.8
0.995044328970835 0.535338598462407 "experimento_3" 3 1500 1000 0.8 0.5 0.4 1 0.8
1.00109784665683 0.509207307436885 "experimento_3" 3 1500 1000 0.8 0.5 0.4 1 0.8
0.986675936961547 0.497093491087265 "experimento_3" 3 1500 1000 0.8 0.5 0.4 1 0.8
0.989198267227039 0.481811697633522 "experimento_3" 3 1500 1000 0.8 0.5 0.4 1 0.8
0.991420921636745 0.466755949990623 "experimento_3" 3 1500 1000 0.8 0.5 0.4 1 0.8
1.16911248024553 0.488865608286483 "experimento_3" 3 1500 1000 0.8 0.5 0.4 1 0.8
0.99931300082244 0.533945794497242 "experimento_3" 3 1500 1000 0.8 0.5 0.4 1 0.8
0.996782146394253 0.546063289343235 "experimento_3" 3 1500 1000 0.8 0.5 0.4 1 0.8
0.995438309619203 0.510896764153576 "experimento_3" 3 1500 1000 0.8 0.5 0.4 1 0.8
0.99694904871285 0.447854290832025 "experimento_3" 3 1500 1000 0.8 0.5 0.4 1 0.8
0.999948751647025 0.519244161867153 "experimento_3" 3 1500 1000 0.8 0.5 0.4 1 0.8
0.998472714796662 0.501488121261494 "experimento_3" 3 1500 1000 0.8 0.5 0.4 1 0.8
0.997574211098254 0.513614765877542 "experimento_3" 3 1500 1000 0.8 0.5 0.4 1 0.8
0.994986191857606 0.484121576200045 "experimento_3" 3 1500 1000 0.8 0.5 0.4 1 0.8
0.99134160624817 0.551459273679096 "experimento_3" 3 1500 1000 0.8 0.5 0.4 1 0.8
0.992881116922945 0.530749095819233 "experimento_3" 3 1500 1000 0.8 0.5 0.4 1 0.8
0.989479952724651 0.536557956126326 "experimento_3" 3 1500 1000 0.8 0.5 0.4 1 0.8
1.31765120149446 0.476951328386973 "experimento_3" 3 1500 1000 0.8 0.5 0.4 1 0.8
0.999759010737762 0.58642686779305 "experimento_3" 3 1500 1000 0.8 0.5 0.4 1 0.8
0.997859818162397 0.484436471833867 "experimento_3" 3 1500 1000 0.8 0.5 0.4 1 0.8
0.987250388832763 0.547932997828068 "experimento_3" 3 1500 1000 0.8 0.5 0.4 1 0.8
0.997582770651206 0.47172974941066 "experimento_3" 3 1500 1000 0.8 0.5 0.4 1 0.8
0.998025782871991 0.506932466956325 "experimento_3" 3 1500 1000 0.8 0.5 0.4 1 0.8
1.02755120955408 0.509086157381757 "experimento_3" 3 1500 1000 0.8 0.5 0.4 1 0.8
0.997795200673863 0.544999635988288 "experimento_3" 3 1500 1000 0.8 0.5 0.4 1 0.8
1.0164794838056 0.501965318880274 "experimento_3" 3 1500 1000 0.8 0.5 0.4 1 0.8
1.1949921486322 0.5107099623922 "experimento_3" 3 1500 1000 0.8 0.5 0.4 1 0.8
0.998219179455191 0.480083152409795 "experimento_3" 3 1500 1000 0.8 0.5 0.4 1 0.8
0.999745007138699 0.481298966515841 "experimento_3" 3 1500 1000 0.8 0.5 0.4 1 0.8
0.993663704721257 0.510292024533735 "experimento_3" 3 1500 1000 0.8 0.5 0.4 1 0.8
0.990555893629789 0.500040803940048 "experimento_3" 3 1500 1000 0.8 0.5 0.4 1 0.8
0.999998042127118 0.524561294224456 "experimento_3" 3 1500 1000 0.8 0.5 0.4 1 0.8
0.998450403101742 0.507330584283677 "experimento_3" 3 1500 1000 0.8 0.5 0.4 1 0.8
0.985773667693138 0.49456941410005 "experimento_3" 3 1500 1000 0.8 0.5 0.4 1 0.8
0.997112975921482 0.564849300500707 "experimento_3" 3 1500 1000 0.8 0.5 0.4 1 0.8
0.996047887019813 0.555847875456351 "experimento_3" 3 1500 1000 0.8 0.5 0.4 1 0.8
0.991037688450888 0.520400785889444 "experimento_3" 3 1500 1000 0.8 0.5 0.4 1 0.8
0.998259798623621 0.511541496735882 "experimento_3" 3 1500 1000 0.8 0.5 0.4 1 0.8
1.06835319940001 0.486558586189917 "experimento_3" 3 1500 1000 0.8 0.5 0.4 1 0.8
0.98885882506147 0.51257920151027 "experimento_3" 3 1500 1000 0.8 0.5 0.4 1 0.8
1.00329232021584 0.525550599197787 "experimento_3" 3 1500 1000 0.8 0.5 0.4 1 0.8
0.989362882450223 0.519365557203842 "experimento_3" 3 1500 1000 0.8 0.5 0.4 1 0.8
1.00629985611886 0.509149328486111 "experimento_3" 3 1500 1000 0.8 0.5 0.4 1 0.8
0.993512329179794 0.509678450908459 "experimento_3" 3 1500 1000 0.8 0.5 0.4 1 0.8
0.999780871672556 0.495441448422503 "experimento_3" 3 1500 1000 0.8 0.5 0.4 1 0.8
0.999639975838363 0.474500168778943 "experimento_3" 3 1500 1000 0.8 0.5 0.4 1 0.8
0.984798894729465 0.491180350548847 "experimento_3" 3 1500 1000 0.8 0.5 0.4 1 0.8
0.98980429652147 0.513595544309203 "experimento_3" 3 1500 1000 0.8 0.5 0.4 1 0.8
0.989234782988206 0.499802130862781 "experimento_3" 3 1500 1000 0.8 0.5 0.4 1 0.8
0.995196670759469 0.503696889493745 "experimento_3" 3 1500 1000 0.8 0.5 0.4 1 0.8
0.99868061253801 0.551848852928951 "experimento_3" 3 1500 1000 0.8 0.5 0.4 1 0.8
0.994898188393563 0.518824110883933 "experimento_3" 3 1500 1000 0.8 0.5 0.4 1 0.8
0.994762475136667 0.520614320134764 "experimento_3" 3 1500 1000 0.8 0.5 0.4 1 0.8
0.993546266807243 0.539540985810674 "experimento_3" 3 1500 1000 0.8 0.5 0.4 1 0.8
1.00415434036404 0.51631344322545 "experimento_3" 3 1500 1000 0.8 0.5 0.4 1 0.8
0.998406666796654 0.520450264385937 "experimento_3" 3 1500 1000 0.8 0.5 0.4 1 0.8
0.998597481288016 0.48303127789099 "experimento_3" 3 1500 1000 0.8 0.5 0.4 1 0.8
0.999376479769126 0.527012917670209 "experimento_3" 3 1500 1000 0.8 0.5 0.4 1 0.8
0.987829796969891 0.506520480651753 "experimento_3" 3 1500 1000 0.8 0.5 0.4 1 0.8
1.01799105014652 0.482028908392654 "experimento_3" 3 1500 1000 0.8 0.5 0.4 1 0.8
0.990327742183581 0.542342415625701 "experimento_3" 3 1500 1000 0.8 0.5 0.4 1 0.8
0.999107555719092 0.546681482454056 "experimento_3" 3 1500 1000 0.8 0.5 0.4 1 0.8
0.990665387827903 0.48180998205134 "experimento_3" 3 1500 1000 0.8 0.5 0.4 1 0.8
0.998165403725579 0.483408115112199 "experimento_3" 3 1500 1000 0.8 0.5 0.4 1 0.8
0.99955445015803 0.517345868389976 "experimento_3" 3 1500 1000 0.8 0.5 0.4 1 0.8
1.13169529623589 0.476654798036029 "experimento_3" 3 1500 1000 0.8 0.5 0.4 1 0.8
0.997465664055198 0.54783835314655 "experimento_3" 3 1500 1000 0.8 0.5 0.4 1 0.8
0.999586938647553 0.502246068220251 "experimento_3" 3 1500 1000 0.8 0.5 0.4 1 0.8
0.993294256506488 0.505445078592672 "experimento_3" 3 1500 1000 0.8 0.5 0.4 1 0.8
0.999753469135612 0.475072075145248 "experimento_3" 3 1500 1000 0.8 0.5 0.4 1 0.8
1.02625708654523 0.493869525712106 "experimento_3" 3 1500 1000 0.8 0.5 0.4 1 0.8
0.9920913875103 0.531742874958337 "experimento_3" 3 1500 1000 0.8 0.5 0.4 1 0.8
0.99977250257507 0.493788591850051 "experimento_3" 3 1500 1000 0.8 0.5 0.4 1 0.8
0.998539636144415 0.596992557498231 "experimento_3" 3 1500 1000 0.8 0.5 0.4 1 0.8
0.996635431656614 0.514245201529686 "experimento_3" 3 1500 1000 0.8 0.5 0.4 1 0.8
0.998923184117302 0.493770640202392 "experimento_3" 3 1500 1000 0.8 0.5 0.4 1 0.8
0.990120260510594 0.516242639283889 "experimento_3" 3 1500 1000 0.8 0.5 0.4 1 0.8
1.09745998439327 0.510756619738813 "experimento_3" 3 1500 1000 0.8 0.5 0.4 1 0.8
0.996170869097114 0.515472149535469 "experimento_3" 3 1500 1000 0.8 0.5 0.4 1 0.8
0.997658486012369 0.574499905666554 "experimento_3" 3 1500 1000 0.8 0.5 0.4 1 0.8
0.987973188282922 0.494003048870783 "experimento_3" 3 1500 1000 0.8 0.5 0.4 1 0.8
0.999885966069996 0.527673187724525 "experimento_3" 3 1500 1000 0.8 0.5 0.4 1 0.8
1.00534194702088 0.480778598118055 "experimento_3" 3 1500 1000 0.8 0.5 0.4 1 0.8
1.12479791138321 0.454361586996017 "experimento_3" 3 1500 1000 0.8 0.5 0.4 1 0.8
1.01567431706433 0.511731698164131 "experimento_3" 3 1500 1000 0.8 0.5 0.4 1 0.8
1.01712565662751 0.491215571287341 "experimento_3" 3 1500 1000 0.8 0.5 0.4 1 0.8
0.979168177116662 0.514990962362275 "experimento_3" 3 1500 1000 0.8 0.5 0.4 1 0.8
1.01994607219415 0.474377543811437 "experimento_3" 3 1500 1000 0.8 0.5 0.4 1 0.8
1.00792323891073 0.51970213344945 "experimento_3" 3 1500 1000 0.8 0.5 0.4 1 0.8
0.986752920784056 0.614578088230495 "experimento_3" 3 1500 1000 0.8 0.5 0.4 1 0.8
1.00213352907723 0.481678649752901 "experimento_3" 3 1500 1000 0.8 0.5 0.4 1 0.8
0.995995544362813 0.504574318384744 "experimento_3" 3 1500 1000 0.8 0.5 0.4 1 0.8
0.999881739960983 0.525376021048475 "experimento_3" 3 1500 1000 0.8 0.5 0.4 1 0.8
1.02956073297712 0.513204467650343 "experimento_3" 3 1500 1000 0.8 0.5 0.4 1 0.8
0.997684622881934 0.531284810826615 "experimento_3" 3 1500 1000 0.8 0.5 0.4 1 0.8
0.992402735399082 0.493155321270631 "experimento_3" 3 1500 1000 0.8 0.5 0.4 1 0.8
0.997997098136693 0.515013085210818 "experimento_3" 3 1500 1000 0.8 0.5 0.4 1 0.8
0.997368270065635 0.534590186549517 "experimento_3" 3 1500 1000 0.8 0.5 0.4 1 0.8
0.990791720570996 0.478551008696521 "experimento_3" 3 1500 1000 0.8 0.5 0.4 1 0.8
0.996847056783736 0.493557389339768 "experimento_3" 3 1500 1000 0.8 0.5 0.4 1 0.8
1.01311142014344 0.468428092600528 "experimento_3" 3 1500 1000 0.8 0.5 0.4 1 0.8
1.38891675823483 0.508396143618312 "experimento_3" 3 1500 1000 0.8 0.5 0.4 1 0.8
0.991737482137978 0.524303464603844 "experimento_3" 3 1500 1000 0.8 0.5 0.4 1 0.8
0.995402698870748 0.544871869540183 "experimento_3" 3 1500 1000 0.8 0.5 0.4 1 0.8
1.15814060065895 0.458267112801977 "experimento_3" 3 1500 1000 0.8 0.5 0.4 1 0.8
0.992942165117711 0.519086345188074 "experimento_3" 3 1500 1000 0.8 0.5 0.4 1 0.8
0.992081156931818 0.467396497674233 "experimento_3" 3 1500 1000 0.8 0.5 0.4 1 0.8
1.04881790232637 0.525756339195196 "experimento_3" 3 1500 1000 0.8 0.5 0.4 1 0.8
0.991013630991802 0.556186325500086 "experimento_3" 3 1500 1000 0.8 0.5 0.4 1 0.8
0.996414191322401 0.52620997833323 "experimento_3" 3 1500 1000 0.8 0.5 0.4 1 0.8
0.999555735383183 0.495240362409734 "experimento_3" 3 1500 1000 0.8 0.5 0.4 1 0.8
1.12699562590569 0.504469310442213 "experimento_3" 3 1500 1000 0.8 0.5 0.4 1 0.8
0.989938207203522 0.509412099061342 "experimento_3" 3 1500 1000 0.8 0.5 0.4 1 0.8
1.02094183839332 0.476287671053015 "experimento_3" 3 1500 1000 0.8 0.5 0.4 1 0.8
0.997159605147317 0.527853250599961 "experimento_3" 3 1500 1000 0.8 0.5 0.4 1 0.8
1.00426557287574 0.472913825864423 "experimento_3" 3 1500 1000 0.8 0.5 0.4 1 0.8
0.990353353554383 0.452984975944699 "experimento_3" 3 1500 1000 0.8 0.5 0.4 1 0.8
0.99466156726703 0.510366927151544 "experimento_3" 3 1500 1000 0.8 0.5 0.4 1 0.8
0.994055848103017 0.561751771108062 "experimento_3" 3 1500 1000 0.8 0.5 0.4 1 0.8
1.31555052381009 0.472377973826126 "experimento_3" 3 1500 1000 0.8 0.5 0.4 1 0.8
0.998323526233435 0.525229130644389 "experimento_3" 3 1500 1000 0.8 0.5 0.4 1 0.8
0.998733230168 0.48153267524026 "experimento_3" 3 1500 1000 0.8 0.5 0.4 1 0.8
0.998993407236412 0.558845239662136 "experimento_3" 3 1500 1000 0.8 0.5 0.4 1 0.8
0.998629064531997 0.466629400194939 "experimento_3" 3 1500 1000 0.8 0.5 0.4 1 0.8
0.99337652605027 0.569259268308066 "experimento_3" 3 1500 1000 0.8 0.5 0.4 1 0.8
0.995705277658999 0.472428650286521 "experimento_3" 3 1500 1000 0.8 0.5 0.4 1 0.8
0.997900299495086 0.429062712544587 "experimento_3" 3 1500 1000 0.8 0.5 0.4 1 0.8
1.00621263869107 0.445911333235717 "experimento_3" 3 1500 1000 0.8 0.5 0.4 1 0.8
1.00504008773714 0.440363597157703 "experimento_3" 3 1500 1000 0.8 0.5 0.4 1 0.8
0.994872606592253 0.532965870557631 "experimento_3" 3 1500 1000 0.8 0.5 0.4 1 0.8
1.21089335996658 0.467655753250552 "experimento_3" 3 1500 1000 0.8 0.5 0.4 1 0.8
0.996265081688762 0.488225985198866 "experimento_3" 3 1500 1000 0.8 0.5 0.4 1 0.8
0.991796931251884 0.540611663146422 "experimento_3" 3 1500 1000 0.8 0.5 0.4 1 0.8
1.00487370509654 0.46657287131207 "experimento_3" 3 1500 1000 0.8 0.5 0.4 1 0.8
0.998854380100965 0.540155824663686 "experimento_3" 3 1500 1000 0.8 0.5 0.4 1 0.8
1.02416300773621 0.455077979442916 "experimento_3" 3 1500 1000 0.8 0.5 0.4 1 0.8
1.22118381690891 0.476330507730045 "experimento_3" 3 1500 1000 0.8 0.5 0.4 1 0.8
1.05597994730945 0.503590172771331 "experimento_3" 3 1500 1000 0.8 0.5 0.4 1 0.8
1.02655169150228 0.501251540279756 "experimento_3" 3 1500 1000 0.8 0.5 0.4 1 0.8
0.997711418196559 0.516806285213244 "experimento_3" 3 1500 1000 0.8 0.5 0.4 1 0.8
0.995011017192155 0.490626591758382 "experimento_3" 3 1500 1000 0.8 0.5 0.4 1 0.8
0.994675872614607 0.489203892542787 "experimento_3" 3 1500 1000 0.8 0.5 0.4 1 0.8
1.11259716190398 0.461829700654444 "experimento_3" 3 1500 1000 0.8 0.5 0.4 1 0.8
1.10788379310787 0.450372147998658 "experimento_3" 3 1500 1000 0.8 0.5 0.4 1 0.8
1.00173300250851 0.519660708129271 "experimento_3" 3 1500 1000 0.8 0.5 0.4 1 0.8
0.999968630028889 0.48683293116645 "experimento_3" 3 1500 1000 0.8 0.5 0.4 1 0.8
0.999591395957395 0.47747662559019 "experimento_3" 3 1500 1000 0.8 0.5 0.4 1 0.8
0.999246840598062 0.502778258037375 "experimento_3" 3 1500 1000 0.8 0.5 0.4 1 0.8
1.40509078480302 0.458425792820048 "experimento_3" 3 1500 1000 0.8 0.5 0.4 1 0.8
1.00204203370959 0.449185180250615 "experimento_3" 3 1500 1000 0.8 0.5 0.4 1 0.8
0.998244208050892 0.522439352639117 "experimento_3" 3 1500 1000 0.8 0.5 0.4 1 0.8
0.999099327018484 0.457588058997427 "experimento_3" 3 1500 1000 0.8 0.5 0.4 1 0.8
1.00007569883019 0.513204195428576 "experimento_3" 3 1500 1000 0.8 0.5 0.4 1 0.8
0.988395344698802 0.537056226673311 "experimento_3" 3 1500 1000 0.8 0.5 0.4 1 0.8
0.986138732405379 0.5181345148476 "experimento_3" 3 1500 1000 0.8 0.5 0.4 1 0.8
0.993878531269729 0.51951723154903 "experimento_3" 3 1500 1000 0.8 0.5 0.4 1 0.8
0.998392097419128 0.504300973264569 "experimento_3" 3 1500 1000 0.8 0.5 0.4 1 0.8
0.999444579472765 0.456966116171224 "experimento_3" 3 1500 1000 0.8 0.5 0.4 1 0.8
0.994456268148497 0.497335327072123 "experimento_3" 3 1500 1000 0.8 0.5 0.4 1 0.8
0.998174278065562 0.514238681542571 "experimento_3" 3 1500 1000 0.8 0.5 0.4 1 0.8
0.992848833324388 0.49517244348981 "experimento_3" 3 1500 1000 0.8 0.5 0.4 1 0.8
0.984598263632506 0.516529218025456 "experimento_3" 3 1500 1000 0.8 0.5 0.4 1 0.8
1.00021956302226 0.491141346698529 "experimento_3" 3 1500 1000 0.8 0.5 0.4 1 0.8
1.03212760257343 0.511835653028054 "experimento_3" 3 1500 1000 0.8 0.5 0.4 1 0.8
0.99002119130455 0.526631749938494 "experimento_3" 3 1500 1000 0.8 0.5 0.4 1 0.8
0.991276256274432 0.497158051573976 "experimento_3" 3 1500 1000 0.8 0.5 0.4 1 0.8
1.02418119336926 0.472402512851282 "experimento_3" 3 1500 1000 0.8 0.5 0.4 1 0.8
1.00001832730605 0.527836079881577 "experimento_3" 3 1500 1000 0.8 0.5 0.4 1 0.8
0.99360463861376 0.524385416358241 "experimento_3" 3 1500 1000 0.8 0.5 0.4 1 0.8
0.988795746583492 0.489584697455948 "experimento_3" 3 1500 1000 0.8 0.5 0.4 1 0.8
1.05853350739926 0.476520205677112 "experimento_3" 3 1500 1000 0.8 0.5 0.4 1 0.8
0.992099815048277 0.511988869719082 "experimento_3" 3 1500 1000 0.8 0.5 0.4 1 0.8
1.00102719292045 0.477647708820197 "experimento_3" 3 1500 1000 0.8 0.5 0.4 1 0.8
1.22538322769105 0.466763707198217 "experimento_3" 3 1500 1000 0.8 0.5 0.4 1 0.8
0.995954950107262 0.464433794500853 "experimento_3" 3 1500 1000 0.8 0.5 0.4 1 0.8
0.996051009744406 0.510432694717922 "experimento_3" 3 1500 1000 0.8 0.5 0.4 1 0.8
1.00122484477534 0.532532412547648 "experimento_3" 3 1500 1000 0.8 0.5 0.4 1 0.8
1.00124049727141 0.475455666322538 "experimento_3" 3 1500 1000 0.8 0.5 0.4 1 0.8
1.04102587971973 0.470405100080849 "experimento_3" 3 1500 1000 0.8 0.5 0.4 1 0.8
1.11233077427425 0.47877121659556 "experimento_3" 3 1500 1000 0.8 0.5 0.4 1 0.8
0.99749255226925 0.486782553693789 "experimento_3" 3 1500 1000 0.8 0.5 0.4 1 0.8
1.00811246503145 0.515336457906267 "experimento_3" 3 1500 1000 0.8 0.5 0.4 1 0.8
1.0019466942298 0.482800325102844 "experimento_3" 3 1500 1000 0.8 0.5 0.4 1 0.8
1.05164355906163 0.466960578181804 "experimento_3" 3 1500 1000 0.8 0.5 0.4 1 0.8
1.02759102963618 0.483387028140778 "experimento_3" 3 1500 1000 0.8 0.5 0.4 1 0.8
0.995265890844166 0.521518817459894 "experimento_3" 3 1500 1000 0.8 0.5 0.4 1 0.8
0.999949464807287 0.542324641818954 "experimento_3" 3 1500 1000 0.8 0.5 0.4 1 0.8
1.01129420969784 0.429722707884481 "experimento_3" 3 1500 1000 0.8 0.5 0.4 1 0.8
0.994234399171546 0.527133001654877 "experimento_3" 3 1500 1000 0.8 0.5 0.4 1 0.8
0.995162815786898 0.518213932113296 "experimento_3" 3 1500 1000 0.8 0.5 0.4 1 0.8
1.39118806365877 0.459255156636678 "experimento_3" 3 1500 1000 0.8 0.5 0.4 1 0.8
0.995635650586337 0.537095679811646 "experimento_3" 3 1500 1000 0.8 0.5 0.4 1 0.8
0.992234151810408 0.49429010486234 "experimento_3" 3 1500 1000 0.8 0.5 0.4 1 0.8
0.997249972075224 0.479649999995555 "experimento_3" 3 1500 1000 0.8 0.5 0.4 1 0.8
0.99932601954788 0.536716491103123 "experimento_3" 3 1500 1000 0.8 0.5 0.4 1 0.8
0.999030436389148 0.48224163566543 "experimento_3" 3 1500 1000 0.8 0.5 0.4 1 0.8
1.01242099123343 0.493019348556693 "experimento_3" 3 1500 1000 0.8 0.5 0.4 1 0.8
0.996072654845193 0.553332582133812 "experimento_3" 3 1500 1000 0.8 0.5 0.4 1 0.8
1.00159562099725 0.546355835813411 "experimento_3" 3 1500 1000 0.8 0.5 0.4 1 0.8
0.998622502665967 0.493498119398421 "experimento_3" 3 1500 1000 0.8 0.5 0.4 1 0.8
0.994379519484937 0.48655306716475 "experimento_3" 3 1500 1000 0.8 0.5 0.4 1 0.8
0.996916397707537 0.491865131005782 "experimento_3" 3 1500 1000 0.8 0.5 0.4 1 0.8
0.993302334332839 0.51391439818907 "experimento_3" 3 1500 1000 0.8 0.5 0.4 1 0.8
0.994944947306067 0.545485047929447 "experimento_3" 3 1500 1000 0.8 0.5 0.4 1 0.8
0.994973997352645 0.513406114483932 "experimento_3" 3 1500 1000 0.8 0.5 0.4 1 0.8
1.06368852127343 0.496697410164204 "experimento_3" 3 1500 1000 0.8 0.5 0.4 1 0.8
1.01863047044173 0.483145216035316 "experimento_3" 3 1500 1000 0.8 0.5 0.4 1 0.8
1.00038617663085 0.509445048675596 "experimento_3" 3 1500 1000 0.8 0.5 0.4 1 0.8
0.998889267910272 0.493953505506812 "experimento_3" 3 1500 1000 0.8 0.5 0.4 1 0.8
0.996601782273501 0.523044605428707 "experimento_3" 3 1500 1000 0.8 0.5 0.4 1 0.8
0.991979006445035 0.556794151711137 "experimento_3" 3 1500 1000 0.8 0.5 0.4 1 0.8
0.998239236418158 0.544206701325437 "experimento_3" 3 1500 1000 0.8 0.5 0.4 1 0.8
0.991421517217532 0.519665096812896 "experimento_3" 3 1500 1000 0.8 0.5 0.4 1 0.8
0.996610419824719 0.510295697970623 "experimento_3" 3 1500 1000 0.8 0.5 0.4 1 0.8
1.14885712973773 0.446592813491888 "experimento_3" 3 1500 1000 0.8 0.5 0.4 1 0.8
1.00346760544926 0.506014329834848 "experimento_3" 3 1500 1000 0.8 0.5 0.4 1 0.8
1.00907590705901 0.462859838214149 "experimento_3" 3 1500 1000 0.8 0.5 0.4 1 0.8
1.04059473704547 0.489624857937759 "experimento_3" 3 1500 1000 0.8 0.5 0.4 1 0.8
1.03694872790923 0.492984956269769 "experimento_3" 3 1500 1000 0.8 0.5 0.4 1 0.8
1.00020426904389 0.489624657833241 "experimento_3" 3 1500 1000 0.8 0.5 0.4 1 0.8
1.01075645669478 0.514480200609893 "experimento_3" 3 1500 1000 0.8 0.5 0.4 1 0.8
0.992824289016426 0.458389136263533 "experimento_3" 3 1500 1000 0.8 0.5 0.4 1 0.8
1.00123456586152 0.522693586287356 "experimento_3" 3 1500 1000 0.8 0.5 0.4 1 0.8
1.0152853383026 0.548167806714076 "experimento_3" 3 1500 1000 0.8 0.5 0.4 1 0.8
1.11299056559801 0.487365870050827 "experimento_3" 3 1500 1000 0.8 0.5 0.4 1 0.8
0.999584456672892 0.492824059804295 "experimento_3" 3 1500 1000 0.8 0.5 0.4 1 0.8
1.46647632401437 0.457251768843552 "experimento_3" 3 1500 1000 0.8 0.5 0.4 1 0.8
0.999180958839133 0.487089810654596 "experimento_3" 3 1500 1000 0.8 0.5 0.4 1 0.8
0.988728388212621 0.498261803352524 "experimento_3" 3 1500 1000 0.8 0.5 0.4 1 0.8
0.9977314947173 0.504883992807198 "experimento_3" 3 1500 1000 0.8 0.5 0.4 1 0.8
0.99664636165835 0.487358426119834 "experimento_3" 3 1500 1000 0.8 0.5 0.4 1 0.8
1.05664310231805 0.506836988450795 "experimento_3" 3 1500 1000 0.8 0.5 0.4 1 0.8
0.997056401800364 0.534680126696628 "experimento_3" 3 1500 1000 0.8 0.5 0.4 1 0.8
0.998645350569859 0.48272278074813 "experimento_3" 3 1500 1000 0.8 0.5 0.4 1 0.8
1.08149613346905 0.497481477556045 "experimento_3" 3 1500 1000 0.8 0.5 0.4 1 0.8
0.996445290278643 0.470871347469497 "experimento_3" 3 1500 1000 0.8 0.5 0.4 1 0.8
0.996778979199007 0.496112890280715 "experimento_3" 3 1500 1000 0.8 0.5 0.4 1 0.8
0.999003968434408 0.570445730857861 "experimento_3" 3 1500 1000 0.8 0.5 0.4 1 0.8
0.980570965679362 0.545798694713003 "experimento_3" 3 1500 1000 0.8 0.5 0.4 1 0.8
0.997273861896247 0.501731330161707 "experimento_3" 3 1500 1000 0.8 0.5 0.4 1 0.8
1.01026537735015 0.500093117279019 "experimento_3" 3 1500 1000 0.8 0.5 0.4 1 0.8
1.02528874389827 0.509270634117084 "experimento_3" 3 1500 1000 0.8 0.5 0.4 1 0.8
0.993117921752855 0.533009164895871 "experimento_3" 3 1500 1000 0.8 0.5 0.4 1 0.8
1.01537430007011 0.4675295813528 "experimento_3" 3 1500 1000 0.8 0.5 0.4 1 0.8
1.01157725249265 0.527877253639054 "experimento_3" 3 1500 1000 0.8 0.5 0.4 1 0.8
0.9945332640782 0.476946181000908 "experimento_3" 3 1500 1000 0.8 0.5 0.4 1 0.8
0.996746198041365 0.517056272578087 "experimento_3" 3 1500 1000 0.8 0.5 0.4 1 0.8
1.00252104829997 0.511185692513593 "experimento_3" 3 1500 1000 0.8 0.5 0.4 1 0.8
1.2204524744302 0.459650309187325 "experimento_3" 3 1500 1000 0.8 0.5 0.4 1 0.8
0.99426856986247 0.511144041895042 "experimento_3" 3 1500 1000 0.8 0.5 0.4 1 0.8
0.998114889953285 0.441381999068356 "experimento_3" 3 1500 1000 0.8 0.5 0.4 1 0.8
0.998123959172517 0.487132009561255 "experimento_3" 3 1500 1000 0.8 0.5 0.4 1 0.8
0.996567180613056 0.494444875977824 "experimento_3" 3 1500 1000 0.8 0.5 0.4 1 0.8
0.994662602897733 0.503074262717948 "experimento_3" 3 1500 1000 0.8 0.5 0.4 1 0.8
0.992437217617407 0.553807792036209 "experimento_3" 3 1500 1000 0.8 0.5 0.4 1 0.8
0.992626998573542 0.459037018561199 "experimento_3" 3 1500 1000 0.8 0.5 0.4 1 0.8
0.98793706507422 0.485610841557924 "experimento_3" 3 1500 1000 0.8 0.5 0.4 1 0.8
0.993107234826311 0.507824103465499 "experimento_3" 3 1500 1000 0.8 0.5 0.4 1 0.8
0.986863132566214 0.508541215709915 "experimento_3" 3 1500 1000 0.8 0.5 0.4 1 0.8
1.005475230515 0.474292445851018 "experimento_3" 3 1500 1000 0.8 0.5 0.4 1 0.8
0.994951363885775 0.510094884291041 "experimento_3" 3 1500 1000 0.8 0.5 0.4 1 0.8
1.43045125144153 0.469694094480587 "experimento_3" 3 1500 1000 0.8 0.5 0.4 1 0.8
0.999245685059577 0.503038841219849 "experimento_3" 3 1500 1000 0.8 0.5 0.4 1 0.8
0.999441542197019 0.468780835323968 "experimento_3" 3 1500 1000 0.8 0.5 0.4 1 0.8
0.999571807216853 0.491410957073766 "experimento_3" 3 1500 1000 0.8 0.5 0.4 1 0.8
0.984828972257674 0.497940444635022 "experimento_3" 3 1500 1000 0.8 0.5 0.4 1 0.8
0.998096894705668 0.529853389715125 "experimento_3" 3 1500 1000 0.8 0.5 0.4 1 0.8
0.990771598415449 0.561919210264051 "experimento_3" 3 1500 1000 0.8 0.5 0.4 1 0.8
0.997877689311281 0.542164093227618 "experimento_3" 3 1500 1000 0.8 0.5 0.4 1 0.8
0.998790756100789 0.465025572703112 "experimento_3" 3 1500 1000 0.8 0.5 0.4 1 0.8
0.996284129330888 0.461393475387061 "experimento_3" 3 1500 1000 0.8 0.5 0.4 1 0.8
0.990215581143275 0.501671335714068 "experimento_3" 3 1500 1000 0.8 0.5 0.4 1 0.8
0.994730244390666 0.543555166100768 "experimento_3" 3 1500 1000 0.8 0.5 0.4 1 0.8
0.994688741397113 0.590994543524032 "experimento_3" 3 1500 1000 0.8 0.5 0.4 1 0.8
0.986478078877553 0.536058560141872 "experimento_3" 3 1500 1000 0.8 0.5 0.4 1 0.8
0.988137273816392 0.520018645894433 "experimento_3" 3 1500 1000 0.8 0.5 0.4 1 0.8
0.994577687932178 0.499539023429292 "experimento_3" 3 1500 1000 0.8 0.5 0.4 1 0.8
0.999941484769806 0.473179001354352 "experimento_3" 3 1500 1000 0.8 0.5 0.4 1 0.8
0.99868759396486 0.520368351677291 "experimento_3" 3 1500 1000 0.8 0.5 0.4 1 0.8
0.979990480933338 0.474755221697035 "experimento_3" 3 1500 1000 0.8 0.5 0.4 1 0.8
0.993854238186032 0.517059837825264 "experimento_3" 3 1500 1000 0.8 0.5 0.4 1 0.8
0.999402184039354 0.487318700916021 "experimento_3" 3 1500 1000 0.8 0.5 0.4 1 0.8
0.999559303279966 0.506500669223568 "experimento_3" 3 1500 1000 0.8 0.5 0.4 1 0.8
0.994078570511192 0.483380037877507 "experimento_3" 3 1500 1000 0.8 0.5 0.4 1 0.8
0.989175997208804 0.542338209904312 "experimento_3" 3 1500 1000 0.8 0.5 0.4 1 0.8
0.998653301969171 0.524958861984811 "experimento_3" 3 1500 1000 0.8 0.5 0.4 1 0.8
0.9973199442029 0.531730638726333 "experimento_3" 3 1500 1000 0.8 0.5 0.4 1 0.8
0.977860520360991 0.516500587385773 "experimento_3" 3 1500 1000 0.8 0.5 0.4 1 0.8
1.23184497840703 0.43888194549863 "experimento_3" 3 1500 1000 0.8 0.5 0.4 1 0.8
0.989743573591113 0.551992460016468 "experimento_3" 3 1500 1000 0.8 0.5 0.4 1 0.8
0.9952445353847 0.499401035541149 "experimento_3" 3 1500 1000 0.8 0.5 0.4 1 0.8
0.997129646595567 0.55279652945393 "experimento_3" 3 1500 1000 0.8 0.5 0.4 1 0.8
0.991683111060411 0.51461482486917 "experimento_3" 3 1500 1000 0.8 0.5 0.4 1 0.8
1.31864759605378 0.516734925169354 "experimento_3" 3 1500 1000 0.8 0.5 0.4 1 0.8
0.999363380251452 0.509508855776702 "experimento_3" 3 1500 1000 0.8 0.5 0.4 1 0.8
0.980893839849159 0.527083805317119 "experimento_3" 3 1500 1000 0.8 0.5 0.4 1 0.8
1.00724311105939 0.474903617292753 "experimento_3" 3 1500 1000 0.8 0.5 0.4 1 0.8
0.992278389399871 0.531769899641592 "experimento_3" 3 1500 1000 0.8 0.5 0.4 1 0.8
0.997574978973716 0.53447744284078 "experimento_3" 3 1500 1000 0.8 0.5 0.4 1 0.8
0.991242533782497 0.465616540456556 "experimento_3" 3 1500 1000 0.8 0.5 0.4 1 0.8
0.990526754874736 0.472505111959799 "experimento_3" 3 1500 1000 0.8 0.5 0.4 1 0.8
0.992670974228531 0.474532684403456 "experimento_3" 3 1500 1000 0.8 0.5 0.4 1 0.8
1.01431622433997 0.496066439518633 "experimento_3" 3 1500 1000 0.8 0.5 0.4 1 0.8
0.990944988792762 0.516920147368839 "experimento_3" 3 1500 1000 0.8 0.5 0.4 1 0.8
0.995941470377147 0.528978244407106 "experimento_3" 3 1500 1000 0.8 0.5 0.4 1 0.8
0.995634112507105 0.513875672558553 "experimento_3" 3 1500 1000 0.8 0.5 0.4 1 0.8
0.991984212305397 0.501542957687187 "experimento_3" 3 1500 1000 0.8 0.5 0.4 1 0.8
0.991008298937231 0.531819338781522 "experimento_3" 3 1500 1000 0.8 0.5 0.4 1 0.8
1.01204541977495 0.535947159680662 "experimento_3" 3 1500 1000 0.8 0.5 0.4 1 0.8
0.988906136713922 0.586938471973729 "experimento_3" 3 1500 1000 0.8 0.5 0.4 1 0.8
0.999965481460094 0.523050680388273 "experimento_3" 3 1500 1000 0.8 0.5 0.4 1 0.8
0.99061424494721 0.474578159870602 "experimento_3" 3 1500 1000 0.8 0.5 0.4 1 0.8
0.989933685865253 0.511225921052551 "experimento_3" 3 1500 1000 0.8 0.5 0.4 1 0.8
0.988183019217104 0.509643164378438 "experimento_3" 3 1500 1000 0.8 0.5 0.4 1 0.8
0.999284022022039 0.5248857020203 "experimento_3" 3 1500 1000 0.8 0.5 0.4 1 0.8
0.999176021898165 0.525114687957958 "experimento_3" 3 1500 1000 0.8 0.5 0.4 1 0.8
0.989275288069621 0.48444784516574 "experimento_3" 3 1500 1000 0.8 0.5 0.4 1 0.8
1.00835545823972 0.515313812941075 "experimento_3" 3 1500 1000 0.8 0.5 0.4 1 0.8
0.999037078814581 0.459389199644121 "experimento_3" 3 1500 1000 0.8 0.5 0.4 1 0.8
1.01419920381159 0.483484890480042 "experimento_3" 3 1500 1000 0.8 0.5 0.4 1 0.8
1.10206202417612 0.462886544907676 "experimento_3" 3 1500 1000 0.8 0.5 0.4 1 0.8
0.997426807880402 0.539592194039433 "experimento_3" 3 1500 1000 0.8 0.5 0.4 1 0.8
1.70254360605031 0.438074384091312 "experimento_3" 3 1500 1000 0.8 0.5 0.4 1 0.8
1.00933304335922 0.495354984335502 "experimento_3" 3 1500 1000 0.8 0.5 0.4 1 0.8
0.996266358299181 0.522511786929462 "experimento_3" 3 1500 1000 0.8 0.5 0.4 1 0.8
0.995598484994844 0.54624014395078 "experimento_3" 3 1500 1000 0.8 0.5 0.4 1 0.8
0.985263139707968 0.488925647940773 "experimento_3" 3 1500 1000 0.8 0.5 0.4 1 0.8
0.990124223986641 0.492110785006652 "experimento_3" 3 1500 1000 0.8 0.5 0.4 1 0.8
0.999614417552948 0.472717405719029 "experimento_3" 3 1500 1000 0.8 0.5 0.4 1 0.8
0.987497934140265 0.530288544978347 "experimento_3" 3 1500 1000 0.8 0.5 0.4 1 0.8
0.998832594836131 0.4967603006903 "experimento_3" 3 1500 1000 0.8 0.5 0.4 1 0.8
0.990039916243404 0.549584257307233 "experimento_3" 3 1500 1000 0.8 0.5 0.4 1 0.8
0.990794240729883 0.495885523579191 "experimento_3" 3 1500 1000 0.8 0.5 0.4 1 0.8
0.998563915956765 0.52501807915119 "experimento_3" 3 1500 1000 0.8 0.5 0.4 1 0.8
0.989443224621937 0.515637691098003 "experimento_3" 3 1500 1000 0.8 0.5 0.4 1 0.8
0.988399082096294 0.494015586363455 "experimento_3" 3 1500 1000 0.8 0.5 0.4 1 0.8
0.997842771699652 0.504211193307526 "experimento_3" 3 1500 1000 0.8 0.5 0.4 1 0.8
0.992540408857167 0.494897439974553 "experimento_3" 3 1500 1000 0.8 0.5 0.4 1 0.8
0.996616229880601 0.481512422216461 "experimento_3" 3 1500 1000 0.8 0.5 0.4 1 0.8
1.02556157391518 0.512412822367716 "experimento_3" 3 1500 1000 0.8 0.5 0.4 1 0.8
0.999393489444628 0.520857907570415 "experimento_3" 3 1500 1000 0.8 0.5 0.4 1 0.8
0.995315323583782 0.510977901437878 "experimento_3" 3 1500 1000 0.8 0.5 0.4 1 0.8
1.00241517491566 0.50439358210024 "experimento_3" 3 1500 1000 0.8 0.5 0.4 1 0.8
0.987363982945681 0.462545080080125 "experimento_3" 3 1500 1000 0.8 0.5 0.4 1 0.8
1.05207598355432 0.546273511150898 "experimento_3" 3 1500 1000 0.8 0.5 0.4 1 0.8
0.998876802856103 0.533900152761374 "experimento_3" 3 1500 1000 0.8 0.5 0.4 1 0.8
0.994105039862916 0.497607757504291 "experimento_3" 3 1500 1000 0.8 0.5 0.4 1 0.8
0.989373852033168 0.545753846688338 "experimento_3" 3 1500 1000 0.8 0.5 0.4 1 0.8
0.986168410861865 0.500419937006275 "experimento_3" 3 1500 1000 0.8 0.5 0.4 1 0.8
0.997743583051488 0.495650674725219 "experimento_3" 3 1500 1000 0.8 0.5 0.4 1 0.8
0.997508147032931 0.497776641285662 "experimento_3" 3 1500 1000 0.8 0.5 0.4 1 0.8
0.993744344916195 0.529979883097352 "experimento_3" 3 1500 1000 0.8 0.5 0.4 1 0.8
0.979753282852471 0.542648581819467 "experimento_3" 3 1500 1000 0.8 0.5 0.4 1 0.8
0.988198184641078 0.492181986102689 "experimento_3" 3 1500 1000 0.8 0.5 0.4 1 0.8
0.995274656219408 0.502857187281777 "experimento_3" 3 1500 1000 0.8 0.5 0.4 1 0.8
1.01388023967423 0.480036121009478 "experimento_3" 3 1500 1000 0.8 0.5 0.4 1 0.8
1.12820408307016 0.438060625483162 "experimento_3" 3 1500 1000 0.8 0.5 0.4 1 0.8
0.999371008947492 0.486434566511693 "experimento_3" 3 1500 1000 0.8 0.5 0.4 1 0.8
0.984364047879353 0.556005605869639 "experimento_3" 3 1500 1000 0.8 0.5 0.4 1 0.8
0.981054353993386 0.55016979993127 "experimento_3" 3 1500 1000 0.8 0.5 0.4 1 0.8
1.00780163346 0.479845055802768 "experimento_3" 3 1500 1000 0.8 0.5 0.4 1 0.8
0.995393790304661 0.516816559568752 "experimento_3" 3 1500 1000 0.8 0.5 0.4 1 0.8
0.997565754922107 0.567997431007223 "experimento_3" 3 1500 1000 0.8 0.5 0.4 1 0.8
0.998795676510781 0.462767112352743 "experimento_3" 3 1500 1000 0.8 0.5 0.4 1 0.8
1.08598429882834 0.460625860492562 "experimento_3" 3 1500 1000 0.8 0.5 0.4 1 0.8
0.998809435404837 0.55873531709931 "experimento_3" 3 1500 1000 0.8 0.5 0.4 1 0.8
0.988847854314372 0.505461661456074 "experimento_3" 3 1500 1000 0.8 0.5 0.4 1 0.8
0.999645357718691 0.463717935499909 "experimento_3" 3 1500 1000 0.8 0.5 0.4 1 0.8
0.996278530685231 0.476733483398313 "experimento_3" 3 1500 1000 0.8 0.5 0.4 1 0.8
0.999168507289141 0.447675991011877 "experimento_3" 3 1500 1000 0.8 0.5 0.4 1 0.8
0.996707449667156 0.541413106085101 "experimento_3" 3 1500 1000 0.8 0.5 0.4 1 0.8
0.999902946408838 0.482129972659912 "experimento_3" 3 1500 1000 0.8 0.5 0.4 1 0.8
0.99711538455449 0.57700799625258 "experimento_3" 3 1500 1000 0.8 0.5 0.4 1 0.8
0.999440740095451 0.494354555623556 "experimento_3" 3 1500 1000 0.8 0.5 0.4 1 0.8
0.985618698177859 0.546287776479794 "experimento_3" 3 1500 1000 0.8 0.5 0.4 1 0.8
0.993483208119869 0.488037147832061 "experimento_3" 3 1500 1000 0.8 0.5 0.4 1 0.8
0.987747353967279 0.51814305483524 "experimento_3" 3 1500 1000 0.8 0.5 0.4 1 0.8
0.993030509212986 0.455760244549329 "experimento_3" 3 1500 1000 0.8 0.5 0.4 1 0.8
1.0026607690379 0.463316350766068 "experimento_3" 3 1500 1000 0.8 0.5 0.4 1 0.8
0.994964570505545 0.526167760491045 "experimento_3" 3 1500 1000 0.8 0.5 0.4 1 0.8
1.03335261777228 0.493420819271841 "experimento_3" 3 1500 1000 0.8 0.5 0.4 1 0.8
0.997930956073105 0.521285712529684 "experimento_3" 3 1500 1000 0.8 0.5 0.4 1 0.8
0.997248144820333 0.510177945186938 "experimento_3" 3 1500 1000 0.8 0.5 0.4 1 0.8
0.998500239802524 0.443901157182065 "experimento_3" 3 1500 1000 0.8 0.5 0.4 1 0.8
1.5138006581288 0.422541118066616 "experimento_3" 3 1500 1000 0.8 0.5 0.4 1 0.8
1.0219093465662 0.490962980049614 "experimento_3" 3 1500 1000 0.8 0.5 0.4 1 0.8
1.01526700034508 0.514057239806565 "experimento_3" 3 1500 1000 0.8 0.5 0.4 1 0.8
0.99299952830188 0.526792050621286 "experimento_3" 3 1500 1000 0.8 0.5 0.4 1 0.8
1.03332800771297 0.477726013275823 "experimento_3" 3 1500 1000 0.8 0.5 0.4 1 0.8
1.01541386087235 0.540244359609549 "experimento_3" 3 1500 1000 0.8 0.5 0.4 1 0.8
0.997840603115037 0.473483415070501 "experimento_3" 3 1500 1000 0.8 0.5 0.4 1 0.8
0.982448173454031 0.506430704808174 "experimento_3" 3 1500 1000 0.8 0.5 0.4 1 0.8
1.02451101131737 0.520333551632263 "experimento_3" 3 1500 1000 0.8 0.5 0.4 1 0.8
0.997628544690087 0.539906088042813 "experimento_3" 3 1500 1000 0.8 0.5 0.4 1 0.8
0.998392624082044 0.517694099763524 "experimento_3" 3 1500 1000 0.8 0.5 0.4 1 0.8
0.999963685870171 0.519856760994654 "experimento_3" 3 1500 1000 0.8 0.5 0.4 1 0.8
1.03930310778646 0.524573760281178 "experimento_3" 3 1500 1000 0.8 0.5 0.4 1 0.8
1.32803898025304 0.444352421299034 "experimento_3" 3 1500 1000 0.8 0.5 0.4 1 0.8
1.03102953320404 0.554579852985322 "experimento_3" 3 1500 1000 0.8 0.5 0.4 1 0.8
0.998512752819806 0.52422387157465 "experimento_3" 3 1500 1000 0.8 0.5 0.4 1 0.8
1.08656925107571 0.500696607665573 "experimento_3" 3 1500 1000 0.8 0.5 0.4 1 0.8
0.993907743832096 0.525038634575525 "experimento_3" 3 1500 1000 0.8 0.5 0.4 1 0.8
1.00399546977133 0.486500770602073 "experimento_3" 3 1500 1000 0.8 0.5 0.4 1 0.8
0.997126576723531 0.500572276505895 "experimento_3" 3 1500 1000 0.8 0.5 0.4 1 0.8
0.997104333247989 0.516290011056966 "experimento_3" 3 1500 1000 0.8 0.5 0.4 1 0.8
0.991595186060295 0.463652289466689 "experimento_3" 3 1500 1000 0.8 0.5 0.4 1 0.8
0.992323247017339 0.477916860186095 "experimento_3" 3 1500 1000 0.8 0.5 0.4 1 0.8
0.994817344006151 0.496340474735607 "experimento_3" 3 1500 1000 0.8 0.5 0.4 1 0.8
1.10647162771353 0.508740249716376 "experimento_3" 3 1500 1000 0.8 0.5 0.4 1 0.8
0.997069124830887 0.577881322239843 "experimento_3" 3 1500 1000 0.8 0.5 0.4 1 0.8
1.00076433978087 0.510792102061978 "experimento_3" 3 1500 1000 0.8 0.5 0.4 1 0.8
0.999929689336568 0.505440251563299 "experimento_3" 3 1500 1000 0.8 0.5 0.4 1 0.8
0.997462342260405 0.47363159665322 "experimento_3" 3 1500 1000 0.8 0.5 0.4 1 0.8
0.999960167799145 0.497168761818424 "experimento_3" 3 1500 1000 0.8 0.5 0.4 1 0.8
0.995045041665435 0.512261010459528 "experimento_3" 3 1500 1000 0.8 0.5 0.4 1 0.8
1.00091262954171 0.500662223811754 "experimento_3" 3 1500 1000 0.8 0.5 0.4 1 0.8
0.99489604216069 0.482598077593742 "experimento_3" 3 1500 1000 0.8 0.5 0.4 1 0.8
1.00087001139767 0.519849049316531 "experimento_3" 3 1500 1000 0.8 0.5 0.4 1 0.8
1.15200768925636 0.470345404792556 "experimento_3" 3 1500 1000 0.8 0.5 0.4 1 0.8
0.994064591126516 0.499433675143961 "experimento_3" 3 1500 1000 0.8 0.5 0.4 1 0.8
1.00044702572098 0.479655239046232 "experimento_3" 3 1500 1000 0.8 0.5 0.4 1 0.8
0.99600134161301 0.537946008350703 "experimento_3" 3 1500 1000 0.8 0.5 0.4 1 0.8
0.993427486857399 0.530786901037713 "experimento_3" 3 1500 1000 0.8 0.5 0.4 1 0.8
0.992358567193151 0.525070414761833 "experimento_3" 3 1500 1000 0.8 0.5 0.4 1 0.8
1.00828465260565 0.544542970331221 "experimento_3" 3 1500 1000 0.8 0.5 0.4 1 0.8
0.987355389399454 0.524151555887686 "experimento_3" 3 1500 1000 0.8 0.5 0.4 1 0.8
0.988265106221661 0.510542609115252 "experimento_3" 3 1500 1000 0.8 0.5 0.4 1 0.8
0.995295266620815 0.509234331866088 "experimento_3" 3 1500 1000 0.8 0.5 0.4 1 0.8
1.02772716805339 0.484211740690866 "experimento_3" 3 1500 1000 0.8 0.5 0.4 1 0.8
0.998955881688744 0.503316082936247 "experimento_3" 3 1500 1000 0.8 0.5 0.4 1 0.8
1.00302568729967 0.485243987651909 "experimento_3" 3 1500 1000 0.8 0.5 0.4 1 0.8
0.996512213023379 0.456225132148777 "experimento_3" 3 1500 1000 0.8 0.5 0.4 1 0.8
0.996116285677999 0.5200015093144 "experimento_3" 3 1500 1000 0.8 0.5 0.4 1 0.8
0.988988665863872 0.511312249467566 "experimento_3" 3 1500 1000 0.8 0.5 0.4 1 0.8
1.0263279248029 0.505581836689851 "experimento_3" 3 1500 1000 0.8 0.5 0.4 1 0.8
1.20326819270849 0.542647858120509 "experimento_3" 3 1500 1000 0.8 0.5 0.4 1 0.8
0.996231807162985 0.44827454609187 "experimento_3" 3 1500 1000 0.8 0.5 0.4 1 0.8
0.989131944254041 0.545980778362005 "experimento_3" 3 1500 1000 0.8 0.5 0.4 1 0.8
0.994484755210578 0.475611731912836 "experimento_3" 3 1500 1000 0.8 0.5 0.4 1 0.8
0.999567470978945 0.502954474770349 "experimento_3" 3 1500 1000 0.8 0.5 0.4 1 0.8
0.996663669124246 0.469994841207247 "experimento_3" 3 1500 1000 0.8 0.5 0.4 1 0.8
0.994499433320016 0.541748138566219 "experimento_3" 3 1500 1000 0.8 0.5 0.4 1 0.8
1.0482033641695 0.472144867585717 "experimento_3" 3 1500 1000 0.8 0.5 0.4 1 0.8
0.992778073763475 0.473989554275616 "experimento_3" 3 1500 1000 0.8 0.5 0.4 1 0.8
0.998416990041733 0.48360880055676 "experimento_3" 3 1500 1000 0.8 0.5 0.4 1 0.8
0.998549329815432 0.490182700525584 "experimento_3" 3 1500 1000 0.8 0.5 0.4 1 0.8
0.989739798475057 0.544495333653209 "experimento_3" 3 1500 1000 0.8 0.5 0.4 1 0.8
0.988090250641108 0.546647895730779 "experimento_3" 3 1500 1000 0.8 0.5 0.4 1 0.8
1.02484479360282 0.560045697242213 "experimento_3" 3 1500 1000 0.8 0.5 0.4 1 0.8
0.993713810108602 0.553827749623438 "experimento_3" 3 1500 1000 0.8 0.5 0.4 1 0.8
