"est.u" "est.lamb" "name" "seed" "size" "replicates" "p_umbral" "exp_lambda" "alpha_pen" "n_pen" "c"
0.994737099623308 0.448079796617732 "experimento_8" 8 1000 1000 0.95 0.5 0.4 1 0.8
1.00883536214264 0.503048508661371 "experimento_8" 8 1000 1000 0.95 0.5 0.4 1 0.8
1.00668369513005 0.415534042207381 "experimento_8" 8 1000 1000 0.95 0.5 0.4 1 0.8
1.17671805699955 0.335515861114271 "experimento_8" 8 1000 1000 0.95 0.5 0.4 1 0.8
0.999552103690803 0.539423464742742 "experimento_8" 8 1000 1000 0.95 0.5 0.4 1 0.8
0.988382413052022 0.603653727254145 "experimento_8" 8 1000 1000 0.95 0.5 0.4 1 0.8
0.99628835869953 0.549129144083891 "experimento_8" 8 1000 1000 0.95 0.5 0.4 1 0.8
1.03562638629228 0.563800930198737 "experimento_8" 8 1000 1000 0.95 0.5 0.4 1 0.8
0.998964977683499 0.448393600741987 "experimento_8" 8 1000 1000 0.95 0.5 0.4 1 0.8
0.993355912854895 0.612065326224271 "experimento_8" 8 1000 1000 0.95 0.5 0.4 1 0.8
0.998551057651639 0.627436336864706 "experimento_8" 8 1000 1000 0.95 0.5 0.4 1 0.8
0.998221596702933 0.396870165418411 "experimento_8" 8 1000 1000 0.95 0.5 0.4 1 0.8
1.01193716749549 0.416040529257646 "experimento_8" 8 1000 1000 0.95 0.5 0.4 1 0.8
0.997345729731023 0.487834970067536 "experimento_8" 8 1000 1000 0.95 0.5 0.4 1 0.8
0.997083747992292 0.666313163774364 "experimento_8" 8 1000 1000 0.95 0.5 0.4 1 0.8
1.00915745738894 0.533349135481058 "experimento_8" 8 1000 1000 0.95 0.5 0.4 1 0.8
1.3833978343755 0.469811482378118 "experimento_8" 8 1000 1000 0.95 0.5 0.4 1 0.8
1.00540483039291 0.381381870363462 "experimento_8" 8 1000 1000 0.95 0.5 0.4 1 0.8
1.58559409994632 0.382817942962119 "experimento_8" 8 1000 1000 0.95 0.5 0.4 1 0.8
1.00396235287189 0.666707362869882 "experimento_8" 8 1000 1000 0.95 0.5 0.4 1 0.8
0.999064104864374 0.573080569267469 "experimento_8" 8 1000 1000 0.95 0.5 0.4 1 0.8
0.992616162868217 0.469659860450178 "experimento_8" 8 1000 1000 0.95 0.5 0.4 1 0.8
0.996545245172456 0.477312375310969 "experimento_8" 8 1000 1000 0.95 0.5 0.4 1 0.8
0.99685543240048 0.4588157936993 "experimento_8" 8 1000 1000 0.95 0.5 0.4 1 0.8
0.997885521035641 0.469701902011201 "experimento_8" 8 1000 1000 0.95 0.5 0.4 1 0.8
0.998884103260934 0.521164967237086 "experimento_8" 8 1000 1000 0.95 0.5 0.4 1 0.8
0.997373906895518 0.519914881810409 "experimento_8" 8 1000 1000 0.95 0.5 0.4 1 0.8
0.994517584098503 0.483390540668304 "experimento_8" 8 1000 1000 0.95 0.5 0.4 1 0.8
1.0708554815501 0.446960763769437 "experimento_8" 8 1000 1000 0.95 0.5 0.4 1 0.8
0.990920013282448 0.59015640878023 "experimento_8" 8 1000 1000 0.95 0.5 0.4 1 0.8
0.992255828343332 0.602929238155576 "experimento_8" 8 1000 1000 0.95 0.5 0.4 1 0.8
1.12555908300038 0.54976128812803 "experimento_8" 8 1000 1000 0.95 0.5 0.4 1 0.8
0.998696281341836 0.659310059932547 "experimento_8" 8 1000 1000 0.95 0.5 0.4 1 0.8
0.994255906203762 0.508010608871094 "experimento_8" 8 1000 1000 0.95 0.5 0.4 1 0.8
0.996044320287183 0.462810035514305 "experimento_8" 8 1000 1000 0.95 0.5 0.4 1 0.8
0.992540632840246 0.493699539421225 "experimento_8" 8 1000 1000 0.95 0.5 0.4 1 0.8
0.998504120623693 0.477870516738103 "experimento_8" 8 1000 1000 0.95 0.5 0.4 1 0.8
0.999409583862871 0.457613813031959 "experimento_8" 8 1000 1000 0.95 0.5 0.4 1 0.8
0.995819416362792 0.594141057805948 "experimento_8" 8 1000 1000 0.95 0.5 0.4 1 0.8
1.81712791137397 0.356793981730016 "experimento_8" 8 1000 1000 0.95 0.5 0.4 1 0.8
0.994185387389734 0.733871783835412 "experimento_8" 8 1000 1000 0.95 0.5 0.4 1 0.8
1.06112947068904 0.513989335569561 "experimento_8" 8 1000 1000 0.95 0.5 0.4 1 0.8
1.07419848119903 0.419246538573672 "experimento_8" 8 1000 1000 0.95 0.5 0.4 1 0.8
0.997139806160703 0.587327869816812 "experimento_8" 8 1000 1000 0.95 0.5 0.4 1 0.8
1.06708641129782 0.562669733455983 "experimento_8" 8 1000 1000 0.95 0.5 0.4 1 0.8
0.998467910801992 0.625849791267906 "experimento_8" 8 1000 1000 0.95 0.5 0.4 1 0.8
0.993725546868518 0.652246017027586 "experimento_8" 8 1000 1000 0.95 0.5 0.4 1 0.8
0.997603412717581 0.680471662147575 "experimento_8" 8 1000 1000 0.95 0.5 0.4 1 0.8
0.9874038095586 0.436058449139718 "experimento_8" 8 1000 1000 0.95 0.5 0.4 1 0.8
0.995571242878214 0.47652571497614 "experimento_8" 8 1000 1000 0.95 0.5 0.4 1 0.8
0.999224294442683 0.493728667408266 "experimento_8" 8 1000 1000 0.95 0.5 0.4 1 0.8
1.28595948126167 0.425930468389653 "experimento_8" 8 1000 1000 0.95 0.5 0.4 1 0.8
1.00511764548719 0.699866130014867 "experimento_8" 8 1000 1000 0.95 0.5 0.4 1 0.8
0.997832368128002 0.543548166623742 "experimento_8" 8 1000 1000 0.95 0.5 0.4 1 0.8
0.999755140161142 0.643868959040784 "experimento_8" 8 1000 1000 0.95 0.5 0.4 1 0.8
0.995237575378269 0.48741891166951 "experimento_8" 8 1000 1000 0.95 0.5 0.4 1 0.8
1.00932672799526 0.498564578626026 "experimento_8" 8 1000 1000 0.95 0.5 0.4 1 0.8
0.998147560050711 0.571748388629215 "experimento_8" 8 1000 1000 0.95 0.5 0.4 1 0.8
0.999648298602551 0.622674265170358 "experimento_8" 8 1000 1000 0.95 0.5 0.4 1 0.8
0.99626003834419 0.459779068540684 "experimento_8" 8 1000 1000 0.95 0.5 0.4 1 0.8
0.997682834276929 0.380075047412971 "experimento_8" 8 1000 1000 0.95 0.5 0.4 1 0.8
1.34971890052519 0.413671270800752 "experimento_8" 8 1000 1000 0.95 0.5 0.4 1 0.8
0.99841553135775 0.554912096567915 "experimento_8" 8 1000 1000 0.95 0.5 0.4 1 0.8
0.997728524496779 0.519842832510072 "experimento_8" 8 1000 1000 0.95 0.5 0.4 1 0.8
0.999138567596674 0.47908758722681 "experimento_8" 8 1000 1000 0.95 0.5 0.4 1 0.8
1.18412755895406 0.379710650240775 "experimento_8" 8 1000 1000 0.95 0.5 0.4 1 0.8
1.56061385385692 0.655230749893755 "experimento_8" 8 1000 1000 0.95 0.5 0.4 1 0.8
0.998800020199269 0.54176912348698 "experimento_8" 8 1000 1000 0.95 0.5 0.4 1 0.8
0.999811362242326 0.528354276840204 "experimento_8" 8 1000 1000 0.95 0.5 0.4 1 0.8
1.12705102273825 0.531069342741773 "experimento_8" 8 1000 1000 0.95 0.5 0.4 1 0.8
1.16483518015593 0.400398660032438 "experimento_8" 8 1000 1000 0.95 0.5 0.4 1 0.8
0.996592461364344 0.546790442846928 "experimento_8" 8 1000 1000 0.95 0.5 0.4 1 0.8
0.996814413694665 0.48113435693326 "experimento_8" 8 1000 1000 0.95 0.5 0.4 1 0.8
0.995257684029639 0.681605925524641 "experimento_8" 8 1000 1000 0.95 0.5 0.4 1 0.8
1.12489326673186 0.442980873468585 "experimento_8" 8 1000 1000 0.95 0.5 0.4 1 0.8
1.47432809602469 0.372215239431495 "experimento_8" 8 1000 1000 0.95 0.5 0.4 1 0.8
0.995995015371591 0.701226458543282 "experimento_8" 8 1000 1000 0.95 0.5 0.4 1 0.8
0.998358758399263 0.388872921164488 "experimento_8" 8 1000 1000 0.95 0.5 0.4 1 0.8
0.999873971566558 0.376498126577712 "experimento_8" 8 1000 1000 0.95 0.5 0.4 1 0.8
0.997744807740673 0.435531760382196 "experimento_8" 8 1000 1000 0.95 0.5 0.4 1 0.8
0.499106453265995 2.47917621335389 "experimento_8" 8 1000 1000 0.95 0.5 0.4 1 0.8
0.999302666867152 0.555196386975527 "experimento_8" 8 1000 1000 0.95 0.5 0.4 1 0.8
0.993531130487099 0.584463019748869 "experimento_8" 8 1000 1000 0.95 0.5 0.4 1 0.8
0.999209211207926 0.619825760591709 "experimento_8" 8 1000 1000 0.95 0.5 0.4 1 0.8
0.998517030151561 0.601849619657505 "experimento_8" 8 1000 1000 0.95 0.5 0.4 1 0.8
0.997971696779132 0.474893345564433 "experimento_8" 8 1000 1000 0.95 0.5 0.4 1 0.8
0.997749137226492 0.501488060892261 "experimento_8" 8 1000 1000 0.95 0.5 0.4 1 0.8
0.997786650434136 0.603396859055929 "experimento_8" 8 1000 1000 0.95 0.5 0.4 1 0.8
1.00431239418685 0.586257158140233 "experimento_8" 8 1000 1000 0.95 0.5 0.4 1 0.8
0.993986766785383 0.691822000059937 "experimento_8" 8 1000 1000 0.95 0.5 0.4 1 0.8
1.04865375317272 0.473521132974241 "experimento_8" 8 1000 1000 0.95 0.5 0.4 1 0.8
1.33549144584686 0.601724659729611 "experimento_8" 8 1000 1000 0.95 0.5 0.4 1 0.8
0.998762857634574 0.628266545553165 "experimento_8" 8 1000 1000 0.95 0.5 0.4 1 0.8
0.997913009952754 0.508504648871762 "experimento_8" 8 1000 1000 0.95 0.5 0.4 1 0.8
0.996330009773374 0.603377503497598 "experimento_8" 8 1000 1000 0.95 0.5 0.4 1 0.8
0.994395187823102 0.590990471429465 "experimento_8" 8 1000 1000 0.95 0.5 0.4 1 0.8
0.99468501820229 0.582698516466153 "experimento_8" 8 1000 1000 0.95 0.5 0.4 1 0.8
0.993453617207706 0.463837294149727 "experimento_8" 8 1000 1000 0.95 0.5 0.4 1 0.8
0.996899001998827 0.595925010603583 "experimento_8" 8 1000 1000 0.95 0.5 0.4 1 0.8
0.999178045894951 0.496821715024006 "experimento_8" 8 1000 1000 0.95 0.5 0.4 1 0.8
0.997418250655755 0.563839825690931 "experimento_8" 8 1000 1000 0.95 0.5 0.4 1 0.8
0.994910958455876 0.50719265150563 "experimento_8" 8 1000 1000 0.95 0.5 0.4 1 0.8
0.994299883954227 0.571339546569019 "experimento_8" 8 1000 1000 0.95 0.5 0.4 1 0.8
0.998624359024689 0.495830596147533 "experimento_8" 8 1000 1000 0.95 0.5 0.4 1 0.8
1.05662112091873 0.528323218590044 "experimento_8" 8 1000 1000 0.95 0.5 0.4 1 0.8
0.994039858924225 0.460225514537961 "experimento_8" 8 1000 1000 0.95 0.5 0.4 1 0.8
0.992742770118639 0.429734867213994 "experimento_8" 8 1000 1000 0.95 0.5 0.4 1 0.8
1.01589212638558 0.491301899960085 "experimento_8" 8 1000 1000 0.95 0.5 0.4 1 0.8
0.999613204039633 0.539670579669103 "experimento_8" 8 1000 1000 0.95 0.5 0.4 1 0.8
1.45909134112298 0.416521271559069 "experimento_8" 8 1000 1000 0.95 0.5 0.4 1 0.8
0.997717943741009 0.615863337379838 "experimento_8" 8 1000 1000 0.95 0.5 0.4 1 0.8
0.995664452202618 0.550623112260235 "experimento_8" 8 1000 1000 0.95 0.5 0.4 1 0.8
0.994313352741301 0.479104866433066 "experimento_8" 8 1000 1000 0.95 0.5 0.4 1 0.8
0.997341917827725 0.637347095889735 "experimento_8" 8 1000 1000 0.95 0.5 0.4 1 0.8
1.21767754107714 0.498143420452331 "experimento_8" 8 1000 1000 0.95 0.5 0.4 1 0.8
0.995024575619027 0.63981956500701 "experimento_8" 8 1000 1000 0.95 0.5 0.4 1 0.8
0.996944000478834 0.546519491520542 "experimento_8" 8 1000 1000 0.95 0.5 0.4 1 0.8
0.99623694899492 0.542364893880633 "experimento_8" 8 1000 1000 0.95 0.5 0.4 1 0.8
1.38252283430434 0.504825131065791 "experimento_8" 8 1000 1000 0.95 0.5 0.4 1 0.8
0.994155521970242 0.617598311048072 "experimento_8" 8 1000 1000 0.95 0.5 0.4 1 0.8
1.01423531491309 0.628078719122935 "experimento_8" 8 1000 1000 0.95 0.5 0.4 1 0.8
2.19170309894698 0.26479412669764 "experimento_8" 8 1000 1000 0.95 0.5 0.4 1 0.8
1.39591618400263 0.487288864895084 "experimento_8" 8 1000 1000 0.95 0.5 0.4 1 0.8
0.994840338360518 0.474954313906727 "experimento_8" 8 1000 1000 0.95 0.5 0.4 1 0.8
1.28619087411813 0.466473520203033 "experimento_8" 8 1000 1000 0.95 0.5 0.4 1 0.8
1.09556887211442 0.423307491081507 "experimento_8" 8 1000 1000 0.95 0.5 0.4 1 0.8
0.997166614979506 0.602945307856265 "experimento_8" 8 1000 1000 0.95 0.5 0.4 1 0.8
0.997387411771342 0.453870539439362 "experimento_8" 8 1000 1000 0.95 0.5 0.4 1 0.8
0.999908276367933 0.535748784068276 "experimento_8" 8 1000 1000 0.95 0.5 0.4 1 0.8
1.05886134092613 0.581206927539305 "experimento_8" 8 1000 1000 0.95 0.5 0.4 1 0.8
0.993065093876794 0.56710675534862 "experimento_8" 8 1000 1000 0.95 0.5 0.4 1 0.8
0.995022279210389 0.635281458563208 "experimento_8" 8 1000 1000 0.95 0.5 0.4 1 0.8
1.00276181753725 0.536201034860888 "experimento_8" 8 1000 1000 0.95 0.5 0.4 1 0.8
0.993324205512181 0.502498743564628 "experimento_8" 8 1000 1000 0.95 0.5 0.4 1 0.8
1.00742864675029 0.467754910635982 "experimento_8" 8 1000 1000 0.95 0.5 0.4 1 0.8
0.995647199219093 0.608953787995315 "experimento_8" 8 1000 1000 0.95 0.5 0.4 1 0.8
0.99348082835786 0.466786266650611 "experimento_8" 8 1000 1000 0.95 0.5 0.4 1 0.8
0.998881831998006 0.568810576936321 "experimento_8" 8 1000 1000 0.95 0.5 0.4 1 0.8
0.998945265077055 0.605951489325281 "experimento_8" 8 1000 1000 0.95 0.5 0.4 1 0.8
0.998794172191992 0.524520172636519 "experimento_8" 8 1000 1000 0.95 0.5 0.4 1 0.8
1.00900550186634 0.513624396971602 "experimento_8" 8 1000 1000 0.95 0.5 0.4 1 0.8
0.996910013724118 0.58225776121059 "experimento_8" 8 1000 1000 0.95 0.5 0.4 1 0.8
0.997150602983311 0.399759943621092 "experimento_8" 8 1000 1000 0.95 0.5 0.4 1 0.8
0.998172349762172 0.524619596881594 "experimento_8" 8 1000 1000 0.95 0.5 0.4 1 0.8
0.998897541780025 0.420460605847797 "experimento_8" 8 1000 1000 0.95 0.5 0.4 1 0.8
0.999120410066098 0.484187072880064 "experimento_8" 8 1000 1000 0.95 0.5 0.4 1 0.8
1.0261305719614 0.420506816011616 "experimento_8" 8 1000 1000 0.95 0.5 0.4 1 0.8
1.12766929697881 0.414582461511293 "experimento_8" 8 1000 1000 0.95 0.5 0.4 1 0.8
1.98839673036962 0.356558577429847 "experimento_8" 8 1000 1000 0.95 0.5 0.4 1 0.8
0.993513426277786 0.558590364789244 "experimento_8" 8 1000 1000 0.95 0.5 0.4 1 0.8
0.9988484964706 0.494818468726153 "experimento_8" 8 1000 1000 0.95 0.5 0.4 1 0.8
0.997319785412401 0.442872426371573 "experimento_8" 8 1000 1000 0.95 0.5 0.4 1 0.8
1.36446481999943 0.414196160709638 "experimento_8" 8 1000 1000 0.95 0.5 0.4 1 0.8
0.990087499609217 0.499574389649894 "experimento_8" 8 1000 1000 0.95 0.5 0.4 1 0.8
0.999524963088334 0.470648619877323 "experimento_8" 8 1000 1000 0.95 0.5 0.4 1 0.8
1.18266121484339 0.459119103806626 "experimento_8" 8 1000 1000 0.95 0.5 0.4 1 0.8
0.994635847397149 0.504030581423186 "experimento_8" 8 1000 1000 0.95 0.5 0.4 1 0.8
1.02693480812013 0.474969439784641 "experimento_8" 8 1000 1000 0.95 0.5 0.4 1 0.8
1.5748696429655 0.399701715122449 "experimento_8" 8 1000 1000 0.95 0.5 0.4 1 0.8
0.996756166452542 0.608177036784861 "experimento_8" 8 1000 1000 0.95 0.5 0.4 1 0.8
0.997659882297739 0.522568249958973 "experimento_8" 8 1000 1000 0.95 0.5 0.4 1 0.8
0.997386320494115 0.559950013789642 "experimento_8" 8 1000 1000 0.95 0.5 0.4 1 0.8
0.999312380095944 0.658203080103137 "experimento_8" 8 1000 1000 0.95 0.5 0.4 1 0.8
0.99874459230341 0.528484678869907 "experimento_8" 8 1000 1000 0.95 0.5 0.4 1 0.8
0.987082295585424 0.595122687573182 "experimento_8" 8 1000 1000 0.95 0.5 0.4 1 0.8
1.01940647519575 0.448457079699409 "experimento_8" 8 1000 1000 0.95 0.5 0.4 1 0.8
0.995504628168419 0.528795710535208 "experimento_8" 8 1000 1000 0.95 0.5 0.4 1 0.8
0.993738947203383 0.464420711253466 "experimento_8" 8 1000 1000 0.95 0.5 0.4 1 0.8
0.996363508980721 0.614264786188479 "experimento_8" 8 1000 1000 0.95 0.5 0.4 1 0.8
1.0094863215476 0.621990625339256 "experimento_8" 8 1000 1000 0.95 0.5 0.4 1 0.8
0.998419820563868 0.503704253924372 "experimento_8" 8 1000 1000 0.95 0.5 0.4 1 0.8
0.999876100337133 0.566355085700134 "experimento_8" 8 1000 1000 0.95 0.5 0.4 1 0.8
0.993110176408663 0.606939221030323 "experimento_8" 8 1000 1000 0.95 0.5 0.4 1 0.8
1.59399429056793 0.401565378573132 "experimento_8" 8 1000 1000 0.95 0.5 0.4 1 0.8
0.997141005471349 0.579770262799197 "experimento_8" 8 1000 1000 0.95 0.5 0.4 1 0.8
1.01446332037449 0.571217805170676 "experimento_8" 8 1000 1000 0.95 0.5 0.4 1 0.8
2.0420707622543 0.335085370842324 "experimento_8" 8 1000 1000 0.95 0.5 0.4 1 0.8
0.99251105892472 0.435765453014156 "experimento_8" 8 1000 1000 0.95 0.5 0.4 1 0.8
0.997565887868404 0.591174924428824 "experimento_8" 8 1000 1000 0.95 0.5 0.4 1 0.8
1.01235467744263 0.510128808290103 "experimento_8" 8 1000 1000 0.95 0.5 0.4 1 0.8
0.999906896380708 0.421229552429201 "experimento_8" 8 1000 1000 0.95 0.5 0.4 1 0.8
1.02852597432964 0.514958493886577 "experimento_8" 8 1000 1000 0.95 0.5 0.4 1 0.8
0.996681723045185 0.454138165336474 "experimento_8" 8 1000 1000 0.95 0.5 0.4 1 0.8
0.998558899154887 0.5548791069705 "experimento_8" 8 1000 1000 0.95 0.5 0.4 1 0.8
1.0012863160207 0.509657956733813 "experimento_8" 8 1000 1000 0.95 0.5 0.4 1 0.8
0.997662669746205 0.482503635821652 "experimento_8" 8 1000 1000 0.95 0.5 0.4 1 0.8
0.997842632699758 0.461247837469507 "experimento_8" 8 1000 1000 0.95 0.5 0.4 1 0.8
0.998076367890462 0.474074561849409 "experimento_8" 8 1000 1000 0.95 0.5 0.4 1 0.8
0.993200335651636 0.588914103560138 "experimento_8" 8 1000 1000 0.95 0.5 0.4 1 0.8
0.996954790782183 0.481416763057708 "experimento_8" 8 1000 1000 0.95 0.5 0.4 1 0.8
0.99853496439755 0.467058931614657 "experimento_8" 8 1000 1000 0.95 0.5 0.4 1 0.8
0.998295459663495 0.425810337533176 "experimento_8" 8 1000 1000 0.95 0.5 0.4 1 0.8
0.994808948133141 0.452714099362912 "experimento_8" 8 1000 1000 0.95 0.5 0.4 1 0.8
0.994760290719569 0.567437238366793 "experimento_8" 8 1000 1000 0.95 0.5 0.4 1 0.8
0.999747687019408 0.409397591035309 "experimento_8" 8 1000 1000 0.95 0.5 0.4 1 0.8
0.99297044519335 0.567783625050074 "experimento_8" 8 1000 1000 0.95 0.5 0.4 1 0.8
1.01488719973713 0.569241303270013 "experimento_8" 8 1000 1000 0.95 0.5 0.4 1 0.8
1.00500420294702 0.501015302759386 "experimento_8" 8 1000 1000 0.95 0.5 0.4 1 0.8
1.04954391531646 0.598419924834722 "experimento_8" 8 1000 1000 0.95 0.5 0.4 1 0.8
0.997374544385821 0.541150686582436 "experimento_8" 8 1000 1000 0.95 0.5 0.4 1 0.8
0.999831775203347 0.522658228841339 "experimento_8" 8 1000 1000 0.95 0.5 0.4 1 0.8
1.06374560855329 0.689275275316765 "experimento_8" 8 1000 1000 0.95 0.5 0.4 1 0.8
1.01297573558986 0.512236910479476 "experimento_8" 8 1000 1000 0.95 0.5 0.4 1 0.8
1.2135168062523 0.478142026404263 "experimento_8" 8 1000 1000 0.95 0.5 0.4 1 0.8
0.997852506348863 0.564357396755914 "experimento_8" 8 1000 1000 0.95 0.5 0.4 1 0.8
0.997258070623502 0.552575192504035 "experimento_8" 8 1000 1000 0.95 0.5 0.4 1 0.8
0.991705927299336 0.447144631279691 "experimento_8" 8 1000 1000 0.95 0.5 0.4 1 0.8
1.0398325631395 0.489718163905512 "experimento_8" 8 1000 1000 0.95 0.5 0.4 1 0.8
0.999974470585585 0.780189654186525 "experimento_8" 8 1000 1000 0.95 0.5 0.4 1 0.8
1.28685117140412 0.402120658718295 "experimento_8" 8 1000 1000 0.95 0.5 0.4 1 0.8
0.99888285738416 0.532015208379405 "experimento_8" 8 1000 1000 0.95 0.5 0.4 1 0.8
0.996486636810005 0.474992451819349 "experimento_8" 8 1000 1000 0.95 0.5 0.4 1 0.8
0.995915964944288 0.596816092030828 "experimento_8" 8 1000 1000 0.95 0.5 0.4 1 0.8
0.997866919729859 0.54146314096489 "experimento_8" 8 1000 1000 0.95 0.5 0.4 1 0.8
1.24731738958508 0.360151284869281 "experimento_8" 8 1000 1000 0.95 0.5 0.4 1 0.8
1.10564814516312 0.496219168012067 "experimento_8" 8 1000 1000 0.95 0.5 0.4 1 0.8
0.998438461916521 0.55236135998005 "experimento_8" 8 1000 1000 0.95 0.5 0.4 1 0.8
0.996453265659511 0.479527068208611 "experimento_8" 8 1000 1000 0.95 0.5 0.4 1 0.8
1.1840893253684 0.436971960730661 "experimento_8" 8 1000 1000 0.95 0.5 0.4 1 0.8
0.995715424418449 0.502216372769026 "experimento_8" 8 1000 1000 0.95 0.5 0.4 1 0.8
0.997251912252977 0.499081710756991 "experimento_8" 8 1000 1000 0.95 0.5 0.4 1 0.8
1.0378746939823 0.352294555581676 "experimento_8" 8 1000 1000 0.95 0.5 0.4 1 0.8
0.997173015261069 0.608512874430122 "experimento_8" 8 1000 1000 0.95 0.5 0.4 1 0.8
1.06551879644394 0.568508588376342 "experimento_8" 8 1000 1000 0.95 0.5 0.4 1 0.8
0.999548577470705 0.398284942934843 "experimento_8" 8 1000 1000 0.95 0.5 0.4 1 0.8
1.11660003986511 0.715642979425158 "experimento_8" 8 1000 1000 0.95 0.5 0.4 1 0.8
1.21831280169696 0.53342742025173 "experimento_8" 8 1000 1000 0.95 0.5 0.4 1 0.8
0.997547476086766 0.508456678799954 "experimento_8" 8 1000 1000 0.95 0.5 0.4 1 0.8
0.990018493728712 0.707091069000904 "experimento_8" 8 1000 1000 0.95 0.5 0.4 1 0.8
0.996804259484634 0.621263471276077 "experimento_8" 8 1000 1000 0.95 0.5 0.4 1 0.8
0.996751038357615 0.709143949163734 "experimento_8" 8 1000 1000 0.95 0.5 0.4 1 0.8
0.999539982061833 0.405034400910345 "experimento_8" 8 1000 1000 0.95 0.5 0.4 1 0.8
0.994607643922791 0.584794720117357 "experimento_8" 8 1000 1000 0.95 0.5 0.4 1 0.8
0.996856668964028 0.688891000851297 "experimento_8" 8 1000 1000 0.95 0.5 0.4 1 0.8
0.994762495392933 0.59298335301125 "experimento_8" 8 1000 1000 0.95 0.5 0.4 1 0.8
0.996532186632976 0.575585422074147 "experimento_8" 8 1000 1000 0.95 0.5 0.4 1 0.8
0.993454533396289 0.440956838268622 "experimento_8" 8 1000 1000 0.95 0.5 0.4 1 0.8
0.999093687627465 0.534671640069061 "experimento_8" 8 1000 1000 0.95 0.5 0.4 1 0.8
0.99401499144733 0.474664746811376 "experimento_8" 8 1000 1000 0.95 0.5 0.4 1 0.8
0.99965138360858 0.490180894954089 "experimento_8" 8 1000 1000 0.95 0.5 0.4 1 0.8
1.05557385518644 0.491377919488699 "experimento_8" 8 1000 1000 0.95 0.5 0.4 1 0.8
1.00576757639647 0.466461237651282 "experimento_8" 8 1000 1000 0.95 0.5 0.4 1 0.8
0.999564808094874 0.530709821877253 "experimento_8" 8 1000 1000 0.95 0.5 0.4 1 0.8
0.999494931660593 0.424312522221447 "experimento_8" 8 1000 1000 0.95 0.5 0.4 1 0.8
0.997455661883578 0.521346115499766 "experimento_8" 8 1000 1000 0.95 0.5 0.4 1 0.8
0.99797961791046 0.487629286897948 "experimento_8" 8 1000 1000 0.95 0.5 0.4 1 0.8
0.998651510337368 0.667082112442007 "experimento_8" 8 1000 1000 0.95 0.5 0.4 1 0.8
0.994811699958518 0.575912782966616 "experimento_8" 8 1000 1000 0.95 0.5 0.4 1 0.8
1.00025009457022 0.444582454252525 "experimento_8" 8 1000 1000 0.95 0.5 0.4 1 0.8
0.99616128928028 0.493705366505246 "experimento_8" 8 1000 1000 0.95 0.5 0.4 1 0.8
0.995456833392382 0.528184295706612 "experimento_8" 8 1000 1000 0.95 0.5 0.4 1 0.8
0.997542160563171 0.470496235261857 "experimento_8" 8 1000 1000 0.95 0.5 0.4 1 0.8
1.610290038322 0.67240095995214 "experimento_8" 8 1000 1000 0.95 0.5 0.4 1 0.8
0.995137707330287 0.435255176903644 "experimento_8" 8 1000 1000 0.95 0.5 0.4 1 0.8
0.994784488109872 0.646067307407164 "experimento_8" 8 1000 1000 0.95 0.5 0.4 1 0.8
1.12046216987073 0.596471303654071 "experimento_8" 8 1000 1000 0.95 0.5 0.4 1 0.8
0.99910747515969 0.477194111216247 "experimento_8" 8 1000 1000 0.95 0.5 0.4 1 0.8
0.997501332079992 0.530558764336444 "experimento_8" 8 1000 1000 0.95 0.5 0.4 1 0.8
0.995684891706333 0.55544757773208 "experimento_8" 8 1000 1000 0.95 0.5 0.4 1 0.8
0.999240606091917 0.681747867704609 "experimento_8" 8 1000 1000 0.95 0.5 0.4 1 0.8
1.08277259861817 0.440324819479458 "experimento_8" 8 1000 1000 0.95 0.5 0.4 1 0.8
0.998089442029595 0.539682409270192 "experimento_8" 8 1000 1000 0.95 0.5 0.4 1 0.8
1.00102568045259 0.474247289417884 "experimento_8" 8 1000 1000 0.95 0.5 0.4 1 0.8
1.0210656253621 0.383045694765389 "experimento_8" 8 1000 1000 0.95 0.5 0.4 1 0.8
0.994845160283148 0.57416973609704 "experimento_8" 8 1000 1000 0.95 0.5 0.4 1 0.8
0.997554840520024 0.556981305590748 "experimento_8" 8 1000 1000 0.95 0.5 0.4 1 0.8
0.997466569766402 0.462328848580754 "experimento_8" 8 1000 1000 0.95 0.5 0.4 1 0.8
1.35730123799294 0.415727766813955 "experimento_8" 8 1000 1000 0.95 0.5 0.4 1 0.8
1.16004184726626 0.652777640258686 "experimento_8" 8 1000 1000 0.95 0.5 0.4 1 0.8
0.992523786146194 0.486738497967357 "experimento_8" 8 1000 1000 0.95 0.5 0.4 1 0.8
1.04926221352071 0.507426567300006 "experimento_8" 8 1000 1000 0.95 0.5 0.4 1 0.8
0.997497467789799 0.465595691590434 "experimento_8" 8 1000 1000 0.95 0.5 0.4 1 0.8
1.01787942554802 0.420380459940428 "experimento_8" 8 1000 1000 0.95 0.5 0.4 1 0.8
0.994061624398455 0.546703537505683 "experimento_8" 8 1000 1000 0.95 0.5 0.4 1 0.8
0.997960849665105 0.509391170726588 "experimento_8" 8 1000 1000 0.95 0.5 0.4 1 0.8
0.999757041689008 0.617319807691489 "experimento_8" 8 1000 1000 0.95 0.5 0.4 1 0.8
1.14110162879671 0.431548558186671 "experimento_8" 8 1000 1000 0.95 0.5 0.4 1 0.8
0.997293643420562 0.487472837511309 "experimento_8" 8 1000 1000 0.95 0.5 0.4 1 0.8
0.99895628169179 0.538392474113257 "experimento_8" 8 1000 1000 0.95 0.5 0.4 1 0.8
0.993662699824199 0.48159516611128 "experimento_8" 8 1000 1000 0.95 0.5 0.4 1 0.8
0.998962259618565 0.554441996941731 "experimento_8" 8 1000 1000 0.95 0.5 0.4 1 0.8
0.998709720792249 0.570199501613193 "experimento_8" 8 1000 1000 0.95 0.5 0.4 1 0.8
0.993582892464474 0.574971746032286 "experimento_8" 8 1000 1000 0.95 0.5 0.4 1 0.8
1.65022828840372 0.318832942866162 "experimento_8" 8 1000 1000 0.95 0.5 0.4 1 0.8
0.997223619604483 0.671385828554186 "experimento_8" 8 1000 1000 0.95 0.5 0.4 1 0.8
0.999954502098262 0.645475902473267 "experimento_8" 8 1000 1000 0.95 0.5 0.4 1 0.8
0.997387369628996 0.546511442081951 "experimento_8" 8 1000 1000 0.95 0.5 0.4 1 0.8
0.997596956789494 0.468189480295209 "experimento_8" 8 1000 1000 0.95 0.5 0.4 1 0.8
0.99682879797183 0.440367528011963 "experimento_8" 8 1000 1000 0.95 0.5 0.4 1 0.8
0.998068010434508 0.499152048529555 "experimento_8" 8 1000 1000 0.95 0.5 0.4 1 0.8
0.995520429220051 0.524035351900517 "experimento_8" 8 1000 1000 0.95 0.5 0.4 1 0.8
0.991911777295172 0.564262354969493 "experimento_8" 8 1000 1000 0.95 0.5 0.4 1 0.8
0.998150508152321 0.629893886950142 "experimento_8" 8 1000 1000 0.95 0.5 0.4 1 0.8
0.996145345270634 0.454322087969834 "experimento_8" 8 1000 1000 0.95 0.5 0.4 1 0.8
1.09417574573797 0.601206004859544 "experimento_8" 8 1000 1000 0.95 0.5 0.4 1 0.8
1.86484670530845 0.599083725900629 "experimento_8" 8 1000 1000 0.95 0.5 0.4 1 0.8
0.994516076985747 0.644241658303258 "experimento_8" 8 1000 1000 0.95 0.5 0.4 1 0.8
1.00493381079286 0.568628810002203 "experimento_8" 8 1000 1000 0.95 0.5 0.4 1 0.8
0.994958616560325 0.497633983571053 "experimento_8" 8 1000 1000 0.95 0.5 0.4 1 0.8
0.993834832217544 0.576198889868352 "experimento_8" 8 1000 1000 0.95 0.5 0.4 1 0.8
1.09971700370499 0.52020723399518 "experimento_8" 8 1000 1000 0.95 0.5 0.4 1 0.8
1.01801557093859 0.574922585100929 "experimento_8" 8 1000 1000 0.95 0.5 0.4 1 0.8
1.01318654495907 0.540356553119487 "experimento_8" 8 1000 1000 0.95 0.5 0.4 1 0.8
0.997286580968648 0.482612318075665 "experimento_8" 8 1000 1000 0.95 0.5 0.4 1 0.8
1.04757736437023 0.499895846395701 "experimento_8" 8 1000 1000 0.95 0.5 0.4 1 0.8
0.998418122762814 0.532664937081299 "experimento_8" 8 1000 1000 0.95 0.5 0.4 1 0.8
1.01490836217999 0.665856551747598 "experimento_8" 8 1000 1000 0.95 0.5 0.4 1 0.8
1.08921131677926 0.444450989432994 "experimento_8" 8 1000 1000 0.95 0.5 0.4 1 0.8
0.999625311000273 0.500828364999108 "experimento_8" 8 1000 1000 0.95 0.5 0.4 1 0.8
1.24021579325199 0.334217131739871 "experimento_8" 8 1000 1000 0.95 0.5 0.4 1 0.8
0.998111702268943 0.558537607478008 "experimento_8" 8 1000 1000 0.95 0.5 0.4 1 0.8
1.00000376719981 0.414312329993101 "experimento_8" 8 1000 1000 0.95 0.5 0.4 1 0.8
1.01225859671831 0.511992396873875 "experimento_8" 8 1000 1000 0.95 0.5 0.4 1 0.8
0.999930151272565 0.474402898205506 "experimento_8" 8 1000 1000 0.95 0.5 0.4 1 0.8
0.984001294244081 0.464117762588379 "experimento_8" 8 1000 1000 0.95 0.5 0.4 1 0.8
0.993915781844407 0.50753038544547 "experimento_8" 8 1000 1000 0.95 0.5 0.4 1 0.8
0.998921578982845 0.520658212974608 "experimento_8" 8 1000 1000 0.95 0.5 0.4 1 0.8
1.09623052272946 0.452509741545882 "experimento_8" 8 1000 1000 0.95 0.5 0.4 1 0.8
0.993313890881836 0.597786135759319 "experimento_8" 8 1000 1000 0.95 0.5 0.4 1 0.8
0.999725453322753 0.545760544184841 "experimento_8" 8 1000 1000 0.95 0.5 0.4 1 0.8
0.998534762300551 0.475308578793064 "experimento_8" 8 1000 1000 0.95 0.5 0.4 1 0.8
0.999485082225874 0.446987750597063 "experimento_8" 8 1000 1000 0.95 0.5 0.4 1 0.8
1.00463708504669 0.634539408881098 "experimento_8" 8 1000 1000 0.95 0.5 0.4 1 0.8
0.999745612964034 0.463435887794814 "experimento_8" 8 1000 1000 0.95 0.5 0.4 1 0.8
0.992349207866937 0.547651952405131 "experimento_8" 8 1000 1000 0.95 0.5 0.4 1 0.8
1.04506167639229 0.657267449227101 "experimento_8" 8 1000 1000 0.95 0.5 0.4 1 0.8
0.99979663756676 0.475744670875692 "experimento_8" 8 1000 1000 0.95 0.5 0.4 1 0.8
0.997423085849732 0.573698840662109 "experimento_8" 8 1000 1000 0.95 0.5 0.4 1 0.8
0.997755077667534 0.568971504811104 "experimento_8" 8 1000 1000 0.95 0.5 0.4 1 0.8
1.01205327082425 0.638304184734851 "experimento_8" 8 1000 1000 0.95 0.5 0.4 1 0.8
0.998479481786489 0.557676825366279 "experimento_8" 8 1000 1000 0.95 0.5 0.4 1 0.8
0.999687073286623 0.70453996836584 "experimento_8" 8 1000 1000 0.95 0.5 0.4 1 0.8
0.987560525536537 0.525055823684548 "experimento_8" 8 1000 1000 0.95 0.5 0.4 1 0.8
0.999287764076144 0.617173284555152 "experimento_8" 8 1000 1000 0.95 0.5 0.4 1 0.8
1.36198810860515 0.556277631947987 "experimento_8" 8 1000 1000 0.95 0.5 0.4 1 0.8
1.0056116444925 0.454801153272116 "experimento_8" 8 1000 1000 0.95 0.5 0.4 1 0.8
0.997628258075565 0.491974580022793 "experimento_8" 8 1000 1000 0.95 0.5 0.4 1 0.8
0.999782473081723 0.505149857076873 "experimento_8" 8 1000 1000 0.95 0.5 0.4 1 0.8
0.995851997751743 0.614025068194105 "experimento_8" 8 1000 1000 0.95 0.5 0.4 1 0.8
0.992598899872974 0.531216719041629 "experimento_8" 8 1000 1000 0.95 0.5 0.4 1 0.8
0.995928710792214 0.414351797365767 "experimento_8" 8 1000 1000 0.95 0.5 0.4 1 0.8
1.08539452217519 0.492811148031966 "experimento_8" 8 1000 1000 0.95 0.5 0.4 1 0.8
1.12254483066499 0.501911116087425 "experimento_8" 8 1000 1000 0.95 0.5 0.4 1 0.8
0.996928320964798 0.50920462261676 "experimento_8" 8 1000 1000 0.95 0.5 0.4 1 0.8
0.997304494958371 0.835641863790445 "experimento_8" 8 1000 1000 0.95 0.5 0.4 1 0.8
0.998492226004601 0.564763942660937 "experimento_8" 8 1000 1000 0.95 0.5 0.4 1 0.8
0.998449645936489 0.716882700132391 "experimento_8" 8 1000 1000 0.95 0.5 0.4 1 0.8
0.993739956524223 0.436444096237408 "experimento_8" 8 1000 1000 0.95 0.5 0.4 1 0.8
1.15443821229428 0.45049735593392 "experimento_8" 8 1000 1000 0.95 0.5 0.4 1 0.8
1.80630827043205 0.440570699748421 "experimento_8" 8 1000 1000 0.95 0.5 0.4 1 0.8
1.29941368378096 0.535465690429875 "experimento_8" 8 1000 1000 0.95 0.5 0.4 1 0.8
1.09017266426235 0.486084949308706 "experimento_8" 8 1000 1000 0.95 0.5 0.4 1 0.8
0.997138849692419 0.597654480860546 "experimento_8" 8 1000 1000 0.95 0.5 0.4 1 0.8
1.02367563298082 0.420943226477394 "experimento_8" 8 1000 1000 0.95 0.5 0.4 1 0.8
0.996912768809125 0.482955941340714 "experimento_8" 8 1000 1000 0.95 0.5 0.4 1 0.8
0.997494413517416 0.436952408544096 "experimento_8" 8 1000 1000 0.95 0.5 0.4 1 0.8
0.999188816640526 0.454435803015101 "experimento_8" 8 1000 1000 0.95 0.5 0.4 1 0.8
0.998956758994609 0.421416715209078 "experimento_8" 8 1000 1000 0.95 0.5 0.4 1 0.8
1.04787276592106 0.47495827670998 "experimento_8" 8 1000 1000 0.95 0.5 0.4 1 0.8
0.999803795013577 0.631536657463699 "experimento_8" 8 1000 1000 0.95 0.5 0.4 1 0.8
0.999609786784276 0.566424927520419 "experimento_8" 8 1000 1000 0.95 0.5 0.4 1 0.8
0.996848057722673 0.46221343273422 "experimento_8" 8 1000 1000 0.95 0.5 0.4 1 0.8
0.995628166710958 0.423256992859417 "experimento_8" 8 1000 1000 0.95 0.5 0.4 1 0.8
1.09862240865136 0.524112642423436 "experimento_8" 8 1000 1000 0.95 0.5 0.4 1 0.8
0.995413083117455 0.661754468181454 "experimento_8" 8 1000 1000 0.95 0.5 0.4 1 0.8
0.99376333435066 0.609152194057403 "experimento_8" 8 1000 1000 0.95 0.5 0.4 1 0.8
0.996526004280895 0.68630474529827 "experimento_8" 8 1000 1000 0.95 0.5 0.4 1 0.8
0.99944943934679 0.494365633449154 "experimento_8" 8 1000 1000 0.95 0.5 0.4 1 0.8
0.99798890016973 0.427571235209679 "experimento_8" 8 1000 1000 0.95 0.5 0.4 1 0.8
1.00529846643057 0.405284304018966 "experimento_8" 8 1000 1000 0.95 0.5 0.4 1 0.8
0.999982844339684 0.617278811579002 "experimento_8" 8 1000 1000 0.95 0.5 0.4 1 0.8
1.00833807233721 0.510008978696682 "experimento_8" 8 1000 1000 0.95 0.5 0.4 1 0.8
0.994535207748413 0.654478319055667 "experimento_8" 8 1000 1000 0.95 0.5 0.4 1 0.8
1.47860130016372 0.446494798391118 "experimento_8" 8 1000 1000 0.95 0.5 0.4 1 0.8
0.996264173882082 0.490862280837741 "experimento_8" 8 1000 1000 0.95 0.5 0.4 1 0.8
1.00390474312007 0.637635590939912 "experimento_8" 8 1000 1000 0.95 0.5 0.4 1 0.8
0.996633385075256 0.742702833332364 "experimento_8" 8 1000 1000 0.95 0.5 0.4 1 0.8
0.997574909823015 0.767552427649935 "experimento_8" 8 1000 1000 0.95 0.5 0.4 1 0.8
0.997301854658872 0.436606940790867 "experimento_8" 8 1000 1000 0.95 0.5 0.4 1 0.8
0.998990042135119 0.501461827310177 "experimento_8" 8 1000 1000 0.95 0.5 0.4 1 0.8
0.995211581233889 0.575110070529851 "experimento_8" 8 1000 1000 0.95 0.5 0.4 1 0.8
0.993621373083442 0.505610306145573 "experimento_8" 8 1000 1000 0.95 0.5 0.4 1 0.8
0.994831120362505 0.576954246567744 "experimento_8" 8 1000 1000 0.95 0.5 0.4 1 0.8
0.99804104375653 0.559357281206094 "experimento_8" 8 1000 1000 0.95 0.5 0.4 1 0.8
0.997138595907018 0.426064679417625 "experimento_8" 8 1000 1000 0.95 0.5 0.4 1 0.8
1.00036011449993 0.626883905639151 "experimento_8" 8 1000 1000 0.95 0.5 0.4 1 0.8
1.07714789453894 0.489058839176648 "experimento_8" 8 1000 1000 0.95 0.5 0.4 1 0.8
0.998759077396244 0.532502618317838 "experimento_8" 8 1000 1000 0.95 0.5 0.4 1 0.8
0.999148116679862 0.576173091618311 "experimento_8" 8 1000 1000 0.95 0.5 0.4 1 0.8
0.997273482382298 0.859677984659048 "experimento_8" 8 1000 1000 0.95 0.5 0.4 1 0.8
0.999321192735806 0.581949823132182 "experimento_8" 8 1000 1000 0.95 0.5 0.4 1 0.8
0.998667512321845 0.440697414183957 "experimento_8" 8 1000 1000 0.95 0.5 0.4 1 0.8
0.998399737058207 0.613745915465535 "experimento_8" 8 1000 1000 0.95 0.5 0.4 1 0.8
0.998313554795459 0.494376402585399 "experimento_8" 8 1000 1000 0.95 0.5 0.4 1 0.8
0.996241453336552 0.4913283425066 "experimento_8" 8 1000 1000 0.95 0.5 0.4 1 0.8
0.998883343767375 0.473931637561293 "experimento_8" 8 1000 1000 0.95 0.5 0.4 1 0.8
0.997523409081623 0.480204139944894 "experimento_8" 8 1000 1000 0.95 0.5 0.4 1 0.8
0.997530637541786 0.5938851443455 "experimento_8" 8 1000 1000 0.95 0.5 0.4 1 0.8
0.9982559022028 0.652428993497277 "experimento_8" 8 1000 1000 0.95 0.5 0.4 1 0.8
0.996059450088069 0.470342572307705 "experimento_8" 8 1000 1000 0.95 0.5 0.4 1 0.8
0.996116734109819 0.482210252891526 "experimento_8" 8 1000 1000 0.95 0.5 0.4 1 0.8
1.01612037513405 0.477522294890239 "experimento_8" 8 1000 1000 0.95 0.5 0.4 1 0.8
0.99748117197305 0.553259863026849 "experimento_8" 8 1000 1000 0.95 0.5 0.4 1 0.8
0.997034116182476 0.597945138570981 "experimento_8" 8 1000 1000 0.95 0.5 0.4 1 0.8
0.994441130431369 0.535938120746237 "experimento_8" 8 1000 1000 0.95 0.5 0.4 1 0.8
0.999261711956933 0.61928085470608 "experimento_8" 8 1000 1000 0.95 0.5 0.4 1 0.8
0.995727367931977 0.601870414148482 "experimento_8" 8 1000 1000 0.95 0.5 0.4 1 0.8
0.991195860784501 0.597839397700231 "experimento_8" 8 1000 1000 0.95 0.5 0.4 1 0.8
0.997378106229007 0.538101567902138 "experimento_8" 8 1000 1000 0.95 0.5 0.4 1 0.8
0.999395148362964 0.457688162424539 "experimento_8" 8 1000 1000 0.95 0.5 0.4 1 0.8
1.03003962058574 0.550543361675633 "experimento_8" 8 1000 1000 0.95 0.5 0.4 1 0.8
0.989342072512954 0.447609918611966 "experimento_8" 8 1000 1000 0.95 0.5 0.4 1 0.8
0.993627517251298 0.592275431425002 "experimento_8" 8 1000 1000 0.95 0.5 0.4 1 0.8
0.997296090936288 0.5785614872037 "experimento_8" 8 1000 1000 0.95 0.5 0.4 1 0.8
1.33177897706628 0.515881192701565 "experimento_8" 8 1000 1000 0.95 0.5 0.4 1 0.8
1.23253190787304 0.498485602184015 "experimento_8" 8 1000 1000 0.95 0.5 0.4 1 0.8
0.999779586447403 0.380569962219044 "experimento_8" 8 1000 1000 0.95 0.5 0.4 1 0.8
1.00925184506923 0.521993668112894 "experimento_8" 8 1000 1000 0.95 0.5 0.4 1 0.8
1.59690338838845 0.466298830761292 "experimento_8" 8 1000 1000 0.95 0.5 0.4 1 0.8
0.997958985622972 0.471325272682599 "experimento_8" 8 1000 1000 0.95 0.5 0.4 1 0.8
1.01292249560356 0.493654644240923 "experimento_8" 8 1000 1000 0.95 0.5 0.4 1 0.8
0.995623569237068 0.457065847916 "experimento_8" 8 1000 1000 0.95 0.5 0.4 1 0.8
0.997652261983603 0.571462355623598 "experimento_8" 8 1000 1000 0.95 0.5 0.4 1 0.8
1.3999857865274 0.39800974354433 "experimento_8" 8 1000 1000 0.95 0.5 0.4 1 0.8
0.99927054089494 0.605308346908551 "experimento_8" 8 1000 1000 0.95 0.5 0.4 1 0.8
0.997983286390081 0.577010828936596 "experimento_8" 8 1000 1000 0.95 0.5 0.4 1 0.8
1.01206285972148 0.429204552801616 "experimento_8" 8 1000 1000 0.95 0.5 0.4 1 0.8
0.996999903814867 0.496402935974067 "experimento_8" 8 1000 1000 0.95 0.5 0.4 1 0.8
1.55440350435674 0.485457977243493 "experimento_8" 8 1000 1000 0.95 0.5 0.4 1 0.8
0.99655271996744 0.402443368638482 "experimento_8" 8 1000 1000 0.95 0.5 0.4 1 0.8
1.43092661909759 0.439378633013906 "experimento_8" 8 1000 1000 0.95 0.5 0.4 1 0.8
1.92466355084669 0.418010504149447 "experimento_8" 8 1000 1000 0.95 0.5 0.4 1 0.8
0.996453358326107 0.5772361459382 "experimento_8" 8 1000 1000 0.95 0.5 0.4 1 0.8
0.998355093179271 0.582827855283626 "experimento_8" 8 1000 1000 0.95 0.5 0.4 1 0.8
0.999579297844321 0.479503973780775 "experimento_8" 8 1000 1000 0.95 0.5 0.4 1 0.8
0.998115473659709 0.536115948629848 "experimento_8" 8 1000 1000 0.95 0.5 0.4 1 0.8
1.26707383617759 0.442452296077651 "experimento_8" 8 1000 1000 0.95 0.5 0.4 1 0.8
1.08077060524374 0.538719708091869 "experimento_8" 8 1000 1000 0.95 0.5 0.4 1 0.8
0.996573869604617 0.572449578302351 "experimento_8" 8 1000 1000 0.95 0.5 0.4 1 0.8
0.997099088970572 0.628109250168871 "experimento_8" 8 1000 1000 0.95 0.5 0.4 1 0.8
0.998183553107083 0.426762263606461 "experimento_8" 8 1000 1000 0.95 0.5 0.4 1 0.8
0.997168947709724 0.53103027431793 "experimento_8" 8 1000 1000 0.95 0.5 0.4 1 0.8
0.995249739615247 0.436752016339089 "experimento_8" 8 1000 1000 0.95 0.5 0.4 1 0.8
0.999741873005405 0.578604010199225 "experimento_8" 8 1000 1000 0.95 0.5 0.4 1 0.8
0.999924297677353 0.484925038012267 "experimento_8" 8 1000 1000 0.95 0.5 0.4 1 0.8
1.02582643874187 0.560361203970836 "experimento_8" 8 1000 1000 0.95 0.5 0.4 1 0.8
0.998639438999817 0.466565393567702 "experimento_8" 8 1000 1000 0.95 0.5 0.4 1 0.8
1.00694523472339 0.479997110938804 "experimento_8" 8 1000 1000 0.95 0.5 0.4 1 0.8
0.999564755475149 0.499025014209989 "experimento_8" 8 1000 1000 0.95 0.5 0.4 1 0.8
1.01564980391413 0.421247830443454 "experimento_8" 8 1000 1000 0.95 0.5 0.4 1 0.8
1.0002404274419 0.572970975612481 "experimento_8" 8 1000 1000 0.95 0.5 0.4 1 0.8
0.999591853935272 0.518332337269784 "experimento_8" 8 1000 1000 0.95 0.5 0.4 1 0.8
0.998679339652881 0.474263675217208 "experimento_8" 8 1000 1000 0.95 0.5 0.4 1 0.8
0.996562635991722 0.535254176809404 "experimento_8" 8 1000 1000 0.95 0.5 0.4 1 0.8
0.996001195628196 0.523268867937328 "experimento_8" 8 1000 1000 0.95 0.5 0.4 1 0.8
0.999179150210693 0.680784050299205 "experimento_8" 8 1000 1000 0.95 0.5 0.4 1 0.8
0.998732161475345 0.558974794632964 "experimento_8" 8 1000 1000 0.95 0.5 0.4 1 0.8
0.998349939472973 0.386825716770909 "experimento_8" 8 1000 1000 0.95 0.5 0.4 1 0.8
0.996030147420242 0.628896730218042 "experimento_8" 8 1000 1000 0.95 0.5 0.4 1 0.8
0.99969344586134 0.509960420679194 "experimento_8" 8 1000 1000 0.95 0.5 0.4 1 0.8
0.997792524052784 0.563699331254474 "experimento_8" 8 1000 1000 0.95 0.5 0.4 1 0.8
0.99830004083924 0.596671543056454 "experimento_8" 8 1000 1000 0.95 0.5 0.4 1 0.8
0.998064399464056 0.602186260000631 "experimento_8" 8 1000 1000 0.95 0.5 0.4 1 0.8
0.988905436825007 0.50600131859159 "experimento_8" 8 1000 1000 0.95 0.5 0.4 1 0.8
1.38158194255084 0.51021912024007 "experimento_8" 8 1000 1000 0.95 0.5 0.4 1 0.8
0.999366872012615 0.552726690572854 "experimento_8" 8 1000 1000 0.95 0.5 0.4 1 0.8
0.999485119711608 0.491704626650273 "experimento_8" 8 1000 1000 0.95 0.5 0.4 1 0.8
0.999543763231486 0.55452215891526 "experimento_8" 8 1000 1000 0.95 0.5 0.4 1 0.8
1.06417660508305 0.448020777611425 "experimento_8" 8 1000 1000 0.95 0.5 0.4 1 0.8
1.20259692147374 0.663260942844718 "experimento_8" 8 1000 1000 0.95 0.5 0.4 1 0.8
0.999903830233961 0.535010260412645 "experimento_8" 8 1000 1000 0.95 0.5 0.4 1 0.8
1.00070021857895 0.510245878471744 "experimento_8" 8 1000 1000 0.95 0.5 0.4 1 0.8
1.01905963104218 0.547304598002962 "experimento_8" 8 1000 1000 0.95 0.5 0.4 1 0.8
0.995162988547236 0.474357127245158 "experimento_8" 8 1000 1000 0.95 0.5 0.4 1 0.8
0.994699153583497 0.52328002172931 "experimento_8" 8 1000 1000 0.95 0.5 0.4 1 0.8
0.998334141680971 0.470443892063019 "experimento_8" 8 1000 1000 0.95 0.5 0.4 1 0.8
1.0204763840884 0.606473824936713 "experimento_8" 8 1000 1000 0.95 0.5 0.4 1 0.8
0.991822271607816 0.465806647742439 "experimento_8" 8 1000 1000 0.95 0.5 0.4 1 0.8
1.0133151570335 0.36873272418537 "experimento_8" 8 1000 1000 0.95 0.5 0.4 1 0.8
1.04748394992203 0.567746140711689 "experimento_8" 8 1000 1000 0.95 0.5 0.4 1 0.8
1.09391706834143 0.485512418532073 "experimento_8" 8 1000 1000 0.95 0.5 0.4 1 0.8
1.01036832843676 0.465987152266951 "experimento_8" 8 1000 1000 0.95 0.5 0.4 1 0.8
0.998322230996564 0.521955732585391 "experimento_8" 8 1000 1000 0.95 0.5 0.4 1 0.8
0.999561388744041 0.427318320974916 "experimento_8" 8 1000 1000 0.95 0.5 0.4 1 0.8
0.993196789408103 0.510458013370862 "experimento_8" 8 1000 1000 0.95 0.5 0.4 1 0.8
0.990771290613338 0.586427583228938 "experimento_8" 8 1000 1000 0.95 0.5 0.4 1 0.8
1.09226002171636 0.462405656572364 "experimento_8" 8 1000 1000 0.95 0.5 0.4 1 0.8
0.996790250763297 0.510374593928634 "experimento_8" 8 1000 1000 0.95 0.5 0.4 1 0.8
0.99320021411404 0.469374407457657 "experimento_8" 8 1000 1000 0.95 0.5 0.4 1 0.8
0.99722016393207 0.549276418819713 "experimento_8" 8 1000 1000 0.95 0.5 0.4 1 0.8
1.00435460613423 0.600608257076228 "experimento_8" 8 1000 1000 0.95 0.5 0.4 1 0.8
0.992661615135148 0.487833096770196 "experimento_8" 8 1000 1000 0.95 0.5 0.4 1 0.8
0.998659417731687 0.603928585651831 "experimento_8" 8 1000 1000 0.95 0.5 0.4 1 0.8
0.99364728690125 0.446415940103674 "experimento_8" 8 1000 1000 0.95 0.5 0.4 1 0.8
0.998829608084634 0.427644740733719 "experimento_8" 8 1000 1000 0.95 0.5 0.4 1 0.8
0.99463603948243 0.486398278657038 "experimento_8" 8 1000 1000 0.95 0.5 0.4 1 0.8
0.999670983990654 0.437707345447844 "experimento_8" 8 1000 1000 0.95 0.5 0.4 1 0.8
0.998094226466492 0.412998788141387 "experimento_8" 8 1000 1000 0.95 0.5 0.4 1 0.8
0.998975014081225 0.418353635369075 "experimento_8" 8 1000 1000 0.95 0.5 0.4 1 0.8
1.00505083147436 0.640914969040432 "experimento_8" 8 1000 1000 0.95 0.5 0.4 1 0.8
1.51530565689127 0.509077959953571 "experimento_8" 8 1000 1000 0.95 0.5 0.4 1 0.8
0.999385037692264 0.700668995813856 "experimento_8" 8 1000 1000 0.95 0.5 0.4 1 0.8
0.993785119848326 0.657576839887998 "experimento_8" 8 1000 1000 0.95 0.5 0.4 1 0.8
0.997555436100811 0.633343385541922 "experimento_8" 8 1000 1000 0.95 0.5 0.4 1 0.8
0.996424607466906 0.516687804650871 "experimento_8" 8 1000 1000 0.95 0.5 0.4 1 0.8
0.999484836822376 0.555672051861655 "experimento_8" 8 1000 1000 0.95 0.5 0.4 1 0.8
0.993415578268468 0.481404261587084 "experimento_8" 8 1000 1000 0.95 0.5 0.4 1 0.8
0.999121957458556 0.47386210569998 "experimento_8" 8 1000 1000 0.95 0.5 0.4 1 0.8
0.998332806164399 0.652923830675517 "experimento_8" 8 1000 1000 0.95 0.5 0.4 1 0.8
1.03208236768842 0.441445447948489 "experimento_8" 8 1000 1000 0.95 0.5 0.4 1 0.8
0.998098953859881 0.563093583122183 "experimento_8" 8 1000 1000 0.95 0.5 0.4 1 0.8
0.998263577232137 0.611520136452302 "experimento_8" 8 1000 1000 0.95 0.5 0.4 1 0.8
0.999353966675699 0.583877716521142 "experimento_8" 8 1000 1000 0.95 0.5 0.4 1 0.8
1.05289052147418 0.406138061874893 "experimento_8" 8 1000 1000 0.95 0.5 0.4 1 0.8
0.99987907265313 0.608772968435217 "experimento_8" 8 1000 1000 0.95 0.5 0.4 1 0.8
0.999597864225507 0.538264072635789 "experimento_8" 8 1000 1000 0.95 0.5 0.4 1 0.8
1.03083227734601 0.508752182611951 "experimento_8" 8 1000 1000 0.95 0.5 0.4 1 0.8
1.00110089168607 0.535168046239243 "experimento_8" 8 1000 1000 0.95 0.5 0.4 1 0.8
0.994709318038076 0.587883470918384 "experimento_8" 8 1000 1000 0.95 0.5 0.4 1 0.8
0.990658496739343 0.745390994431567 "experimento_8" 8 1000 1000 0.95 0.5 0.4 1 0.8
0.998060674872249 0.405107876641075 "experimento_8" 8 1000 1000 0.95 0.5 0.4 1 0.8
0.997162817977369 0.510642990244545 "experimento_8" 8 1000 1000 0.95 0.5 0.4 1 0.8
1.10088774561882 0.417292931168938 "experimento_8" 8 1000 1000 0.95 0.5 0.4 1 0.8
0.997586694313213 0.545678975292802 "experimento_8" 8 1000 1000 0.95 0.5 0.4 1 0.8
0.997089442797005 0.506093752092896 "experimento_8" 8 1000 1000 0.95 0.5 0.4 1 0.8
0.997471967479214 0.595799763259093 "experimento_8" 8 1000 1000 0.95 0.5 0.4 1 0.8
0.999342736322433 0.494894677772047 "experimento_8" 8 1000 1000 0.95 0.5 0.4 1 0.8
0.999198134290054 0.479177852296157 "experimento_8" 8 1000 1000 0.95 0.5 0.4 1 0.8
1.04092100262642 0.569931236327291 "experimento_8" 8 1000 1000 0.95 0.5 0.4 1 0.8
1.05555111449212 0.531568172645422 "experimento_8" 8 1000 1000 0.95 0.5 0.4 1 0.8
0.995022054528818 0.602498524837855 "experimento_8" 8 1000 1000 0.95 0.5 0.4 1 0.8
0.995252448599786 0.40067439514831 "experimento_8" 8 1000 1000 0.95 0.5 0.4 1 0.8
0.999766569351777 0.468140515842775 "experimento_8" 8 1000 1000 0.95 0.5 0.4 1 0.8
0.998816486215219 0.516954935611372 "experimento_8" 8 1000 1000 0.95 0.5 0.4 1 0.8
0.9973983571399 0.552278717939555 "experimento_8" 8 1000 1000 0.95 0.5 0.4 1 0.8
0.995718289865181 0.544128593763382 "experimento_8" 8 1000 1000 0.95 0.5 0.4 1 0.8
0.999765955144539 0.516843300489765 "experimento_8" 8 1000 1000 0.95 0.5 0.4 1 0.8
0.99925301130861 0.466257195353042 "experimento_8" 8 1000 1000 0.95 0.5 0.4 1 0.8
0.998985306359828 0.696237585003243 "experimento_8" 8 1000 1000 0.95 0.5 0.4 1 0.8
0.997810233617201 0.462889763466667 "experimento_8" 8 1000 1000 0.95 0.5 0.4 1 0.8
0.99523693905212 0.559136213387275 "experimento_8" 8 1000 1000 0.95 0.5 0.4 1 0.8
0.999385421164334 0.437754097118793 "experimento_8" 8 1000 1000 0.95 0.5 0.4 1 0.8
1.08231701944427 0.55905819723101 "experimento_8" 8 1000 1000 0.95 0.5 0.4 1 0.8
0.999763145577163 0.532369581415685 "experimento_8" 8 1000 1000 0.95 0.5 0.4 1 0.8
0.999073235550895 0.625337487781808 "experimento_8" 8 1000 1000 0.95 0.5 0.4 1 0.8
0.999107125913724 0.615075112941361 "experimento_8" 8 1000 1000 0.95 0.5 0.4 1 0.8
0.997636882122606 0.522596950814434 "experimento_8" 8 1000 1000 0.95 0.5 0.4 1 0.8
1.07017990667373 0.388095485682127 "experimento_8" 8 1000 1000 0.95 0.5 0.4 1 0.8
1.3028172198683 0.399084604637643 "experimento_8" 8 1000 1000 0.95 0.5 0.4 1 0.8
0.997525297803804 0.509420380074282 "experimento_8" 8 1000 1000 0.95 0.5 0.4 1 0.8
0.995242758421227 0.485841822339934 "experimento_8" 8 1000 1000 0.95 0.5 0.4 1 0.8
0.999845149228349 0.603101461759878 "experimento_8" 8 1000 1000 0.95 0.5 0.4 1 0.8
0.999082823982462 0.478700512329479 "experimento_8" 8 1000 1000 0.95 0.5 0.4 1 0.8
1.15802240092307 0.526530197150019 "experimento_8" 8 1000 1000 0.95 0.5 0.4 1 0.8
0.998814303893596 0.539843039614499 "experimento_8" 8 1000 1000 0.95 0.5 0.4 1 0.8
0.99872170900926 0.545128249261906 "experimento_8" 8 1000 1000 0.95 0.5 0.4 1 0.8
0.992509111063555 0.638427156887117 "experimento_8" 8 1000 1000 0.95 0.5 0.4 1 0.8
0.999562754528597 0.557988341784937 "experimento_8" 8 1000 1000 0.95 0.5 0.4 1 0.8
0.990230672759935 0.470877287904448 "experimento_8" 8 1000 1000 0.95 0.5 0.4 1 0.8
0.99546589050442 0.766142121650649 "experimento_8" 8 1000 1000 0.95 0.5 0.4 1 0.8
0.999172001611441 0.501670159110496 "experimento_8" 8 1000 1000 0.95 0.5 0.4 1 0.8
1.23823890851812 0.473683029418589 "experimento_8" 8 1000 1000 0.95 0.5 0.4 1 0.8
0.999206707580015 0.572293454608146 "experimento_8" 8 1000 1000 0.95 0.5 0.4 1 0.8
0.999572025146335 0.453187134220088 "experimento_8" 8 1000 1000 0.95 0.5 0.4 1 0.8
0.997703761560842 0.479568898172008 "experimento_8" 8 1000 1000 0.95 0.5 0.4 1 0.8
1.01903979157391 0.45277718472857 "experimento_8" 8 1000 1000 0.95 0.5 0.4 1 0.8
0.995539788156748 0.601493317379261 "experimento_8" 8 1000 1000 0.95 0.5 0.4 1 0.8
0.998075687326491 0.52703819932729 "experimento_8" 8 1000 1000 0.95 0.5 0.4 1 0.8
1.13938011787832 0.476052172810347 "experimento_8" 8 1000 1000 0.95 0.5 0.4 1 0.8
0.998973571928218 0.518918977473561 "experimento_8" 8 1000 1000 0.95 0.5 0.4 1 0.8
0.999220722587779 0.431618892170136 "experimento_8" 8 1000 1000 0.95 0.5 0.4 1 0.8
0.99854091508314 0.504480588437352 "experimento_8" 8 1000 1000 0.95 0.5 0.4 1 0.8
0.999565433943644 0.484040522665083 "experimento_8" 8 1000 1000 0.95 0.5 0.4 1 0.8
1.01280596945435 0.458571446457321 "experimento_8" 8 1000 1000 0.95 0.5 0.4 1 0.8
0.991883140057325 0.524214405322737 "experimento_8" 8 1000 1000 0.95 0.5 0.4 1 0.8
0.995293357176706 0.483085138143816 "experimento_8" 8 1000 1000 0.95 0.5 0.4 1 0.8
0.997822995763272 0.564230667860831 "experimento_8" 8 1000 1000 0.95 0.5 0.4 1 0.8
0.99745236360468 0.56836314376351 "experimento_8" 8 1000 1000 0.95 0.5 0.4 1 0.8
0.997479466488585 0.632169041253231 "experimento_8" 8 1000 1000 0.95 0.5 0.4 1 0.8
0.991519282804802 0.644645129889808 "experimento_8" 8 1000 1000 0.95 0.5 0.4 1 0.8
0.999642735114321 0.566152526998029 "experimento_8" 8 1000 1000 0.95 0.5 0.4 1 0.8
1.00032781092187 0.46044948946913 "experimento_8" 8 1000 1000 0.95 0.5 0.4 1 0.8
0.991743455873802 0.609534367206023 "experimento_8" 8 1000 1000 0.95 0.5 0.4 1 0.8
0.99967743945308 0.411160653122987 "experimento_8" 8 1000 1000 0.95 0.5 0.4 1 0.8
0.999828206840903 0.348734484239404 "experimento_8" 8 1000 1000 0.95 0.5 0.4 1 0.8
0.995651759207249 0.523769469368639 "experimento_8" 8 1000 1000 0.95 0.5 0.4 1 0.8
0.995408488437533 0.476795071536499 "experimento_8" 8 1000 1000 0.95 0.5 0.4 1 0.8
1.05812327563763 0.658590781304081 "experimento_8" 8 1000 1000 0.95 0.5 0.4 1 0.8
1.01918542943895 0.54978186666438 "experimento_8" 8 1000 1000 0.95 0.5 0.4 1 0.8
1.00661073782347 0.472722944096396 "experimento_8" 8 1000 1000 0.95 0.5 0.4 1 0.8
0.997883281903341 0.539552884384785 "experimento_8" 8 1000 1000 0.95 0.5 0.4 1 0.8
1.12685647793114 0.457531189671025 "experimento_8" 8 1000 1000 0.95 0.5 0.4 1 0.8
1.06861660536379 0.589548391926732 "experimento_8" 8 1000 1000 0.95 0.5 0.4 1 0.8
0.999330211663619 0.466506668403953 "experimento_8" 8 1000 1000 0.95 0.5 0.4 1 0.8
1.14901198260486 0.431521131013926 "experimento_8" 8 1000 1000 0.95 0.5 0.4 1 0.8
0.997639874694869 0.521752538284002 "experimento_8" 8 1000 1000 0.95 0.5 0.4 1 0.8
1.44651624653488 0.502303565648374 "experimento_8" 8 1000 1000 0.95 0.5 0.4 1 0.8
1.11451284587383 0.56417924602404 "experimento_8" 8 1000 1000 0.95 0.5 0.4 1 0.8
0.996112931985408 0.582618990707491 "experimento_8" 8 1000 1000 0.95 0.5 0.4 1 0.8
0.999619713751599 0.566625107140181 "experimento_8" 8 1000 1000 0.95 0.5 0.4 1 0.8
0.993629917269573 0.456678251657954 "experimento_8" 8 1000 1000 0.95 0.5 0.4 1 0.8
0.99650878761895 0.392859018368123 "experimento_8" 8 1000 1000 0.95 0.5 0.4 1 0.8
0.999817260773852 0.499614041271785 "experimento_8" 8 1000 1000 0.95 0.5 0.4 1 0.8
1.0235409103334 0.578155699558002 "experimento_8" 8 1000 1000 0.95 0.5 0.4 1 0.8
0.991287431214005 0.657028571604315 "experimento_8" 8 1000 1000 0.95 0.5 0.4 1 0.8
0.999639112967998 0.38834407882094 "experimento_8" 8 1000 1000 0.95 0.5 0.4 1 0.8
0.998795772902668 0.46612747279961 "experimento_8" 8 1000 1000 0.95 0.5 0.4 1 0.8
0.998744143405929 0.552102851433501 "experimento_8" 8 1000 1000 0.95 0.5 0.4 1 0.8
0.997544809011742 0.519203314616263 "experimento_8" 8 1000 1000 0.95 0.5 0.4 1 0.8
0.999576337169856 0.430949603451951 "experimento_8" 8 1000 1000 0.95 0.5 0.4 1 0.8
0.999511384638026 0.554590906110169 "experimento_8" 8 1000 1000 0.95 0.5 0.4 1 0.8
0.999580467119813 0.508335829328776 "experimento_8" 8 1000 1000 0.95 0.5 0.4 1 0.8
0.998498776461929 0.523440246470203 "experimento_8" 8 1000 1000 0.95 0.5 0.4 1 0.8
0.992046653293073 0.466783694754316 "experimento_8" 8 1000 1000 0.95 0.5 0.4 1 0.8
1.04602423589677 0.441644667930649 "experimento_8" 8 1000 1000 0.95 0.5 0.4 1 0.8
1.2587464004755 0.426124509723281 "experimento_8" 8 1000 1000 0.95 0.5 0.4 1 0.8
1.03094100672752 0.541989102040723 "experimento_8" 8 1000 1000 0.95 0.5 0.4 1 0.8
1.05962750315666 0.402660669457861 "experimento_8" 8 1000 1000 0.95 0.5 0.4 1 0.8
0.998783231480047 0.50586747609249 "experimento_8" 8 1000 1000 0.95 0.5 0.4 1 0.8
0.994498870335519 0.588023459655208 "experimento_8" 8 1000 1000 0.95 0.5 0.4 1 0.8
0.998616339173168 0.461391965427869 "experimento_8" 8 1000 1000 0.95 0.5 0.4 1 0.8
0.999445061897859 0.504814474591449 "experimento_8" 8 1000 1000 0.95 0.5 0.4 1 0.8
1.03419012701716 0.399984033725799 "experimento_8" 8 1000 1000 0.95 0.5 0.4 1 0.8
0.999762229155749 0.448644357946163 "experimento_8" 8 1000 1000 0.95 0.5 0.4 1 0.8
0.995429737027735 0.439460688877471 "experimento_8" 8 1000 1000 0.95 0.5 0.4 1 0.8
0.999298235168681 0.517502843804301 "experimento_8" 8 1000 1000 0.95 0.5 0.4 1 0.8
0.993187142070383 0.653819885634314 "experimento_8" 8 1000 1000 0.95 0.5 0.4 1 0.8
0.998502827016637 0.457460330673368 "experimento_8" 8 1000 1000 0.95 0.5 0.4 1 0.8
1.08703687996677 0.4993215793061 "experimento_8" 8 1000 1000 0.95 0.5 0.4 1 0.8
0.998440636321902 0.461846040135589 "experimento_8" 8 1000 1000 0.95 0.5 0.4 1 0.8
0.992769496981055 0.633532180782079 "experimento_8" 8 1000 1000 0.95 0.5 0.4 1 0.8
1.38185354952996 0.521969336663173 "experimento_8" 8 1000 1000 0.95 0.5 0.4 1 0.8
1.00336400589785 0.4376075688929 "experimento_8" 8 1000 1000 0.95 0.5 0.4 1 0.8
0.99962757807225 0.501718862975006 "experimento_8" 8 1000 1000 0.95 0.5 0.4 1 0.8
0.9973600062076 0.539313933119373 "experimento_8" 8 1000 1000 0.95 0.5 0.4 1 0.8
0.996472019236535 0.630107777830873 "experimento_8" 8 1000 1000 0.95 0.5 0.4 1 0.8
1.17666131909937 0.501054688528293 "experimento_8" 8 1000 1000 0.95 0.5 0.4 1 0.8
0.996043994789943 0.41768845762536 "experimento_8" 8 1000 1000 0.95 0.5 0.4 1 0.8
0.999940485693514 0.515071374140929 "experimento_8" 8 1000 1000 0.95 0.5 0.4 1 0.8
0.998173952335492 0.410356814771232 "experimento_8" 8 1000 1000 0.95 0.5 0.4 1 0.8
0.999267606763169 0.561208828566517 "experimento_8" 8 1000 1000 0.95 0.5 0.4 1 0.8
0.997391192940995 0.623146244178242 "experimento_8" 8 1000 1000 0.95 0.5 0.4 1 0.8
0.99867140268907 0.511017244174568 "experimento_8" 8 1000 1000 0.95 0.5 0.4 1 0.8
0.999989342177287 0.475837950185982 "experimento_8" 8 1000 1000 0.95 0.5 0.4 1 0.8
0.99913751357235 0.443246593820798 "experimento_8" 8 1000 1000 0.95 0.5 0.4 1 0.8
1.4916531983763 0.440255331509031 "experimento_8" 8 1000 1000 0.95 0.5 0.4 1 0.8
0.997091484023258 0.573803494526425 "experimento_8" 8 1000 1000 0.95 0.5 0.4 1 0.8
0.989215773995966 0.635529397693277 "experimento_8" 8 1000 1000 0.95 0.5 0.4 1 0.8
1.01327401579637 0.395587524805374 "experimento_8" 8 1000 1000 0.95 0.5 0.4 1 0.8
0.999060894362628 0.648894689778893 "experimento_8" 8 1000 1000 0.95 0.5 0.4 1 0.8
0.999801918165758 0.559721640212465 "experimento_8" 8 1000 1000 0.95 0.5 0.4 1 0.8
1.10921160241285 0.497122191138158 "experimento_8" 8 1000 1000 0.95 0.5 0.4 1 0.8
0.99940845835954 0.482778733952783 "experimento_8" 8 1000 1000 0.95 0.5 0.4 1 0.8
1.03066762918714 0.499603414687884 "experimento_8" 8 1000 1000 0.95 0.5 0.4 1 0.8
1.1901601459831 0.512118982104879 "experimento_8" 8 1000 1000 0.95 0.5 0.4 1 0.8
0.99132222821936 0.525965468466468 "experimento_8" 8 1000 1000 0.95 0.5 0.4 1 0.8
0.999973464524373 0.474789355086232 "experimento_8" 8 1000 1000 0.95 0.5 0.4 1 0.8
0.999866150552407 0.541370062104915 "experimento_8" 8 1000 1000 0.95 0.5 0.4 1 0.8
1.03090982779178 0.431835143315107 "experimento_8" 8 1000 1000 0.95 0.5 0.4 1 0.8
1.39833260606974 0.55270666462916 "experimento_8" 8 1000 1000 0.95 0.5 0.4 1 0.8
0.99928643531166 0.476398789202665 "experimento_8" 8 1000 1000 0.95 0.5 0.4 1 0.8
0.99585324828513 0.507764094851082 "experimento_8" 8 1000 1000 0.95 0.5 0.4 1 0.8
0.999842734541744 0.433965377081692 "experimento_8" 8 1000 1000 0.95 0.5 0.4 1 0.8
0.996889098314568 0.530099373946442 "experimento_8" 8 1000 1000 0.95 0.5 0.4 1 0.8
0.995499817887321 0.496855846473145 "experimento_8" 8 1000 1000 0.95 0.5 0.4 1 0.8
1.03713237829 0.577749425020698 "experimento_8" 8 1000 1000 0.95 0.5 0.4 1 0.8
0.989656397607177 0.459849512509366 "experimento_8" 8 1000 1000 0.95 0.5 0.4 1 0.8
0.991996517172083 0.602092489357535 "experimento_8" 8 1000 1000 0.95 0.5 0.4 1 0.8
1.13006748473696 0.633432977969928 "experimento_8" 8 1000 1000 0.95 0.5 0.4 1 0.8
0.999079539673403 0.859567622190149 "experimento_8" 8 1000 1000 0.95 0.5 0.4 1 0.8
0.999829392880201 0.449744044992821 "experimento_8" 8 1000 1000 0.95 0.5 0.4 1 0.8
0.996303886873648 0.515519889489686 "experimento_8" 8 1000 1000 0.95 0.5 0.4 1 0.8
0.999789563240483 0.529846469466424 "experimento_8" 8 1000 1000 0.95 0.5 0.4 1 0.8
0.998537345323712 0.685799896024083 "experimento_8" 8 1000 1000 0.95 0.5 0.4 1 0.8
1.00343011924737 0.533340366025541 "experimento_8" 8 1000 1000 0.95 0.5 0.4 1 0.8
0.998298071790487 0.357067921024335 "experimento_8" 8 1000 1000 0.95 0.5 0.4 1 0.8
0.994173909304664 0.511951402841115 "experimento_8" 8 1000 1000 0.95 0.5 0.4 1 0.8
1.14569620253683 0.504471285680457 "experimento_8" 8 1000 1000 0.95 0.5 0.4 1 0.8
0.997884810203686 0.617577856654862 "experimento_8" 8 1000 1000 0.95 0.5 0.4 1 0.8
0.997810779605061 0.624087250560125 "experimento_8" 8 1000 1000 0.95 0.5 0.4 1 0.8
0.996655816910788 0.504243104032801 "experimento_8" 8 1000 1000 0.95 0.5 0.4 1 0.8
0.999084605136886 0.582585159300796 "experimento_8" 8 1000 1000 0.95 0.5 0.4 1 0.8
0.99135321425274 0.527805136134304 "experimento_8" 8 1000 1000 0.95 0.5 0.4 1 0.8
0.99784902180545 0.576729532846233 "experimento_8" 8 1000 1000 0.95 0.5 0.4 1 0.8
0.993871863931417 0.520886808204976 "experimento_8" 8 1000 1000 0.95 0.5 0.4 1 0.8
1.73057666061641 0.47683093600535 "experimento_8" 8 1000 1000 0.95 0.5 0.4 1 0.8
0.999941102461889 0.561142341788639 "experimento_8" 8 1000 1000 0.95 0.5 0.4 1 0.8
1.01941280765586 0.578274340754538 "experimento_8" 8 1000 1000 0.95 0.5 0.4 1 0.8
1.44148713536561 0.403089199761421 "experimento_8" 8 1000 1000 0.95 0.5 0.4 1 0.8
0.994838468031958 0.456357597438361 "experimento_8" 8 1000 1000 0.95 0.5 0.4 1 0.8
0.99195032287389 0.510104352670278 "experimento_8" 8 1000 1000 0.95 0.5 0.4 1 0.8
0.997991299955174 0.582638656349066 "experimento_8" 8 1000 1000 0.95 0.5 0.4 1 0.8
0.998168209567666 0.589771100099245 "experimento_8" 8 1000 1000 0.95 0.5 0.4 1 0.8
0.989636338781565 0.494918890370304 "experimento_8" 8 1000 1000 0.95 0.5 0.4 1 0.8
0.998506377451122 0.509570642332363 "experimento_8" 8 1000 1000 0.95 0.5 0.4 1 0.8
1.004419230856 0.458303042086799 "experimento_8" 8 1000 1000 0.95 0.5 0.4 1 0.8
0.997283024247736 0.674067196932359 "experimento_8" 8 1000 1000 0.95 0.5 0.4 1 0.8
0.999765071552247 0.575955691100823 "experimento_8" 8 1000 1000 0.95 0.5 0.4 1 0.8
0.999610396334901 0.561725576651213 "experimento_8" 8 1000 1000 0.95 0.5 0.4 1 0.8
1.01297262962908 0.678648121365442 "experimento_8" 8 1000 1000 0.95 0.5 0.4 1 0.8
1.07428208366036 0.581367958403067 "experimento_8" 8 1000 1000 0.95 0.5 0.4 1 0.8
0.997674237703905 0.528733938867047 "experimento_8" 8 1000 1000 0.95 0.5 0.4 1 0.8
0.998956667492166 0.485030659380156 "experimento_8" 8 1000 1000 0.95 0.5 0.4 1 0.8
0.99902562960051 0.60149394455852 "experimento_8" 8 1000 1000 0.95 0.5 0.4 1 0.8
0.998329072026536 0.504778738741912 "experimento_8" 8 1000 1000 0.95 0.5 0.4 1 0.8
0.99369229725562 0.43340956651507 "experimento_8" 8 1000 1000 0.95 0.5 0.4 1 0.8
0.997914007864892 0.551477344467531 "experimento_8" 8 1000 1000 0.95 0.5 0.4 1 0.8
0.999853127170354 0.533224883365844 "experimento_8" 8 1000 1000 0.95 0.5 0.4 1 0.8
1.00906217776566 0.451327024955175 "experimento_8" 8 1000 1000 0.95 0.5 0.4 1 0.8
0.996035811025649 0.519575942786314 "experimento_8" 8 1000 1000 0.95 0.5 0.4 1 0.8
1.37314744619957 0.427634292571916 "experimento_8" 8 1000 1000 0.95 0.5 0.4 1 0.8
0.999829574255273 0.506843397977596 "experimento_8" 8 1000 1000 0.95 0.5 0.4 1 0.8
0.998567478032783 0.512567859975103 "experimento_8" 8 1000 1000 0.95 0.5 0.4 1 0.8
1.00784520216702 0.519001498983688 "experimento_8" 8 1000 1000 0.95 0.5 0.4 1 0.8
0.996583986794576 0.542955183888496 "experimento_8" 8 1000 1000 0.95 0.5 0.4 1 0.8
0.997922662645578 0.558518681832824 "experimento_8" 8 1000 1000 0.95 0.5 0.4 1 0.8
0.997461465420201 0.570922619706394 "experimento_8" 8 1000 1000 0.95 0.5 0.4 1 0.8
1.46977536939085 0.580133927260184 "experimento_8" 8 1000 1000 0.95 0.5 0.4 1 0.8
0.999141531530768 0.479213128320913 "experimento_8" 8 1000 1000 0.95 0.5 0.4 1 0.8
0.998475859640166 0.455140792004289 "experimento_8" 8 1000 1000 0.95 0.5 0.4 1 0.8
0.994900005636737 0.569950976211772 "experimento_8" 8 1000 1000 0.95 0.5 0.4 1 0.8
0.993234934983775 0.463865621920932 "experimento_8" 8 1000 1000 0.95 0.5 0.4 1 0.8
0.997522277757525 0.662635810573528 "experimento_8" 8 1000 1000 0.95 0.5 0.4 1 0.8
0.998638086253777 0.434495169993428 "experimento_8" 8 1000 1000 0.95 0.5 0.4 1 0.8
0.998545256676152 0.587547635834698 "experimento_8" 8 1000 1000 0.95 0.5 0.4 1 0.8
1.00148990692102 0.699267577680155 "experimento_8" 8 1000 1000 0.95 0.5 0.4 1 0.8
1.00273736121599 0.486048163383939 "experimento_8" 8 1000 1000 0.95 0.5 0.4 1 0.8
0.999404054367915 0.486131832478347 "experimento_8" 8 1000 1000 0.95 0.5 0.4 1 0.8
0.994470531819388 0.447794529682554 "experimento_8" 8 1000 1000 0.95 0.5 0.4 1 0.8
0.997846513288096 0.549325651857097 "experimento_8" 8 1000 1000 0.95 0.5 0.4 1 0.8
0.997750027338043 0.502460346469674 "experimento_8" 8 1000 1000 0.95 0.5 0.4 1 0.8
1.20124175354062 0.426626047483269 "experimento_8" 8 1000 1000 0.95 0.5 0.4 1 0.8
0.993932839017361 0.482743068289079 "experimento_8" 8 1000 1000 0.95 0.5 0.4 1 0.8
0.997579647693783 0.421479480314857 "experimento_8" 8 1000 1000 0.95 0.5 0.4 1 0.8
0.99709093850106 0.635600977091632 "experimento_8" 8 1000 1000 0.95 0.5 0.4 1 0.8
1.34121032321283 0.474932420743268 "experimento_8" 8 1000 1000 0.95 0.5 0.4 1 0.8
0.999859033618122 0.582108465090282 "experimento_8" 8 1000 1000 0.95 0.5 0.4 1 0.8
0.999089484335855 0.511398652935573 "experimento_8" 8 1000 1000 0.95 0.5 0.4 1 0.8
1.73346659168601 0.387550127416032 "experimento_8" 8 1000 1000 0.95 0.5 0.4 1 0.8
0.994924359722063 0.680340597169742 "experimento_8" 8 1000 1000 0.95 0.5 0.4 1 0.8
0.991850279271603 0.394739716324568 "experimento_8" 8 1000 1000 0.95 0.5 0.4 1 0.8
0.999746166635305 0.4984891999435 "experimento_8" 8 1000 1000 0.95 0.5 0.4 1 0.8
1.01325213629752 0.472796322622285 "experimento_8" 8 1000 1000 0.95 0.5 0.4 1 0.8
1.42245517671108 0.462851941037908 "experimento_8" 8 1000 1000 0.95 0.5 0.4 1 0.8
0.999586661346257 0.558246270085024 "experimento_8" 8 1000 1000 0.95 0.5 0.4 1 0.8
0.997416154481471 0.577841787701264 "experimento_8" 8 1000 1000 0.95 0.5 0.4 1 0.8
0.997277688235044 0.499021881678726 "experimento_8" 8 1000 1000 0.95 0.5 0.4 1 0.8
0.994816799415275 0.568514763203405 "experimento_8" 8 1000 1000 0.95 0.5 0.4 1 0.8
1.10746782831848 0.627849405622349 "experimento_8" 8 1000 1000 0.95 0.5 0.4 1 0.8
0.998557923361659 0.534970380158773 "experimento_8" 8 1000 1000 0.95 0.5 0.4 1 0.8
0.99885613983497 0.405523775454295 "experimento_8" 8 1000 1000 0.95 0.5 0.4 1 0.8
1.00715072828071 0.359638468571592 "experimento_8" 8 1000 1000 0.95 0.5 0.4 1 0.8
0.993015458807349 0.587011453157584 "experimento_8" 8 1000 1000 0.95 0.5 0.4 1 0.8
1.02675147540867 0.390211629282557 "experimento_8" 8 1000 1000 0.95 0.5 0.4 1 0.8
0.998688464285806 0.520895426439508 "experimento_8" 8 1000 1000 0.95 0.5 0.4 1 0.8
0.991094056749716 0.605203982896335 "experimento_8" 8 1000 1000 0.95 0.5 0.4 1 0.8
1.08663420018731 0.522873570011325 "experimento_8" 8 1000 1000 0.95 0.5 0.4 1 0.8
0.999524265294895 0.564782416660079 "experimento_8" 8 1000 1000 0.95 0.5 0.4 1 0.8
1.47581005468965 0.330566098434477 "experimento_8" 8 1000 1000 0.95 0.5 0.4 1 0.8
1.03331395067795 0.426225619752289 "experimento_8" 8 1000 1000 0.95 0.5 0.4 1 0.8
0.998868020251393 0.455665260054754 "experimento_8" 8 1000 1000 0.95 0.5 0.4 1 0.8
1.60365835712697 0.318459232595758 "experimento_8" 8 1000 1000 0.95 0.5 0.4 1 0.8
1.04884876124788 0.507395915468781 "experimento_8" 8 1000 1000 0.95 0.5 0.4 1 0.8
0.997491789283231 0.572435893726087 "experimento_8" 8 1000 1000 0.95 0.5 0.4 1 0.8
0.993788370862603 0.553542793366905 "experimento_8" 8 1000 1000 0.95 0.5 0.4 1 0.8
1.20919496752322 0.450987723926396 "experimento_8" 8 1000 1000 0.95 0.5 0.4 1 0.8
0.99518571421504 0.553513774592388 "experimento_8" 8 1000 1000 0.95 0.5 0.4 1 0.8
1.00162925751663 0.495174407845594 "experimento_8" 8 1000 1000 0.95 0.5 0.4 1 0.8
1.50717619959852 0.529584425407177 "experimento_8" 8 1000 1000 0.95 0.5 0.4 1 0.8
0.999954268801957 0.657980178412519 "experimento_8" 8 1000 1000 0.95 0.5 0.4 1 0.8
1.02349479684745 0.506555597187612 "experimento_8" 8 1000 1000 0.95 0.5 0.4 1 0.8
0.997428779955953 0.426120006138634 "experimento_8" 8 1000 1000 0.95 0.5 0.4 1 0.8
1.23178436886519 0.536103023590166 "experimento_8" 8 1000 1000 0.95 0.5 0.4 1 0.8
0.9985194678884 0.414805882755255 "experimento_8" 8 1000 1000 0.95 0.5 0.4 1 0.8
0.998467127326876 0.481697694533911 "experimento_8" 8 1000 1000 0.95 0.5 0.4 1 0.8
1.04084592312574 0.515068843675633 "experimento_8" 8 1000 1000 0.95 0.5 0.4 1 0.8
0.996170543134212 0.504409801268267 "experimento_8" 8 1000 1000 0.95 0.5 0.4 1 0.8
0.998865864472464 0.611746725756298 "experimento_8" 8 1000 1000 0.95 0.5 0.4 1 0.8
0.994944968726486 0.505470134950033 "experimento_8" 8 1000 1000 0.95 0.5 0.4 1 0.8
0.999363548122346 0.504814258065554 "experimento_8" 8 1000 1000 0.95 0.5 0.4 1 0.8
0.999265073798597 0.485313966992503 "experimento_8" 8 1000 1000 0.95 0.5 0.4 1 0.8
0.990845566382632 0.502139422934107 "experimento_8" 8 1000 1000 0.95 0.5 0.4 1 0.8
0.996495820349082 0.600732356308731 "experimento_8" 8 1000 1000 0.95 0.5 0.4 1 0.8
0.998980938689783 0.698557792199272 "experimento_8" 8 1000 1000 0.95 0.5 0.4 1 0.8
0.9980249106884 0.566015469631535 "experimento_8" 8 1000 1000 0.95 0.5 0.4 1 0.8
1.0087442593649 0.509188552356622 "experimento_8" 8 1000 1000 0.95 0.5 0.4 1 0.8
1.02674019522965 0.406087173056181 "experimento_8" 8 1000 1000 0.95 0.5 0.4 1 0.8
0.997406700858846 0.563588870019566 "experimento_8" 8 1000 1000 0.95 0.5 0.4 1 0.8
1.28241005726159 0.463041702420536 "experimento_8" 8 1000 1000 0.95 0.5 0.4 1 0.8
1.08178757200538 0.472420497904445 "experimento_8" 8 1000 1000 0.95 0.5 0.4 1 0.8
0.997259574010968 0.598343236322496 "experimento_8" 8 1000 1000 0.95 0.5 0.4 1 0.8
1.09396934881806 0.493602512431939 "experimento_8" 8 1000 1000 0.95 0.5 0.4 1 0.8
1.65213221278674 0.483588410564802 "experimento_8" 8 1000 1000 0.95 0.5 0.4 1 0.8
0.997404322959483 0.562550960143698 "experimento_8" 8 1000 1000 0.95 0.5 0.4 1 0.8
1.04576660292084 0.482795592323659 "experimento_8" 8 1000 1000 0.95 0.5 0.4 1 0.8
0.997692518634722 0.582975173073653 "experimento_8" 8 1000 1000 0.95 0.5 0.4 1 0.8
1.01907056851138 0.577599965908859 "experimento_8" 8 1000 1000 0.95 0.5 0.4 1 0.8
0.997937530046329 0.521040555617364 "experimento_8" 8 1000 1000 0.95 0.5 0.4 1 0.8
0.995782033307478 0.68236354770387 "experimento_8" 8 1000 1000 0.95 0.5 0.4 1 0.8
0.999979976331815 0.429255017027569 "experimento_8" 8 1000 1000 0.95 0.5 0.4 1 0.8
1.18175982031971 0.465228190598684 "experimento_8" 8 1000 1000 0.95 0.5 0.4 1 0.8
0.99977540364489 0.530921687014747 "experimento_8" 8 1000 1000 0.95 0.5 0.4 1 0.8
0.999360369285569 0.636210092888652 "experimento_8" 8 1000 1000 0.95 0.5 0.4 1 0.8
0.991496393689886 0.772164755763125 "experimento_8" 8 1000 1000 0.95 0.5 0.4 1 0.8
0.996443604351953 0.464334990314371 "experimento_8" 8 1000 1000 0.95 0.5 0.4 1 0.8
0.996464757015929 0.538723342356631 "experimento_8" 8 1000 1000 0.95 0.5 0.4 1 0.8
1.01137770721418 0.455744480845701 "experimento_8" 8 1000 1000 0.95 0.5 0.4 1 0.8
0.998148523736745 0.590635729115649 "experimento_8" 8 1000 1000 0.95 0.5 0.4 1 0.8
0.999723994638771 0.495929595505912 "experimento_8" 8 1000 1000 0.95 0.5 0.4 1 0.8
0.995676246238872 0.575386882922466 "experimento_8" 8 1000 1000 0.95 0.5 0.4 1 0.8
0.999634368577972 0.510175492112571 "experimento_8" 8 1000 1000 0.95 0.5 0.4 1 0.8
1.00699979159981 0.436795445725018 "experimento_8" 8 1000 1000 0.95 0.5 0.4 1 0.8
0.99799366411753 0.659404850694185 "experimento_8" 8 1000 1000 0.95 0.5 0.4 1 0.8
0.999489473411813 0.652482114212743 "experimento_8" 8 1000 1000 0.95 0.5 0.4 1 0.8
0.998402857454494 0.610747160892657 "experimento_8" 8 1000 1000 0.95 0.5 0.4 1 0.8
0.996688761515543 0.456498636003584 "experimento_8" 8 1000 1000 0.95 0.5 0.4 1 0.8
0.994505987968296 0.609209813485043 "experimento_8" 8 1000 1000 0.95 0.5 0.4 1 0.8
0.998271321412176 0.563552920886127 "experimento_8" 8 1000 1000 0.95 0.5 0.4 1 0.8
1.00156405180144 0.545745486797811 "experimento_8" 8 1000 1000 0.95 0.5 0.4 1 0.8
1.03566952235997 0.401012294763829 "experimento_8" 8 1000 1000 0.95 0.5 0.4 1 0.8
1.03125077617179 0.37312507230829 "experimento_8" 8 1000 1000 0.95 0.5 0.4 1 0.8
1.36077429354191 0.508442968666971 "experimento_8" 8 1000 1000 0.95 0.5 0.4 1 0.8
0.998432876542211 0.523631510225733 "experimento_8" 8 1000 1000 0.95 0.5 0.4 1 0.8
0.994295789627358 0.569177497686927 "experimento_8" 8 1000 1000 0.95 0.5 0.4 1 0.8
0.995448403060436 0.514925411877522 "experimento_8" 8 1000 1000 0.95 0.5 0.4 1 0.8
0.997418991988525 0.495525883515855 "experimento_8" 8 1000 1000 0.95 0.5 0.4 1 0.8
0.997646417934448 0.406689797817946 "experimento_8" 8 1000 1000 0.95 0.5 0.4 1 0.8
0.996553017292172 0.511635773124475 "experimento_8" 8 1000 1000 0.95 0.5 0.4 1 0.8
0.998084383783862 0.572975724685217 "experimento_8" 8 1000 1000 0.95 0.5 0.4 1 0.8
0.99679417302832 0.544619247838986 "experimento_8" 8 1000 1000 0.95 0.5 0.4 1 0.8
0.999254895141348 0.484293180261212 "experimento_8" 8 1000 1000 0.95 0.5 0.4 1 0.8
0.998598335776478 0.499442273108714 "experimento_8" 8 1000 1000 0.95 0.5 0.4 1 0.8
0.996245133690536 0.52728227794856 "experimento_8" 8 1000 1000 0.95 0.5 0.4 1 0.8
0.996899263234809 0.420037016400008 "experimento_8" 8 1000 1000 0.95 0.5 0.4 1 0.8
0.999751802533865 0.499720601496712 "experimento_8" 8 1000 1000 0.95 0.5 0.4 1 0.8
0.999106009257957 0.509729142090923 "experimento_8" 8 1000 1000 0.95 0.5 0.4 1 0.8
0.999276030110195 0.567611972997387 "experimento_8" 8 1000 1000 0.95 0.5 0.4 1 0.8
0.993851037463173 0.553522394571017 "experimento_8" 8 1000 1000 0.95 0.5 0.4 1 0.8
0.994563170708716 0.662510810860551 "experimento_8" 8 1000 1000 0.95 0.5 0.4 1 0.8
0.995166609296575 0.532518154890482 "experimento_8" 8 1000 1000 0.95 0.5 0.4 1 0.8
0.995785549283028 0.454156800015488 "experimento_8" 8 1000 1000 0.95 0.5 0.4 1 0.8
0.99756935518235 0.648173168750384 "experimento_8" 8 1000 1000 0.95 0.5 0.4 1 0.8
0.99366164766252 0.486806816967085 "experimento_8" 8 1000 1000 0.95 0.5 0.4 1 0.8
0.992990600178018 0.604622396645827 "experimento_8" 8 1000 1000 0.95 0.5 0.4 1 0.8
0.998543309280649 0.614612928699465 "experimento_8" 8 1000 1000 0.95 0.5 0.4 1 0.8
0.999606485012919 0.486941840943875 "experimento_8" 8 1000 1000 0.95 0.5 0.4 1 0.8
0.997319357004017 0.496588495685514 "experimento_8" 8 1000 1000 0.95 0.5 0.4 1 0.8
1.11729939095676 0.529358479110758 "experimento_8" 8 1000 1000 0.95 0.5 0.4 1 0.8
0.994859507540241 0.549931825372656 "experimento_8" 8 1000 1000 0.95 0.5 0.4 1 0.8
0.996282500447705 0.615006168124531 "experimento_8" 8 1000 1000 0.95 0.5 0.4 1 0.8
0.997121463064104 0.776029592992203 "experimento_8" 8 1000 1000 0.95 0.5 0.4 1 0.8
1.10697754099965 0.479791555700841 "experimento_8" 8 1000 1000 0.95 0.5 0.4 1 0.8
0.995893288403749 0.488720122230165 "experimento_8" 8 1000 1000 0.95 0.5 0.4 1 0.8
0.995313725899905 0.446215722449169 "experimento_8" 8 1000 1000 0.95 0.5 0.4 1 0.8
0.999558716081083 0.48399760743156 "experimento_8" 8 1000 1000 0.95 0.5 0.4 1 0.8
0.996840166160837 0.530903870801916 "experimento_8" 8 1000 1000 0.95 0.5 0.4 1 0.8
1.36269552857927 0.346627308218602 "experimento_8" 8 1000 1000 0.95 0.5 0.4 1 0.8
0.99527036678046 0.477615066157304 "experimento_8" 8 1000 1000 0.95 0.5 0.4 1 0.8
1.31458567721256 0.463527280561156 "experimento_8" 8 1000 1000 0.95 0.5 0.4 1 0.8
0.999691361794248 0.47567842628314 "experimento_8" 8 1000 1000 0.95 0.5 0.4 1 0.8
1.27188091477897 0.437129429933552 "experimento_8" 8 1000 1000 0.95 0.5 0.4 1 0.8
1.00586377478568 0.588847156876963 "experimento_8" 8 1000 1000 0.95 0.5 0.4 1 0.8
1.27495221048594 0.431009013914542 "experimento_8" 8 1000 1000 0.95 0.5 0.4 1 0.8
0.999926620861515 0.432626448866634 "experimento_8" 8 1000 1000 0.95 0.5 0.4 1 0.8
1.01427162082654 0.522367826126267 "experimento_8" 8 1000 1000 0.95 0.5 0.4 1 0.8
0.994577876292169 0.519187994995398 "experimento_8" 8 1000 1000 0.95 0.5 0.4 1 0.8
1.23006991669536 0.413067003839555 "experimento_8" 8 1000 1000 0.95 0.5 0.4 1 0.8
1.03313009404599 0.403663030383412 "experimento_8" 8 1000 1000 0.95 0.5 0.4 1 0.8
0.991151040652767 0.486112304380762 "experimento_8" 8 1000 1000 0.95 0.5 0.4 1 0.8
0.99975848919712 0.585273023857095 "experimento_8" 8 1000 1000 0.95 0.5 0.4 1 0.8
1.04615732884637 0.302475096713358 "experimento_8" 8 1000 1000 0.95 0.5 0.4 1 0.8
0.995290762512013 0.511057240192125 "experimento_8" 8 1000 1000 0.95 0.5 0.4 1 0.8
1.10063209728669 0.496684594924134 "experimento_8" 8 1000 1000 0.95 0.5 0.4 1 0.8
0.998353119939566 0.489258402234207 "experimento_8" 8 1000 1000 0.95 0.5 0.4 1 0.8
1.01016133092344 0.442699958558318 "experimento_8" 8 1000 1000 0.95 0.5 0.4 1 0.8
0.996632805094123 0.644233508494026 "experimento_8" 8 1000 1000 0.95 0.5 0.4 1 0.8
1.43308878038079 0.391154763605586 "experimento_8" 8 1000 1000 0.95 0.5 0.4 1 0.8
1.73752663657069 0.374593469207677 "experimento_8" 8 1000 1000 0.95 0.5 0.4 1 0.8
0.996591272298247 0.383514585726105 "experimento_8" 8 1000 1000 0.95 0.5 0.4 1 0.8
0.999280299991369 0.57350455231057 "experimento_8" 8 1000 1000 0.95 0.5 0.4 1 0.8
1.00069304239334 0.647661028646444 "experimento_8" 8 1000 1000 0.95 0.5 0.4 1 0.8
0.995508970227093 0.640731012423998 "experimento_8" 8 1000 1000 0.95 0.5 0.4 1 0.8
1.01603236794472 0.52192645121693 "experimento_8" 8 1000 1000 0.95 0.5 0.4 1 0.8
0.99891514913179 0.480159471727875 "experimento_8" 8 1000 1000 0.95 0.5 0.4 1 0.8
1.1060391170904 0.42461129078091 "experimento_8" 8 1000 1000 0.95 0.5 0.4 1 0.8
0.999242900172248 0.489499285001229 "experimento_8" 8 1000 1000 0.95 0.5 0.4 1 0.8
0.999183953274041 0.557932770845006 "experimento_8" 8 1000 1000 0.95 0.5 0.4 1 0.8
0.999167780624703 0.438300386857165 "experimento_8" 8 1000 1000 0.95 0.5 0.4 1 0.8
0.997030981816351 0.592779885273856 "experimento_8" 8 1000 1000 0.95 0.5 0.4 1 0.8
0.997496755793691 0.679928027925334 "experimento_8" 8 1000 1000 0.95 0.5 0.4 1 0.8
0.996305637294427 0.394325396825348 "experimento_8" 8 1000 1000 0.95 0.5 0.4 1 0.8
0.996526699047536 0.553396740399336 "experimento_8" 8 1000 1000 0.95 0.5 0.4 1 0.8
0.999342661118135 0.490546659336179 "experimento_8" 8 1000 1000 0.95 0.5 0.4 1 0.8
1.17959394305944 0.424446845120148 "experimento_8" 8 1000 1000 0.95 0.5 0.4 1 0.8
0.999748599948362 0.558314709333022 "experimento_8" 8 1000 1000 0.95 0.5 0.4 1 0.8
1.45902244746685 0.527937504603561 "experimento_8" 8 1000 1000 0.95 0.5 0.4 1 0.8
1.04029901511967 0.51858333565265 "experimento_8" 8 1000 1000 0.95 0.5 0.4 1 0.8
0.992675002198666 0.466387807889716 "experimento_8" 8 1000 1000 0.95 0.5 0.4 1 0.8
0.996133382664993 0.61473312236426 "experimento_8" 8 1000 1000 0.95 0.5 0.4 1 0.8
0.997976182494313 0.550932099103357 "experimento_8" 8 1000 1000 0.95 0.5 0.4 1 0.8
0.999017528491095 0.465151781514201 "experimento_8" 8 1000 1000 0.95 0.5 0.4 1 0.8
0.991773918969557 0.596514755690682 "experimento_8" 8 1000 1000 0.95 0.5 0.4 1 0.8
0.998318359721452 0.60161970843464 "experimento_8" 8 1000 1000 0.95 0.5 0.4 1 0.8
0.996758778113872 0.523296242608433 "experimento_8" 8 1000 1000 0.95 0.5 0.4 1 0.8
0.998432929627597 0.527179254967614 "experimento_8" 8 1000 1000 0.95 0.5 0.4 1 0.8
0.991357110673562 0.480358860608979 "experimento_8" 8 1000 1000 0.95 0.5 0.4 1 0.8
0.999133298872039 0.527518673627185 "experimento_8" 8 1000 1000 0.95 0.5 0.4 1 0.8
1.02188716456294 0.558231092658713 "experimento_8" 8 1000 1000 0.95 0.5 0.4 1 0.8
0.989820729242638 0.651931572210922 "experimento_8" 8 1000 1000 0.95 0.5 0.4 1 0.8
1.15059117031587 0.425760130922811 "experimento_8" 8 1000 1000 0.95 0.5 0.4 1 0.8
0.996196338441223 0.847516364504523 "experimento_8" 8 1000 1000 0.95 0.5 0.4 1 0.8
0.994420257862657 0.507033989167603 "experimento_8" 8 1000 1000 0.95 0.5 0.4 1 0.8
0.994938698597252 0.483919692520815 "experimento_8" 8 1000 1000 0.95 0.5 0.4 1 0.8
0.999993071658537 0.435112422723304 "experimento_8" 8 1000 1000 0.95 0.5 0.4 1 0.8
0.99905236903578 0.454440007119663 "experimento_8" 8 1000 1000 0.95 0.5 0.4 1 0.8
0.994854859774932 0.648870240119305 "experimento_8" 8 1000 1000 0.95 0.5 0.4 1 0.8
1.06500609405339 0.326296577907006 "experimento_8" 8 1000 1000 0.95 0.5 0.4 1 0.8
2.09394624177366 0.349949810373178 "experimento_8" 8 1000 1000 0.95 0.5 0.4 1 0.8
0.999282681848854 0.469531809158798 "experimento_8" 8 1000 1000 0.95 0.5 0.4 1 0.8
0.999971343204379 0.499773558709254 "experimento_8" 8 1000 1000 0.95 0.5 0.4 1 0.8
0.992492868099362 0.539830002326368 "experimento_8" 8 1000 1000 0.95 0.5 0.4 1 0.8
0.989887445932254 0.551528880480462 "experimento_8" 8 1000 1000 0.95 0.5 0.4 1 0.8
1.00327819765813 0.555626406852153 "experimento_8" 8 1000 1000 0.95 0.5 0.4 1 0.8
0.999459832441062 0.503042831186169 "experimento_8" 8 1000 1000 0.95 0.5 0.4 1 0.8
0.99596961773932 0.498381906332254 "experimento_8" 8 1000 1000 0.95 0.5 0.4 1 0.8
0.989603952271864 0.476308460839605 "experimento_8" 8 1000 1000 0.95 0.5 0.4 1 0.8
0.996791290352121 0.441896749438805 "experimento_8" 8 1000 1000 0.95 0.5 0.4 1 0.8
0.998053415911272 0.570654882577883 "experimento_8" 8 1000 1000 0.95 0.5 0.4 1 0.8
0.996939328499138 0.641238058161278 "experimento_8" 8 1000 1000 0.95 0.5 0.4 1 0.8
0.99966343306005 0.41287968479942 "experimento_8" 8 1000 1000 0.95 0.5 0.4 1 0.8
0.999429133953527 0.5155734578876 "experimento_8" 8 1000 1000 0.95 0.5 0.4 1 0.8
0.996746986871585 0.635260959060427 "experimento_8" 8 1000 1000 0.95 0.5 0.4 1 0.8
0.99725742940791 0.522629400650301 "experimento_8" 8 1000 1000 0.95 0.5 0.4 1 0.8
1.01579770259559 0.594417670690517 "experimento_8" 8 1000 1000 0.95 0.5 0.4 1 0.8
0.998435924062505 0.511460689257058 "experimento_8" 8 1000 1000 0.95 0.5 0.4 1 0.8
0.993262784322724 0.692452571558901 "experimento_8" 8 1000 1000 0.95 0.5 0.4 1 0.8
1.00438850556618 0.434595300071532 "experimento_8" 8 1000 1000 0.95 0.5 0.4 1 0.8
0.998921982711181 0.534391942450595 "experimento_8" 8 1000 1000 0.95 0.5 0.4 1 0.8
0.996741541195661 0.458963196687704 "experimento_8" 8 1000 1000 0.95 0.5 0.4 1 0.8
1.01696308981627 0.557509122179406 "experimento_8" 8 1000 1000 0.95 0.5 0.4 1 0.8
0.99856982473284 0.588549835967062 "experimento_8" 8 1000 1000 0.95 0.5 0.4 1 0.8
1.20743961445987 0.485861156490918 "experimento_8" 8 1000 1000 0.95 0.5 0.4 1 0.8
0.995877321343869 0.624026171350722 "experimento_8" 8 1000 1000 0.95 0.5 0.4 1 0.8
1.13212293852121 0.52007082428639 "experimento_8" 8 1000 1000 0.95 0.5 0.4 1 0.8
0.995111180003732 0.489789797291237 "experimento_8" 8 1000 1000 0.95 0.5 0.4 1 0.8
0.997573762899265 0.414609703511128 "experimento_8" 8 1000 1000 0.95 0.5 0.4 1 0.8
1.91067791637033 0.351180633979294 "experimento_8" 8 1000 1000 0.95 0.5 0.4 1 0.8
0.988915743073449 0.506316433709069 "experimento_8" 8 1000 1000 0.95 0.5 0.4 1 0.8
0.99454514705576 0.511500693266477 "experimento_8" 8 1000 1000 0.95 0.5 0.4 1 0.8
0.996376219205558 0.573960134806389 "experimento_8" 8 1000 1000 0.95 0.5 0.4 1 0.8
1.00350135937333 0.463449977231441 "experimento_8" 8 1000 1000 0.95 0.5 0.4 1 0.8
0.998080814722925 0.535484649394117 "experimento_8" 8 1000 1000 0.95 0.5 0.4 1 0.8
0.998548060422763 0.520435111738895 "experimento_8" 8 1000 1000 0.95 0.5 0.4 1 0.8
0.999453312717378 0.426788593318471 "experimento_8" 8 1000 1000 0.95 0.5 0.4 1 0.8
1.01940413936973 0.398245428502014 "experimento_8" 8 1000 1000 0.95 0.5 0.4 1 0.8
0.999787993729115 0.474015960764892 "experimento_8" 8 1000 1000 0.95 0.5 0.4 1 0.8
0.995448709465563 0.612083789690158 "experimento_8" 8 1000 1000 0.95 0.5 0.4 1 0.8
0.995750850765035 0.459278076076319 "experimento_8" 8 1000 1000 0.95 0.5 0.4 1 0.8
0.999231765046716 0.505591691663481 "experimento_8" 8 1000 1000 0.95 0.5 0.4 1 0.8
1.00112876761705 0.503811192794339 "experimento_8" 8 1000 1000 0.95 0.5 0.4 1 0.8
1.02570049278438 0.628958744161348 "experimento_8" 8 1000 1000 0.95 0.5 0.4 1 0.8
0.999626005068421 0.465779239018865 "experimento_8" 8 1000 1000 0.95 0.5 0.4 1 0.8
0.998881902080029 0.662811174624826 "experimento_8" 8 1000 1000 0.95 0.5 0.4 1 0.8
0.997326843207702 0.574693569807025 "experimento_8" 8 1000 1000 0.95 0.5 0.4 1 0.8
0.998906297143549 0.536912335170505 "experimento_8" 8 1000 1000 0.95 0.5 0.4 1 0.8
1.15277359641713 0.528170459974289 "experimento_8" 8 1000 1000 0.95 0.5 0.4 1 0.8
0.995212634094059 0.42919628861581 "experimento_8" 8 1000 1000 0.95 0.5 0.4 1 0.8
1.0338359894231 0.630855241163415 "experimento_8" 8 1000 1000 0.95 0.5 0.4 1 0.8
0.999395832419395 0.524827985196962 "experimento_8" 8 1000 1000 0.95 0.5 0.4 1 0.8
0.999562286539003 0.530038411131624 "experimento_8" 8 1000 1000 0.95 0.5 0.4 1 0.8
0.991547297453508 0.551255081672811 "experimento_8" 8 1000 1000 0.95 0.5 0.4 1 0.8
0.997121814638376 0.559878630694608 "experimento_8" 8 1000 1000 0.95 0.5 0.4 1 0.8
0.998235800303519 0.597018241828355 "experimento_8" 8 1000 1000 0.95 0.5 0.4 1 0.8
0.999686943134293 0.619106673848538 "experimento_8" 8 1000 1000 0.95 0.5 0.4 1 0.8
0.999421916203573 0.557775644416419 "experimento_8" 8 1000 1000 0.95 0.5 0.4 1 0.8
0.998713073320687 0.419662748841566 "experimento_8" 8 1000 1000 0.95 0.5 0.4 1 0.8
0.997450552647933 0.484060990902331 "experimento_8" 8 1000 1000 0.95 0.5 0.4 1 0.8
0.99514843756333 0.447713802716837 "experimento_8" 8 1000 1000 0.95 0.5 0.4 1 0.8
1.02302029635757 0.497374155754985 "experimento_8" 8 1000 1000 0.95 0.5 0.4 1 0.8
0.999585584271699 0.422292741531921 "experimento_8" 8 1000 1000 0.95 0.5 0.4 1 0.8
0.99615547596477 0.774373410158443 "experimento_8" 8 1000 1000 0.95 0.5 0.4 1 0.8
0.998013157164678 0.499979583785765 "experimento_8" 8 1000 1000 0.95 0.5 0.4 1 0.8
0.99658761289902 0.564776404954471 "experimento_8" 8 1000 1000 0.95 0.5 0.4 1 0.8
0.997906270204112 0.534333921485264 "experimento_8" 8 1000 1000 0.95 0.5 0.4 1 0.8
0.9982887331862 0.512974449498835 "experimento_8" 8 1000 1000 0.95 0.5 0.4 1 0.8
0.999991831835359 0.537954792561169 "experimento_8" 8 1000 1000 0.95 0.5 0.4 1 0.8
0.995652857469395 0.412229726482493 "experimento_8" 8 1000 1000 0.95 0.5 0.4 1 0.8
0.99777324218303 0.473796185688701 "experimento_8" 8 1000 1000 0.95 0.5 0.4 1 0.8
0.995513189584017 0.557274594646346 "experimento_8" 8 1000 1000 0.95 0.5 0.4 1 0.8
1.02229151781648 0.506366751869303 "experimento_8" 8 1000 1000 0.95 0.5 0.4 1 0.8
0.995961536420509 0.497289040719713 "experimento_8" 8 1000 1000 0.95 0.5 0.4 1 0.8
0.996787668438628 0.521792419592319 "experimento_8" 8 1000 1000 0.95 0.5 0.4 1 0.8
0.997595206368715 0.430655755645296 "experimento_8" 8 1000 1000 0.95 0.5 0.4 1 0.8
1.462950700894 0.410253883031456 "experimento_8" 8 1000 1000 0.95 0.5 0.4 1 0.8
0.998101792763919 0.659443714828927 "experimento_8" 8 1000 1000 0.95 0.5 0.4 1 0.8
0.996948132524267 0.526840679611719 "experimento_8" 8 1000 1000 0.95 0.5 0.4 1 0.8
0.996711466694251 0.677957047879343 "experimento_8" 8 1000 1000 0.95 0.5 0.4 1 0.8
0.997950796969235 0.487217023722609 "experimento_8" 8 1000 1000 0.95 0.5 0.4 1 0.8
0.999540768330917 0.529987534546889 "experimento_8" 8 1000 1000 0.95 0.5 0.4 1 0.8
0.997086394345388 0.472955040890894 "experimento_8" 8 1000 1000 0.95 0.5 0.4 1 0.8
