"est.u" "est.lamb" "name" "seed" "size" "replicates" "p_umbral" "exp_lambda" "alpha_pen" "n_pen" "c"
0.999582751421258 0.519880013471404 "experimento_11" 11 5000 1000 0.95 0.5 0.4 1 0.8
0.999459778657183 0.525048513192595 "experimento_11" 11 5000 1000 0.95 0.5 0.4 1 0.8
0.9978485153988 0.555398625964929 "experimento_11" 11 5000 1000 0.95 0.5 0.4 1 0.8
0.998810436343774 0.474385924509751 "experimento_11" 11 5000 1000 0.95 0.5 0.4 1 0.8
0.999096165644005 0.463308666132559 "experimento_11" 11 5000 1000 0.95 0.5 0.4 1 0.8
1.00354798292369 0.550734254429559 "experimento_11" 11 5000 1000 0.95 0.5 0.4 1 0.8
0.999898129608482 0.523974142670398 "experimento_11" 11 5000 1000 0.95 0.5 0.4 1 0.8
0.99922546511516 0.529789138189383 "experimento_11" 11 5000 1000 0.95 0.5 0.4 1 0.8
1.0016415072605 0.54658579354506 "experimento_11" 11 5000 1000 0.95 0.5 0.4 1 0.8
1.01389662228014 0.514483559224485 "experimento_11" 11 5000 1000 0.95 0.5 0.4 1 0.8
0.999521120451391 0.513507147081665 "experimento_11" 11 5000 1000 0.95 0.5 0.4 1 0.8
0.999589288141578 0.461177574061591 "experimento_11" 11 5000 1000 0.95 0.5 0.4 1 0.8
0.999991573859006 0.466813156761793 "experimento_11" 11 5000 1000 0.95 0.5 0.4 1 0.8
0.99826876539737 0.522705751855791 "experimento_11" 11 5000 1000 0.95 0.5 0.4 1 0.8
0.999667851720005 0.423203222331797 "experimento_11" 11 5000 1000 0.95 0.5 0.4 1 0.8
0.999596316833049 0.469755451730824 "experimento_11" 11 5000 1000 0.95 0.5 0.4 1 0.8
0.997962383553386 0.560898921768919 "experimento_11" 11 5000 1000 0.95 0.5 0.4 1 0.8
0.998714335029945 0.520267708975169 "experimento_11" 11 5000 1000 0.95 0.5 0.4 1 0.8
0.999804839026183 0.441679132999644 "experimento_11" 11 5000 1000 0.95 0.5 0.4 1 0.8
0.998902836348861 0.53969928962112 "experimento_11" 11 5000 1000 0.95 0.5 0.4 1 0.8
1.00863609509347 0.484000430005509 "experimento_11" 11 5000 1000 0.95 0.5 0.4 1 0.8
1.00273755192757 0.542637615803017 "experimento_11" 11 5000 1000 0.95 0.5 0.4 1 0.8
0.999885521596298 0.493794075780457 "experimento_11" 11 5000 1000 0.95 0.5 0.4 1 0.8
0.999905531760305 0.515308740745539 "experimento_11" 11 5000 1000 0.95 0.5 0.4 1 0.8
0.998581948457286 0.450080579144897 "experimento_11" 11 5000 1000 0.95 0.5 0.4 1 0.8
0.998636859934777 0.529119086824246 "experimento_11" 11 5000 1000 0.95 0.5 0.4 1 0.8
0.997615738073364 0.577761171091152 "experimento_11" 11 5000 1000 0.95 0.5 0.4 1 0.8
0.998832308221608 0.53207787253423 "experimento_11" 11 5000 1000 0.95 0.5 0.4 1 0.8
1.51884254813194 0.612114112511157 "experimento_11" 11 5000 1000 0.95 0.5 0.4 1 0.8
0.998229736462235 0.511449878842398 "experimento_11" 11 5000 1000 0.95 0.5 0.4 1 0.8
1.0130985705182 0.531500133772283 "experimento_11" 11 5000 1000 0.95 0.5 0.4 1 0.8
0.999602558556944 0.502431346566848 "experimento_11" 11 5000 1000 0.95 0.5 0.4 1 0.8
1.0033187745139 0.514438393777242 "experimento_11" 11 5000 1000 0.95 0.5 0.4 1 0.8
0.999332369538024 0.521912392856098 "experimento_11" 11 5000 1000 0.95 0.5 0.4 1 0.8
1.31146566549891 0.450871971342222 "experimento_11" 11 5000 1000 0.95 0.5 0.4 1 0.8
0.99985684431158 0.513471594112652 "experimento_11" 11 5000 1000 0.95 0.5 0.4 1 0.8
1.01102333143353 0.451406396556025 "experimento_11" 11 5000 1000 0.95 0.5 0.4 1 0.8
0.996518306434155 0.529682792953227 "experimento_11" 11 5000 1000 0.95 0.5 0.4 1 0.8
0.9995745299384 0.53485938141798 "experimento_11" 11 5000 1000 0.95 0.5 0.4 1 0.8
0.999666678952053 0.465308588584102 "experimento_11" 11 5000 1000 0.95 0.5 0.4 1 0.8
0.99973334162496 0.469939222661398 "experimento_11" 11 5000 1000 0.95 0.5 0.4 1 0.8
1.0062682204497 0.534323871594289 "experimento_11" 11 5000 1000 0.95 0.5 0.4 1 0.8
1.00191387317847 0.558772584461231 "experimento_11" 11 5000 1000 0.95 0.5 0.4 1 0.8
0.999950379366055 0.478236754791382 "experimento_11" 11 5000 1000 0.95 0.5 0.4 1 0.8
0.999890631297603 0.523576579213584 "experimento_11" 11 5000 1000 0.95 0.5 0.4 1 0.8
0.999998134328052 0.521902451835471 "experimento_11" 11 5000 1000 0.95 0.5 0.4 1 0.8
0.997343839844689 0.461021938758557 "experimento_11" 11 5000 1000 0.95 0.5 0.4 1 0.8
0.999957230873406 0.485080509043796 "experimento_11" 11 5000 1000 0.95 0.5 0.4 1 0.8
1.0180614870068 0.481804518217529 "experimento_11" 11 5000 1000 0.95 0.5 0.4 1 0.8
1.08831768143112 0.494147144444788 "experimento_11" 11 5000 1000 0.95 0.5 0.4 1 0.8
0.999954853905365 0.546943476457773 "experimento_11" 11 5000 1000 0.95 0.5 0.4 1 0.8
0.999995627207682 0.52212664263344 "experimento_11" 11 5000 1000 0.95 0.5 0.4 1 0.8
1.06973525815525 0.481846969541803 "experimento_11" 11 5000 1000 0.95 0.5 0.4 1 0.8
0.998986803926528 0.493126826990899 "experimento_11" 11 5000 1000 0.95 0.5 0.4 1 0.8
1.03274000591756 0.517418056117713 "experimento_11" 11 5000 1000 0.95 0.5 0.4 1 0.8
0.997128745540977 0.603859038915915 "experimento_11" 11 5000 1000 0.95 0.5 0.4 1 0.8
0.998895324766636 0.452200891867896 "experimento_11" 11 5000 1000 0.95 0.5 0.4 1 0.8
1.00052182376385 0.484222016470675 "experimento_11" 11 5000 1000 0.95 0.5 0.4 1 0.8
1.00161582604051 0.500658118879968 "experimento_11" 11 5000 1000 0.95 0.5 0.4 1 0.8
0.997601856477559 0.547240978485882 "experimento_11" 11 5000 1000 0.95 0.5 0.4 1 0.8
0.999541310127825 0.527006140940784 "experimento_11" 11 5000 1000 0.95 0.5 0.4 1 0.8
0.999343234114349 0.516406467507103 "experimento_11" 11 5000 1000 0.95 0.5 0.4 1 0.8
0.998614962445572 0.511946634561223 "experimento_11" 11 5000 1000 0.95 0.5 0.4 1 0.8
1.00290588909199 0.55902203988327 "experimento_11" 11 5000 1000 0.95 0.5 0.4 1 0.8
1.0036154082045 0.480490145143039 "experimento_11" 11 5000 1000 0.95 0.5 0.4 1 0.8
0.998954869806767 0.497875469666592 "experimento_11" 11 5000 1000 0.95 0.5 0.4 1 0.8
1.00208150923596 0.432370704443305 "experimento_11" 11 5000 1000 0.95 0.5 0.4 1 0.8
1.00394300526476 0.44802250622121 "experimento_11" 11 5000 1000 0.95 0.5 0.4 1 0.8
1.07311281189322 0.456617308369603 "experimento_11" 11 5000 1000 0.95 0.5 0.4 1 0.8
0.99968303181231 0.501513377008207 "experimento_11" 11 5000 1000 0.95 0.5 0.4 1 0.8
0.998582906788215 0.494257797757237 "experimento_11" 11 5000 1000 0.95 0.5 0.4 1 0.8
0.999536090996116 0.465626466933645 "experimento_11" 11 5000 1000 0.95 0.5 0.4 1 0.8
0.998915583593771 0.486901149393337 "experimento_11" 11 5000 1000 0.95 0.5 0.4 1 0.8
0.999951925128698 0.544222429224732 "experimento_11" 11 5000 1000 0.95 0.5 0.4 1 0.8
0.998382982099429 0.524685216610541 "experimento_11" 11 5000 1000 0.95 0.5 0.4 1 0.8
0.998339747544378 0.47021319283883 "experimento_11" 11 5000 1000 0.95 0.5 0.4 1 0.8
0.999662214424461 0.505149420933104 "experimento_11" 11 5000 1000 0.95 0.5 0.4 1 0.8
0.999918148387223 0.541800473193092 "experimento_11" 11 5000 1000 0.95 0.5 0.4 1 0.8
1.01363478042185 0.469575703259052 "experimento_11" 11 5000 1000 0.95 0.5 0.4 1 0.8
0.998632224509493 0.53932716192391 "experimento_11" 11 5000 1000 0.95 0.5 0.4 1 0.8
1.17491314480539 0.47323700719355 "experimento_11" 11 5000 1000 0.95 0.5 0.4 1 0.8
0.999023279873654 0.502713282818164 "experimento_11" 11 5000 1000 0.95 0.5 0.4 1 0.8
1.02124588005245 0.523896666982131 "experimento_11" 11 5000 1000 0.95 0.5 0.4 1 0.8
0.998926856787875 0.543575857116176 "experimento_11" 11 5000 1000 0.95 0.5 0.4 1 0.8
1.0035840254277 0.521784678512243 "experimento_11" 11 5000 1000 0.95 0.5 0.4 1 0.8
0.998068776214495 0.571058755550682 "experimento_11" 11 5000 1000 0.95 0.5 0.4 1 0.8
1.01096299127399 0.501465154629923 "experimento_11" 11 5000 1000 0.95 0.5 0.4 1 0.8
0.999825581908226 0.58183249895178 "experimento_11" 11 5000 1000 0.95 0.5 0.4 1 0.8
0.999521803576499 0.43963675527439 "experimento_11" 11 5000 1000 0.95 0.5 0.4 1 0.8
0.999820257769898 0.501379113558319 "experimento_11" 11 5000 1000 0.95 0.5 0.4 1 0.8
0.997159197926521 0.519439329834389 "experimento_11" 11 5000 1000 0.95 0.5 0.4 1 0.8
0.999681386630982 0.527793421459857 "experimento_11" 11 5000 1000 0.95 0.5 0.4 1 0.8
0.998786232434213 0.512741261058061 "experimento_11" 11 5000 1000 0.95 0.5 0.4 1 0.8
0.998450717655942 0.522731318512652 "experimento_11" 11 5000 1000 0.95 0.5 0.4 1 0.8
0.99800823465921 0.508922630665705 "experimento_11" 11 5000 1000 0.95 0.5 0.4 1 0.8
1.10503712166847 0.53430871650008 "experimento_11" 11 5000 1000 0.95 0.5 0.4 1 0.8
1.34631058480591 0.448844847172563 "experimento_11" 11 5000 1000 0.95 0.5 0.4 1 0.8
1.01708318851888 0.518555629159615 "experimento_11" 11 5000 1000 0.95 0.5 0.4 1 0.8
0.999658096581697 0.568037831245012 "experimento_11" 11 5000 1000 0.95 0.5 0.4 1 0.8
0.999177184188738 0.488280972235528 "experimento_11" 11 5000 1000 0.95 0.5 0.4 1 0.8
0.999818638665602 0.536022733895811 "experimento_11" 11 5000 1000 0.95 0.5 0.4 1 0.8
1.07657517958432 0.501749746247364 "experimento_11" 11 5000 1000 0.95 0.5 0.4 1 0.8
0.99754693149589 0.501978378932881 "experimento_11" 11 5000 1000 0.95 0.5 0.4 1 0.8
1.42979282420129 0.528557381296871 "experimento_11" 11 5000 1000 0.95 0.5 0.4 1 0.8
0.996544702444226 0.572413111511484 "experimento_11" 11 5000 1000 0.95 0.5 0.4 1 0.8
0.998204550240189 0.500042659352214 "experimento_11" 11 5000 1000 0.95 0.5 0.4 1 0.8
1.03462934004652 0.470371192395922 "experimento_11" 11 5000 1000 0.95 0.5 0.4 1 0.8
0.999872642569244 0.508428765675077 "experimento_11" 11 5000 1000 0.95 0.5 0.4 1 0.8
0.999435290228575 0.482137132962768 "experimento_11" 11 5000 1000 0.95 0.5 0.4 1 0.8
1.05413407763221 0.442937377911835 "experimento_11" 11 5000 1000 0.95 0.5 0.4 1 0.8
1.04862232599407 0.566607710315167 "experimento_11" 11 5000 1000 0.95 0.5 0.4 1 0.8
0.998133621411398 0.499043909691139 "experimento_11" 11 5000 1000 0.95 0.5 0.4 1 0.8
0.998141541378573 0.494698763741397 "experimento_11" 11 5000 1000 0.95 0.5 0.4 1 0.8
0.999786586267874 0.476499190337525 "experimento_11" 11 5000 1000 0.95 0.5 0.4 1 0.8
1.00457098335028 0.470167000572285 "experimento_11" 11 5000 1000 0.95 0.5 0.4 1 0.8
1.48990732990205 0.598515150079502 "experimento_11" 11 5000 1000 0.95 0.5 0.4 1 0.8
0.997856541536748 0.519896217316942 "experimento_11" 11 5000 1000 0.95 0.5 0.4 1 0.8
1.02659567352384 0.516751403539967 "experimento_11" 11 5000 1000 0.95 0.5 0.4 1 0.8
0.997999738669023 0.517860716479636 "experimento_11" 11 5000 1000 0.95 0.5 0.4 1 0.8
0.99699183832854 0.503980307041768 "experimento_11" 11 5000 1000 0.95 0.5 0.4 1 0.8
1.2519557857886 0.464903078575748 "experimento_11" 11 5000 1000 0.95 0.5 0.4 1 0.8
1.01115434709936 0.476443814297126 "experimento_11" 11 5000 1000 0.95 0.5 0.4 1 0.8
0.998829363379627 0.507099412861867 "experimento_11" 11 5000 1000 0.95 0.5 0.4 1 0.8
1.70132749248296 0.454800191754094 "experimento_11" 11 5000 1000 0.95 0.5 0.4 1 0.8
1.00123804714531 0.489842600430463 "experimento_11" 11 5000 1000 0.95 0.5 0.4 1 0.8
0.999537881929427 0.454184060084339 "experimento_11" 11 5000 1000 0.95 0.5 0.4 1 0.8
0.998702252516523 0.520878754621554 "experimento_11" 11 5000 1000 0.95 0.5 0.4 1 0.8
1.00979012344033 0.530668875490798 "experimento_11" 11 5000 1000 0.95 0.5 0.4 1 0.8
0.999522706726566 0.499745290617053 "experimento_11" 11 5000 1000 0.95 0.5 0.4 1 0.8
0.999918461311609 0.505619851449133 "experimento_11" 11 5000 1000 0.95 0.5 0.4 1 0.8
0.997367048403248 0.470677571699488 "experimento_11" 11 5000 1000 0.95 0.5 0.4 1 0.8
1.54757101492202 0.527585121634324 "experimento_11" 11 5000 1000 0.95 0.5 0.4 1 0.8
0.997575676767156 0.50333413717089 "experimento_11" 11 5000 1000 0.95 0.5 0.4 1 0.8
1.09822889231145 0.512499430026842 "experimento_11" 11 5000 1000 0.95 0.5 0.4 1 0.8
1.00807252486455 0.526197777759754 "experimento_11" 11 5000 1000 0.95 0.5 0.4 1 0.8
0.9980000522919 0.504442407709514 "experimento_11" 11 5000 1000 0.95 0.5 0.4 1 0.8
0.996142188319936 0.585945241900438 "experimento_11" 11 5000 1000 0.95 0.5 0.4 1 0.8
1.46366506184315 0.521487036663147 "experimento_11" 11 5000 1000 0.95 0.5 0.4 1 0.8
0.999587104655802 0.468571609198892 "experimento_11" 11 5000 1000 0.95 0.5 0.4 1 0.8
0.99997577490285 0.513921226952409 "experimento_11" 11 5000 1000 0.95 0.5 0.4 1 0.8
0.998463563853875 0.5636357059518 "experimento_11" 11 5000 1000 0.95 0.5 0.4 1 0.8
0.999238109681755 0.52179327748706 "experimento_11" 11 5000 1000 0.95 0.5 0.4 1 0.8
0.997932275291532 0.533200546075027 "experimento_11" 11 5000 1000 0.95 0.5 0.4 1 0.8
1.00175046268851 0.48782648741577 "experimento_11" 11 5000 1000 0.95 0.5 0.4 1 0.8
0.99871640605852 0.494945234769152 "experimento_11" 11 5000 1000 0.95 0.5 0.4 1 0.8
0.998460079543293 0.531728878404183 "experimento_11" 11 5000 1000 0.95 0.5 0.4 1 0.8
0.999493505805731 0.537389710751168 "experimento_11" 11 5000 1000 0.95 0.5 0.4 1 0.8
0.999237842625007 0.539947816961993 "experimento_11" 11 5000 1000 0.95 0.5 0.4 1 0.8
0.998377235606313 0.486902980157657 "experimento_11" 11 5000 1000 0.95 0.5 0.4 1 0.8
1.00327709216469 0.451541259972528 "experimento_11" 11 5000 1000 0.95 0.5 0.4 1 0.8
0.999954206170514 0.534276464105404 "experimento_11" 11 5000 1000 0.95 0.5 0.4 1 0.8
1.03117288462818 0.502315999554759 "experimento_11" 11 5000 1000 0.95 0.5 0.4 1 0.8
0.998210105579346 0.608713583565926 "experimento_11" 11 5000 1000 0.95 0.5 0.4 1 0.8
1.0046006552875 0.559395271029935 "experimento_11" 11 5000 1000 0.95 0.5 0.4 1 0.8
0.998874023091048 0.509676818930263 "experimento_11" 11 5000 1000 0.95 0.5 0.4 1 0.8
1.00782551802695 0.450212846843438 "experimento_11" 11 5000 1000 0.95 0.5 0.4 1 0.8
1.01235985197127 0.490233960765758 "experimento_11" 11 5000 1000 0.95 0.5 0.4 1 0.8
1.0006459819409 0.559385504313528 "experimento_11" 11 5000 1000 0.95 0.5 0.4 1 0.8
0.999402903486043 0.511924373340672 "experimento_11" 11 5000 1000 0.95 0.5 0.4 1 0.8
0.99980010651052 0.53492494025455 "experimento_11" 11 5000 1000 0.95 0.5 0.4 1 0.8
0.997690705349669 0.570508324679179 "experimento_11" 11 5000 1000 0.95 0.5 0.4 1 0.8
0.999147319467738 0.496178001887434 "experimento_11" 11 5000 1000 0.95 0.5 0.4 1 0.8
0.998791569611058 0.436133240095741 "experimento_11" 11 5000 1000 0.95 0.5 0.4 1 0.8
1.00017650146037 0.503801263162938 "experimento_11" 11 5000 1000 0.95 0.5 0.4 1 0.8
1.05397688905261 0.47665007630625 "experimento_11" 11 5000 1000 0.95 0.5 0.4 1 0.8
1.01966438628733 0.50761953673133 "experimento_11" 11 5000 1000 0.95 0.5 0.4 1 0.8
0.997269748244435 0.530709610594414 "experimento_11" 11 5000 1000 0.95 0.5 0.4 1 0.8
1.00053611863405 0.447485989083157 "experimento_11" 11 5000 1000 0.95 0.5 0.4 1 0.8
1.57437335979193 0.500387322147229 "experimento_11" 11 5000 1000 0.95 0.5 0.4 1 0.8
0.9987084986642 0.541721476371016 "experimento_11" 11 5000 1000 0.95 0.5 0.4 1 0.8
0.999067230150104 0.500484094105508 "experimento_11" 11 5000 1000 0.95 0.5 0.4 1 0.8
2.06907850783318 0.523512614429342 "experimento_11" 11 5000 1000 0.95 0.5 0.4 1 0.8
0.999885633820668 0.491072833514488 "experimento_11" 11 5000 1000 0.95 0.5 0.4 1 0.8
0.997448798734695 0.611671961738107 "experimento_11" 11 5000 1000 0.95 0.5 0.4 1 0.8
1.01480574160814 0.619748343852461 "experimento_11" 11 5000 1000 0.95 0.5 0.4 1 0.8
0.999926576856524 0.516074458522955 "experimento_11" 11 5000 1000 0.95 0.5 0.4 1 0.8
0.999498706078157 0.511422426990663 "experimento_11" 11 5000 1000 0.95 0.5 0.4 1 0.8
0.999872946878895 0.475780042658333 "experimento_11" 11 5000 1000 0.95 0.5 0.4 1 0.8
0.999904092634097 0.446369722572694 "experimento_11" 11 5000 1000 0.95 0.5 0.4 1 0.8
1.01648689089593 0.511135238453163 "experimento_11" 11 5000 1000 0.95 0.5 0.4 1 0.8
1.29653009958565 0.541828049721155 "experimento_11" 11 5000 1000 0.95 0.5 0.4 1 0.8
0.999971785116941 0.486450128569349 "experimento_11" 11 5000 1000 0.95 0.5 0.4 1 0.8
1.02680017221463 0.47910327642561 "experimento_11" 11 5000 1000 0.95 0.5 0.4 1 0.8
0.99997183564119 0.524447505044059 "experimento_11" 11 5000 1000 0.95 0.5 0.4 1 0.8
0.998108099680394 0.581426881980497 "experimento_11" 11 5000 1000 0.95 0.5 0.4 1 0.8
0.999570797896013 0.555222673083485 "experimento_11" 11 5000 1000 0.95 0.5 0.4 1 0.8
0.999970364151523 0.511148262731535 "experimento_11" 11 5000 1000 0.95 0.5 0.4 1 0.8
1.00680756848305 0.514059098609793 "experimento_11" 11 5000 1000 0.95 0.5 0.4 1 0.8
1.0036004986614 0.455381573693034 "experimento_11" 11 5000 1000 0.95 0.5 0.4 1 0.8
0.99807569780387 0.518153496579204 "experimento_11" 11 5000 1000 0.95 0.5 0.4 1 0.8
1.04018651880324 0.50243731485632 "experimento_11" 11 5000 1000 0.95 0.5 0.4 1 0.8
1.00122569873929 0.447921976122553 "experimento_11" 11 5000 1000 0.95 0.5 0.4 1 0.8
0.999297344358638 0.511058843211722 "experimento_11" 11 5000 1000 0.95 0.5 0.4 1 0.8
0.998652754584327 0.504429990818745 "experimento_11" 11 5000 1000 0.95 0.5 0.4 1 0.8
0.999611949548125 0.499906268587689 "experimento_11" 11 5000 1000 0.95 0.5 0.4 1 0.8
1.05863128919296 0.516032883310669 "experimento_11" 11 5000 1000 0.95 0.5 0.4 1 0.8
0.999033593339846 0.467862577762635 "experimento_11" 11 5000 1000 0.95 0.5 0.4 1 0.8
0.999581332318485 0.527848798126114 "experimento_11" 11 5000 1000 0.95 0.5 0.4 1 0.8
0.999956506304443 0.574402765918875 "experimento_11" 11 5000 1000 0.95 0.5 0.4 1 0.8
1.01490019826599 0.520012128245711 "experimento_11" 11 5000 1000 0.95 0.5 0.4 1 0.8
1.00403923075646 0.501281624289353 "experimento_11" 11 5000 1000 0.95 0.5 0.4 1 0.8
0.998300234088674 0.461071346984513 "experimento_11" 11 5000 1000 0.95 0.5 0.4 1 0.8
1.03367606550455 0.560151615261613 "experimento_11" 11 5000 1000 0.95 0.5 0.4 1 0.8
0.997162999585271 0.561832771171989 "experimento_11" 11 5000 1000 0.95 0.5 0.4 1 0.8
0.999116608407348 0.471623069528101 "experimento_11" 11 5000 1000 0.95 0.5 0.4 1 0.8
0.996722642797977 0.50735490290023 "experimento_11" 11 5000 1000 0.95 0.5 0.4 1 0.8
0.998853484168649 0.558313700166954 "experimento_11" 11 5000 1000 0.95 0.5 0.4 1 0.8
0.999686461640522 0.528259904053189 "experimento_11" 11 5000 1000 0.95 0.5 0.4 1 0.8
0.998298777965829 0.452869731268362 "experimento_11" 11 5000 1000 0.95 0.5 0.4 1 0.8
0.998600075719878 0.541980337408491 "experimento_11" 11 5000 1000 0.95 0.5 0.4 1 0.8
0.999446820933372 0.530067916425113 "experimento_11" 11 5000 1000 0.95 0.5 0.4 1 0.8
1.15722678997251 0.429967566134797 "experimento_11" 11 5000 1000 0.95 0.5 0.4 1 0.8
1.02602536655787 0.50647889242361 "experimento_11" 11 5000 1000 0.95 0.5 0.4 1 0.8
0.99773077131249 0.464574035888642 "experimento_11" 11 5000 1000 0.95 0.5 0.4 1 0.8
0.999427860602736 0.495412236515394 "experimento_11" 11 5000 1000 0.95 0.5 0.4 1 0.8
0.998846271075308 0.488652919703436 "experimento_11" 11 5000 1000 0.95 0.5 0.4 1 0.8
0.998606216628104 0.483794689009769 "experimento_11" 11 5000 1000 0.95 0.5 0.4 1 0.8
0.998056682990864 0.560236822951547 "experimento_11" 11 5000 1000 0.95 0.5 0.4 1 0.8
0.999135993421078 0.497338157370119 "experimento_11" 11 5000 1000 0.95 0.5 0.4 1 0.8
0.999758258694783 0.477277380372182 "experimento_11" 11 5000 1000 0.95 0.5 0.4 1 0.8
1.00822851402411 0.496685120502931 "experimento_11" 11 5000 1000 0.95 0.5 0.4 1 0.8
1.02730913460255 0.502573972276919 "experimento_11" 11 5000 1000 0.95 0.5 0.4 1 0.8
1.06646319122484 0.448548402788997 "experimento_11" 11 5000 1000 0.95 0.5 0.4 1 0.8
1.19473222146321 0.459813287791218 "experimento_11" 11 5000 1000 0.95 0.5 0.4 1 0.8
1.00128089077771 0.464908297262602 "experimento_11" 11 5000 1000 0.95 0.5 0.4 1 0.8
1.03348345123231 0.479116506203424 "experimento_11" 11 5000 1000 0.95 0.5 0.4 1 0.8
0.997993745608255 0.50439443266635 "experimento_11" 11 5000 1000 0.95 0.5 0.4 1 0.8
1.01396431960166 0.459260315408636 "experimento_11" 11 5000 1000 0.95 0.5 0.4 1 0.8
1.00426906127631 0.434786008189258 "experimento_11" 11 5000 1000 0.95 0.5 0.4 1 0.8
0.999887912068516 0.476199579875498 "experimento_11" 11 5000 1000 0.95 0.5 0.4 1 0.8
0.999084362294525 0.480407800171315 "experimento_11" 11 5000 1000 0.95 0.5 0.4 1 0.8
0.999511022819206 0.494054467640736 "experimento_11" 11 5000 1000 0.95 0.5 0.4 1 0.8
0.999967438168824 0.544631155506352 "experimento_11" 11 5000 1000 0.95 0.5 0.4 1 0.8
0.999431298812851 0.5248717305913 "experimento_11" 11 5000 1000 0.95 0.5 0.4 1 0.8
1.01500943909345 0.503511361350703 "experimento_11" 11 5000 1000 0.95 0.5 0.4 1 0.8
0.999866893980652 0.511066673472075 "experimento_11" 11 5000 1000 0.95 0.5 0.4 1 0.8
0.998832436045632 0.436935852521641 "experimento_11" 11 5000 1000 0.95 0.5 0.4 1 0.8
1.00338998623192 0.548714854502556 "experimento_11" 11 5000 1000 0.95 0.5 0.4 1 0.8
0.997418197803199 0.500499256583417 "experimento_11" 11 5000 1000 0.95 0.5 0.4 1 0.8
0.998283384600654 0.518463921003962 "experimento_11" 11 5000 1000 0.95 0.5 0.4 1 0.8
0.999873718479648 0.481873474087092 "experimento_11" 11 5000 1000 0.95 0.5 0.4 1 0.8
1.01932573970407 0.51215192029724 "experimento_11" 11 5000 1000 0.95 0.5 0.4 1 0.8
0.995983764762059 0.500366954916946 "experimento_11" 11 5000 1000 0.95 0.5 0.4 1 0.8
1.07238476023945 0.467566575997887 "experimento_11" 11 5000 1000 0.95 0.5 0.4 1 0.8
1.00564641226083 0.473253055312163 "experimento_11" 11 5000 1000 0.95 0.5 0.4 1 0.8
0.998350960435346 0.537086093450465 "experimento_11" 11 5000 1000 0.95 0.5 0.4 1 0.8
0.998175143962726 0.485042699149133 "experimento_11" 11 5000 1000 0.95 0.5 0.4 1 0.8
0.999470014823601 0.492141596796556 "experimento_11" 11 5000 1000 0.95 0.5 0.4 1 0.8
0.999922852497548 0.51909879874913 "experimento_11" 11 5000 1000 0.95 0.5 0.4 1 0.8
1.05757491942495 0.515151473184112 "experimento_11" 11 5000 1000 0.95 0.5 0.4 1 0.8
0.99978638603352 0.486780898072659 "experimento_11" 11 5000 1000 0.95 0.5 0.4 1 0.8
1.24747309170325 0.504759209150094 "experimento_11" 11 5000 1000 0.95 0.5 0.4 1 0.8
0.998814314603806 0.492522118378247 "experimento_11" 11 5000 1000 0.95 0.5 0.4 1 0.8
1.01411620813742 0.491291292901416 "experimento_11" 11 5000 1000 0.95 0.5 0.4 1 0.8
0.999907452147454 0.485635846503048 "experimento_11" 11 5000 1000 0.95 0.5 0.4 1 0.8
0.999875225592405 0.529492410571215 "experimento_11" 11 5000 1000 0.95 0.5 0.4 1 0.8
1.00337814260274 0.520574693266379 "experimento_11" 11 5000 1000 0.95 0.5 0.4 1 0.8
0.997838485287502 0.497806481886344 "experimento_11" 11 5000 1000 0.95 0.5 0.4 1 0.8
0.998138326918706 0.472833640413028 "experimento_11" 11 5000 1000 0.95 0.5 0.4 1 0.8
1.10814687375742 0.543837976739905 "experimento_11" 11 5000 1000 0.95 0.5 0.4 1 0.8
0.999773215036839 0.504396863076359 "experimento_11" 11 5000 1000 0.95 0.5 0.4 1 0.8
0.999215479008853 0.468778922210601 "experimento_11" 11 5000 1000 0.95 0.5 0.4 1 0.8
1.00301045231041 0.52231975385046 "experimento_11" 11 5000 1000 0.95 0.5 0.4 1 0.8
0.998413387453184 0.45781534297498 "experimento_11" 11 5000 1000 0.95 0.5 0.4 1 0.8
0.998188050696626 0.551161226510716 "experimento_11" 11 5000 1000 0.95 0.5 0.4 1 0.8
0.999833550537005 0.549590969663314 "experimento_11" 11 5000 1000 0.95 0.5 0.4 1 0.8
0.996420657960698 0.498801104851703 "experimento_11" 11 5000 1000 0.95 0.5 0.4 1 0.8
1.23197059317351 0.49570126794122 "experimento_11" 11 5000 1000 0.95 0.5 0.4 1 0.8
0.999668372794986 0.512708360885033 "experimento_11" 11 5000 1000 0.95 0.5 0.4 1 0.8
0.999357627471909 0.549839998692347 "experimento_11" 11 5000 1000 0.95 0.5 0.4 1 0.8
0.999414358753711 0.478874068292973 "experimento_11" 11 5000 1000 0.95 0.5 0.4 1 0.8
0.999177671503276 0.527763535632389 "experimento_11" 11 5000 1000 0.95 0.5 0.4 1 0.8
0.998817884828895 0.54741641517463 "experimento_11" 11 5000 1000 0.95 0.5 0.4 1 0.8
0.999808865599334 0.503714616731445 "experimento_11" 11 5000 1000 0.95 0.5 0.4 1 0.8
0.998600128572434 0.521778918932116 "experimento_11" 11 5000 1000 0.95 0.5 0.4 1 0.8
1.02142265541769 0.50548822218233 "experimento_11" 11 5000 1000 0.95 0.5 0.4 1 0.8
1.01702171098441 0.48736963358496 "experimento_11" 11 5000 1000 0.95 0.5 0.4 1 0.8
0.999755874043331 0.512506198423077 "experimento_11" 11 5000 1000 0.95 0.5 0.4 1 0.8
1.61084214784205 0.446695555307323 "experimento_11" 11 5000 1000 0.95 0.5 0.4 1 0.8
1.11330043151975 0.501282646238224 "experimento_11" 11 5000 1000 0.95 0.5 0.4 1 0.8
0.99757580482401 0.525425908333111 "experimento_11" 11 5000 1000 0.95 0.5 0.4 1 0.8
0.997246891492978 0.508391802841509 "experimento_11" 11 5000 1000 0.95 0.5 0.4 1 0.8
0.997282614698634 0.568388239718603 "experimento_11" 11 5000 1000 0.95 0.5 0.4 1 0.8
0.999669208424166 0.460312499156434 "experimento_11" 11 5000 1000 0.95 0.5 0.4 1 0.8
1.02578290779916 0.414430908155031 "experimento_11" 11 5000 1000 0.95 0.5 0.4 1 0.8
1.01229461703284 0.514176088319105 "experimento_11" 11 5000 1000 0.95 0.5 0.4 1 0.8
2.35120771825314 0.38824278699749 "experimento_11" 11 5000 1000 0.95 0.5 0.4 1 0.8
1.34178145043552 0.426628420418714 "experimento_11" 11 5000 1000 0.95 0.5 0.4 1 0.8
0.999096871586516 0.522513815894939 "experimento_11" 11 5000 1000 0.95 0.5 0.4 1 0.8
0.99936109315604 0.563507609351478 "experimento_11" 11 5000 1000 0.95 0.5 0.4 1 0.8
0.999247432453558 0.479915420582114 "experimento_11" 11 5000 1000 0.95 0.5 0.4 1 0.8
0.998708083759993 0.510438899346387 "experimento_11" 11 5000 1000 0.95 0.5 0.4 1 0.8
0.996901462320238 0.529864158231941 "experimento_11" 11 5000 1000 0.95 0.5 0.4 1 0.8
0.999641944188625 0.456337468949619 "experimento_11" 11 5000 1000 0.95 0.5 0.4 1 0.8
2.16097758151591 0.6287270454695 "experimento_11" 11 5000 1000 0.95 0.5 0.4 1 0.8
0.999958272092044 0.451889309602355 "experimento_11" 11 5000 1000 0.95 0.5 0.4 1 0.8
0.999956839717925 0.459999883649788 "experimento_11" 11 5000 1000 0.95 0.5 0.4 1 0.8
0.99978685611859 0.48709501530191 "experimento_11" 11 5000 1000 0.95 0.5 0.4 1 0.8
1.00098487361895 0.515781939947972 "experimento_11" 11 5000 1000 0.95 0.5 0.4 1 0.8
0.998594182776287 0.536634686782978 "experimento_11" 11 5000 1000 0.95 0.5 0.4 1 0.8
0.996245479444042 0.550914779034868 "experimento_11" 11 5000 1000 0.95 0.5 0.4 1 0.8
0.998514326522127 0.519943444737123 "experimento_11" 11 5000 1000 0.95 0.5 0.4 1 0.8
0.997673239093274 0.541882678354448 "experimento_11" 11 5000 1000 0.95 0.5 0.4 1 0.8
1.00195913016796 0.476325846841646 "experimento_11" 11 5000 1000 0.95 0.5 0.4 1 0.8
1.01645312605982 0.492228497719052 "experimento_11" 11 5000 1000 0.95 0.5 0.4 1 0.8
1.21887600887567 0.529508202216679 "experimento_11" 11 5000 1000 0.95 0.5 0.4 1 0.8
0.999044817173854 0.481742760854626 "experimento_11" 11 5000 1000 0.95 0.5 0.4 1 0.8
0.997095079626888 0.507335727206595 "experimento_11" 11 5000 1000 0.95 0.5 0.4 1 0.8
0.997979991603643 0.462807670702741 "experimento_11" 11 5000 1000 0.95 0.5 0.4 1 0.8
1.00079072831283 0.494667402445505 "experimento_11" 11 5000 1000 0.95 0.5 0.4 1 0.8
0.998896144796163 0.567055791474745 "experimento_11" 11 5000 1000 0.95 0.5 0.4 1 0.8
0.998339971527457 0.586715720371885 "experimento_11" 11 5000 1000 0.95 0.5 0.4 1 0.8
0.998632406583056 0.557904148750251 "experimento_11" 11 5000 1000 0.95 0.5 0.4 1 0.8
1.01127146929502 0.510402524771835 "experimento_11" 11 5000 1000 0.95 0.5 0.4 1 0.8
0.996973359724507 0.521611157266132 "experimento_11" 11 5000 1000 0.95 0.5 0.4 1 0.8
1.00490876401445 0.507684528935605 "experimento_11" 11 5000 1000 0.95 0.5 0.4 1 0.8
1.00434850435704 0.492374020812769 "experimento_11" 11 5000 1000 0.95 0.5 0.4 1 0.8
0.999856297625229 0.50247933265709 "experimento_11" 11 5000 1000 0.95 0.5 0.4 1 0.8
0.999866261146963 0.566381917596127 "experimento_11" 11 5000 1000 0.95 0.5 0.4 1 0.8
0.998218258842826 0.53539360744608 "experimento_11" 11 5000 1000 0.95 0.5 0.4 1 0.8
1.00839403786289 0.503432876179735 "experimento_11" 11 5000 1000 0.95 0.5 0.4 1 0.8
0.998964582337067 0.507070159128876 "experimento_11" 11 5000 1000 0.95 0.5 0.4 1 0.8
1.02523002744976 0.518061635910494 "experimento_11" 11 5000 1000 0.95 0.5 0.4 1 0.8
0.999831749591976 0.463881718974099 "experimento_11" 11 5000 1000 0.95 0.5 0.4 1 0.8
0.997927853371948 0.528967587679091 "experimento_11" 11 5000 1000 0.95 0.5 0.4 1 0.8
0.998100683325902 0.547121904862798 "experimento_11" 11 5000 1000 0.95 0.5 0.4 1 0.8
0.999943132279441 0.492915580488845 "experimento_11" 11 5000 1000 0.95 0.5 0.4 1 0.8
1.43510428443551 0.485390770476264 "experimento_11" 11 5000 1000 0.95 0.5 0.4 1 0.8
0.998546441551298 0.477758088507204 "experimento_11" 11 5000 1000 0.95 0.5 0.4 1 0.8
0.997415855526924 0.515909202142709 "experimento_11" 11 5000 1000 0.95 0.5 0.4 1 0.8
0.998510119272396 0.479353160929852 "experimento_11" 11 5000 1000 0.95 0.5 0.4 1 0.8
0.99976452300325 0.480561956550527 "experimento_11" 11 5000 1000 0.95 0.5 0.4 1 0.8
1.0174755519256 0.4864191516279 "experimento_11" 11 5000 1000 0.95 0.5 0.4 1 0.8
0.998924558516592 0.577420844988097 "experimento_11" 11 5000 1000 0.95 0.5 0.4 1 0.8
0.999875077744946 0.459286107270802 "experimento_11" 11 5000 1000 0.95 0.5 0.4 1 0.8
1.35567523916454 0.462602327258232 "experimento_11" 11 5000 1000 0.95 0.5 0.4 1 0.8
1.2057725133576 0.492794173628813 "experimento_11" 11 5000 1000 0.95 0.5 0.4 1 0.8
1.12032007239759 0.492287918164533 "experimento_11" 11 5000 1000 0.95 0.5 0.4 1 0.8
1.00455820932984 0.550541853945396 "experimento_11" 11 5000 1000 0.95 0.5 0.4 1 0.8
1.00175793501685 0.482992613836273 "experimento_11" 11 5000 1000 0.95 0.5 0.4 1 0.8
1.03278718934605 0.497518058672311 "experimento_11" 11 5000 1000 0.95 0.5 0.4 1 0.8
1.00016903301388 0.497691382425643 "experimento_11" 11 5000 1000 0.95 0.5 0.4 1 0.8
0.999954709084705 0.478411043377123 "experimento_11" 11 5000 1000 0.95 0.5 0.4 1 0.8
0.998117676470429 0.5340181994445 "experimento_11" 11 5000 1000 0.95 0.5 0.4 1 0.8
1.00114793982357 0.483837295504765 "experimento_11" 11 5000 1000 0.95 0.5 0.4 1 0.8
0.996887045679614 0.488915785882028 "experimento_11" 11 5000 1000 0.95 0.5 0.4 1 0.8
1.02241918981376 0.487482382591839 "experimento_11" 11 5000 1000 0.95 0.5 0.4 1 0.8
0.99995904113166 0.488919015807757 "experimento_11" 11 5000 1000 0.95 0.5 0.4 1 0.8
0.999821215635166 0.50075812228578 "experimento_11" 11 5000 1000 0.95 0.5 0.4 1 0.8
0.999787253560498 0.573823052243965 "experimento_11" 11 5000 1000 0.95 0.5 0.4 1 0.8
1.07155038510883 0.486079903093202 "experimento_11" 11 5000 1000 0.95 0.5 0.4 1 0.8
1.13471860904247 0.478046537328762 "experimento_11" 11 5000 1000 0.95 0.5 0.4 1 0.8
0.999678962631151 0.501377156025853 "experimento_11" 11 5000 1000 0.95 0.5 0.4 1 0.8
0.997970639029518 0.49536517685061 "experimento_11" 11 5000 1000 0.95 0.5 0.4 1 0.8
0.997576862340793 0.522178508871866 "experimento_11" 11 5000 1000 0.95 0.5 0.4 1 0.8
1.00542500894517 0.464857088722378 "experimento_11" 11 5000 1000 0.95 0.5 0.4 1 0.8
0.999536087037995 0.463443738593443 "experimento_11" 11 5000 1000 0.95 0.5 0.4 1 0.8
0.998907179106027 0.542536414960408 "experimento_11" 11 5000 1000 0.95 0.5 0.4 1 0.8
0.999844418140128 0.501989040407532 "experimento_11" 11 5000 1000 0.95 0.5 0.4 1 0.8
0.999241035431623 0.505396195581481 "experimento_11" 11 5000 1000 0.95 0.5 0.4 1 0.8
1.26439741998911 0.498479642964763 "experimento_11" 11 5000 1000 0.95 0.5 0.4 1 0.8
0.999377368250862 0.51076958845517 "experimento_11" 11 5000 1000 0.95 0.5 0.4 1 0.8
1.00310297310352 0.51336808979008 "experimento_11" 11 5000 1000 0.95 0.5 0.4 1 0.8
0.996491551864892 0.588629783963468 "experimento_11" 11 5000 1000 0.95 0.5 0.4 1 0.8
1.08777981810272 0.519911145768773 "experimento_11" 11 5000 1000 0.95 0.5 0.4 1 0.8
0.998467489378527 0.563899861983735 "experimento_11" 11 5000 1000 0.95 0.5 0.4 1 0.8
1.00095870066434 0.548422192293979 "experimento_11" 11 5000 1000 0.95 0.5 0.4 1 0.8
1.05223141331226 0.509766937026346 "experimento_11" 11 5000 1000 0.95 0.5 0.4 1 0.8
0.997834861045703 0.557233764633874 "experimento_11" 11 5000 1000 0.95 0.5 0.4 1 0.8
1.00656063761562 0.507819622292742 "experimento_11" 11 5000 1000 0.95 0.5 0.4 1 0.8
1.01009991113096 0.442459181451277 "experimento_11" 11 5000 1000 0.95 0.5 0.4 1 0.8
1.00313983248486 0.518489740553612 "experimento_11" 11 5000 1000 0.95 0.5 0.4 1 0.8
0.998997284565121 0.558383716022989 "experimento_11" 11 5000 1000 0.95 0.5 0.4 1 0.8
0.998164220014587 0.563752751694837 "experimento_11" 11 5000 1000 0.95 0.5 0.4 1 0.8
0.999719185056165 0.488843045966175 "experimento_11" 11 5000 1000 0.95 0.5 0.4 1 0.8
0.998925838852301 0.522126919047875 "experimento_11" 11 5000 1000 0.95 0.5 0.4 1 0.8
0.999220023630187 0.497014847164647 "experimento_11" 11 5000 1000 0.95 0.5 0.4 1 0.8
0.999976777937263 0.541798131865747 "experimento_11" 11 5000 1000 0.95 0.5 0.4 1 0.8
1.04670180007815 0.520073983441705 "experimento_11" 11 5000 1000 0.95 0.5 0.4 1 0.8
1.11075177620145 0.493310804610167 "experimento_11" 11 5000 1000 0.95 0.5 0.4 1 0.8
1.26124239599803 0.533780141987484 "experimento_11" 11 5000 1000 0.95 0.5 0.4 1 0.8
0.997755090240389 0.534123666142956 "experimento_11" 11 5000 1000 0.95 0.5 0.4 1 0.8
0.997058495646343 0.525814154574031 "experimento_11" 11 5000 1000 0.95 0.5 0.4 1 0.8
0.999649840174243 0.547252025988957 "experimento_11" 11 5000 1000 0.95 0.5 0.4 1 0.8
0.999637422850356 0.477392862014692 "experimento_11" 11 5000 1000 0.95 0.5 0.4 1 0.8
1.00059499141893 0.482813305299621 "experimento_11" 11 5000 1000 0.95 0.5 0.4 1 0.8
1.19539950601757 0.458303350756355 "experimento_11" 11 5000 1000 0.95 0.5 0.4 1 0.8
0.999856000300497 0.452351251704668 "experimento_11" 11 5000 1000 0.95 0.5 0.4 1 0.8
1.13220427348669 0.475505954002676 "experimento_11" 11 5000 1000 0.95 0.5 0.4 1 0.8
0.999576522735879 0.498539665940847 "experimento_11" 11 5000 1000 0.95 0.5 0.4 1 0.8
0.999492050148547 0.567320232794866 "experimento_11" 11 5000 1000 0.95 0.5 0.4 1 0.8
0.997442172141746 0.499764597290109 "experimento_11" 11 5000 1000 0.95 0.5 0.4 1 0.8
1.67582944221795 0.450064455924915 "experimento_11" 11 5000 1000 0.95 0.5 0.4 1 0.8
0.99813828500919 0.52378965771685 "experimento_11" 11 5000 1000 0.95 0.5 0.4 1 0.8
0.997985699214041 0.524950976319693 "experimento_11" 11 5000 1000 0.95 0.5 0.4 1 0.8
1.04722784415478 0.52478023086065 "experimento_11" 11 5000 1000 0.95 0.5 0.4 1 0.8
1.00450357662081 0.495932201239248 "experimento_11" 11 5000 1000 0.95 0.5 0.4 1 0.8
0.997282390482724 0.516277041254333 "experimento_11" 11 5000 1000 0.95 0.5 0.4 1 0.8
1.18775106909857 0.476284532099368 "experimento_11" 11 5000 1000 0.95 0.5 0.4 1 0.8
0.998636432923377 0.475450074585531 "experimento_11" 11 5000 1000 0.95 0.5 0.4 1 0.8
0.99923606403172 0.539218968451963 "experimento_11" 11 5000 1000 0.95 0.5 0.4 1 0.8
0.999278993578628 0.532362808146248 "experimento_11" 11 5000 1000 0.95 0.5 0.4 1 0.8
1.2943762242794 0.55013052446233 "experimento_11" 11 5000 1000 0.95 0.5 0.4 1 0.8
0.999921115115285 0.500167246639185 "experimento_11" 11 5000 1000 0.95 0.5 0.4 1 0.8
0.996519185835496 0.50947855907361 "experimento_11" 11 5000 1000 0.95 0.5 0.4 1 0.8
1.0008218344301 0.440518171801331 "experimento_11" 11 5000 1000 0.95 0.5 0.4 1 0.8
0.999735168879852 0.463956275898786 "experimento_11" 11 5000 1000 0.95 0.5 0.4 1 0.8
0.997501651290804 0.530667708322882 "experimento_11" 11 5000 1000 0.95 0.5 0.4 1 0.8
0.997256518341601 0.463129522422475 "experimento_11" 11 5000 1000 0.95 0.5 0.4 1 0.8
0.997442515799776 0.514506767544753 "experimento_11" 11 5000 1000 0.95 0.5 0.4 1 0.8
0.999672404956073 0.517460461784322 "experimento_11" 11 5000 1000 0.95 0.5 0.4 1 0.8
0.998550312360749 0.506128610402449 "experimento_11" 11 5000 1000 0.95 0.5 0.4 1 0.8
1.04263979475945 0.473356896922019 "experimento_11" 11 5000 1000 0.95 0.5 0.4 1 0.8
1.00460711213379 0.539825717518678 "experimento_11" 11 5000 1000 0.95 0.5 0.4 1 0.8
0.999974093865603 0.511360077060084 "experimento_11" 11 5000 1000 0.95 0.5 0.4 1 0.8
0.999133653240278 0.550711613012673 "experimento_11" 11 5000 1000 0.95 0.5 0.4 1 0.8
0.9996920353733 0.537098803968515 "experimento_11" 11 5000 1000 0.95 0.5 0.4 1 0.8
1.00415398925543 0.551150600070152 "experimento_11" 11 5000 1000 0.95 0.5 0.4 1 0.8
1.30568009708077 0.49958367780496 "experimento_11" 11 5000 1000 0.95 0.5 0.4 1 0.8
1.4012232972309 0.557157788863225 "experimento_11" 11 5000 1000 0.95 0.5 0.4 1 0.8
1.02888192422688 0.533196294783921 "experimento_11" 11 5000 1000 0.95 0.5 0.4 1 0.8
1.29513865150511 0.458228333382727 "experimento_11" 11 5000 1000 0.95 0.5 0.4 1 0.8
0.998119807103649 0.465777739832117 "experimento_11" 11 5000 1000 0.95 0.5 0.4 1 0.8
1.0004750629887 0.516385157709916 "experimento_11" 11 5000 1000 0.95 0.5 0.4 1 0.8
0.999500923091546 0.55425721640702 "experimento_11" 11 5000 1000 0.95 0.5 0.4 1 0.8
0.998806795105338 0.52832384809602 "experimento_11" 11 5000 1000 0.95 0.5 0.4 1 0.8
0.999220599420369 0.513034508352772 "experimento_11" 11 5000 1000 0.95 0.5 0.4 1 0.8
1.01563831884414 0.427653973827676 "experimento_11" 11 5000 1000 0.95 0.5 0.4 1 0.8
1.00236895528378 0.470500998221776 "experimento_11" 11 5000 1000 0.95 0.5 0.4 1 0.8
1.00479352567345 0.508802025611889 "experimento_11" 11 5000 1000 0.95 0.5 0.4 1 0.8
0.998011235147715 0.480418681594623 "experimento_11" 11 5000 1000 0.95 0.5 0.4 1 0.8
0.999545838218182 0.499151041281971 "experimento_11" 11 5000 1000 0.95 0.5 0.4 1 0.8
0.997819491196424 0.546977926500607 "experimento_11" 11 5000 1000 0.95 0.5 0.4 1 0.8
1.57016448117793 0.480692551837886 "experimento_11" 11 5000 1000 0.95 0.5 0.4 1 0.8
0.998856557300314 0.505005133343655 "experimento_11" 11 5000 1000 0.95 0.5 0.4 1 0.8
0.999827624997124 0.473159091684162 "experimento_11" 11 5000 1000 0.95 0.5 0.4 1 0.8
0.997635471401736 0.49248977486709 "experimento_11" 11 5000 1000 0.95 0.5 0.4 1 0.8
1.16411523646389 0.493595362025969 "experimento_11" 11 5000 1000 0.95 0.5 0.4 1 0.8
0.999904680997133 0.509508177350952 "experimento_11" 11 5000 1000 0.95 0.5 0.4 1 0.8
0.998435199959204 0.478950487434096 "experimento_11" 11 5000 1000 0.95 0.5 0.4 1 0.8
0.997768410248682 0.494044696952036 "experimento_11" 11 5000 1000 0.95 0.5 0.4 1 0.8
1.01343486848154 0.502555166785688 "experimento_11" 11 5000 1000 0.95 0.5 0.4 1 0.8
0.999063512310386 0.513115597312717 "experimento_11" 11 5000 1000 0.95 0.5 0.4 1 0.8
0.998066721018404 0.533919734966732 "experimento_11" 11 5000 1000 0.95 0.5 0.4 1 0.8
0.998267822898924 0.571815560881447 "experimento_11" 11 5000 1000 0.95 0.5 0.4 1 0.8
1.00733468029648 0.533159745328479 "experimento_11" 11 5000 1000 0.95 0.5 0.4 1 0.8
1.10181281528255 0.462935139344815 "experimento_11" 11 5000 1000 0.95 0.5 0.4 1 0.8
0.999849303159863 0.477081549333909 "experimento_11" 11 5000 1000 0.95 0.5 0.4 1 0.8
0.999393801437691 0.534068851181443 "experimento_11" 11 5000 1000 0.95 0.5 0.4 1 0.8
0.994054940063506 0.536702220549403 "experimento_11" 11 5000 1000 0.95 0.5 0.4 1 0.8
1.0157541949302 0.5240155185415 "experimento_11" 11 5000 1000 0.95 0.5 0.4 1 0.8
0.999970623990521 0.494395314316999 "experimento_11" 11 5000 1000 0.95 0.5 0.4 1 0.8
1.01657176697066 0.496101843909201 "experimento_11" 11 5000 1000 0.95 0.5 0.4 1 0.8
0.998592021642253 0.471629110117911 "experimento_11" 11 5000 1000 0.95 0.5 0.4 1 0.8
1.00497662000895 0.467944795809128 "experimento_11" 11 5000 1000 0.95 0.5 0.4 1 0.8
1.21658433694392 0.46245449630622 "experimento_11" 11 5000 1000 0.95 0.5 0.4 1 0.8
0.998176876688376 0.457509933872079 "experimento_11" 11 5000 1000 0.95 0.5 0.4 1 0.8
0.999678812688217 0.483770742110899 "experimento_11" 11 5000 1000 0.95 0.5 0.4 1 0.8
0.999861636664718 0.519614211579034 "experimento_11" 11 5000 1000 0.95 0.5 0.4 1 0.8
0.999318062094972 0.510696512123924 "experimento_11" 11 5000 1000 0.95 0.5 0.4 1 0.8
0.999681132147089 0.503837267941539 "experimento_11" 11 5000 1000 0.95 0.5 0.4 1 0.8
1.00543052516878 0.47819612190198 "experimento_11" 11 5000 1000 0.95 0.5 0.4 1 0.8
1.00130278989673 0.489570119217698 "experimento_11" 11 5000 1000 0.95 0.5 0.4 1 0.8
0.998381706885993 0.584532951274311 "experimento_11" 11 5000 1000 0.95 0.5 0.4 1 0.8
0.998626427724957 0.549467017512774 "experimento_11" 11 5000 1000 0.95 0.5 0.4 1 0.8
1.08602392766625 0.425048158591554 "experimento_11" 11 5000 1000 0.95 0.5 0.4 1 0.8
0.999364604474977 0.49526609896227 "experimento_11" 11 5000 1000 0.95 0.5 0.4 1 0.8
1.00534251768144 0.455504011262825 "experimento_11" 11 5000 1000 0.95 0.5 0.4 1 0.8
1.02085250128942 0.530850177097765 "experimento_11" 11 5000 1000 0.95 0.5 0.4 1 0.8
0.999865993391722 0.476660152313322 "experimento_11" 11 5000 1000 0.95 0.5 0.4 1 0.8
1.00887783826709 0.451529257163306 "experimento_11" 11 5000 1000 0.95 0.5 0.4 1 0.8
1.00280333803303 0.438765065956572 "experimento_11" 11 5000 1000 0.95 0.5 0.4 1 0.8
1.23975767123881 0.483002235527705 "experimento_11" 11 5000 1000 0.95 0.5 0.4 1 0.8
0.997877126792446 0.501217231810368 "experimento_11" 11 5000 1000 0.95 0.5 0.4 1 0.8
0.998238351196051 0.539673893079602 "experimento_11" 11 5000 1000 0.95 0.5 0.4 1 0.8
1.02984204926553 0.423823996625908 "experimento_11" 11 5000 1000 0.95 0.5 0.4 1 0.8
1.07465145237672 0.444294895613446 "experimento_11" 11 5000 1000 0.95 0.5 0.4 1 0.8
0.998619350371882 0.499004649882291 "experimento_11" 11 5000 1000 0.95 0.5 0.4 1 0.8
0.999821476871148 0.435582142526657 "experimento_11" 11 5000 1000 0.95 0.5 0.4 1 0.8
0.999068026430905 0.447664033743217 "experimento_11" 11 5000 1000 0.95 0.5 0.4 1 0.8
0.998430817155167 0.479664228783855 "experimento_11" 11 5000 1000 0.95 0.5 0.4 1 0.8
0.999883924145252 0.53068291517036 "experimento_11" 11 5000 1000 0.95 0.5 0.4 1 0.8
0.995721106650308 0.526268516816092 "experimento_11" 11 5000 1000 0.95 0.5 0.4 1 0.8
1.05502741381184 0.518920522054846 "experimento_11" 11 5000 1000 0.95 0.5 0.4 1 0.8
1.00629819277674 0.484598555751561 "experimento_11" 11 5000 1000 0.95 0.5 0.4 1 0.8
0.998466378543526 0.497268503950561 "experimento_11" 11 5000 1000 0.95 0.5 0.4 1 0.8
0.996430643368512 0.49622904579488 "experimento_11" 11 5000 1000 0.95 0.5 0.4 1 0.8
1.62151126470417 0.438336137702016 "experimento_11" 11 5000 1000 0.95 0.5 0.4 1 0.8
1.45784362632666 0.440866472264071 "experimento_11" 11 5000 1000 0.95 0.5 0.4 1 0.8
0.998986505204812 0.555363971570925 "experimento_11" 11 5000 1000 0.95 0.5 0.4 1 0.8
0.998913596849889 0.506753237343335 "experimento_11" 11 5000 1000 0.95 0.5 0.4 1 0.8
1.00155071616141 0.457817705679731 "experimento_11" 11 5000 1000 0.95 0.5 0.4 1 0.8
0.997190719237551 0.531782523474621 "experimento_11" 11 5000 1000 0.95 0.5 0.4 1 0.8
0.996912762522697 0.51549126131744 "experimento_11" 11 5000 1000 0.95 0.5 0.4 1 0.8
0.998886332614347 0.544018982012561 "experimento_11" 11 5000 1000 0.95 0.5 0.4 1 0.8
1.07146747729658 0.471010192983816 "experimento_11" 11 5000 1000 0.95 0.5 0.4 1 0.8
0.999951415928081 0.504989713271851 "experimento_11" 11 5000 1000 0.95 0.5 0.4 1 0.8
0.999718378065154 0.488913625245395 "experimento_11" 11 5000 1000 0.95 0.5 0.4 1 0.8
0.999959066510201 0.51099691257479 "experimento_11" 11 5000 1000 0.95 0.5 0.4 1 0.8
1.01479400321841 0.477346331815218 "experimento_11" 11 5000 1000 0.95 0.5 0.4 1 0.8
0.999637573957443 0.477060702690168 "experimento_11" 11 5000 1000 0.95 0.5 0.4 1 0.8
1.00640030157864 0.480773291053245 "experimento_11" 11 5000 1000 0.95 0.5 0.4 1 0.8
0.998031575698406 0.549942217201279 "experimento_11" 11 5000 1000 0.95 0.5 0.4 1 0.8
1.0249390886882 0.449476173699032 "experimento_11" 11 5000 1000 0.95 0.5 0.4 1 0.8
1.01998563762754 0.458749286181462 "experimento_11" 11 5000 1000 0.95 0.5 0.4 1 0.8
0.999017851194367 0.481388052630903 "experimento_11" 11 5000 1000 0.95 0.5 0.4 1 0.8
1.00191003413058 0.518697916344103 "experimento_11" 11 5000 1000 0.95 0.5 0.4 1 0.8
1.00149833868897 0.546720344598865 "experimento_11" 11 5000 1000 0.95 0.5 0.4 1 0.8
0.997890849364921 0.464854189859998 "experimento_11" 11 5000 1000 0.95 0.5 0.4 1 0.8
0.99779591569677 0.560737853430917 "experimento_11" 11 5000 1000 0.95 0.5 0.4 1 0.8
1.01565063931048 0.528686553995585 "experimento_11" 11 5000 1000 0.95 0.5 0.4 1 0.8
0.99779651989229 0.477725473687716 "experimento_11" 11 5000 1000 0.95 0.5 0.4 1 0.8
1.00201095519191 0.576621125629661 "experimento_11" 11 5000 1000 0.95 0.5 0.4 1 0.8
1.39218908082694 0.493698948962956 "experimento_11" 11 5000 1000 0.95 0.5 0.4 1 0.8
0.998950569657609 0.527445615564502 "experimento_11" 11 5000 1000 0.95 0.5 0.4 1 0.8
0.9977250485681 0.467845278038201 "experimento_11" 11 5000 1000 0.95 0.5 0.4 1 0.8
1.78374420292675 0.535376373629965 "experimento_11" 11 5000 1000 0.95 0.5 0.4 1 0.8
0.998352083843201 0.53959826360668 "experimento_11" 11 5000 1000 0.95 0.5 0.4 1 0.8
1.05188062107571 0.513312349717244 "experimento_11" 11 5000 1000 0.95 0.5 0.4 1 0.8
0.999347093049437 0.510570487897374 "experimento_11" 11 5000 1000 0.95 0.5 0.4 1 0.8
0.99629043112509 0.532623827405742 "experimento_11" 11 5000 1000 0.95 0.5 0.4 1 0.8
1.24870058578959 0.468673169820638 "experimento_11" 11 5000 1000 0.95 0.5 0.4 1 0.8
1.07161056995392 0.518316801836078 "experimento_11" 11 5000 1000 0.95 0.5 0.4 1 0.8
1.00190712884068 0.431273644025165 "experimento_11" 11 5000 1000 0.95 0.5 0.4 1 0.8
0.999218245735392 0.558402230165582 "experimento_11" 11 5000 1000 0.95 0.5 0.4 1 0.8
1.20660099294037 0.48042573044266 "experimento_11" 11 5000 1000 0.95 0.5 0.4 1 0.8
0.999953055754304 0.470476401313812 "experimento_11" 11 5000 1000 0.95 0.5 0.4 1 0.8
0.998726829187945 0.499491776935928 "experimento_11" 11 5000 1000 0.95 0.5 0.4 1 0.8
0.997262309771031 0.503116347471259 "experimento_11" 11 5000 1000 0.95 0.5 0.4 1 0.8
1.00031564943492 0.480758603632271 "experimento_11" 11 5000 1000 0.95 0.5 0.4 1 0.8
0.998743122909218 0.580016949574348 "experimento_11" 11 5000 1000 0.95 0.5 0.4 1 0.8
0.99676569364965 0.521918824629108 "experimento_11" 11 5000 1000 0.95 0.5 0.4 1 0.8
0.99978176318109 0.525248628749373 "experimento_11" 11 5000 1000 0.95 0.5 0.4 1 0.8
0.99988493649289 0.520155596212526 "experimento_11" 11 5000 1000 0.95 0.5 0.4 1 0.8
0.999816151801497 0.486058039709086 "experimento_11" 11 5000 1000 0.95 0.5 0.4 1 0.8
0.997914143372327 0.471751009248066 "experimento_11" 11 5000 1000 0.95 0.5 0.4 1 0.8
0.997933631762862 0.551362144622971 "experimento_11" 11 5000 1000 0.95 0.5 0.4 1 0.8
0.999960344750434 0.550637849172428 "experimento_11" 11 5000 1000 0.95 0.5 0.4 1 0.8
0.999298836104572 0.530583625618741 "experimento_11" 11 5000 1000 0.95 0.5 0.4 1 0.8
1.04290925548111 0.513552135309149 "experimento_11" 11 5000 1000 0.95 0.5 0.4 1 0.8
1.01772943260397 0.503504180951802 "experimento_11" 11 5000 1000 0.95 0.5 0.4 1 0.8
0.998378214426339 0.513634099438375 "experimento_11" 11 5000 1000 0.95 0.5 0.4 1 0.8
0.99838531948626 0.543603539650798 "experimento_11" 11 5000 1000 0.95 0.5 0.4 1 0.8
0.997975726379082 0.490118495070953 "experimento_11" 11 5000 1000 0.95 0.5 0.4 1 0.8
0.998115371912718 0.560813724200087 "experimento_11" 11 5000 1000 0.95 0.5 0.4 1 0.8
0.995169340400025 0.522242879889045 "experimento_11" 11 5000 1000 0.95 0.5 0.4 1 0.8
0.999556610826403 0.517406325530122 "experimento_11" 11 5000 1000 0.95 0.5 0.4 1 0.8
0.998309481423348 0.48081553760066 "experimento_11" 11 5000 1000 0.95 0.5 0.4 1 0.8
0.999405457871035 0.517899781589526 "experimento_11" 11 5000 1000 0.95 0.5 0.4 1 0.8
0.997217152034864 0.551741133925747 "experimento_11" 11 5000 1000 0.95 0.5 0.4 1 0.8
1.01032584160566 0.485364505873718 "experimento_11" 11 5000 1000 0.95 0.5 0.4 1 0.8
0.999252746580169 0.534478783560832 "experimento_11" 11 5000 1000 0.95 0.5 0.4 1 0.8
1.03860728722066 0.472392282476291 "experimento_11" 11 5000 1000 0.95 0.5 0.4 1 0.8
1.05455173337803 0.473943848377895 "experimento_11" 11 5000 1000 0.95 0.5 0.4 1 0.8
0.99725629366003 0.509066397676742 "experimento_11" 11 5000 1000 0.95 0.5 0.4 1 0.8
1.03675981763907 0.523065638760121 "experimento_11" 11 5000 1000 0.95 0.5 0.4 1 0.8
1.34399412257721 0.490921971062047 "experimento_11" 11 5000 1000 0.95 0.5 0.4 1 0.8
0.997126860311255 0.587952882513932 "experimento_11" 11 5000 1000 0.95 0.5 0.4 1 0.8
1.02797813434154 0.494030047753722 "experimento_11" 11 5000 1000 0.95 0.5 0.4 1 0.8
0.999936278676614 0.525356062517677 "experimento_11" 11 5000 1000 0.95 0.5 0.4 1 0.8
0.996678105322644 0.569366560704192 "experimento_11" 11 5000 1000 0.95 0.5 0.4 1 0.8
1.26126962527633 0.493856752964546 "experimento_11" 11 5000 1000 0.95 0.5 0.4 1 0.8
0.999634754611179 0.515882818105698 "experimento_11" 11 5000 1000 0.95 0.5 0.4 1 0.8
0.999319424619898 0.513579362773243 "experimento_11" 11 5000 1000 0.95 0.5 0.4 1 0.8
1.00052442401648 0.471176541814072 "experimento_11" 11 5000 1000 0.95 0.5 0.4 1 0.8
1.33351612564034 0.436776477126061 "experimento_11" 11 5000 1000 0.95 0.5 0.4 1 0.8
0.99997961288318 0.448273876501905 "experimento_11" 11 5000 1000 0.95 0.5 0.4 1 0.8
0.998472378589213 0.496705881610072 "experimento_11" 11 5000 1000 0.95 0.5 0.4 1 0.8
1.11804764717817 0.453012167301511 "experimento_11" 11 5000 1000 0.95 0.5 0.4 1 0.8
1.55175875406712 0.450538596524563 "experimento_11" 11 5000 1000 0.95 0.5 0.4 1 0.8
0.999745967797935 0.457349219720418 "experimento_11" 11 5000 1000 0.95 0.5 0.4 1 0.8
1.21910622902215 0.464651823367163 "experimento_11" 11 5000 1000 0.95 0.5 0.4 1 0.8
0.996652567060664 0.516674843082527 "experimento_11" 11 5000 1000 0.95 0.5 0.4 1 0.8
1.56814620643854 0.449021413873406 "experimento_11" 11 5000 1000 0.95 0.5 0.4 1 0.8
0.999371564248577 0.489819189936317 "experimento_11" 11 5000 1000 0.95 0.5 0.4 1 0.8
0.997711216332391 0.488128299888682 "experimento_11" 11 5000 1000 0.95 0.5 0.4 1 0.8
0.997741308761761 0.548159470792933 "experimento_11" 11 5000 1000 0.95 0.5 0.4 1 0.8
1.00891681946814 0.506872326104061 "experimento_11" 11 5000 1000 0.95 0.5 0.4 1 0.8
0.999336343025789 0.473919881102866 "experimento_11" 11 5000 1000 0.95 0.5 0.4 1 0.8
0.999782955739647 0.489149433332924 "experimento_11" 11 5000 1000 0.95 0.5 0.4 1 0.8
0.998539977474138 0.546273999793967 "experimento_11" 11 5000 1000 0.95 0.5 0.4 1 0.8
0.999824868049473 0.530996288899166 "experimento_11" 11 5000 1000 0.95 0.5 0.4 1 0.8
0.996387968072668 0.578013164917919 "experimento_11" 11 5000 1000 0.95 0.5 0.4 1 0.8
0.997405598405749 0.520834995769348 "experimento_11" 11 5000 1000 0.95 0.5 0.4 1 0.8
0.998943131184205 0.569233842461214 "experimento_11" 11 5000 1000 0.95 0.5 0.4 1 0.8
0.999739265302196 0.521751644184495 "experimento_11" 11 5000 1000 0.95 0.5 0.4 1 0.8
0.998423961922526 0.521003130272404 "experimento_11" 11 5000 1000 0.95 0.5 0.4 1 0.8
0.999842780409381 0.486495049379345 "experimento_11" 11 5000 1000 0.95 0.5 0.4 1 0.8
0.999691407196224 0.504898255339658 "experimento_11" 11 5000 1000 0.95 0.5 0.4 1 0.8
1.00199326872826 0.54663311326965 "experimento_11" 11 5000 1000 0.95 0.5 0.4 1 0.8
0.997699927072972 0.517759237248246 "experimento_11" 11 5000 1000 0.95 0.5 0.4 1 0.8
0.997585722710937 0.526963071762943 "experimento_11" 11 5000 1000 0.95 0.5 0.4 1 0.8
0.999427761649713 0.505305645956401 "experimento_11" 11 5000 1000 0.95 0.5 0.4 1 0.8
1.59321531746536 0.449133349585069 "experimento_11" 11 5000 1000 0.95 0.5 0.4 1 0.8
0.999869135441259 0.487257680947867 "experimento_11" 11 5000 1000 0.95 0.5 0.4 1 0.8
1.562604223378 0.449317242865354 "experimento_11" 11 5000 1000 0.95 0.5 0.4 1 0.8
0.99999102531001 0.482283866022745 "experimento_11" 11 5000 1000 0.95 0.5 0.4 1 0.8
0.997551501961425 0.479302427928703 "experimento_11" 11 5000 1000 0.95 0.5 0.4 1 0.8
0.999727474991232 0.469282596628872 "experimento_11" 11 5000 1000 0.95 0.5 0.4 1 0.8
1.02083860896528 0.557773099605525 "experimento_11" 11 5000 1000 0.95 0.5 0.4 1 0.8
0.999534185044467 0.546574911638838 "experimento_11" 11 5000 1000 0.95 0.5 0.4 1 0.8
0.999627988087013 0.505136273025282 "experimento_11" 11 5000 1000 0.95 0.5 0.4 1 0.8
1.00019390042871 0.58458641051551 "experimento_11" 11 5000 1000 0.95 0.5 0.4 1 0.8
0.998680585529655 0.483947207324348 "experimento_11" 11 5000 1000 0.95 0.5 0.4 1 0.8
1.62156930472702 0.432178993546161 "experimento_11" 11 5000 1000 0.95 0.5 0.4 1 0.8
0.998766409000382 0.50523893634119 "experimento_11" 11 5000 1000 0.95 0.5 0.4 1 0.8
1.0101309241727 0.453575209328221 "experimento_11" 11 5000 1000 0.95 0.5 0.4 1 0.8
0.998385195154697 0.524294311073509 "experimento_11" 11 5000 1000 0.95 0.5 0.4 1 0.8
0.99987759697251 0.52155113096635 "experimento_11" 11 5000 1000 0.95 0.5 0.4 1 0.8
1.02942349976457 0.462356829545985 "experimento_11" 11 5000 1000 0.95 0.5 0.4 1 0.8
1.07139836344868 0.470016210373063 "experimento_11" 11 5000 1000 0.95 0.5 0.4 1 0.8
1.24411374953526 0.483831648774345 "experimento_11" 11 5000 1000 0.95 0.5 0.4 1 0.8
0.998154784785584 0.532594626699122 "experimento_11" 11 5000 1000 0.95 0.5 0.4 1 0.8
1.06798205617815 0.512401320411583 "experimento_11" 11 5000 1000 0.95 0.5 0.4 1 0.8
0.996753637678921 0.502700701706235 "experimento_11" 11 5000 1000 0.95 0.5 0.4 1 0.8
0.998840160202235 0.539833737391545 "experimento_11" 11 5000 1000 0.95 0.5 0.4 1 0.8
1.08044374482664 0.471049669554183 "experimento_11" 11 5000 1000 0.95 0.5 0.4 1 0.8
0.999276431743056 0.481945142888823 "experimento_11" 11 5000 1000 0.95 0.5 0.4 1 0.8
0.998284057015553 0.516007428502481 "experimento_11" 11 5000 1000 0.95 0.5 0.4 1 0.8
0.997924306895584 0.537567385282004 "experimento_11" 11 5000 1000 0.95 0.5 0.4 1 0.8
0.998224067268893 0.488000544758226 "experimento_11" 11 5000 1000 0.95 0.5 0.4 1 0.8
0.997261036653072 0.512621958630504 "experimento_11" 11 5000 1000 0.95 0.5 0.4 1 0.8
0.999619887210429 0.51782914113645 "experimento_11" 11 5000 1000 0.95 0.5 0.4 1 0.8
0.998909191228449 0.527096033487578 "experimento_11" 11 5000 1000 0.95 0.5 0.4 1 0.8
0.999455461278558 0.48790945825878 "experimento_11" 11 5000 1000 0.95 0.5 0.4 1 0.8
0.999804245075211 0.53088305989691 "experimento_11" 11 5000 1000 0.95 0.5 0.4 1 0.8
0.998466809745878 0.548874701755949 "experimento_11" 11 5000 1000 0.95 0.5 0.4 1 0.8
0.999931106809527 0.467982701397921 "experimento_11" 11 5000 1000 0.95 0.5 0.4 1 0.8
1.01832758076489 0.465868496788538 "experimento_11" 11 5000 1000 0.95 0.5 0.4 1 0.8
0.999771071132272 0.52515361657334 "experimento_11" 11 5000 1000 0.95 0.5 0.4 1 0.8
0.999781118007377 0.533544580979479 "experimento_11" 11 5000 1000 0.95 0.5 0.4 1 0.8
1.0869870033303 0.553745667309881 "experimento_11" 11 5000 1000 0.95 0.5 0.4 1 0.8
0.998655884061009 0.544965934234594 "experimento_11" 11 5000 1000 0.95 0.5 0.4 1 0.8
0.99985373346135 0.466340747059465 "experimento_11" 11 5000 1000 0.95 0.5 0.4 1 0.8
0.999503999948502 0.445805272107746 "experimento_11" 11 5000 1000 0.95 0.5 0.4 1 0.8
1.01774809416384 0.514101546491169 "experimento_11" 11 5000 1000 0.95 0.5 0.4 1 0.8
0.997834554640576 0.51554606132625 "experimento_11" 11 5000 1000 0.95 0.5 0.4 1 0.8
0.99974952894263 0.441732955284438 "experimento_11" 11 5000 1000 0.95 0.5 0.4 1 0.8
0.999612181913108 0.54254001411005 "experimento_11" 11 5000 1000 0.95 0.5 0.4 1 0.8
0.998906096676365 0.478780795157645 "experimento_11" 11 5000 1000 0.95 0.5 0.4 1 0.8
0.999692466342822 0.515224361759228 "experimento_11" 11 5000 1000 0.95 0.5 0.4 1 0.8
1.04616633523256 0.488923259729742 "experimento_11" 11 5000 1000 0.95 0.5 0.4 1 0.8
0.997734918957576 0.561395266636371 "experimento_11" 11 5000 1000 0.95 0.5 0.4 1 0.8
0.999946482945234 0.495978631420825 "experimento_11" 11 5000 1000 0.95 0.5 0.4 1 0.8
0.997452284907922 0.467277077082901 "experimento_11" 11 5000 1000 0.95 0.5 0.4 1 0.8
0.99873035075143 0.50591087899701 "experimento_11" 11 5000 1000 0.95 0.5 0.4 1 0.8
1.35673764612236 0.482391902548509 "experimento_11" 11 5000 1000 0.95 0.5 0.4 1 0.8
0.998693848028779 0.539749640058335 "experimento_11" 11 5000 1000 0.95 0.5 0.4 1 0.8
1.02916250357536 0.497805998960126 "experimento_11" 11 5000 1000 0.95 0.5 0.4 1 0.8
0.995455779135227 0.526753709942523 "experimento_11" 11 5000 1000 0.95 0.5 0.4 1 0.8
1.12510490790009 0.475369862376135 "experimento_11" 11 5000 1000 0.95 0.5 0.4 1 0.8
1.00509664230049 0.500976887642857 "experimento_11" 11 5000 1000 0.95 0.5 0.4 1 0.8
1.20705969352275 0.484448767080814 "experimento_11" 11 5000 1000 0.95 0.5 0.4 1 0.8
1.00001780316234 0.470521943794826 "experimento_11" 11 5000 1000 0.95 0.5 0.4 1 0.8
1.00372399555516 0.472858382027885 "experimento_11" 11 5000 1000 0.95 0.5 0.4 1 0.8
0.999582355143502 0.493477893404569 "experimento_11" 11 5000 1000 0.95 0.5 0.4 1 0.8
0.998072039335966 0.583881499510595 "experimento_11" 11 5000 1000 0.95 0.5 0.4 1 0.8
1.00071218953978 0.539169401438711 "experimento_11" 11 5000 1000 0.95 0.5 0.4 1 0.8
0.99811453698203 0.54047601647222 "experimento_11" 11 5000 1000 0.95 0.5 0.4 1 0.8
0.998772327555344 0.529187296821833 "experimento_11" 11 5000 1000 0.95 0.5 0.4 1 0.8
0.999939180910587 0.463590584047171 "experimento_11" 11 5000 1000 0.95 0.5 0.4 1 0.8
0.999773905845359 0.512232803824661 "experimento_11" 11 5000 1000 0.95 0.5 0.4 1 0.8
1.01786184497178 0.527697782089209 "experimento_11" 11 5000 1000 0.95 0.5 0.4 1 0.8
0.998356487369165 0.509188067338921 "experimento_11" 11 5000 1000 0.95 0.5 0.4 1 0.8
0.999888802412897 0.522547112639772 "experimento_11" 11 5000 1000 0.95 0.5 0.4 1 0.8
0.997495715739205 0.533142802274432 "experimento_11" 11 5000 1000 0.95 0.5 0.4 1 0.8
1.00047513935715 0.487691732282011 "experimento_11" 11 5000 1000 0.95 0.5 0.4 1 0.8
0.999361939961091 0.50983562544026 "experimento_11" 11 5000 1000 0.95 0.5 0.4 1 0.8
0.997471377719194 0.532013938426636 "experimento_11" 11 5000 1000 0.95 0.5 0.4 1 0.8
0.999509287532419 0.535493714162503 "experimento_11" 11 5000 1000 0.95 0.5 0.4 1 0.8
1.00218707881868 0.528789568487986 "experimento_11" 11 5000 1000 0.95 0.5 0.4 1 0.8
0.997474507894367 0.525832800427178 "experimento_11" 11 5000 1000 0.95 0.5 0.4 1 0.8
0.999235924100503 0.513527090598539 "experimento_11" 11 5000 1000 0.95 0.5 0.4 1 0.8
0.999348739394918 0.559942023405803 "experimento_11" 11 5000 1000 0.95 0.5 0.4 1 0.8
0.999066260410473 0.529691464497012 "experimento_11" 11 5000 1000 0.95 0.5 0.4 1 0.8
0.999138723826036 0.552083923069823 "experimento_11" 11 5000 1000 0.95 0.5 0.4 1 0.8
0.999552409397438 0.504352953103003 "experimento_11" 11 5000 1000 0.95 0.5 0.4 1 0.8
1.00954256672412 0.483500253398606 "experimento_11" 11 5000 1000 0.95 0.5 0.4 1 0.8
0.998506180010736 0.510845767151109 "experimento_11" 11 5000 1000 0.95 0.5 0.4 1 0.8
0.99996457924135 0.464773693248102 "experimento_11" 11 5000 1000 0.95 0.5 0.4 1 0.8
1.00284742470831 0.494818911382323 "experimento_11" 11 5000 1000 0.95 0.5 0.4 1 0.8
1.08941643871367 0.515581525914591 "experimento_11" 11 5000 1000 0.95 0.5 0.4 1 0.8
1.24079982936382 0.518074489487134 "experimento_11" 11 5000 1000 0.95 0.5 0.4 1 0.8
1.20247201994061 0.476886623055387 "experimento_11" 11 5000 1000 0.95 0.5 0.4 1 0.8
0.998791632242501 0.478115593566599 "experimento_11" 11 5000 1000 0.95 0.5 0.4 1 0.8
1.0323030884413 0.493029505931016 "experimento_11" 11 5000 1000 0.95 0.5 0.4 1 0.8
0.998666596133262 0.534633837619156 "experimento_11" 11 5000 1000 0.95 0.5 0.4 1 0.8
0.998386854538694 0.533241120478849 "experimento_11" 11 5000 1000 0.95 0.5 0.4 1 0.8
0.999003700446337 0.551703778986188 "experimento_11" 11 5000 1000 0.95 0.5 0.4 1 0.8
0.99990347889252 0.513318491271542 "experimento_11" 11 5000 1000 0.95 0.5 0.4 1 0.8
1.08051639702171 0.539216029770134 "experimento_11" 11 5000 1000 0.95 0.5 0.4 1 0.8
0.99827569280751 0.529405402196919 "experimento_11" 11 5000 1000 0.95 0.5 0.4 1 0.8
0.998686965089291 0.581804935036658 "experimento_11" 11 5000 1000 0.95 0.5 0.4 1 0.8
0.9963787230663 0.562654466282485 "experimento_11" 11 5000 1000 0.95 0.5 0.4 1 0.8
1.05029112936865 0.534937579231026 "experimento_11" 11 5000 1000 0.95 0.5 0.4 1 0.8
1.09117699321359 0.523426458690282 "experimento_11" 11 5000 1000 0.95 0.5 0.4 1 0.8
0.998478030553088 0.560497339865429 "experimento_11" 11 5000 1000 0.95 0.5 0.4 1 0.8
1.00259341392666 0.513136366919738 "experimento_11" 11 5000 1000 0.95 0.5 0.4 1 0.8
0.998579615727067 0.550236042639421 "experimento_11" 11 5000 1000 0.95 0.5 0.4 1 0.8
1.02655051725845 0.486652336751945 "experimento_11" 11 5000 1000 0.95 0.5 0.4 1 0.8
0.999527136329561 0.46779002224435 "experimento_11" 11 5000 1000 0.95 0.5 0.4 1 0.8
1.1443394948263 0.459429079802259 "experimento_11" 11 5000 1000 0.95 0.5 0.4 1 0.8
1.00074484985076 0.437922718774775 "experimento_11" 11 5000 1000 0.95 0.5 0.4 1 0.8
0.996539929648861 0.55982134642422 "experimento_11" 11 5000 1000 0.95 0.5 0.4 1 0.8
0.99989873310551 0.581187605819285 "experimento_11" 11 5000 1000 0.95 0.5 0.4 1 0.8
0.998406175989658 0.530216183521175 "experimento_11" 11 5000 1000 0.95 0.5 0.4 1 0.8
0.999982236884534 0.487086750800828 "experimento_11" 11 5000 1000 0.95 0.5 0.4 1 0.8
0.998251956654713 0.501352218968275 "experimento_11" 11 5000 1000 0.95 0.5 0.4 1 0.8
0.998041748767719 0.544946872693372 "experimento_11" 11 5000 1000 0.95 0.5 0.4 1 0.8
0.999483252875507 0.510322598585154 "experimento_11" 11 5000 1000 0.95 0.5 0.4 1 0.8
0.999606632394716 0.480363213078159 "experimento_11" 11 5000 1000 0.95 0.5 0.4 1 0.8
1.64269541949034 0.464010470223486 "experimento_11" 11 5000 1000 0.95 0.5 0.4 1 0.8
0.996965774800628 0.499670715292076 "experimento_11" 11 5000 1000 0.95 0.5 0.4 1 0.8
1.0236102410263 0.504824847495783 "experimento_11" 11 5000 1000 0.95 0.5 0.4 1 0.8
0.999689791118726 0.575764710563006 "experimento_11" 11 5000 1000 0.95 0.5 0.4 1 0.8
0.998913383344188 0.535609285176156 "experimento_11" 11 5000 1000 0.95 0.5 0.4 1 0.8
0.999952009879053 0.496891458600082 "experimento_11" 11 5000 1000 0.95 0.5 0.4 1 0.8
0.998967829858884 0.472575509124409 "experimento_11" 11 5000 1000 0.95 0.5 0.4 1 0.8
0.999973620753735 0.481420519889591 "experimento_11" 11 5000 1000 0.95 0.5 0.4 1 0.8
0.999738961923867 0.506047466750555 "experimento_11" 11 5000 1000 0.95 0.5 0.4 1 0.8
0.999293693574145 0.512349784514012 "experimento_11" 11 5000 1000 0.95 0.5 0.4 1 0.8
0.99916605791077 0.505836203092427 "experimento_11" 11 5000 1000 0.95 0.5 0.4 1 0.8
0.999899927992374 0.484945780305712 "experimento_11" 11 5000 1000 0.95 0.5 0.4 1 0.8
1.01909495703876 0.470407748262931 "experimento_11" 11 5000 1000 0.95 0.5 0.4 1 0.8
1.35553320698075 0.420987910316704 "experimento_11" 11 5000 1000 0.95 0.5 0.4 1 0.8
1.28511948409812 0.448340354886001 "experimento_11" 11 5000 1000 0.95 0.5 0.4 1 0.8
0.999890266219154 0.500207941110485 "experimento_11" 11 5000 1000 0.95 0.5 0.4 1 0.8
0.99977387744002 0.515494856069728 "experimento_11" 11 5000 1000 0.95 0.5 0.4 1 0.8
1.00118529237807 0.474740173123886 "experimento_11" 11 5000 1000 0.95 0.5 0.4 1 0.8
1.69235033728182 0.461497139603644 "experimento_11" 11 5000 1000 0.95 0.5 0.4 1 0.8
1.01343856099103 0.45249287729873 "experimento_11" 11 5000 1000 0.95 0.5 0.4 1 0.8
1.30238799750805 0.508290137923148 "experimento_11" 11 5000 1000 0.95 0.5 0.4 1 0.8
0.999987933319062 0.508604226882001 "experimento_11" 11 5000 1000 0.95 0.5 0.4 1 0.8
0.999333130428568 0.522396379274149 "experimento_11" 11 5000 1000 0.95 0.5 0.4 1 0.8
0.999442434869707 0.470109548855645 "experimento_11" 11 5000 1000 0.95 0.5 0.4 1 0.8
0.997900499263778 0.573888861203408 "experimento_11" 11 5000 1000 0.95 0.5 0.4 1 0.8
0.999630318954587 0.520565735207172 "experimento_11" 11 5000 1000 0.95 0.5 0.4 1 0.8
1.005879486911 0.485132609065941 "experimento_11" 11 5000 1000 0.95 0.5 0.4 1 0.8
0.999467109097168 0.544001356960939 "experimento_11" 11 5000 1000 0.95 0.5 0.4 1 0.8
0.99893922265619 0.523687972566556 "experimento_11" 11 5000 1000 0.95 0.5 0.4 1 0.8
1.09158211254886 0.493782275382547 "experimento_11" 11 5000 1000 0.95 0.5 0.4 1 0.8
0.999694596743211 0.517149906137115 "experimento_11" 11 5000 1000 0.95 0.5 0.4 1 0.8
1.4392225285992 0.46328473370016 "experimento_11" 11 5000 1000 0.95 0.5 0.4 1 0.8
1.00371322408319 0.561339221718871 "experimento_11" 11 5000 1000 0.95 0.5 0.4 1 0.8
0.999949099030346 0.457200913208278 "experimento_11" 11 5000 1000 0.95 0.5 0.4 1 0.8
1.35388835892081 0.492593465229997 "experimento_11" 11 5000 1000 0.95 0.5 0.4 1 0.8
0.998392242006958 0.552824124735413 "experimento_11" 11 5000 1000 0.95 0.5 0.4 1 0.8
0.999929074663669 0.490455012040462 "experimento_11" 11 5000 1000 0.95 0.5 0.4 1 0.8
0.999898741720244 0.475100651864455 "experimento_11" 11 5000 1000 0.95 0.5 0.4 1 0.8
1.00149800442159 0.501502250671305 "experimento_11" 11 5000 1000 0.95 0.5 0.4 1 0.8
0.999853116925806 0.488891582055735 "experimento_11" 11 5000 1000 0.95 0.5 0.4 1 0.8
0.99879570142366 0.495127727248187 "experimento_11" 11 5000 1000 0.95 0.5 0.4 1 0.8
1.00397537959992 0.532705440461105 "experimento_11" 11 5000 1000 0.95 0.5 0.4 1 0.8
0.999602727824822 0.494977069867353 "experimento_11" 11 5000 1000 0.95 0.5 0.4 1 0.8
0.998533030040562 0.563216265582878 "experimento_11" 11 5000 1000 0.95 0.5 0.4 1 0.8
1.02817800146676 0.49692328300892 "experimento_11" 11 5000 1000 0.95 0.5 0.4 1 0.8
0.999115458456799 0.4754882570293 "experimento_11" 11 5000 1000 0.95 0.5 0.4 1 0.8
0.999902463750914 0.609047436904908 "experimento_11" 11 5000 1000 0.95 0.5 0.4 1 0.8
0.999340428737924 0.500140554842134 "experimento_11" 11 5000 1000 0.95 0.5 0.4 1 0.8
0.999561753822491 0.474196347020637 "experimento_11" 11 5000 1000 0.95 0.5 0.4 1 0.8
0.99814639845863 0.52448195432649 "experimento_11" 11 5000 1000 0.95 0.5 0.4 1 0.8
0.999511687317863 0.506729042251249 "experimento_11" 11 5000 1000 0.95 0.5 0.4 1 0.8
1.00580990062037 0.491845360012017 "experimento_11" 11 5000 1000 0.95 0.5 0.4 1 0.8
0.998056038049981 0.577633478842266 "experimento_11" 11 5000 1000 0.95 0.5 0.4 1 0.8
0.998896007426083 0.554397726130994 "experimento_11" 11 5000 1000 0.95 0.5 0.4 1 0.8
0.997897320659831 0.546931410665687 "experimento_11" 11 5000 1000 0.95 0.5 0.4 1 0.8
0.999952290672809 0.517329246422209 "experimento_11" 11 5000 1000 0.95 0.5 0.4 1 0.8
0.998362899525091 0.534571882339141 "experimento_11" 11 5000 1000 0.95 0.5 0.4 1 0.8
0.999681339832023 0.479160831574723 "experimento_11" 11 5000 1000 0.95 0.5 0.4 1 0.8
1.03305669408292 0.477890031736444 "experimento_11" 11 5000 1000 0.95 0.5 0.4 1 0.8
0.999708075076342 0.475563045337147 "experimento_11" 11 5000 1000 0.95 0.5 0.4 1 0.8
0.99707481986843 0.46939566410283 "experimento_11" 11 5000 1000 0.95 0.5 0.4 1 0.8
0.998294072924182 0.555813849854936 "experimento_11" 11 5000 1000 0.95 0.5 0.4 1 0.8
0.999851638218388 0.458615771943107 "experimento_11" 11 5000 1000 0.95 0.5 0.4 1 0.8
0.999569893116131 0.488613152017864 "experimento_11" 11 5000 1000 0.95 0.5 0.4 1 0.8
0.998613296309486 0.528559897728269 "experimento_11" 11 5000 1000 0.95 0.5 0.4 1 0.8
0.999284680234268 0.515208307595523 "experimento_11" 11 5000 1000 0.95 0.5 0.4 1 0.8
0.999807421118021 0.518205720793866 "experimento_11" 11 5000 1000 0.95 0.5 0.4 1 0.8
0.998003291198984 0.542559252113024 "experimento_11" 11 5000 1000 0.95 0.5 0.4 1 0.8
0.998128411825746 0.507134408685516 "experimento_11" 11 5000 1000 0.95 0.5 0.4 1 0.8
0.996484667062759 0.535468562116059 "experimento_11" 11 5000 1000 0.95 0.5 0.4 1 0.8
0.999611812643707 0.519001576191614 "experimento_11" 11 5000 1000 0.95 0.5 0.4 1 0.8
0.998498280299827 0.568177306429256 "experimento_11" 11 5000 1000 0.95 0.5 0.4 1 0.8
1.00048942212015 0.497654716749557 "experimento_11" 11 5000 1000 0.95 0.5 0.4 1 0.8
1.52672395976133 0.554081202051517 "experimento_11" 11 5000 1000 0.95 0.5 0.4 1 0.8
0.997670258861035 0.458213456565982 "experimento_11" 11 5000 1000 0.95 0.5 0.4 1 0.8
1.14234486736909 0.497907109154498 "experimento_11" 11 5000 1000 0.95 0.5 0.4 1 0.8
1.01817775145173 0.508157354856437 "experimento_11" 11 5000 1000 0.95 0.5 0.4 1 0.8
0.998386355582625 0.468724432723694 "experimento_11" 11 5000 1000 0.95 0.5 0.4 1 0.8
0.999660357134417 0.516280358160158 "experimento_11" 11 5000 1000 0.95 0.5 0.4 1 0.8
0.99756530020386 0.498653362510306 "experimento_11" 11 5000 1000 0.95 0.5 0.4 1 0.8
1.00104814819041 0.519049878459483 "experimento_11" 11 5000 1000 0.95 0.5 0.4 1 0.8
0.997554505011067 0.539520119162669 "experimento_11" 11 5000 1000 0.95 0.5 0.4 1 0.8
1.00328973215073 0.486211532079926 "experimento_11" 11 5000 1000 0.95 0.5 0.4 1 0.8
0.999983598478138 0.493632683513673 "experimento_11" 11 5000 1000 0.95 0.5 0.4 1 0.8
1.01382682006806 0.494995543447386 "experimento_11" 11 5000 1000 0.95 0.5 0.4 1 0.8
0.99906209949404 0.505869918425897 "experimento_11" 11 5000 1000 0.95 0.5 0.4 1 0.8
0.998028896516189 0.497814005935125 "experimento_11" 11 5000 1000 0.95 0.5 0.4 1 0.8
0.998540901346132 0.48493194823301 "experimento_11" 11 5000 1000 0.95 0.5 0.4 1 0.8
0.999809470027685 0.516872897230003 "experimento_11" 11 5000 1000 0.95 0.5 0.4 1 0.8
0.999631592305377 0.53689049973975 "experimento_11" 11 5000 1000 0.95 0.5 0.4 1 0.8
1.00513895550781 0.481528930051926 "experimento_11" 11 5000 1000 0.95 0.5 0.4 1 0.8
0.998295980971307 0.492666887679284 "experimento_11" 11 5000 1000 0.95 0.5 0.4 1 0.8
2.06229288317263 0.467002622809492 "experimento_11" 11 5000 1000 0.95 0.5 0.4 1 0.8
1.20648081321269 0.453210710120622 "experimento_11" 11 5000 1000 0.95 0.5 0.4 1 0.8
0.998495624400675 0.416214579501741 "experimento_11" 11 5000 1000 0.95 0.5 0.4 1 0.8
0.999571000924334 0.547089571281785 "experimento_11" 11 5000 1000 0.95 0.5 0.4 1 0.8
1.05574292273691 0.461234329422938 "experimento_11" 11 5000 1000 0.95 0.5 0.4 1 0.8
1.60023164004087 0.455595940027597 "experimento_11" 11 5000 1000 0.95 0.5 0.4 1 0.8
1.17513894305167 0.516348424844825 "experimento_11" 11 5000 1000 0.95 0.5 0.4 1 0.8
0.999137948267162 0.502661627049358 "experimento_11" 11 5000 1000 0.95 0.5 0.4 1 0.8
0.999662717105821 0.522559934414952 "experimento_11" 11 5000 1000 0.95 0.5 0.4 1 0.8
0.999505738262087 0.481874486799866 "experimento_11" 11 5000 1000 0.95 0.5 0.4 1 0.8
0.998446397017688 0.582124561780634 "experimento_11" 11 5000 1000 0.95 0.5 0.4 1 0.8
0.99902229080908 0.55332221376257 "experimento_11" 11 5000 1000 0.95 0.5 0.4 1 0.8
0.998372325673699 0.485290774505638 "experimento_11" 11 5000 1000 0.95 0.5 0.4 1 0.8
0.998622303362936 0.486870112333171 "experimento_11" 11 5000 1000 0.95 0.5 0.4 1 0.8
1.00197584368289 0.522233918395081 "experimento_11" 11 5000 1000 0.95 0.5 0.4 1 0.8
0.999628110788763 0.493433935215355 "experimento_11" 11 5000 1000 0.95 0.5 0.4 1 0.8
1.29755015019327 0.439578199503652 "experimento_11" 11 5000 1000 0.95 0.5 0.4 1 0.8
1.15704126749188 0.596514894170364 "experimento_11" 11 5000 1000 0.95 0.5 0.4 1 0.8
1.1982181603089 0.469642985100883 "experimento_11" 11 5000 1000 0.95 0.5 0.4 1 0.8
0.998007712885737 0.505812757309708 "experimento_11" 11 5000 1000 0.95 0.5 0.4 1 0.8
0.998368223197758 0.561296822787134 "experimento_11" 11 5000 1000 0.95 0.5 0.4 1 0.8
1.00381758388654 0.498437850942114 "experimento_11" 11 5000 1000 0.95 0.5 0.4 1 0.8
0.999989605275914 0.470876687079244 "experimento_11" 11 5000 1000 0.95 0.5 0.4 1 0.8
0.998686145292595 0.501460336511992 "experimento_11" 11 5000 1000 0.95 0.5 0.4 1 0.8
0.998544541653246 0.436485645669813 "experimento_11" 11 5000 1000 0.95 0.5 0.4 1 0.8
1.05234203241342 0.464812068031879 "experimento_11" 11 5000 1000 0.95 0.5 0.4 1 0.8
0.999613153515384 0.464872449241399 "experimento_11" 11 5000 1000 0.95 0.5 0.4 1 0.8
0.999737214995548 0.50494418820588 "experimento_11" 11 5000 1000 0.95 0.5 0.4 1 0.8
1.00230382196605 0.438180229590198 "experimento_11" 11 5000 1000 0.95 0.5 0.4 1 0.8
0.998244880000129 0.520670052373752 "experimento_11" 11 5000 1000 0.95 0.5 0.4 1 0.8
1.10163844685068 0.516884216145906 "experimento_11" 11 5000 1000 0.95 0.5 0.4 1 0.8
0.999186530476436 0.528265205190645 "experimento_11" 11 5000 1000 0.95 0.5 0.4 1 0.8
1.03294406365603 0.524653776662818 "experimento_11" 11 5000 1000 0.95 0.5 0.4 1 0.8
0.997371840756387 0.448495641055418 "experimento_11" 11 5000 1000 0.95 0.5 0.4 1 0.8
1.02975491701585 0.472945484643349 "experimento_11" 11 5000 1000 0.95 0.5 0.4 1 0.8
1.05051126144826 0.450424092048361 "experimento_11" 11 5000 1000 0.95 0.5 0.4 1 0.8
0.999404516071081 0.520946078046289 "experimento_11" 11 5000 1000 0.95 0.5 0.4 1 0.8
0.999027345096692 0.51082851580885 "experimento_11" 11 5000 1000 0.95 0.5 0.4 1 0.8
0.999688908690587 0.523791558428499 "experimento_11" 11 5000 1000 0.95 0.5 0.4 1 0.8
1.00211170163369 0.541355561012454 "experimento_11" 11 5000 1000 0.95 0.5 0.4 1 0.8
0.998167672893032 0.540168999048651 "experimento_11" 11 5000 1000 0.95 0.5 0.4 1 0.8
0.99544858164154 0.520259110158933 "experimento_11" 11 5000 1000 0.95 0.5 0.4 1 0.8
0.999801277881488 0.519364448086017 "experimento_11" 11 5000 1000 0.95 0.5 0.4 1 0.8
0.999832551460713 0.464406760421925 "experimento_11" 11 5000 1000 0.95 0.5 0.4 1 0.8
0.999965426046401 0.501953476461207 "experimento_11" 11 5000 1000 0.95 0.5 0.4 1 0.8
1.12437008600682 0.492051297436258 "experimento_11" 11 5000 1000 0.95 0.5 0.4 1 0.8
1.03341900095902 0.577357991069175 "experimento_11" 11 5000 1000 0.95 0.5 0.4 1 0.8
0.998309077229351 0.465163666315221 "experimento_11" 11 5000 1000 0.95 0.5 0.4 1 0.8
0.998897981131449 0.477946018903715 "experimento_11" 11 5000 1000 0.95 0.5 0.4 1 0.8
1.01018544948062 0.532154823361665 "experimento_11" 11 5000 1000 0.95 0.5 0.4 1 0.8
0.999364306684583 0.515488742248531 "experimento_11" 11 5000 1000 0.95 0.5 0.4 1 0.8
0.998334483709186 0.548965330543874 "experimento_11" 11 5000 1000 0.95 0.5 0.4 1 0.8
1.03981748436407 0.501215605197685 "experimento_11" 11 5000 1000 0.95 0.5 0.4 1 0.8
0.997867074329406 0.481316194541425 "experimento_11" 11 5000 1000 0.95 0.5 0.4 1 0.8
0.999903700780123 0.546742318711165 "experimento_11" 11 5000 1000 0.95 0.5 0.4 1 0.8
0.999914122745395 0.545127006706335 "experimento_11" 11 5000 1000 0.95 0.5 0.4 1 0.8
0.999949323479086 0.532306063683541 "experimento_11" 11 5000 1000 0.95 0.5 0.4 1 0.8
0.99997498258017 0.493721975958311 "experimento_11" 11 5000 1000 0.95 0.5 0.4 1 0.8
1.02137949082098 0.446127371996998 "experimento_11" 11 5000 1000 0.95 0.5 0.4 1 0.8
0.999871480511501 0.525113740154329 "experimento_11" 11 5000 1000 0.95 0.5 0.4 1 0.8
1.00044793263078 0.519343100931067 "experimento_11" 11 5000 1000 0.95 0.5 0.4 1 0.8
0.999863085336983 0.528101791105049 "experimento_11" 11 5000 1000 0.95 0.5 0.4 1 0.8
0.999077400425449 0.495935014239295 "experimento_11" 11 5000 1000 0.95 0.5 0.4 1 0.8
0.998693156288937 0.492881126841417 "experimento_11" 11 5000 1000 0.95 0.5 0.4 1 0.8
1.07823401689529 0.453857990172374 "experimento_11" 11 5000 1000 0.95 0.5 0.4 1 0.8
1.10793634783477 0.524700441990272 "experimento_11" 11 5000 1000 0.95 0.5 0.4 1 0.8
1.00242973870242 0.433935312992741 "experimento_11" 11 5000 1000 0.95 0.5 0.4 1 0.8
1.18531014211476 0.547845748868794 "experimento_11" 11 5000 1000 0.95 0.5 0.4 1 0.8
1.00125506234927 0.535253576506566 "experimento_11" 11 5000 1000 0.95 0.5 0.4 1 0.8
0.997894006315619 0.477301294122249 "experimento_11" 11 5000 1000 0.95 0.5 0.4 1 0.8
0.998045540647581 0.538559948454655 "experimento_11" 11 5000 1000 0.95 0.5 0.4 1 0.8
0.999858605675399 0.506179789192896 "experimento_11" 11 5000 1000 0.95 0.5 0.4 1 0.8
1.00055859237909 0.479565316537763 "experimento_11" 11 5000 1000 0.95 0.5 0.4 1 0.8
0.998954187612981 0.489434548314288 "experimento_11" 11 5000 1000 0.95 0.5 0.4 1 0.8
0.998050541616976 0.481725462377655 "experimento_11" 11 5000 1000 0.95 0.5 0.4 1 0.8
1.01977633134169 0.495818743347307 "experimento_11" 11 5000 1000 0.95 0.5 0.4 1 0.8
0.999894810374826 0.479628841648596 "experimento_11" 11 5000 1000 0.95 0.5 0.4 1 0.8
1.42661495227367 0.452923166455852 "experimento_11" 11 5000 1000 0.95 0.5 0.4 1 0.8
0.999667916446924 0.519164647271441 "experimento_11" 11 5000 1000 0.95 0.5 0.4 1 0.8
1.01025559380651 0.563324743559514 "experimento_11" 11 5000 1000 0.95 0.5 0.4 1 0.8
1.00620414689183 0.506593173401053 "experimento_11" 11 5000 1000 0.95 0.5 0.4 1 0.8
0.996934490744025 0.554924386973597 "experimento_11" 11 5000 1000 0.95 0.5 0.4 1 0.8
0.998144777491689 0.509731132262844 "experimento_11" 11 5000 1000 0.95 0.5 0.4 1 0.8
0.998420560266823 0.519927266813735 "experimento_11" 11 5000 1000 0.95 0.5 0.4 1 0.8
1.18315526721171 0.476412701576678 "experimento_11" 11 5000 1000 0.95 0.5 0.4 1 0.8
0.999483412131667 0.508776433821476 "experimento_11" 11 5000 1000 0.95 0.5 0.4 1 0.8
1.01378378416087 0.487759173197706 "experimento_11" 11 5000 1000 0.95 0.5 0.4 1 0.8
1.04139005579054 0.519054024727122 "experimento_11" 11 5000 1000 0.95 0.5 0.4 1 0.8
0.999091586796567 0.509783005692351 "experimento_11" 11 5000 1000 0.95 0.5 0.4 1 0.8
1.00081995045851 0.456411301296886 "experimento_11" 11 5000 1000 0.95 0.5 0.4 1 0.8
1.00153492745563 0.470895519663268 "experimento_11" 11 5000 1000 0.95 0.5 0.4 1 0.8
1.25196839217097 0.441491650004099 "experimento_11" 11 5000 1000 0.95 0.5 0.4 1 0.8
0.999947201693431 0.555238177070799 "experimento_11" 11 5000 1000 0.95 0.5 0.4 1 0.8
0.999601449351758 0.456107848380459 "experimento_11" 11 5000 1000 0.95 0.5 0.4 1 0.8
0.999685611343011 0.509047445381611 "experimento_11" 11 5000 1000 0.95 0.5 0.4 1 0.8
0.9990092611406 0.490419535531429 "experimento_11" 11 5000 1000 0.95 0.5 0.4 1 0.8
0.999745191074908 0.504202591169265 "experimento_11" 11 5000 1000 0.95 0.5 0.4 1 0.8
0.998829643474892 0.485702828320627 "experimento_11" 11 5000 1000 0.95 0.5 0.4 1 0.8
0.999963808106259 0.484365446960261 "experimento_11" 11 5000 1000 0.95 0.5 0.4 1 0.8
0.998359066434205 0.564490443933145 "experimento_11" 11 5000 1000 0.95 0.5 0.4 1 0.8
1.00098363837124 0.533748826447747 "experimento_11" 11 5000 1000 0.95 0.5 0.4 1 0.8
0.998040328733623 0.565256801740516 "experimento_11" 11 5000 1000 0.95 0.5 0.4 1 0.8
0.99895200622268 0.546632229621605 "experimento_11" 11 5000 1000 0.95 0.5 0.4 1 0.8
1.00171262656979 0.514618529503185 "experimento_11" 11 5000 1000 0.95 0.5 0.4 1 0.8
1.47134596379931 0.449416075907083 "experimento_11" 11 5000 1000 0.95 0.5 0.4 1 0.8
0.99884548294358 0.485281157829515 "experimento_11" 11 5000 1000 0.95 0.5 0.4 1 0.8
0.999583126977086 0.462704037070069 "experimento_11" 11 5000 1000 0.95 0.5 0.4 1 0.8
0.999544504331425 0.5080876395671 "experimento_11" 11 5000 1000 0.95 0.5 0.4 1 0.8
0.997748882509768 0.563657811423951 "experimento_11" 11 5000 1000 0.95 0.5 0.4 1 0.8
1.02741229894332 0.511602199193667 "experimento_11" 11 5000 1000 0.95 0.5 0.4 1 0.8
1.1615689203308 0.500646279815616 "experimento_11" 11 5000 1000 0.95 0.5 0.4 1 0.8
0.998485061572865 0.522924330303071 "experimento_11" 11 5000 1000 0.95 0.5 0.4 1 0.8
0.998750767437741 0.520590060287458 "experimento_11" 11 5000 1000 0.95 0.5 0.4 1 0.8
1.0021780222027 0.526470408091434 "experimento_11" 11 5000 1000 0.95 0.5 0.4 1 0.8
0.996261747321114 0.549873310773323 "experimento_11" 11 5000 1000 0.95 0.5 0.4 1 0.8
0.998696505557746 0.560421091773444 "experimento_11" 11 5000 1000 0.95 0.5 0.4 1 0.8
0.999861735617742 0.485538493041323 "experimento_11" 11 5000 1000 0.95 0.5 0.4 1 0.8
0.998241591267288 0.54646421102922 "experimento_11" 11 5000 1000 0.95 0.5 0.4 1 0.8
0.99756781081669 0.510476805412977 "experimento_11" 11 5000 1000 0.95 0.5 0.4 1 0.8
0.999712590128183 0.504897061806031 "experimento_11" 11 5000 1000 0.95 0.5 0.4 1 0.8
0.997611194150522 0.462095333797019 "experimento_11" 11 5000 1000 0.95 0.5 0.4 1 0.8
1.00247230520297 0.540048711113345 "experimento_11" 11 5000 1000 0.95 0.5 0.4 1 0.8
1.00581022072583 0.460637312663975 "experimento_11" 11 5000 1000 0.95 0.5 0.4 1 0.8
0.997785500716418 0.520843407941563 "experimento_11" 11 5000 1000 0.95 0.5 0.4 1 0.8
0.999836081638932 0.471776259265324 "experimento_11" 11 5000 1000 0.95 0.5 0.4 1 0.8
1.21010176744312 0.43373385247272 "experimento_11" 11 5000 1000 0.95 0.5 0.4 1 0.8
1.00312329921871 0.527788584046081 "experimento_11" 11 5000 1000 0.95 0.5 0.4 1 0.8
1.24118812195957 0.49181490628065 "experimento_11" 11 5000 1000 0.95 0.5 0.4 1 0.8
1.00107051078961 0.548460731222188 "experimento_11" 11 5000 1000 0.95 0.5 0.4 1 0.8
1.0577699058085 0.490348842594655 "experimento_11" 11 5000 1000 0.95 0.5 0.4 1 0.8
0.996476635336876 0.50876859349058 "experimento_11" 11 5000 1000 0.95 0.5 0.4 1 0.8
0.999812946422026 0.520574035515846 "experimento_11" 11 5000 1000 0.95 0.5 0.4 1 0.8
1.35107367289596 0.443366836164201 "experimento_11" 11 5000 1000 0.95 0.5 0.4 1 0.8
0.999800981022418 0.508579589220971 "experimento_11" 11 5000 1000 0.95 0.5 0.4 1 0.8
0.997876660898328 0.507767693141543 "experimento_11" 11 5000 1000 0.95 0.5 0.4 1 0.8
0.999920872971416 0.492603650311062 "experimento_11" 11 5000 1000 0.95 0.5 0.4 1 0.8
0.999040487920865 0.534252695198462 "experimento_11" 11 5000 1000 0.95 0.5 0.4 1 0.8
1.00450859591365 0.449416993060903 "experimento_11" 11 5000 1000 0.95 0.5 0.4 1 0.8
0.998539794934914 0.480660212661285 "experimento_11" 11 5000 1000 0.95 0.5 0.4 1 0.8
0.999359195120633 0.515101952834897 "experimento_11" 11 5000 1000 0.95 0.5 0.4 1 0.8
0.999731344403699 0.524461336431425 "experimento_11" 11 5000 1000 0.95 0.5 0.4 1 0.8
1.01535654563679 0.477870768740626 "experimento_11" 11 5000 1000 0.95 0.5 0.4 1 0.8
0.999348658137023 0.541423105777578 "experimento_11" 11 5000 1000 0.95 0.5 0.4 1 0.8
0.999823458725587 0.493373950475029 "experimento_11" 11 5000 1000 0.95 0.5 0.4 1 0.8
1.0334387877956 0.526843999542833 "experimento_11" 11 5000 1000 0.95 0.5 0.4 1 0.8
0.999889983795583 0.541185773218972 "experimento_11" 11 5000 1000 0.95 0.5 0.4 1 0.8
1.01875783910227 0.478685170524048 "experimento_11" 11 5000 1000 0.95 0.5 0.4 1 0.8
1.30240907333791 0.509161203178019 "experimento_11" 11 5000 1000 0.95 0.5 0.4 1 0.8
0.998807058203965 0.557501172241123 "experimento_11" 11 5000 1000 0.95 0.5 0.4 1 0.8
0.998190476093441 0.498112316404539 "experimento_11" 11 5000 1000 0.95 0.5 0.4 1 0.8
0.999996353173628 0.512910088635902 "experimento_11" 11 5000 1000 0.95 0.5 0.4 1 0.8
1.00310636125505 0.496760965003703 "experimento_11" 11 5000 1000 0.95 0.5 0.4 1 0.8
1.05377713429523 0.499584985920132 "experimento_11" 11 5000 1000 0.95 0.5 0.4 1 0.8
0.999169735237956 0.537040224554221 "experimento_11" 11 5000 1000 0.95 0.5 0.4 1 0.8
1.08565599285066 0.506164186719229 "experimento_11" 11 5000 1000 0.95 0.5 0.4 1 0.8
0.999087688978761 0.506345827322789 "experimento_11" 11 5000 1000 0.95 0.5 0.4 1 0.8
1.71646042730279 0.411994426453917 "experimento_11" 11 5000 1000 0.95 0.5 0.4 1 0.8
0.998602835927159 0.47142372330739 "experimento_11" 11 5000 1000 0.95 0.5 0.4 1 0.8
1.02065562694766 0.554793993267052 "experimento_11" 11 5000 1000 0.95 0.5 0.4 1 0.8
0.999432935146615 0.530037699125733 "experimento_11" 11 5000 1000 0.95 0.5 0.4 1 0.8
1.00456614792347 0.472747151191989 "experimento_11" 11 5000 1000 0.95 0.5 0.4 1 0.8
1.00475255213678 0.492153954558473 "experimento_11" 11 5000 1000 0.95 0.5 0.4 1 0.8
0.99950840161182 0.486791657433074 "experimento_11" 11 5000 1000 0.95 0.5 0.4 1 0.8
1.00206346902996 0.488739080943567 "experimento_11" 11 5000 1000 0.95 0.5 0.4 1 0.8
0.999065039446577 0.446975330141362 "experimento_11" 11 5000 1000 0.95 0.5 0.4 1 0.8
0.998743828386068 0.483652773676276 "experimento_11" 11 5000 1000 0.95 0.5 0.4 1 0.8
0.998759877402335 0.540816457824574 "experimento_11" 11 5000 1000 0.95 0.5 0.4 1 0.8
1.00345643741508 0.504691236751955 "experimento_11" 11 5000 1000 0.95 0.5 0.4 1 0.8
0.997135360026732 0.494656297911447 "experimento_11" 11 5000 1000 0.95 0.5 0.4 1 0.8
1.01853192783892 0.497736862622126 "experimento_11" 11 5000 1000 0.95 0.5 0.4 1 0.8
0.999848150648177 0.527106259256456 "experimento_11" 11 5000 1000 0.95 0.5 0.4 1 0.8
0.998904214473441 0.531312140444865 "experimento_11" 11 5000 1000 0.95 0.5 0.4 1 0.8
1.05891956540988 0.519042410521879 "experimento_11" 11 5000 1000 0.95 0.5 0.4 1 0.8
1.09531974885613 0.525577292289999 "experimento_11" 11 5000 1000 0.95 0.5 0.4 1 0.8
0.998830028576776 0.528985089464033 "experimento_11" 11 5000 1000 0.95 0.5 0.4 1 0.8
0.999658717541024 0.517798961551994 "experimento_11" 11 5000 1000 0.95 0.5 0.4 1 0.8
0.998901400715113 0.507167013783618 "experimento_11" 11 5000 1000 0.95 0.5 0.4 1 0.8
0.998245253926143 0.497849866093204 "experimento_11" 11 5000 1000 0.95 0.5 0.4 1 0.8
0.998829227639362 0.489559159420621 "experimento_11" 11 5000 1000 0.95 0.5 0.4 1 0.8
1.00224211253226 0.533238871013996 "experimento_11" 11 5000 1000 0.95 0.5 0.4 1 0.8
0.998877813108265 0.520645484456322 "experimento_11" 11 5000 1000 0.95 0.5 0.4 1 0.8
1.09405678851076 0.516797242017448 "experimento_11" 11 5000 1000 0.95 0.5 0.4 1 0.8
1.00167647562921 0.473355416306132 "experimento_11" 11 5000 1000 0.95 0.5 0.4 1 0.8
1.00855318456888 0.474661196497515 "experimento_11" 11 5000 1000 0.95 0.5 0.4 1 0.8
1.01376648060977 0.484711724483407 "experimento_11" 11 5000 1000 0.95 0.5 0.4 1 0.8
1.00138382280184 0.487371959679776 "experimento_11" 11 5000 1000 0.95 0.5 0.4 1 0.8
1.06371629081083 0.534348684258597 "experimento_11" 11 5000 1000 0.95 0.5 0.4 1 0.8
1.00296270847321 0.455907003206024 "experimento_11" 11 5000 1000 0.95 0.5 0.4 1 0.8
0.998387466650456 0.563225145592751 "experimento_11" 11 5000 1000 0.95 0.5 0.4 1 0.8
0.998700190801173 0.48836314244044 "experimento_11" 11 5000 1000 0.95 0.5 0.4 1 0.8
1.36442320886999 0.408373532222017 "experimento_11" 11 5000 1000 0.95 0.5 0.4 1 0.8
0.997801825404167 0.490026740499296 "experimento_11" 11 5000 1000 0.95 0.5 0.4 1 0.8
0.998460517264903 0.527824343120528 "experimento_11" 11 5000 1000 0.95 0.5 0.4 1 0.8
0.998146605910733 0.620309975894603 "experimento_11" 11 5000 1000 0.95 0.5 0.4 1 0.8
0.999826183542609 0.525909343402117 "experimento_11" 11 5000 1000 0.95 0.5 0.4 1 0.8
0.999074642080814 0.506660409720326 "experimento_11" 11 5000 1000 0.95 0.5 0.4 1 0.8
0.997654381208122 0.606871592446834 "experimento_11" 11 5000 1000 0.95 0.5 0.4 1 0.8
