"est.u" "est.lamb" "name" "seed" "size" "replicates" "p_umbral" "exp_lambda" "alpha_pen" "n_pen" "c"
0.990504237823188 17.8602293260006 "experimento_71" 71 5000 1000 0.95 19 0.4 1 0.8
0.979777173371986 18.7720148183895 "experimento_71" 71 5000 1000 0.95 19 0.4 1 0.8
0.97358477814123 17.325143056204 "experimento_71" 71 5000 1000 0.95 19 0.4 1 0.8
0.990679826587439 21.0972899738104 "experimento_71" 71 5000 1000 0.95 19 0.4 1 0.8
0.99065567064099 20.4414216178201 "experimento_71" 71 5000 1000 0.95 19 0.4 1 0.8
0.98199331946671 17.8064084029736 "experimento_71" 71 5000 1000 0.95 19 0.4 1 0.8
1.01100898704663 21.0101952728947 "experimento_71" 71 5000 1000 0.95 19 0.4 1 0.8
1.00131442305773 20.0744446498931 "experimento_71" 71 5000 1000 0.95 19 0.4 1 0.8
1.01163322966069 19.9155770357936 "experimento_71" 71 5000 1000 0.95 19 0.4 1 0.8
0.991608029231429 20.2607838150657 "experimento_71" 71 5000 1000 0.95 19 0.4 1 0.8
0.965413783444092 16.3804162553355 "experimento_71" 71 5000 1000 0.95 19 0.4 1 0.8
1.01384064224304 17.7099752383194 "experimento_71" 71 5000 1000 0.95 19 0.4 1 0.8
0.985535667045042 19.9145126132826 "experimento_71" 71 5000 1000 0.95 19 0.4 1 0.8
0.991773091023788 20.7158239488596 "experimento_71" 71 5000 1000 0.95 19 0.4 1 0.8
0.987964329076931 18.7784442490842 "experimento_71" 71 5000 1000 0.95 19 0.4 1 0.8
0.985090948175639 17.6329910689759 "experimento_71" 71 5000 1000 0.95 19 0.4 1 0.8
0.978096215985715 18.0982040354912 "experimento_71" 71 5000 1000 0.95 19 0.4 1 0.8
0.989231564104557 20.0660893936504 "experimento_71" 71 5000 1000 0.95 19 0.4 1 0.8
0.977761525893584 18.1027511098188 "experimento_71" 71 5000 1000 0.95 19 0.4 1 0.8
1.00346685624927 23.1390838570873 "experimento_71" 71 5000 1000 0.95 19 0.4 1 0.8
1.00423555002597 20.0279475522982 "experimento_71" 71 5000 1000 0.95 19 0.4 1 0.8
0.986530036665499 17.863558144601 "experimento_71" 71 5000 1000 0.95 19 0.4 1 0.8
1.01295337884834 22.1434332797545 "experimento_71" 71 5000 1000 0.95 19 0.4 1 0.8
0.9906232196372 17.2763581620681 "experimento_71" 71 5000 1000 0.95 19 0.4 1 0.8
0.991734651848674 20.0991696689476 "experimento_71" 71 5000 1000 0.95 19 0.4 1 0.8
0.982585109537467 20.2480354191328 "experimento_71" 71 5000 1000 0.95 19 0.4 1 0.8
1.02179809080175 15.7994900856893 "experimento_71" 71 5000 1000 0.95 19 0.4 1 0.8
0.995673270197585 20.1115912372968 "experimento_71" 71 5000 1000 0.95 19 0.4 1 0.8
0.984053860651329 17.6971983066126 "experimento_71" 71 5000 1000 0.95 19 0.4 1 0.8
1.01100943107648 18.5885678676081 "experimento_71" 71 5000 1000 0.95 19 0.4 1 0.8
0.993949172087014 19.5409255968144 "experimento_71" 71 5000 1000 0.95 19 0.4 1 0.8
1.03868473724949 14.2175994302828 "experimento_71" 71 5000 1000 0.95 19 0.4 1 0.8
0.986920723691583 20.0486650845481 "experimento_71" 71 5000 1000 0.95 19 0.4 1 0.8
0.985009538009763 18.5994583184315 "experimento_71" 71 5000 1000 0.95 19 0.4 1 0.8
0.962757951579988 16.4246361401951 "experimento_71" 71 5000 1000 0.95 19 0.4 1 0.8
0.986184342531487 19.1666172543898 "experimento_71" 71 5000 1000 0.95 19 0.4 1 0.8
0.990210159914568 18.1637301173605 "experimento_71" 71 5000 1000 0.95 19 0.4 1 0.8
1.00496865043324 22.8161923241982 "experimento_71" 71 5000 1000 0.95 19 0.4 1 0.8
0.993163734208792 17.7959489384518 "experimento_71" 71 5000 1000 0.95 19 0.4 1 0.8
1.03290626134625 17.0078048188734 "experimento_71" 71 5000 1000 0.95 19 0.4 1 0.8
1.01522068683757 20.5565418212491 "experimento_71" 71 5000 1000 0.95 19 0.4 1 0.8
0.985160307725891 18.8134201038417 "experimento_71" 71 5000 1000 0.95 19 0.4 1 0.8
1.00810287106096 23.2963979849526 "experimento_71" 71 5000 1000 0.95 19 0.4 1 0.8
0.984546088147908 18.2754259563533 "experimento_71" 71 5000 1000 0.95 19 0.4 1 0.8
0.992114048451185 18.7522537914859 "experimento_71" 71 5000 1000 0.95 19 0.4 1 0.8
0.995218686293811 18.6890694682368 "experimento_71" 71 5000 1000 0.95 19 0.4 1 0.8
0.996362143428996 18.2847119986397 "experimento_71" 71 5000 1000 0.95 19 0.4 1 0.8
0.974221748299897 17.54396436569 "experimento_71" 71 5000 1000 0.95 19 0.4 1 0.8
0.980601695366204 19.8751555300467 "experimento_71" 71 5000 1000 0.95 19 0.4 1 0.8
0.972283897455782 17.9885433105997 "experimento_71" 71 5000 1000 0.95 19 0.4 1 0.8
0.976206703577191 19.0554657652815 "experimento_71" 71 5000 1000 0.95 19 0.4 1 0.8
0.979141041636467 17.3584405956988 "experimento_71" 71 5000 1000 0.95 19 0.4 1 0.8
0.972991360351443 17.8742084854403 "experimento_71" 71 5000 1000 0.95 19 0.4 1 0.8
0.982296933187172 17.2607365417575 "experimento_71" 71 5000 1000 0.95 19 0.4 1 0.8
0.979572825832292 18.7746108500582 "experimento_71" 71 5000 1000 0.95 19 0.4 1 0.8
0.978112451266497 16.9239967251556 "experimento_71" 71 5000 1000 0.95 19 0.4 1 0.8
0.982882801443338 19.7596519052304 "experimento_71" 71 5000 1000 0.95 19 0.4 1 0.8
0.981566624483094 19.5372083301781 "experimento_71" 71 5000 1000 0.95 19 0.4 1 0.8
0.989061767235398 18.6640517756831 "experimento_71" 71 5000 1000 0.95 19 0.4 1 0.8
0.988076681504026 19.0522787759254 "experimento_71" 71 5000 1000 0.95 19 0.4 1 0.8
0.991162081016228 18.6525127828346 "experimento_71" 71 5000 1000 0.95 19 0.4 1 0.8
0.980509494664147 16.5619863115567 "experimento_71" 71 5000 1000 0.95 19 0.4 1 0.8
0.9914551214315 18.0915073621257 "experimento_71" 71 5000 1000 0.95 19 0.4 1 0.8
0.987538793357089 18.8173350260147 "experimento_71" 71 5000 1000 0.95 19 0.4 1 0.8
0.982855032430962 19.551746013265 "experimento_71" 71 5000 1000 0.95 19 0.4 1 0.8
1.02401423452099 17.9968528112599 "experimento_71" 71 5000 1000 0.95 19 0.4 1 0.8
1.00436747569177 21.0089383394373 "experimento_71" 71 5000 1000 0.95 19 0.4 1 0.8
0.978211997076869 18.3774636143539 "experimento_71" 71 5000 1000 0.95 19 0.4 1 0.8
0.991300994064659 18.9619486941004 "experimento_71" 71 5000 1000 0.95 19 0.4 1 0.8
0.978998746722937 18.1265005789915 "experimento_71" 71 5000 1000 0.95 19 0.4 1 0.8
0.97171477903612 17.6898493118088 "experimento_71" 71 5000 1000 0.95 19 0.4 1 0.8
0.984589770669118 21.2948729248183 "experimento_71" 71 5000 1000 0.95 19 0.4 1 0.8
0.982313238549978 17.8669716646037 "experimento_71" 71 5000 1000 0.95 19 0.4 1 0.8
0.993359442567453 18.4592729803458 "experimento_71" 71 5000 1000 0.95 19 0.4 1 0.8
0.984368815552443 18.4477833018634 "experimento_71" 71 5000 1000 0.95 19 0.4 1 0.8
0.978860502596945 18.4664639622142 "experimento_71" 71 5000 1000 0.95 19 0.4 1 0.8
0.977951503125951 18.4404560057429 "experimento_71" 71 5000 1000 0.95 19 0.4 1 0.8
0.985126287909225 16.7473443629204 "experimento_71" 71 5000 1000 0.95 19 0.4 1 0.8
0.988653761101887 18.8522938818612 "experimento_71" 71 5000 1000 0.95 19 0.4 1 0.8
0.980016993125901 16.9467679401065 "experimento_71" 71 5000 1000 0.95 19 0.4 1 0.8
0.99614279367961 20.7698467310965 "experimento_71" 71 5000 1000 0.95 19 0.4 1 0.8
0.981848882511258 18.1138547206424 "experimento_71" 71 5000 1000 0.95 19 0.4 1 0.8
0.97202062420547 16.9278693683983 "experimento_71" 71 5000 1000 0.95 19 0.4 1 0.8
0.996256466954947 20.5078560078938 "experimento_71" 71 5000 1000 0.95 19 0.4 1 0.8
0.995412532007322 19.5987708029642 "experimento_71" 71 5000 1000 0.95 19 0.4 1 0.8
0.98685135669075 19.4456593686419 "experimento_71" 71 5000 1000 0.95 19 0.4 1 0.8
0.984153753845021 18.9230978265155 "experimento_71" 71 5000 1000 0.95 19 0.4 1 0.8
0.981756598223001 18.4082236644694 "experimento_71" 71 5000 1000 0.95 19 0.4 1 0.8
1.02137975500112 20.952858443988 "experimento_71" 71 5000 1000 0.95 19 0.4 1 0.8
0.986269978107885 18.1972032083712 "experimento_71" 71 5000 1000 0.95 19 0.4 1 0.8
0.979263094253838 18.0550621334582 "experimento_71" 71 5000 1000 0.95 19 0.4 1 0.8
0.995604572584853 20.1292615598031 "experimento_71" 71 5000 1000 0.95 19 0.4 1 0.8
0.979327673092484 17.6920342402898 "experimento_71" 71 5000 1000 0.95 19 0.4 1 0.8
0.995108845410869 18.7135952903258 "experimento_71" 71 5000 1000 0.95 19 0.4 1 0.8
1.00144242503902 17.4026897052455 "experimento_71" 71 5000 1000 0.95 19 0.4 1 0.8
1.00165181473874 20.2609540027902 "experimento_71" 71 5000 1000 0.95 19 0.4 1 0.8
1.04451559443259 22.0533593933105 "experimento_71" 71 5000 1000 0.95 19 0.4 1 0.8
0.995206613792107 20.738121212436 "experimento_71" 71 5000 1000 0.95 19 0.4 1 0.8
1.00717956288473 17.2506868406243 "experimento_71" 71 5000 1000 0.95 19 0.4 1 0.8
0.988922064425424 18.4356709451577 "experimento_71" 71 5000 1000 0.95 19 0.4 1 0.8
1.02211528001843 21.7952839956303 "experimento_71" 71 5000 1000 0.95 19 0.4 1 0.8
0.983511473285034 21.5172833836798 "experimento_71" 71 5000 1000 0.95 19 0.4 1 0.8
0.977836875477806 17.36342516345 "experimento_71" 71 5000 1000 0.95 19 0.4 1 0.8
1.07449125341237 16.0609063878466 "experimento_71" 71 5000 1000 0.95 19 0.4 1 0.8
0.983574357116595 19.118448310879 "experimento_71" 71 5000 1000 0.95 19 0.4 1 0.8
1.02594903677604 16.5771204558876 "experimento_71" 71 5000 1000 0.95 19 0.4 1 0.8
0.975986801553518 18.1096263574563 "experimento_71" 71 5000 1000 0.95 19 0.4 1 0.8
0.990456900792196 19.3424268408655 "experimento_71" 71 5000 1000 0.95 19 0.4 1 0.8
1.06159550338566 23.0984250016397 "experimento_71" 71 5000 1000 0.95 19 0.4 1 0.8
0.993303205585107 18.1591115701593 "experimento_71" 71 5000 1000 0.95 19 0.4 1 0.8
0.976655269274488 16.8386719245477 "experimento_71" 71 5000 1000 0.95 19 0.4 1 0.8
1.02548715303589 22.4881040549681 "experimento_71" 71 5000 1000 0.95 19 0.4 1 0.8
0.989041819470003 21.395019237937 "experimento_71" 71 5000 1000 0.95 19 0.4 1 0.8
1.01179465749546 18.7072165580638 "experimento_71" 71 5000 1000 0.95 19 0.4 1 0.8
1.03126518962611 21.3131023997256 "experimento_71" 71 5000 1000 0.95 19 0.4 1 0.8
0.995832747546956 22.4124100650856 "experimento_71" 71 5000 1000 0.95 19 0.4 1 0.8
1.02977841943012 22.631204740923 "experimento_71" 71 5000 1000 0.95 19 0.4 1 0.8
0.983766235643998 20.4018124162138 "experimento_71" 71 5000 1000 0.95 19 0.4 1 0.8
0.992769843433052 17.7750820722372 "experimento_71" 71 5000 1000 0.95 19 0.4 1 0.8
1.00545967044309 17.9988131910907 "experimento_71" 71 5000 1000 0.95 19 0.4 1 0.8
0.980888435617089 17.6051026581495 "experimento_71" 71 5000 1000 0.95 19 0.4 1 0.8
0.980163651518524 16.8104385150458 "experimento_71" 71 5000 1000 0.95 19 0.4 1 0.8
0.99002825981006 19.9751828954917 "experimento_71" 71 5000 1000 0.95 19 0.4 1 0.8
0.993991808500141 19.5798945559939 "experimento_71" 71 5000 1000 0.95 19 0.4 1 0.8
1.00547339338319 18.4744275428792 "experimento_71" 71 5000 1000 0.95 19 0.4 1 0.8
0.982348449993879 18.6532153005152 "experimento_71" 71 5000 1000 0.95 19 0.4 1 0.8
1.03368886146008 21.3454350028836 "experimento_71" 71 5000 1000 0.95 19 0.4 1 0.8
1.01920934633143 20.1358685616855 "experimento_71" 71 5000 1000 0.95 19 0.4 1 0.8
1.03635755056319 19.5580839413429 "experimento_71" 71 5000 1000 0.95 19 0.4 1 0.8
0.977813795441762 18.7434108510543 "experimento_71" 71 5000 1000 0.95 19 0.4 1 0.8
0.985135531518608 17.6931943976098 "experimento_71" 71 5000 1000 0.95 19 0.4 1 0.8
1.03823263418493 20.3682118081555 "experimento_71" 71 5000 1000 0.95 19 0.4 1 0.8
1.01399161840642 19.6625520897467 "experimento_71" 71 5000 1000 0.95 19 0.4 1 0.8
0.973008627304807 17.6656629509346 "experimento_71" 71 5000 1000 0.95 19 0.4 1 0.8
0.98537851520814 17.3644662227523 "experimento_71" 71 5000 1000 0.95 19 0.4 1 0.8
0.99420829070732 19.6957229036251 "experimento_71" 71 5000 1000 0.95 19 0.4 1 0.8
0.987093158531934 19.4182694783608 "experimento_71" 71 5000 1000 0.95 19 0.4 1 0.8
0.996406617108732 19.4475057567113 "experimento_71" 71 5000 1000 0.95 19 0.4 1 0.8
0.995765759143978 17.757825030398 "experimento_71" 71 5000 1000 0.95 19 0.4 1 0.8
0.967586138518527 17.2647778439302 "experimento_71" 71 5000 1000 0.95 19 0.4 1 0.8
0.995116618229076 20.3690474475631 "experimento_71" 71 5000 1000 0.95 19 0.4 1 0.8
0.990421301452443 19.4825835948252 "experimento_71" 71 5000 1000 0.95 19 0.4 1 0.8
0.996466701151803 18.7743147153499 "experimento_71" 71 5000 1000 0.95 19 0.4 1 0.8
0.980113741476089 19.7019270553239 "experimento_71" 71 5000 1000 0.95 19 0.4 1 0.8
0.993413439951837 17.767537684297 "experimento_71" 71 5000 1000 0.95 19 0.4 1 0.8
1.00009062278046 20.9369768559373 "experimento_71" 71 5000 1000 0.95 19 0.4 1 0.8
1.0014129234968 19.1446494969698 "experimento_71" 71 5000 1000 0.95 19 0.4 1 0.8
0.976938348030671 18.0947289565301 "experimento_71" 71 5000 1000 0.95 19 0.4 1 0.8
0.983543752226979 18.3741358257649 "experimento_71" 71 5000 1000 0.95 19 0.4 1 0.8
0.982487908098847 19.9721984008215 "experimento_71" 71 5000 1000 0.95 19 0.4 1 0.8
1.01953577840897 19.0017522471481 "experimento_71" 71 5000 1000 0.95 19 0.4 1 0.8
0.982077667023987 18.8107026809405 "experimento_71" 71 5000 1000 0.95 19 0.4 1 0.8
1.02309947296107 21.4226508317544 "experimento_71" 71 5000 1000 0.95 19 0.4 1 0.8
0.983790569007397 18.9729198476559 "experimento_71" 71 5000 1000 0.95 19 0.4 1 0.8
0.988874385599047 20.5477325421357 "experimento_71" 71 5000 1000 0.95 19 0.4 1 0.8
1.03620080605737 24.559414034805 "experimento_71" 71 5000 1000 0.95 19 0.4 1 0.8
0.97096695471555 17.3942573580665 "experimento_71" 71 5000 1000 0.95 19 0.4 1 0.8
0.981084141181782 17.5040561151095 "experimento_71" 71 5000 1000 0.95 19 0.4 1 0.8
0.98123302590102 19.3685061948354 "experimento_71" 71 5000 1000 0.95 19 0.4 1 0.8
0.9866642432753 21.2229311860842 "experimento_71" 71 5000 1000 0.95 19 0.4 1 0.8
0.984843066195026 18.2807918360467 "experimento_71" 71 5000 1000 0.95 19 0.4 1 0.8
1.01159934133389 18.3357529925418 "experimento_71" 71 5000 1000 0.95 19 0.4 1 0.8
0.981706023216248 18.4607339794775 "experimento_71" 71 5000 1000 0.95 19 0.4 1 0.8
0.973046480678022 17.2164929177129 "experimento_71" 71 5000 1000 0.95 19 0.4 1 0.8
0.995299118570983 20.2371503011024 "experimento_71" 71 5000 1000 0.95 19 0.4 1 0.8
0.983377879718319 20.7523180897598 "experimento_71" 71 5000 1000 0.95 19 0.4 1 0.8
0.984338824171573 20.1539552750323 "experimento_71" 71 5000 1000 0.95 19 0.4 1 0.8
0.99339764402248 21.302776914269 "experimento_71" 71 5000 1000 0.95 19 0.4 1 0.8
0.983543696580455 17.5189330567188 "experimento_71" 71 5000 1000 0.95 19 0.4 1 0.8
0.96924249920994 18.4840737095533 "experimento_71" 71 5000 1000 0.95 19 0.4 1 0.8
0.9815557168331 18.4399692458727 "experimento_71" 71 5000 1000 0.95 19 0.4 1 0.8
0.981624625623226 20.8869145395777 "experimento_71" 71 5000 1000 0.95 19 0.4 1 0.8
1.02368488226478 16.4206914033149 "experimento_71" 71 5000 1000 0.95 19 0.4 1 0.8
0.971480275969952 18.2013186327471 "experimento_71" 71 5000 1000 0.95 19 0.4 1 0.8
0.970977475401014 16.0850752200761 "experimento_71" 71 5000 1000 0.95 19 0.4 1 0.8
0.986641603056341 20.2851045591088 "experimento_71" 71 5000 1000 0.95 19 0.4 1 0.8
0.988502339925617 17.9303944544102 "experimento_71" 71 5000 1000 0.95 19 0.4 1 0.8
0.985844633774832 17.988639943218 "experimento_71" 71 5000 1000 0.95 19 0.4 1 0.8
0.976625242037699 16.9929166117319 "experimento_71" 71 5000 1000 0.95 19 0.4 1 0.8
0.986805166117847 17.9684813751858 "experimento_71" 71 5000 1000 0.95 19 0.4 1 0.8
0.983864546287805 18.4700665879062 "experimento_71" 71 5000 1000 0.95 19 0.4 1 0.8
0.984680699417368 20.3845932652303 "experimento_71" 71 5000 1000 0.95 19 0.4 1 0.8
0.983017617836595 18.8407743300826 "experimento_71" 71 5000 1000 0.95 19 0.4 1 0.8
0.987439529504627 18.7817642405771 "experimento_71" 71 5000 1000 0.95 19 0.4 1 0.8
0.980575183173642 18.1006212088371 "experimento_71" 71 5000 1000 0.95 19 0.4 1 0.8
0.993866882752627 18.3429538251405 "experimento_71" 71 5000 1000 0.95 19 0.4 1 0.8
1.0002003250442 20.5516728102437 "experimento_71" 71 5000 1000 0.95 19 0.4 1 0.8
0.975294611416757 17.9438411104073 "experimento_71" 71 5000 1000 0.95 19 0.4 1 0.8
0.991975986398757 21.0355392907413 "experimento_71" 71 5000 1000 0.95 19 0.4 1 0.8
0.985238865949214 20.0972993803148 "experimento_71" 71 5000 1000 0.95 19 0.4 1 0.8
0.989465749124065 17.243891108248 "experimento_71" 71 5000 1000 0.95 19 0.4 1 0.8
0.979024168103933 18.2858892342958 "experimento_71" 71 5000 1000 0.95 19 0.4 1 0.8
0.993638924323022 18.212440922641 "experimento_71" 71 5000 1000 0.95 19 0.4 1 0.8
0.99708217731677 19.2075364508804 "experimento_71" 71 5000 1000 0.95 19 0.4 1 0.8
0.997432308038697 21.5613749350098 "experimento_71" 71 5000 1000 0.95 19 0.4 1 0.8
0.980466821463779 18.3964388468132 "experimento_71" 71 5000 1000 0.95 19 0.4 1 0.8
0.991582687711343 20.0884013493702 "experimento_71" 71 5000 1000 0.95 19 0.4 1 0.8
1.06489639101623 22.1445446795548 "experimento_71" 71 5000 1000 0.95 19 0.4 1 0.8
1.00365440702351 18.3685010419595 "experimento_71" 71 5000 1000 0.95 19 0.4 1 0.8
0.99964004708454 20.6566979524238 "experimento_71" 71 5000 1000 0.95 19 0.4 1 0.8
0.993394547374919 20.0236974157292 "experimento_71" 71 5000 1000 0.95 19 0.4 1 0.8
0.972567761549726 17.5948577217062 "experimento_71" 71 5000 1000 0.95 19 0.4 1 0.8
0.988357582595199 17.7571770474142 "experimento_71" 71 5000 1000 0.95 19 0.4 1 0.8
0.987677320139483 20.8103941345336 "experimento_71" 71 5000 1000 0.95 19 0.4 1 0.8
0.976897790562361 17.9662733397386 "experimento_71" 71 5000 1000 0.95 19 0.4 1 0.8
0.985767106991261 18.1045718116998 "experimento_71" 71 5000 1000 0.95 19 0.4 1 0.8
1.01868213504847 16.2759328051598 "experimento_71" 71 5000 1000 0.95 19 0.4 1 0.8
0.987733693560585 18.1830868059925 "experimento_71" 71 5000 1000 0.95 19 0.4 1 0.8
0.977872354211286 17.9157840408563 "experimento_71" 71 5000 1000 0.95 19 0.4 1 0.8
0.981059548677877 19.5281662050348 "experimento_71" 71 5000 1000 0.95 19 0.4 1 0.8
0.989553667837754 17.2673564622671 "experimento_71" 71 5000 1000 0.95 19 0.4 1 0.8
0.994293182389811 18.6153770311924 "experimento_71" 71 5000 1000 0.95 19 0.4 1 0.8
0.975894256960601 17.4151335644924 "experimento_71" 71 5000 1000 0.95 19 0.4 1 0.8
1.05127937116096 24.9285972448603 "experimento_71" 71 5000 1000 0.95 19 0.4 1 0.8
0.998358221491799 21.7900012613132 "experimento_71" 71 5000 1000 0.95 19 0.4 1 0.8
0.994930775137618 18.655076791712 "experimento_71" 71 5000 1000 0.95 19 0.4 1 0.8
0.994075378403068 21.2489852684204 "experimento_71" 71 5000 1000 0.95 19 0.4 1 0.8
0.991007831413299 19.28672264423 "experimento_71" 71 5000 1000 0.95 19 0.4 1 0.8
1.02951890085579 21.5744452715205 "experimento_71" 71 5000 1000 0.95 19 0.4 1 0.8
1.00045170426663 19.9115367987336 "experimento_71" 71 5000 1000 0.95 19 0.4 1 0.8
1.03327371900607 22.2436512345236 "experimento_71" 71 5000 1000 0.95 19 0.4 1 0.8
0.980855938978493 18.1544121310125 "experimento_71" 71 5000 1000 0.95 19 0.4 1 0.8
0.975198781816289 17.1316280293558 "experimento_71" 71 5000 1000 0.95 19 0.4 1 0.8
0.976847251877189 18.192502083373 "experimento_71" 71 5000 1000 0.95 19 0.4 1 0.8
0.976457920391113 17.0086642335673 "experimento_71" 71 5000 1000 0.95 19 0.4 1 0.8
0.981691751163453 18.8256659800601 "experimento_71" 71 5000 1000 0.95 19 0.4 1 0.8
0.985254507977515 19.9136481208529 "experimento_71" 71 5000 1000 0.95 19 0.4 1 0.8
0.988482822664082 18.8296875750499 "experimento_71" 71 5000 1000 0.95 19 0.4 1 0.8
0.978184994775802 17.4540519950928 "experimento_71" 71 5000 1000 0.95 19 0.4 1 0.8
0.986097582383081 17.3959528682374 "experimento_71" 71 5000 1000 0.95 19 0.4 1 0.8
0.982370242476463 17.0708872791646 "experimento_71" 71 5000 1000 0.95 19 0.4 1 0.8
1.00613844498172 20.4936504691192 "experimento_71" 71 5000 1000 0.95 19 0.4 1 0.8
0.988778642145917 19.6478145203146 "experimento_71" 71 5000 1000 0.95 19 0.4 1 0.8
0.988179328618571 20.1877409208086 "experimento_71" 71 5000 1000 0.95 19 0.4 1 0.8
0.996872576419264 19.1636984304834 "experimento_71" 71 5000 1000 0.95 19 0.4 1 0.8
0.978966439142823 18.4344987906438 "experimento_71" 71 5000 1000 0.95 19 0.4 1 0.8
1.01795494029494 17.1367824076312 "experimento_71" 71 5000 1000 0.95 19 0.4 1 0.8
0.9976573032327 20.6255478515707 "experimento_71" 71 5000 1000 0.95 19 0.4 1 0.8
0.995996858691797 20.4557356351545 "experimento_71" 71 5000 1000 0.95 19 0.4 1 0.8
0.992489300435409 21.0902750503611 "experimento_71" 71 5000 1000 0.95 19 0.4 1 0.8
0.973907359177247 16.8879506971978 "experimento_71" 71 5000 1000 0.95 19 0.4 1 0.8
1.0009277995449 20.9001410541373 "experimento_71" 71 5000 1000 0.95 19 0.4 1 0.8
0.99186741001904 21.5045315382845 "experimento_71" 71 5000 1000 0.95 19 0.4 1 0.8
0.994091108208522 20.0004082556424 "experimento_71" 71 5000 1000 0.95 19 0.4 1 0.8
0.982610309962183 18.2794082727897 "experimento_71" 71 5000 1000 0.95 19 0.4 1 0.8
0.97745498479344 18.7201552068377 "experimento_71" 71 5000 1000 0.95 19 0.4 1 0.8
0.988181764027104 19.6271846250446 "experimento_71" 71 5000 1000 0.95 19 0.4 1 0.8
0.991685147630051 18.5587094409241 "experimento_71" 71 5000 1000 0.95 19 0.4 1 0.8
0.996547075686976 20.4106842929062 "experimento_71" 71 5000 1000 0.95 19 0.4 1 0.8
0.993436976568773 18.5827651857853 "experimento_71" 71 5000 1000 0.95 19 0.4 1 0.8
0.990359766641632 21.1214411636249 "experimento_71" 71 5000 1000 0.95 19 0.4 1 0.8
1.00516390423045 18.1880859072802 "experimento_71" 71 5000 1000 0.95 19 0.4 1 0.8
0.98163817753084 19.4343065255664 "experimento_71" 71 5000 1000 0.95 19 0.4 1 0.8
0.987249525962397 18.9485984724241 "experimento_71" 71 5000 1000 0.95 19 0.4 1 0.8
0.984106974443421 19.1833940279351 "experimento_71" 71 5000 1000 0.95 19 0.4 1 0.8
0.990262498613447 18.9235190730274 "experimento_71" 71 5000 1000 0.95 19 0.4 1 0.8
0.991022708592936 19.5171138120413 "experimento_71" 71 5000 1000 0.95 19 0.4 1 0.8
1.0027273563262 18.2996275731418 "experimento_71" 71 5000 1000 0.95 19 0.4 1 0.8
0.977700957097113 18.4241038266762 "experimento_71" 71 5000 1000 0.95 19 0.4 1 0.8
1.05008494765547 28.0583516934825 "experimento_71" 71 5000 1000 0.95 19 0.4 1 0.8
1.03541503430001 19.1906302685577 "experimento_71" 71 5000 1000 0.95 19 0.4 1 0.8
0.985518186353147 20.1816761099312 "experimento_71" 71 5000 1000 0.95 19 0.4 1 0.8
0.981342675164342 19.0114527686495 "experimento_71" 71 5000 1000 0.95 19 0.4 1 0.8
0.979772354941815 18.0563770504684 "experimento_71" 71 5000 1000 0.95 19 0.4 1 0.8
0.967334349174052 17.9627266853807 "experimento_71" 71 5000 1000 0.95 19 0.4 1 0.8
0.989164567552507 18.7731830630739 "experimento_71" 71 5000 1000 0.95 19 0.4 1 0.8
0.985562118468806 19.3970711074565 "experimento_71" 71 5000 1000 0.95 19 0.4 1 0.8
1.01403472834806 21.6672306603887 "experimento_71" 71 5000 1000 0.95 19 0.4 1 0.8
0.990463987691328 17.3694152700269 "experimento_71" 71 5000 1000 0.95 19 0.4 1 0.8
0.993067090399563 19.8877609518321 "experimento_71" 71 5000 1000 0.95 19 0.4 1 0.8
1.00500547113877 17.08330204817 "experimento_71" 71 5000 1000 0.95 19 0.4 1 0.8
0.978714716853574 17.8168938636931 "experimento_71" 71 5000 1000 0.95 19 0.4 1 0.8
1.02361812356761 21.6970670827601 "experimento_71" 71 5000 1000 0.95 19 0.4 1 0.8
0.981517563108355 17.8700470050314 "experimento_71" 71 5000 1000 0.95 19 0.4 1 0.8
1.00112507916301 21.4939874649698 "experimento_71" 71 5000 1000 0.95 19 0.4 1 0.8
0.992629359010607 19.1457926250575 "experimento_71" 71 5000 1000 0.95 19 0.4 1 0.8
0.976649599149823 18.4707314411858 "experimento_71" 71 5000 1000 0.95 19 0.4 1 0.8
0.996125962585211 19.0659118465045 "experimento_71" 71 5000 1000 0.95 19 0.4 1 0.8
0.993736317381263 18.5835976604328 "experimento_71" 71 5000 1000 0.95 19 0.4 1 0.8
1.02424980734328 16.8124849769815 "experimento_71" 71 5000 1000 0.95 19 0.4 1 0.8
0.970694032497704 17.7625945055647 "experimento_71" 71 5000 1000 0.95 19 0.4 1 0.8
0.992097300477326 18.5352812536331 "experimento_71" 71 5000 1000 0.95 19 0.4 1 0.8
0.984472416341305 21.0862121759656 "experimento_71" 71 5000 1000 0.95 19 0.4 1 0.8
0.98390609305352 17.7383524414685 "experimento_71" 71 5000 1000 0.95 19 0.4 1 0.8
0.976295716129243 19.3601043297434 "experimento_71" 71 5000 1000 0.95 19 0.4 1 0.8
1.04644748877121 14.4161744621774 "experimento_71" 71 5000 1000 0.95 19 0.4 1 0.8
0.993397616781294 19.7297196382592 "experimento_71" 71 5000 1000 0.95 19 0.4 1 0.8
0.976614931598306 18.3054357225528 "experimento_71" 71 5000 1000 0.95 19 0.4 1 0.8
0.993765700608492 20.1688007452085 "experimento_71" 71 5000 1000 0.95 19 0.4 1 0.8
0.982127689290792 18.1759540457278 "experimento_71" 71 5000 1000 0.95 19 0.4 1 0.8
0.979119388852268 16.9201469082712 "experimento_71" 71 5000 1000 0.95 19 0.4 1 0.8
1.01749360130021 17.7339867828441 "experimento_71" 71 5000 1000 0.95 19 0.4 1 0.8
1.04049396666624 22.2346532230907 "experimento_71" 71 5000 1000 0.95 19 0.4 1 0.8
0.9959656461142 19.4541849282847 "experimento_71" 71 5000 1000 0.95 19 0.4 1 0.8
0.989944870816544 19.1728162581354 "experimento_71" 71 5000 1000 0.95 19 0.4 1 0.8
0.982888852711767 17.4757777328055 "experimento_71" 71 5000 1000 0.95 19 0.4 1 0.8
0.997477493714541 19.7297538476095 "experimento_71" 71 5000 1000 0.95 19 0.4 1 0.8
0.985823596827686 19.9018779403997 "experimento_71" 71 5000 1000 0.95 19 0.4 1 0.8
1.03051580875916 20.4502637403286 "experimento_71" 71 5000 1000 0.95 19 0.4 1 0.8
0.987350792624056 18.8876996825696 "experimento_71" 71 5000 1000 0.95 19 0.4 1 0.8
0.997863789787516 19.5856725845991 "experimento_71" 71 5000 1000 0.95 19 0.4 1 0.8
1.00339824051939 20.4308735012108 "experimento_71" 71 5000 1000 0.95 19 0.4 1 0.8
0.989895466947928 20.377346873168 "experimento_71" 71 5000 1000 0.95 19 0.4 1 0.8
0.999212129740044 18.9891581787917 "experimento_71" 71 5000 1000 0.95 19 0.4 1 0.8
1.00035598407615 19.7937238343757 "experimento_71" 71 5000 1000 0.95 19 0.4 1 0.8
0.980955041479319 18.4463703364307 "experimento_71" 71 5000 1000 0.95 19 0.4 1 0.8
0.989690616261214 19.8931442869079 "experimento_71" 71 5000 1000 0.95 19 0.4 1 0.8
0.995577722089365 19.1916400673975 "experimento_71" 71 5000 1000 0.95 19 0.4 1 0.8
1.03084152954091 19.8797093242344 "experimento_71" 71 5000 1000 0.95 19 0.4 1 0.8
0.994688679696992 19.9373711391116 "experimento_71" 71 5000 1000 0.95 19 0.4 1 0.8
0.987785825040191 19.1108442227374 "experimento_71" 71 5000 1000 0.95 19 0.4 1 0.8
0.981434487737715 18.1880955218919 "experimento_71" 71 5000 1000 0.95 19 0.4 1 0.8
0.980988926952705 17.5916487774346 "experimento_71" 71 5000 1000 0.95 19 0.4 1 0.8
1.0356614618121 23.6139894845471 "experimento_71" 71 5000 1000 0.95 19 0.4 1 0.8
0.989466736093163 22.0141759890747 "experimento_71" 71 5000 1000 0.95 19 0.4 1 0.8
0.987613614881411 20.5840209458454 "experimento_71" 71 5000 1000 0.95 19 0.4 1 0.8
0.995686179958284 19.0500655507937 "experimento_71" 71 5000 1000 0.95 19 0.4 1 0.8
0.98678871197626 18.7246875012204 "experimento_71" 71 5000 1000 0.95 19 0.4 1 0.8
0.983370152534917 17.893843077921 "experimento_71" 71 5000 1000 0.95 19 0.4 1 0.8
1.00151652863863 20.5061232037757 "experimento_71" 71 5000 1000 0.95 19 0.4 1 0.8
0.989064758177847 20.275737023171 "experimento_71" 71 5000 1000 0.95 19 0.4 1 0.8
0.991688931360841 18.5340786570674 "experimento_71" 71 5000 1000 0.95 19 0.4 1 0.8
0.981268347939476 18.732933717334 "experimento_71" 71 5000 1000 0.95 19 0.4 1 0.8
0.993989851791412 18.786439411718 "experimento_71" 71 5000 1000 0.95 19 0.4 1 0.8
0.992961287731305 20.469665740258 "experimento_71" 71 5000 1000 0.95 19 0.4 1 0.8
0.996529714437202 19.4675244816192 "experimento_71" 71 5000 1000 0.95 19 0.4 1 0.8
0.989158370764926 19.0010597369439 "experimento_71" 71 5000 1000 0.95 19 0.4 1 0.8
0.992135507753119 19.6384102728802 "experimento_71" 71 5000 1000 0.95 19 0.4 1 0.8
0.982269025407732 20.6520540152562 "experimento_71" 71 5000 1000 0.95 19 0.4 1 0.8
0.990126650547609 19.0669275651599 "experimento_71" 71 5000 1000 0.95 19 0.4 1 0.8
1.0330810209148 22.6288965199921 "experimento_71" 71 5000 1000 0.95 19 0.4 1 0.8
1.03217813629951 18.3620608764066 "experimento_71" 71 5000 1000 0.95 19 0.4 1 0.8
0.974272909807041 18.3008922665255 "experimento_71" 71 5000 1000 0.95 19 0.4 1 0.8
0.983650396345183 17.4549085530286 "experimento_71" 71 5000 1000 0.95 19 0.4 1 0.8
0.983341592829674 18.8404381143869 "experimento_71" 71 5000 1000 0.95 19 0.4 1 0.8
0.990983969764784 17.9866512825283 "experimento_71" 71 5000 1000 0.95 19 0.4 1 0.8
0.989240414462984 17.6918570813236 "experimento_71" 71 5000 1000 0.95 19 0.4 1 0.8
0.994064276106656 18.2871011682129 "experimento_71" 71 5000 1000 0.95 19 0.4 1 0.8
0.9770928833168 19.3767220869044 "experimento_71" 71 5000 1000 0.95 19 0.4 1 0.8
0.973483224166557 16.9112596033744 "experimento_71" 71 5000 1000 0.95 19 0.4 1 0.8
0.976627875585109 17.2101014989227 "experimento_71" 71 5000 1000 0.95 19 0.4 1 0.8
1.04381972521715 25.6049191527163 "experimento_71" 71 5000 1000 0.95 19 0.4 1 0.8
0.979598957812414 19.6567686776248 "experimento_71" 71 5000 1000 0.95 19 0.4 1 0.8
0.996126871788874 22.663605154405 "experimento_71" 71 5000 1000 0.95 19 0.4 1 0.8
0.999524529092014 20.6136356928649 "experimento_71" 71 5000 1000 0.95 19 0.4 1 0.8
1.03111229011005 21.2992676947123 "experimento_71" 71 5000 1000 0.95 19 0.4 1 0.8
0.976983476895839 17.6327302632029 "experimento_71" 71 5000 1000 0.95 19 0.4 1 0.8
0.97966210404411 19.4796234078398 "experimento_71" 71 5000 1000 0.95 19 0.4 1 0.8
0.97903667925857 20.0155050650488 "experimento_71" 71 5000 1000 0.95 19 0.4 1 0.8
0.985775930108503 21.7110018324343 "experimento_71" 71 5000 1000 0.95 19 0.4 1 0.8
0.981364724924788 20.2916049123549 "experimento_71" 71 5000 1000 0.95 19 0.4 1 0.8
0.989331123186275 18.481760501239 "experimento_71" 71 5000 1000 0.95 19 0.4 1 0.8
1.06124991648854 19.8820383958442 "experimento_71" 71 5000 1000 0.95 19 0.4 1 0.8
0.996956525137648 19.1705496644341 "experimento_71" 71 5000 1000 0.95 19 0.4 1 0.8
1.01436636584664 18.3870909052653 "experimento_71" 71 5000 1000 0.95 19 0.4 1 0.8
0.991776433773339 19.752113906466 "experimento_71" 71 5000 1000 0.95 19 0.4 1 0.8
0.982715943828225 18.9256671097032 "experimento_71" 71 5000 1000 0.95 19 0.4 1 0.8
0.976388424634933 16.6025546533353 "experimento_71" 71 5000 1000 0.95 19 0.4 1 0.8
1.01841330062598 17.9124182284462 "experimento_71" 71 5000 1000 0.95 19 0.4 1 0.8
1.00086730096097 19.765216165624 "experimento_71" 71 5000 1000 0.95 19 0.4 1 0.8
0.976575774606317 19.1323562654049 "experimento_71" 71 5000 1000 0.95 19 0.4 1 0.8
1.00242981643073 19.2713796931753 "experimento_71" 71 5000 1000 0.95 19 0.4 1 0.8
0.993741140468046 17.9874191505008 "experimento_71" 71 5000 1000 0.95 19 0.4 1 0.8
0.983251286670566 19.5401232117976 "experimento_71" 71 5000 1000 0.95 19 0.4 1 0.8
0.981732164509594 18.4953284191667 "experimento_71" 71 5000 1000 0.95 19 0.4 1 0.8
1.00509777091229 21.0380442614498 "experimento_71" 71 5000 1000 0.95 19 0.4 1 0.8
0.988741242093965 17.4975549714796 "experimento_71" 71 5000 1000 0.95 19 0.4 1 0.8
0.993214606773108 19.4048552312606 "experimento_71" 71 5000 1000 0.95 19 0.4 1 0.8
0.982117579551414 18.7349955813801 "experimento_71" 71 5000 1000 0.95 19 0.4 1 0.8
0.97871477692388 19.2524142155661 "experimento_71" 71 5000 1000 0.95 19 0.4 1 0.8
0.975035489303991 18.3429273250377 "experimento_71" 71 5000 1000 0.95 19 0.4 1 0.8
0.998407142469659 19.9117160837628 "experimento_71" 71 5000 1000 0.95 19 0.4 1 0.8
0.987168696476147 18.4784522656703 "experimento_71" 71 5000 1000 0.95 19 0.4 1 0.8
0.985070583410561 19.3757484643361 "experimento_71" 71 5000 1000 0.95 19 0.4 1 0.8
0.976717132143676 17.8253157371541 "experimento_71" 71 5000 1000 0.95 19 0.4 1 0.8
1.00081673381659 22.2075936405108 "experimento_71" 71 5000 1000 0.95 19 0.4 1 0.8
1.00975817687618 17.5547251312349 "experimento_71" 71 5000 1000 0.95 19 0.4 1 0.8
1.0035977563836 18.255438374453 "experimento_71" 71 5000 1000 0.95 19 0.4 1 0.8
0.982267944142222 19.5537173703661 "experimento_71" 71 5000 1000 0.95 19 0.4 1 0.8
0.979989348910749 16.8140061524758 "experimento_71" 71 5000 1000 0.95 19 0.4 1 0.8
0.975940828444436 17.9315917723321 "experimento_71" 71 5000 1000 0.95 19 0.4 1 0.8
0.987807222642004 19.5376864178686 "experimento_71" 71 5000 1000 0.95 19 0.4 1 0.8
0.992817469406873 18.8554094347773 "experimento_71" 71 5000 1000 0.95 19 0.4 1 0.8
0.98100015707314 18.9364125076442 "experimento_71" 71 5000 1000 0.95 19 0.4 1 0.8
0.982322971802205 19.0498491694112 "experimento_71" 71 5000 1000 0.95 19 0.4 1 0.8
1.01243904860882 20.3753084151123 "experimento_71" 71 5000 1000 0.95 19 0.4 1 0.8
0.976498045725748 17.8748505267868 "experimento_71" 71 5000 1000 0.95 19 0.4 1 0.8
1.01232200780099 20.3205424970706 "experimento_71" 71 5000 1000 0.95 19 0.4 1 0.8
0.994046010775492 19.1284440167756 "experimento_71" 71 5000 1000 0.95 19 0.4 1 0.8
0.985911649884656 18.4522831042408 "experimento_71" 71 5000 1000 0.95 19 0.4 1 0.8
0.980200147256255 16.6066310389772 "experimento_71" 71 5000 1000 0.95 19 0.4 1 0.8
1.0004201289848 18.1831878418363 "experimento_71" 71 5000 1000 0.95 19 0.4 1 0.8
1.01515687021333 21.7939491336628 "experimento_71" 71 5000 1000 0.95 19 0.4 1 0.8
0.970153454924002 16.3543704208553 "experimento_71" 71 5000 1000 0.95 19 0.4 1 0.8
0.994522141292691 18.7281099875643 "experimento_71" 71 5000 1000 0.95 19 0.4 1 0.8
0.993345400318503 20.4029960574576 "experimento_71" 71 5000 1000 0.95 19 0.4 1 0.8
0.987177736125886 19.2055722885985 "experimento_71" 71 5000 1000 0.95 19 0.4 1 0.8
1.01343179756383 18.8452615246049 "experimento_71" 71 5000 1000 0.95 19 0.4 1 0.8
1.03053333473049 21.874198912578 "experimento_71" 71 5000 1000 0.95 19 0.4 1 0.8
1.00461670824964 20.3178912096942 "experimento_71" 71 5000 1000 0.95 19 0.4 1 0.8
0.982013506814837 19.485452496764 "experimento_71" 71 5000 1000 0.95 19 0.4 1 0.8
0.989359347615391 18.7990114927063 "experimento_71" 71 5000 1000 0.95 19 0.4 1 0.8
1.00394816579989 20.2164970435768 "experimento_71" 71 5000 1000 0.95 19 0.4 1 0.8
0.960198764456436 17.4002000278414 "experimento_71" 71 5000 1000 0.95 19 0.4 1 0.8
0.979708371916786 17.4146957993166 "experimento_71" 71 5000 1000 0.95 19 0.4 1 0.8
0.98847940354608 20.1180135450424 "experimento_71" 71 5000 1000 0.95 19 0.4 1 0.8
0.988123335177079 18.3855800428687 "experimento_71" 71 5000 1000 0.95 19 0.4 1 0.8
0.988903817953542 18.6982952678161 "experimento_71" 71 5000 1000 0.95 19 0.4 1 0.8
0.987231354229152 19.7368760090015 "experimento_71" 71 5000 1000 0.95 19 0.4 1 0.8
0.985069310758263 19.1898594608736 "experimento_71" 71 5000 1000 0.95 19 0.4 1 0.8
0.982974610989913 17.7701660209729 "experimento_71" 71 5000 1000 0.95 19 0.4 1 0.8
0.981343885883689 16.8186428837139 "experimento_71" 71 5000 1000 0.95 19 0.4 1 0.8
0.997203170787543 19.7743418824266 "experimento_71" 71 5000 1000 0.95 19 0.4 1 0.8
0.977823049761355 18.1133857734311 "experimento_71" 71 5000 1000 0.95 19 0.4 1 0.8
0.982237444957718 18.4150169585085 "experimento_71" 71 5000 1000 0.95 19 0.4 1 0.8
0.995850022416562 20.7613662451532 "experimento_71" 71 5000 1000 0.95 19 0.4 1 0.8
0.979632698465139 17.0476873883419 "experimento_71" 71 5000 1000 0.95 19 0.4 1 0.8
0.997457205783576 20.2280782416703 "experimento_71" 71 5000 1000 0.95 19 0.4 1 0.8
1.0142480767283 20.7269412775599 "experimento_71" 71 5000 1000 0.95 19 0.4 1 0.8
0.975403703283519 17.979947284945 "experimento_71" 71 5000 1000 0.95 19 0.4 1 0.8
0.986904326360673 17.9642577990621 "experimento_71" 71 5000 1000 0.95 19 0.4 1 0.8
1.00568195346645 19.4969915460128 "experimento_71" 71 5000 1000 0.95 19 0.4 1 0.8
0.987865104805678 18.217625487798 "experimento_71" 71 5000 1000 0.95 19 0.4 1 0.8
0.974180456949398 17.5045947570758 "experimento_71" 71 5000 1000 0.95 19 0.4 1 0.8
0.980649208649993 18.175080711405 "experimento_71" 71 5000 1000 0.95 19 0.4 1 0.8
0.968578986357898 17.0788185582489 "experimento_71" 71 5000 1000 0.95 19 0.4 1 0.8
0.986395885469392 18.308839976306 "experimento_71" 71 5000 1000 0.95 19 0.4 1 0.8
0.987105480395257 19.985756778211 "experimento_71" 71 5000 1000 0.95 19 0.4 1 0.8
0.981096153147519 18.1951113069984 "experimento_71" 71 5000 1000 0.95 19 0.4 1 0.8
1.01814906963294 20.3905889784732 "experimento_71" 71 5000 1000 0.95 19 0.4 1 0.8
0.997104389127344 20.0756441236671 "experimento_71" 71 5000 1000 0.95 19 0.4 1 0.8
0.984539632918313 20.7184975018198 "experimento_71" 71 5000 1000 0.95 19 0.4 1 0.8
0.987824366427958 19.4285396789974 "experimento_71" 71 5000 1000 0.95 19 0.4 1 0.8
0.981263727182522 18.757458747776 "experimento_71" 71 5000 1000 0.95 19 0.4 1 0.8
1.0200062018427 19.6938319671745 "experimento_71" 71 5000 1000 0.95 19 0.4 1 0.8
0.994180489797145 18.8110418797141 "experimento_71" 71 5000 1000 0.95 19 0.4 1 0.8
0.976166672538966 17.5074220896296 "experimento_71" 71 5000 1000 0.95 19 0.4 1 0.8
0.998465413227677 18.8014764962818 "experimento_71" 71 5000 1000 0.95 19 0.4 1 0.8
1.00576153397838 18.2845411621992 "experimento_71" 71 5000 1000 0.95 19 0.4 1 0.8
0.990961503703147 19.1636496009165 "experimento_71" 71 5000 1000 0.95 19 0.4 1 0.8
0.983981842407957 19.2776330679633 "experimento_71" 71 5000 1000 0.95 19 0.4 1 0.8
0.981075985589996 18.1597452392583 "experimento_71" 71 5000 1000 0.95 19 0.4 1 0.8
0.970673597417772 16.7557211860735 "experimento_71" 71 5000 1000 0.95 19 0.4 1 0.8
0.972322779009119 16.9803594743299 "experimento_71" 71 5000 1000 0.95 19 0.4 1 0.8
0.991349877556786 18.9562041278526 "experimento_71" 71 5000 1000 0.95 19 0.4 1 0.8
0.992442582035437 22.1501871755325 "experimento_71" 71 5000 1000 0.95 19 0.4 1 0.8
0.976278273621574 17.8701996643008 "experimento_71" 71 5000 1000 0.95 19 0.4 1 0.8
1.00784989831185 21.320364881067 "experimento_71" 71 5000 1000 0.95 19 0.4 1 0.8
0.992060616146773 19.2979273324159 "experimento_71" 71 5000 1000 0.95 19 0.4 1 0.8
0.979527762159705 18.301054904035 "experimento_71" 71 5000 1000 0.95 19 0.4 1 0.8
1.0086508655901 21.4206095744224 "experimento_71" 71 5000 1000 0.95 19 0.4 1 0.8
0.997360232984647 20.7308663336717 "experimento_71" 71 5000 1000 0.95 19 0.4 1 0.8
0.980736025841907 17.7081827887345 "experimento_71" 71 5000 1000 0.95 19 0.4 1 0.8
0.984891432570294 19.24759495441 "experimento_71" 71 5000 1000 0.95 19 0.4 1 0.8
0.989279661560431 18.1757581831858 "experimento_71" 71 5000 1000 0.95 19 0.4 1 0.8
1.01689792664624 17.3810993655934 "experimento_71" 71 5000 1000 0.95 19 0.4 1 0.8
0.973493062192574 18.1268070430171 "experimento_71" 71 5000 1000 0.95 19 0.4 1 0.8
0.975844889879227 17.0142538753642 "experimento_71" 71 5000 1000 0.95 19 0.4 1 0.8
0.978599631227553 19.8144774818146 "experimento_71" 71 5000 1000 0.95 19 0.4 1 0.8
0.99161787959747 19.5965459286466 "experimento_71" 71 5000 1000 0.95 19 0.4 1 0.8
0.989491311134771 18.6578477961696 "experimento_71" 71 5000 1000 0.95 19 0.4 1 0.8
1.01430138100037 18.0899168323919 "experimento_71" 71 5000 1000 0.95 19 0.4 1 0.8
0.985450819833204 18.9072462709896 "experimento_71" 71 5000 1000 0.95 19 0.4 1 0.8
0.976991955190897 19.4828758707103 "experimento_71" 71 5000 1000 0.95 19 0.4 1 0.8
0.986822247970849 17.9545819097174 "experimento_71" 71 5000 1000 0.95 19 0.4 1 0.8
0.989260183181614 18.9018099325529 "experimento_71" 71 5000 1000 0.95 19 0.4 1 0.8
1.002216817419 18.2427432679173 "experimento_71" 71 5000 1000 0.95 19 0.4 1 0.8
0.996401784708723 20.7303017265592 "experimento_71" 71 5000 1000 0.95 19 0.4 1 0.8
0.977561961160973 18.0253460870969 "experimento_71" 71 5000 1000 0.95 19 0.4 1 0.8
1.00294465095382 18.3234155067511 "experimento_71" 71 5000 1000 0.95 19 0.4 1 0.8
1.01441596485184 20.3148261976966 "experimento_71" 71 5000 1000 0.95 19 0.4 1 0.8
0.989380111219361 20.282891476903 "experimento_71" 71 5000 1000 0.95 19 0.4 1 0.8
0.984249911969528 17.903372251262 "experimento_71" 71 5000 1000 0.95 19 0.4 1 0.8
1.00767981520896 19.4068345235042 "experimento_71" 71 5000 1000 0.95 19 0.4 1 0.8
0.986002327175811 16.7537130581427 "experimento_71" 71 5000 1000 0.95 19 0.4 1 0.8
0.985876209801063 16.9198881509476 "experimento_71" 71 5000 1000 0.95 19 0.4 1 0.8
0.987083560088649 18.9627545384219 "experimento_71" 71 5000 1000 0.95 19 0.4 1 0.8
1.00178277967988 17.9351084551762 "experimento_71" 71 5000 1000 0.95 19 0.4 1 0.8
1.02113141930711 19.1527728723087 "experimento_71" 71 5000 1000 0.95 19 0.4 1 0.8
0.989974322263151 18.4306593894703 "experimento_71" 71 5000 1000 0.95 19 0.4 1 0.8
1.00653724852657 19.6392688542733 "experimento_71" 71 5000 1000 0.95 19 0.4 1 0.8
0.97948086168617 18.688771344328 "experimento_71" 71 5000 1000 0.95 19 0.4 1 0.8
0.977197869215161 18.9375903563586 "experimento_71" 71 5000 1000 0.95 19 0.4 1 0.8
0.976113851647824 15.45712072265 "experimento_71" 71 5000 1000 0.95 19 0.4 1 0.8
1.0351291318228 20.8383661444786 "experimento_71" 71 5000 1000 0.95 19 0.4 1 0.8
0.974887118907645 18.2225797438397 "experimento_71" 71 5000 1000 0.95 19 0.4 1 0.8
0.984424661379308 19.4099786419518 "experimento_71" 71 5000 1000 0.95 19 0.4 1 0.8
1.02404628819051 18.7359311643015 "experimento_71" 71 5000 1000 0.95 19 0.4 1 0.8
1.0425331480097 24.4638942460369 "experimento_71" 71 5000 1000 0.95 19 0.4 1 0.8
0.987731559202075 18.551952566623 "experimento_71" 71 5000 1000 0.95 19 0.4 1 0.8
0.990924366051331 19.1112849157331 "experimento_71" 71 5000 1000 0.95 19 0.4 1 0.8
0.989586751209572 19.0166325398171 "experimento_71" 71 5000 1000 0.95 19 0.4 1 0.8
0.995990038150921 17.8734372764359 "experimento_71" 71 5000 1000 0.95 19 0.4 1 0.8
1.01458972410642 17.8100432107089 "experimento_71" 71 5000 1000 0.95 19 0.4 1 0.8
0.99435041169636 19.9315659855744 "experimento_71" 71 5000 1000 0.95 19 0.4 1 0.8
1.01276456819553 20.9291270071447 "experimento_71" 71 5000 1000 0.95 19 0.4 1 0.8
0.999434381490573 18.9784152324589 "experimento_71" 71 5000 1000 0.95 19 0.4 1 0.8
0.967592887813225 16.5943536699012 "experimento_71" 71 5000 1000 0.95 19 0.4 1 0.8
1.0050069296408 21.0282069420277 "experimento_71" 71 5000 1000 0.95 19 0.4 1 0.8
1.00855106857948 20.4989672628021 "experimento_71" 71 5000 1000 0.95 19 0.4 1 0.8
0.991955436533317 18.2184626023763 "experimento_71" 71 5000 1000 0.95 19 0.4 1 0.8
0.989115687320009 17.9491403338039 "experimento_71" 71 5000 1000 0.95 19 0.4 1 0.8
1.03406277943501 20.2288329830753 "experimento_71" 71 5000 1000 0.95 19 0.4 1 0.8
0.987802846124396 18.2962422369045 "experimento_71" 71 5000 1000 0.95 19 0.4 1 0.8
1.00336384278183 20.072647572585 "experimento_71" 71 5000 1000 0.95 19 0.4 1 0.8
1.02416613683301 19.8612472546736 "experimento_71" 71 5000 1000 0.95 19 0.4 1 0.8
0.983968518441543 18.1612573431246 "experimento_71" 71 5000 1000 0.95 19 0.4 1 0.8
1.03768090861826 23.7148181671475 "experimento_71" 71 5000 1000 0.95 19 0.4 1 0.8
0.994257306680083 19.9595638246813 "experimento_71" 71 5000 1000 0.95 19 0.4 1 0.8
0.97221258468926 19.1457700811767 "experimento_71" 71 5000 1000 0.95 19 0.4 1 0.8
0.975052832625806 18.7497872803844 "experimento_71" 71 5000 1000 0.95 19 0.4 1 0.8
0.997006735997275 17.9110778295148 "experimento_71" 71 5000 1000 0.95 19 0.4 1 0.8
0.983760052360594 18.2749707003331 "experimento_71" 71 5000 1000 0.95 19 0.4 1 0.8
1.02710501491827 22.9984720754436 "experimento_71" 71 5000 1000 0.95 19 0.4 1 0.8
0.983935485826805 18.3585628989744 "experimento_71" 71 5000 1000 0.95 19 0.4 1 0.8
1.03160254140139 19.9903821193721 "experimento_71" 71 5000 1000 0.95 19 0.4 1 0.8
1.02841976267825 16.438404858708 "experimento_71" 71 5000 1000 0.95 19 0.4 1 0.8
0.992426009615883 19.6927583711183 "experimento_71" 71 5000 1000 0.95 19 0.4 1 0.8
1.02436025477456 20.2456912102691 "experimento_71" 71 5000 1000 0.95 19 0.4 1 0.8
1.01579508974706 19.1002255407966 "experimento_71" 71 5000 1000 0.95 19 0.4 1 0.8
0.979696088237688 19.483680952087 "experimento_71" 71 5000 1000 0.95 19 0.4 1 0.8
1.01614260734794 19.9210067659467 "experimento_71" 71 5000 1000 0.95 19 0.4 1 0.8
0.98612039280124 19.7821477757565 "experimento_71" 71 5000 1000 0.95 19 0.4 1 0.8
0.986696299398318 19.2256495438002 "experimento_71" 71 5000 1000 0.95 19 0.4 1 0.8
0.998800384113565 18.9321590077331 "experimento_71" 71 5000 1000 0.95 19 0.4 1 0.8
0.988209939328954 20.4003452198211 "experimento_71" 71 5000 1000 0.95 19 0.4 1 0.8
0.978948961244896 18.7702922126568 "experimento_71" 71 5000 1000 0.95 19 0.4 1 0.8
0.984639369184151 19.9760506205427 "experimento_71" 71 5000 1000 0.95 19 0.4 1 0.8
0.984349767677486 19.022375091785 "experimento_71" 71 5000 1000 0.95 19 0.4 1 0.8
0.975254378514364 17.250771272022 "experimento_71" 71 5000 1000 0.95 19 0.4 1 0.8
0.986687402939424 18.57603166935 "experimento_71" 71 5000 1000 0.95 19 0.4 1 0.8
0.989237092202529 20.30482738239 "experimento_71" 71 5000 1000 0.95 19 0.4 1 0.8
0.99793857941404 21.0659874008999 "experimento_71" 71 5000 1000 0.95 19 0.4 1 0.8
0.963834911584854 16.1133866976711 "experimento_71" 71 5000 1000 0.95 19 0.4 1 0.8
0.994101683842018 18.6638161185511 "experimento_71" 71 5000 1000 0.95 19 0.4 1 0.8
1.01503608846351 20.1246544506932 "experimento_71" 71 5000 1000 0.95 19 0.4 1 0.8
0.982554711634293 20.0385834066188 "experimento_71" 71 5000 1000 0.95 19 0.4 1 0.8
0.978474280331284 16.8927756727765 "experimento_71" 71 5000 1000 0.95 19 0.4 1 0.8
0.983018488623202 19.5462892805207 "experimento_71" 71 5000 1000 0.95 19 0.4 1 0.8
1.00967313650701 21.2100744195619 "experimento_71" 71 5000 1000 0.95 19 0.4 1 0.8
0.992816353915259 20.418591560729 "experimento_71" 71 5000 1000 0.95 19 0.4 1 0.8
0.98780443216674 19.8473940153603 "experimento_71" 71 5000 1000 0.95 19 0.4 1 0.8
0.973764672642574 17.7527470545346 "experimento_71" 71 5000 1000 0.95 19 0.4 1 0.8
1.00537264513734 21.5464681283991 "experimento_71" 71 5000 1000 0.95 19 0.4 1 0.8
0.978354488965124 18.8582515951289 "experimento_71" 71 5000 1000 0.95 19 0.4 1 0.8
0.984989563236013 18.3144331078832 "experimento_71" 71 5000 1000 0.95 19 0.4 1 0.8
0.98103582742624 18.9131669163698 "experimento_71" 71 5000 1000 0.95 19 0.4 1 0.8
0.977204705355689 19.1755334863888 "experimento_71" 71 5000 1000 0.95 19 0.4 1 0.8
0.964912305120379 16.2334041092299 "experimento_71" 71 5000 1000 0.95 19 0.4 1 0.8
0.988828458357602 17.6486674688953 "experimento_71" 71 5000 1000 0.95 19 0.4 1 0.8
0.984875038033351 17.4940466696877 "experimento_71" 71 5000 1000 0.95 19 0.4 1 0.8
1.02137677397422 19.7767909758781 "experimento_71" 71 5000 1000 0.95 19 0.4 1 0.8
0.99297117930837 18.9532922776253 "experimento_71" 71 5000 1000 0.95 19 0.4 1 0.8
0.963953002355993 17.1578828656292 "experimento_71" 71 5000 1000 0.95 19 0.4 1 0.8
0.991195864975452 18.8934539442042 "experimento_71" 71 5000 1000 0.95 19 0.4 1 0.8
0.989068554481491 18.2207096677495 "experimento_71" 71 5000 1000 0.95 19 0.4 1 0.8
0.993281842209399 18.1523201759763 "experimento_71" 71 5000 1000 0.95 19 0.4 1 0.8
0.984457024140283 19.3287127373404 "experimento_71" 71 5000 1000 0.95 19 0.4 1 0.8
1.00915031583588 17.6001768086331 "experimento_71" 71 5000 1000 0.95 19 0.4 1 0.8
1.03411737863759 22.7607894177684 "experimento_71" 71 5000 1000 0.95 19 0.4 1 0.8
1.00718229161085 20.7118135593511 "experimento_71" 71 5000 1000 0.95 19 0.4 1 0.8
0.982888608472422 17.4858360847135 "experimento_71" 71 5000 1000 0.95 19 0.4 1 0.8
0.988967587938532 18.8707921474805 "experimento_71" 71 5000 1000 0.95 19 0.4 1 0.8
0.983574177138507 19.0099831404077 "experimento_71" 71 5000 1000 0.95 19 0.4 1 0.8
1.01829376895727 19.6881901284534 "experimento_71" 71 5000 1000 0.95 19 0.4 1 0.8
1.02017060716293 22.3153468423597 "experimento_71" 71 5000 1000 0.95 19 0.4 1 0.8
0.978610555874184 17.4014199233919 "experimento_71" 71 5000 1000 0.95 19 0.4 1 0.8
0.976409564027563 19.7191194874181 "experimento_71" 71 5000 1000 0.95 19 0.4 1 0.8
0.97517062863335 18.3773061433586 "experimento_71" 71 5000 1000 0.95 19 0.4 1 0.8
0.979077896336094 18.8561307103053 "experimento_71" 71 5000 1000 0.95 19 0.4 1 0.8
0.994961877353489 18.6585331172896 "experimento_71" 71 5000 1000 0.95 19 0.4 1 0.8
0.983739601215348 19.2802328056998 "experimento_71" 71 5000 1000 0.95 19 0.4 1 0.8
0.993882011855021 19.147190460363 "experimento_71" 71 5000 1000 0.95 19 0.4 1 0.8
1.02831637646121 19.2893192313786 "experimento_71" 71 5000 1000 0.95 19 0.4 1 0.8
0.975614574970677 19.2646803916022 "experimento_71" 71 5000 1000 0.95 19 0.4 1 0.8
1.01792465245939 21.2663087063427 "experimento_71" 71 5000 1000 0.95 19 0.4 1 0.8
0.981529672630131 19.1027641624905 "experimento_71" 71 5000 1000 0.95 19 0.4 1 0.8
0.987019378459081 20.9151128414939 "experimento_71" 71 5000 1000 0.95 19 0.4 1 0.8
1.00691846174825 19.8797332889194 "experimento_71" 71 5000 1000 0.95 19 0.4 1 0.8
0.995784380240366 19.1584473212251 "experimento_71" 71 5000 1000 0.95 19 0.4 1 0.8
0.984942832961679 20.2523492399709 "experimento_71" 71 5000 1000 0.95 19 0.4 1 0.8
1.00856774591988 18.4821319669825 "experimento_71" 71 5000 1000 0.95 19 0.4 1 0.8
0.992628857959062 18.794185378052 "experimento_71" 71 5000 1000 0.95 19 0.4 1 0.8
1.03686596648249 19.658900642061 "experimento_71" 71 5000 1000 0.95 19 0.4 1 0.8
0.983839042950422 18.3532379719197 "experimento_71" 71 5000 1000 0.95 19 0.4 1 0.8
0.989719342906028 20.9431282378077 "experimento_71" 71 5000 1000 0.95 19 0.4 1 0.8
0.969522054772824 16.836208392934 "experimento_71" 71 5000 1000 0.95 19 0.4 1 0.8
0.974385316716507 17.5108534821368 "experimento_71" 71 5000 1000 0.95 19 0.4 1 0.8
0.978535345057026 17.0640016389963 "experimento_71" 71 5000 1000 0.95 19 0.4 1 0.8
0.991893743397668 18.5734551872229 "experimento_71" 71 5000 1000 0.95 19 0.4 1 0.8
0.998056865297258 19.4119369247073 "experimento_71" 71 5000 1000 0.95 19 0.4 1 0.8
0.971781374420971 18.0837639251728 "experimento_71" 71 5000 1000 0.95 19 0.4 1 0.8
0.985769176157191 17.4354218602092 "experimento_71" 71 5000 1000 0.95 19 0.4 1 0.8
0.977090510074049 17.6369101126848 "experimento_71" 71 5000 1000 0.95 19 0.4 1 0.8
1.01647402360839 18.0524967173061 "experimento_71" 71 5000 1000 0.95 19 0.4 1 0.8
0.994069902226329 17.2832203988186 "experimento_71" 71 5000 1000 0.95 19 0.4 1 0.8
0.973557867109776 16.3452071733152 "experimento_71" 71 5000 1000 0.95 19 0.4 1 0.8
0.977642928250134 16.7497441882007 "experimento_71" 71 5000 1000 0.95 19 0.4 1 0.8
0.968974851537496 17.2658095514546 "experimento_71" 71 5000 1000 0.95 19 0.4 1 0.8
1.02513230149807 21.2806517957348 "experimento_71" 71 5000 1000 0.95 19 0.4 1 0.8
0.982640094589442 18.1083357061401 "experimento_71" 71 5000 1000 0.95 19 0.4 1 0.8
0.981280722655356 19.159651077044 "experimento_71" 71 5000 1000 0.95 19 0.4 1 0.8
0.994556571124122 18.8896860604134 "experimento_71" 71 5000 1000 0.95 19 0.4 1 0.8
1.02082234400472 16.8058921871123 "experimento_71" 71 5000 1000 0.95 19 0.4 1 0.8
0.989463575650007 17.4788845901622 "experimento_71" 71 5000 1000 0.95 19 0.4 1 0.8
0.987282868241891 16.8040892552805 "experimento_71" 71 5000 1000 0.95 19 0.4 1 0.8
0.977516241837293 16.7423772269521 "experimento_71" 71 5000 1000 0.95 19 0.4 1 0.8
0.98670659516938 19.8068669324249 "experimento_71" 71 5000 1000 0.95 19 0.4 1 0.8
0.982839315431193 18.6037743295841 "experimento_71" 71 5000 1000 0.95 19 0.4 1 0.8
0.973863831954077 18.6305692992324 "experimento_71" 71 5000 1000 0.95 19 0.4 1 0.8
1.0053687533215 20.0840587788483 "experimento_71" 71 5000 1000 0.95 19 0.4 1 0.8
0.983268950367346 17.6858442026427 "experimento_71" 71 5000 1000 0.95 19 0.4 1 0.8
1.00946429288505 20.7819342619636 "experimento_71" 71 5000 1000 0.95 19 0.4 1 0.8
0.983874521451071 19.5179682037138 "experimento_71" 71 5000 1000 0.95 19 0.4 1 0.8
1.02378624746282 20.0689075887579 "experimento_71" 71 5000 1000 0.95 19 0.4 1 0.8
0.969250947469845 16.830762604125 "experimento_71" 71 5000 1000 0.95 19 0.4 1 0.8
0.975483322050422 19.7714996963005 "experimento_71" 71 5000 1000 0.95 19 0.4 1 0.8
0.982694705016911 18.2946797372214 "experimento_71" 71 5000 1000 0.95 19 0.4 1 0.8
0.984891017433256 18.3489517288635 "experimento_71" 71 5000 1000 0.95 19 0.4 1 0.8
0.997001399286091 21.9427252038526 "experimento_71" 71 5000 1000 0.95 19 0.4 1 0.8
0.983660611789674 18.591665158242 "experimento_71" 71 5000 1000 0.95 19 0.4 1 0.8
0.981410864274949 19.6880755294736 "experimento_71" 71 5000 1000 0.95 19 0.4 1 0.8
1.00851807018413 20.7331594276795 "experimento_71" 71 5000 1000 0.95 19 0.4 1 0.8
0.996016697958112 17.1977471896034 "experimento_71" 71 5000 1000 0.95 19 0.4 1 0.8
0.985113613773137 20.7567915045892 "experimento_71" 71 5000 1000 0.95 19 0.4 1 0.8
0.97164172376506 18.4088506318579 "experimento_71" 71 5000 1000 0.95 19 0.4 1 0.8
0.9820964676328 17.9603952305 "experimento_71" 71 5000 1000 0.95 19 0.4 1 0.8
0.986999846296385 20.0080890781932 "experimento_71" 71 5000 1000 0.95 19 0.4 1 0.8
0.974925794405863 17.8900273600865 "experimento_71" 71 5000 1000 0.95 19 0.4 1 0.8
0.960339024895802 17.7167426845098 "experimento_71" 71 5000 1000 0.95 19 0.4 1 0.8
0.978684438625351 18.0535450379464 "experimento_71" 71 5000 1000 0.95 19 0.4 1 0.8
0.995000259950757 20.034767010225 "experimento_71" 71 5000 1000 0.95 19 0.4 1 0.8
0.986615856643766 20.9272722819454 "experimento_71" 71 5000 1000 0.95 19 0.4 1 0.8
1.02495291255611 22.3540602186484 "experimento_71" 71 5000 1000 0.95 19 0.4 1 0.8
0.990160387242213 21.4406975952463 "experimento_71" 71 5000 1000 0.95 19 0.4 1 0.8
0.978447703411803 20.3185254569928 "experimento_71" 71 5000 1000 0.95 19 0.4 1 0.8
1.00987269746532 16.5763134772923 "experimento_71" 71 5000 1000 0.95 19 0.4 1 0.8
1.02254180854738 24.1730936380024 "experimento_71" 71 5000 1000 0.95 19 0.4 1 0.8
0.993167753797024 18.5556261890075 "experimento_71" 71 5000 1000 0.95 19 0.4 1 0.8
0.974163459381089 16.3436443851314 "experimento_71" 71 5000 1000 0.95 19 0.4 1 0.8
0.986226125620306 18.8761842142971 "experimento_71" 71 5000 1000 0.95 19 0.4 1 0.8
1.02497512562887 19.747510698793 "experimento_71" 71 5000 1000 0.95 19 0.4 1 0.8
0.997542218305171 20.7177293409666 "experimento_71" 71 5000 1000 0.95 19 0.4 1 0.8
0.988218952203169 17.7992881933712 "experimento_71" 71 5000 1000 0.95 19 0.4 1 0.8
0.982429192634299 18.6674227992473 "experimento_71" 71 5000 1000 0.95 19 0.4 1 0.8
1.01340100318684 20.5381736833685 "experimento_71" 71 5000 1000 0.95 19 0.4 1 0.8
0.992508064489812 18.438080478656 "experimento_71" 71 5000 1000 0.95 19 0.4 1 0.8
0.990299603901803 18.9050421763522 "experimento_71" 71 5000 1000 0.95 19 0.4 1 0.8
0.978751227958128 18.1357302785649 "experimento_71" 71 5000 1000 0.95 19 0.4 1 0.8
0.976247021229938 17.3366382392121 "experimento_71" 71 5000 1000 0.95 19 0.4 1 0.8
0.985758626367897 17.1525702692098 "experimento_71" 71 5000 1000 0.95 19 0.4 1 0.8
0.98914590687491 19.2771286279299 "experimento_71" 71 5000 1000 0.95 19 0.4 1 0.8
1.00705810935198 20.0115010851039 "experimento_71" 71 5000 1000 0.95 19 0.4 1 0.8
0.985033678356558 18.8818643242791 "experimento_71" 71 5000 1000 0.95 19 0.4 1 0.8
1.02437326320168 21.9875973759302 "experimento_71" 71 5000 1000 0.95 19 0.4 1 0.8
0.972689121030271 18.3323854912771 "experimento_71" 71 5000 1000 0.95 19 0.4 1 0.8
0.984446520451456 21.4043583669465 "experimento_71" 71 5000 1000 0.95 19 0.4 1 0.8
0.975601165089756 16.8133607581084 "experimento_71" 71 5000 1000 0.95 19 0.4 1 0.8
0.9813314282801 19.2769012292259 "experimento_71" 71 5000 1000 0.95 19 0.4 1 0.8
0.990692364517599 21.0431182655655 "experimento_71" 71 5000 1000 0.95 19 0.4 1 0.8
0.983997151022777 17.0801706688865 "experimento_71" 71 5000 1000 0.95 19 0.4 1 0.8
0.974232586100698 18.5591659087452 "experimento_71" 71 5000 1000 0.95 19 0.4 1 0.8
0.990893679205328 19.1270045336083 "experimento_71" 71 5000 1000 0.95 19 0.4 1 0.8
0.987062702188268 18.4351339122922 "experimento_71" 71 5000 1000 0.95 19 0.4 1 0.8
0.99262380041182 19.1464819258074 "experimento_71" 71 5000 1000 0.95 19 0.4 1 0.8
0.978244788711891 16.7972821867306 "experimento_71" 71 5000 1000 0.95 19 0.4 1 0.8
0.981749051483348 19.5183428752296 "experimento_71" 71 5000 1000 0.95 19 0.4 1 0.8
0.98392850602977 19.6537859237624 "experimento_71" 71 5000 1000 0.95 19 0.4 1 0.8
0.98264802666381 16.3601951456316 "experimento_71" 71 5000 1000 0.95 19 0.4 1 0.8
1.01326682744548 17.3134813557293 "experimento_71" 71 5000 1000 0.95 19 0.4 1 0.8
0.985077079385519 20.5980768202572 "experimento_71" 71 5000 1000 0.95 19 0.4 1 0.8
1.02771263454404 20.806350364951 "experimento_71" 71 5000 1000 0.95 19 0.4 1 0.8
0.982466622488573 18.1581963447773 "experimento_71" 71 5000 1000 0.95 19 0.4 1 0.8
1.02850456981871 18.2803857112789 "experimento_71" 71 5000 1000 0.95 19 0.4 1 0.8
0.991520557086915 19.9229000338489 "experimento_71" 71 5000 1000 0.95 19 0.4 1 0.8
0.992312370799482 17.2549568295047 "experimento_71" 71 5000 1000 0.95 19 0.4 1 0.8
0.969381986185908 18.1247525099454 "experimento_71" 71 5000 1000 0.95 19 0.4 1 0.8
1.02426818292588 20.9412091401694 "experimento_71" 71 5000 1000 0.95 19 0.4 1 0.8
0.982060145586729 18.6213218575444 "experimento_71" 71 5000 1000 0.95 19 0.4 1 0.8
0.973532886942849 17.1646976846304 "experimento_71" 71 5000 1000 0.95 19 0.4 1 0.8
0.98856069217436 20.3291523220317 "experimento_71" 71 5000 1000 0.95 19 0.4 1 0.8
0.983462813543156 16.3683296431421 "experimento_71" 71 5000 1000 0.95 19 0.4 1 0.8
0.994492478203028 20.3866424656128 "experimento_71" 71 5000 1000 0.95 19 0.4 1 0.8
0.984185346635059 16.293384486296 "experimento_71" 71 5000 1000 0.95 19 0.4 1 0.8
0.988797395722941 19.4923827755271 "experimento_71" 71 5000 1000 0.95 19 0.4 1 0.8
0.986278404481709 18.0464733427183 "experimento_71" 71 5000 1000 0.95 19 0.4 1 0.8
0.975593390176073 17.5485189479834 "experimento_71" 71 5000 1000 0.95 19 0.4 1 0.8
0.987746566766873 17.2389430769979 "experimento_71" 71 5000 1000 0.95 19 0.4 1 0.8
0.980412449222058 18.6901856559786 "experimento_71" 71 5000 1000 0.95 19 0.4 1 0.8
0.980971754295751 19.0779931029529 "experimento_71" 71 5000 1000 0.95 19 0.4 1 0.8
0.980341625167057 18.2752121145431 "experimento_71" 71 5000 1000 0.95 19 0.4 1 0.8
0.978426858317107 20.135404638297 "experimento_71" 71 5000 1000 0.95 19 0.4 1 0.8
0.988414312247187 20.3919147361802 "experimento_71" 71 5000 1000 0.95 19 0.4 1 0.8
0.988767022266984 19.6028292128449 "experimento_71" 71 5000 1000 0.95 19 0.4 1 0.8
0.984425211790949 18.6835203081753 "experimento_71" 71 5000 1000 0.95 19 0.4 1 0.8
0.98945492412895 19.7996348294218 "experimento_71" 71 5000 1000 0.95 19 0.4 1 0.8
0.996996102854609 21.0384502506323 "experimento_71" 71 5000 1000 0.95 19 0.4 1 0.8
0.987502654548734 18.1504092184778 "experimento_71" 71 5000 1000 0.95 19 0.4 1 0.8
0.998981828335673 18.8933922416785 "experimento_71" 71 5000 1000 0.95 19 0.4 1 0.8
0.976423604413867 17.5677188629735 "experimento_71" 71 5000 1000 0.95 19 0.4 1 0.8
0.988351677078754 19.0388641457813 "experimento_71" 71 5000 1000 0.95 19 0.4 1 0.8
0.995207098778337 19.1081394543412 "experimento_71" 71 5000 1000 0.95 19 0.4 1 0.8
0.986414124723524 19.0243317354763 "experimento_71" 71 5000 1000 0.95 19 0.4 1 0.8
0.991629241965711 19.4334221617439 "experimento_71" 71 5000 1000 0.95 19 0.4 1 0.8
0.984287835424766 16.561735104174 "experimento_71" 71 5000 1000 0.95 19 0.4 1 0.8
0.978542613564059 19.272474214834 "experimento_71" 71 5000 1000 0.95 19 0.4 1 0.8
0.975522496504709 16.441822865847 "experimento_71" 71 5000 1000 0.95 19 0.4 1 0.8
0.982003237353638 18.3061704330655 "experimento_71" 71 5000 1000 0.95 19 0.4 1 0.8
0.979892265051603 17.5123379638296 "experimento_71" 71 5000 1000 0.95 19 0.4 1 0.8
0.981685740873218 19.8091555965612 "experimento_71" 71 5000 1000 0.95 19 0.4 1 0.8
0.973722273949534 18.5384484268333 "experimento_71" 71 5000 1000 0.95 19 0.4 1 0.8
0.978916108608246 18.0716738344718 "experimento_71" 71 5000 1000 0.95 19 0.4 1 0.8
0.981929727829993 18.6133815878086 "experimento_71" 71 5000 1000 0.95 19 0.4 1 0.8
0.981835079845041 18.1769745575925 "experimento_71" 71 5000 1000 0.95 19 0.4 1 0.8
0.988710878649727 18.8296988487131 "experimento_71" 71 5000 1000 0.95 19 0.4 1 0.8
0.973423002753407 16.3275358715224 "experimento_71" 71 5000 1000 0.95 19 0.4 1 0.8
0.979594988515601 18.5240073211674 "experimento_71" 71 5000 1000 0.95 19 0.4 1 0.8
0.99804983031936 19.1367364015816 "experimento_71" 71 5000 1000 0.95 19 0.4 1 0.8
0.977259281324223 19.7007291185356 "experimento_71" 71 5000 1000 0.95 19 0.4 1 0.8
0.994340383680537 17.9251998712893 "experimento_71" 71 5000 1000 0.95 19 0.4 1 0.8
0.98933516186662 19.6515143728403 "experimento_71" 71 5000 1000 0.95 19 0.4 1 0.8
0.966213870095089 16.6291295929007 "experimento_71" 71 5000 1000 0.95 19 0.4 1 0.8
0.982785133179277 18.1815511770881 "experimento_71" 71 5000 1000 0.95 19 0.4 1 0.8
1.02032025244185 18.6376029206119 "experimento_71" 71 5000 1000 0.95 19 0.4 1 0.8
0.979624749859795 19.5613433559422 "experimento_71" 71 5000 1000 0.95 19 0.4 1 0.8
0.98622363852337 19.6856220630684 "experimento_71" 71 5000 1000 0.95 19 0.4 1 0.8
0.979483785573393 16.9683812112145 "experimento_71" 71 5000 1000 0.95 19 0.4 1 0.8
0.995117558166385 19.6537276508858 "experimento_71" 71 5000 1000 0.95 19 0.4 1 0.8
0.977637266740203 17.1091628406759 "experimento_71" 71 5000 1000 0.95 19 0.4 1 0.8
0.996715348446742 19.2373632752046 "experimento_71" 71 5000 1000 0.95 19 0.4 1 0.8
0.99072825210169 18.3104777776424 "experimento_71" 71 5000 1000 0.95 19 0.4 1 0.8
0.980093078920618 16.4412059557136 "experimento_71" 71 5000 1000 0.95 19 0.4 1 0.8
0.981631402624771 19.0600418100773 "experimento_71" 71 5000 1000 0.95 19 0.4 1 0.8
0.991624517599121 18.4247864366873 "experimento_71" 71 5000 1000 0.95 19 0.4 1 0.8
0.994520233012736 19.2804465648928 "experimento_71" 71 5000 1000 0.95 19 0.4 1 0.8
1.00440105380438 17.0628830426258 "experimento_71" 71 5000 1000 0.95 19 0.4 1 0.8
1.01490225652723 16.8482536080059 "experimento_71" 71 5000 1000 0.95 19 0.4 1 0.8
0.974350684322417 17.8116393693276 "experimento_71" 71 5000 1000 0.95 19 0.4 1 0.8
0.971787687856704 18.3609037110029 "experimento_71" 71 5000 1000 0.95 19 0.4 1 0.8
0.978172508068383 18.2124565834244 "experimento_71" 71 5000 1000 0.95 19 0.4 1 0.8
0.978181016398594 17.4398647460629 "experimento_71" 71 5000 1000 0.95 19 0.4 1 0.8
1.03781678777359 21.8190468247245 "experimento_71" 71 5000 1000 0.95 19 0.4 1 0.8
0.996689494233578 18.1572748575628 "experimento_71" 71 5000 1000 0.95 19 0.4 1 0.8
0.986500901170075 17.0237370988886 "experimento_71" 71 5000 1000 0.95 19 0.4 1 0.8
0.980842733522877 19.0338521499443 "experimento_71" 71 5000 1000 0.95 19 0.4 1 0.8
0.975861482089385 18.8433275249043 "experimento_71" 71 5000 1000 0.95 19 0.4 1 0.8
0.996339169796556 19.5624500975589 "experimento_71" 71 5000 1000 0.95 19 0.4 1 0.8
0.967567216837779 17.5228434158928 "experimento_71" 71 5000 1000 0.95 19 0.4 1 0.8
0.971739593427628 17.5165216469751 "experimento_71" 71 5000 1000 0.95 19 0.4 1 0.8
0.973746009869501 17.4935969766042 "experimento_71" 71 5000 1000 0.95 19 0.4 1 0.8
0.994481740286574 19.0439382459763 "experimento_71" 71 5000 1000 0.95 19 0.4 1 0.8
0.975011164555326 18.3573564351816 "experimento_71" 71 5000 1000 0.95 19 0.4 1 0.8
0.979834481840953 18.773339480124 "experimento_71" 71 5000 1000 0.95 19 0.4 1 0.8
0.985284140100703 17.2266479007637 "experimento_71" 71 5000 1000 0.95 19 0.4 1 0.8
0.99399331281893 21.0978401133327 "experimento_71" 71 5000 1000 0.95 19 0.4 1 0.8
0.967186843743548 18.1087222444184 "experimento_71" 71 5000 1000 0.95 19 0.4 1 0.8
0.980854402994737 18.8123035343545 "experimento_71" 71 5000 1000 0.95 19 0.4 1 0.8
0.99242284707725 19.0551931157655 "experimento_71" 71 5000 1000 0.95 19 0.4 1 0.8
0.99003314669244 17.6255692521793 "experimento_71" 71 5000 1000 0.95 19 0.4 1 0.8
0.986671638209373 19.1191312580081 "experimento_71" 71 5000 1000 0.95 19 0.4 1 0.8
0.983161028940231 19.4618966796163 "experimento_71" 71 5000 1000 0.95 19 0.4 1 0.8
0.988583575002849 20.2011760632416 "experimento_71" 71 5000 1000 0.95 19 0.4 1 0.8
0.991409754613414 18.5481979847538 "experimento_71" 71 5000 1000 0.95 19 0.4 1 0.8
1.02640577484118 21.9208736254676 "experimento_71" 71 5000 1000 0.95 19 0.4 1 0.8
0.970921385101974 16.3248203199085 "experimento_71" 71 5000 1000 0.95 19 0.4 1 0.8
0.982841847930104 20.5218370648718 "experimento_71" 71 5000 1000 0.95 19 0.4 1 0.8
0.985516477376223 18.7433045024708 "experimento_71" 71 5000 1000 0.95 19 0.4 1 0.8
0.971977944485843 18.2295542264993 "experimento_71" 71 5000 1000 0.95 19 0.4 1 0.8
0.977710058446974 18.9816639396455 "experimento_71" 71 5000 1000 0.95 19 0.4 1 0.8
1.00065343031659 18.0580190744637 "experimento_71" 71 5000 1000 0.95 19 0.4 1 0.8
1.01333595397363 18.3246432882027 "experimento_71" 71 5000 1000 0.95 19 0.4 1 0.8
0.976841422263533 17.5805608542893 "experimento_71" 71 5000 1000 0.95 19 0.4 1 0.8
1.01238026219959 22.1135447041679 "experimento_71" 71 5000 1000 0.95 19 0.4 1 0.8
0.979553519515321 18.4133704834142 "experimento_71" 71 5000 1000 0.95 19 0.4 1 0.8
0.998565042158589 20.0271444776377 "experimento_71" 71 5000 1000 0.95 19 0.4 1 0.8
0.994353403802961 19.3390714667203 "experimento_71" 71 5000 1000 0.95 19 0.4 1 0.8
0.990747275529429 19.1969029753634 "experimento_71" 71 5000 1000 0.95 19 0.4 1 0.8
0.978022954193875 18.1372614440414 "experimento_71" 71 5000 1000 0.95 19 0.4 1 0.8
0.998332958901301 20.0409329435905 "experimento_71" 71 5000 1000 0.95 19 0.4 1 0.8
0.97809717641212 17.1395014538069 "experimento_71" 71 5000 1000 0.95 19 0.4 1 0.8
0.994760534493253 22.3945005862403 "experimento_71" 71 5000 1000 0.95 19 0.4 1 0.8
1.01717479485332 22.5719640122425 "experimento_71" 71 5000 1000 0.95 19 0.4 1 0.8
1.01250632737126 17.3195919651258 "experimento_71" 71 5000 1000 0.95 19 0.4 1 0.8
0.995820069452748 18.4913445646058 "experimento_71" 71 5000 1000 0.95 19 0.4 1 0.8
0.982801335863769 18.226919793611 "experimento_71" 71 5000 1000 0.95 19 0.4 1 0.8
0.981745472410694 18.683083356062 "experimento_71" 71 5000 1000 0.95 19 0.4 1 0.8
0.988286945270374 17.6771413635789 "experimento_71" 71 5000 1000 0.95 19 0.4 1 0.8
0.992061011260375 18.0440520566925 "experimento_71" 71 5000 1000 0.95 19 0.4 1 0.8
0.988206087378785 19.2770786103581 "experimento_71" 71 5000 1000 0.95 19 0.4 1 0.8
0.988265502965078 20.8640855660153 "experimento_71" 71 5000 1000 0.95 19 0.4 1 0.8
1.0262723872193 15.7324881588381 "experimento_71" 71 5000 1000 0.95 19 0.4 1 0.8
0.986627347767353 19.520577303846 "experimento_71" 71 5000 1000 0.95 19 0.4 1 0.8
1.01159927168077 18.7690996938739 "experimento_71" 71 5000 1000 0.95 19 0.4 1 0.8
1.02272189121791 16.4853352744176 "experimento_71" 71 5000 1000 0.95 19 0.4 1 0.8
0.994907009415329 18.523834722117 "experimento_71" 71 5000 1000 0.95 19 0.4 1 0.8
0.984500567195937 18.9960003175924 "experimento_71" 71 5000 1000 0.95 19 0.4 1 0.8
1.00487747874209 23.3295575416438 "experimento_71" 71 5000 1000 0.95 19 0.4 1 0.8
0.991865628631786 17.8729623509737 "experimento_71" 71 5000 1000 0.95 19 0.4 1 0.8
1.01882441920277 19.4291394610711 "experimento_71" 71 5000 1000 0.95 19 0.4 1 0.8
0.994630237808451 19.8158135166695 "experimento_71" 71 5000 1000 0.95 19 0.4 1 0.8
0.980510187568143 19.5058409293087 "experimento_71" 71 5000 1000 0.95 19 0.4 1 0.8
0.966185929952189 16.1441498938173 "experimento_71" 71 5000 1000 0.95 19 0.4 1 0.8
0.994336909381673 20.7418829091146 "experimento_71" 71 5000 1000 0.95 19 0.4 1 0.8
1.02993221615294 21.0948201457685 "experimento_71" 71 5000 1000 0.95 19 0.4 1 0.8
1.0135412682338 15.972997275913 "experimento_71" 71 5000 1000 0.95 19 0.4 1 0.8
0.987802488962188 19.5356805996716 "experimento_71" 71 5000 1000 0.95 19 0.4 1 0.8
0.992408402496949 19.577722904405 "experimento_71" 71 5000 1000 0.95 19 0.4 1 0.8
1.00640800350857 18.8565128391559 "experimento_71" 71 5000 1000 0.95 19 0.4 1 0.8
0.986141869565472 18.595697020838 "experimento_71" 71 5000 1000 0.95 19 0.4 1 0.8
0.979376946343109 19.9771122267922 "experimento_71" 71 5000 1000 0.95 19 0.4 1 0.8
0.982165774563327 19.2902577292017 "experimento_71" 71 5000 1000 0.95 19 0.4 1 0.8
0.981136681977659 19.5533734330192 "experimento_71" 71 5000 1000 0.95 19 0.4 1 0.8
0.981926923850551 19.156116620191 "experimento_71" 71 5000 1000 0.95 19 0.4 1 0.8
1.05679181124794 24.5012893257597 "experimento_71" 71 5000 1000 0.95 19 0.4 1 0.8
0.975974526954815 16.7352286423719 "experimento_71" 71 5000 1000 0.95 19 0.4 1 0.8
1.01892714121526 17.8241041005189 "experimento_71" 71 5000 1000 0.95 19 0.4 1 0.8
1.01455288353425 17.9557986489376 "experimento_71" 71 5000 1000 0.95 19 0.4 1 0.8
0.987435650313273 18.5548584765681 "experimento_71" 71 5000 1000 0.95 19 0.4 1 0.8
0.999347648117691 21.3722140193935 "experimento_71" 71 5000 1000 0.95 19 0.4 1 0.8
1.00189450169712 16.9251232803957 "experimento_71" 71 5000 1000 0.95 19 0.4 1 0.8
1.02111364169817 19.8177474405255 "experimento_71" 71 5000 1000 0.95 19 0.4 1 0.8
0.980277922935784 16.626073235247 "experimento_71" 71 5000 1000 0.95 19 0.4 1 0.8
1.00236977171153 19.0800168412117 "experimento_71" 71 5000 1000 0.95 19 0.4 1 0.8
0.98345064627938 19.1979450876859 "experimento_71" 71 5000 1000 0.95 19 0.4 1 0.8
0.982563217170537 19.1923775849755 "experimento_71" 71 5000 1000 0.95 19 0.4 1 0.8
0.99586442951113 18.0812712752036 "experimento_71" 71 5000 1000 0.95 19 0.4 1 0.8
0.987451989669353 16.6344297059186 "experimento_71" 71 5000 1000 0.95 19 0.4 1 0.8
0.999612198909745 20.1321452251906 "experimento_71" 71 5000 1000 0.95 19 0.4 1 0.8
0.980611767619848 18.5456907453572 "experimento_71" 71 5000 1000 0.95 19 0.4 1 0.8
0.980307309888303 17.4221365855306 "experimento_71" 71 5000 1000 0.95 19 0.4 1 0.8
0.966988286236301 15.833041720908 "experimento_71" 71 5000 1000 0.95 19 0.4 1 0.8
0.993526382371783 17.8356192952367 "experimento_71" 71 5000 1000 0.95 19 0.4 1 0.8
0.980082345660776 17.6867798662001 "experimento_71" 71 5000 1000 0.95 19 0.4 1 0.8
0.98230689833872 18.647679699239 "experimento_71" 71 5000 1000 0.95 19 0.4 1 0.8
0.970831230049953 17.1135097071789 "experimento_71" 71 5000 1000 0.95 19 0.4 1 0.8
0.984002730809152 18.1310258104337 "experimento_71" 71 5000 1000 0.95 19 0.4 1 0.8
0.98475566925481 19.3826817271434 "experimento_71" 71 5000 1000 0.95 19 0.4 1 0.8
0.999415376922116 18.9334296928712 "experimento_71" 71 5000 1000 0.95 19 0.4 1 0.8
0.987545405747369 18.3993454944063 "experimento_71" 71 5000 1000 0.95 19 0.4 1 0.8
0.980445312801749 17.7676411648364 "experimento_71" 71 5000 1000 0.95 19 0.4 1 0.8
1.01980302441179 21.3461489825697 "experimento_71" 71 5000 1000 0.95 19 0.4 1 0.8
0.985998970223591 20.3650963230206 "experimento_71" 71 5000 1000 0.95 19 0.4 1 0.8
0.996034872718155 21.4754398753926 "experimento_71" 71 5000 1000 0.95 19 0.4 1 0.8
0.996902631828561 19.3118355432777 "experimento_71" 71 5000 1000 0.95 19 0.4 1 0.8
0.987794195069 19.4034241804352 "experimento_71" 71 5000 1000 0.95 19 0.4 1 0.8
1.00549569189254 18.9254255860653 "experimento_71" 71 5000 1000 0.95 19 0.4 1 0.8
1.03476272886129 21.366544992317 "experimento_71" 71 5000 1000 0.95 19 0.4 1 0.8
0.987406065920368 19.3337373494734 "experimento_71" 71 5000 1000 0.95 19 0.4 1 0.8
0.983244322240353 19.0543515203746 "experimento_71" 71 5000 1000 0.95 19 0.4 1 0.8
1.00376542087899 20.6570252346653 "experimento_71" 71 5000 1000 0.95 19 0.4 1 0.8
0.973372824024409 17.0243809261256 "experimento_71" 71 5000 1000 0.95 19 0.4 1 0.8
0.988252549665049 18.5774051893243 "experimento_71" 71 5000 1000 0.95 19 0.4 1 0.8
0.979645878775045 19.1190896981145 "experimento_71" 71 5000 1000 0.95 19 0.4 1 0.8
0.987902596825734 19.4402652084618 "experimento_71" 71 5000 1000 0.95 19 0.4 1 0.8
0.992019734345376 18.2310687532353 "experimento_71" 71 5000 1000 0.95 19 0.4 1 0.8
0.987557840300724 19.7079343275813 "experimento_71" 71 5000 1000 0.95 19 0.4 1 0.8
0.982531539630145 19.4786480664629 "experimento_71" 71 5000 1000 0.95 19 0.4 1 0.8
1.0272338657983 20.8742151847632 "experimento_71" 71 5000 1000 0.95 19 0.4 1 0.8
0.996858360478655 19.3844579543408 "experimento_71" 71 5000 1000 0.95 19 0.4 1 0.8
0.987649338552728 18.3878920271871 "experimento_71" 71 5000 1000 0.95 19 0.4 1 0.8
0.991885946597904 20.8416927415178 "experimento_71" 71 5000 1000 0.95 19 0.4 1 0.8
0.983933377545327 17.6714937933941 "experimento_71" 71 5000 1000 0.95 19 0.4 1 0.8
0.986453114775941 18.0717443143651 "experimento_71" 71 5000 1000 0.95 19 0.4 1 0.8
0.972010845784098 17.2169801127452 "experimento_71" 71 5000 1000 0.95 19 0.4 1 0.8
0.988827601773664 19.2238900319542 "experimento_71" 71 5000 1000 0.95 19 0.4 1 0.8
1.01672287738735 17.2844502247087 "experimento_71" 71 5000 1000 0.95 19 0.4 1 0.8
1.0269321879421 17.5338627717267 "experimento_71" 71 5000 1000 0.95 19 0.4 1 0.8
0.970529126934707 17.6855408147523 "experimento_71" 71 5000 1000 0.95 19 0.4 1 0.8
0.974089627619833 19.0067403400185 "experimento_71" 71 5000 1000 0.95 19 0.4 1 0.8
0.977234418736771 18.574472159112 "experimento_71" 71 5000 1000 0.95 19 0.4 1 0.8
1.01856778326787 22.5258711596704 "experimento_71" 71 5000 1000 0.95 19 0.4 1 0.8
1.01874276230369 24.5186968286371 "experimento_71" 71 5000 1000 0.95 19 0.4 1 0.8
0.997477631084621 18.1671413257898 "experimento_71" 71 5000 1000 0.95 19 0.4 1 0.8
1.01719771754487 20.5846808191257 "experimento_71" 71 5000 1000 0.95 19 0.4 1 0.8
0.994964802870527 18.9544888970787 "experimento_71" 71 5000 1000 0.95 19 0.4 1 0.8
1.00376190693657 19.3075057236708 "experimento_71" 71 5000 1000 0.95 19 0.4 1 0.8
1.01332041528076 24.9349650676436 "experimento_71" 71 5000 1000 0.95 19 0.4 1 0.8
0.989541249349713 17.881192137236 "experimento_71" 71 5000 1000 0.95 19 0.4 1 0.8
0.961965475231409 17.8609891222275 "experimento_71" 71 5000 1000 0.95 19 0.4 1 0.8
1.03303972124367 17.9171620130625 "experimento_71" 71 5000 1000 0.95 19 0.4 1 0.8
1.00135977327826 20.2369349831219 "experimento_71" 71 5000 1000 0.95 19 0.4 1 0.8
1.00066274250122 21.1860224040768 "experimento_71" 71 5000 1000 0.95 19 0.4 1 0.8
1.02066415702728 18.6084217389992 "experimento_71" 71 5000 1000 0.95 19 0.4 1 0.8
0.97939434600994 18.7746438332479 "experimento_71" 71 5000 1000 0.95 19 0.4 1 0.8
0.991812334628776 19.1546415215697 "experimento_71" 71 5000 1000 0.95 19 0.4 1 0.8
1.03892796090094 20.6708082469364 "experimento_71" 71 5000 1000 0.95 19 0.4 1 0.8
0.994200494838879 19.5134520324463 "experimento_71" 71 5000 1000 0.95 19 0.4 1 0.8
0.988602517405525 17.3106177993416 "experimento_71" 71 5000 1000 0.95 19 0.4 1 0.8
0.989131255075336 18.4729384877464 "experimento_71" 71 5000 1000 0.95 19 0.4 1 0.8
0.992885391926393 18.8465961110919 "experimento_71" 71 5000 1000 0.95 19 0.4 1 0.8
0.99730847007595 20.9131622981943 "experimento_71" 71 5000 1000 0.95 19 0.4 1 0.8
0.99228741414845 18.9687338468896 "experimento_71" 71 5000 1000 0.95 19 0.4 1 0.8
0.980406768852845 17.2493132095463 "experimento_71" 71 5000 1000 0.95 19 0.4 1 0.8
0.991629900643602 20.3629228488525 "experimento_71" 71 5000 1000 0.95 19 0.4 1 0.8
0.993380315368995 21.4327510279074 "experimento_71" 71 5000 1000 0.95 19 0.4 1 0.8
0.985226942924783 18.7790423778833 "experimento_71" 71 5000 1000 0.95 19 0.4 1 0.8
0.976519872201607 18.8164928219656 "experimento_71" 71 5000 1000 0.95 19 0.4 1 0.8
0.977541319327429 15.3129825254237 "experimento_71" 71 5000 1000 0.95 19 0.4 1 0.8
0.984275741269812 17.7615723473445 "experimento_71" 71 5000 1000 0.95 19 0.4 1 0.8
0.991425468120724 20.0402066001729 "experimento_71" 71 5000 1000 0.95 19 0.4 1 0.8
0.993642774643376 18.2074764991151 "experimento_71" 71 5000 1000 0.95 19 0.4 1 0.8
0.999172081239522 19.7874627767789 "experimento_71" 71 5000 1000 0.95 19 0.4 1 0.8
0.991091731004417 19.3684605937954 "experimento_71" 71 5000 1000 0.95 19 0.4 1 0.8
0.958781420486048 17.0878766989711 "experimento_71" 71 5000 1000 0.95 19 0.4 1 0.8
0.973637467250228 17.9435133199829 "experimento_71" 71 5000 1000 0.95 19 0.4 1 0.8
0.977155490778387 18.7497982501239 "experimento_71" 71 5000 1000 0.95 19 0.4 1 0.8
0.993497246410698 16.8137819466751 "experimento_71" 71 5000 1000 0.95 19 0.4 1 0.8
0.973818248370662 17.7305527187064 "experimento_71" 71 5000 1000 0.95 19 0.4 1 0.8
0.985613338649273 18.9577971609713 "experimento_71" 71 5000 1000 0.95 19 0.4 1 0.8
0.984581430442631 17.9540919559245 "experimento_71" 71 5000 1000 0.95 19 0.4 1 0.8
0.984494959237054 17.8557035130194 "experimento_71" 71 5000 1000 0.95 19 0.4 1 0.8
0.98900817707181 19.325995529177 "experimento_71" 71 5000 1000 0.95 19 0.4 1 0.8
0.986422280082479 19.0485109209129 "experimento_71" 71 5000 1000 0.95 19 0.4 1 0.8
0.995310319121927 18.9687710923268 "experimento_71" 71 5000 1000 0.95 19 0.4 1 0.8
1.05567213348627 22.308920823452 "experimento_71" 71 5000 1000 0.95 19 0.4 1 0.8
1.03010733156024 15.0364699573481 "experimento_71" 71 5000 1000 0.95 19 0.4 1 0.8
0.997363697970286 20.3040561077191 "experimento_71" 71 5000 1000 0.95 19 0.4 1 0.8
0.971829095622525 16.9325052530691 "experimento_71" 71 5000 1000 0.95 19 0.4 1 0.8
0.985384492669255 19.9816988838851 "experimento_71" 71 5000 1000 0.95 19 0.4 1 0.8
0.997381103690714 19.4807118364628 "experimento_71" 71 5000 1000 0.95 19 0.4 1 0.8
0.980590439634398 19.60631070436 "experimento_71" 71 5000 1000 0.95 19 0.4 1 0.8
0.987332037650049 18.2667785801659 "experimento_71" 71 5000 1000 0.95 19 0.4 1 0.8
0.974361256463453 17.2888314993566 "experimento_71" 71 5000 1000 0.95 19 0.4 1 0.8
0.988346247235313 19.0102834837592 "experimento_71" 71 5000 1000 0.95 19 0.4 1 0.8
0.998992762761191 18.2797566171572 "experimento_71" 71 5000 1000 0.95 19 0.4 1 0.8
1.00147739454446 20.222864902153 "experimento_71" 71 5000 1000 0.95 19 0.4 1 0.8
1.04452411706081 21.2438728553429 "experimento_71" 71 5000 1000 0.95 19 0.4 1 0.8
0.997829991625622 19.7099672043724 "experimento_71" 71 5000 1000 0.95 19 0.4 1 0.8
1.00937260113853 19.8066216832162 "experimento_71" 71 5000 1000 0.95 19 0.4 1 0.8
0.971258929930627 18.2707907093428 "experimento_71" 71 5000 1000 0.95 19 0.4 1 0.8
0.991679629543796 20.1051290591069 "experimento_71" 71 5000 1000 0.95 19 0.4 1 0.8
0.98800903512165 18.5038901314443 "experimento_71" 71 5000 1000 0.95 19 0.4 1 0.8
0.9830087358132 18.3995184473406 "experimento_71" 71 5000 1000 0.95 19 0.4 1 0.8
1.00105497755698 17.5102035576283 "experimento_71" 71 5000 1000 0.95 19 0.4 1 0.8
1.00565390729026 18.4247739124768 "experimento_71" 71 5000 1000 0.95 19 0.4 1 0.8
0.985382163198665 18.6403416100225 "experimento_71" 71 5000 1000 0.95 19 0.4 1 0.8
1.00064899836128 20.7759827275608 "experimento_71" 71 5000 1000 0.95 19 0.4 1 0.8
0.984755001729354 20.659061374752 "experimento_71" 71 5000 1000 0.95 19 0.4 1 0.8
1.01350091512952 17.4515377683426 "experimento_71" 71 5000 1000 0.95 19 0.4 1 0.8
1.0290452682508 21.5604953520271 "experimento_71" 71 5000 1000 0.95 19 0.4 1 0.8
0.988955795764923 17.4268678781613 "experimento_71" 71 5000 1000 0.95 19 0.4 1 0.8
1.00962802630506 18.4196390564573 "experimento_71" 71 5000 1000 0.95 19 0.4 1 0.8
0.980651052203029 17.3609236400913 "experimento_71" 71 5000 1000 0.95 19 0.4 1 0.8
0.988450733711943 18.7296954958603 "experimento_71" 71 5000 1000 0.95 19 0.4 1 0.8
0.980171603616327 18.8176243290455 "experimento_71" 71 5000 1000 0.95 19 0.4 1 0.8
0.993596869520843 20.0458594362564 "experimento_71" 71 5000 1000 0.95 19 0.4 1 0.8
0.972574274521321 18.2787897080271 "experimento_71" 71 5000 1000 0.95 19 0.4 1 0.8
0.997258548159152 19.3216673153524 "experimento_71" 71 5000 1000 0.95 19 0.4 1 0.8
0.986455130157992 18.879154183489 "experimento_71" 71 5000 1000 0.95 19 0.4 1 0.8
0.976021929644048 18.2845247485669 "experimento_71" 71 5000 1000 0.95 19 0.4 1 0.8
0.995073091471568 18.9949660669158 "experimento_71" 71 5000 1000 0.95 19 0.4 1 0.8
0.995184801751748 18.8946800374782 "experimento_71" 71 5000 1000 0.95 19 0.4 1 0.8
0.990457030944526 22.1323719858217 "experimento_71" 71 5000 1000 0.95 19 0.4 1 0.8
0.993866343749687 20.5609476508975 "experimento_71" 71 5000 1000 0.95 19 0.4 1 0.8
0.984585015801713 16.5942281947087 "experimento_71" 71 5000 1000 0.95 19 0.4 1 0.8
0.982672069454566 18.9988653910672 "experimento_71" 71 5000 1000 0.95 19 0.4 1 0.8
0.980041436152533 19.6327310350851 "experimento_71" 71 5000 1000 0.95 19 0.4 1 0.8
0.998463065363467 21.2580271214616 "experimento_71" 71 5000 1000 0.95 19 0.4 1 0.8
0.991476162802428 17.7259931240563 "experimento_71" 71 5000 1000 0.95 19 0.4 1 0.8
0.99461259576492 20.2688006795604 "experimento_71" 71 5000 1000 0.95 19 0.4 1 0.8
0.986424929462373 18.0925668917616 "experimento_71" 71 5000 1000 0.95 19 0.4 1 0.8
0.992917563766241 19.4114790261186 "experimento_71" 71 5000 1000 0.95 19 0.4 1 0.8
1.00122750506393 18.9887509116233 "experimento_71" 71 5000 1000 0.95 19 0.4 1 0.8
0.980307470541447 18.441976811352 "experimento_71" 71 5000 1000 0.95 19 0.4 1 0.8
0.974914082558826 17.0600788872111 "experimento_71" 71 5000 1000 0.95 19 0.4 1 0.8
0.97500807326287 19.823198696734 "experimento_71" 71 5000 1000 0.95 19 0.4 1 0.8
1.00675314645234 18.59263593096 "experimento_71" 71 5000 1000 0.95 19 0.4 1 0.8
1.00132436861697 20.2905808949806 "experimento_71" 71 5000 1000 0.95 19 0.4 1 0.8
0.993148955283687 18.0000550043786 "experimento_71" 71 5000 1000 0.95 19 0.4 1 0.8
0.99428892810829 20.4463634255524 "experimento_71" 71 5000 1000 0.95 19 0.4 1 0.8
0.979970281710848 18.3817585814674 "experimento_71" 71 5000 1000 0.95 19 0.4 1 0.8
0.984331928193569 19.2494335523822 "experimento_71" 71 5000 1000 0.95 19 0.4 1 0.8
0.983382328413427 18.2542776349343 "experimento_71" 71 5000 1000 0.95 19 0.4 1 0.8
0.979725810466334 17.0555203612767 "experimento_71" 71 5000 1000 0.95 19 0.4 1 0.8
0.998146715806797 20.7483978708786 "experimento_71" 71 5000 1000 0.95 19 0.4 1 0.8
0.996611051494256 18.597094697105 "experimento_71" 71 5000 1000 0.95 19 0.4 1 0.8
0.979036100674421 17.9226662116625 "experimento_71" 71 5000 1000 0.95 19 0.4 1 0.8
0.982185464119539 17.9183228104809 "experimento_71" 71 5000 1000 0.95 19 0.4 1 0.8
0.984636142384261 17.9661952179534 "experimento_71" 71 5000 1000 0.95 19 0.4 1 0.8
0.986784884240478 18.0570377945106 "experimento_71" 71 5000 1000 0.95 19 0.4 1 0.8
0.986635018605739 20.2906529728218 "experimento_71" 71 5000 1000 0.95 19 0.4 1 0.8
0.975533409276977 18.6030229021708 "experimento_71" 71 5000 1000 0.95 19 0.4 1 0.8
0.98003987595439 18.8875292188385 "experimento_71" 71 5000 1000 0.95 19 0.4 1 0.8
0.982702436391264 19.4215450433567 "experimento_71" 71 5000 1000 0.95 19 0.4 1 0.8
0.969614159315825 16.8491136824539 "experimento_71" 71 5000 1000 0.95 19 0.4 1 0.8
0.986482623731717 17.7717174731982 "experimento_71" 71 5000 1000 0.95 19 0.4 1 0.8
0.974962680833414 18.4237001844285 "experimento_71" 71 5000 1000 0.95 19 0.4 1 0.8
0.99087110767141 20.0907219115427 "experimento_71" 71 5000 1000 0.95 19 0.4 1 0.8
0.977070112712681 18.0556104719547 "experimento_71" 71 5000 1000 0.95 19 0.4 1 0.8
0.98390459921211 18.5440017755749 "experimento_71" 71 5000 1000 0.95 19 0.4 1 0.8
0.985488303005695 19.1371529539177 "experimento_71" 71 5000 1000 0.95 19 0.4 1 0.8
1.0082756670441 21.7210914758339 "experimento_71" 71 5000 1000 0.95 19 0.4 1 0.8
1.03636226977075 20.293802059882 "experimento_71" 71 5000 1000 0.95 19 0.4 1 0.8
1.03388162386163 22.0923208110886 "experimento_71" 71 5000 1000 0.95 19 0.4 1 0.8
0.983749074162915 17.8417811772128 "experimento_71" 71 5000 1000 0.95 19 0.4 1 0.8
0.974538781214505 17.3155990344658 "experimento_71" 71 5000 1000 0.95 19 0.4 1 0.8
0.984217663528398 16.2705190614531 "experimento_71" 71 5000 1000 0.95 19 0.4 1 0.8
0.993688627844676 19.620118660283 "experimento_71" 71 5000 1000 0.95 19 0.4 1 0.8
0.994803806534037 19.1713663041849 "experimento_71" 71 5000 1000 0.95 19 0.4 1 0.8
1.01087076827197 18.4770215714571 "experimento_71" 71 5000 1000 0.95 19 0.4 1 0.8
