"est.u" "est.lamb" "name" "seed" "size" "replicates" "p_umbral" "exp_lambda" "alpha_pen" "n_pen" "c"
0.997167309746146 1.02012668449702 "experimento_14" 14 1000 1000 0.8 1 0.4 1 0.8
1.05693819141015 1.00029397859809 "experimento_14" 14 1000 1000 0.8 1 0.4 1 0.8
0.98547547776252 1.02642760724843 "experimento_14" 14 1000 1000 0.8 1 0.4 1 0.8
0.991421239683405 0.99948983722782 "experimento_14" 14 1000 1000 0.8 1 0.4 1 0.8
1.4226880101487 0.890911590507437 "experimento_14" 14 1000 1000 0.8 1 0.4 1 0.8
1.00215555857593 1.03726052549612 "experimento_14" 14 1000 1000 0.8 1 0.4 1 0.8
0.990258847596124 0.964182174350754 "experimento_14" 14 1000 1000 0.8 1 0.4 1 0.8
1.21843043362312 0.939288125726137 "experimento_14" 14 1000 1000 0.8 1 0.4 1 0.8
0.998735855333507 0.957499639903116 "experimento_14" 14 1000 1000 0.8 1 0.4 1 0.8
0.981384518090636 0.983953922850901 "experimento_14" 14 1000 1000 0.8 1 0.4 1 0.8
0.985756246373057 0.973604283144888 "experimento_14" 14 1000 1000 0.8 1 0.4 1 0.8
0.997092675417662 1.12882588473894 "experimento_14" 14 1000 1000 0.8 1 0.4 1 0.8
1.00006941901699 1.10741394301192 "experimento_14" 14 1000 1000 0.8 1 0.4 1 0.8
0.992768351454288 1.11665368504108 "experimento_14" 14 1000 1000 0.8 1 0.4 1 0.8
0.988381248898804 1.09949416671739 "experimento_14" 14 1000 1000 0.8 1 0.4 1 0.8
0.979502116097137 1.00529022192495 "experimento_14" 14 1000 1000 0.8 1 0.4 1 0.8
1.00068178260699 1.08235914718218 "experimento_14" 14 1000 1000 0.8 1 0.4 1 0.8
0.987803345313296 1.05027275695542 "experimento_14" 14 1000 1000 0.8 1 0.4 1 0.8
0.999006126774475 1.0869085698023 "experimento_14" 14 1000 1000 0.8 1 0.4 1 0.8
0.98955770698376 0.921306818602166 "experimento_14" 14 1000 1000 0.8 1 0.4 1 0.8
0.999758138554171 0.999864142408861 "experimento_14" 14 1000 1000 0.8 1 0.4 1 0.8
1.01766428444535 0.998162710165318 "experimento_14" 14 1000 1000 0.8 1 0.4 1 0.8
0.998829448828474 0.996600471423586 "experimento_14" 14 1000 1000 0.8 1 0.4 1 0.8
1.03450569463894 0.966714543449448 "experimento_14" 14 1000 1000 0.8 1 0.4 1 0.8
0.989466465078294 1.02352398953903 "experimento_14" 14 1000 1000 0.8 1 0.4 1 0.8
1.0003499098165 0.937672563505592 "experimento_14" 14 1000 1000 0.8 1 0.4 1 0.8
0.997548520332202 1.02356460373678 "experimento_14" 14 1000 1000 0.8 1 0.4 1 0.8
0.986815714742988 1.05458181747203 "experimento_14" 14 1000 1000 0.8 1 0.4 1 0.8
1.00875931968676 0.980011184781454 "experimento_14" 14 1000 1000 0.8 1 0.4 1 0.8
0.991678500548005 1.07833511770543 "experimento_14" 14 1000 1000 0.8 1 0.4 1 0.8
0.998651466099545 0.992139969693059 "experimento_14" 14 1000 1000 0.8 1 0.4 1 0.8
0.989204504294321 1.05404420252757 "experimento_14" 14 1000 1000 0.8 1 0.4 1 0.8
0.99749642284587 1.02633159925155 "experimento_14" 14 1000 1000 0.8 1 0.4 1 0.8
0.992692311294377 0.995962299549448 "experimento_14" 14 1000 1000 0.8 1 0.4 1 0.8
0.996298920828849 1.00070660451379 "experimento_14" 14 1000 1000 0.8 1 0.4 1 0.8
0.987540802452713 1.14956078855926 "experimento_14" 14 1000 1000 0.8 1 0.4 1 0.8
0.983743446413428 0.918696685780178 "experimento_14" 14 1000 1000 0.8 1 0.4 1 0.8
0.981187909143046 1.07467583547767 "experimento_14" 14 1000 1000 0.8 1 0.4 1 0.8
0.942888789111748 1.21072236385146 "experimento_14" 14 1000 1000 0.8 1 0.4 1 0.8
1.00726836763063 0.999006101601259 "experimento_14" 14 1000 1000 0.8 1 0.4 1 0.8
0.995181595208123 0.959983509305121 "experimento_14" 14 1000 1000 0.8 1 0.4 1 0.8
0.99708282481879 1.05049640431908 "experimento_14" 14 1000 1000 0.8 1 0.4 1 0.8
1.01094662432252 1.04418246172884 "experimento_14" 14 1000 1000 0.8 1 0.4 1 0.8
1.01048240729086 1.06175696687623 "experimento_14" 14 1000 1000 0.8 1 0.4 1 0.8
1.56768112210557 0.886611001225822 "experimento_14" 14 1000 1000 0.8 1 0.4 1 0.8
1.07077627489343 1.02931513449517 "experimento_14" 14 1000 1000 0.8 1 0.4 1 0.8
0.996311855036765 0.985839795701954 "experimento_14" 14 1000 1000 0.8 1 0.4 1 0.8
1.02072875461273 0.900235444399277 "experimento_14" 14 1000 1000 0.8 1 0.4 1 0.8
0.983607611153275 0.999396760853512 "experimento_14" 14 1000 1000 0.8 1 0.4 1 0.8
0.986457486636937 0.946871051305403 "experimento_14" 14 1000 1000 0.8 1 0.4 1 0.8
0.999807766871527 0.990690245619746 "experimento_14" 14 1000 1000 0.8 1 0.4 1 0.8
0.992367517668754 1.03024852803548 "experimento_14" 14 1000 1000 0.8 1 0.4 1 0.8
1.10631818490076 0.992367574973578 "experimento_14" 14 1000 1000 0.8 1 0.4 1 0.8
0.98469842527993 1.17027244102727 "experimento_14" 14 1000 1000 0.8 1 0.4 1 0.8
1.04541647152149 1.05981429265919 "experimento_14" 14 1000 1000 0.8 1 0.4 1 0.8
0.992557043908164 0.890838578681779 "experimento_14" 14 1000 1000 0.8 1 0.4 1 0.8
0.991936372360215 1.00473153128198 "experimento_14" 14 1000 1000 0.8 1 0.4 1 0.8
0.974795484682545 1.06221157195832 "experimento_14" 14 1000 1000 0.8 1 0.4 1 0.8
1.1475457860265 1.05257174844496 "experimento_14" 14 1000 1000 0.8 1 0.4 1 0.8
1.00238447869197 0.920290462501973 "experimento_14" 14 1000 1000 0.8 1 0.4 1 0.8
0.998127449303865 0.973541550074742 "experimento_14" 14 1000 1000 0.8 1 0.4 1 0.8
0.999387284042314 1.01492760462647 "experimento_14" 14 1000 1000 0.8 1 0.4 1 0.8
1.29802624741569 0.875624089624936 "experimento_14" 14 1000 1000 0.8 1 0.4 1 0.8
0.991659302264452 0.96915198892383 "experimento_14" 14 1000 1000 0.8 1 0.4 1 0.8
1.01696478389204 1.01599646183078 "experimento_14" 14 1000 1000 0.8 1 0.4 1 0.8
0.998330345144495 0.98723306560897 "experimento_14" 14 1000 1000 0.8 1 0.4 1 0.8
0.999113408615813 1.05835219663434 "experimento_14" 14 1000 1000 0.8 1 0.4 1 0.8
0.999586296966299 0.966933058161597 "experimento_14" 14 1000 1000 0.8 1 0.4 1 0.8
0.998247347539291 1.01112737984998 "experimento_14" 14 1000 1000 0.8 1 0.4 1 0.8
0.989666752051562 1.10433060187359 "experimento_14" 14 1000 1000 0.8 1 0.4 1 0.8
0.977807681774721 1.01852161243053 "experimento_14" 14 1000 1000 0.8 1 0.4 1 0.8
0.979452069150284 1.28332440235424 "experimento_14" 14 1000 1000 0.8 1 0.4 1 0.8
0.997279209084809 1.08311194215104 "experimento_14" 14 1000 1000 0.8 1 0.4 1 0.8
0.994432498700917 1.05770231233127 "experimento_14" 14 1000 1000 0.8 1 0.4 1 0.8
0.999054672662169 1.01813591909731 "experimento_14" 14 1000 1000 0.8 1 0.4 1 0.8
0.987378082238138 1.03674166125822 "experimento_14" 14 1000 1000 0.8 1 0.4 1 0.8
0.998559932457283 1.07443096852205 "experimento_14" 14 1000 1000 0.8 1 0.4 1 0.8
0.98210463183932 0.852300675169207 "experimento_14" 14 1000 1000 0.8 1 0.4 1 0.8
0.98993631452322 1.13458724316419 "experimento_14" 14 1000 1000 0.8 1 0.4 1 0.8
0.979220827110112 1.15816138402621 "experimento_14" 14 1000 1000 0.8 1 0.4 1 0.8
0.999311323743314 1.08921536442351 "experimento_14" 14 1000 1000 0.8 1 0.4 1 0.8
0.997910013888031 0.930676252403868 "experimento_14" 14 1000 1000 0.8 1 0.4 1 0.8
0.987067582318559 1.1095737456099 "experimento_14" 14 1000 1000 0.8 1 0.4 1 0.8
1.0003779521212 0.965662464120016 "experimento_14" 14 1000 1000 0.8 1 0.4 1 0.8
0.997884649783373 1.13426265575998 "experimento_14" 14 1000 1000 0.8 1 0.4 1 0.8
0.98490968788974 0.957841951522485 "experimento_14" 14 1000 1000 0.8 1 0.4 1 0.8
0.98620583396405 1.04231816571571 "experimento_14" 14 1000 1000 0.8 1 0.4 1 0.8
1.00317517761141 1.14021260231038 "experimento_14" 14 1000 1000 0.8 1 0.4 1 0.8
1.0064718699331 1.02487423145973 "experimento_14" 14 1000 1000 0.8 1 0.4 1 0.8
0.994037558557466 1.05786689079587 "experimento_14" 14 1000 1000 0.8 1 0.4 1 0.8
0.994796676794067 1.02804648392312 "experimento_14" 14 1000 1000 0.8 1 0.4 1 0.8
1.02130760679569 1.05793632724846 "experimento_14" 14 1000 1000 0.8 1 0.4 1 0.8
0.998560034437105 1.0395818962669 "experimento_14" 14 1000 1000 0.8 1 0.4 1 0.8
0.997257824754342 1.04430659962543 "experimento_14" 14 1000 1000 0.8 1 0.4 1 0.8
1.17309999515191 1.10411861457824 "experimento_14" 14 1000 1000 0.8 1 0.4 1 0.8
0.966749800601974 1.03258710382698 "experimento_14" 14 1000 1000 0.8 1 0.4 1 0.8
1.03282141732052 1.06827443571626 "experimento_14" 14 1000 1000 0.8 1 0.4 1 0.8
0.999574716668576 1.04713647907101 "experimento_14" 14 1000 1000 0.8 1 0.4 1 0.8
0.996226042043418 1.06914521514145 "experimento_14" 14 1000 1000 0.8 1 0.4 1 0.8
0.99870775337331 1.04198041021647 "experimento_14" 14 1000 1000 0.8 1 0.4 1 0.8
0.987947252113372 1.14068468921108 "experimento_14" 14 1000 1000 0.8 1 0.4 1 0.8
0.993541337549686 1.05301246765852 "experimento_14" 14 1000 1000 0.8 1 0.4 1 0.8
0.991024093003944 1.08397880462092 "experimento_14" 14 1000 1000 0.8 1 0.4 1 0.8
1.02961426181719 1.08644022482228 "experimento_14" 14 1000 1000 0.8 1 0.4 1 0.8
1.0254206953738 1.04894299032106 "experimento_14" 14 1000 1000 0.8 1 0.4 1 0.8
0.999664538074285 0.971986464102254 "experimento_14" 14 1000 1000 0.8 1 0.4 1 0.8
0.98730720160529 0.962449039335562 "experimento_14" 14 1000 1000 0.8 1 0.4 1 0.8
0.995372304925695 1.12781841087259 "experimento_14" 14 1000 1000 0.8 1 0.4 1 0.8
0.98583403788507 1.07966233261519 "experimento_14" 14 1000 1000 0.8 1 0.4 1 0.8
0.999398978659883 1.06324271743326 "experimento_14" 14 1000 1000 0.8 1 0.4 1 0.8
0.980300810886547 1.01741518020446 "experimento_14" 14 1000 1000 0.8 1 0.4 1 0.8
1.00141300105055 1.06252571152388 "experimento_14" 14 1000 1000 0.8 1 0.4 1 0.8
0.992972358362749 1.08380943663027 "experimento_14" 14 1000 1000 0.8 1 0.4 1 0.8
1.0116567844525 0.976776797746173 "experimento_14" 14 1000 1000 0.8 1 0.4 1 0.8
1.02075193850479 0.987921152335669 "experimento_14" 14 1000 1000 0.8 1 0.4 1 0.8
0.996898457175121 1.04617258590217 "experimento_14" 14 1000 1000 0.8 1 0.4 1 0.8
1.02165412976761 0.869587529181066 "experimento_14" 14 1000 1000 0.8 1 0.4 1 0.8
0.99102576309815 1.04757865335912 "experimento_14" 14 1000 1000 0.8 1 0.4 1 0.8
0.980895266169682 1.14583365924837 "experimento_14" 14 1000 1000 0.8 1 0.4 1 0.8
0.988065453479066 0.980706602637346 "experimento_14" 14 1000 1000 0.8 1 0.4 1 0.8
0.999557055300102 1.01248047118351 "experimento_14" 14 1000 1000 0.8 1 0.4 1 0.8
1.33641255926341 1.07582460283399 "experimento_14" 14 1000 1000 0.8 1 0.4 1 0.8
0.985507319448516 1.07138285388411 "experimento_14" 14 1000 1000 0.8 1 0.4 1 0.8
1.06532468646765 1.06996069793085 "experimento_14" 14 1000 1000 0.8 1 0.4 1 0.8
0.989022769033909 1.07005817965428 "experimento_14" 14 1000 1000 0.8 1 0.4 1 0.8
0.968752565328032 1.06506024625117 "experimento_14" 14 1000 1000 0.8 1 0.4 1 0.8
1.04030220127882 0.914233503825093 "experimento_14" 14 1000 1000 0.8 1 0.4 1 0.8
1.05736336390297 0.885257088475178 "experimento_14" 14 1000 1000 0.8 1 0.4 1 0.8
0.99354507192038 0.999788891893146 "experimento_14" 14 1000 1000 0.8 1 0.4 1 0.8
0.998005860252306 1.0701860549582 "experimento_14" 14 1000 1000 0.8 1 0.4 1 0.8
1.00230860776847 1.02890825672812 "experimento_14" 14 1000 1000 0.8 1 0.4 1 0.8
0.98494371236302 1.05396901255301 "experimento_14" 14 1000 1000 0.8 1 0.4 1 0.8
1.01321381707886 0.913070219837552 "experimento_14" 14 1000 1000 0.8 1 0.4 1 0.8
0.995309715857729 1.08792560620359 "experimento_14" 14 1000 1000 0.8 1 0.4 1 0.8
0.991330304648727 0.942985531573943 "experimento_14" 14 1000 1000 0.8 1 0.4 1 0.8
0.99462429783307 0.936838451322479 "experimento_14" 14 1000 1000 0.8 1 0.4 1 0.8
0.98739005997777 0.96223391562941 "experimento_14" 14 1000 1000 0.8 1 0.4 1 0.8
1.11626808132551 0.830280023085322 "experimento_14" 14 1000 1000 0.8 1 0.4 1 0.8
0.976513378322124 1.06595797598483 "experimento_14" 14 1000 1000 0.8 1 0.4 1 0.8
0.999921611975878 1.04394862991458 "experimento_14" 14 1000 1000 0.8 1 0.4 1 0.8
1.16230919602088 0.957246445579786 "experimento_14" 14 1000 1000 0.8 1 0.4 1 0.8
0.998736390611157 1.05074479884941 "experimento_14" 14 1000 1000 0.8 1 0.4 1 0.8
0.988563638646156 1.2091358573817 "experimento_14" 14 1000 1000 0.8 1 0.4 1 0.8
0.997385224793106 0.978637594016237 "experimento_14" 14 1000 1000 0.8 1 0.4 1 0.8
0.999487768625841 1.12798783149642 "experimento_14" 14 1000 1000 0.8 1 0.4 1 0.8
0.99822418927215 1.04883671420531 "experimento_14" 14 1000 1000 0.8 1 0.4 1 0.8
1.06464007712148 0.900479305557164 "experimento_14" 14 1000 1000 0.8 1 0.4 1 0.8
0.9984669694677 1.32545265671519 "experimento_14" 14 1000 1000 0.8 1 0.4 1 0.8
1.03446888679146 1.07417661829766 "experimento_14" 14 1000 1000 0.8 1 0.4 1 0.8
1.16078941570595 0.99303266746218 "experimento_14" 14 1000 1000 0.8 1 0.4 1 0.8
0.984596773283556 1.02344819628759 "experimento_14" 14 1000 1000 0.8 1 0.4 1 0.8
0.99260800331831 1.08202495502815 "experimento_14" 14 1000 1000 0.8 1 0.4 1 0.8
0.995598789071664 0.989650852247156 "experimento_14" 14 1000 1000 0.8 1 0.4 1 0.8
0.999353748979047 1.0376268239672 "experimento_14" 14 1000 1000 0.8 1 0.4 1 0.8
0.993151831906289 0.876243090623351 "experimento_14" 14 1000 1000 0.8 1 0.4 1 0.8
0.99482370284386 0.960309926917563 "experimento_14" 14 1000 1000 0.8 1 0.4 1 0.8
1.0004553142935 0.978756092356903 "experimento_14" 14 1000 1000 0.8 1 0.4 1 0.8
1.00109699938084 0.897614156280285 "experimento_14" 14 1000 1000 0.8 1 0.4 1 0.8
1.08088769437745 1.0695776814006 "experimento_14" 14 1000 1000 0.8 1 0.4 1 0.8
1.00622885907069 1.03897909346679 "experimento_14" 14 1000 1000 0.8 1 0.4 1 0.8
1.00517386989668 0.911801940263313 "experimento_14" 14 1000 1000 0.8 1 0.4 1 0.8
0.995444173924625 1.01216613585181 "experimento_14" 14 1000 1000 0.8 1 0.4 1 0.8
0.982158541679382 1.13708380079427 "experimento_14" 14 1000 1000 0.8 1 0.4 1 0.8
0.997862876625732 0.977562989367546 "experimento_14" 14 1000 1000 0.8 1 0.4 1 0.8
1.00047075701877 0.986132002067273 "experimento_14" 14 1000 1000 0.8 1 0.4 1 0.8
0.983298933133483 0.989346359990115 "experimento_14" 14 1000 1000 0.8 1 0.4 1 0.8
0.998932776972651 0.955942310128069 "experimento_14" 14 1000 1000 0.8 1 0.4 1 0.8
0.996579455910251 1.13210748853284 "experimento_14" 14 1000 1000 0.8 1 0.4 1 0.8
0.984357583336532 0.981529475094064 "experimento_14" 14 1000 1000 0.8 1 0.4 1 0.8
0.996071671135724 0.920908862435211 "experimento_14" 14 1000 1000 0.8 1 0.4 1 0.8
0.998144206823781 1.04889144554229 "experimento_14" 14 1000 1000 0.8 1 0.4 1 0.8
0.994727765209973 1.04909782967961 "experimento_14" 14 1000 1000 0.8 1 0.4 1 0.8
0.999455966055393 1.04356691093067 "experimento_14" 14 1000 1000 0.8 1 0.4 1 0.8
0.960710208164528 1.08192470819157 "experimento_14" 14 1000 1000 0.8 1 0.4 1 0.8
1.02842598139864 0.89057672987181 "experimento_14" 14 1000 1000 0.8 1 0.4 1 0.8
1.1221224139061 0.967128162048084 "experimento_14" 14 1000 1000 0.8 1 0.4 1 0.8
0.970816798508167 1.07377847274263 "experimento_14" 14 1000 1000 0.8 1 0.4 1 0.8
1.00091650457865 1.11760701600898 "experimento_14" 14 1000 1000 0.8 1 0.4 1 0.8
0.997313482221216 1.04200435399801 "experimento_14" 14 1000 1000 0.8 1 0.4 1 0.8
0.999308592872694 1.06261688098676 "experimento_14" 14 1000 1000 0.8 1 0.4 1 0.8
0.994023552164435 0.99796864499482 "experimento_14" 14 1000 1000 0.8 1 0.4 1 0.8
0.976089518284425 0.976793783712205 "experimento_14" 14 1000 1000 0.8 1 0.4 1 0.8
0.982745232060552 1.03233755746556 "experimento_14" 14 1000 1000 0.8 1 0.4 1 0.8
0.999288260238245 0.939763791345627 "experimento_14" 14 1000 1000 0.8 1 0.4 1 0.8
0.996202622540295 1.01053419544902 "experimento_14" 14 1000 1000 0.8 1 0.4 1 0.8
0.987909342627972 0.994080994009457 "experimento_14" 14 1000 1000 0.8 1 0.4 1 0.8
0.972326257731766 1.00691830595098 "experimento_14" 14 1000 1000 0.8 1 0.4 1 0.8
0.985176869900897 1.10133842921178 "experimento_14" 14 1000 1000 0.8 1 0.4 1 0.8
1.13454004749656 0.940155372287732 "experimento_14" 14 1000 1000 0.8 1 0.4 1 0.8
0.984540853416547 0.966976694420731 "experimento_14" 14 1000 1000 0.8 1 0.4 1 0.8
0.995625065173954 0.960609579815868 "experimento_14" 14 1000 1000 0.8 1 0.4 1 0.8
0.988351661944762 1.17460361654614 "experimento_14" 14 1000 1000 0.8 1 0.4 1 0.8
0.997678596759215 1.01583812294106 "experimento_14" 14 1000 1000 0.8 1 0.4 1 0.8
0.989120703889057 0.962594255757246 "experimento_14" 14 1000 1000 0.8 1 0.4 1 0.8
0.995791807537898 1.13271487639194 "experimento_14" 14 1000 1000 0.8 1 0.4 1 0.8
0.992500550346449 1.0289223913679 "experimento_14" 14 1000 1000 0.8 1 0.4 1 0.8
0.985550090437755 0.882733974113818 "experimento_14" 14 1000 1000 0.8 1 0.4 1 0.8
1.27924235071987 1.03292947722324 "experimento_14" 14 1000 1000 0.8 1 0.4 1 0.8
0.997497524833307 0.995961352953724 "experimento_14" 14 1000 1000 0.8 1 0.4 1 0.8
0.988908526720479 0.994105780526559 "experimento_14" 14 1000 1000 0.8 1 0.4 1 0.8
0.976988653885201 1.02425619914059 "experimento_14" 14 1000 1000 0.8 1 0.4 1 0.8
0.980262966128066 1.10479485627309 "experimento_14" 14 1000 1000 0.8 1 0.4 1 0.8
1.02374119497836 0.946035571062089 "experimento_14" 14 1000 1000 0.8 1 0.4 1 0.8
1.00241118529812 1.04990143844447 "experimento_14" 14 1000 1000 0.8 1 0.4 1 0.8
0.997878586407751 0.974680866593187 "experimento_14" 14 1000 1000 0.8 1 0.4 1 0.8
0.991500646807253 1.04398112403766 "experimento_14" 14 1000 1000 0.8 1 0.4 1 0.8
0.998619250720367 0.949486343922823 "experimento_14" 14 1000 1000 0.8 1 0.4 1 0.8
0.981013108277693 0.99737960608329 "experimento_14" 14 1000 1000 0.8 1 0.4 1 0.8
1.05274392850697 0.957559626812089 "experimento_14" 14 1000 1000 0.8 1 0.4 1 0.8
1.00064401328564 1.03316673569977 "experimento_14" 14 1000 1000 0.8 1 0.4 1 0.8
1.09428558320912 0.95632018726551 "experimento_14" 14 1000 1000 0.8 1 0.4 1 0.8
0.994175872765481 1.03672605354961 "experimento_14" 14 1000 1000 0.8 1 0.4 1 0.8
0.975651504704729 1.16587214649195 "experimento_14" 14 1000 1000 0.8 1 0.4 1 0.8
0.97633358114399 1.02794508156295 "experimento_14" 14 1000 1000 0.8 1 0.4 1 0.8
0.999318001326174 1.06590171526065 "experimento_14" 14 1000 1000 0.8 1 0.4 1 0.8
1.13544382696729 0.931289460084719 "experimento_14" 14 1000 1000 0.8 1 0.4 1 0.8
1.01668736204533 0.910946486961737 "experimento_14" 14 1000 1000 0.8 1 0.4 1 0.8
0.997416695812717 1.00330939476984 "experimento_14" 14 1000 1000 0.8 1 0.4 1 0.8
1.00745449108899 1.06456186848185 "experimento_14" 14 1000 1000 0.8 1 0.4 1 0.8
1.07359259715304 1.02363493518466 "experimento_14" 14 1000 1000 0.8 1 0.4 1 0.8
1.20906575256959 0.983260786504317 "experimento_14" 14 1000 1000 0.8 1 0.4 1 0.8
0.996342231985182 1.00900120128341 "experimento_14" 14 1000 1000 0.8 1 0.4 1 0.8
0.995367473689839 0.93695526691276 "experimento_14" 14 1000 1000 0.8 1 0.4 1 0.8
0.986869117710739 0.975011511784394 "experimento_14" 14 1000 1000 0.8 1 0.4 1 0.8
0.980835666880012 0.996708507221023 "experimento_14" 14 1000 1000 0.8 1 0.4 1 0.8
0.977428848622367 0.969943482890559 "experimento_14" 14 1000 1000 0.8 1 0.4 1 0.8
0.993278726469725 1.00541874233405 "experimento_14" 14 1000 1000 0.8 1 0.4 1 0.8
0.998116323491558 0.817240327516072 "experimento_14" 14 1000 1000 0.8 1 0.4 1 0.8
1.03029245618259 0.970472236125918 "experimento_14" 14 1000 1000 0.8 1 0.4 1 0.8
0.985504553187639 1.09137165199418 "experimento_14" 14 1000 1000 0.8 1 0.4 1 0.8
1.00887917121872 1.01308337273427 "experimento_14" 14 1000 1000 0.8 1 0.4 1 0.8
0.992762103443965 0.992048063900804 "experimento_14" 14 1000 1000 0.8 1 0.4 1 0.8
1.02977025788277 0.967390375626928 "experimento_14" 14 1000 1000 0.8 1 0.4 1 0.8
1.10853806464002 0.94902741155866 "experimento_14" 14 1000 1000 0.8 1 0.4 1 0.8
0.995317297056317 0.909643687870405 "experimento_14" 14 1000 1000 0.8 1 0.4 1 0.8
1.00625901096308 1.08769877773851 "experimento_14" 14 1000 1000 0.8 1 0.4 1 0.8
0.990382271818817 1.06911626509456 "experimento_14" 14 1000 1000 0.8 1 0.4 1 0.8
0.990733401384205 1.1458723824784 "experimento_14" 14 1000 1000 0.8 1 0.4 1 0.8
1.00096097478733 1.00351038903373 "experimento_14" 14 1000 1000 0.8 1 0.4 1 0.8
0.9887949898839 0.989447067053027 "experimento_14" 14 1000 1000 0.8 1 0.4 1 0.8
0.996341226855293 0.971285206757216 "experimento_14" 14 1000 1000 0.8 1 0.4 1 0.8
0.991167694097385 1.11583296094542 "experimento_14" 14 1000 1000 0.8 1 0.4 1 0.8
0.99513334967196 0.980488677785014 "experimento_14" 14 1000 1000 0.8 1 0.4 1 0.8
0.997596817789599 0.960996497521971 "experimento_14" 14 1000 1000 0.8 1 0.4 1 0.8
0.999160247854888 1.05568014833026 "experimento_14" 14 1000 1000 0.8 1 0.4 1 0.8
1.01385510301273 0.991013795474857 "experimento_14" 14 1000 1000 0.8 1 0.4 1 0.8
0.98499643523246 1.14189922293854 "experimento_14" 14 1000 1000 0.8 1 0.4 1 0.8
0.987097563222051 1.07412339466006 "experimento_14" 14 1000 1000 0.8 1 0.4 1 0.8
0.99984350730665 0.960018914997568 "experimento_14" 14 1000 1000 0.8 1 0.4 1 0.8
1.10151233215862 0.927553655815382 "experimento_14" 14 1000 1000 0.8 1 0.4 1 0.8
0.99038743483834 1.25079771396757 "experimento_14" 14 1000 1000 0.8 1 0.4 1 0.8
0.989131181268021 1.08541026049505 "experimento_14" 14 1000 1000 0.8 1 0.4 1 0.8
1.02564082752237 1.00134013691993 "experimento_14" 14 1000 1000 0.8 1 0.4 1 0.8
0.984102392103523 1.00794030093521 "experimento_14" 14 1000 1000 0.8 1 0.4 1 0.8
0.99821421247907 0.915716669305644 "experimento_14" 14 1000 1000 0.8 1 0.4 1 0.8
0.994242645567283 0.989400458756232 "experimento_14" 14 1000 1000 0.8 1 0.4 1 0.8
0.981825935654342 1.09345612322963 "experimento_14" 14 1000 1000 0.8 1 0.4 1 0.8
0.974036197410896 1.07632727027053 "experimento_14" 14 1000 1000 0.8 1 0.4 1 0.8
0.995557582937181 0.884112360170687 "experimento_14" 14 1000 1000 0.8 1 0.4 1 0.8
0.997326927725226 1.01595831328175 "experimento_14" 14 1000 1000 0.8 1 0.4 1 0.8
1.00366202223824 1.01971753289601 "experimento_14" 14 1000 1000 0.8 1 0.4 1 0.8
0.980231356108561 1.0235939058829 "experimento_14" 14 1000 1000 0.8 1 0.4 1 0.8
0.992844708729535 0.965963728531852 "experimento_14" 14 1000 1000 0.8 1 0.4 1 0.8
0.985135764582083 1.02740474537561 "experimento_14" 14 1000 1000 0.8 1 0.4 1 0.8
1.00838077021763 1.01141147183837 "experimento_14" 14 1000 1000 0.8 1 0.4 1 0.8
1.00816561386795 0.956551240785278 "experimento_14" 14 1000 1000 0.8 1 0.4 1 0.8
0.997235574061051 0.902711521930862 "experimento_14" 14 1000 1000 0.8 1 0.4 1 0.8
1.13639361923561 0.88172766785427 "experimento_14" 14 1000 1000 0.8 1 0.4 1 0.8
1.00257477379374 1.01633298173374 "experimento_14" 14 1000 1000 0.8 1 0.4 1 0.8
0.9991390472278 1.01373727079016 "experimento_14" 14 1000 1000 0.8 1 0.4 1 0.8
0.98864519665949 1.079923911542 "experimento_14" 14 1000 1000 0.8 1 0.4 1 0.8
0.990392713109031 1.05750785059103 "experimento_14" 14 1000 1000 0.8 1 0.4 1 0.8
0.976878344314173 0.966099555788741 "experimento_14" 14 1000 1000 0.8 1 0.4 1 0.8
0.993417807389051 1.14083647164182 "experimento_14" 14 1000 1000 0.8 1 0.4 1 0.8
0.989435052964836 0.992895615662477 "experimento_14" 14 1000 1000 0.8 1 0.4 1 0.8
1.00667190243562 0.954179208338284 "experimento_14" 14 1000 1000 0.8 1 0.4 1 0.8
1.46627658139914 0.834504724975004 "experimento_14" 14 1000 1000 0.8 1 0.4 1 0.8
0.983071265509352 0.984865710280242 "experimento_14" 14 1000 1000 0.8 1 0.4 1 0.8
1.03334217481319 1.08372663743691 "experimento_14" 14 1000 1000 0.8 1 0.4 1 0.8
0.988161207409576 1.10200673319401 "experimento_14" 14 1000 1000 0.8 1 0.4 1 0.8
1.00348237245265 0.988756311567219 "experimento_14" 14 1000 1000 0.8 1 0.4 1 0.8
0.998831251403317 0.895867572699236 "experimento_14" 14 1000 1000 0.8 1 0.4 1 0.8
0.992184444796294 1.01086273255034 "experimento_14" 14 1000 1000 0.8 1 0.4 1 0.8
0.984070138074458 0.978636467430434 "experimento_14" 14 1000 1000 0.8 1 0.4 1 0.8
0.995772498426959 1.0474061078739 "experimento_14" 14 1000 1000 0.8 1 0.4 1 0.8
1.02082144794986 1.13533203552395 "experimento_14" 14 1000 1000 0.8 1 0.4 1 0.8
0.999274072470143 1.09338173756567 "experimento_14" 14 1000 1000 0.8 1 0.4 1 0.8
0.990533656440675 1.02685540371073 "experimento_14" 14 1000 1000 0.8 1 0.4 1 0.8
0.996321230893955 0.891648130745218 "experimento_14" 14 1000 1000 0.8 1 0.4 1 0.8
0.995762726990506 0.904208424422513 "experimento_14" 14 1000 1000 0.8 1 0.4 1 0.8
0.997895636595786 0.987136050283205 "experimento_14" 14 1000 1000 0.8 1 0.4 1 0.8
0.992994416272268 0.994643383994883 "experimento_14" 14 1000 1000 0.8 1 0.4 1 0.8
0.99952061008662 1.03910094190331 "experimento_14" 14 1000 1000 0.8 1 0.4 1 0.8
0.995615717489272 1.07074356973338 "experimento_14" 14 1000 1000 0.8 1 0.4 1 0.8
0.988146379124373 0.970187873465892 "experimento_14" 14 1000 1000 0.8 1 0.4 1 0.8
1.00155241265003 1.03015364385252 "experimento_14" 14 1000 1000 0.8 1 0.4 1 0.8
0.983748438302428 1.10673903915978 "experimento_14" 14 1000 1000 0.8 1 0.4 1 0.8
1.01206866659965 1.00795144021698 "experimento_14" 14 1000 1000 0.8 1 0.4 1 0.8
0.976754570147023 1.08486225025417 "experimento_14" 14 1000 1000 0.8 1 0.4 1 0.8
1.10105844913051 0.924734673109069 "experimento_14" 14 1000 1000 0.8 1 0.4 1 0.8
0.998200205387548 1.04301042646457 "experimento_14" 14 1000 1000 0.8 1 0.4 1 0.8
0.984870932996273 1.09693475405612 "experimento_14" 14 1000 1000 0.8 1 0.4 1 0.8
1.0309369796887 0.952712896661787 "experimento_14" 14 1000 1000 0.8 1 0.4 1 0.8
1.02979433277939 1.01436115969052 "experimento_14" 14 1000 1000 0.8 1 0.4 1 0.8
0.999048333382234 1.04831853473248 "experimento_14" 14 1000 1000 0.8 1 0.4 1 0.8
1.00785011891276 1.04341706294416 "experimento_14" 14 1000 1000 0.8 1 0.4 1 0.8
1.00036871340126 1.15106635047398 "experimento_14" 14 1000 1000 0.8 1 0.4 1 0.8
0.997607319615781 0.989135413366848 "experimento_14" 14 1000 1000 0.8 1 0.4 1 0.8
1.13547185203061 1.01375879820038 "experimento_14" 14 1000 1000 0.8 1 0.4 1 0.8
1.00834937207401 0.94859785482278 "experimento_14" 14 1000 1000 0.8 1 0.4 1 0.8
0.992523427354172 0.999196062659256 "experimento_14" 14 1000 1000 0.8 1 0.4 1 0.8
0.976729433052242 1.24472750983645 "experimento_14" 14 1000 1000 0.8 1 0.4 1 0.8
0.992280215956271 1.00527550625753 "experimento_14" 14 1000 1000 0.8 1 0.4 1 0.8
1.02199031831697 1.09669290253345 "experimento_14" 14 1000 1000 0.8 1 0.4 1 0.8
0.994806856149808 1.04954107453965 "experimento_14" 14 1000 1000 0.8 1 0.4 1 0.8
0.988963917829096 1.08028722044976 "experimento_14" 14 1000 1000 0.8 1 0.4 1 0.8
0.993658768711612 0.969134260975715 "experimento_14" 14 1000 1000 0.8 1 0.4 1 0.8
1.02752879541367 0.924263367351596 "experimento_14" 14 1000 1000 0.8 1 0.4 1 0.8
0.998608943540603 0.982319859162808 "experimento_14" 14 1000 1000 0.8 1 0.4 1 0.8
0.996604591840878 1.04803153554714 "experimento_14" 14 1000 1000 0.8 1 0.4 1 0.8
1.17134598068283 0.977445128719523 "experimento_14" 14 1000 1000 0.8 1 0.4 1 0.8
0.975684293080121 1.05726692602496 "experimento_14" 14 1000 1000 0.8 1 0.4 1 0.8
0.988140654051676 1.09227938843698 "experimento_14" 14 1000 1000 0.8 1 0.4 1 0.8
1.04274367515726 0.885960845450978 "experimento_14" 14 1000 1000 0.8 1 0.4 1 0.8
0.98166150203906 1.04562693046886 "experimento_14" 14 1000 1000 0.8 1 0.4 1 0.8
1.03653206862509 0.966217951937657 "experimento_14" 14 1000 1000 0.8 1 0.4 1 0.8
1.04326619187849 0.884167337387888 "experimento_14" 14 1000 1000 0.8 1 0.4 1 0.8
0.997879189671949 0.936371316460008 "experimento_14" 14 1000 1000 0.8 1 0.4 1 0.8
0.981637479737401 1.020842858712 "experimento_14" 14 1000 1000 0.8 1 0.4 1 0.8
0.986763544380665 1.12423727220052 "experimento_14" 14 1000 1000 0.8 1 0.4 1 0.8
0.98522260831669 1.13769891293093 "experimento_14" 14 1000 1000 0.8 1 0.4 1 0.8
0.986589393112808 1.00463192682822 "experimento_14" 14 1000 1000 0.8 1 0.4 1 0.8
0.999324085889384 1.03264889386435 "experimento_14" 14 1000 1000 0.8 1 0.4 1 0.8
0.981360870879143 1.09701200802352 "experimento_14" 14 1000 1000 0.8 1 0.4 1 0.8
1.10468482924625 0.799979758736212 "experimento_14" 14 1000 1000 0.8 1 0.4 1 0.8
0.992516735335812 0.974061561206436 "experimento_14" 14 1000 1000 0.8 1 0.4 1 0.8
0.994346228893846 0.963928496112423 "experimento_14" 14 1000 1000 0.8 1 0.4 1 0.8
1.1521228243812 0.868465004855405 "experimento_14" 14 1000 1000 0.8 1 0.4 1 0.8
0.993836627341807 0.960321189086977 "experimento_14" 14 1000 1000 0.8 1 0.4 1 0.8
0.982219529803842 0.956898544491365 "experimento_14" 14 1000 1000 0.8 1 0.4 1 0.8
1.02132165618241 0.922459995290018 "experimento_14" 14 1000 1000 0.8 1 0.4 1 0.8
0.998150602681562 1.00419699524258 "experimento_14" 14 1000 1000 0.8 1 0.4 1 0.8
1.01268501760438 1.03973515518382 "experimento_14" 14 1000 1000 0.8 1 0.4 1 0.8
0.999054039595649 0.945389826150977 "experimento_14" 14 1000 1000 0.8 1 0.4 1 0.8
0.980908991070464 0.990685770960922 "experimento_14" 14 1000 1000 0.8 1 0.4 1 0.8
1.00204816041514 1.03047174302277 "experimento_14" 14 1000 1000 0.8 1 0.4 1 0.8
0.994267259025946 0.97510172873117 "experimento_14" 14 1000 1000 0.8 1 0.4 1 0.8
0.987694335402921 0.912583855875492 "experimento_14" 14 1000 1000 0.8 1 0.4 1 0.8
0.997178704477847 1.06771203755295 "experimento_14" 14 1000 1000 0.8 1 0.4 1 0.8
1.00058373250067 1.03714600275366 "experimento_14" 14 1000 1000 0.8 1 0.4 1 0.8
0.983121189521626 1.11454046310373 "experimento_14" 14 1000 1000 0.8 1 0.4 1 0.8
0.992674874374643 0.9400591497689 "experimento_14" 14 1000 1000 0.8 1 0.4 1 0.8
1.00349750556052 0.91293132755712 "experimento_14" 14 1000 1000 0.8 1 0.4 1 0.8
0.994783819420263 1.01287292962401 "experimento_14" 14 1000 1000 0.8 1 0.4 1 0.8
0.986482933163643 1.01070169110283 "experimento_14" 14 1000 1000 0.8 1 0.4 1 0.8
1.33671198178936 0.87518076915564 "experimento_14" 14 1000 1000 0.8 1 0.4 1 0.8
0.991452803369612 1.00295229477526 "experimento_14" 14 1000 1000 0.8 1 0.4 1 0.8
0.995440154802054 0.980782939974945 "experimento_14" 14 1000 1000 0.8 1 0.4 1 0.8
0.991819057380781 1.0862216829584 "experimento_14" 14 1000 1000 0.8 1 0.4 1 0.8
0.993732307339087 1.11342844854119 "experimento_14" 14 1000 1000 0.8 1 0.4 1 0.8
0.985302573302761 1.0705380908713 "experimento_14" 14 1000 1000 0.8 1 0.4 1 0.8
1.31437019072473 1.04140416361972 "experimento_14" 14 1000 1000 0.8 1 0.4 1 0.8
0.971791902789846 1.10315421816253 "experimento_14" 14 1000 1000 0.8 1 0.4 1 0.8
0.994019607547671 1.05912576223393 "experimento_14" 14 1000 1000 0.8 1 0.4 1 0.8
0.999517960241064 0.985251902998167 "experimento_14" 14 1000 1000 0.8 1 0.4 1 0.8
0.991475390736014 1.02016130799462 "experimento_14" 14 1000 1000 0.8 1 0.4 1 0.8
1.03205271176735 1.10545640903421 "experimento_14" 14 1000 1000 0.8 1 0.4 1 0.8
1.00718034245074 1.08194536392893 "experimento_14" 14 1000 1000 0.8 1 0.4 1 0.8
0.99358572345227 0.939493831747361 "experimento_14" 14 1000 1000 0.8 1 0.4 1 0.8
1.29477277258411 0.856599294209312 "experimento_14" 14 1000 1000 0.8 1 0.4 1 0.8
0.997691368218511 1.14099508220395 "experimento_14" 14 1000 1000 0.8 1 0.4 1 0.8
0.993139171041548 0.96329896633178 "experimento_14" 14 1000 1000 0.8 1 0.4 1 0.8
0.991892809979618 1.07428389108208 "experimento_14" 14 1000 1000 0.8 1 0.4 1 0.8
1.00920567428693 0.942329140632863 "experimento_14" 14 1000 1000 0.8 1 0.4 1 0.8
1.05674451803355 0.911220015030029 "experimento_14" 14 1000 1000 0.8 1 0.4 1 0.8
0.998055231757462 1.14938695788119 "experimento_14" 14 1000 1000 0.8 1 0.4 1 0.8
0.990512802731246 0.997028141091299 "experimento_14" 14 1000 1000 0.8 1 0.4 1 0.8
0.992663704790175 1.20772441324155 "experimento_14" 14 1000 1000 0.8 1 0.4 1 0.8
0.998635764699429 0.936655071281585 "experimento_14" 14 1000 1000 0.8 1 0.4 1 0.8
0.979416342684999 1.00701871494408 "experimento_14" 14 1000 1000 0.8 1 0.4 1 0.8
0.989422010723501 1.1005855114095 "experimento_14" 14 1000 1000 0.8 1 0.4 1 0.8
0.999750887043774 1.05463458152957 "experimento_14" 14 1000 1000 0.8 1 0.4 1 0.8
0.996247183298692 1.05180111894642 "experimento_14" 14 1000 1000 0.8 1 0.4 1 0.8
0.990825206274167 0.995032047733329 "experimento_14" 14 1000 1000 0.8 1 0.4 1 0.8
1.01525727333501 0.964431038713454 "experimento_14" 14 1000 1000 0.8 1 0.4 1 0.8
1.17949304496869 0.942770035828668 "experimento_14" 14 1000 1000 0.8 1 0.4 1 0.8
0.983964063925669 0.9885685849179 "experimento_14" 14 1000 1000 0.8 1 0.4 1 0.8
0.981741565745324 1.10034463175351 "experimento_14" 14 1000 1000 0.8 1 0.4 1 0.8
0.998408830258995 1.04487964341224 "experimento_14" 14 1000 1000 0.8 1 0.4 1 0.8
0.993951990967616 1.05277307894188 "experimento_14" 14 1000 1000 0.8 1 0.4 1 0.8
1.05373261775821 0.878030634769053 "experimento_14" 14 1000 1000 0.8 1 0.4 1 0.8
0.991904901107773 0.922700482558006 "experimento_14" 14 1000 1000 0.8 1 0.4 1 0.8
0.994267906993628 0.934048185672381 "experimento_14" 14 1000 1000 0.8 1 0.4 1 0.8
1.00270881736651 0.991434241260462 "experimento_14" 14 1000 1000 0.8 1 0.4 1 0.8
0.974438887787983 1.1952673032048 "experimento_14" 14 1000 1000 0.8 1 0.4 1 0.8
1.00110885575768 0.982920544125384 "experimento_14" 14 1000 1000 0.8 1 0.4 1 0.8
0.996590523514897 1.02342116335621 "experimento_14" 14 1000 1000 0.8 1 0.4 1 0.8
0.983122932724655 1.21606210784645 "experimento_14" 14 1000 1000 0.8 1 0.4 1 0.8
0.994124310556799 0.926080009464336 "experimento_14" 14 1000 1000 0.8 1 0.4 1 0.8
0.996784434420988 1.07039754252477 "experimento_14" 14 1000 1000 0.8 1 0.4 1 0.8
0.96979313576594 1.16459100786789 "experimento_14" 14 1000 1000 0.8 1 0.4 1 0.8
0.981691470136866 0.952465672592185 "experimento_14" 14 1000 1000 0.8 1 0.4 1 0.8
0.996116884984076 1.11598785901128 "experimento_14" 14 1000 1000 0.8 1 0.4 1 0.8
0.994405923876911 1.06847178016776 "experimento_14" 14 1000 1000 0.8 1 0.4 1 0.8
0.999131952412426 1.02659617440249 "experimento_14" 14 1000 1000 0.8 1 0.4 1 0.8
0.977653525769711 0.972950035944183 "experimento_14" 14 1000 1000 0.8 1 0.4 1 0.8
0.979278940474615 1.01035934403109 "experimento_14" 14 1000 1000 0.8 1 0.4 1 0.8
0.979887157678604 1.04060676483063 "experimento_14" 14 1000 1000 0.8 1 0.4 1 0.8
0.995022760471329 0.993635998682712 "experimento_14" 14 1000 1000 0.8 1 0.4 1 0.8
0.996534359874204 0.957071207843267 "experimento_14" 14 1000 1000 0.8 1 0.4 1 0.8
0.994720132322982 1.10965242168957 "experimento_14" 14 1000 1000 0.8 1 0.4 1 0.8
1.10644786385819 0.901778175502372 "experimento_14" 14 1000 1000 0.8 1 0.4 1 0.8
0.994466934818774 1.0146793634802 "experimento_14" 14 1000 1000 0.8 1 0.4 1 0.8
0.978290481958538 1.04106743711416 "experimento_14" 14 1000 1000 0.8 1 0.4 1 0.8
1.31135772028938 1.30455857181576 "experimento_14" 14 1000 1000 0.8 1 0.4 1 0.8
0.984922052361071 0.955886321628377 "experimento_14" 14 1000 1000 0.8 1 0.4 1 0.8
0.994145984994248 1.03283418908155 "experimento_14" 14 1000 1000 0.8 1 0.4 1 0.8
0.999601932708174 1.02835769729982 "experimento_14" 14 1000 1000 0.8 1 0.4 1 0.8
1.01449616074692 0.933414315069674 "experimento_14" 14 1000 1000 0.8 1 0.4 1 0.8
0.986196585232392 1.02627442607567 "experimento_14" 14 1000 1000 0.8 1 0.4 1 0.8
1.13783774664626 0.949308814130173 "experimento_14" 14 1000 1000 0.8 1 0.4 1 0.8
0.996409535640851 1.02075727783283 "experimento_14" 14 1000 1000 0.8 1 0.4 1 0.8
1.00256346259266 1.10479109567938 "experimento_14" 14 1000 1000 0.8 1 0.4 1 0.8
0.999362674774602 1.04378543443728 "experimento_14" 14 1000 1000 0.8 1 0.4 1 0.8
0.995956920785829 1.03653929680585 "experimento_14" 14 1000 1000 0.8 1 0.4 1 0.8
0.998340429272503 1.01952295726499 "experimento_14" 14 1000 1000 0.8 1 0.4 1 0.8
0.997467213077471 1.06918651223672 "experimento_14" 14 1000 1000 0.8 1 0.4 1 0.8
1.14974113300602 0.943848457778422 "experimento_14" 14 1000 1000 0.8 1 0.4 1 0.8
0.995028121396899 0.990613601943011 "experimento_14" 14 1000 1000 0.8 1 0.4 1 0.8
0.98815298313275 0.938003167885498 "experimento_14" 14 1000 1000 0.8 1 0.4 1 0.8
1.02055963221937 0.966355228659472 "experimento_14" 14 1000 1000 0.8 1 0.4 1 0.8
0.999909656587988 1.01643949333988 "experimento_14" 14 1000 1000 0.8 1 0.4 1 0.8
1.01493201265112 0.994664910072391 "experimento_14" 14 1000 1000 0.8 1 0.4 1 0.8
1.01850254677506 1.02488474918234 "experimento_14" 14 1000 1000 0.8 1 0.4 1 0.8
0.999229743843898 1.13224387072331 "experimento_14" 14 1000 1000 0.8 1 0.4 1 0.8
0.991342346416786 1.13313589032206 "experimento_14" 14 1000 1000 0.8 1 0.4 1 0.8
0.991118170786649 1.10139345446855 "experimento_14" 14 1000 1000 0.8 1 0.4 1 0.8
1.05118344724178 1.01365538636262 "experimento_14" 14 1000 1000 0.8 1 0.4 1 0.8
0.976876330794767 0.953938471690127 "experimento_14" 14 1000 1000 0.8 1 0.4 1 0.8
0.988311730790883 1.05660341567989 "experimento_14" 14 1000 1000 0.8 1 0.4 1 0.8
0.996170663740486 0.950080363841873 "experimento_14" 14 1000 1000 0.8 1 0.4 1 0.8
1.02303631321143 0.890156822922699 "experimento_14" 14 1000 1000 0.8 1 0.4 1 0.8
1.00942916003987 0.996128276521145 "experimento_14" 14 1000 1000 0.8 1 0.4 1 0.8
0.98313103732653 1.09303923296198 "experimento_14" 14 1000 1000 0.8 1 0.4 1 0.8
0.995127299102023 0.953871556182212 "experimento_14" 14 1000 1000 0.8 1 0.4 1 0.8
0.998224997427315 1.08040983375722 "experimento_14" 14 1000 1000 0.8 1 0.4 1 0.8
0.999949291581288 1.01669140487873 "experimento_14" 14 1000 1000 0.8 1 0.4 1 0.8
0.992088600760326 1.01227158439364 "experimento_14" 14 1000 1000 0.8 1 0.4 1 0.8
1.1282552370693 0.931538360823763 "experimento_14" 14 1000 1000 0.8 1 0.4 1 0.8
0.992034019669518 1.0727153504129 "experimento_14" 14 1000 1000 0.8 1 0.4 1 0.8
0.997815266018733 1.00043869967231 "experimento_14" 14 1000 1000 0.8 1 0.4 1 0.8
0.985966054722667 1.06620454967519 "experimento_14" 14 1000 1000 0.8 1 0.4 1 0.8
0.977299308404326 0.999142932513461 "experimento_14" 14 1000 1000 0.8 1 0.4 1 0.8
1.21540631167591 0.852739691609944 "experimento_14" 14 1000 1000 0.8 1 0.4 1 0.8
0.997229283675551 1.08762194733681 "experimento_14" 14 1000 1000 0.8 1 0.4 1 0.8
1.13442925550044 1.21985411484467 "experimento_14" 14 1000 1000 0.8 1 0.4 1 0.8
1.01452853390947 0.906362120958206 "experimento_14" 14 1000 1000 0.8 1 0.4 1 0.8
0.999053144827485 1.00747125608331 "experimento_14" 14 1000 1000 0.8 1 0.4 1 0.8
0.988280534977093 0.983697284353725 "experimento_14" 14 1000 1000 0.8 1 0.4 1 0.8
0.99333806312643 0.906534625813558 "experimento_14" 14 1000 1000 0.8 1 0.4 1 0.8
0.986742161447182 1.13411028134512 "experimento_14" 14 1000 1000 0.8 1 0.4 1 0.8
0.994589899899438 0.957363250906857 "experimento_14" 14 1000 1000 0.8 1 0.4 1 0.8
1.02344915783033 1.01253621779083 "experimento_14" 14 1000 1000 0.8 1 0.4 1 0.8
0.997608757577837 1.04415433103888 "experimento_14" 14 1000 1000 0.8 1 0.4 1 0.8
1.00884263915941 1.08790422223636 "experimento_14" 14 1000 1000 0.8 1 0.4 1 0.8
0.972598685417324 1.073015315869 "experimento_14" 14 1000 1000 0.8 1 0.4 1 0.8
0.989197874441743 1.06370323699075 "experimento_14" 14 1000 1000 0.8 1 0.4 1 0.8
1.12360095603174 0.967831646569642 "experimento_14" 14 1000 1000 0.8 1 0.4 1 0.8
1.00908776598493 0.994606096152889 "experimento_14" 14 1000 1000 0.8 1 0.4 1 0.8
0.995489167748019 0.974827926117955 "experimento_14" 14 1000 1000 0.8 1 0.4 1 0.8
0.98287815018557 0.964405986474151 "experimento_14" 14 1000 1000 0.8 1 0.4 1 0.8
0.991839135065675 0.991581871687949 "experimento_14" 14 1000 1000 0.8 1 0.4 1 0.8
0.996986574027687 1.07243705844211 "experimento_14" 14 1000 1000 0.8 1 0.4 1 0.8
0.998160500777885 0.991529957486677 "experimento_14" 14 1000 1000 0.8 1 0.4 1 0.8
0.985943141859025 1.06218454683241 "experimento_14" 14 1000 1000 0.8 1 0.4 1 0.8
1.00214498037545 1.0339843239298 "experimento_14" 14 1000 1000 0.8 1 0.4 1 0.8
1.00167449982837 1.05752640994723 "experimento_14" 14 1000 1000 0.8 1 0.4 1 0.8
0.981920299353078 0.984726106688978 "experimento_14" 14 1000 1000 0.8 1 0.4 1 0.8
0.996236965525895 1.09546911462855 "experimento_14" 14 1000 1000 0.8 1 0.4 1 0.8
1.01560752186924 0.920558881313336 "experimento_14" 14 1000 1000 0.8 1 0.4 1 0.8
1.11047988431528 1.02566394639851 "experimento_14" 14 1000 1000 0.8 1 0.4 1 0.8
1.00826695324154 1.02232305158909 "experimento_14" 14 1000 1000 0.8 1 0.4 1 0.8
1.00847545219585 0.890136243470937 "experimento_14" 14 1000 1000 0.8 1 0.4 1 0.8
0.988393350737169 1.10914698768933 "experimento_14" 14 1000 1000 0.8 1 0.4 1 0.8
0.991033841390163 1.0585902878434 "experimento_14" 14 1000 1000 0.8 1 0.4 1 0.8
1.42168830800802 0.818293703432109 "experimento_14" 14 1000 1000 0.8 1 0.4 1 0.8
0.984758643666282 1.14460413012718 "experimento_14" 14 1000 1000 0.8 1 0.4 1 0.8
0.995842990698293 1.18338719265835 "experimento_14" 14 1000 1000 0.8 1 0.4 1 0.8
0.997243168065324 0.908904888318193 "experimento_14" 14 1000 1000 0.8 1 0.4 1 0.8
0.994189463322982 1.0394702812356 "experimento_14" 14 1000 1000 0.8 1 0.4 1 0.8
0.997061328962445 0.999223736322432 "experimento_14" 14 1000 1000 0.8 1 0.4 1 0.8
0.999154480174184 0.942936843662479 "experimento_14" 14 1000 1000 0.8 1 0.4 1 0.8
0.985760667128488 1.02696034612611 "experimento_14" 14 1000 1000 0.8 1 0.4 1 0.8
1.01268117688596 1.12575478167109 "experimento_14" 14 1000 1000 0.8 1 0.4 1 0.8
0.999018130125478 0.972792929073266 "experimento_14" 14 1000 1000 0.8 1 0.4 1 0.8
1.00242672115564 1.06778978104145 "experimento_14" 14 1000 1000 0.8 1 0.4 1 0.8
0.987201499985531 1.14988810751511 "experimento_14" 14 1000 1000 0.8 1 0.4 1 0.8
0.99877383816056 0.965354011277331 "experimento_14" 14 1000 1000 0.8 1 0.4 1 0.8
0.988372380379587 1.1026042324227 "experimento_14" 14 1000 1000 0.8 1 0.4 1 0.8
0.976568002253771 1.03807286335259 "experimento_14" 14 1000 1000 0.8 1 0.4 1 0.8
1.12184126814827 1.0841576122233 "experimento_14" 14 1000 1000 0.8 1 0.4 1 0.8
1.03388234166522 1.01620793202713 "experimento_14" 14 1000 1000 0.8 1 0.4 1 0.8
0.987618491752073 1.00289244456124 "experimento_14" 14 1000 1000 0.8 1 0.4 1 0.8
0.981070303358138 1.04796058477678 "experimento_14" 14 1000 1000 0.8 1 0.4 1 0.8
0.994126335950568 0.993388820714103 "experimento_14" 14 1000 1000 0.8 1 0.4 1 0.8
0.998159846523777 0.964006615965154 "experimento_14" 14 1000 1000 0.8 1 0.4 1 0.8
0.987823957577348 1.01492910008156 "experimento_14" 14 1000 1000 0.8 1 0.4 1 0.8
0.989847276126966 1.03740907811133 "experimento_14" 14 1000 1000 0.8 1 0.4 1 0.8
0.994452347513288 0.904304889714743 "experimento_14" 14 1000 1000 0.8 1 0.4 1 0.8
0.999410343356431 0.928835948061154 "experimento_14" 14 1000 1000 0.8 1 0.4 1 0.8
0.957391959847882 1.22493943556322 "experimento_14" 14 1000 1000 0.8 1 0.4 1 0.8
1.00136874336749 0.902690629258572 "experimento_14" 14 1000 1000 0.8 1 0.4 1 0.8
1.07230698410422 1.14276328413708 "experimento_14" 14 1000 1000 0.8 1 0.4 1 0.8
0.986357138957828 1.08516427728093 "experimento_14" 14 1000 1000 0.8 1 0.4 1 0.8
1.02056856716025 0.888484448447338 "experimento_14" 14 1000 1000 0.8 1 0.4 1 0.8
0.979058875469491 1.01893546259955 "experimento_14" 14 1000 1000 0.8 1 0.4 1 0.8
0.998230137629434 0.948333503952124 "experimento_14" 14 1000 1000 0.8 1 0.4 1 0.8
0.990821815794334 0.984254504940761 "experimento_14" 14 1000 1000 0.8 1 0.4 1 0.8
0.978188219014555 1.19327793373081 "experimento_14" 14 1000 1000 0.8 1 0.4 1 0.8
0.998533421428874 1.04388713900076 "experimento_14" 14 1000 1000 0.8 1 0.4 1 0.8
0.99435645993799 1.03981367778401 "experimento_14" 14 1000 1000 0.8 1 0.4 1 0.8
0.992737655993551 1.01776210235805 "experimento_14" 14 1000 1000 0.8 1 0.4 1 0.8
0.998693778645247 1.00912239875849 "experimento_14" 14 1000 1000 0.8 1 0.4 1 0.8
0.99507670965977 1.01278911525299 "experimento_14" 14 1000 1000 0.8 1 0.4 1 0.8
1.06941073248163 0.988626369689392 "experimento_14" 14 1000 1000 0.8 1 0.4 1 0.8
0.999366952106357 1.01080935859801 "experimento_14" 14 1000 1000 0.8 1 0.4 1 0.8
0.985291841905564 1.0973874690764 "experimento_14" 14 1000 1000 0.8 1 0.4 1 0.8
1.16226737154648 0.848946125827433 "experimento_14" 14 1000 1000 0.8 1 0.4 1 0.8
1.01609987672418 0.996211171444031 "experimento_14" 14 1000 1000 0.8 1 0.4 1 0.8
1.12456697090086 1.05758017061566 "experimento_14" 14 1000 1000 0.8 1 0.4 1 0.8
1.09141444507986 1.0203559909335 "experimento_14" 14 1000 1000 0.8 1 0.4 1 0.8
1.31760480441153 0.803746526320939 "experimento_14" 14 1000 1000 0.8 1 0.4 1 0.8
0.985529314959422 1.03958477098933 "experimento_14" 14 1000 1000 0.8 1 0.4 1 0.8
0.998198971617967 1.03232685764762 "experimento_14" 14 1000 1000 0.8 1 0.4 1 0.8
1.00384133169428 1.09844433925462 "experimento_14" 14 1000 1000 0.8 1 0.4 1 0.8
0.995378296589479 0.970217478753399 "experimento_14" 14 1000 1000 0.8 1 0.4 1 0.8
0.992437368491665 1.11337817391909 "experimento_14" 14 1000 1000 0.8 1 0.4 1 0.8
0.978663970716298 0.989564738839507 "experimento_14" 14 1000 1000 0.8 1 0.4 1 0.8
0.991547800134867 0.902685921103921 "experimento_14" 14 1000 1000 0.8 1 0.4 1 0.8
0.992470568977296 1.27618229263757 "experimento_14" 14 1000 1000 0.8 1 0.4 1 0.8
1.0772346756421 1.04761557032331 "experimento_14" 14 1000 1000 0.8 1 0.4 1 0.8
0.992265258915722 1.09638443324 "experimento_14" 14 1000 1000 0.8 1 0.4 1 0.8
0.996513502672315 1.00086349836701 "experimento_14" 14 1000 1000 0.8 1 0.4 1 0.8
1.31503749452531 0.939648796764476 "experimento_14" 14 1000 1000 0.8 1 0.4 1 0.8
1.02187801618129 0.900461845751584 "experimento_14" 14 1000 1000 0.8 1 0.4 1 0.8
1.0010471297428 0.957759705389323 "experimento_14" 14 1000 1000 0.8 1 0.4 1 0.8
0.996846834896132 1.07107112509948 "experimento_14" 14 1000 1000 0.8 1 0.4 1 0.8
0.995955767342821 0.973397701767193 "experimento_14" 14 1000 1000 0.8 1 0.4 1 0.8
0.989257111446932 0.922375892060002 "experimento_14" 14 1000 1000 0.8 1 0.4 1 0.8
0.998684510588646 0.923427102334958 "experimento_14" 14 1000 1000 0.8 1 0.4 1 0.8
1.02086546039209 0.952517101795048 "experimento_14" 14 1000 1000 0.8 1 0.4 1 0.8
1.24994287864058 0.978019149934096 "experimento_14" 14 1000 1000 0.8 1 0.4 1 0.8
1.06845117732882 0.910286255842772 "experimento_14" 14 1000 1000 0.8 1 0.4 1 0.8
1.00805148805055 0.998691876277085 "experimento_14" 14 1000 1000 0.8 1 0.4 1 0.8
0.99617894878611 1.01463006964748 "experimento_14" 14 1000 1000 0.8 1 0.4 1 0.8
0.963783119106665 1.11235729632886 "experimento_14" 14 1000 1000 0.8 1 0.4 1 0.8
0.990872855531052 1.04093167338221 "experimento_14" 14 1000 1000 0.8 1 0.4 1 0.8
0.999812360387295 0.956099229841315 "experimento_14" 14 1000 1000 0.8 1 0.4 1 0.8
1.2264796118252 1.07959757336287 "experimento_14" 14 1000 1000 0.8 1 0.4 1 0.8
0.968289339914918 1.08868692905782 "experimento_14" 14 1000 1000 0.8 1 0.4 1 0.8
0.992813712218776 1.07259421841511 "experimento_14" 14 1000 1000 0.8 1 0.4 1 0.8
0.9999033017084 0.966635876212178 "experimento_14" 14 1000 1000 0.8 1 0.4 1 0.8
1.01762245101778 0.979918480893051 "experimento_14" 14 1000 1000 0.8 1 0.4 1 0.8
1.00145739734448 1.00551588704673 "experimento_14" 14 1000 1000 0.8 1 0.4 1 0.8
1.07447739316024 0.939910595442804 "experimento_14" 14 1000 1000 0.8 1 0.4 1 0.8
0.989709455287084 0.948091453595786 "experimento_14" 14 1000 1000 0.8 1 0.4 1 0.8
1.04343354701996 1.00049513099357 "experimento_14" 14 1000 1000 0.8 1 0.4 1 0.8
1.00024119736649 1.06702234737878 "experimento_14" 14 1000 1000 0.8 1 0.4 1 0.8
0.987056071171537 0.975082505204434 "experimento_14" 14 1000 1000 0.8 1 0.4 1 0.8
0.972744753118604 0.98555462276682 "experimento_14" 14 1000 1000 0.8 1 0.4 1 0.8
1.03344363458067 0.96143218389873 "experimento_14" 14 1000 1000 0.8 1 0.4 1 0.8
0.99233070993796 1.09479186753959 "experimento_14" 14 1000 1000 0.8 1 0.4 1 0.8
0.999608335318044 1.14630414022528 "experimento_14" 14 1000 1000 0.8 1 0.4 1 0.8
0.989464454585686 1.01105003159782 "experimento_14" 14 1000 1000 0.8 1 0.4 1 0.8
0.993915153201669 1.01580470554989 "experimento_14" 14 1000 1000 0.8 1 0.4 1 0.8
0.991923209279776 1.10008385051097 "experimento_14" 14 1000 1000 0.8 1 0.4 1 0.8
0.999042363604531 0.978942933029598 "experimento_14" 14 1000 1000 0.8 1 0.4 1 0.8
0.986323865829036 1.09352880953198 "experimento_14" 14 1000 1000 0.8 1 0.4 1 0.8
1.00008491426706 0.82480221944833 "experimento_14" 14 1000 1000 0.8 1 0.4 1 0.8
1.02294545665925 0.970400018109776 "experimento_14" 14 1000 1000 0.8 1 0.4 1 0.8
0.948826750507578 1.00449676617451 "experimento_14" 14 1000 1000 0.8 1 0.4 1 0.8
0.993517322232947 1.05032024802707 "experimento_14" 14 1000 1000 0.8 1 0.4 1 0.8
1.06924365414307 0.859560387376336 "experimento_14" 14 1000 1000 0.8 1 0.4 1 0.8
0.997081375680864 1.08356255303971 "experimento_14" 14 1000 1000 0.8 1 0.4 1 0.8
0.992559963138774 1.08235664417011 "experimento_14" 14 1000 1000 0.8 1 0.4 1 0.8
0.989233922911808 0.953531569956923 "experimento_14" 14 1000 1000 0.8 1 0.4 1 0.8
0.997660897439346 1.07304797699544 "experimento_14" 14 1000 1000 0.8 1 0.4 1 0.8
0.992945674806833 0.972164323187303 "experimento_14" 14 1000 1000 0.8 1 0.4 1 0.8
0.991890645120293 1.03736337228384 "experimento_14" 14 1000 1000 0.8 1 0.4 1 0.8
0.995896310079843 0.940262280618509 "experimento_14" 14 1000 1000 0.8 1 0.4 1 0.8
1.04473233101324 1.10104121634678 "experimento_14" 14 1000 1000 0.8 1 0.4 1 0.8
0.998189708217978 0.885660440742838 "experimento_14" 14 1000 1000 0.8 1 0.4 1 0.8
1.06836848333478 1.02112445545858 "experimento_14" 14 1000 1000 0.8 1 0.4 1 0.8
0.98407672601752 0.972795628067884 "experimento_14" 14 1000 1000 0.8 1 0.4 1 0.8
0.999900346621871 0.990428640004205 "experimento_14" 14 1000 1000 0.8 1 0.4 1 0.8
0.994735489599407 1.03185277838194 "experimento_14" 14 1000 1000 0.8 1 0.4 1 0.8
0.993722318205982 1.07310252090435 "experimento_14" 14 1000 1000 0.8 1 0.4 1 0.8
1.26698174560443 1.01127065016195 "experimento_14" 14 1000 1000 0.8 1 0.4 1 0.8
0.999262277735397 0.997843060140048 "experimento_14" 14 1000 1000 0.8 1 0.4 1 0.8
0.999836517265067 1.02782228601349 "experimento_14" 14 1000 1000 0.8 1 0.4 1 0.8
1.0047609959729 0.94626203043725 "experimento_14" 14 1000 1000 0.8 1 0.4 1 0.8
0.998258573003113 1.08407369054837 "experimento_14" 14 1000 1000 0.8 1 0.4 1 0.8
1.00043433820674 0.945732359181632 "experimento_14" 14 1000 1000 0.8 1 0.4 1 0.8
1.09495065452032 1.03657358408398 "experimento_14" 14 1000 1000 0.8 1 0.4 1 0.8
0.996765027055517 1.04394126926194 "experimento_14" 14 1000 1000 0.8 1 0.4 1 0.8
1.00252118624979 0.941878462481273 "experimento_14" 14 1000 1000 0.8 1 0.4 1 0.8
1.0708413033774 0.943669578047778 "experimento_14" 14 1000 1000 0.8 1 0.4 1 0.8
0.991151269059628 0.927824570829425 "experimento_14" 14 1000 1000 0.8 1 0.4 1 0.8
1.07880787355427 0.993215462300926 "experimento_14" 14 1000 1000 0.8 1 0.4 1 0.8
0.99963462469168 1.02003324817324 "experimento_14" 14 1000 1000 0.8 1 0.4 1 0.8
0.987403101520613 0.919320949520917 "experimento_14" 14 1000 1000 0.8 1 0.4 1 0.8
0.99952275888063 1.04515756021819 "experimento_14" 14 1000 1000 0.8 1 0.4 1 0.8
0.996518598869443 0.964540168569283 "experimento_14" 14 1000 1000 0.8 1 0.4 1 0.8
1.04437552178795 1.0068335352964 "experimento_14" 14 1000 1000 0.8 1 0.4 1 0.8
0.999452844727784 1.0150150209377 "experimento_14" 14 1000 1000 0.8 1 0.4 1 0.8
0.961136345751584 1.09555546165512 "experimento_14" 14 1000 1000 0.8 1 0.4 1 0.8
1.00118785222115 0.900858697719515 "experimento_14" 14 1000 1000 0.8 1 0.4 1 0.8
0.996778056025505 0.838918650752863 "experimento_14" 14 1000 1000 0.8 1 0.4 1 0.8
1.09450662694871 0.884665663712786 "experimento_14" 14 1000 1000 0.8 1 0.4 1 0.8
1.00574774388224 1.09240481796519 "experimento_14" 14 1000 1000 0.8 1 0.4 1 0.8
0.998905668733642 1.06506125400106 "experimento_14" 14 1000 1000 0.8 1 0.4 1 0.8
0.997176354052499 1.01511148680579 "experimento_14" 14 1000 1000 0.8 1 0.4 1 0.8
0.971178417559713 1.09110009646947 "experimento_14" 14 1000 1000 0.8 1 0.4 1 0.8
0.997977106831968 1.00204045544632 "experimento_14" 14 1000 1000 0.8 1 0.4 1 0.8
1.00106298084609 0.974417106746299 "experimento_14" 14 1000 1000 0.8 1 0.4 1 0.8
0.999911930179223 1.02880808259488 "experimento_14" 14 1000 1000 0.8 1 0.4 1 0.8
0.983886606059968 1.0322554082783 "experimento_14" 14 1000 1000 0.8 1 0.4 1 0.8
0.979725624900311 0.956931748907043 "experimento_14" 14 1000 1000 0.8 1 0.4 1 0.8
0.99767475342378 1.04067640274273 "experimento_14" 14 1000 1000 0.8 1 0.4 1 0.8
0.974482550518587 1.02454907826833 "experimento_14" 14 1000 1000 0.8 1 0.4 1 0.8
0.989196023670956 1.11767930465031 "experimento_14" 14 1000 1000 0.8 1 0.4 1 0.8
0.986332634463906 0.997918510311014 "experimento_14" 14 1000 1000 0.8 1 0.4 1 0.8
0.995135272853076 1.0551756153729 "experimento_14" 14 1000 1000 0.8 1 0.4 1 0.8
0.996965009719133 0.954490808879667 "experimento_14" 14 1000 1000 0.8 1 0.4 1 0.8
1.12201672857149 0.991646775748194 "experimento_14" 14 1000 1000 0.8 1 0.4 1 0.8
0.999493312789127 1.01652653735887 "experimento_14" 14 1000 1000 0.8 1 0.4 1 0.8
0.999888890888542 0.89629074730944 "experimento_14" 14 1000 1000 0.8 1 0.4 1 0.8
0.967594666639343 0.9892167075672 "experimento_14" 14 1000 1000 0.8 1 0.4 1 0.8
0.994681644719094 1.07069634384904 "experimento_14" 14 1000 1000 0.8 1 0.4 1 0.8
1.01667026942596 0.96360064090306 "experimento_14" 14 1000 1000 0.8 1 0.4 1 0.8
0.999168585287407 0.940699615221244 "experimento_14" 14 1000 1000 0.8 1 0.4 1 0.8
0.975389383267611 0.897003022373242 "experimento_14" 14 1000 1000 0.8 1 0.4 1 0.8
0.994723958196118 1.01408831295665 "experimento_14" 14 1000 1000 0.8 1 0.4 1 0.8
0.996247029397637 1.08243765648969 "experimento_14" 14 1000 1000 0.8 1 0.4 1 0.8
0.990135143743828 1.00768333821209 "experimento_14" 14 1000 1000 0.8 1 0.4 1 0.8
0.99103324720636 1.08129431293646 "experimento_14" 14 1000 1000 0.8 1 0.4 1 0.8
1.11681949871169 1.05354208761787 "experimento_14" 14 1000 1000 0.8 1 0.4 1 0.8
0.995492469752207 1.07432140690404 "experimento_14" 14 1000 1000 0.8 1 0.4 1 0.8
0.973675852175802 1.05090658348179 "experimento_14" 14 1000 1000 0.8 1 0.4 1 0.8
0.998081171652302 0.948337762995765 "experimento_14" 14 1000 1000 0.8 1 0.4 1 0.8
0.987782973796129 1.13630916275106 "experimento_14" 14 1000 1000 0.8 1 0.4 1 0.8
0.989126090658829 0.987500339454106 "experimento_14" 14 1000 1000 0.8 1 0.4 1 0.8
1.0094534783864 1.07646123944198 "experimento_14" 14 1000 1000 0.8 1 0.4 1 0.8
0.985288113821298 1.0034550436355 "experimento_14" 14 1000 1000 0.8 1 0.4 1 0.8
1.0676852764626 0.922750523242947 "experimento_14" 14 1000 1000 0.8 1 0.4 1 0.8
1.02139524742961 1.11709230455121 "experimento_14" 14 1000 1000 0.8 1 0.4 1 0.8
0.972279535606503 1.05308859784819 "experimento_14" 14 1000 1000 0.8 1 0.4 1 0.8
0.994336028816178 1.13487253451882 "experimento_14" 14 1000 1000 0.8 1 0.4 1 0.8
0.991098170168698 1.06894851635837 "experimento_14" 14 1000 1000 0.8 1 0.4 1 0.8
0.999836823204532 1.01759503054143 "experimento_14" 14 1000 1000 0.8 1 0.4 1 0.8
0.987911733565852 1.03556684612593 "experimento_14" 14 1000 1000 0.8 1 0.4 1 0.8
0.983514477265999 0.963757572094645 "experimento_14" 14 1000 1000 0.8 1 0.4 1 0.8
0.986535595729947 1.16544942355306 "experimento_14" 14 1000 1000 0.8 1 0.4 1 0.8
0.999436140991747 0.901199620047064 "experimento_14" 14 1000 1000 0.8 1 0.4 1 0.8
0.992649544030428 1.04665715352249 "experimento_14" 14 1000 1000 0.8 1 0.4 1 0.8
1.16712474357337 0.967998892824158 "experimento_14" 14 1000 1000 0.8 1 0.4 1 0.8
1.00072798924521 1.0254080793985 "experimento_14" 14 1000 1000 0.8 1 0.4 1 0.8
0.999015044420958 1.02076203576418 "experimento_14" 14 1000 1000 0.8 1 0.4 1 0.8
1.14092248817906 1.07390831502001 "experimento_14" 14 1000 1000 0.8 1 0.4 1 0.8
0.988616341492161 0.969805671655022 "experimento_14" 14 1000 1000 0.8 1 0.4 1 0.8
1.0289804869041 0.878401082528719 "experimento_14" 14 1000 1000 0.8 1 0.4 1 0.8
0.996136594330892 0.995014562060193 "experimento_14" 14 1000 1000 0.8 1 0.4 1 0.8
0.986422516172752 0.987555389086206 "experimento_14" 14 1000 1000 0.8 1 0.4 1 0.8
0.958853473886847 0.952347655646231 "experimento_14" 14 1000 1000 0.8 1 0.4 1 0.8
0.997540503041819 0.985376397170556 "experimento_14" 14 1000 1000 0.8 1 0.4 1 0.8
1.19492937996984 1.00501766558105 "experimento_14" 14 1000 1000 0.8 1 0.4 1 0.8
1.01345266531213 0.999254594796936 "experimento_14" 14 1000 1000 0.8 1 0.4 1 0.8
0.998766407836229 0.914733562134281 "experimento_14" 14 1000 1000 0.8 1 0.4 1 0.8
1.07303612440026 0.975765981106843 "experimento_14" 14 1000 1000 0.8 1 0.4 1 0.8
1.06419673551792 1.01975088680073 "experimento_14" 14 1000 1000 0.8 1 0.4 1 0.8
0.988883598940447 1.03662667750668 "experimento_14" 14 1000 1000 0.8 1 0.4 1 0.8
1.00064489152282 1.09080352719875 "experimento_14" 14 1000 1000 0.8 1 0.4 1 0.8
0.979808590607718 0.99554765650202 "experimento_14" 14 1000 1000 0.8 1 0.4 1 0.8
1.00919451424852 0.977283748284136 "experimento_14" 14 1000 1000 0.8 1 0.4 1 0.8
1.19795711804181 0.85016335693937 "experimento_14" 14 1000 1000 0.8 1 0.4 1 0.8
0.992085020290688 1.09217763467001 "experimento_14" 14 1000 1000 0.8 1 0.4 1 0.8
0.991014756495133 0.974091733600767 "experimento_14" 14 1000 1000 0.8 1 0.4 1 0.8
0.984913212014362 1.10607221742458 "experimento_14" 14 1000 1000 0.8 1 0.4 1 0.8
0.991934886435047 1.04195189633405 "experimento_14" 14 1000 1000 0.8 1 0.4 1 0.8
1.00281697325408 1.08307855706366 "experimento_14" 14 1000 1000 0.8 1 0.4 1 0.8
1.22004417501476 0.941299020330674 "experimento_14" 14 1000 1000 0.8 1 0.4 1 0.8
0.989595969207585 0.999815278747462 "experimento_14" 14 1000 1000 0.8 1 0.4 1 0.8
0.994829813251272 0.963771153678485 "experimento_14" 14 1000 1000 0.8 1 0.4 1 0.8
0.963363636517897 1.00660470268106 "experimento_14" 14 1000 1000 0.8 1 0.4 1 0.8
0.978613245533779 1.11201799798595 "experimento_14" 14 1000 1000 0.8 1 0.4 1 0.8
0.997379939071834 0.977381409310332 "experimento_14" 14 1000 1000 0.8 1 0.4 1 0.8
0.975251844152808 0.969383134443492 "experimento_14" 14 1000 1000 0.8 1 0.4 1 0.8
0.976950987707824 0.928704892389219 "experimento_14" 14 1000 1000 0.8 1 0.4 1 0.8
0.991432780399919 1.0404606532424 "experimento_14" 14 1000 1000 0.8 1 0.4 1 0.8
0.971068118931726 1.15174192765428 "experimento_14" 14 1000 1000 0.8 1 0.4 1 0.8
1.0196370549836 1.01668773799375 "experimento_14" 14 1000 1000 0.8 1 0.4 1 0.8
0.975008141016588 0.912101656970948 "experimento_14" 14 1000 1000 0.8 1 0.4 1 0.8
0.982546680374071 1.07793940514153 "experimento_14" 14 1000 1000 0.8 1 0.4 1 0.8
1.00244206035482 0.965750566300939 "experimento_14" 14 1000 1000 0.8 1 0.4 1 0.8
0.998773387400433 1.04571584692364 "experimento_14" 14 1000 1000 0.8 1 0.4 1 0.8
0.992675469489768 1.0581565346345 "experimento_14" 14 1000 1000 0.8 1 0.4 1 0.8
0.973631741246209 1.11244916307409 "experimento_14" 14 1000 1000 0.8 1 0.4 1 0.8
1.0012301038578 0.974239183329616 "experimento_14" 14 1000 1000 0.8 1 0.4 1 0.8
1.02298924699426 0.875098938235619 "experimento_14" 14 1000 1000 0.8 1 0.4 1 0.8
0.990301907993853 1.08306088897235 "experimento_14" 14 1000 1000 0.8 1 0.4 1 0.8
0.993232113542035 1.09574460792807 "experimento_14" 14 1000 1000 0.8 1 0.4 1 0.8
0.984046468278393 1.12549785177002 "experimento_14" 14 1000 1000 0.8 1 0.4 1 0.8
0.99928164947778 0.940995625049508 "experimento_14" 14 1000 1000 0.8 1 0.4 1 0.8
1.03493127832189 0.909811149866669 "experimento_14" 14 1000 1000 0.8 1 0.4 1 0.8
0.987378061050549 0.991198269260859 "experimento_14" 14 1000 1000 0.8 1 0.4 1 0.8
1.13423679048094 0.94320762395963 "experimento_14" 14 1000 1000 0.8 1 0.4 1 0.8
1.01839613774791 1.11518991891787 "experimento_14" 14 1000 1000 0.8 1 0.4 1 0.8
0.994992814958096 0.96983774720097 "experimento_14" 14 1000 1000 0.8 1 0.4 1 0.8
1.05047168226976 0.95076960715012 "experimento_14" 14 1000 1000 0.8 1 0.4 1 0.8
1.36888531269506 0.949511981090502 "experimento_14" 14 1000 1000 0.8 1 0.4 1 0.8
1.01046207686886 0.98527130430971 "experimento_14" 14 1000 1000 0.8 1 0.4 1 0.8
0.991529721999541 1.15095635142625 "experimento_14" 14 1000 1000 0.8 1 0.4 1 0.8
0.997711698757485 0.993885619115781 "experimento_14" 14 1000 1000 0.8 1 0.4 1 0.8
1.01101585477591 1.03125973795829 "experimento_14" 14 1000 1000 0.8 1 0.4 1 0.8
1.2734841699712 1.07908761729432 "experimento_14" 14 1000 1000 0.8 1 0.4 1 0.8
0.981650623958558 1.17069940741762 "experimento_14" 14 1000 1000 0.8 1 0.4 1 0.8
1.00635099830106 0.892213403269173 "experimento_14" 14 1000 1000 0.8 1 0.4 1 0.8
0.997075623134151 0.968027423228417 "experimento_14" 14 1000 1000 0.8 1 0.4 1 0.8
1.32890718242208 0.830915848931085 "experimento_14" 14 1000 1000 0.8 1 0.4 1 0.8
0.997850095620379 1.0795975012618 "experimento_14" 14 1000 1000 0.8 1 0.4 1 0.8
0.975239633116871 1.04550410718069 "experimento_14" 14 1000 1000 0.8 1 0.4 1 0.8
0.996368462918326 1.11009859355349 "experimento_14" 14 1000 1000 0.8 1 0.4 1 0.8
0.998184023192152 1.07392183910821 "experimento_14" 14 1000 1000 0.8 1 0.4 1 0.8
0.999431794509292 0.973166327323161 "experimento_14" 14 1000 1000 0.8 1 0.4 1 0.8
0.996754927560687 0.998318919822758 "experimento_14" 14 1000 1000 0.8 1 0.4 1 0.8
0.979321973631158 1.10276876703946 "experimento_14" 14 1000 1000 0.8 1 0.4 1 0.8
0.991955541307107 0.916954560362541 "experimento_14" 14 1000 1000 0.8 1 0.4 1 0.8
0.998251487035304 0.958435939796145 "experimento_14" 14 1000 1000 0.8 1 0.4 1 0.8
0.997505305102095 1.0534212272292 "experimento_14" 14 1000 1000 0.8 1 0.4 1 0.8
0.995018285466358 0.986237018789663 "experimento_14" 14 1000 1000 0.8 1 0.4 1 0.8
0.995884906500578 0.927641956553159 "experimento_14" 14 1000 1000 0.8 1 0.4 1 0.8
0.999030639883131 0.914260245331105 "experimento_14" 14 1000 1000 0.8 1 0.4 1 0.8
1.34292973298579 1.0276527031308 "experimento_14" 14 1000 1000 0.8 1 0.4 1 0.8
0.995882613118738 0.915926662436422 "experimento_14" 14 1000 1000 0.8 1 0.4 1 0.8
0.993857246357948 1.02177281032612 "experimento_14" 14 1000 1000 0.8 1 0.4 1 0.8
0.986608852632344 0.999069417609006 "experimento_14" 14 1000 1000 0.8 1 0.4 1 0.8
0.988925752229989 1.05654598220083 "experimento_14" 14 1000 1000 0.8 1 0.4 1 0.8
0.992253857664764 1.04291985394562 "experimento_14" 14 1000 1000 0.8 1 0.4 1 0.8
0.992492336081341 1.09232184111932 "experimento_14" 14 1000 1000 0.8 1 0.4 1 0.8
0.991348060080782 0.978281121680874 "experimento_14" 14 1000 1000 0.8 1 0.4 1 0.8
1.06881842370381 0.981643851259921 "experimento_14" 14 1000 1000 0.8 1 0.4 1 0.8
0.997083558700979 0.997665881497186 "experimento_14" 14 1000 1000 0.8 1 0.4 1 0.8
0.999730132753029 0.982818540004487 "experimento_14" 14 1000 1000 0.8 1 0.4 1 0.8
0.997810187283903 0.962072597778463 "experimento_14" 14 1000 1000 0.8 1 0.4 1 0.8
0.998034772463143 0.838328099235585 "experimento_14" 14 1000 1000 0.8 1 0.4 1 0.8
0.999593331711367 0.838586767838297 "experimento_14" 14 1000 1000 0.8 1 0.4 1 0.8
1.07267429819331 1.02007592427502 "experimento_14" 14 1000 1000 0.8 1 0.4 1 0.8
0.987850359408185 1.00259867122303 "experimento_14" 14 1000 1000 0.8 1 0.4 1 0.8
0.996253275079653 0.974852224744882 "experimento_14" 14 1000 1000 0.8 1 0.4 1 0.8
0.996212711557746 1.0880817680379 "experimento_14" 14 1000 1000 0.8 1 0.4 1 0.8
0.999522513477132 1.08929334683338 "experimento_14" 14 1000 1000 0.8 1 0.4 1 0.8
0.997507767518982 1.05272975785546 "experimento_14" 14 1000 1000 0.8 1 0.4 1 0.8
0.996325102401897 0.856530467520635 "experimento_14" 14 1000 1000 0.8 1 0.4 1 0.8
1.0070510096848 1.04220132324495 "experimento_14" 14 1000 1000 0.8 1 0.4 1 0.8
0.997950852150097 1.15333541751988 "experimento_14" 14 1000 1000 0.8 1 0.4 1 0.8
1.0009827031754 0.943784611876256 "experimento_14" 14 1000 1000 0.8 1 0.4 1 0.8
0.978245682781562 1.12374005990801 "experimento_14" 14 1000 1000 0.8 1 0.4 1 0.8
1.00337599636987 0.986651855313487 "experimento_14" 14 1000 1000 0.8 1 0.4 1 0.8
0.997505475068465 1.00312992566336 "experimento_14" 14 1000 1000 0.8 1 0.4 1 0.8
1.00410781847313 0.90854516705326 "experimento_14" 14 1000 1000 0.8 1 0.4 1 0.8
0.999959380365908 1.12664800323082 "experimento_14" 14 1000 1000 0.8 1 0.4 1 0.8
0.995374324033037 1.12411729891039 "experimento_14" 14 1000 1000 0.8 1 0.4 1 0.8
1.0028556259349 0.98076786318585 "experimento_14" 14 1000 1000 0.8 1 0.4 1 0.8
0.982603881508112 1.07805528653925 "experimento_14" 14 1000 1000 0.8 1 0.4 1 0.8
0.999479843536392 0.90025872900707 "experimento_14" 14 1000 1000 0.8 1 0.4 1 0.8
0.986456144135445 0.951605855598904 "experimento_14" 14 1000 1000 0.8 1 0.4 1 0.8
0.98301625601016 1.09969348491583 "experimento_14" 14 1000 1000 0.8 1 0.4 1 0.8
0.979303185129538 1.0422978703468 "experimento_14" 14 1000 1000 0.8 1 0.4 1 0.8
0.994962210999802 0.943494347151549 "experimento_14" 14 1000 1000 0.8 1 0.4 1 0.8
0.992586235981435 1.04770680195848 "experimento_14" 14 1000 1000 0.8 1 0.4 1 0.8
0.976620024302974 0.994301356888648 "experimento_14" 14 1000 1000 0.8 1 0.4 1 0.8
1.07983998063134 0.984262469120012 "experimento_14" 14 1000 1000 0.8 1 0.4 1 0.8
0.99928649305366 0.973179358202248 "experimento_14" 14 1000 1000 0.8 1 0.4 1 0.8
0.983096696902066 1.08925844636535 "experimento_14" 14 1000 1000 0.8 1 0.4 1 0.8
0.999188099522144 1.10140702639613 "experimento_14" 14 1000 1000 0.8 1 0.4 1 0.8
0.999123046407476 1.02096931263066 "experimento_14" 14 1000 1000 0.8 1 0.4 1 0.8
0.999735502526164 1.0040104465057 "experimento_14" 14 1000 1000 0.8 1 0.4 1 0.8
0.982322489842772 0.99296605099321 "experimento_14" 14 1000 1000 0.8 1 0.4 1 0.8
0.981429089093581 1.0621670383359 "experimento_14" 14 1000 1000 0.8 1 0.4 1 0.8
0.989384871441871 1.13849550255368 "experimento_14" 14 1000 1000 0.8 1 0.4 1 0.8
1.02388858894378 0.946495934374173 "experimento_14" 14 1000 1000 0.8 1 0.4 1 0.8
0.997049674624577 1.04811760994533 "experimento_14" 14 1000 1000 0.8 1 0.4 1 0.8
1.01161820868465 0.961445055332515 "experimento_14" 14 1000 1000 0.8 1 0.4 1 0.8
0.978975120699033 1.04049203846893 "experimento_14" 14 1000 1000 0.8 1 0.4 1 0.8
0.981685711536556 1.22106103496336 "experimento_14" 14 1000 1000 0.8 1 0.4 1 0.8
0.988952052779496 1.0049576459572 "experimento_14" 14 1000 1000 0.8 1 0.4 1 0.8
1.0002678646706 0.978329846075656 "experimento_14" 14 1000 1000 0.8 1 0.4 1 0.8
0.994924987666309 0.871815432281383 "experimento_14" 14 1000 1000 0.8 1 0.4 1 0.8
0.98726810188964 1.04798072831096 "experimento_14" 14 1000 1000 0.8 1 0.4 1 0.8
0.999569377163425 1.05432340972901 "experimento_14" 14 1000 1000 0.8 1 0.4 1 0.8
0.970840813592076 1.1695456686482 "experimento_14" 14 1000 1000 0.8 1 0.4 1 0.8
1.00086029293016 0.966441390810561 "experimento_14" 14 1000 1000 0.8 1 0.4 1 0.8
1.00007809948062 1.08318265188042 "experimento_14" 14 1000 1000 0.8 1 0.4 1 0.8
1.00124586787153 1.0113853377295 "experimento_14" 14 1000 1000 0.8 1 0.4 1 0.8
0.999430973315611 1.01699732634892 "experimento_14" 14 1000 1000 0.8 1 0.4 1 0.8
0.991648896597326 1.07953390303305 "experimento_14" 14 1000 1000 0.8 1 0.4 1 0.8
0.960923422360793 0.983237865202516 "experimento_14" 14 1000 1000 0.8 1 0.4 1 0.8
0.991705786436796 1.07830837910734 "experimento_14" 14 1000 1000 0.8 1 0.4 1 0.8
0.999893011525273 1.02845514538708 "experimento_14" 14 1000 1000 0.8 1 0.4 1 0.8
0.985850492026657 0.986889159484287 "experimento_14" 14 1000 1000 0.8 1 0.4 1 0.8
0.986054531764239 1.01318301396936 "experimento_14" 14 1000 1000 0.8 1 0.4 1 0.8
0.997557943221182 0.961892324555548 "experimento_14" 14 1000 1000 0.8 1 0.4 1 0.8
1.00348816486076 0.944085828051567 "experimento_14" 14 1000 1000 0.8 1 0.4 1 0.8
1.00341586209382 0.934300290097229 "experimento_14" 14 1000 1000 0.8 1 0.4 1 0.8
0.986640717601404 1.02913375039407 "experimento_14" 14 1000 1000 0.8 1 0.4 1 0.8
0.995370998280123 1.0581135804663 "experimento_14" 14 1000 1000 0.8 1 0.4 1 0.8
0.983468916034326 0.986607578308641 "experimento_14" 14 1000 1000 0.8 1 0.4 1 0.8
0.998436588095501 0.97599739079106 "experimento_14" 14 1000 1000 0.8 1 0.4 1 0.8
0.991065130569041 0.870711230243807 "experimento_14" 14 1000 1000 0.8 1 0.4 1 0.8
1.00006961268007 1.15209842545667 "experimento_14" 14 1000 1000 0.8 1 0.4 1 0.8
0.982277184724808 1.0744562691808 "experimento_14" 14 1000 1000 0.8 1 0.4 1 0.8
0.978718032129109 1.09620325735991 "experimento_14" 14 1000 1000 0.8 1 0.4 1 0.8
0.973840824095532 1.06045387168704 "experimento_14" 14 1000 1000 0.8 1 0.4 1 0.8
1.08224895875901 0.936760645313691 "experimento_14" 14 1000 1000 0.8 1 0.4 1 0.8
0.999378500971943 0.946211491597187 "experimento_14" 14 1000 1000 0.8 1 0.4 1 0.8
0.999021825147793 1.03511375088775 "experimento_14" 14 1000 1000 0.8 1 0.4 1 0.8
0.998326220782474 1.01185522342867 "experimento_14" 14 1000 1000 0.8 1 0.4 1 0.8
1.0020251786158 1.04223918983428 "experimento_14" 14 1000 1000 0.8 1 0.4 1 0.8
1.00296183077212 0.906565460741698 "experimento_14" 14 1000 1000 0.8 1 0.4 1 0.8
1.10997986979783 1.00222450242433 "experimento_14" 14 1000 1000 0.8 1 0.4 1 0.8
1.03171032834388 0.99316946520311 "experimento_14" 14 1000 1000 0.8 1 0.4 1 0.8
1.28770797792822 1.08331466517663 "experimento_14" 14 1000 1000 0.8 1 0.4 1 0.8
0.995632180012763 0.972009276132931 "experimento_14" 14 1000 1000 0.8 1 0.4 1 0.8
1.10667147580534 1.07486375747088 "experimento_14" 14 1000 1000 0.8 1 0.4 1 0.8
0.992091732565314 0.907958955416214 "experimento_14" 14 1000 1000 0.8 1 0.4 1 0.8
0.992563436971977 1.0931789619989 "experimento_14" 14 1000 1000 0.8 1 0.4 1 0.8
0.982177376979962 1.22330083302602 "experimento_14" 14 1000 1000 0.8 1 0.4 1 0.8
0.983600591076538 1.18189599195131 "experimento_14" 14 1000 1000 0.8 1 0.4 1 0.8
0.984886031597853 1.04819455951587 "experimento_14" 14 1000 1000 0.8 1 0.4 1 0.8
0.967377946479246 1.10146168186134 "experimento_14" 14 1000 1000 0.8 1 0.4 1 0.8
0.989402718143538 1.0975101099192 "experimento_14" 14 1000 1000 0.8 1 0.4 1 0.8
0.988861175486818 1.05380625838429 "experimento_14" 14 1000 1000 0.8 1 0.4 1 0.8
0.995556140551344 1.00425743166321 "experimento_14" 14 1000 1000 0.8 1 0.4 1 0.8
0.999590523075312 0.986839556694995 "experimento_14" 14 1000 1000 0.8 1 0.4 1 0.8
1.00118428801345 0.968436631908208 "experimento_14" 14 1000 1000 0.8 1 0.4 1 0.8
0.997896199347451 1.04329337111775 "experimento_14" 14 1000 1000 0.8 1 0.4 1 0.8
0.992109742248431 1.04542527321723 "experimento_14" 14 1000 1000 0.8 1 0.4 1 0.8
0.997434243094176 0.958540205105478 "experimento_14" 14 1000 1000 0.8 1 0.4 1 0.8
0.983749157749116 0.993312652637428 "experimento_14" 14 1000 1000 0.8 1 0.4 1 0.8
0.977745708078146 1.09958423608342 "experimento_14" 14 1000 1000 0.8 1 0.4 1 0.8
0.980641236063093 1.09831535150947 "experimento_14" 14 1000 1000 0.8 1 0.4 1 0.8
0.992245066445321 1.03117930965477 "experimento_14" 14 1000 1000 0.8 1 0.4 1 0.8
0.98283147579059 1.0579784842071 "experimento_14" 14 1000 1000 0.8 1 0.4 1 0.8
0.997801790013909 0.897542603940804 "experimento_14" 14 1000 1000 0.8 1 0.4 1 0.8
0.999724749242887 0.992496935157218 "experimento_14" 14 1000 1000 0.8 1 0.4 1 0.8
0.996090814704075 1.0986283164893 "experimento_14" 14 1000 1000 0.8 1 0.4 1 0.8
0.999840811127797 0.970944270863961 "experimento_14" 14 1000 1000 0.8 1 0.4 1 0.8
0.998523079790175 1.06653525176466 "experimento_14" 14 1000 1000 0.8 1 0.4 1 0.8
1.16035861206801 0.996860049802712 "experimento_14" 14 1000 1000 0.8 1 0.4 1 0.8
1.00290206295498 1.00437560661708 "experimento_14" 14 1000 1000 0.8 1 0.4 1 0.8
0.986191612435505 0.898054364863294 "experimento_14" 14 1000 1000 0.8 1 0.4 1 0.8
0.996309441514313 1.08692363158575 "experimento_14" 14 1000 1000 0.8 1 0.4 1 0.8
0.992198344552889 0.967578444300818 "experimento_14" 14 1000 1000 0.8 1 0.4 1 0.8
0.995026264805347 1.08613033394479 "experimento_14" 14 1000 1000 0.8 1 0.4 1 0.8
0.98416718817316 1.03250876254602 "experimento_14" 14 1000 1000 0.8 1 0.4 1 0.8
0.983702365774661 1.02382925838421 "experimento_14" 14 1000 1000 0.8 1 0.4 1 0.8
1.01056996172606 1.03421939073592 "experimento_14" 14 1000 1000 0.8 1 0.4 1 0.8
1.00486117792812 0.966888735630864 "experimento_14" 14 1000 1000 0.8 1 0.4 1 0.8
0.999451651703566 0.993527127971032 "experimento_14" 14 1000 1000 0.8 1 0.4 1 0.8
0.987112195929512 1.09340355693764 "experimento_14" 14 1000 1000 0.8 1 0.4 1 0.8
0.997896432410926 1.06418014535869 "experimento_14" 14 1000 1000 0.8 1 0.4 1 0.8
1.04370988579467 0.975233386059975 "experimento_14" 14 1000 1000 0.8 1 0.4 1 0.8
1.07320222770795 0.987129969975619 "experimento_14" 14 1000 1000 0.8 1 0.4 1 0.8
1.02951658843085 0.953516471320121 "experimento_14" 14 1000 1000 0.8 1 0.4 1 0.8
0.990641253767535 1.09450332648404 "experimento_14" 14 1000 1000 0.8 1 0.4 1 0.8
0.996015080017969 1.07958882617779 "experimento_14" 14 1000 1000 0.8 1 0.4 1 0.8
0.997716354439035 1.04993886509666 "experimento_14" 14 1000 1000 0.8 1 0.4 1 0.8
0.985429460881278 0.99605767547871 "experimento_14" 14 1000 1000 0.8 1 0.4 1 0.8
0.994695606874302 0.884254282687695 "experimento_14" 14 1000 1000 0.8 1 0.4 1 0.8
0.997239633463323 1.03539947926583 "experimento_14" 14 1000 1000 0.8 1 0.4 1 0.8
0.977271244861186 1.02397139711402 "experimento_14" 14 1000 1000 0.8 1 0.4 1 0.8
0.977803804678842 1.03940472048169 "experimento_14" 14 1000 1000 0.8 1 0.4 1 0.8
0.981930366484448 1.06886556766139 "experimento_14" 14 1000 1000 0.8 1 0.4 1 0.8
0.983214540174231 1.12983692488924 "experimento_14" 14 1000 1000 0.8 1 0.4 1 0.8
1.06498219957575 0.88545719144216 "experimento_14" 14 1000 1000 0.8 1 0.4 1 0.8
0.995253436965868 0.981152402896284 "experimento_14" 14 1000 1000 0.8 1 0.4 1 0.8
0.999044112861156 0.956822344624097 "experimento_14" 14 1000 1000 0.8 1 0.4 1 0.8
1.00173704296601 0.995991073126393 "experimento_14" 14 1000 1000 0.8 1 0.4 1 0.8
0.998175778193399 0.925778399262727 "experimento_14" 14 1000 1000 0.8 1 0.4 1 0.8
1.00051743537188 1.00034140061197 "experimento_14" 14 1000 1000 0.8 1 0.4 1 0.8
0.995084841735661 1.05550689318969 "experimento_14" 14 1000 1000 0.8 1 0.4 1 0.8
1.06370776472613 0.890081047827466 "experimento_14" 14 1000 1000 0.8 1 0.4 1 0.8
1.08456339593977 1.10766194614288 "experimento_14" 14 1000 1000 0.8 1 0.4 1 0.8
0.997420399216935 1.01340568684013 "experimento_14" 14 1000 1000 0.8 1 0.4 1 0.8
0.990397846559063 0.981846254111948 "experimento_14" 14 1000 1000 0.8 1 0.4 1 0.8
1.08967209826875 0.993892821907246 "experimento_14" 14 1000 1000 0.8 1 0.4 1 0.8
0.987417309079319 0.880531716494163 "experimento_14" 14 1000 1000 0.8 1 0.4 1 0.8
0.985506631433964 1.04163922829542 "experimento_14" 14 1000 1000 0.8 1 0.4 1 0.8
0.991536929970607 1.07569433563141 "experimento_14" 14 1000 1000 0.8 1 0.4 1 0.8
0.996689953841269 1.05451648547506 "experimento_14" 14 1000 1000 0.8 1 0.4 1 0.8
1.02455984504698 0.971617216599439 "experimento_14" 14 1000 1000 0.8 1 0.4 1 0.8
0.970132786082104 1.10817884765201 "experimento_14" 14 1000 1000 0.8 1 0.4 1 0.8
0.991546563571319 0.999902833268103 "experimento_14" 14 1000 1000 0.8 1 0.4 1 0.8
1.01741675892845 0.999285410675421 "experimento_14" 14 1000 1000 0.8 1 0.4 1 0.8
0.988355556502938 1.11793355195943 "experimento_14" 14 1000 1000 0.8 1 0.4 1 0.8
0.992837229510769 1.11005983467342 "experimento_14" 14 1000 1000 0.8 1 0.4 1 0.8
0.994724232703447 0.94790822810585 "experimento_14" 14 1000 1000 0.8 1 0.4 1 0.8
0.990500598447397 1.08026021573547 "experimento_14" 14 1000 1000 0.8 1 0.4 1 0.8
1.02108953441542 0.974530304336613 "experimento_14" 14 1000 1000 0.8 1 0.4 1 0.8
0.991684739245102 1.09044397069721 "experimento_14" 14 1000 1000 0.8 1 0.4 1 0.8
0.999634614912793 1.06731713596849 "experimento_14" 14 1000 1000 0.8 1 0.4 1 0.8
0.991195632377639 1.06759384694563 "experimento_14" 14 1000 1000 0.8 1 0.4 1 0.8
0.995845186524093 1.08410616890847 "experimento_14" 14 1000 1000 0.8 1 0.4 1 0.8
0.996243156259879 0.977258086894288 "experimento_14" 14 1000 1000 0.8 1 0.4 1 0.8
0.998053822899237 0.939809501422256 "experimento_14" 14 1000 1000 0.8 1 0.4 1 0.8
1.10698802113078 0.920149437666595 "experimento_14" 14 1000 1000 0.8 1 0.4 1 0.8
0.997093269368634 1.18027655394611 "experimento_14" 14 1000 1000 0.8 1 0.4 1 0.8
0.998328463174403 1.16479633860027 "experimento_14" 14 1000 1000 0.8 1 0.4 1 0.8
0.990730583667755 1.0346777351614 "experimento_14" 14 1000 1000 0.8 1 0.4 1 0.8
0.991995917400345 0.962460282227326 "experimento_14" 14 1000 1000 0.8 1 0.4 1 0.8
0.992214086931199 1.30523747694877 "experimento_14" 14 1000 1000 0.8 1 0.4 1 0.8
0.97951282421127 1.18125350014708 "experimento_14" 14 1000 1000 0.8 1 0.4 1 0.8
1.02325079962611 0.995812803847144 "experimento_14" 14 1000 1000 0.8 1 0.4 1 0.8
1.15062436368316 0.878094963946806 "experimento_14" 14 1000 1000 0.8 1 0.4 1 0.8
1.04881007236646 0.943733944942976 "experimento_14" 14 1000 1000 0.8 1 0.4 1 0.8
0.995985735207796 1.00705132558758 "experimento_14" 14 1000 1000 0.8 1 0.4 1 0.8
0.997747971210629 0.928942201000661 "experimento_14" 14 1000 1000 0.8 1 0.4 1 0.8
0.999829121399671 1.00732657735844 "experimento_14" 14 1000 1000 0.8 1 0.4 1 0.8
0.998207959812135 0.909264755156915 "experimento_14" 14 1000 1000 0.8 1 0.4 1 0.8
0.999954915139824 0.89733898644768 "experimento_14" 14 1000 1000 0.8 1 0.4 1 0.8
0.999908159486949 0.993901448836213 "experimento_14" 14 1000 1000 0.8 1 0.4 1 0.8
0.997693940065801 1.11533990616659 "experimento_14" 14 1000 1000 0.8 1 0.4 1 0.8
0.995510483626276 0.916591500236113 "experimento_14" 14 1000 1000 0.8 1 0.4 1 0.8
0.990866320440546 1.02618473234303 "experimento_14" 14 1000 1000 0.8 1 0.4 1 0.8
1.00811625818518 1.08243610704598 "experimento_14" 14 1000 1000 0.8 1 0.4 1 0.8
0.987937446450815 1.03816308128156 "experimento_14" 14 1000 1000 0.8 1 0.4 1 0.8
0.998099761549383 0.872279977311701 "experimento_14" 14 1000 1000 0.8 1 0.4 1 0.8
1.35711053851992 0.819861329494982 "experimento_14" 14 1000 1000 0.8 1 0.4 1 0.8
0.996852935291827 1.00731046760945 "experimento_14" 14 1000 1000 0.8 1 0.4 1 0.8
1.40092789661139 0.833802578573733 "experimento_14" 14 1000 1000 0.8 1 0.4 1 0.8
1.00176031981636 0.99779358928979 "experimento_14" 14 1000 1000 0.8 1 0.4 1 0.8
0.982393216108903 1.1539094210006 "experimento_14" 14 1000 1000 0.8 1 0.4 1 0.8
0.999434223864228 1.14542561163517 "experimento_14" 14 1000 1000 0.8 1 0.4 1 0.8
0.993950435891747 0.954391414005327 "experimento_14" 14 1000 1000 0.8 1 0.4 1 0.8
0.988460104679689 1.03487765018288 "experimento_14" 14 1000 1000 0.8 1 0.4 1 0.8
0.988761360524222 0.960934791299088 "experimento_14" 14 1000 1000 0.8 1 0.4 1 0.8
0.986143154790625 1.01823720793438 "experimento_14" 14 1000 1000 0.8 1 0.4 1 0.8
0.999192817369476 1.16111463345918 "experimento_14" 14 1000 1000 0.8 1 0.4 1 0.8
0.985787732759491 1.02007807157773 "experimento_14" 14 1000 1000 0.8 1 0.4 1 0.8
1.01463276566938 1.04857328294393 "experimento_14" 14 1000 1000 0.8 1 0.4 1 0.8
1.00054007349536 0.862789173441636 "experimento_14" 14 1000 1000 0.8 1 0.4 1 0.8
0.991886582924053 1.01820834293569 "experimento_14" 14 1000 1000 0.8 1 0.4 1 0.8
0.986470938660204 0.956069025843976 "experimento_14" 14 1000 1000 0.8 1 0.4 1 0.8
1.13471908541396 1.07165019342473 "experimento_14" 14 1000 1000 0.8 1 0.4 1 0.8
1.1780488002114 0.928945712836905 "experimento_14" 14 1000 1000 0.8 1 0.4 1 0.8
0.997814679518342 1.13719335532313 "experimento_14" 14 1000 1000 0.8 1 0.4 1 0.8
1.00034056460433 0.878574815698137 "experimento_14" 14 1000 1000 0.8 1 0.4 1 0.8
0.99525425885804 1.15348384202919 "experimento_14" 14 1000 1000 0.8 1 0.4 1 0.8
0.976210569497198 1.15120435650283 "experimento_14" 14 1000 1000 0.8 1 0.4 1 0.8
1.01008216803893 0.988833316505749 "experimento_14" 14 1000 1000 0.8 1 0.4 1 0.8
0.980138613143936 1.0356448861064 "experimento_14" 14 1000 1000 0.8 1 0.4 1 0.8
0.99812499107793 0.962061147048771 "experimento_14" 14 1000 1000 0.8 1 0.4 1 0.8
0.997527223546058 1.00773921687209 "experimento_14" 14 1000 1000 0.8 1 0.4 1 0.8
0.995674729114398 1.12703412008991 "experimento_14" 14 1000 1000 0.8 1 0.4 1 0.8
0.977777523454279 0.874278602122486 "experimento_14" 14 1000 1000 0.8 1 0.4 1 0.8
0.995859750313684 0.978677410265793 "experimento_14" 14 1000 1000 0.8 1 0.4 1 0.8
0.991612221579999 1.05140878422532 "experimento_14" 14 1000 1000 0.8 1 0.4 1 0.8
1.00876449933276 0.935486482654466 "experimento_14" 14 1000 1000 0.8 1 0.4 1 0.8
1.0717013330569 0.934427521180597 "experimento_14" 14 1000 1000 0.8 1 0.4 1 0.8
1.00225199339911 1.05556869209062 "experimento_14" 14 1000 1000 0.8 1 0.4 1 0.8
0.987694340758026 1.24799501350613 "experimento_14" 14 1000 1000 0.8 1 0.4 1 0.8
1.0009823931176 1.05695467137649 "experimento_14" 14 1000 1000 0.8 1 0.4 1 0.8
0.978145444532856 1.04313380017927 "experimento_14" 14 1000 1000 0.8 1 0.4 1 0.8
1.00090111901486 0.981615752305926 "experimento_14" 14 1000 1000 0.8 1 0.4 1 0.8
0.998622481245548 0.965908639945247 "experimento_14" 14 1000 1000 0.8 1 0.4 1 0.8
0.980579652357846 0.992153751757963 "experimento_14" 14 1000 1000 0.8 1 0.4 1 0.8
0.994527223752812 0.82994323562503 "experimento_14" 14 1000 1000 0.8 1 0.4 1 0.8
0.984813078073785 1.03436755193115 "experimento_14" 14 1000 1000 0.8 1 0.4 1 0.8
0.981232465011999 1.04900704708051 "experimento_14" 14 1000 1000 0.8 1 0.4 1 0.8
1.02211069420245 0.953943571495428 "experimento_14" 14 1000 1000 0.8 1 0.4 1 0.8
1.03352986210096 1.08833631408397 "experimento_14" 14 1000 1000 0.8 1 0.4 1 0.8
1.05086592318028 0.92869045236831 "experimento_14" 14 1000 1000 0.8 1 0.4 1 0.8
0.984972180565819 1.03212676107823 "experimento_14" 14 1000 1000 0.8 1 0.4 1 0.8
0.991679006721824 1.03906005094844 "experimento_14" 14 1000 1000 0.8 1 0.4 1 0.8
0.998594203963876 0.885699408693358 "experimento_14" 14 1000 1000 0.8 1 0.4 1 0.8
1.0002852870272 1.00917005821933 "experimento_14" 14 1000 1000 0.8 1 0.4 1 0.8
0.999397731618956 1.04127384205272 "experimento_14" 14 1000 1000 0.8 1 0.4 1 0.8
0.991575340274721 0.971471173276524 "experimento_14" 14 1000 1000 0.8 1 0.4 1 0.8
0.99717025575228 0.913004368225079 "experimento_14" 14 1000 1000 0.8 1 0.4 1 0.8
0.996735631255433 1.07294563008701 "experimento_14" 14 1000 1000 0.8 1 0.4 1 0.8
0.995056652463973 1.06597577283954 "experimento_14" 14 1000 1000 0.8 1 0.4 1 0.8
0.990233960561454 0.962409220047775 "experimento_14" 14 1000 1000 0.8 1 0.4 1 0.8
1.00517181238682 0.912759698740396 "experimento_14" 14 1000 1000 0.8 1 0.4 1 0.8
1.04407719289884 0.979700397056032 "experimento_14" 14 1000 1000 0.8 1 0.4 1 0.8
0.999301236122847 1.03214334940863 "experimento_14" 14 1000 1000 0.8 1 0.4 1 0.8
1.00196583615616 1.0359139596282 "experimento_14" 14 1000 1000 0.8 1 0.4 1 0.8
1.0319821966173 1.04784470837055 "experimento_14" 14 1000 1000 0.8 1 0.4 1 0.8
0.981872522737831 1.13380982293427 "experimento_14" 14 1000 1000 0.8 1 0.4 1 0.8
0.986643127165735 0.913328176972744 "experimento_14" 14 1000 1000 0.8 1 0.4 1 0.8
1.01415594806895 0.89538991427227 "experimento_14" 14 1000 1000 0.8 1 0.4 1 0.8
