"est.u" "est.lamb" "name" "seed" "size" "replicates" "p_umbral" "exp_lambda" "alpha_pen" "n_pen" "c"
1.00565501093864 52.5976509078639 "experimento_50" 50 1000 1000 0.8 50 0.4 1 0.8
1.00011254158558 51.8779245977837 "experimento_50" 50 1000 1000 0.8 50 0.4 1 0.8
1.00039720016532 59.208926438766 "experimento_50" 50 1000 1000 0.8 50 0.4 1 0.8
1.00270784538993 55.3798347268017 "experimento_50" 50 1000 1000 0.8 50 0.4 1 0.8
1.00256711221742 53.7244631583534 "experimento_50" 50 1000 1000 0.8 50 0.4 1 0.8
1.00205901202155 46.5518656888472 "experimento_50" 50 1000 1000 0.8 50 0.4 1 0.8
1.00077768865041 48.3027612179348 "experimento_50" 50 1000 1000 0.8 50 0.4 1 0.8
1.01197174769572 54.4754142394232 "experimento_50" 50 1000 1000 0.8 50 0.4 1 0.8
1.00836190844886 49.1097669398223 "experimento_50" 50 1000 1000 0.8 50 0.4 1 0.8
1.01677587941205 43.2121093969215 "experimento_50" 50 1000 1000 0.8 50 0.4 1 0.8
1.00648024718277 51.1580429322567 "experimento_50" 50 1000 1000 0.8 50 0.4 1 0.8
0.99910148140043 44.3636725280492 "experimento_50" 50 1000 1000 0.8 50 0.4 1 0.8
1.00949723096564 61.9714961412519 "experimento_50" 50 1000 1000 0.8 50 0.4 1 0.8
1.00000036550357 50.934894969667 "experimento_50" 50 1000 1000 0.8 50 0.4 1 0.8
1.00032412179503 48.7664473348614 "experimento_50" 50 1000 1000 0.8 50 0.4 1 0.8
1.00605340633464 48.202692910089 "experimento_50" 50 1000 1000 0.8 50 0.4 1 0.8
1.00012104265392 53.2964461412054 "experimento_50" 50 1000 1000 0.8 50 0.4 1 0.8
1.00871724734083 47.1609553027655 "experimento_50" 50 1000 1000 0.8 50 0.4 1 0.8
1.00649488663301 48.8305895663936 "experimento_50" 50 1000 1000 0.8 50 0.4 1 0.8
0.999289778294042 54.7533899134802 "experimento_50" 50 1000 1000 0.8 50 0.4 1 0.8
1.00389926131815 48.9519317408123 "experimento_50" 50 1000 1000 0.8 50 0.4 1 0.8
0.999717147555202 53.9624955028177 "experimento_50" 50 1000 1000 0.8 50 0.4 1 0.8
1.00004470799118 49.5102882617224 "experimento_50" 50 1000 1000 0.8 50 0.4 1 0.8
1.00001602210104 52.5864605783514 "experimento_50" 50 1000 1000 0.8 50 0.4 1 0.8
1.01740656780825 41.4895009927845 "experimento_50" 50 1000 1000 0.8 50 0.4 1 0.8
1.01090601756974 47.9315655001883 "experimento_50" 50 1000 1000 0.8 50 0.4 1 0.8
1.00115952227808 43.2357498094563 "experimento_50" 50 1000 1000 0.8 50 0.4 1 0.8
1.00656797362197 51.4538812901474 "experimento_50" 50 1000 1000 0.8 50 0.4 1 0.8
1.00000698434189 47.6187558198096 "experimento_50" 50 1000 1000 0.8 50 0.4 1 0.8
1.0000216027169 54.7954092369149 "experimento_50" 50 1000 1000 0.8 50 0.4 1 0.8
1.00003176790662 52.326245590823 "experimento_50" 50 1000 1000 0.8 50 0.4 1 0.8
1.00277020024249 46.9047746935786 "experimento_50" 50 1000 1000 0.8 50 0.4 1 0.8
1.00056413754821 55.746164933479 "experimento_50" 50 1000 1000 0.8 50 0.4 1 0.8
0.999929072801024 51.7246805294081 "experimento_50" 50 1000 1000 0.8 50 0.4 1 0.8
0.999416663777083 50.0278670308379 "experimento_50" 50 1000 1000 0.8 50 0.4 1 0.8
1.01536547014819 52.9679576038672 "experimento_50" 50 1000 1000 0.8 50 0.4 1 0.8
1.00582303945906 44.8113136695024 "experimento_50" 50 1000 1000 0.8 50 0.4 1 0.8
1.00347846894525 51.0174578926001 "experimento_50" 50 1000 1000 0.8 50 0.4 1 0.8
0.999693494988605 49.0908367085404 "experimento_50" 50 1000 1000 0.8 50 0.4 1 0.8
1.01613682227125 57.3991012026516 "experimento_50" 50 1000 1000 0.8 50 0.4 1 0.8
1.00010036110878 47.3988596316452 "experimento_50" 50 1000 1000 0.8 50 0.4 1 0.8
1.01047596254386 50.4591022941481 "experimento_50" 50 1000 1000 0.8 50 0.4 1 0.8
1.00882910139859 44.4781503785276 "experimento_50" 50 1000 1000 0.8 50 0.4 1 0.8
1.01613662056541 43.6059124424125 "experimento_50" 50 1000 1000 0.8 50 0.4 1 0.8
1.00008414343437 55.9854980479446 "experimento_50" 50 1000 1000 0.8 50 0.4 1 0.8
1.0008672907576 45.3418737213246 "experimento_50" 50 1000 1000 0.8 50 0.4 1 0.8
0.999019080772996 41.920210674066 "experimento_50" 50 1000 1000 0.8 50 0.4 1 0.8
1.00037752551958 45.8010312634578 "experimento_50" 50 1000 1000 0.8 50 0.4 1 0.8
1.00039836905897 49.5299306566692 "experimento_50" 50 1000 1000 0.8 50 0.4 1 0.8
1.00199898417108 47.9405835100051 "experimento_50" 50 1000 1000 0.8 50 0.4 1 0.8
1.00062393074855 47.6261030927824 "experimento_50" 50 1000 1000 0.8 50 0.4 1 0.8
1.01838740970855 50.9398951386223 "experimento_50" 50 1000 1000 0.8 50 0.4 1 0.8
1.0007363496455 47.9148575210419 "experimento_50" 50 1000 1000 0.8 50 0.4 1 0.8
1.00199121164385 47.4606678030386 "experimento_50" 50 1000 1000 0.8 50 0.4 1 0.8
1.00738504872657 43.4235949833562 "experimento_50" 50 1000 1000 0.8 50 0.4 1 0.8
1.00006842223955 51.1881165292819 "experimento_50" 50 1000 1000 0.8 50 0.4 1 0.8
0.999770849011838 49.6843336139002 "experimento_50" 50 1000 1000 0.8 50 0.4 1 0.8
1.00019306924301 55.2928109419063 "experimento_50" 50 1000 1000 0.8 50 0.4 1 0.8
1.00929048499092 53.4200873066969 "experimento_50" 50 1000 1000 0.8 50 0.4 1 0.8
1.01151725803502 39.8993398196379 "experimento_50" 50 1000 1000 0.8 50 0.4 1 0.8
1.00009188189171 49.3570015777225 "experimento_50" 50 1000 1000 0.8 50 0.4 1 0.8
1.00954807131599 54.2129763079509 "experimento_50" 50 1000 1000 0.8 50 0.4 1 0.8
1.00776686230209 46.0705208194336 "experimento_50" 50 1000 1000 0.8 50 0.4 1 0.8
1.00003292195626 52.4139880751483 "experimento_50" 50 1000 1000 0.8 50 0.4 1 0.8
1.00059676791946 52.3512917311787 "experimento_50" 50 1000 1000 0.8 50 0.4 1 0.8
1.0030818099207 47.5849328946407 "experimento_50" 50 1000 1000 0.8 50 0.4 1 0.8
1.00594522040614 47.2084619231629 "experimento_50" 50 1000 1000 0.8 50 0.4 1 0.8
1.00147963524796 54.503655773714 "experimento_50" 50 1000 1000 0.8 50 0.4 1 0.8
1.00660533742979 45.5066595507806 "experimento_50" 50 1000 1000 0.8 50 0.4 1 0.8
1.00408316332847 51.5541863414384 "experimento_50" 50 1000 1000 0.8 50 0.4 1 0.8
1.00219046670528 47.3775090925771 "experimento_50" 50 1000 1000 0.8 50 0.4 1 0.8
1.00209644615339 54.5685995488548 "experimento_50" 50 1000 1000 0.8 50 0.4 1 0.8
1.00028372681929 49.4800266612322 "experimento_50" 50 1000 1000 0.8 50 0.4 1 0.8
0.998958791838959 43.43493553732 "experimento_50" 50 1000 1000 0.8 50 0.4 1 0.8
1.00058381825685 50.963872362705 "experimento_50" 50 1000 1000 0.8 50 0.4 1 0.8
1.00007669279266 46.64331208858 "experimento_50" 50 1000 1000 0.8 50 0.4 1 0.8
1.00450588870952 45.9582339748516 "experimento_50" 50 1000 1000 0.8 50 0.4 1 0.8
1.00022814234749 48.5894845665243 "experimento_50" 50 1000 1000 0.8 50 0.4 1 0.8
1.00502515100007 52.0324348970497 "experimento_50" 50 1000 1000 0.8 50 0.4 1 0.8
1.00031869528815 49.0909675200112 "experimento_50" 50 1000 1000 0.8 50 0.4 1 0.8
1.00089648411609 55.0274675366473 "experimento_50" 50 1000 1000 0.8 50 0.4 1 0.8
1.00295366777303 45.0997053066088 "experimento_50" 50 1000 1000 0.8 50 0.4 1 0.8
1.00483660817011 53.3779465461919 "experimento_50" 50 1000 1000 0.8 50 0.4 1 0.8
1.00613373646513 43.4080399069729 "experimento_50" 50 1000 1000 0.8 50 0.4 1 0.8
1.01315474468283 47.3946992528436 "experimento_50" 50 1000 1000 0.8 50 0.4 1 0.8
1.00776043622848 53.0144668491263 "experimento_50" 50 1000 1000 0.8 50 0.4 1 0.8
1.00105893998407 51.9611543989432 "experimento_50" 50 1000 1000 0.8 50 0.4 1 0.8
1.0002519311104 52.5641608871473 "experimento_50" 50 1000 1000 0.8 50 0.4 1 0.8
1.00003303851001 47.8567789743234 "experimento_50" 50 1000 1000 0.8 50 0.4 1 0.8
1.00034247835167 51.2535885109829 "experimento_50" 50 1000 1000 0.8 50 0.4 1 0.8
1.00003244687489 47.6355885290944 "experimento_50" 50 1000 1000 0.8 50 0.4 1 0.8
1.0097774665989 50.3753097610556 "experimento_50" 50 1000 1000 0.8 50 0.4 1 0.8
1.00096316242591 47.4292915399447 "experimento_50" 50 1000 1000 0.8 50 0.4 1 0.8
1.01288219985552 53.4764344542107 "experimento_50" 50 1000 1000 0.8 50 0.4 1 0.8
1.00440293085761 54.7991982574015 "experimento_50" 50 1000 1000 0.8 50 0.4 1 0.8
1.01504674484869 61.8666318916763 "experimento_50" 50 1000 1000 0.8 50 0.4 1 0.8
1.00025182007812 50.2586538337434 "experimento_50" 50 1000 1000 0.8 50 0.4 1 0.8
1.00522253124043 46.4535919013214 "experimento_50" 50 1000 1000 0.8 50 0.4 1 0.8
1.00318141202442 45.6125717307447 "experimento_50" 50 1000 1000 0.8 50 0.4 1 0.8
1.00042799404615 51.3916688231957 "experimento_50" 50 1000 1000 0.8 50 0.4 1 0.8
1.00654962535016 48.682859155919 "experimento_50" 50 1000 1000 0.8 50 0.4 1 0.8
1.00788605093956 51.6072703697146 "experimento_50" 50 1000 1000 0.8 50 0.4 1 0.8
1.00009266399362 53.1608103766437 "experimento_50" 50 1000 1000 0.8 50 0.4 1 0.8
1.0000996960003 48.3186582200636 "experimento_50" 50 1000 1000 0.8 50 0.4 1 0.8
1.00004601868801 53.9043788429369 "experimento_50" 50 1000 1000 0.8 50 0.4 1 0.8
1.01517031898638 44.9093528237879 "experimento_50" 50 1000 1000 0.8 50 0.4 1 0.8
0.999104499351233 44.3396235625297 "experimento_50" 50 1000 1000 0.8 50 0.4 1 0.8
1.0079742052633 50.179230260527 "experimento_50" 50 1000 1000 0.8 50 0.4 1 0.8
1.00012350931999 56.2362450420125 "experimento_50" 50 1000 1000 0.8 50 0.4 1 0.8
1.0112951778248 52.9939302582786 "experimento_50" 50 1000 1000 0.8 50 0.4 1 0.8
1.00941285082139 56.0780473545823 "experimento_50" 50 1000 1000 0.8 50 0.4 1 0.8
1.00323593120091 54.0756029126741 "experimento_50" 50 1000 1000 0.8 50 0.4 1 0.8
1.00015743560978 53.4918889717744 "experimento_50" 50 1000 1000 0.8 50 0.4 1 0.8
1.00798193705217 46.9645863252995 "experimento_50" 50 1000 1000 0.8 50 0.4 1 0.8
1.00300086345524 43.8008356416886 "experimento_50" 50 1000 1000 0.8 50 0.4 1 0.8
1.00057474512473 49.2710793407367 "experimento_50" 50 1000 1000 0.8 50 0.4 1 0.8
0.999185429187492 57.2278152571681 "experimento_50" 50 1000 1000 0.8 50 0.4 1 0.8
1.00326420821249 54.0696666873108 "experimento_50" 50 1000 1000 0.8 50 0.4 1 0.8
1.00079452571459 45.4646831685351 "experimento_50" 50 1000 1000 0.8 50 0.4 1 0.8
1.00013147597699 50.9639086423468 "experimento_50" 50 1000 1000 0.8 50 0.4 1 0.8
1.00046412064554 46.1809487229094 "experimento_50" 50 1000 1000 0.8 50 0.4 1 0.8
1.00003407999373 50.8642966899126 "experimento_50" 50 1000 1000 0.8 50 0.4 1 0.8
1.01318659025244 60.2346943725619 "experimento_50" 50 1000 1000 0.8 50 0.4 1 0.8
1.00016193316318 48.9779407636292 "experimento_50" 50 1000 1000 0.8 50 0.4 1 0.8
1.00648884324357 43.154560641033 "experimento_50" 50 1000 1000 0.8 50 0.4 1 0.8
1.00089084316045 49.2588745037788 "experimento_50" 50 1000 1000 0.8 50 0.4 1 0.8
1.00848850124516 57.1661570037393 "experimento_50" 50 1000 1000 0.8 50 0.4 1 0.8
1.00002476211637 51.7123666405982 "experimento_50" 50 1000 1000 0.8 50 0.4 1 0.8
1.00528305131942 53.5838893219518 "experimento_50" 50 1000 1000 0.8 50 0.4 1 0.8
0.999817367410287 52.7487955302203 "experimento_50" 50 1000 1000 0.8 50 0.4 1 0.8
1.01282018020749 56.20106526581 "experimento_50" 50 1000 1000 0.8 50 0.4 1 0.8
1.01347796534188 63.0402333211696 "experimento_50" 50 1000 1000 0.8 50 0.4 1 0.8
1.00091276568686 48.9389182536241 "experimento_50" 50 1000 1000 0.8 50 0.4 1 0.8
0.999485725304112 58.3108839126248 "experimento_50" 50 1000 1000 0.8 50 0.4 1 0.8
1.00030716112815 49.9792845149896 "experimento_50" 50 1000 1000 0.8 50 0.4 1 0.8
1.00127036959864 48.9267094545173 "experimento_50" 50 1000 1000 0.8 50 0.4 1 0.8
1.00258622454479 44.5810136287077 "experimento_50" 50 1000 1000 0.8 50 0.4 1 0.8
0.999502614373341 56.7946329072817 "experimento_50" 50 1000 1000 0.8 50 0.4 1 0.8
0.999996991828084 52.5640036033347 "experimento_50" 50 1000 1000 0.8 50 0.4 1 0.8
1.00002655192228 53.3358223740425 "experimento_50" 50 1000 1000 0.8 50 0.4 1 0.8
0.999648749129847 46.116770310279 "experimento_50" 50 1000 1000 0.8 50 0.4 1 0.8
1.00082732324488 52.7838980255667 "experimento_50" 50 1000 1000 0.8 50 0.4 1 0.8
1.01752719620159 61.170166425902 "experimento_50" 50 1000 1000 0.8 50 0.4 1 0.8
1.00004798273556 49.9178572399734 "experimento_50" 50 1000 1000 0.8 50 0.4 1 0.8
1.00017214301974 49.2644042248945 "experimento_50" 50 1000 1000 0.8 50 0.4 1 0.8
1.00014946229756 50.2517595025221 "experimento_50" 50 1000 1000 0.8 50 0.4 1 0.8
1.01164803880267 57.5475038790018 "experimento_50" 50 1000 1000 0.8 50 0.4 1 0.8
1.00746401708573 46.5312856501963 "experimento_50" 50 1000 1000 0.8 50 0.4 1 0.8
1.00349027147517 51.4114086006593 "experimento_50" 50 1000 1000 0.8 50 0.4 1 0.8
1.00433912269771 48.3732938140275 "experimento_50" 50 1000 1000 0.8 50 0.4 1 0.8
1.00270490433089 48.006908877209 "experimento_50" 50 1000 1000 0.8 50 0.4 1 0.8
0.99942094204016 59.1161605522602 "experimento_50" 50 1000 1000 0.8 50 0.4 1 0.8
0.999653211794794 47.5867335317119 "experimento_50" 50 1000 1000 0.8 50 0.4 1 0.8
1.00002211373299 43.7820607047333 "experimento_50" 50 1000 1000 0.8 50 0.4 1 0.8
1.00058561823535 51.660046801233 "experimento_50" 50 1000 1000 0.8 50 0.4 1 0.8
1.0002796968906 50.5580267475887 "experimento_50" 50 1000 1000 0.8 50 0.4 1 0.8
1.00339412081421 54.6706425344143 "experimento_50" 50 1000 1000 0.8 50 0.4 1 0.8
1.00089941710234 50.2850143151459 "experimento_50" 50 1000 1000 0.8 50 0.4 1 0.8
1.00005804816964 49.2965604228068 "experimento_50" 50 1000 1000 0.8 50 0.4 1 0.8
1.01435034997677 49.3403337914473 "experimento_50" 50 1000 1000 0.8 50 0.4 1 0.8
1.01256969274953 47.253249180581 "experimento_50" 50 1000 1000 0.8 50 0.4 1 0.8
1.00000297439285 50.9409973421418 "experimento_50" 50 1000 1000 0.8 50 0.4 1 0.8
1.01878794899126 39.4322506249733 "experimento_50" 50 1000 1000 0.8 50 0.4 1 0.8
1.00151048188729 48.1271511322684 "experimento_50" 50 1000 1000 0.8 50 0.4 1 0.8
0.999981625471264 50.0616506575214 "experimento_50" 50 1000 1000 0.8 50 0.4 1 0.8
1.00096708806278 52.2232449528217 "experimento_50" 50 1000 1000 0.8 50 0.4 1 0.8
1.00011758751236 55.2532904548994 "experimento_50" 50 1000 1000 0.8 50 0.4 1 0.8
1.00004310920835 53.9231791554423 "experimento_50" 50 1000 1000 0.8 50 0.4 1 0.8
1.00123670265952 50.046412549187 "experimento_50" 50 1000 1000 0.8 50 0.4 1 0.8
0.999870719155297 51.3822305877075 "experimento_50" 50 1000 1000 0.8 50 0.4 1 0.8
1.0001349221915 44.4815705106558 "experimento_50" 50 1000 1000 0.8 50 0.4 1 0.8
1.00413308260677 45.8359187244668 "experimento_50" 50 1000 1000 0.8 50 0.4 1 0.8
1.00541056210175 51.9855125611588 "experimento_50" 50 1000 1000 0.8 50 0.4 1 0.8
1.01437159713274 57.6060650288222 "experimento_50" 50 1000 1000 0.8 50 0.4 1 0.8
1.00507696167566 42.7273634325353 "experimento_50" 50 1000 1000 0.8 50 0.4 1 0.8
1.00878649444319 58.9804038494805 "experimento_50" 50 1000 1000 0.8 50 0.4 1 0.8
1.00667281913571 45.2840292045378 "experimento_50" 50 1000 1000 0.8 50 0.4 1 0.8
1.00002234220325 59.3345323173523 "experimento_50" 50 1000 1000 0.8 50 0.4 1 0.8
1.00005241058767 50.995379837794 "experimento_50" 50 1000 1000 0.8 50 0.4 1 0.8
1.00034113653935 59.5707106314865 "experimento_50" 50 1000 1000 0.8 50 0.4 1 0.8
1.00025475448931 46.7294638425648 "experimento_50" 50 1000 1000 0.8 50 0.4 1 0.8
0.999109202530235 52.6534901697065 "experimento_50" 50 1000 1000 0.8 50 0.4 1 0.8
0.999547658953816 56.1225580739293 "experimento_50" 50 1000 1000 0.8 50 0.4 1 0.8
1.00014272705652 45.0536002248943 "experimento_50" 50 1000 1000 0.8 50 0.4 1 0.8
1.00021135048307 47.8856737448983 "experimento_50" 50 1000 1000 0.8 50 0.4 1 0.8
1.00023828936356 47.389202628434 "experimento_50" 50 1000 1000 0.8 50 0.4 1 0.8
1.00091176178306 52.8050648358502 "experimento_50" 50 1000 1000 0.8 50 0.4 1 0.8
1.00135957464397 54.5610680366199 "experimento_50" 50 1000 1000 0.8 50 0.4 1 0.8
1.0003956554257 50.3161363218886 "experimento_50" 50 1000 1000 0.8 50 0.4 1 0.8
1.0006738959925 56.4934071851223 "experimento_50" 50 1000 1000 0.8 50 0.4 1 0.8
1.00174267865539 45.1338681167784 "experimento_50" 50 1000 1000 0.8 50 0.4 1 0.8
1.00037030282339 47.3372733949711 "experimento_50" 50 1000 1000 0.8 50 0.4 1 0.8
1.02891568566072 65.3753754398712 "experimento_50" 50 1000 1000 0.8 50 0.4 1 0.8
1.00156631653952 49.4160858815229 "experimento_50" 50 1000 1000 0.8 50 0.4 1 0.8
1.00318536454177 47.3500685515962 "experimento_50" 50 1000 1000 0.8 50 0.4 1 0.8
0.999444373417646 54.8630580021067 "experimento_50" 50 1000 1000 0.8 50 0.4 1 0.8
1.00100097147748 50.3072066836315 "experimento_50" 50 1000 1000 0.8 50 0.4 1 0.8
1.00007005231455 50.2411963013479 "experimento_50" 50 1000 1000 0.8 50 0.4 1 0.8
0.999719004845247 48.4585774914246 "experimento_50" 50 1000 1000 0.8 50 0.4 1 0.8
0.999034849461168 45.8334569581488 "experimento_50" 50 1000 1000 0.8 50 0.4 1 0.8
1.00649626416154 50.7728659107579 "experimento_50" 50 1000 1000 0.8 50 0.4 1 0.8
1.0044192588795 54.6953864367314 "experimento_50" 50 1000 1000 0.8 50 0.4 1 0.8
1.00159019377448 51.231862920781 "experimento_50" 50 1000 1000 0.8 50 0.4 1 0.8
1.00024392540567 52.4571069041733 "experimento_50" 50 1000 1000 0.8 50 0.4 1 0.8
1.00194734198763 47.675305745059 "experimento_50" 50 1000 1000 0.8 50 0.4 1 0.8
1.00786500370748 43.5862817453846 "experimento_50" 50 1000 1000 0.8 50 0.4 1 0.8
1.0032311633788 61.8540123892201 "experimento_50" 50 1000 1000 0.8 50 0.4 1 0.8
0.999663870315999 49.165393560614 "experimento_50" 50 1000 1000 0.8 50 0.4 1 0.8
1.01700063572518 60.2121535468969 "experimento_50" 50 1000 1000 0.8 50 0.4 1 0.8
1.00013775342144 47.9416776188862 "experimento_50" 50 1000 1000 0.8 50 0.4 1 0.8
1.00007028663407 52.2264092382378 "experimento_50" 50 1000 1000 0.8 50 0.4 1 0.8
1.00026912556961 49.33786588581 "experimento_50" 50 1000 1000 0.8 50 0.4 1 0.8
1.00053417556818 50.4847376761168 "experimento_50" 50 1000 1000 0.8 50 0.4 1 0.8
1.00002651491327 49.7521800454998 "experimento_50" 50 1000 1000 0.8 50 0.4 1 0.8
1.01166940179653 57.9869291621155 "experimento_50" 50 1000 1000 0.8 50 0.4 1 0.8
1.00062622340655 46.6141493377236 "experimento_50" 50 1000 1000 0.8 50 0.4 1 0.8
1.01671494188931 66.5267919039132 "experimento_50" 50 1000 1000 0.8 50 0.4 1 0.8
1.00018386056647 48.3659687428102 "experimento_50" 50 1000 1000 0.8 50 0.4 1 0.8
1.00672943479381 51.3834347885562 "experimento_50" 50 1000 1000 0.8 50 0.4 1 0.8
1.01541692404137 55.0984037384001 "experimento_50" 50 1000 1000 0.8 50 0.4 1 0.8
0.999110294040293 52.323372617173 "experimento_50" 50 1000 1000 0.8 50 0.4 1 0.8
1.00616443966565 44.3510382877661 "experimento_50" 50 1000 1000 0.8 50 0.4 1 0.8
1.00490560263888 51.0388058325737 "experimento_50" 50 1000 1000 0.8 50 0.4 1 0.8
1.00103021691568 49.8470006862099 "experimento_50" 50 1000 1000 0.8 50 0.4 1 0.8
1.01631243048152 54.6560024571716 "experimento_50" 50 1000 1000 0.8 50 0.4 1 0.8
1.01079268393107 51.4178885746783 "experimento_50" 50 1000 1000 0.8 50 0.4 1 0.8
1.00018472182564 49.472002838686 "experimento_50" 50 1000 1000 0.8 50 0.4 1 0.8
1.00479569979943 50.1213275451582 "experimento_50" 50 1000 1000 0.8 50 0.4 1 0.8
1.00415190523521 47.5250604795124 "experimento_50" 50 1000 1000 0.8 50 0.4 1 0.8
1.00205459657422 60.2029479217837 "experimento_50" 50 1000 1000 0.8 50 0.4 1 0.8
0.999104864429682 50.8054986938502 "experimento_50" 50 1000 1000 0.8 50 0.4 1 0.8
1.0014134802408 54.1315673016828 "experimento_50" 50 1000 1000 0.8 50 0.4 1 0.8
1.00006392945535 51.5858650175134 "experimento_50" 50 1000 1000 0.8 50 0.4 1 0.8
1.01203367382288 43.7236763100234 "experimento_50" 50 1000 1000 0.8 50 0.4 1 0.8
1.00475229584861 50.0468871686644 "experimento_50" 50 1000 1000 0.8 50 0.4 1 0.8
1.00223935049959 49.5304484967314 "experimento_50" 50 1000 1000 0.8 50 0.4 1 0.8
1.00281368546188 46.4105054057637 "experimento_50" 50 1000 1000 0.8 50 0.4 1 0.8
1.01018840012141 45.959068541951 "experimento_50" 50 1000 1000 0.8 50 0.4 1 0.8
0.999846472404897 42.9987188070063 "experimento_50" 50 1000 1000 0.8 50 0.4 1 0.8
1.00372429030392 50.0181346917217 "experimento_50" 50 1000 1000 0.8 50 0.4 1 0.8
1.00433928830549 51.9597751889284 "experimento_50" 50 1000 1000 0.8 50 0.4 1 0.8
1.00630121885799 48.2032834186692 "experimento_50" 50 1000 1000 0.8 50 0.4 1 0.8
1.00485071001574 45.8296278386657 "experimento_50" 50 1000 1000 0.8 50 0.4 1 0.8
1.01589284513062 64.1957147977253 "experimento_50" 50 1000 1000 0.8 50 0.4 1 0.8
1.01680504454216 38.4834287589331 "experimento_50" 50 1000 1000 0.8 50 0.4 1 0.8
1.01172898125835 46.6072374090754 "experimento_50" 50 1000 1000 0.8 50 0.4 1 0.8
1.0048687438108 55.0358050809782 "experimento_50" 50 1000 1000 0.8 50 0.4 1 0.8
1.00004141226411 51.3219246364639 "experimento_50" 50 1000 1000 0.8 50 0.4 1 0.8
1.00085399165506 41.2863921791782 "experimento_50" 50 1000 1000 0.8 50 0.4 1 0.8
1.00008279059082 54.6142955618843 "experimento_50" 50 1000 1000 0.8 50 0.4 1 0.8
1.00879359551705 49.8120142111679 "experimento_50" 50 1000 1000 0.8 50 0.4 1 0.8
1.00317015059292 55.0827328550866 "experimento_50" 50 1000 1000 0.8 50 0.4 1 0.8
1.00015469232376 55.2621302617594 "experimento_50" 50 1000 1000 0.8 50 0.4 1 0.8
1.00617316894206 58.2599643177481 "experimento_50" 50 1000 1000 0.8 50 0.4 1 0.8
1.0000612053169 48.535194740461 "experimento_50" 50 1000 1000 0.8 50 0.4 1 0.8
1.00263774558902 42.6795553853131 "experimento_50" 50 1000 1000 0.8 50 0.4 1 0.8
0.999502249760553 44.9523544024692 "experimento_50" 50 1000 1000 0.8 50 0.4 1 0.8
0.999652614817023 48.0956387006905 "experimento_50" 50 1000 1000 0.8 50 0.4 1 0.8
1.00003957999629 46.4388022293668 "experimento_50" 50 1000 1000 0.8 50 0.4 1 0.8
1.01017586882226 51.8712921305942 "experimento_50" 50 1000 1000 0.8 50 0.4 1 0.8
1.01005980094895 53.6164711231349 "experimento_50" 50 1000 1000 0.8 50 0.4 1 0.8
1.00078615216388 52.8387517261155 "experimento_50" 50 1000 1000 0.8 50 0.4 1 0.8
1.00028908949213 51.1370046072403 "experimento_50" 50 1000 1000 0.8 50 0.4 1 0.8
1.00420111044499 56.1864535215795 "experimento_50" 50 1000 1000 0.8 50 0.4 1 0.8
1.00916404273361 50.8077668937827 "experimento_50" 50 1000 1000 0.8 50 0.4 1 0.8
1.00004672079321 47.9802700932911 "experimento_50" 50 1000 1000 0.8 50 0.4 1 0.8
1.00008832589533 47.8485311773415 "experimento_50" 50 1000 1000 0.8 50 0.4 1 0.8
1.00793765312802 48.1176106207904 "experimento_50" 50 1000 1000 0.8 50 0.4 1 0.8
1.00040024123199 47.9736816707663 "experimento_50" 50 1000 1000 0.8 50 0.4 1 0.8
1.00002483937889 47.3404088282342 "experimento_50" 50 1000 1000 0.8 50 0.4 1 0.8
0.999794443603605 50.8688314327069 "experimento_50" 50 1000 1000 0.8 50 0.4 1 0.8
1.00470829431899 49.4301278167184 "experimento_50" 50 1000 1000 0.8 50 0.4 1 0.8
1.00016565470025 51.3656397679233 "experimento_50" 50 1000 1000 0.8 50 0.4 1 0.8
1.00745035818778 53.7777414998178 "experimento_50" 50 1000 1000 0.8 50 0.4 1 0.8
0.999162397813052 53.3023369737624 "experimento_50" 50 1000 1000 0.8 50 0.4 1 0.8
0.9995321999304 46.6593938905621 "experimento_50" 50 1000 1000 0.8 50 0.4 1 0.8
1.00007007858181 46.7940959752789 "experimento_50" 50 1000 1000 0.8 50 0.4 1 0.8
1.00003083012998 44.2193890853869 "experimento_50" 50 1000 1000 0.8 50 0.4 1 0.8
1.00137840087526 53.4896865336201 "experimento_50" 50 1000 1000 0.8 50 0.4 1 0.8
1.01076504037205 45.3706096352425 "experimento_50" 50 1000 1000 0.8 50 0.4 1 0.8
1.00015300462421 49.2987677435176 "experimento_50" 50 1000 1000 0.8 50 0.4 1 0.8
0.999785598134622 46.9900934439765 "experimento_50" 50 1000 1000 0.8 50 0.4 1 0.8
1.00005916450499 53.3060465618345 "experimento_50" 50 1000 1000 0.8 50 0.4 1 0.8
1.00026348263957 45.8666230912449 "experimento_50" 50 1000 1000 0.8 50 0.4 1 0.8
1.00013253883459 51.8700159429793 "experimento_50" 50 1000 1000 0.8 50 0.4 1 0.8
0.999428731156513 49.1247384672732 "experimento_50" 50 1000 1000 0.8 50 0.4 1 0.8
1.00660242341459 53.2275934866643 "experimento_50" 50 1000 1000 0.8 50 0.4 1 0.8
1.00000029142015 57.1127107751392 "experimento_50" 50 1000 1000 0.8 50 0.4 1 0.8
1.00000290394761 47.4910171741782 "experimento_50" 50 1000 1000 0.8 50 0.4 1 0.8
1.00157004398294 50.6345973420899 "experimento_50" 50 1000 1000 0.8 50 0.4 1 0.8
1.00336665706709 44.4368494472196 "experimento_50" 50 1000 1000 0.8 50 0.4 1 0.8
0.999115090118721 47.655778196209 "experimento_50" 50 1000 1000 0.8 50 0.4 1 0.8
1.00017876079779 53.1052257690875 "experimento_50" 50 1000 1000 0.8 50 0.4 1 0.8
1.00001381993294 49.0627349484642 "experimento_50" 50 1000 1000 0.8 50 0.4 1 0.8
1.00017159516923 45.6703015125444 "experimento_50" 50 1000 1000 0.8 50 0.4 1 0.8
1.00085279122152 46.8142774734698 "experimento_50" 50 1000 1000 0.8 50 0.4 1 0.8
1.00138923287695 45.3311530008991 "experimento_50" 50 1000 1000 0.8 50 0.4 1 0.8
1.00278061946494 54.7301350113437 "experimento_50" 50 1000 1000 0.8 50 0.4 1 0.8
1.00113245486282 57.0327887995297 "experimento_50" 50 1000 1000 0.8 50 0.4 1 0.8
1.00123777891306 47.7201210433289 "experimento_50" 50 1000 1000 0.8 50 0.4 1 0.8
1.00079135581673 52.1637877185138 "experimento_50" 50 1000 1000 0.8 50 0.4 1 0.8
1.00022385621223 50.0716228025441 "experimento_50" 50 1000 1000 0.8 50 0.4 1 0.8
1.00036040214676 47.0368638138283 "experimento_50" 50 1000 1000 0.8 50 0.4 1 0.8
1.00719766805845 52.2846585116804 "experimento_50" 50 1000 1000 0.8 50 0.4 1 0.8
1.00136382567457 57.6421310991237 "experimento_50" 50 1000 1000 0.8 50 0.4 1 0.8
1.00064330670051 48.1825183992871 "experimento_50" 50 1000 1000 0.8 50 0.4 1 0.8
1.00149627387898 40.4713037062566 "experimento_50" 50 1000 1000 0.8 50 0.4 1 0.8
1.00059492317206 49.0368171769382 "experimento_50" 50 1000 1000 0.8 50 0.4 1 0.8
1.00881385994144 47.9753573681258 "experimento_50" 50 1000 1000 0.8 50 0.4 1 0.8
1.00347118652426 50.7452573382653 "experimento_50" 50 1000 1000 0.8 50 0.4 1 0.8
1.00054814015515 44.9432683412928 "experimento_50" 50 1000 1000 0.8 50 0.4 1 0.8
1.01171035885811 45.1265570711328 "experimento_50" 50 1000 1000 0.8 50 0.4 1 0.8
1.00151956825517 51.4344573609253 "experimento_50" 50 1000 1000 0.8 50 0.4 1 0.8
1.00005270835012 52.5002924396606 "experimento_50" 50 1000 1000 0.8 50 0.4 1 0.8
1.00024033859372 57.5901877343793 "experimento_50" 50 1000 1000 0.8 50 0.4 1 0.8
1.00095449695364 48.0094081063836 "experimento_50" 50 1000 1000 0.8 50 0.4 1 0.8
0.999534762930125 52.2742967570598 "experimento_50" 50 1000 1000 0.8 50 0.4 1 0.8
1.00236283082515 45.8033908512501 "experimento_50" 50 1000 1000 0.8 50 0.4 1 0.8
1.01740329796522 44.1049073646491 "experimento_50" 50 1000 1000 0.8 50 0.4 1 0.8
1.00091937801595 46.0781464292892 "experimento_50" 50 1000 1000 0.8 50 0.4 1 0.8
1.00009243061024 54.6744214423947 "experimento_50" 50 1000 1000 0.8 50 0.4 1 0.8
1.00016063738992 47.4311109586599 "experimento_50" 50 1000 1000 0.8 50 0.4 1 0.8
1.0068677293323 53.735020979447 "experimento_50" 50 1000 1000 0.8 50 0.4 1 0.8
1.00805774017237 52.0694832040571 "experimento_50" 50 1000 1000 0.8 50 0.4 1 0.8
0.999465537024662 48.2820956277299 "experimento_50" 50 1000 1000 0.8 50 0.4 1 0.8
1.01471541765993 49.6993875684765 "experimento_50" 50 1000 1000 0.8 50 0.4 1 0.8
1.00507035388611 52.3895803110075 "experimento_50" 50 1000 1000 0.8 50 0.4 1 0.8
1.00786286032759 41.505461600782 "experimento_50" 50 1000 1000 0.8 50 0.4 1 0.8
1.00039940351326 52.3714443678394 "experimento_50" 50 1000 1000 0.8 50 0.4 1 0.8
1.01375139558688 59.6527010930334 "experimento_50" 50 1000 1000 0.8 50 0.4 1 0.8
1.00005775972269 51.5553494514529 "experimento_50" 50 1000 1000 0.8 50 0.4 1 0.8
1.00020884064026 56.9599366800467 "experimento_50" 50 1000 1000 0.8 50 0.4 1 0.8
1.00005270649956 54.2702858777413 "experimento_50" 50 1000 1000 0.8 50 0.4 1 0.8
1.00965983211334 41.566295729625 "experimento_50" 50 1000 1000 0.8 50 0.4 1 0.8
1.005505071925 56.4734469373901 "experimento_50" 50 1000 1000 0.8 50 0.4 1 0.8
0.999486410757527 45.6732097652012 "experimento_50" 50 1000 1000 0.8 50 0.4 1 0.8
1.0000146464631 54.5985178788863 "experimento_50" 50 1000 1000 0.8 50 0.4 1 0.8
1.00008025468931 59.1990278776555 "experimento_50" 50 1000 1000 0.8 50 0.4 1 0.8
1.00604914832571 44.3138947022429 "experimento_50" 50 1000 1000 0.8 50 0.4 1 0.8
0.999571379506961 50.2832370056274 "experimento_50" 50 1000 1000 0.8 50 0.4 1 0.8
1.00465368041769 45.7924687757094 "experimento_50" 50 1000 1000 0.8 50 0.4 1 0.8
1.00065981183818 50.4843376785381 "experimento_50" 50 1000 1000 0.8 50 0.4 1 0.8
1.00030554903392 52.401208191775 "experimento_50" 50 1000 1000 0.8 50 0.4 1 0.8
0.999844243982807 47.2748066050439 "experimento_50" 50 1000 1000 0.8 50 0.4 1 0.8
1.00013268972164 53.0290012577298 "experimento_50" 50 1000 1000 0.8 50 0.4 1 0.8
1.00145859320757 45.4774901312759 "experimento_50" 50 1000 1000 0.8 50 0.4 1 0.8
1.01140972669236 50.8985567633056 "experimento_50" 50 1000 1000 0.8 50 0.4 1 0.8
1.0047041018866 57.1020374065499 "experimento_50" 50 1000 1000 0.8 50 0.4 1 0.8
1.00084743818268 55.6931424734929 "experimento_50" 50 1000 1000 0.8 50 0.4 1 0.8
1.00080774908885 48.2678188720201 "experimento_50" 50 1000 1000 0.8 50 0.4 1 0.8
0.999594280030578 53.4185354134241 "experimento_50" 50 1000 1000 0.8 50 0.4 1 0.8
1.00035165940754 52.5487410166862 "experimento_50" 50 1000 1000 0.8 50 0.4 1 0.8
1.00013109512627 48.37137361651 "experimento_50" 50 1000 1000 0.8 50 0.4 1 0.8
0.999420354608446 50.9089641977694 "experimento_50" 50 1000 1000 0.8 50 0.4 1 0.8
1.0003018989414 48.8078403063274 "experimento_50" 50 1000 1000 0.8 50 0.4 1 0.8
1.00123265624978 50.7262626861559 "experimento_50" 50 1000 1000 0.8 50 0.4 1 0.8
1.00497890023515 60.1782269834461 "experimento_50" 50 1000 1000 0.8 50 0.4 1 0.8
1.00053503353149 46.357999714496 "experimento_50" 50 1000 1000 0.8 50 0.4 1 0.8
1.00183311870322 47.4676286451229 "experimento_50" 50 1000 1000 0.8 50 0.4 1 0.8
1.0000379508175 48.9944047431472 "experimento_50" 50 1000 1000 0.8 50 0.4 1 0.8
1.00202100813389 51.3661094638363 "experimento_50" 50 1000 1000 0.8 50 0.4 1 0.8
1.00935394836505 59.7016651247968 "experimento_50" 50 1000 1000 0.8 50 0.4 1 0.8
1.0061276649663 53.862559468494 "experimento_50" 50 1000 1000 0.8 50 0.4 1 0.8
1.00004296837081 53.1110399991204 "experimento_50" 50 1000 1000 0.8 50 0.4 1 0.8
1.00677440146916 62.0928087921504 "experimento_50" 50 1000 1000 0.8 50 0.4 1 0.8
1.00018568435314 46.21036600762 "experimento_50" 50 1000 1000 0.8 50 0.4 1 0.8
0.999709822703153 49.3136711261969 "experimento_50" 50 1000 1000 0.8 50 0.4 1 0.8
1.0001066170074 43.9350788200147 "experimento_50" 50 1000 1000 0.8 50 0.4 1 0.8
1.00048571076788 45.1439680819148 "experimento_50" 50 1000 1000 0.8 50 0.4 1 0.8
1.01191225174814 74.1193246864812 "experimento_50" 50 1000 1000 0.8 50 0.4 1 0.8
1.00128941099242 48.9935195743374 "experimento_50" 50 1000 1000 0.8 50 0.4 1 0.8
1.0002450812608 47.3378624163331 "experimento_50" 50 1000 1000 0.8 50 0.4 1 0.8
1.00060271435417 47.5199369659837 "experimento_50" 50 1000 1000 0.8 50 0.4 1 0.8
1.00059620332904 50.4847017073876 "experimento_50" 50 1000 1000 0.8 50 0.4 1 0.8
0.999604252167046 50.4936284925973 "experimento_50" 50 1000 1000 0.8 50 0.4 1 0.8
0.998846340691671 51.5533627433117 "experimento_50" 50 1000 1000 0.8 50 0.4 1 0.8
1.0010668587964 51.6739241754857 "experimento_50" 50 1000 1000 0.8 50 0.4 1 0.8
1.01053828415461 56.0279234615047 "experimento_50" 50 1000 1000 0.8 50 0.4 1 0.8
1.01768818655644 55.3397008492908 "experimento_50" 50 1000 1000 0.8 50 0.4 1 0.8
1.00523040423975 48.2018319756608 "experimento_50" 50 1000 1000 0.8 50 0.4 1 0.8
0.999418509891257 44.612957500716 "experimento_50" 50 1000 1000 0.8 50 0.4 1 0.8
1.00841496595182 51.3763753981582 "experimento_50" 50 1000 1000 0.8 50 0.4 1 0.8
1.00747806443752 44.7214478200675 "experimento_50" 50 1000 1000 0.8 50 0.4 1 0.8
1.00183302957263 57.849830088785 "experimento_50" 50 1000 1000 0.8 50 0.4 1 0.8
0.999610352097079 48.105581771114 "experimento_50" 50 1000 1000 0.8 50 0.4 1 0.8
1.00405405014778 47.5787602484514 "experimento_50" 50 1000 1000 0.8 50 0.4 1 0.8
1.0065774755273 58.9621610491468 "experimento_50" 50 1000 1000 0.8 50 0.4 1 0.8
0.99993118760176 50.1241811736097 "experimento_50" 50 1000 1000 0.8 50 0.4 1 0.8
1.00046575244746 46.8310738033247 "experimento_50" 50 1000 1000 0.8 50 0.4 1 0.8
1.00302641943097 49.7639667978148 "experimento_50" 50 1000 1000 0.8 50 0.4 1 0.8
1.00638577709906 47.3779185141669 "experimento_50" 50 1000 1000 0.8 50 0.4 1 0.8
1.00003022381311 51.8667307333694 "experimento_50" 50 1000 1000 0.8 50 0.4 1 0.8
1.00653419199527 57.2408826518772 "experimento_50" 50 1000 1000 0.8 50 0.4 1 0.8
1.00004900403321 51.1033553201018 "experimento_50" 50 1000 1000 0.8 50 0.4 1 0.8
1.00576670231661 48.4659889754159 "experimento_50" 50 1000 1000 0.8 50 0.4 1 0.8
1.00152736094206 46.5354936877715 "experimento_50" 50 1000 1000 0.8 50 0.4 1 0.8
1.01033468969166 48.0468847666433 "experimento_50" 50 1000 1000 0.8 50 0.4 1 0.8
1.00983294668607 47.6955683874705 "experimento_50" 50 1000 1000 0.8 50 0.4 1 0.8
1.02202955135992 61.9791568738812 "experimento_50" 50 1000 1000 0.8 50 0.4 1 0.8
0.999681506305933 47.7481679766332 "experimento_50" 50 1000 1000 0.8 50 0.4 1 0.8
1.00218237852678 46.256120639404 "experimento_50" 50 1000 1000 0.8 50 0.4 1 0.8
1.00027868470726 47.1239107471132 "experimento_50" 50 1000 1000 0.8 50 0.4 1 0.8
1.00904404798523 47.8832729009729 "experimento_50" 50 1000 1000 0.8 50 0.4 1 0.8
0.998708876781166 51.4788929495634 "experimento_50" 50 1000 1000 0.8 50 0.4 1 0.8
1.00447456003167 51.0883577503347 "experimento_50" 50 1000 1000 0.8 50 0.4 1 0.8
0.999679806409404 47.3547890957362 "experimento_50" 50 1000 1000 0.8 50 0.4 1 0.8
1.01242490493692 50.0575917617674 "experimento_50" 50 1000 1000 0.8 50 0.4 1 0.8
1.00114112837452 58.1756968066634 "experimento_50" 50 1000 1000 0.8 50 0.4 1 0.8
1.00010785730161 53.915042726838 "experimento_50" 50 1000 1000 0.8 50 0.4 1 0.8
1.00019116844051 50.3532755056945 "experimento_50" 50 1000 1000 0.8 50 0.4 1 0.8
1.01511351097291 60.508933909791 "experimento_50" 50 1000 1000 0.8 50 0.4 1 0.8
1.00309085675293 51.8825019355857 "experimento_50" 50 1000 1000 0.8 50 0.4 1 0.8
1.00000184511766 53.1970924444385 "experimento_50" 50 1000 1000 0.8 50 0.4 1 0.8
1.00117883132771 48.4903330987601 "experimento_50" 50 1000 1000 0.8 50 0.4 1 0.8
1.00025618297979 45.5010663690135 "experimento_50" 50 1000 1000 0.8 50 0.4 1 0.8
1.00120605885896 50.8841540221555 "experimento_50" 50 1000 1000 0.8 50 0.4 1 0.8
1.00089169232175 54.4332942878342 "experimento_50" 50 1000 1000 0.8 50 0.4 1 0.8
1.00392546360381 51.7254415379848 "experimento_50" 50 1000 1000 0.8 50 0.4 1 0.8
1.00005898207426 51.9242095728148 "experimento_50" 50 1000 1000 0.8 50 0.4 1 0.8
0.999621580354869 48.3240473659341 "experimento_50" 50 1000 1000 0.8 50 0.4 1 0.8
1.00965847311541 66.6215015676069 "experimento_50" 50 1000 1000 0.8 50 0.4 1 0.8
1.00019994028844 52.6677442675071 "experimento_50" 50 1000 1000 0.8 50 0.4 1 0.8
1.0004731135536 50.9369098389778 "experimento_50" 50 1000 1000 0.8 50 0.4 1 0.8
1.00002250572268 53.6879263494927 "experimento_50" 50 1000 1000 0.8 50 0.4 1 0.8
1.00036386559717 51.0527681992477 "experimento_50" 50 1000 1000 0.8 50 0.4 1 0.8
0.999853434972465 51.1004464035795 "experimento_50" 50 1000 1000 0.8 50 0.4 1 0.8
0.999684591777623 49.9934010352077 "experimento_50" 50 1000 1000 0.8 50 0.4 1 0.8
1.00415201107209 48.3630010704085 "experimento_50" 50 1000 1000 0.8 50 0.4 1 0.8
1.000119819846 48.7582204839883 "experimento_50" 50 1000 1000 0.8 50 0.4 1 0.8
1.00006076263264 59.8554635632804 "experimento_50" 50 1000 1000 0.8 50 0.4 1 0.8
1.00139781718142 50.1444162677882 "experimento_50" 50 1000 1000 0.8 50 0.4 1 0.8
1.00816815434955 52.695408703681 "experimento_50" 50 1000 1000 0.8 50 0.4 1 0.8
1.00009069762193 49.3536893463194 "experimento_50" 50 1000 1000 0.8 50 0.4 1 0.8
1.000306545645 48.2028685624745 "experimento_50" 50 1000 1000 0.8 50 0.4 1 0.8
1.00011173182167 48.351524401269 "experimento_50" 50 1000 1000 0.8 50 0.4 1 0.8
0.999512343667448 48.1842593912457 "experimento_50" 50 1000 1000 0.8 50 0.4 1 0.8
1.01740725129692 58.1904681832275 "experimento_50" 50 1000 1000 0.8 50 0.4 1 0.8
1.00031990849413 53.1725128385152 "experimento_50" 50 1000 1000 0.8 50 0.4 1 0.8
1.00046770729125 47.0357372944122 "experimento_50" 50 1000 1000 0.8 50 0.4 1 0.8
1.00602570279159 44.3321982467261 "experimento_50" 50 1000 1000 0.8 50 0.4 1 0.8
1.00007070800943 53.6293750773385 "experimento_50" 50 1000 1000 0.8 50 0.4 1 0.8
1.00141591842286 54.6213157229012 "experimento_50" 50 1000 1000 0.8 50 0.4 1 0.8
1.0000069011189 47.3671279866815 "experimento_50" 50 1000 1000 0.8 50 0.4 1 0.8
0.998676760587841 48.2341247622447 "experimento_50" 50 1000 1000 0.8 50 0.4 1 0.8
1.00076732143063 51.3410793042761 "experimento_50" 50 1000 1000 0.8 50 0.4 1 0.8
0.998934801667929 46.4248794696104 "experimento_50" 50 1000 1000 0.8 50 0.4 1 0.8
1.00026736872271 51.2335403512857 "experimento_50" 50 1000 1000 0.8 50 0.4 1 0.8
1.00525669640861 49.4868667634215 "experimento_50" 50 1000 1000 0.8 50 0.4 1 0.8
1.00033551651984 57.9034772716768 "experimento_50" 50 1000 1000 0.8 50 0.4 1 0.8
1.0002859868804 51.0766552078082 "experimento_50" 50 1000 1000 0.8 50 0.4 1 0.8
0.999616158660501 50.3931779680763 "experimento_50" 50 1000 1000 0.8 50 0.4 1 0.8
1.00023378055543 50.8859070548611 "experimento_50" 50 1000 1000 0.8 50 0.4 1 0.8
1.00568407345563 50.2071455442004 "experimento_50" 50 1000 1000 0.8 50 0.4 1 0.8
0.999484906205907 50.5138541411859 "experimento_50" 50 1000 1000 0.8 50 0.4 1 0.8
1.00006596512161 50.827906351519 "experimento_50" 50 1000 1000 0.8 50 0.4 1 0.8
0.999375233193859 50.7026392879582 "experimento_50" 50 1000 1000 0.8 50 0.4 1 0.8
1.00091142841615 51.2558192198141 "experimento_50" 50 1000 1000 0.8 50 0.4 1 0.8
1.00424527332648 54.5974676841296 "experimento_50" 50 1000 1000 0.8 50 0.4 1 0.8
1.0004379388941 52.6663738041635 "experimento_50" 50 1000 1000 0.8 50 0.4 1 0.8
1.00451737251133 48.2156780312281 "experimento_50" 50 1000 1000 0.8 50 0.4 1 0.8
1.00541278966703 43.077058291123 "experimento_50" 50 1000 1000 0.8 50 0.4 1 0.8
1.0072392013669 41.9347888339563 "experimento_50" 50 1000 1000 0.8 50 0.4 1 0.8
1.00091836158815 49.7265078856559 "experimento_50" 50 1000 1000 0.8 50 0.4 1 0.8
1.01123019424565 44.0000967217228 "experimento_50" 50 1000 1000 0.8 50 0.4 1 0.8
1.00122422247194 44.7162567998658 "experimento_50" 50 1000 1000 0.8 50 0.4 1 0.8
1.00000630011782 44.6987108153051 "experimento_50" 50 1000 1000 0.8 50 0.4 1 0.8
1.00065610730089 45.9504288636191 "experimento_50" 50 1000 1000 0.8 50 0.4 1 0.8
1.00150924690999 50.2060531313198 "experimento_50" 50 1000 1000 0.8 50 0.4 1 0.8
1.00015884669066 52.1500530521835 "experimento_50" 50 1000 1000 0.8 50 0.4 1 0.8
1.00133914236911 54.9668008337168 "experimento_50" 50 1000 1000 0.8 50 0.4 1 0.8
1.01102182740346 54.7182467916976 "experimento_50" 50 1000 1000 0.8 50 0.4 1 0.8
0.999682259513065 51.3539509770518 "experimento_50" 50 1000 1000 0.8 50 0.4 1 0.8
0.99984766333364 52.3373080898337 "experimento_50" 50 1000 1000 0.8 50 0.4 1 0.8
1.00045799293572 51.4523628260437 "experimento_50" 50 1000 1000 0.8 50 0.4 1 0.8
1.01987516330471 51.636549494154 "experimento_50" 50 1000 1000 0.8 50 0.4 1 0.8
1.00997236044146 55.8434251926428 "experimento_50" 50 1000 1000 0.8 50 0.4 1 0.8
1.00017177471831 52.1124593045743 "experimento_50" 50 1000 1000 0.8 50 0.4 1 0.8
1.00426767817006 53.3324632658299 "experimento_50" 50 1000 1000 0.8 50 0.4 1 0.8
1.00020415665582 49.6400533926842 "experimento_50" 50 1000 1000 0.8 50 0.4 1 0.8
0.998743213480338 46.4189174135641 "experimento_50" 50 1000 1000 0.8 50 0.4 1 0.8
1.03924248777162 82.3813808775683 "experimento_50" 50 1000 1000 0.8 50 0.4 1 0.8
1.00076822159602 51.8761864021833 "experimento_50" 50 1000 1000 0.8 50 0.4 1 0.8
0.999006369616836 50.7477501854371 "experimento_50" 50 1000 1000 0.8 50 0.4 1 0.8
1.0145043171375 54.4268898474889 "experimento_50" 50 1000 1000 0.8 50 0.4 1 0.8
1.01455757533615 54.2443283225016 "experimento_50" 50 1000 1000 0.8 50 0.4 1 0.8
1.02104406670629 46.267532116177 "experimento_50" 50 1000 1000 0.8 50 0.4 1 0.8
1.00120760465972 49.9966729337441 "experimento_50" 50 1000 1000 0.8 50 0.4 1 0.8
1.00001266250387 44.2816331415409 "experimento_50" 50 1000 1000 0.8 50 0.4 1 0.8
1.02233695818027 72.3173496337379 "experimento_50" 50 1000 1000 0.8 50 0.4 1 0.8
1.00003115287051 52.342227560584 "experimento_50" 50 1000 1000 0.8 50 0.4 1 0.8
0.999408311676234 46.798843444663 "experimento_50" 50 1000 1000 0.8 50 0.4 1 0.8
1.00006908600219 46.3992940170824 "experimento_50" 50 1000 1000 0.8 50 0.4 1 0.8
1.01107596891001 59.9307230392692 "experimento_50" 50 1000 1000 0.8 50 0.4 1 0.8
0.999772555194795 50.497455920285 "experimento_50" 50 1000 1000 0.8 50 0.4 1 0.8
1.00443051367067 47.6121148955369 "experimento_50" 50 1000 1000 0.8 50 0.4 1 0.8
0.999903560848907 52.3296060512481 "experimento_50" 50 1000 1000 0.8 50 0.4 1 0.8
1.00007598234341 51.3133654841992 "experimento_50" 50 1000 1000 0.8 50 0.4 1 0.8
1.01476503702896 51.4180062432672 "experimento_50" 50 1000 1000 0.8 50 0.4 1 0.8
1.00049692404448 49.3413577327131 "experimento_50" 50 1000 1000 0.8 50 0.4 1 0.8
1.01265256706625 58.5149684571298 "experimento_50" 50 1000 1000 0.8 50 0.4 1 0.8
1.02332881580954 71.766665174461 "experimento_50" 50 1000 1000 0.8 50 0.4 1 0.8
1.00002935116179 54.4865863967132 "experimento_50" 50 1000 1000 0.8 50 0.4 1 0.8
1.00004224012983 50.517436539546 "experimento_50" 50 1000 1000 0.8 50 0.4 1 0.8
1.00072009311989 47.6021539306104 "experimento_50" 50 1000 1000 0.8 50 0.4 1 0.8
1.0262090656898 61.1472091506904 "experimento_50" 50 1000 1000 0.8 50 0.4 1 0.8
1.00011362756424 60.744754156528 "experimento_50" 50 1000 1000 0.8 50 0.4 1 0.8
1.00008383248247 51.5550629650318 "experimento_50" 50 1000 1000 0.8 50 0.4 1 0.8
1.00028068768063 53.564528569681 "experimento_50" 50 1000 1000 0.8 50 0.4 1 0.8
1.00013326730565 50.8008503616929 "experimento_50" 50 1000 1000 0.8 50 0.4 1 0.8
1.00184600860812 51.0740517029151 "experimento_50" 50 1000 1000 0.8 50 0.4 1 0.8
0.999330866383389 44.7336351194632 "experimento_50" 50 1000 1000 0.8 50 0.4 1 0.8
1.00021256875247 42.4098362656235 "experimento_50" 50 1000 1000 0.8 50 0.4 1 0.8
1.0010184909677 52.9065776807176 "experimento_50" 50 1000 1000 0.8 50 0.4 1 0.8
1.00029743555933 43.6306387797228 "experimento_50" 50 1000 1000 0.8 50 0.4 1 0.8
1.00001934509271 51.9147375217567 "experimento_50" 50 1000 1000 0.8 50 0.4 1 0.8
1.0054948114045 52.4300671720988 "experimento_50" 50 1000 1000 0.8 50 0.4 1 0.8
0.999492104863748 49.4408191310085 "experimento_50" 50 1000 1000 0.8 50 0.4 1 0.8
1.00147232466591 49.4146159461162 "experimento_50" 50 1000 1000 0.8 50 0.4 1 0.8
0.999616992427036 49.1232380239418 "experimento_50" 50 1000 1000 0.8 50 0.4 1 0.8
1.00003420435448 50.3795381441007 "experimento_50" 50 1000 1000 0.8 50 0.4 1 0.8
1.01092313714325 49.0448773150415 "experimento_50" 50 1000 1000 0.8 50 0.4 1 0.8
1.00008466350045 48.203299020779 "experimento_50" 50 1000 1000 0.8 50 0.4 1 0.8
1.00117529818788 52.3111062748245 "experimento_50" 50 1000 1000 0.8 50 0.4 1 0.8
1.00001785921864 47.954873270149 "experimento_50" 50 1000 1000 0.8 50 0.4 1 0.8
1.00051738616973 55.0849176260384 "experimento_50" 50 1000 1000 0.8 50 0.4 1 0.8
1.00003206901252 53.9203178184298 "experimento_50" 50 1000 1000 0.8 50 0.4 1 0.8
1.01289018709213 48.0307247852641 "experimento_50" 50 1000 1000 0.8 50 0.4 1 0.8
1.0007585115172 49.6318455225957 "experimento_50" 50 1000 1000 0.8 50 0.4 1 0.8
1.00205366443183 52.5614304910585 "experimento_50" 50 1000 1000 0.8 50 0.4 1 0.8
1.00045583322114 49.061225714683 "experimento_50" 50 1000 1000 0.8 50 0.4 1 0.8
1.00325057440457 52.0003385584989 "experimento_50" 50 1000 1000 0.8 50 0.4 1 0.8
1.01213788034394 57.7087284209672 "experimento_50" 50 1000 1000 0.8 50 0.4 1 0.8
0.999867920065299 42.0466418699692 "experimento_50" 50 1000 1000 0.8 50 0.4 1 0.8
1.00026857514866 47.7591778471614 "experimento_50" 50 1000 1000 0.8 50 0.4 1 0.8
1.00001440502822 47.0876405848606 "experimento_50" 50 1000 1000 0.8 50 0.4 1 0.8
1.0076338403482 43.7674756185481 "experimento_50" 50 1000 1000 0.8 50 0.4 1 0.8
1.00168338700735 48.6160605494607 "experimento_50" 50 1000 1000 0.8 50 0.4 1 0.8
1.00023081279682 50.6744545268735 "experimento_50" 50 1000 1000 0.8 50 0.4 1 0.8
1.0078815573534 52.8003907151454 "experimento_50" 50 1000 1000 0.8 50 0.4 1 0.8
1.01228733375154 53.0071209589957 "experimento_50" 50 1000 1000 0.8 50 0.4 1 0.8
1.00285534415394 49.3514216328234 "experimento_50" 50 1000 1000 0.8 50 0.4 1 0.8
1.00974754218012 45.8432090813926 "experimento_50" 50 1000 1000 0.8 50 0.4 1 0.8
1.00034327094911 48.6835721188463 "experimento_50" 50 1000 1000 0.8 50 0.4 1 0.8
1.01435606532631 56.0151693537467 "experimento_50" 50 1000 1000 0.8 50 0.4 1 0.8
1.00005639619771 54.1723420338433 "experimento_50" 50 1000 1000 0.8 50 0.4 1 0.8
1.00094456551597 60.8372287459887 "experimento_50" 50 1000 1000 0.8 50 0.4 1 0.8
1.00003178410817 47.6614661905752 "experimento_50" 50 1000 1000 0.8 50 0.4 1 0.8
0.999840883305296 51.8326679106175 "experimento_50" 50 1000 1000 0.8 50 0.4 1 0.8
1.00469756079838 51.7614529659219 "experimento_50" 50 1000 1000 0.8 50 0.4 1 0.8
1.00057563255541 55.7299856516609 "experimento_50" 50 1000 1000 0.8 50 0.4 1 0.8
1.00047722487755 50.2917085775004 "experimento_50" 50 1000 1000 0.8 50 0.4 1 0.8
1.00200230062426 54.2369273046274 "experimento_50" 50 1000 1000 0.8 50 0.4 1 0.8
1.00009327061419 56.2024768671117 "experimento_50" 50 1000 1000 0.8 50 0.4 1 0.8
0.999879628652707 54.3176879867666 "experimento_50" 50 1000 1000 0.8 50 0.4 1 0.8
1.00034530657344 53.9568325304301 "experimento_50" 50 1000 1000 0.8 50 0.4 1 0.8
1.00013200956397 47.1153313094856 "experimento_50" 50 1000 1000 0.8 50 0.4 1 0.8
0.999662050744519 51.3656308410808 "experimento_50" 50 1000 1000 0.8 50 0.4 1 0.8
1.02485810544804 42.940729156976 "experimento_50" 50 1000 1000 0.8 50 0.4 1 0.8
1.00019383785306 55.1748692247866 "experimento_50" 50 1000 1000 0.8 50 0.4 1 0.8
0.999342760303989 46.2707642106004 "experimento_50" 50 1000 1000 0.8 50 0.4 1 0.8
1.00446358599746 42.541289909117 "experimento_50" 50 1000 1000 0.8 50 0.4 1 0.8
1.00009464589967 57.7497575885271 "experimento_50" 50 1000 1000 0.8 50 0.4 1 0.8
1.00225282269077 46.7188137582079 "experimento_50" 50 1000 1000 0.8 50 0.4 1 0.8
0.999624164542183 55.498169599868 "experimento_50" 50 1000 1000 0.8 50 0.4 1 0.8
1.00024833261035 47.1161819517223 "experimento_50" 50 1000 1000 0.8 50 0.4 1 0.8
1.00076293691453 49.9759173931942 "experimento_50" 50 1000 1000 0.8 50 0.4 1 0.8
1.00104247756302 54.8195671895413 "experimento_50" 50 1000 1000 0.8 50 0.4 1 0.8
1.01852788828047 65.7470661177127 "experimento_50" 50 1000 1000 0.8 50 0.4 1 0.8
1.01023993824609 48.9131480200829 "experimento_50" 50 1000 1000 0.8 50 0.4 1 0.8
1.00294941288419 45.076601397607 "experimento_50" 50 1000 1000 0.8 50 0.4 1 0.8
1.00255970994011 61.1681191932195 "experimento_50" 50 1000 1000 0.8 50 0.4 1 0.8
1.00005923359655 47.7007396091764 "experimento_50" 50 1000 1000 0.8 50 0.4 1 0.8
1.01260817943141 66.6166032308448 "experimento_50" 50 1000 1000 0.8 50 0.4 1 0.8
1.00015942017548 51.329380963838 "experimento_50" 50 1000 1000 0.8 50 0.4 1 0.8
1.00056356008421 47.9004300871199 "experimento_50" 50 1000 1000 0.8 50 0.4 1 0.8
1.00008232965047 49.8398782546017 "experimento_50" 50 1000 1000 0.8 50 0.4 1 0.8
1.00007652941203 47.1367190430096 "experimento_50" 50 1000 1000 0.8 50 0.4 1 0.8
1.00160454471596 53.9551414826476 "experimento_50" 50 1000 1000 0.8 50 0.4 1 0.8
1.00174640899524 46.8738536636124 "experimento_50" 50 1000 1000 0.8 50 0.4 1 0.8
1.00057163415477 48.457327102922 "experimento_50" 50 1000 1000 0.8 50 0.4 1 0.8
1.00924149719067 43.3627330415624 "experimento_50" 50 1000 1000 0.8 50 0.4 1 0.8
0.99907634453848 46.2296540127911 "experimento_50" 50 1000 1000 0.8 50 0.4 1 0.8
1.00073956830427 48.8787183333851 "experimento_50" 50 1000 1000 0.8 50 0.4 1 0.8
1.02481738939182 77.9837495133369 "experimento_50" 50 1000 1000 0.8 50 0.4 1 0.8
1.00581197388699 48.1386302506367 "experimento_50" 50 1000 1000 0.8 50 0.4 1 0.8
0.999701508786529 46.8905818497079 "experimento_50" 50 1000 1000 0.8 50 0.4 1 0.8
1.0037113496817 44.990547324268 "experimento_50" 50 1000 1000 0.8 50 0.4 1 0.8
1.0034782599299 46.0765847523254 "experimento_50" 50 1000 1000 0.8 50 0.4 1 0.8
1.00546363113448 44.2574966654533 "experimento_50" 50 1000 1000 0.8 50 0.4 1 0.8
1.00002981519327 47.6533748346175 "experimento_50" 50 1000 1000 0.8 50 0.4 1 0.8
1.00000113432988 52.9063105017121 "experimento_50" 50 1000 1000 0.8 50 0.4 1 0.8
0.999315270455554 47.7197908758833 "experimento_50" 50 1000 1000 0.8 50 0.4 1 0.8
1.00567098553431 53.9679875431077 "experimento_50" 50 1000 1000 0.8 50 0.4 1 0.8
1.00014021518831 51.1070214787814 "experimento_50" 50 1000 1000 0.8 50 0.4 1 0.8
1.00007703127377 53.4718583013218 "experimento_50" 50 1000 1000 0.8 50 0.4 1 0.8
0.999569558305666 51.6913161558476 "experimento_50" 50 1000 1000 0.8 50 0.4 1 0.8
1.01076637914404 51.1478015709714 "experimento_50" 50 1000 1000 0.8 50 0.4 1 0.8
1.00211979134744 52.6699334506141 "experimento_50" 50 1000 1000 0.8 50 0.4 1 0.8
1.00614323940128 52.0433381734715 "experimento_50" 50 1000 1000 0.8 50 0.4 1 0.8
1.00013561045791 50.543430906402 "experimento_50" 50 1000 1000 0.8 50 0.4 1 0.8
1.00775208935142 47.00255152549 "experimento_50" 50 1000 1000 0.8 50 0.4 1 0.8
0.99964511860162 52.0403008544282 "experimento_50" 50 1000 1000 0.8 50 0.4 1 0.8
1.00464852361802 52.4171924470939 "experimento_50" 50 1000 1000 0.8 50 0.4 1 0.8
0.999428891576827 47.6283623470635 "experimento_50" 50 1000 1000 0.8 50 0.4 1 0.8
1.00002224320591 53.2850293869953 "experimento_50" 50 1000 1000 0.8 50 0.4 1 0.8
1.00773496548645 63.2753053184628 "experimento_50" 50 1000 1000 0.8 50 0.4 1 0.8
1.00459821881184 58.9440774252956 "experimento_50" 50 1000 1000 0.8 50 0.4 1 0.8
0.999822192592546 56.7104757541011 "experimento_50" 50 1000 1000 0.8 50 0.4 1 0.8
1.02920254483193 48.6172000375265 "experimento_50" 50 1000 1000 0.8 50 0.4 1 0.8
1.00815165531705 51.95568672721 "experimento_50" 50 1000 1000 0.8 50 0.4 1 0.8
1.00012557923794 47.4296546092443 "experimento_50" 50 1000 1000 0.8 50 0.4 1 0.8
1.00017132468522 50.3255206440944 "experimento_50" 50 1000 1000 0.8 50 0.4 1 0.8
1.00019839572668 47.0193643965047 "experimento_50" 50 1000 1000 0.8 50 0.4 1 0.8
0.999847764382139 49.5088844374098 "experimento_50" 50 1000 1000 0.8 50 0.4 1 0.8
1.00000501047393 57.2473484410984 "experimento_50" 50 1000 1000 0.8 50 0.4 1 0.8
1.01363632692024 60.1831836407213 "experimento_50" 50 1000 1000 0.8 50 0.4 1 0.8
1.00216085934114 48.1013263751582 "experimento_50" 50 1000 1000 0.8 50 0.4 1 0.8
1.00048975485377 58.324181793494 "experimento_50" 50 1000 1000 0.8 50 0.4 1 0.8
1.00056544862688 58.0903838393208 "experimento_50" 50 1000 1000 0.8 50 0.4 1 0.8
1.02277575189164 64.8190759249957 "experimento_50" 50 1000 1000 0.8 50 0.4 1 0.8
1.0000034139316 45.1036933137122 "experimento_50" 50 1000 1000 0.8 50 0.4 1 0.8
1.00778214029968 50.7143913634826 "experimento_50" 50 1000 1000 0.8 50 0.4 1 0.8
0.999751299619675 46.9461915070009 "experimento_50" 50 1000 1000 0.8 50 0.4 1 0.8
1.00806209567003 52.9689419627237 "experimento_50" 50 1000 1000 0.8 50 0.4 1 0.8
1.00034167880939 45.5247242437311 "experimento_50" 50 1000 1000 0.8 50 0.4 1 0.8
1.00426967718638 49.7646175432774 "experimento_50" 50 1000 1000 0.8 50 0.4 1 0.8
1.00321073576808 50.4567344697287 "experimento_50" 50 1000 1000 0.8 50 0.4 1 0.8
0.99931967863813 49.4309154338835 "experimento_50" 50 1000 1000 0.8 50 0.4 1 0.8
0.999771112808958 44.8716661882067 "experimento_50" 50 1000 1000 0.8 50 0.4 1 0.8
1.00464380798645 49.868601723105 "experimento_50" 50 1000 1000 0.8 50 0.4 1 0.8
0.999669050099328 48.3910934834975 "experimento_50" 50 1000 1000 0.8 50 0.4 1 0.8
0.999658995773643 51.8842553585941 "experimento_50" 50 1000 1000 0.8 50 0.4 1 0.8
1.00500251875259 51.4200714710057 "experimento_50" 50 1000 1000 0.8 50 0.4 1 0.8
1.0045334277302 49.6487148500819 "experimento_50" 50 1000 1000 0.8 50 0.4 1 0.8
1.00537444833666 47.7433438865117 "experimento_50" 50 1000 1000 0.8 50 0.4 1 0.8
1.00021105615422 55.0615143634459 "experimento_50" 50 1000 1000 0.8 50 0.4 1 0.8
1.00011475731076 52.9655864537209 "experimento_50" 50 1000 1000 0.8 50 0.4 1 0.8
1.00009083750542 50.4748436195253 "experimento_50" 50 1000 1000 0.8 50 0.4 1 0.8
1.00184335990049 60.0424670050035 "experimento_50" 50 1000 1000 0.8 50 0.4 1 0.8
1.0333276620863 78.0626258595339 "experimento_50" 50 1000 1000 0.8 50 0.4 1 0.8
1.00474316803617 53.4546435165882 "experimento_50" 50 1000 1000 0.8 50 0.4 1 0.8
1.0004156044987 49.2848231011619 "experimento_50" 50 1000 1000 0.8 50 0.4 1 0.8
1.00596813748857 42.2407493210463 "experimento_50" 50 1000 1000 0.8 50 0.4 1 0.8
1.00071565972641 48.2860279575112 "experimento_50" 50 1000 1000 0.8 50 0.4 1 0.8
1.01530746892247 55.2010669345252 "experimento_50" 50 1000 1000 0.8 50 0.4 1 0.8
1.00062215714715 51.0295727407167 "experimento_50" 50 1000 1000 0.8 50 0.4 1 0.8
1.00031115694903 54.6014599403623 "experimento_50" 50 1000 1000 0.8 50 0.4 1 0.8
1.00321256532254 49.2046391319935 "experimento_50" 50 1000 1000 0.8 50 0.4 1 0.8
1.0096050665459 50.3898885125807 "experimento_50" 50 1000 1000 0.8 50 0.4 1 0.8
1.00921360387435 57.1811838722525 "experimento_50" 50 1000 1000 0.8 50 0.4 1 0.8
1.02994361279123 48.4257145629081 "experimento_50" 50 1000 1000 0.8 50 0.4 1 0.8
0.999840452801436 46.3478734100158 "experimento_50" 50 1000 1000 0.8 50 0.4 1 0.8
1.01092116585933 57.5445522956718 "experimento_50" 50 1000 1000 0.8 50 0.4 1 0.8
1.00415260891326 53.9462206479678 "experimento_50" 50 1000 1000 0.8 50 0.4 1 0.8
1.00751058192924 53.7278024639812 "experimento_50" 50 1000 1000 0.8 50 0.4 1 0.8
1.00041578638367 52.2870118904911 "experimento_50" 50 1000 1000 0.8 50 0.4 1 0.8
1.00013872269793 45.8982636588951 "experimento_50" 50 1000 1000 0.8 50 0.4 1 0.8
1.00006933060334 56.2029746122672 "experimento_50" 50 1000 1000 0.8 50 0.4 1 0.8
1.00726337499917 53.2821467085059 "experimento_50" 50 1000 1000 0.8 50 0.4 1 0.8
1.00000703716651 44.9939391523953 "experimento_50" 50 1000 1000 0.8 50 0.4 1 0.8
1.00006566538475 56.545684385571 "experimento_50" 50 1000 1000 0.8 50 0.4 1 0.8
1.00000572372228 49.8330864796298 "experimento_50" 50 1000 1000 0.8 50 0.4 1 0.8
1.01210960400291 50.7264945346161 "experimento_50" 50 1000 1000 0.8 50 0.4 1 0.8
1.0007454555837 54.0726091670223 "experimento_50" 50 1000 1000 0.8 50 0.4 1 0.8
1.01186733969487 56.8363771344734 "experimento_50" 50 1000 1000 0.8 50 0.4 1 0.8
1.00012698468752 52.4940757281028 "experimento_50" 50 1000 1000 0.8 50 0.4 1 0.8
1.00376658614725 50.695168862338 "experimento_50" 50 1000 1000 0.8 50 0.4 1 0.8
1.00928445165046 44.6264725451114 "experimento_50" 50 1000 1000 0.8 50 0.4 1 0.8
1.00118501591496 49.7569262241023 "experimento_50" 50 1000 1000 0.8 50 0.4 1 0.8
1.00157339213416 51.9835549528145 "experimento_50" 50 1000 1000 0.8 50 0.4 1 0.8
1.00011037625372 54.6250955811426 "experimento_50" 50 1000 1000 0.8 50 0.4 1 0.8
1.00023777769878 52.3509493390893 "experimento_50" 50 1000 1000 0.8 50 0.4 1 0.8
1.00012780997902 48.7006989043201 "experimento_50" 50 1000 1000 0.8 50 0.4 1 0.8
1.01559319674885 44.971152018884 "experimento_50" 50 1000 1000 0.8 50 0.4 1 0.8
1.00020827632044 42.1054747789687 "experimento_50" 50 1000 1000 0.8 50 0.4 1 0.8
1.01175081691705 58.5791909227686 "experimento_50" 50 1000 1000 0.8 50 0.4 1 0.8
1.00011984255165 56.4343082688577 "experimento_50" 50 1000 1000 0.8 50 0.4 1 0.8
1.01467569703152 48.2251749808783 "experimento_50" 50 1000 1000 0.8 50 0.4 1 0.8
1.00173696090773 47.4567051316516 "experimento_50" 50 1000 1000 0.8 50 0.4 1 0.8
1.00046056809313 47.5714852915171 "experimento_50" 50 1000 1000 0.8 50 0.4 1 0.8
1.00893072100356 45.6179621203653 "experimento_50" 50 1000 1000 0.8 50 0.4 1 0.8
1.01654603628358 55.9704522197829 "experimento_50" 50 1000 1000 0.8 50 0.4 1 0.8
1.0006928093452 52.9363312388587 "experimento_50" 50 1000 1000 0.8 50 0.4 1 0.8
1.00012479291297 41.5877699071925 "experimento_50" 50 1000 1000 0.8 50 0.4 1 0.8
1.0065136240609 46.825994287772 "experimento_50" 50 1000 1000 0.8 50 0.4 1 0.8
1.00007879730314 49.3149378594857 "experimento_50" 50 1000 1000 0.8 50 0.4 1 0.8
1.00371422819793 48.5464644260095 "experimento_50" 50 1000 1000 0.8 50 0.4 1 0.8
1.00096632589586 48.392685887632 "experimento_50" 50 1000 1000 0.8 50 0.4 1 0.8
1.00942117935978 51.6095509386074 "experimento_50" 50 1000 1000 0.8 50 0.4 1 0.8
1.00141308006832 58.1601328644838 "experimento_50" 50 1000 1000 0.8 50 0.4 1 0.8
1.00023392882198 47.4390678735239 "experimento_50" 50 1000 1000 0.8 50 0.4 1 0.8
1.00047718516551 54.9900932075465 "experimento_50" 50 1000 1000 0.8 50 0.4 1 0.8
1.00036582309753 49.3557006383887 "experimento_50" 50 1000 1000 0.8 50 0.4 1 0.8
1.00459045033673 47.2566113159051 "experimento_50" 50 1000 1000 0.8 50 0.4 1 0.8
1.00445445799269 49.2983531577087 "experimento_50" 50 1000 1000 0.8 50 0.4 1 0.8
0.998878036625683 53.0940590451586 "experimento_50" 50 1000 1000 0.8 50 0.4 1 0.8
0.998842567903921 49.1764980223842 "experimento_50" 50 1000 1000 0.8 50 0.4 1 0.8
0.999779421370476 46.4703615751558 "experimento_50" 50 1000 1000 0.8 50 0.4 1 0.8
1.01154738175683 50.5673811724554 "experimento_50" 50 1000 1000 0.8 50 0.4 1 0.8
1.014244145359 42.4613314663369 "experimento_50" 50 1000 1000 0.8 50 0.4 1 0.8
1.0132606881205 48.2302644236947 "experimento_50" 50 1000 1000 0.8 50 0.4 1 0.8
1.00100381559692 56.0273232928205 "experimento_50" 50 1000 1000 0.8 50 0.4 1 0.8
1.01372226156294 56.0199723434486 "experimento_50" 50 1000 1000 0.8 50 0.4 1 0.8
1.00389368847013 52.174645011062 "experimento_50" 50 1000 1000 0.8 50 0.4 1 0.8
1.00619074859241 48.9342244642804 "experimento_50" 50 1000 1000 0.8 50 0.4 1 0.8
1.00569760981947 45.8651089143745 "experimento_50" 50 1000 1000 0.8 50 0.4 1 0.8
1.00006810008548 51.0675513003916 "experimento_50" 50 1000 1000 0.8 50 0.4 1 0.8
0.999758611433208 48.0474852928428 "experimento_50" 50 1000 1000 0.8 50 0.4 1 0.8
1.00007427553845 51.1785196733695 "experimento_50" 50 1000 1000 0.8 50 0.4 1 0.8
1.00081792090088 44.6495703009991 "experimento_50" 50 1000 1000 0.8 50 0.4 1 0.8
1.00004712303169 45.7939767273011 "experimento_50" 50 1000 1000 0.8 50 0.4 1 0.8
1.00323816710468 46.8651658284985 "experimento_50" 50 1000 1000 0.8 50 0.4 1 0.8
1.00002785334467 59.5530426368469 "experimento_50" 50 1000 1000 0.8 50 0.4 1 0.8
1.00283025261015 54.0399561229457 "experimento_50" 50 1000 1000 0.8 50 0.4 1 0.8
1.00001834562048 50.1483952178231 "experimento_50" 50 1000 1000 0.8 50 0.4 1 0.8
0.999053079169244 45.9768069313071 "experimento_50" 50 1000 1000 0.8 50 0.4 1 0.8
1.00295839223079 49.0927922745892 "experimento_50" 50 1000 1000 0.8 50 0.4 1 0.8
1.00096815393922 58.0744901575863 "experimento_50" 50 1000 1000 0.8 50 0.4 1 0.8
1.01466331579695 55.4443043090442 "experimento_50" 50 1000 1000 0.8 50 0.4 1 0.8
1.00083846942522 49.3630538223477 "experimento_50" 50 1000 1000 0.8 50 0.4 1 0.8
1.00343834552914 45.7253806505072 "experimento_50" 50 1000 1000 0.8 50 0.4 1 0.8
1.00097423145548 47.1302875727757 "experimento_50" 50 1000 1000 0.8 50 0.4 1 0.8
0.999813263304532 46.1645248583742 "experimento_50" 50 1000 1000 0.8 50 0.4 1 0.8
1.00228843167424 48.9536019043056 "experimento_50" 50 1000 1000 0.8 50 0.4 1 0.8
1.0090561438445 51.7684765107606 "experimento_50" 50 1000 1000 0.8 50 0.4 1 0.8
1.00009656722657 52.9306617264958 "experimento_50" 50 1000 1000 0.8 50 0.4 1 0.8
1.00772723169066 54.0433147325 "experimento_50" 50 1000 1000 0.8 50 0.4 1 0.8
1.0091533221025 43.1381772459546 "experimento_50" 50 1000 1000 0.8 50 0.4 1 0.8
1.00473618770018 57.5356119692864 "experimento_50" 50 1000 1000 0.8 50 0.4 1 0.8
1.00021191264503 55.4278706946197 "experimento_50" 50 1000 1000 0.8 50 0.4 1 0.8
1.01495385527527 53.6489013465896 "experimento_50" 50 1000 1000 0.8 50 0.4 1 0.8
1.00279014330548 49.0457112332163 "experimento_50" 50 1000 1000 0.8 50 0.4 1 0.8
0.999594253255054 54.657918233661 "experimento_50" 50 1000 1000 0.8 50 0.4 1 0.8
1.00020778696053 55.6480228768335 "experimento_50" 50 1000 1000 0.8 50 0.4 1 0.8
1.01181959100068 56.616662500813 "experimento_50" 50 1000 1000 0.8 50 0.4 1 0.8
1.00202080401202 54.6078729314091 "experimento_50" 50 1000 1000 0.8 50 0.4 1 0.8
0.999805113533512 52.4549872533531 "experimento_50" 50 1000 1000 0.8 50 0.4 1 0.8
0.999239080585539 46.5499780130369 "experimento_50" 50 1000 1000 0.8 50 0.4 1 0.8
1.0039764332585 51.3867521667389 "experimento_50" 50 1000 1000 0.8 50 0.4 1 0.8
1.00179574595764 50.318790270126 "experimento_50" 50 1000 1000 0.8 50 0.4 1 0.8
1.00348498049405 54.0626134406863 "experimento_50" 50 1000 1000 0.8 50 0.4 1 0.8
1.00630826526322 45.2674844855843 "experimento_50" 50 1000 1000 0.8 50 0.4 1 0.8
1.00021966998776 51.7494518935195 "experimento_50" 50 1000 1000 0.8 50 0.4 1 0.8
1.00004668280942 48.0606837742093 "experimento_50" 50 1000 1000 0.8 50 0.4 1 0.8
1.00002771798709 52.4541803612361 "experimento_50" 50 1000 1000 0.8 50 0.4 1 0.8
1.00103916900147 52.2806452070834 "experimento_50" 50 1000 1000 0.8 50 0.4 1 0.8
1.00020264821297 50.1793598942914 "experimento_50" 50 1000 1000 0.8 50 0.4 1 0.8
1.00633824255317 59.6361059286716 "experimento_50" 50 1000 1000 0.8 50 0.4 1 0.8
1.00116504137583 51.8839492933916 "experimento_50" 50 1000 1000 0.8 50 0.4 1 0.8
1.00301184355281 44.1245989829588 "experimento_50" 50 1000 1000 0.8 50 0.4 1 0.8
1.00874228673056 48.1626937596892 "experimento_50" 50 1000 1000 0.8 50 0.4 1 0.8
1.00032541354717 51.3140864198088 "experimento_50" 50 1000 1000 0.8 50 0.4 1 0.8
1.00440691795488 47.6262440738802 "experimento_50" 50 1000 1000 0.8 50 0.4 1 0.8
1.00308612449095 56.05546235974 "experimento_50" 50 1000 1000 0.8 50 0.4 1 0.8
1.0075710917078 42.7801932671154 "experimento_50" 50 1000 1000 0.8 50 0.4 1 0.8
1.0050956018572 51.1490645041014 "experimento_50" 50 1000 1000 0.8 50 0.4 1 0.8
1.00257762012142 48.7739609255429 "experimento_50" 50 1000 1000 0.8 50 0.4 1 0.8
1.00395184866153 44.8299960156712 "experimento_50" 50 1000 1000 0.8 50 0.4 1 0.8
0.999123549554497 48.337575751183 "experimento_50" 50 1000 1000 0.8 50 0.4 1 0.8
1.00116314351633 52.5336851256726 "experimento_50" 50 1000 1000 0.8 50 0.4 1 0.8
1.00008014720952 52.0096633081402 "experimento_50" 50 1000 1000 0.8 50 0.4 1 0.8
1.0147797577958 58.1712028445001 "experimento_50" 50 1000 1000 0.8 50 0.4 1 0.8
1.00226662815548 47.0422843335998 "experimento_50" 50 1000 1000 0.8 50 0.4 1 0.8
1.00747762909159 50.1245884383466 "experimento_50" 50 1000 1000 0.8 50 0.4 1 0.8
0.999074522405863 47.9404900035419 "experimento_50" 50 1000 1000 0.8 50 0.4 1 0.8
0.99947430123575 46.4017364880816 "experimento_50" 50 1000 1000 0.8 50 0.4 1 0.8
1.00034922774881 52.3387133370289 "experimento_50" 50 1000 1000 0.8 50 0.4 1 0.8
1.00516014000401 46.8674111840065 "experimento_50" 50 1000 1000 0.8 50 0.4 1 0.8
1.0100897976663 61.2454804616534 "experimento_50" 50 1000 1000 0.8 50 0.4 1 0.8
1.0001517470762 51.1730263616549 "experimento_50" 50 1000 1000 0.8 50 0.4 1 0.8
1.00012282073798 47.0338262354436 "experimento_50" 50 1000 1000 0.8 50 0.4 1 0.8
1.00149708067998 52.08461815128 "experimento_50" 50 1000 1000 0.8 50 0.4 1 0.8
1.00683758921921 53.0482399184816 "experimento_50" 50 1000 1000 0.8 50 0.4 1 0.8
1.01880361625841 54.2545781690832 "experimento_50" 50 1000 1000 0.8 50 0.4 1 0.8
1.00313865572662 55.588727915272 "experimento_50" 50 1000 1000 0.8 50 0.4 1 0.8
1.00004892271989 48.2477243259516 "experimento_50" 50 1000 1000 0.8 50 0.4 1 0.8
1.00000298175306 47.2626734636442 "experimento_50" 50 1000 1000 0.8 50 0.4 1 0.8
1.00277157187462 51.1805816453065 "experimento_50" 50 1000 1000 0.8 50 0.4 1 0.8
1.00003873713315 50.2515264878482 "experimento_50" 50 1000 1000 0.8 50 0.4 1 0.8
1.00120057660884 47.9020738882761 "experimento_50" 50 1000 1000 0.8 50 0.4 1 0.8
1.00488208563998 44.6947029192687 "experimento_50" 50 1000 1000 0.8 50 0.4 1 0.8
1.00709557880647 55.0870766001462 "experimento_50" 50 1000 1000 0.8 50 0.4 1 0.8
1.01249636925757 54.964308972291 "experimento_50" 50 1000 1000 0.8 50 0.4 1 0.8
1.01223033471033 48.859560795531 "experimento_50" 50 1000 1000 0.8 50 0.4 1 0.8
1.00097551401439 44.6433756205122 "experimento_50" 50 1000 1000 0.8 50 0.4 1 0.8
1.00057830375619 56.2866667820711 "experimento_50" 50 1000 1000 0.8 50 0.4 1 0.8
1.00004118047321 45.6346231810177 "experimento_50" 50 1000 1000 0.8 50 0.4 1 0.8
1.00431197729353 45.4971580809737 "experimento_50" 50 1000 1000 0.8 50 0.4 1 0.8
0.999815264949575 45.9865557649248 "experimento_50" 50 1000 1000 0.8 50 0.4 1 0.8
1.0009867138895 44.2114477383563 "experimento_50" 50 1000 1000 0.8 50 0.4 1 0.8
1.00025529039092 51.9616280285892 "experimento_50" 50 1000 1000 0.8 50 0.4 1 0.8
1.00005585079081 47.7702157817597 "experimento_50" 50 1000 1000 0.8 50 0.4 1 0.8
1.00058206471141 51.7010869258381 "experimento_50" 50 1000 1000 0.8 50 0.4 1 0.8
1.00205539293587 51.3076152950136 "experimento_50" 50 1000 1000 0.8 50 0.4 1 0.8
1.02954031952586 52.4271937108774 "experimento_50" 50 1000 1000 0.8 50 0.4 1 0.8
1.00468935472891 41.8402350524622 "experimento_50" 50 1000 1000 0.8 50 0.4 1 0.8
1.00004328457099 59.4103352176234 "experimento_50" 50 1000 1000 0.8 50 0.4 1 0.8
1.00118787454441 47.5421591206741 "experimento_50" 50 1000 1000 0.8 50 0.4 1 0.8
0.999774509109557 42.7711611031654 "experimento_50" 50 1000 1000 0.8 50 0.4 1 0.8
0.999605863820761 50.6854556656093 "experimento_50" 50 1000 1000 0.8 50 0.4 1 0.8
1.00007422338821 49.2909459763958 "experimento_50" 50 1000 1000 0.8 50 0.4 1 0.8
1.00142935843207 53.5251722028369 "experimento_50" 50 1000 1000 0.8 50 0.4 1 0.8
1.00068334107349 45.3488094772007 "experimento_50" 50 1000 1000 0.8 50 0.4 1 0.8
1.00178357437253 54.8307869660105 "experimento_50" 50 1000 1000 0.8 50 0.4 1 0.8
1.00008616998945 45.9712723401839 "experimento_50" 50 1000 1000 0.8 50 0.4 1 0.8
1.00015329503454 48.9481195558785 "experimento_50" 50 1000 1000 0.8 50 0.4 1 0.8
1.00310318957646 61.3764493870145 "experimento_50" 50 1000 1000 0.8 50 0.4 1 0.8
1.00000592107885 49.7844398352631 "experimento_50" 50 1000 1000 0.8 50 0.4 1 0.8
1.00997116665356 55.6027505471288 "experimento_50" 50 1000 1000 0.8 50 0.4 1 0.8
1.02239447753792 53.7240701963911 "experimento_50" 50 1000 1000 0.8 50 0.4 1 0.8
1.00011841233353 49.9640237849853 "experimento_50" 50 1000 1000 0.8 50 0.4 1 0.8
0.999962224625051 47.9842310794639 "experimento_50" 50 1000 1000 0.8 50 0.4 1 0.8
1.00006367975659 53.1881985435892 "experimento_50" 50 1000 1000 0.8 50 0.4 1 0.8
1.00009626313113 49.8703296513998 "experimento_50" 50 1000 1000 0.8 50 0.4 1 0.8
1.01149990470149 40.9374981122071 "experimento_50" 50 1000 1000 0.8 50 0.4 1 0.8
1.00470989589579 46.7314096431618 "experimento_50" 50 1000 1000 0.8 50 0.4 1 0.8
1.00333080001175 53.4362719340711 "experimento_50" 50 1000 1000 0.8 50 0.4 1 0.8
1.01791818661531 52.5277465683877 "experimento_50" 50 1000 1000 0.8 50 0.4 1 0.8
1.00334345855762 49.3720716419949 "experimento_50" 50 1000 1000 0.8 50 0.4 1 0.8
1.00020035899588 59.2478913162618 "experimento_50" 50 1000 1000 0.8 50 0.4 1 0.8
1.00697950160131 46.1840440190641 "experimento_50" 50 1000 1000 0.8 50 0.4 1 0.8
1.00608326320536 51.9262569756614 "experimento_50" 50 1000 1000 0.8 50 0.4 1 0.8
0.999199115438387 44.9000524000767 "experimento_50" 50 1000 1000 0.8 50 0.4 1 0.8
0.999157610116526 46.7283748361203 "experimento_50" 50 1000 1000 0.8 50 0.4 1 0.8
1.00002361311725 47.0349942023883 "experimento_50" 50 1000 1000 0.8 50 0.4 1 0.8
1.01136432511732 58.2920513109886 "experimento_50" 50 1000 1000 0.8 50 0.4 1 0.8
1.0051455022303 53.6777296823309 "experimento_50" 50 1000 1000 0.8 50 0.4 1 0.8
1.00123238250734 41.933450072341 "experimento_50" 50 1000 1000 0.8 50 0.4 1 0.8
0.998982635093853 51.8575983945029 "experimento_50" 50 1000 1000 0.8 50 0.4 1 0.8
1.00026141597889 53.8073683057077 "experimento_50" 50 1000 1000 0.8 50 0.4 1 0.8
1.00007715641521 45.960255487913 "experimento_50" 50 1000 1000 0.8 50 0.4 1 0.8
1.00009084433317 48.3908706962009 "experimento_50" 50 1000 1000 0.8 50 0.4 1 0.8
1.00042104847729 53.4558700442799 "experimento_50" 50 1000 1000 0.8 50 0.4 1 0.8
1.00156724093482 49.7880827547292 "experimento_50" 50 1000 1000 0.8 50 0.4 1 0.8
1.00138829547984 51.6450084960458 "experimento_50" 50 1000 1000 0.8 50 0.4 1 0.8
1.00447879810818 54.8445230679367 "experimento_50" 50 1000 1000 0.8 50 0.4 1 0.8
1.01355568828993 46.6310768996696 "experimento_50" 50 1000 1000 0.8 50 0.4 1 0.8
1.00892689976841 41.5183261727845 "experimento_50" 50 1000 1000 0.8 50 0.4 1 0.8
1.00695584108036 64.1277902579564 "experimento_50" 50 1000 1000 0.8 50 0.4 1 0.8
1.0003798862928 50.3186971728052 "experimento_50" 50 1000 1000 0.8 50 0.4 1 0.8
1.01522214937871 49.8515328473442 "experimento_50" 50 1000 1000 0.8 50 0.4 1 0.8
1.00012161266059 51.1093178183382 "experimento_50" 50 1000 1000 0.8 50 0.4 1 0.8
1.00600195857696 55.2540452585691 "experimento_50" 50 1000 1000 0.8 50 0.4 1 0.8
1.00399424027347 54.2221510765412 "experimento_50" 50 1000 1000 0.8 50 0.4 1 0.8
1.01486152546396 61.1750358311416 "experimento_50" 50 1000 1000 0.8 50 0.4 1 0.8
1.00064434885979 52.2824553447508 "experimento_50" 50 1000 1000 0.8 50 0.4 1 0.8
1.00247829456814 52.6472318543533 "experimento_50" 50 1000 1000 0.8 50 0.4 1 0.8
1.00021076027304 49.9429171130688 "experimento_50" 50 1000 1000 0.8 50 0.4 1 0.8
1.00586931526661 42.6039014680975 "experimento_50" 50 1000 1000 0.8 50 0.4 1 0.8
1.0016317094559 53.7374946118117 "experimento_50" 50 1000 1000 0.8 50 0.4 1 0.8
1.00019772053647 51.1324146328101 "experimento_50" 50 1000 1000 0.8 50 0.4 1 0.8
1.00308072161861 51.9152864195373 "experimento_50" 50 1000 1000 0.8 50 0.4 1 0.8
1.00099251445718 48.2677778977497 "experimento_50" 50 1000 1000 0.8 50 0.4 1 0.8
1.00592234637588 44.8543121575943 "experimento_50" 50 1000 1000 0.8 50 0.4 1 0.8
1.00413251373114 54.3595998444804 "experimento_50" 50 1000 1000 0.8 50 0.4 1 0.8
1.009050684385 53.5242193825276 "experimento_50" 50 1000 1000 0.8 50 0.4 1 0.8
1.00017854783618 55.7606907071251 "experimento_50" 50 1000 1000 0.8 50 0.4 1 0.8
1.00206081848176 52.839786028576 "experimento_50" 50 1000 1000 0.8 50 0.4 1 0.8
1.00404372054152 48.8258902083567 "experimento_50" 50 1000 1000 0.8 50 0.4 1 0.8
1.00028005518951 54.7316513980079 "experimento_50" 50 1000 1000 0.8 50 0.4 1 0.8
1.00716054472141 52.8341631296082 "experimento_50" 50 1000 1000 0.8 50 0.4 1 0.8
1.00367419088259 45.1136488281379 "experimento_50" 50 1000 1000 0.8 50 0.4 1 0.8
1.00003670684993 44.468107998182 "experimento_50" 50 1000 1000 0.8 50 0.4 1 0.8
0.99925173423253 47.5687705534085 "experimento_50" 50 1000 1000 0.8 50 0.4 1 0.8
1.01537487379819 43.1231259026952 "experimento_50" 50 1000 1000 0.8 50 0.4 1 0.8
1.00113910064133 48.54193137503 "experimento_50" 50 1000 1000 0.8 50 0.4 1 0.8
1.00006536971554 50.6511288387113 "experimento_50" 50 1000 1000 0.8 50 0.4 1 0.8
1.00678739600815 57.5751814479271 "experimento_50" 50 1000 1000 0.8 50 0.4 1 0.8
0.999203235376626 46.7678116209965 "experimento_50" 50 1000 1000 0.8 50 0.4 1 0.8
1.00198326825164 45.7336274675362 "experimento_50" 50 1000 1000 0.8 50 0.4 1 0.8
1.00043858239457 49.0049760106262 "experimento_50" 50 1000 1000 0.8 50 0.4 1 0.8
0.999747124500573 49.4818202291411 "experimento_50" 50 1000 1000 0.8 50 0.4 1 0.8
1.01312899455428 60.9937020001117 "experimento_50" 50 1000 1000 0.8 50 0.4 1 0.8
1.00021783426183 48.8714066713967 "experimento_50" 50 1000 1000 0.8 50 0.4 1 0.8
0.999257251853123 45.7781533176727 "experimento_50" 50 1000 1000 0.8 50 0.4 1 0.8
0.998630805872381 47.8391613414155 "experimento_50" 50 1000 1000 0.8 50 0.4 1 0.8
1.00052614744251 48.1472759185225 "experimento_50" 50 1000 1000 0.8 50 0.4 1 0.8
1.00058286111857 59.5849482001962 "experimento_50" 50 1000 1000 0.8 50 0.4 1 0.8
1.00003611555736 48.1094163516932 "experimento_50" 50 1000 1000 0.8 50 0.4 1 0.8
1.00228066778742 53.0365358377997 "experimento_50" 50 1000 1000 0.8 50 0.4 1 0.8
1.00622783223167 46.4655574622972 "experimento_50" 50 1000 1000 0.8 50 0.4 1 0.8
0.999480048427358 46.3859455177679 "experimento_50" 50 1000 1000 0.8 50 0.4 1 0.8
1.01077710398473 52.8811740858005 "experimento_50" 50 1000 1000 0.8 50 0.4 1 0.8
1.00337761893444 52.9813036160912 "experimento_50" 50 1000 1000 0.8 50 0.4 1 0.8
1.00014587419108 53.181817410604 "experimento_50" 50 1000 1000 0.8 50 0.4 1 0.8
1.01168296494521 51.1960106798069 "experimento_50" 50 1000 1000 0.8 50 0.4 1 0.8
1.00068004516663 55.2197311779731 "experimento_50" 50 1000 1000 0.8 50 0.4 1 0.8
0.999636475462466 54.8026647362778 "experimento_50" 50 1000 1000 0.8 50 0.4 1 0.8
0.998753984458745 46.7787735952969 "experimento_50" 50 1000 1000 0.8 50 0.4 1 0.8
1.0000521016026 46.1689902482343 "experimento_50" 50 1000 1000 0.8 50 0.4 1 0.8
1.00802458289079 45.4972754080807 "experimento_50" 50 1000 1000 0.8 50 0.4 1 0.8
1.00069456929341 47.0878728820548 "experimento_50" 50 1000 1000 0.8 50 0.4 1 0.8
1.00187918719836 49.813463902315 "experimento_50" 50 1000 1000 0.8 50 0.4 1 0.8
1.01404602352446 54.2011120279197 "experimento_50" 50 1000 1000 0.8 50 0.4 1 0.8
1.00253993788734 53.8308376276738 "experimento_50" 50 1000 1000 0.8 50 0.4 1 0.8
1.00800318643451 52.321074278193 "experimento_50" 50 1000 1000 0.8 50 0.4 1 0.8
1.00310757538304 46.4183290281664 "experimento_50" 50 1000 1000 0.8 50 0.4 1 0.8
1.00230990368873 54.7826627452237 "experimento_50" 50 1000 1000 0.8 50 0.4 1 0.8
1.00042138196528 50.0356715190294 "experimento_50" 50 1000 1000 0.8 50 0.4 1 0.8
1.00003178911284 51.1126548562761 "experimento_50" 50 1000 1000 0.8 50 0.4 1 0.8
1.01579983547421 43.6138710734497 "experimento_50" 50 1000 1000 0.8 50 0.4 1 0.8
1.00006873890758 52.1149957319428 "experimento_50" 50 1000 1000 0.8 50 0.4 1 0.8
1.00031256812973 45.0403555498047 "experimento_50" 50 1000 1000 0.8 50 0.4 1 0.8
0.999855063157156 49.9051515192087 "experimento_50" 50 1000 1000 0.8 50 0.4 1 0.8
1.0092070561368 57.6867598425712 "experimento_50" 50 1000 1000 0.8 50 0.4 1 0.8
1.0007283159066 47.5986470877513 "experimento_50" 50 1000 1000 0.8 50 0.4 1 0.8
0.999448626069352 49.2504325015427 "experimento_50" 50 1000 1000 0.8 50 0.4 1 0.8
1.02187691195019 36.3239786035103 "experimento_50" 50 1000 1000 0.8 50 0.4 1 0.8
1.01823238054206 46.704042153444 "experimento_50" 50 1000 1000 0.8 50 0.4 1 0.8
1.00004362943582 49.1757413414154 "experimento_50" 50 1000 1000 0.8 50 0.4 1 0.8
0.999358352506533 44.2594879197443 "experimento_50" 50 1000 1000 0.8 50 0.4 1 0.8
1.0002359043248 50.8417114328505 "experimento_50" 50 1000 1000 0.8 50 0.4 1 0.8
1.00556172414683 55.1468885731468 "experimento_50" 50 1000 1000 0.8 50 0.4 1 0.8
1.00014333986473 45.9533431508693 "experimento_50" 50 1000 1000 0.8 50 0.4 1 0.8
1.01566788786938 43.1198209870281 "experimento_50" 50 1000 1000 0.8 50 0.4 1 0.8
1.01621238436466 64.5326799631801 "experimento_50" 50 1000 1000 0.8 50 0.4 1 0.8
1.00080124835484 54.5472904061067 "experimento_50" 50 1000 1000 0.8 50 0.4 1 0.8
1.00002140177414 59.1088869317082 "experimento_50" 50 1000 1000 0.8 50 0.4 1 0.8
1.00140629983507 52.239231547163 "experimento_50" 50 1000 1000 0.8 50 0.4 1 0.8
1.00004315009341 44.7859253670547 "experimento_50" 50 1000 1000 0.8 50 0.4 1 0.8
1.00008525174562 48.3450583352689 "experimento_50" 50 1000 1000 0.8 50 0.4 1 0.8
1.00290300472639 47.5283798794319 "experimento_50" 50 1000 1000 0.8 50 0.4 1 0.8
1.00914441249333 46.2201805841361 "experimento_50" 50 1000 1000 0.8 50 0.4 1 0.8
0.99908183561638 50.8643714062976 "experimento_50" 50 1000 1000 0.8 50 0.4 1 0.8
1.00000354384725 45.6298864695064 "experimento_50" 50 1000 1000 0.8 50 0.4 1 0.8
0.9992346749641 48.0510504239472 "experimento_50" 50 1000 1000 0.8 50 0.4 1 0.8
0.999400936765596 42.6040236377715 "experimento_50" 50 1000 1000 0.8 50 0.4 1 0.8
1.00001908564228 50.4451466454535 "experimento_50" 50 1000 1000 0.8 50 0.4 1 0.8
1.01147798846476 56.1217246099223 "experimento_50" 50 1000 1000 0.8 50 0.4 1 0.8
1.00840962817892 52.7785159772632 "experimento_50" 50 1000 1000 0.8 50 0.4 1 0.8
0.998395414324477 49.4310471705144 "experimento_50" 50 1000 1000 0.8 50 0.4 1 0.8
1.02282341746156 43.7087123210286 "experimento_50" 50 1000 1000 0.8 50 0.4 1 0.8
1.01787438719277 59.0726060002635 "experimento_50" 50 1000 1000 0.8 50 0.4 1 0.8
1.00010245020568 51.5654028806969 "experimento_50" 50 1000 1000 0.8 50 0.4 1 0.8
1.00702445346862 49.9342025970887 "experimento_50" 50 1000 1000 0.8 50 0.4 1 0.8
1.00000602761284 51.735209163695 "experimento_50" 50 1000 1000 0.8 50 0.4 1 0.8
1.00108167994767 41.7432042711265 "experimento_50" 50 1000 1000 0.8 50 0.4 1 0.8
1.00000486889854 54.4429026550073 "experimento_50" 50 1000 1000 0.8 50 0.4 1 0.8
1.0010095329769 49.4560414064987 "experimento_50" 50 1000 1000 0.8 50 0.4 1 0.8
1.01138339949772 57.7077848825002 "experimento_50" 50 1000 1000 0.8 50 0.4 1 0.8
1.01490090403237 49.4721081916728 "experimento_50" 50 1000 1000 0.8 50 0.4 1 0.8
0.999035871587694 47.7278617367128 "experimento_50" 50 1000 1000 0.8 50 0.4 1 0.8
1.00052287833217 49.8656793703926 "experimento_50" 50 1000 1000 0.8 50 0.4 1 0.8
1.00010094998404 47.5439105169822 "experimento_50" 50 1000 1000 0.8 50 0.4 1 0.8
1.01938205337068 55.1258645604806 "experimento_50" 50 1000 1000 0.8 50 0.4 1 0.8
1.00175515763968 47.1213532877796 "experimento_50" 50 1000 1000 0.8 50 0.4 1 0.8
1.02530744207939 71.0945377821578 "experimento_50" 50 1000 1000 0.8 50 0.4 1 0.8
1.00007290516049 46.1314183695694 "experimento_50" 50 1000 1000 0.8 50 0.4 1 0.8
1.01489499147897 54.1394830724236 "experimento_50" 50 1000 1000 0.8 50 0.4 1 0.8
1.00287931480445 57.6947062020342 "experimento_50" 50 1000 1000 0.8 50 0.4 1 0.8
1.00745123558678 58.5683693198983 "experimento_50" 50 1000 1000 0.8 50 0.4 1 0.8
1.00540022680536 49.4836086145333 "experimento_50" 50 1000 1000 0.8 50 0.4 1 0.8
1.00198533656076 47.6500621907683 "experimento_50" 50 1000 1000 0.8 50 0.4 1 0.8
1.00007738563232 47.9355349393544 "experimento_50" 50 1000 1000 0.8 50 0.4 1 0.8
1.00005872372538 50.3217297791049 "experimento_50" 50 1000 1000 0.8 50 0.4 1 0.8
1.01304814628325 56.4927621369306 "experimento_50" 50 1000 1000 0.8 50 0.4 1 0.8
1.00249669525772 47.1666009344985 "experimento_50" 50 1000 1000 0.8 50 0.4 1 0.8
0.999219838296995 43.2296444901695 "experimento_50" 50 1000 1000 0.8 50 0.4 1 0.8
1.00028430853039 51.1082143992869 "experimento_50" 50 1000 1000 0.8 50 0.4 1 0.8
1.00013162414861 43.6624447110449 "experimento_50" 50 1000 1000 0.8 50 0.4 1 0.8
1.00484662796371 55.4056018191121 "experimento_50" 50 1000 1000 0.8 50 0.4 1 0.8
1.00001808408781 51.2553540265736 "experimento_50" 50 1000 1000 0.8 50 0.4 1 0.8
0.998713181586936 49.1065918481653 "experimento_50" 50 1000 1000 0.8 50 0.4 1 0.8
1.00544064060168 45.5912922769602 "experimento_50" 50 1000 1000 0.8 50 0.4 1 0.8
1.00343382278457 54.7344478574096 "experimento_50" 50 1000 1000 0.8 50 0.4 1 0.8
1.00000447810628 53.2357103129772 "experimento_50" 50 1000 1000 0.8 50 0.4 1 0.8
0.99940351373516 50.4050738424639 "experimento_50" 50 1000 1000 0.8 50 0.4 1 0.8
1.00275384117849 46.4671161332997 "experimento_50" 50 1000 1000 0.8 50 0.4 1 0.8
1.0084024127759 56.2421626959584 "experimento_50" 50 1000 1000 0.8 50 0.4 1 0.8
0.999520326964557 50.5379042577554 "experimento_50" 50 1000 1000 0.8 50 0.4 1 0.8
1.00229814666315 54.6826292190242 "experimento_50" 50 1000 1000 0.8 50 0.4 1 0.8
1.00012585001918 45.8977892358889 "experimento_50" 50 1000 1000 0.8 50 0.4 1 0.8
1.00719230556958 51.0612394715829 "experimento_50" 50 1000 1000 0.8 50 0.4 1 0.8
1.01254246536642 60.571520003384 "experimento_50" 50 1000 1000 0.8 50 0.4 1 0.8
1.00002812121063 50.6772655985051 "experimento_50" 50 1000 1000 0.8 50 0.4 1 0.8
1.00005099452101 54.8896159837142 "experimento_50" 50 1000 1000 0.8 50 0.4 1 0.8
1.00573980622925 56.1824412336221 "experimento_50" 50 1000 1000 0.8 50 0.4 1 0.8
1.00229663413949 48.2229799612345 "experimento_50" 50 1000 1000 0.8 50 0.4 1 0.8
1.02548269782131 61.9295152700161 "experimento_50" 50 1000 1000 0.8 50 0.4 1 0.8
1.00794215868355 56.9921216366712 "experimento_50" 50 1000 1000 0.8 50 0.4 1 0.8
1.00011571721174 52.7841205688667 "experimento_50" 50 1000 1000 0.8 50 0.4 1 0.8
1.00103198550185 48.1238555109863 "experimento_50" 50 1000 1000 0.8 50 0.4 1 0.8
1.01587634282103 55.4577823296034 "experimento_50" 50 1000 1000 0.8 50 0.4 1 0.8
1.0085435432921 57.2590642076119 "experimento_50" 50 1000 1000 0.8 50 0.4 1 0.8
1.0000793810375 51.3539278588941 "experimento_50" 50 1000 1000 0.8 50 0.4 1 0.8
1.00084226890467 51.8391902640495 "experimento_50" 50 1000 1000 0.8 50 0.4 1 0.8
1.00266300934367 51.6271450778868 "experimento_50" 50 1000 1000 0.8 50 0.4 1 0.8
1.00023010921665 45.1384518847079 "experimento_50" 50 1000 1000 0.8 50 0.4 1 0.8
1.00010325753221 47.2689333245098 "experimento_50" 50 1000 1000 0.8 50 0.4 1 0.8
1.00657360188663 53.9032857052578 "experimento_50" 50 1000 1000 0.8 50 0.4 1 0.8
0.999782558064908 44.5632387846745 "experimento_50" 50 1000 1000 0.8 50 0.4 1 0.8
1.00010875241239 56.4105308207326 "experimento_50" 50 1000 1000 0.8 50 0.4 1 0.8
1.00006157270633 54.022199135026 "experimento_50" 50 1000 1000 0.8 50 0.4 1 0.8
1.00143195205368 48.7762865125454 "experimento_50" 50 1000 1000 0.8 50 0.4 1 0.8
0.99911803775467 51.9583818204902 "experimento_50" 50 1000 1000 0.8 50 0.4 1 0.8
1.01927633963844 69.972431922257 "experimento_50" 50 1000 1000 0.8 50 0.4 1 0.8
1.00019968476146 49.4604606855798 "experimento_50" 50 1000 1000 0.8 50 0.4 1 0.8
1.00187817074358 46.8065005295412 "experimento_50" 50 1000 1000 0.8 50 0.4 1 0.8
1.00251592552442 46.1386118207227 "experimento_50" 50 1000 1000 0.8 50 0.4 1 0.8
1.00005946249438 55.0983925085353 "experimento_50" 50 1000 1000 0.8 50 0.4 1 0.8
