"est.u" "est.lamb" "name" "seed" "size" "replicates" "p_umbral" "exp_lambda" "alpha_pen" "n_pen" "c"
0.998294356046245 37.9292072515172 "experimento_45" 45 1500 1000 0.95 30 0.4 1 0.8
0.997417991049588 29.689179406804 "experimento_45" 45 1500 1000 0.95 30 0.4 1 0.8
1.03080380728555 58.2264067425797 "experimento_45" 45 1500 1000 0.95 30 0.4 1 0.8
1.0240655198718 25.9345093785111 "experimento_45" 45 1500 1000 0.95 30 0.4 1 0.8
0.991456444840878 23.2351567037358 "experimento_45" 45 1500 1000 0.95 30 0.4 1 0.8
1.00046476540482 36.9389026869098 "experimento_45" 45 1500 1000 0.95 30 0.4 1 0.8
1.00018689473774 33.0044333123518 "experimento_45" 45 1500 1000 0.95 30 0.4 1 0.8
1.02990831292449 38.5635901248729 "experimento_45" 45 1500 1000 0.95 30 0.4 1 0.8
1.00284167742357 24.542658200623 "experimento_45" 45 1500 1000 0.95 30 0.4 1 0.8
1.02201480847817 29.6499980351889 "experimento_45" 45 1500 1000 0.95 30 0.4 1 0.8
1.00052988456252 35.493120316358 "experimento_45" 45 1500 1000 0.95 30 0.4 1 0.8
0.995404144981876 31.1414662059747 "experimento_45" 45 1500 1000 0.95 30 0.4 1 0.8
1.00101964267281 33.249586824308 "experimento_45" 45 1500 1000 0.95 30 0.4 1 0.8
1.00019478471169 27.1390503821012 "experimento_45" 45 1500 1000 0.95 30 0.4 1 0.8
1.01364392543522 34.7352266478369 "experimento_45" 45 1500 1000 0.95 30 0.4 1 0.8
0.997234742157161 28.1519100677425 "experimento_45" 45 1500 1000 0.95 30 0.4 1 0.8
0.99719422776252 32.7398622236681 "experimento_45" 45 1500 1000 0.95 30 0.4 1 0.8
1.00004617085567 26.4181626117937 "experimento_45" 45 1500 1000 0.95 30 0.4 1 0.8
0.996528417803347 27.5094846656649 "experimento_45" 45 1500 1000 0.95 30 0.4 1 0.8
1.00005289676924 31.7746531621598 "experimento_45" 45 1500 1000 0.95 30 0.4 1 0.8
1.02396566552826 32.3246444212294 "experimento_45" 45 1500 1000 0.95 30 0.4 1 0.8
0.992058633128181 26.9533415978417 "experimento_45" 45 1500 1000 0.95 30 0.4 1 0.8
0.989339549327269 25.1059870961348 "experimento_45" 45 1500 1000 0.95 30 0.4 1 0.8
1.00651722556601 26.1379079548284 "experimento_45" 45 1500 1000 0.95 30 0.4 1 0.8
1.01237354403044 32.4045127044571 "experimento_45" 45 1500 1000 0.95 30 0.4 1 0.8
1.00017902832478 36.6135500985065 "experimento_45" 45 1500 1000 0.95 30 0.4 1 0.8
1.00001278400111 32.2024527363707 "experimento_45" 45 1500 1000 0.95 30 0.4 1 0.8
1.00598927439811 34.2580226785416 "experimento_45" 45 1500 1000 0.95 30 0.4 1 0.8
1.00942646436032 28.6009812368147 "experimento_45" 45 1500 1000 0.95 30 0.4 1 0.8
1.01083945200468 29.4916921948304 "experimento_45" 45 1500 1000 0.95 30 0.4 1 0.8
1.00538616291765 31.2063564718018 "experimento_45" 45 1500 1000 0.95 30 0.4 1 0.8
1.01887481020143 39.8134638106927 "experimento_45" 45 1500 1000 0.95 30 0.4 1 0.8
1.01102907885797 37.8757127190883 "experimento_45" 45 1500 1000 0.95 30 0.4 1 0.8
1.02878345642099 38.7843530118768 "experimento_45" 45 1500 1000 0.95 30 0.4 1 0.8
1.04502831113695 37.7068818182059 "experimento_45" 45 1500 1000 0.95 30 0.4 1 0.8
0.989661172963679 24.6301093089582 "experimento_45" 45 1500 1000 0.95 30 0.4 1 0.8
0.990662226220593 26.5776503705452 "experimento_45" 45 1500 1000 0.95 30 0.4 1 0.8
0.99707411066629 28.4866858393364 "experimento_45" 45 1500 1000 0.95 30 0.4 1 0.8
0.996113391127437 24.6166394837556 "experimento_45" 45 1500 1000 0.95 30 0.4 1 0.8
1.00310204258809 33.7714722897384 "experimento_45" 45 1500 1000 0.95 30 0.4 1 0.8
1.00465271687135 26.7220573416593 "experimento_45" 45 1500 1000 0.95 30 0.4 1 0.8
0.994018581463024 31.0402494343038 "experimento_45" 45 1500 1000 0.95 30 0.4 1 0.8
1.0060246945267 31.3902919149905 "experimento_45" 45 1500 1000 0.95 30 0.4 1 0.8
1.0000059446713 29.7962495570069 "experimento_45" 45 1500 1000 0.95 30 0.4 1 0.8
1.00040816767141 38.5041356629136 "experimento_45" 45 1500 1000 0.95 30 0.4 1 0.8
1.00694882723813 28.7961169319833 "experimento_45" 45 1500 1000 0.95 30 0.4 1 0.8
0.99905309965834 31.2913593037884 "experimento_45" 45 1500 1000 0.95 30 0.4 1 0.8
1.02867506497089 59.9204186966572 "experimento_45" 45 1500 1000 0.95 30 0.4 1 0.8
0.999885166529566 33.9649187869727 "experimento_45" 45 1500 1000 0.95 30 0.4 1 0.8
0.993314566090703 24.8023216360818 "experimento_45" 45 1500 1000 0.95 30 0.4 1 0.8
0.996627127751708 28.5522267957729 "experimento_45" 45 1500 1000 0.95 30 0.4 1 0.8
0.984528770903125 24.8016052026034 "experimento_45" 45 1500 1000 0.95 30 0.4 1 0.8
0.997976911952719 28.7645768362232 "experimento_45" 45 1500 1000 0.95 30 0.4 1 0.8
1.03854675435632 48.0354075579005 "experimento_45" 45 1500 1000 0.95 30 0.4 1 0.8
1.00450248878139 34.4272430507477 "experimento_45" 45 1500 1000 0.95 30 0.4 1 0.8
0.991790001280606 29.4431020370033 "experimento_45" 45 1500 1000 0.95 30 0.4 1 0.8
1.01499801243966 30.9406789509476 "experimento_45" 45 1500 1000 0.95 30 0.4 1 0.8
0.989791259169579 21.2825265776223 "experimento_45" 45 1500 1000 0.95 30 0.4 1 0.8
0.98917116317898 29.0383932303714 "experimento_45" 45 1500 1000 0.95 30 0.4 1 0.8
0.997578656766564 32.064779563379 "experimento_45" 45 1500 1000 0.95 30 0.4 1 0.8
1.00424632627207 31.813482686148 "experimento_45" 45 1500 1000 0.95 30 0.4 1 0.8
1.00153617036218 29.1983511788767 "experimento_45" 45 1500 1000 0.95 30 0.4 1 0.8
0.995346073061228 31.2627677061873 "experimento_45" 45 1500 1000 0.95 30 0.4 1 0.8
1.00320294358853 33.8114025933756 "experimento_45" 45 1500 1000 0.95 30 0.4 1 0.8
1.00181698244996 33.1315240821052 "experimento_45" 45 1500 1000 0.95 30 0.4 1 0.8
1.03239159439703 28.2510144470415 "experimento_45" 45 1500 1000 0.95 30 0.4 1 0.8
0.986623501637951 25.7082118247209 "experimento_45" 45 1500 1000 0.95 30 0.4 1 0.8
1.0194031286519 26.9612880648247 "experimento_45" 45 1500 1000 0.95 30 0.4 1 0.8
1.00872807993243 35.9420521361427 "experimento_45" 45 1500 1000 0.95 30 0.4 1 0.8
1.0041212942296 30.6333935082678 "experimento_45" 45 1500 1000 0.95 30 0.4 1 0.8
0.996298719430342 34.9556967757384 "experimento_45" 45 1500 1000 0.95 30 0.4 1 0.8
0.988111594459042 25.8780864397482 "experimento_45" 45 1500 1000 0.95 30 0.4 1 0.8
1.00439702873118 31.9504798321886 "experimento_45" 45 1500 1000 0.95 30 0.4 1 0.8
0.990156619111076 27.5130009972647 "experimento_45" 45 1500 1000 0.95 30 0.4 1 0.8
0.998857239726931 31.0554979445745 "experimento_45" 45 1500 1000 0.95 30 0.4 1 0.8
0.994827949209139 24.977205208561 "experimento_45" 45 1500 1000 0.95 30 0.4 1 0.8
1.00041890698687 31.4951236207422 "experimento_45" 45 1500 1000 0.95 30 0.4 1 0.8
0.999984064837918 26.1650906422259 "experimento_45" 45 1500 1000 0.95 30 0.4 1 0.8
1.00431367668926 27.1517562348649 "experimento_45" 45 1500 1000 0.95 30 0.4 1 0.8
1.00073847857614 29.9931528535336 "experimento_45" 45 1500 1000 0.95 30 0.4 1 0.8
1.00843985262327 35.5444201 "experimento_45" 45 1500 1000 0.95 30 0.4 1 0.8
0.990485624410212 30.0241996036707 "experimento_45" 45 1500 1000 0.95 30 0.4 1 0.8
1.00202429089695 30.4639678504103 "experimento_45" 45 1500 1000 0.95 30 0.4 1 0.8
0.998752302257344 32.0041223365821 "experimento_45" 45 1500 1000 0.95 30 0.4 1 0.8
0.993944242130965 27.5276504659499 "experimento_45" 45 1500 1000 0.95 30 0.4 1 0.8
0.991976393386722 30.8523834970095 "experimento_45" 45 1500 1000 0.95 30 0.4 1 0.8
1.02399792093644 46.5827883541535 "experimento_45" 45 1500 1000 0.95 30 0.4 1 0.8
0.997844265773892 33.0025221384623 "experimento_45" 45 1500 1000 0.95 30 0.4 1 0.8
0.99619912286289 29.9952671007632 "experimento_45" 45 1500 1000 0.95 30 0.4 1 0.8
0.992193227633834 30.1151114937829 "experimento_45" 45 1500 1000 0.95 30 0.4 1 0.8
0.992387847974896 26.7067987191935 "experimento_45" 45 1500 1000 0.95 30 0.4 1 0.8
1.00080602606758 30.5428182220643 "experimento_45" 45 1500 1000 0.95 30 0.4 1 0.8
0.990847069304436 28.3663808163016 "experimento_45" 45 1500 1000 0.95 30 0.4 1 0.8
0.988502418389544 30.1667016281171 "experimento_45" 45 1500 1000 0.95 30 0.4 1 0.8
1.01969000577616 29.4962230354793 "experimento_45" 45 1500 1000 0.95 30 0.4 1 0.8
0.990568285575137 25.2863158520038 "experimento_45" 45 1500 1000 0.95 30 0.4 1 0.8
1.01438830556969 29.0660696586831 "experimento_45" 45 1500 1000 0.95 30 0.4 1 0.8
0.988807678455487 30.380645678218 "experimento_45" 45 1500 1000 0.95 30 0.4 1 0.8
0.978793977992609 29.453608945302 "experimento_45" 45 1500 1000 0.95 30 0.4 1 0.8
0.978821713011712 24.1860634480686 "experimento_45" 45 1500 1000 0.95 30 0.4 1 0.8
0.991950716357678 28.9920910151632 "experimento_45" 45 1500 1000 0.95 30 0.4 1 0.8
0.978781572775915 21.8717416721325 "experimento_45" 45 1500 1000 0.95 30 0.4 1 0.8
0.996513131307438 30.0172669076979 "experimento_45" 45 1500 1000 0.95 30 0.4 1 0.8
0.997526676161215 26.5100689498817 "experimento_45" 45 1500 1000 0.95 30 0.4 1 0.8
1.00105966865325 38.0404467696676 "experimento_45" 45 1500 1000 0.95 30 0.4 1 0.8
1.02683652580265 21.929002525159 "experimento_45" 45 1500 1000 0.95 30 0.4 1 0.8
0.997415891382843 29.4638742299785 "experimento_45" 45 1500 1000 0.95 30 0.4 1 0.8
1.04077391533126 29.7409278633967 "experimento_45" 45 1500 1000 0.95 30 0.4 1 0.8
0.99152391939424 25.5928112538286 "experimento_45" 45 1500 1000 0.95 30 0.4 1 0.8
1.01380520110639 32.7776670244835 "experimento_45" 45 1500 1000 0.95 30 0.4 1 0.8
1.00010939510539 29.8154786725944 "experimento_45" 45 1500 1000 0.95 30 0.4 1 0.8
0.995251679793 25.2674275761202 "experimento_45" 45 1500 1000 0.95 30 0.4 1 0.8
0.981646370375529 23.3959513957081 "experimento_45" 45 1500 1000 0.95 30 0.4 1 0.8
1.01908600544557 32.7467335456711 "experimento_45" 45 1500 1000 0.95 30 0.4 1 0.8
0.994218999985605 32.3527449790098 "experimento_45" 45 1500 1000 0.95 30 0.4 1 0.8
0.998347092652693 27.9056293280848 "experimento_45" 45 1500 1000 0.95 30 0.4 1 0.8
0.997867880156264 28.1299704172117 "experimento_45" 45 1500 1000 0.95 30 0.4 1 0.8
0.992211067583412 26.4156435958343 "experimento_45" 45 1500 1000 0.95 30 0.4 1 0.8
1.00072251528429 32.5131344652035 "experimento_45" 45 1500 1000 0.95 30 0.4 1 0.8
0.997540835989639 27.7240529017776 "experimento_45" 45 1500 1000 0.95 30 0.4 1 0.8
0.997518565040082 27.9146022628756 "experimento_45" 45 1500 1000 0.95 30 0.4 1 0.8
0.994713903637603 32.9125201834044 "experimento_45" 45 1500 1000 0.95 30 0.4 1 0.8
0.992841141531244 30.0162640427233 "experimento_45" 45 1500 1000 0.95 30 0.4 1 0.8
1.00961628563239 32.490209870421 "experimento_45" 45 1500 1000 0.95 30 0.4 1 0.8
0.998589513357729 29.7600816429057 "experimento_45" 45 1500 1000 0.95 30 0.4 1 0.8
1.00112812565424 31.1099405775036 "experimento_45" 45 1500 1000 0.95 30 0.4 1 0.8
0.944999601691961 18.2794158285096 "experimento_45" 45 1500 1000 0.95 30 0.4 1 0.8
0.998066609026864 26.9790053375294 "experimento_45" 45 1500 1000 0.95 30 0.4 1 0.8
1.02574505942628 21.2739349397929 "experimento_45" 45 1500 1000 0.95 30 0.4 1 0.8
0.993496221955866 27.1697809098242 "experimento_45" 45 1500 1000 0.95 30 0.4 1 0.8
1.00487793156022 27.0952837065205 "experimento_45" 45 1500 1000 0.95 30 0.4 1 0.8
1.00964167537168 26.9696674822566 "experimento_45" 45 1500 1000 0.95 30 0.4 1 0.8
0.998505310853943 26.1205745042907 "experimento_45" 45 1500 1000 0.95 30 0.4 1 0.8
0.992929286323488 29.8743555047849 "experimento_45" 45 1500 1000 0.95 30 0.4 1 0.8
1.00266567394702 25.0061449537638 "experimento_45" 45 1500 1000 0.95 30 0.4 1 0.8
1.00723279796851 34.6195679355942 "experimento_45" 45 1500 1000 0.95 30 0.4 1 0.8
1.00049263595914 25.6792626526347 "experimento_45" 45 1500 1000 0.95 30 0.4 1 0.8
0.99556324025616 31.2300566362608 "experimento_45" 45 1500 1000 0.95 30 0.4 1 0.8
1.02704938774168 42.7471290138721 "experimento_45" 45 1500 1000 0.95 30 0.4 1 0.8
0.992911056382582 29.7460848541992 "experimento_45" 45 1500 1000 0.95 30 0.4 1 0.8
0.999278048286214 33.1362155158527 "experimento_45" 45 1500 1000 0.95 30 0.4 1 0.8
0.999231112422422 37.2687341719483 "experimento_45" 45 1500 1000 0.95 30 0.4 1 0.8
1.00643558229641 36.3454727574597 "experimento_45" 45 1500 1000 0.95 30 0.4 1 0.8
0.993536802008748 28.256380692756 "experimento_45" 45 1500 1000 0.95 30 0.4 1 0.8
0.992529357783496 28.8933737617433 "experimento_45" 45 1500 1000 0.95 30 0.4 1 0.8
1.00021173615987 28.9751037740771 "experimento_45" 45 1500 1000 0.95 30 0.4 1 0.8
0.995432392228395 29.2021734931053 "experimento_45" 45 1500 1000 0.95 30 0.4 1 0.8
0.99449054361321 31.3753548651309 "experimento_45" 45 1500 1000 0.95 30 0.4 1 0.8
1.01950571993366 34.321682908997 "experimento_45" 45 1500 1000 0.95 30 0.4 1 0.8
0.996733929030597 27.1421690424208 "experimento_45" 45 1500 1000 0.95 30 0.4 1 0.8
1.00036396621726 35.8891438053902 "experimento_45" 45 1500 1000 0.95 30 0.4 1 0.8
0.998594513861462 29.5985775071032 "experimento_45" 45 1500 1000 0.95 30 0.4 1 0.8
0.999922732822597 33.3284558756032 "experimento_45" 45 1500 1000 0.95 30 0.4 1 0.8
0.959230673033744 22.5898059251225 "experimento_45" 45 1500 1000 0.95 30 0.4 1 0.8
0.994300927966833 33.3436021116933 "experimento_45" 45 1500 1000 0.95 30 0.4 1 0.8
0.99320196500048 28.0780034866734 "experimento_45" 45 1500 1000 0.95 30 0.4 1 0.8
0.992089887848124 26.3776289008174 "experimento_45" 45 1500 1000 0.95 30 0.4 1 0.8
0.999146826332435 31.2809947832159 "experimento_45" 45 1500 1000 0.95 30 0.4 1 0.8
0.998695133486763 39.8776483290169 "experimento_45" 45 1500 1000 0.95 30 0.4 1 0.8
0.99601491773501 29.7188155042332 "experimento_45" 45 1500 1000 0.95 30 0.4 1 0.8
1.00397030600967 31.4234978812391 "experimento_45" 45 1500 1000 0.95 30 0.4 1 0.8
0.99470890709199 29.8623964339072 "experimento_45" 45 1500 1000 0.95 30 0.4 1 0.8
1.00098979280118 31.8868636594416 "experimento_45" 45 1500 1000 0.95 30 0.4 1 0.8
0.999752094969153 33.4631358036977 "experimento_45" 45 1500 1000 0.95 30 0.4 1 0.8
0.990815742872655 29.6436702117849 "experimento_45" 45 1500 1000 0.95 30 0.4 1 0.8
1.01520318845287 26.4119214412867 "experimento_45" 45 1500 1000 0.95 30 0.4 1 0.8
0.98813499417156 27.0564715749381 "experimento_45" 45 1500 1000 0.95 30 0.4 1 0.8
1.00814646539899 37.8166312103526 "experimento_45" 45 1500 1000 0.95 30 0.4 1 0.8
1.00082978331432 30.4260277695349 "experimento_45" 45 1500 1000 0.95 30 0.4 1 0.8
1.01339007294737 27.8858728238436 "experimento_45" 45 1500 1000 0.95 30 0.4 1 0.8
0.994780580280349 25.9261326905392 "experimento_45" 45 1500 1000 0.95 30 0.4 1 0.8
1.00294863445116 24.4318747521223 "experimento_45" 45 1500 1000 0.95 30 0.4 1 0.8
0.997946110554039 30.4932064978674 "experimento_45" 45 1500 1000 0.95 30 0.4 1 0.8
0.994096478447318 28.0361644423939 "experimento_45" 45 1500 1000 0.95 30 0.4 1 0.8
0.997583043063059 35.3882643717862 "experimento_45" 45 1500 1000 0.95 30 0.4 1 0.8
0.998948351712897 37.9259465837147 "experimento_45" 45 1500 1000 0.95 30 0.4 1 0.8
1.03102778139771 48.5605449345821 "experimento_45" 45 1500 1000 0.95 30 0.4 1 0.8
0.989719783654436 33.0440075084156 "experimento_45" 45 1500 1000 0.95 30 0.4 1 0.8
0.999076423700899 37.6524827867802 "experimento_45" 45 1500 1000 0.95 30 0.4 1 0.8
1.01168169000496 32.4014507315741 "experimento_45" 45 1500 1000 0.95 30 0.4 1 0.8
0.995513695525005 30.3535352418589 "experimento_45" 45 1500 1000 0.95 30 0.4 1 0.8
0.991700503742322 24.5839768561803 "experimento_45" 45 1500 1000 0.95 30 0.4 1 0.8
1.01061292389105 28.8531711467988 "experimento_45" 45 1500 1000 0.95 30 0.4 1 0.8
0.986511555500329 27.7276339808503 "experimento_45" 45 1500 1000 0.95 30 0.4 1 0.8
0.981857931008562 25.5189191103327 "experimento_45" 45 1500 1000 0.95 30 0.4 1 0.8
0.98370350128971 28.3377274120962 "experimento_45" 45 1500 1000 0.95 30 0.4 1 0.8
0.992532267235219 26.7153485518857 "experimento_45" 45 1500 1000 0.95 30 0.4 1 0.8
0.985253038117662 22.8631122190484 "experimento_45" 45 1500 1000 0.95 30 0.4 1 0.8
1.00431230509033 32.3005437785939 "experimento_45" 45 1500 1000 0.95 30 0.4 1 0.8
0.997144181746989 32.554943015336 "experimento_45" 45 1500 1000 0.95 30 0.4 1 0.8
0.984273498179391 29.0517423222794 "experimento_45" 45 1500 1000 0.95 30 0.4 1 0.8
0.994620216777548 28.1971384332355 "experimento_45" 45 1500 1000 0.95 30 0.4 1 0.8
0.992994107306004 30.6576416069015 "experimento_45" 45 1500 1000 0.95 30 0.4 1 0.8
0.991199198411778 29.5674560563168 "experimento_45" 45 1500 1000 0.95 30 0.4 1 0.8
1.0152468529288 36.042260399215 "experimento_45" 45 1500 1000 0.95 30 0.4 1 0.8
1.02679977476418 41.8962793784937 "experimento_45" 45 1500 1000 0.95 30 0.4 1 0.8
1.00151066798568 28.9288682168213 "experimento_45" 45 1500 1000 0.95 30 0.4 1 0.8
0.985948885791004 25.2264703979202 "experimento_45" 45 1500 1000 0.95 30 0.4 1 0.8
0.998624430736527 31.7143549764614 "experimento_45" 45 1500 1000 0.95 30 0.4 1 0.8
0.998963199788705 27.9469791196752 "experimento_45" 45 1500 1000 0.95 30 0.4 1 0.8
0.996034957934171 29.0859683970805 "experimento_45" 45 1500 1000 0.95 30 0.4 1 0.8
0.998430436709896 27.3551963715103 "experimento_45" 45 1500 1000 0.95 30 0.4 1 0.8
1.0007170550881 28.9165933941098 "experimento_45" 45 1500 1000 0.95 30 0.4 1 0.8
1.00147957736626 31.0152575909453 "experimento_45" 45 1500 1000 0.95 30 0.4 1 0.8
0.985661620972678 23.2266555667208 "experimento_45" 45 1500 1000 0.95 30 0.4 1 0.8
0.992089350707829 28.4607512117982 "experimento_45" 45 1500 1000 0.95 30 0.4 1 0.8
0.996043994324282 26.7066041587972 "experimento_45" 45 1500 1000 0.95 30 0.4 1 0.8
0.99668560246937 26.885721317302 "experimento_45" 45 1500 1000 0.95 30 0.4 1 0.8
0.999473883770406 30.3560219119283 "experimento_45" 45 1500 1000 0.95 30 0.4 1 0.8
0.993894625455141 26.8718892273747 "experimento_45" 45 1500 1000 0.95 30 0.4 1 0.8
0.999201163183898 28.3014292375444 "experimento_45" 45 1500 1000 0.95 30 0.4 1 0.8
0.999303255230188 37.014107979061 "experimento_45" 45 1500 1000 0.95 30 0.4 1 0.8
1.02215909433241 35.0325657175514 "experimento_45" 45 1500 1000 0.95 30 0.4 1 0.8
0.993330919882283 29.2427652762586 "experimento_45" 45 1500 1000 0.95 30 0.4 1 0.8
0.99375261622481 30.2560306823732 "experimento_45" 45 1500 1000 0.95 30 0.4 1 0.8
0.987410923466086 35.1338996147822 "experimento_45" 45 1500 1000 0.95 30 0.4 1 0.8
1.00679374422568 32.054403169034 "experimento_45" 45 1500 1000 0.95 30 0.4 1 0.8
0.994891073089093 29.9768075680767 "experimento_45" 45 1500 1000 0.95 30 0.4 1 0.8
1.00258293496445 33.4777783744285 "experimento_45" 45 1500 1000 0.95 30 0.4 1 0.8
0.981705674203113 27.9759155749686 "experimento_45" 45 1500 1000 0.95 30 0.4 1 0.8
1.00721282400191 31.2714446859228 "experimento_45" 45 1500 1000 0.95 30 0.4 1 0.8
0.978839627932757 21.7475755956071 "experimento_45" 45 1500 1000 0.95 30 0.4 1 0.8
1.00078332629992 27.5147437668115 "experimento_45" 45 1500 1000 0.95 30 0.4 1 0.8
0.993593522813171 30.879720886275 "experimento_45" 45 1500 1000 0.95 30 0.4 1 0.8
1.02851457775741 40.0532933850178 "experimento_45" 45 1500 1000 0.95 30 0.4 1 0.8
1.01095359862512 28.8845338704355 "experimento_45" 45 1500 1000 0.95 30 0.4 1 0.8
1.0039236152079 30.4798405730826 "experimento_45" 45 1500 1000 0.95 30 0.4 1 0.8
0.99762389366515 30.2801828828559 "experimento_45" 45 1500 1000 0.95 30 0.4 1 0.8
0.97994112293236 25.5067724444706 "experimento_45" 45 1500 1000 0.95 30 0.4 1 0.8
0.988628644263372 29.7216764788372 "experimento_45" 45 1500 1000 0.95 30 0.4 1 0.8
1.0089616750367 37.0110928994138 "experimento_45" 45 1500 1000 0.95 30 0.4 1 0.8
0.996402875054628 28.8618636657389 "experimento_45" 45 1500 1000 0.95 30 0.4 1 0.8
0.993045774055645 31.3860312152506 "experimento_45" 45 1500 1000 0.95 30 0.4 1 0.8
0.99005824723281 31.3029326361933 "experimento_45" 45 1500 1000 0.95 30 0.4 1 0.8
0.993295243009925 32.0586730294479 "experimento_45" 45 1500 1000 0.95 30 0.4 1 0.8
0.967270591994748 21.2204810295493 "experimento_45" 45 1500 1000 0.95 30 0.4 1 0.8
1.01848562262021 36.4824399845795 "experimento_45" 45 1500 1000 0.95 30 0.4 1 0.8
1.00294684618711 32.1659361700431 "experimento_45" 45 1500 1000 0.95 30 0.4 1 0.8
0.993716184748337 30.7453209061751 "experimento_45" 45 1500 1000 0.95 30 0.4 1 0.8
1.02144290482004 32.574523487665 "experimento_45" 45 1500 1000 0.95 30 0.4 1 0.8
0.998023229651153 30.042818431336 "experimento_45" 45 1500 1000 0.95 30 0.4 1 0.8
0.988134168786928 24.4297008596182 "experimento_45" 45 1500 1000 0.95 30 0.4 1 0.8
0.989316002232954 29.2405957955862 "experimento_45" 45 1500 1000 0.95 30 0.4 1 0.8
0.998990484746173 29.594856646495 "experimento_45" 45 1500 1000 0.95 30 0.4 1 0.8
0.99531058082357 30.4926842274553 "experimento_45" 45 1500 1000 0.95 30 0.4 1 0.8
1.00456918109905 46.6433500856221 "experimento_45" 45 1500 1000 0.95 30 0.4 1 0.8
1.00132792380949 31.088248897769 "experimento_45" 45 1500 1000 0.95 30 0.4 1 0.8
0.999757077079266 34.9984810998736 "experimento_45" 45 1500 1000 0.95 30 0.4 1 0.8
1.00245648932954 29.6549103915878 "experimento_45" 45 1500 1000 0.95 30 0.4 1 0.8
0.996454157866538 27.3814415851342 "experimento_45" 45 1500 1000 0.95 30 0.4 1 0.8
1.01009907815605 34.4582458931837 "experimento_45" 45 1500 1000 0.95 30 0.4 1 0.8
0.995735683478415 29.613147143727 "experimento_45" 45 1500 1000 0.95 30 0.4 1 0.8
0.998952915659174 32.3922142266712 "experimento_45" 45 1500 1000 0.95 30 0.4 1 0.8
1.01256172171173 37.4022215297765 "experimento_45" 45 1500 1000 0.95 30 0.4 1 0.8
0.986793657997623 26.5655051909329 "experimento_45" 45 1500 1000 0.95 30 0.4 1 0.8
0.992834700038657 25.4270133802957 "experimento_45" 45 1500 1000 0.95 30 0.4 1 0.8
0.999286542180926 32.5523057165792 "experimento_45" 45 1500 1000 0.95 30 0.4 1 0.8
0.993211563676596 31.8250668308307 "experimento_45" 45 1500 1000 0.95 30 0.4 1 0.8
0.995929654687643 25.3859794573712 "experimento_45" 45 1500 1000 0.95 30 0.4 1 0.8
1.00423233363157 39.2238385567013 "experimento_45" 45 1500 1000 0.95 30 0.4 1 0.8
0.991328116273507 28.1773690857817 "experimento_45" 45 1500 1000 0.95 30 0.4 1 0.8
0.997677572304383 28.350806806822 "experimento_45" 45 1500 1000 0.95 30 0.4 1 0.8
0.999577818904072 32.1516193740645 "experimento_45" 45 1500 1000 0.95 30 0.4 1 0.8
1.00115230139718 38.7125701506974 "experimento_45" 45 1500 1000 0.95 30 0.4 1 0.8
0.996527562849224 28.3224018016606 "experimento_45" 45 1500 1000 0.95 30 0.4 1 0.8
1.00016575419965 25.2558951586479 "experimento_45" 45 1500 1000 0.95 30 0.4 1 0.8
0.996103376382962 31.3223672940709 "experimento_45" 45 1500 1000 0.95 30 0.4 1 0.8
0.993625574745238 27.0290725756623 "experimento_45" 45 1500 1000 0.95 30 0.4 1 0.8
0.998069406021386 34.2698184820194 "experimento_45" 45 1500 1000 0.95 30 0.4 1 0.8
1.00601090337495 27.5643773323553 "experimento_45" 45 1500 1000 0.95 30 0.4 1 0.8
0.989192525623366 29.712248299785 "experimento_45" 45 1500 1000 0.95 30 0.4 1 0.8
0.99745315941982 32.0080538730493 "experimento_45" 45 1500 1000 0.95 30 0.4 1 0.8
0.994546798989177 29.6573945500641 "experimento_45" 45 1500 1000 0.95 30 0.4 1 0.8
0.9885747814551 26.4796337713529 "experimento_45" 45 1500 1000 0.95 30 0.4 1 0.8
1.0262452372559 36.5468600815789 "experimento_45" 45 1500 1000 0.95 30 0.4 1 0.8
0.99347734847106 30.5317751569999 "experimento_45" 45 1500 1000 0.95 30 0.4 1 0.8
1.00278907857166 35.7276361629853 "experimento_45" 45 1500 1000 0.95 30 0.4 1 0.8
0.99847504333593 36.8747570856714 "experimento_45" 45 1500 1000 0.95 30 0.4 1 0.8
1.01614787241754 27.4294282202811 "experimento_45" 45 1500 1000 0.95 30 0.4 1 0.8
0.988449190743268 27.6143101437615 "experimento_45" 45 1500 1000 0.95 30 0.4 1 0.8
0.998061939608306 32.2813899833177 "experimento_45" 45 1500 1000 0.95 30 0.4 1 0.8
0.999099273467436 35.1220100861292 "experimento_45" 45 1500 1000 0.95 30 0.4 1 0.8
1.00520549481735 28.4175999711392 "experimento_45" 45 1500 1000 0.95 30 0.4 1 0.8
1.00472759840389 28.6739310153462 "experimento_45" 45 1500 1000 0.95 30 0.4 1 0.8
1.01013330665107 24.4357371649768 "experimento_45" 45 1500 1000 0.95 30 0.4 1 0.8
0.986345264595002 22.7240251086513 "experimento_45" 45 1500 1000 0.95 30 0.4 1 0.8
1.00296205227884 25.2502928458223 "experimento_45" 45 1500 1000 0.95 30 0.4 1 0.8
0.997605262091383 30.8468647632526 "experimento_45" 45 1500 1000 0.95 30 0.4 1 0.8
0.993916131788865 25.7956594178649 "experimento_45" 45 1500 1000 0.95 30 0.4 1 0.8
0.997051340527833 34.0936969566593 "experimento_45" 45 1500 1000 0.95 30 0.4 1 0.8
0.986052945023403 27.5481775473499 "experimento_45" 45 1500 1000 0.95 30 0.4 1 0.8
1.00470482827549 27.1230195820251 "experimento_45" 45 1500 1000 0.95 30 0.4 1 0.8
0.986339507391676 26.0143985597496 "experimento_45" 45 1500 1000 0.95 30 0.4 1 0.8
1.0275128530014 31.0418599812382 "experimento_45" 45 1500 1000 0.95 30 0.4 1 0.8
0.979127995902672 26.8996171785761 "experimento_45" 45 1500 1000 0.95 30 0.4 1 0.8
1.00488094114698 34.6842245288535 "experimento_45" 45 1500 1000 0.95 30 0.4 1 0.8
1.02414484837601 24.7099185793863 "experimento_45" 45 1500 1000 0.95 30 0.4 1 0.8
0.996128772385418 26.9029236952784 "experimento_45" 45 1500 1000 0.95 30 0.4 1 0.8
0.965567184612155 21.8273151021693 "experimento_45" 45 1500 1000 0.95 30 0.4 1 0.8
0.997383510693908 26.2333102297427 "experimento_45" 45 1500 1000 0.95 30 0.4 1 0.8
1.00057632348103 33.8293180063384 "experimento_45" 45 1500 1000 0.95 30 0.4 1 0.8
0.99734946154058 35.3493779782042 "experimento_45" 45 1500 1000 0.95 30 0.4 1 0.8
0.993007598211989 28.367052470472 "experimento_45" 45 1500 1000 0.95 30 0.4 1 0.8
0.998342267237604 31.266414114086 "experimento_45" 45 1500 1000 0.95 30 0.4 1 0.8
0.968533587409183 23.6571136470255 "experimento_45" 45 1500 1000 0.95 30 0.4 1 0.8
0.991090708179399 27.9472020349661 "experimento_45" 45 1500 1000 0.95 30 0.4 1 0.8
0.999776002252474 35.2328901145104 "experimento_45" 45 1500 1000 0.95 30 0.4 1 0.8
1.00506813493557 28.3972230140933 "experimento_45" 45 1500 1000 0.95 30 0.4 1 0.8
1.020210527163 24.7926393970365 "experimento_45" 45 1500 1000 0.95 30 0.4 1 0.8
0.989464868791401 30.8994930986426 "experimento_45" 45 1500 1000 0.95 30 0.4 1 0.8
0.998325988184661 34.1928732597896 "experimento_45" 45 1500 1000 0.95 30 0.4 1 0.8
1.01316866436973 25.2361212049897 "experimento_45" 45 1500 1000 0.95 30 0.4 1 0.8
1.00389374440159 38.5472471471226 "experimento_45" 45 1500 1000 0.95 30 0.4 1 0.8
0.988225728971884 28.6028093972229 "experimento_45" 45 1500 1000 0.95 30 0.4 1 0.8
0.997336851898581 26.4293064083008 "experimento_45" 45 1500 1000 0.95 30 0.4 1 0.8
0.981410945532843 23.4610569519839 "experimento_45" 45 1500 1000 0.95 30 0.4 1 0.8
0.991113540017977 24.8001875276885 "experimento_45" 45 1500 1000 0.95 30 0.4 1 0.8
1.01451721979926 34.8309236338193 "experimento_45" 45 1500 1000 0.95 30 0.4 1 0.8
0.993458442389965 27.3442693547149 "experimento_45" 45 1500 1000 0.95 30 0.4 1 0.8
1.00219862425383 32.7320784736581 "experimento_45" 45 1500 1000 0.95 30 0.4 1 0.8
1.00456999664505 33.0714900168818 "experimento_45" 45 1500 1000 0.95 30 0.4 1 0.8
0.991925447247922 29.7506162376951 "experimento_45" 45 1500 1000 0.95 30 0.4 1 0.8
0.990537852281705 27.0941247230282 "experimento_45" 45 1500 1000 0.95 30 0.4 1 0.8
1.01818337277509 37.1837629021879 "experimento_45" 45 1500 1000 0.95 30 0.4 1 0.8
0.99566375487484 31.6499739280779 "experimento_45" 45 1500 1000 0.95 30 0.4 1 0.8
0.988801517989486 29.0710028916764 "experimento_45" 45 1500 1000 0.95 30 0.4 1 0.8
0.988029957516119 26.1517668227326 "experimento_45" 45 1500 1000 0.95 30 0.4 1 0.8
1.01676673955905 29.5914942718104 "experimento_45" 45 1500 1000 0.95 30 0.4 1 0.8
1.00354737441814 30.437100085451 "experimento_45" 45 1500 1000 0.95 30 0.4 1 0.8
1.03465955018236 36.8660363080051 "experimento_45" 45 1500 1000 0.95 30 0.4 1 0.8
0.988848432898521 27.061562361572 "experimento_45" 45 1500 1000 0.95 30 0.4 1 0.8
1.01334549281746 22.7115053351873 "experimento_45" 45 1500 1000 0.95 30 0.4 1 0.8
0.993814794579521 30.9968576753049 "experimento_45" 45 1500 1000 0.95 30 0.4 1 0.8
0.988521755905822 24.3184945193683 "experimento_45" 45 1500 1000 0.95 30 0.4 1 0.8
0.992624175501987 26.479852051918 "experimento_45" 45 1500 1000 0.95 30 0.4 1 0.8
0.992048916406929 36.879006875044 "experimento_45" 45 1500 1000 0.95 30 0.4 1 0.8
0.998890768736601 29.3046503375399 "experimento_45" 45 1500 1000 0.95 30 0.4 1 0.8
1.00158323996142 26.3857285748652 "experimento_45" 45 1500 1000 0.95 30 0.4 1 0.8
0.998210035264492 37.4463124526562 "experimento_45" 45 1500 1000 0.95 30 0.4 1 0.8
0.998979184078053 31.4006911115911 "experimento_45" 45 1500 1000 0.95 30 0.4 1 0.8
0.981572879012674 25.1015445558487 "experimento_45" 45 1500 1000 0.95 30 0.4 1 0.8
0.994349739514291 26.2492754460082 "experimento_45" 45 1500 1000 0.95 30 0.4 1 0.8
0.986635393928736 24.109203639748 "experimento_45" 45 1500 1000 0.95 30 0.4 1 0.8
0.992977274814621 28.1737772926048 "experimento_45" 45 1500 1000 0.95 30 0.4 1 0.8
1.00264105511208 30.5162984750864 "experimento_45" 45 1500 1000 0.95 30 0.4 1 0.8
0.995797273004428 26.1289079274391 "experimento_45" 45 1500 1000 0.95 30 0.4 1 0.8
1.03275700639793 42.1052303768696 "experimento_45" 45 1500 1000 0.95 30 0.4 1 0.8
1.00550015772735 31.391586492691 "experimento_45" 45 1500 1000 0.95 30 0.4 1 0.8
0.996585267363116 32.4065870471252 "experimento_45" 45 1500 1000 0.95 30 0.4 1 0.8
0.988307290943339 26.8144427326893 "experimento_45" 45 1500 1000 0.95 30 0.4 1 0.8
0.991819133749232 26.2310461705082 "experimento_45" 45 1500 1000 0.95 30 0.4 1 0.8
0.994446498341858 26.9056329719145 "experimento_45" 45 1500 1000 0.95 30 0.4 1 0.8
1.0008505038765 30.0444982988754 "experimento_45" 45 1500 1000 0.95 30 0.4 1 0.8
1.01622450250822 31.050752793481 "experimento_45" 45 1500 1000 0.95 30 0.4 1 0.8
0.992411553859711 26.5007276103405 "experimento_45" 45 1500 1000 0.95 30 0.4 1 0.8
1.02053556439156 32.4340367010021 "experimento_45" 45 1500 1000 0.95 30 0.4 1 0.8
0.975263450993225 24.1507211732791 "experimento_45" 45 1500 1000 0.95 30 0.4 1 0.8
1.0057496836286 31.945784281069 "experimento_45" 45 1500 1000 0.95 30 0.4 1 0.8
1.01616546370399 40.0372680027377 "experimento_45" 45 1500 1000 0.95 30 0.4 1 0.8
1.00795525455226 31.307313922892 "experimento_45" 45 1500 1000 0.95 30 0.4 1 0.8
1.0178077374374 39.9713560546174 "experimento_45" 45 1500 1000 0.95 30 0.4 1 0.8
0.995496780611575 28.5580480015272 "experimento_45" 45 1500 1000 0.95 30 0.4 1 0.8
1.00004153538806 29.2328480094285 "experimento_45" 45 1500 1000 0.95 30 0.4 1 0.8
0.992223894689232 29.6377738137439 "experimento_45" 45 1500 1000 0.95 30 0.4 1 0.8
0.988655035151169 21.447004494275 "experimento_45" 45 1500 1000 0.95 30 0.4 1 0.8
0.999439417384565 33.5545700322361 "experimento_45" 45 1500 1000 0.95 30 0.4 1 0.8
0.978918883483857 25.2502600618672 "experimento_45" 45 1500 1000 0.95 30 0.4 1 0.8
0.997595946770161 33.781400996302 "experimento_45" 45 1500 1000 0.95 30 0.4 1 0.8
1.00365005790499 30.1591113209035 "experimento_45" 45 1500 1000 0.95 30 0.4 1 0.8
1.00123798566024 29.9598897489999 "experimento_45" 45 1500 1000 0.95 30 0.4 1 0.8
0.998528887052089 28.6370636725855 "experimento_45" 45 1500 1000 0.95 30 0.4 1 0.8
1.01968521876261 30.7417056899532 "experimento_45" 45 1500 1000 0.95 30 0.4 1 0.8
1.01795884439101 25.5546968036544 "experimento_45" 45 1500 1000 0.95 30 0.4 1 0.8
0.995909068500623 27.6780586421827 "experimento_45" 45 1500 1000 0.95 30 0.4 1 0.8
0.992744475603104 25.488290656385 "experimento_45" 45 1500 1000 0.95 30 0.4 1 0.8
0.993429827271029 31.0464000329179 "experimento_45" 45 1500 1000 0.95 30 0.4 1 0.8
1.02171833588121 27.2039968301241 "experimento_45" 45 1500 1000 0.95 30 0.4 1 0.8
0.992215954698622 26.2315333534593 "experimento_45" 45 1500 1000 0.95 30 0.4 1 0.8
0.987846912583336 28.8116430191536 "experimento_45" 45 1500 1000 0.95 30 0.4 1 0.8
1.00699575368439 31.5630985642068 "experimento_45" 45 1500 1000 0.95 30 0.4 1 0.8
0.994485949864611 27.8845542453256 "experimento_45" 45 1500 1000 0.95 30 0.4 1 0.8
0.988188856747001 25.8365795708771 "experimento_45" 45 1500 1000 0.95 30 0.4 1 0.8
0.972550686215982 25.2472900161497 "experimento_45" 45 1500 1000 0.95 30 0.4 1 0.8
0.993578164139763 30.5841741238595 "experimento_45" 45 1500 1000 0.95 30 0.4 1 0.8
0.993164117680863 34.5436355875896 "experimento_45" 45 1500 1000 0.95 30 0.4 1 0.8
0.991474034730345 31.8193344651935 "experimento_45" 45 1500 1000 0.95 30 0.4 1 0.8
0.994152104947716 35.9060845942438 "experimento_45" 45 1500 1000 0.95 30 0.4 1 0.8
1.00427769477664 32.4025003364433 "experimento_45" 45 1500 1000 0.95 30 0.4 1 0.8
0.978600873844698 25.3617062620318 "experimento_45" 45 1500 1000 0.95 30 0.4 1 0.8
1.01921995642799 36.0833383824887 "experimento_45" 45 1500 1000 0.95 30 0.4 1 0.8
0.983813092112541 27.7799902733003 "experimento_45" 45 1500 1000 0.95 30 0.4 1 0.8
0.99577851803042 28.4509139864053 "experimento_45" 45 1500 1000 0.95 30 0.4 1 0.8
1.00039076319275 30.7827408681988 "experimento_45" 45 1500 1000 0.95 30 0.4 1 0.8
0.988197067752481 27.509680830971 "experimento_45" 45 1500 1000 0.95 30 0.4 1 0.8
0.998673429014161 27.8797589726533 "experimento_45" 45 1500 1000 0.95 30 0.4 1 0.8
0.994353032670915 35.818504893748 "experimento_45" 45 1500 1000 0.95 30 0.4 1 0.8
1.00851928307675 28.1359504974942 "experimento_45" 45 1500 1000 0.95 30 0.4 1 0.8
1.01773380499023 30.7472466597672 "experimento_45" 45 1500 1000 0.95 30 0.4 1 0.8
0.986871938221157 25.9235825289072 "experimento_45" 45 1500 1000 0.95 30 0.4 1 0.8
1.00196658872747 29.4709932279192 "experimento_45" 45 1500 1000 0.95 30 0.4 1 0.8
1.02518732314789 32.6759932516803 "experimento_45" 45 1500 1000 0.95 30 0.4 1 0.8
1.01222075008166 38.8566395165279 "experimento_45" 45 1500 1000 0.95 30 0.4 1 0.8
0.992675770772621 24.7152917997693 "experimento_45" 45 1500 1000 0.95 30 0.4 1 0.8
0.996051360387355 34.1738350183833 "experimento_45" 45 1500 1000 0.95 30 0.4 1 0.8
0.98806476755999 28.4432026090538 "experimento_45" 45 1500 1000 0.95 30 0.4 1 0.8
0.993018799694255 25.4485248805388 "experimento_45" 45 1500 1000 0.95 30 0.4 1 0.8
1.00801542742799 32.4155892085087 "experimento_45" 45 1500 1000 0.95 30 0.4 1 0.8
1.00831145069872 37.509705014725 "experimento_45" 45 1500 1000 0.95 30 0.4 1 0.8
1.00032128802101 33.4275875367221 "experimento_45" 45 1500 1000 0.95 30 0.4 1 0.8
0.999416375299916 33.3283315822739 "experimento_45" 45 1500 1000 0.95 30 0.4 1 0.8
0.999755711993203 31.0124597597818 "experimento_45" 45 1500 1000 0.95 30 0.4 1 0.8
0.996422430267558 35.5093850569805 "experimento_45" 45 1500 1000 0.95 30 0.4 1 0.8
1.02300342481273 30.4567827511788 "experimento_45" 45 1500 1000 0.95 30 0.4 1 0.8
1.01068436554633 24.1565909202389 "experimento_45" 45 1500 1000 0.95 30 0.4 1 0.8
0.996214125538245 33.4040373822412 "experimento_45" 45 1500 1000 0.95 30 0.4 1 0.8
1.01914396548111 34.7392109925824 "experimento_45" 45 1500 1000 0.95 30 0.4 1 0.8
1.00726910428734 29.9805477840489 "experimento_45" 45 1500 1000 0.95 30 0.4 1 0.8
1.00499156011889 26.4756261849619 "experimento_45" 45 1500 1000 0.95 30 0.4 1 0.8
0.993894025217742 23.4708960499963 "experimento_45" 45 1500 1000 0.95 30 0.4 1 0.8
1.0146926987761 39.8873636719795 "experimento_45" 45 1500 1000 0.95 30 0.4 1 0.8
0.987952043535188 26.1107200820808 "experimento_45" 45 1500 1000 0.95 30 0.4 1 0.8
0.995372459292412 31.8901289526593 "experimento_45" 45 1500 1000 0.95 30 0.4 1 0.8
1.00990765995036 37.9992187190554 "experimento_45" 45 1500 1000 0.95 30 0.4 1 0.8
1.0009638946193 29.1569304630895 "experimento_45" 45 1500 1000 0.95 30 0.4 1 0.8
1.01125432887735 30.4668529616907 "experimento_45" 45 1500 1000 0.95 30 0.4 1 0.8
0.988871705951169 26.7089567250544 "experimento_45" 45 1500 1000 0.95 30 0.4 1 0.8
1.00527442642488 36.5647059038203 "experimento_45" 45 1500 1000 0.95 30 0.4 1 0.8
1.0002754990797 32.6855959012254 "experimento_45" 45 1500 1000 0.95 30 0.4 1 0.8
0.994916729163378 26.1399539422453 "experimento_45" 45 1500 1000 0.95 30 0.4 1 0.8
1.00586891555076 32.495997164293 "experimento_45" 45 1500 1000 0.95 30 0.4 1 0.8
0.985935552744195 28.7088852002147 "experimento_45" 45 1500 1000 0.95 30 0.4 1 0.8
1.03319797574713 32.7853704511812 "experimento_45" 45 1500 1000 0.95 30 0.4 1 0.8
0.995309871155769 33.6745224728305 "experimento_45" 45 1500 1000 0.95 30 0.4 1 0.8
0.999729397008196 28.2680427020529 "experimento_45" 45 1500 1000 0.95 30 0.4 1 0.8
0.988298991229385 29.3449349888292 "experimento_45" 45 1500 1000 0.95 30 0.4 1 0.8
1.00141831443955 29.8458539217492 "experimento_45" 45 1500 1000 0.95 30 0.4 1 0.8
1.00026480194857 31.3591154343985 "experimento_45" 45 1500 1000 0.95 30 0.4 1 0.8
1.00359756293824 27.1643583676148 "experimento_45" 45 1500 1000 0.95 30 0.4 1 0.8
1.01873582541011 28.3124738919496 "experimento_45" 45 1500 1000 0.95 30 0.4 1 0.8
0.998533007921651 33.619374717267 "experimento_45" 45 1500 1000 0.95 30 0.4 1 0.8
0.995121768675745 24.8339552187938 "experimento_45" 45 1500 1000 0.95 30 0.4 1 0.8
0.993761472171172 28.703424606009 "experimento_45" 45 1500 1000 0.95 30 0.4 1 0.8
1.00173427249926 31.9550830439203 "experimento_45" 45 1500 1000 0.95 30 0.4 1 0.8
1.00585489904818 32.5711011724244 "experimento_45" 45 1500 1000 0.95 30 0.4 1 0.8
1.0007875334161 31.3190574026541 "experimento_45" 45 1500 1000 0.95 30 0.4 1 0.8
0.992381357122213 25.7450044463252 "experimento_45" 45 1500 1000 0.95 30 0.4 1 0.8
0.992851028917357 23.6525402851835 "experimento_45" 45 1500 1000 0.95 30 0.4 1 0.8
0.99650620832108 29.3051744689051 "experimento_45" 45 1500 1000 0.95 30 0.4 1 0.8
0.999037187313661 30.8854813050054 "experimento_45" 45 1500 1000 0.95 30 0.4 1 0.8
1.02243503732607 38.4369545450414 "experimento_45" 45 1500 1000 0.95 30 0.4 1 0.8
1.0197408362447 23.5488959040126 "experimento_45" 45 1500 1000 0.95 30 0.4 1 0.8
0.989422060549259 28.5523494340131 "experimento_45" 45 1500 1000 0.95 30 0.4 1 0.8
0.998066019499674 29.3019132238333 "experimento_45" 45 1500 1000 0.95 30 0.4 1 0.8
0.987473028479144 26.0994959771781 "experimento_45" 45 1500 1000 0.95 30 0.4 1 0.8
0.997005126671866 30.6746842168688 "experimento_45" 45 1500 1000 0.95 30 0.4 1 0.8
0.985665507847443 27.3197038751941 "experimento_45" 45 1500 1000 0.95 30 0.4 1 0.8
1.02341995248287 32.412275439552 "experimento_45" 45 1500 1000 0.95 30 0.4 1 0.8
1.01618578140624 32.8736247099866 "experimento_45" 45 1500 1000 0.95 30 0.4 1 0.8
1.00235296220427 31.6601141241831 "experimento_45" 45 1500 1000 0.95 30 0.4 1 0.8
0.99362952914089 31.5212181921551 "experimento_45" 45 1500 1000 0.95 30 0.4 1 0.8
0.995014821877703 32.4905146815047 "experimento_45" 45 1500 1000 0.95 30 0.4 1 0.8
1.0006456077623 30.4841986353993 "experimento_45" 45 1500 1000 0.95 30 0.4 1 0.8
1.00044598680998 30.0547624909025 "experimento_45" 45 1500 1000 0.95 30 0.4 1 0.8
1.00136158300656 30.7420033178519 "experimento_45" 45 1500 1000 0.95 30 0.4 1 0.8
0.986204594606534 26.7154259845412 "experimento_45" 45 1500 1000 0.95 30 0.4 1 0.8
0.992680956842378 26.6068424833176 "experimento_45" 45 1500 1000 0.95 30 0.4 1 0.8
1.04374653405059 46.0415170807259 "experimento_45" 45 1500 1000 0.95 30 0.4 1 0.8
1.02503124410147 31.9876842385439 "experimento_45" 45 1500 1000 0.95 30 0.4 1 0.8
1.0062933001635 40.5564117840053 "experimento_45" 45 1500 1000 0.95 30 0.4 1 0.8
0.995095718419179 25.4133454590949 "experimento_45" 45 1500 1000 0.95 30 0.4 1 0.8
0.99520126869902 27.5361675295141 "experimento_45" 45 1500 1000 0.95 30 0.4 1 0.8
0.99474411434494 27.1615704749273 "experimento_45" 45 1500 1000 0.95 30 0.4 1 0.8
0.993960212217644 24.8221293774202 "experimento_45" 45 1500 1000 0.95 30 0.4 1 0.8
0.985128803411499 29.8736321510794 "experimento_45" 45 1500 1000 0.95 30 0.4 1 0.8
1.01024648645265 30.6676380904739 "experimento_45" 45 1500 1000 0.95 30 0.4 1 0.8
0.996371194487438 34.5183231479498 "experimento_45" 45 1500 1000 0.95 30 0.4 1 0.8
0.993901002919301 29.7052763080427 "experimento_45" 45 1500 1000 0.95 30 0.4 1 0.8
1.02228714030546 36.4874214642146 "experimento_45" 45 1500 1000 0.95 30 0.4 1 0.8
0.971760494634509 21.2505977462829 "experimento_45" 45 1500 1000 0.95 30 0.4 1 0.8
1.02178009363512 43.0823191480926 "experimento_45" 45 1500 1000 0.95 30 0.4 1 0.8
0.993280349299312 31.2573229905134 "experimento_45" 45 1500 1000 0.95 30 0.4 1 0.8
1.00033391513927 30.9948508507985 "experimento_45" 45 1500 1000 0.95 30 0.4 1 0.8
1.00591455906009 40.7804573422556 "experimento_45" 45 1500 1000 0.95 30 0.4 1 0.8
0.99001824343577 26.3792060054248 "experimento_45" 45 1500 1000 0.95 30 0.4 1 0.8
0.995418312726542 31.3532847054566 "experimento_45" 45 1500 1000 0.95 30 0.4 1 0.8
0.993199930060655 30.5612924706384 "experimento_45" 45 1500 1000 0.95 30 0.4 1 0.8
0.992041199700907 26.3579985064124 "experimento_45" 45 1500 1000 0.95 30 0.4 1 0.8
1.02903767178316 46.7773426992057 "experimento_45" 45 1500 1000 0.95 30 0.4 1 0.8
0.995853452943265 30.1515265373216 "experimento_45" 45 1500 1000 0.95 30 0.4 1 0.8
0.988457743544132 24.8763339325829 "experimento_45" 45 1500 1000 0.95 30 0.4 1 0.8
0.981565977446735 24.5173882500543 "experimento_45" 45 1500 1000 0.95 30 0.4 1 0.8
0.996483420720324 29.8203278393504 "experimento_45" 45 1500 1000 0.95 30 0.4 1 0.8
1.00003419346176 31.2322516250977 "experimento_45" 45 1500 1000 0.95 30 0.4 1 0.8
0.996527176816016 27.7853960187939 "experimento_45" 45 1500 1000 0.95 30 0.4 1 0.8
0.992404251592234 27.0266822984174 "experimento_45" 45 1500 1000 0.95 30 0.4 1 0.8
1.02413271590927 46.4286439343653 "experimento_45" 45 1500 1000 0.95 30 0.4 1 0.8
1.00397611246944 24.2410813203619 "experimento_45" 45 1500 1000 0.95 30 0.4 1 0.8
1.00935621798659 23.3027498345284 "experimento_45" 45 1500 1000 0.95 30 0.4 1 0.8
0.998094686539844 37.3823123897688 "experimento_45" 45 1500 1000 0.95 30 0.4 1 0.8
1.00010859483197 33.9233097425826 "experimento_45" 45 1500 1000 0.95 30 0.4 1 0.8
0.987713923444971 26.340021397971 "experimento_45" 45 1500 1000 0.95 30 0.4 1 0.8
1.00000658049248 31.2285532595161 "experimento_45" 45 1500 1000 0.95 30 0.4 1 0.8
1.00055932016112 37.7192095243507 "experimento_45" 45 1500 1000 0.95 30 0.4 1 0.8
0.997929837554693 27.2483323975715 "experimento_45" 45 1500 1000 0.95 30 0.4 1 0.8
1.0160476498461 34.5017462183811 "experimento_45" 45 1500 1000 0.95 30 0.4 1 0.8
1.00073072565719 28.5456529538269 "experimento_45" 45 1500 1000 0.95 30 0.4 1 0.8
1.02247421912228 43.251795840389 "experimento_45" 45 1500 1000 0.95 30 0.4 1 0.8
1.00010394124935 26.6678491898543 "experimento_45" 45 1500 1000 0.95 30 0.4 1 0.8
0.986509947804734 27.9977808447444 "experimento_45" 45 1500 1000 0.95 30 0.4 1 0.8
1.00863235581977 27.177356936262 "experimento_45" 45 1500 1000 0.95 30 0.4 1 0.8
0.987779828021303 27.7909069901602 "experimento_45" 45 1500 1000 0.95 30 0.4 1 0.8
0.984964634058997 25.3070715734218 "experimento_45" 45 1500 1000 0.95 30 0.4 1 0.8
0.997756676282734 33.2613895659864 "experimento_45" 45 1500 1000 0.95 30 0.4 1 0.8
0.983706806087866 23.0708500887959 "experimento_45" 45 1500 1000 0.95 30 0.4 1 0.8
0.996873118216172 27.2933464164989 "experimento_45" 45 1500 1000 0.95 30 0.4 1 0.8
1.00593699330564 28.7848301600767 "experimento_45" 45 1500 1000 0.95 30 0.4 1 0.8
1.01914505426151 40.1017750051593 "experimento_45" 45 1500 1000 0.95 30 0.4 1 0.8
0.997820562217385 27.0713565561674 "experimento_45" 45 1500 1000 0.95 30 0.4 1 0.8
0.991511006839573 26.2536948315886 "experimento_45" 45 1500 1000 0.95 30 0.4 1 0.8
0.996457136468962 27.297514837043 "experimento_45" 45 1500 1000 0.95 30 0.4 1 0.8
0.997334480751306 32.5916530030151 "experimento_45" 45 1500 1000 0.95 30 0.4 1 0.8
0.980069846147671 27.1832512282245 "experimento_45" 45 1500 1000 0.95 30 0.4 1 0.8
1.00412993010444 38.2282871233244 "experimento_45" 45 1500 1000 0.95 30 0.4 1 0.8
0.993041347945109 30.3366712286047 "experimento_45" 45 1500 1000 0.95 30 0.4 1 0.8
0.983396409312263 25.8093118984657 "experimento_45" 45 1500 1000 0.95 30 0.4 1 0.8
0.995419512270018 28.0175034847205 "experimento_45" 45 1500 1000 0.95 30 0.4 1 0.8
0.990938164759427 25.5896745378567 "experimento_45" 45 1500 1000 0.95 30 0.4 1 0.8
0.996588898589835 28.9768836577474 "experimento_45" 45 1500 1000 0.95 30 0.4 1 0.8
1.01576775771876 30.3041090178798 "experimento_45" 45 1500 1000 0.95 30 0.4 1 0.8
0.99559326400049 30.4816312946043 "experimento_45" 45 1500 1000 0.95 30 0.4 1 0.8
0.99348568264395 28.8981930953267 "experimento_45" 45 1500 1000 0.95 30 0.4 1 0.8
0.999577182577923 38.4098316315115 "experimento_45" 45 1500 1000 0.95 30 0.4 1 0.8
1.00042668761065 27.8164402661269 "experimento_45" 45 1500 1000 0.95 30 0.4 1 0.8
0.984882429009303 27.0951010455681 "experimento_45" 45 1500 1000 0.95 30 0.4 1 0.8
0.99282510462217 29.3791214908484 "experimento_45" 45 1500 1000 0.95 30 0.4 1 0.8
0.99956880370155 37.0393455621597 "experimento_45" 45 1500 1000 0.95 30 0.4 1 0.8
1.01430877338474 38.9547620524294 "experimento_45" 45 1500 1000 0.95 30 0.4 1 0.8
0.989033933961764 29.7869841796536 "experimento_45" 45 1500 1000 0.95 30 0.4 1 0.8
0.994683732045814 35.8051400171451 "experimento_45" 45 1500 1000 0.95 30 0.4 1 0.8
0.988239261554554 25.3419414376791 "experimento_45" 45 1500 1000 0.95 30 0.4 1 0.8
1.01291079713653 29.693738168158 "experimento_45" 45 1500 1000 0.95 30 0.4 1 0.8
1.00254057468846 32.0386847668227 "experimento_45" 45 1500 1000 0.95 30 0.4 1 0.8
1.00030693608552 38.8625823526343 "experimento_45" 45 1500 1000 0.95 30 0.4 1 0.8
0.994590468239039 33.5988660989127 "experimento_45" 45 1500 1000 0.95 30 0.4 1 0.8
0.997310650069267 32.7191069501164 "experimento_45" 45 1500 1000 0.95 30 0.4 1 0.8
0.998008695198223 34.7777529426112 "experimento_45" 45 1500 1000 0.95 30 0.4 1 0.8
0.998988648178056 26.2974549523997 "experimento_45" 45 1500 1000 0.95 30 0.4 1 0.8
1.02650260906526 34.2559902418768 "experimento_45" 45 1500 1000 0.95 30 0.4 1 0.8
0.993834954453632 40.0847778597397 "experimento_45" 45 1500 1000 0.95 30 0.4 1 0.8
1.0248011509253 25.4023070894087 "experimento_45" 45 1500 1000 0.95 30 0.4 1 0.8
1.00169579369721 33.209104878237 "experimento_45" 45 1500 1000 0.95 30 0.4 1 0.8
1.01017535743304 35.2823114888241 "experimento_45" 45 1500 1000 0.95 30 0.4 1 0.8
1.02021798966875 26.812772377695 "experimento_45" 45 1500 1000 0.95 30 0.4 1 0.8
1.00866223421569 26.5964953009394 "experimento_45" 45 1500 1000 0.95 30 0.4 1 0.8
0.99582506227307 27.9329527681864 "experimento_45" 45 1500 1000 0.95 30 0.4 1 0.8
0.991980174556375 28.3989020221283 "experimento_45" 45 1500 1000 0.95 30 0.4 1 0.8
0.99770380789414 29.6612509084797 "experimento_45" 45 1500 1000 0.95 30 0.4 1 0.8
1.00647891889283 29.652631980325 "experimento_45" 45 1500 1000 0.95 30 0.4 1 0.8
0.996189575642347 28.1829861674356 "experimento_45" 45 1500 1000 0.95 30 0.4 1 0.8
0.989890021272004 26.3729465401363 "experimento_45" 45 1500 1000 0.95 30 0.4 1 0.8
0.995761079946533 26.5296624616015 "experimento_45" 45 1500 1000 0.95 30 0.4 1 0.8
1.00948995944948 35.3550945428681 "experimento_45" 45 1500 1000 0.95 30 0.4 1 0.8
1.00433268790754 32.3015012649892 "experimento_45" 45 1500 1000 0.95 30 0.4 1 0.8
0.995526138227433 28.6570733044227 "experimento_45" 45 1500 1000 0.95 30 0.4 1 0.8
1.01992741359087 24.2725082450379 "experimento_45" 45 1500 1000 0.95 30 0.4 1 0.8
1.00034471946292 35.4135065225379 "experimento_45" 45 1500 1000 0.95 30 0.4 1 0.8
0.992775002494454 30.559613971545 "experimento_45" 45 1500 1000 0.95 30 0.4 1 0.8
1.00028067138046 31.177531603967 "experimento_45" 45 1500 1000 0.95 30 0.4 1 0.8
0.991372446063906 30.539139353269 "experimento_45" 45 1500 1000 0.95 30 0.4 1 0.8
0.994931456167251 32.5778723403773 "experimento_45" 45 1500 1000 0.95 30 0.4 1 0.8
1.00378341157921 39.9563793103383 "experimento_45" 45 1500 1000 0.95 30 0.4 1 0.8
1.00827166466042 34.1261516245547 "experimento_45" 45 1500 1000 0.95 30 0.4 1 0.8
1.01042644937212 37.010049663491 "experimento_45" 45 1500 1000 0.95 30 0.4 1 0.8
0.986523574450985 25.4161170133826 "experimento_45" 45 1500 1000 0.95 30 0.4 1 0.8
0.985393714858219 24.0924952537152 "experimento_45" 45 1500 1000 0.95 30 0.4 1 0.8
0.991203326033428 27.1410794097418 "experimento_45" 45 1500 1000 0.95 30 0.4 1 0.8
1.00010673814631 31.5174805175595 "experimento_45" 45 1500 1000 0.95 30 0.4 1 0.8
1.031142658118 39.8307020597646 "experimento_45" 45 1500 1000 0.95 30 0.4 1 0.8
1.00712374886498 36.4796045044422 "experimento_45" 45 1500 1000 0.95 30 0.4 1 0.8
1.00530115266641 33.7911480138341 "experimento_45" 45 1500 1000 0.95 30 0.4 1 0.8
0.99730308749713 27.2883311236706 "experimento_45" 45 1500 1000 0.95 30 0.4 1 0.8
0.998595664976165 26.2095797023478 "experimento_45" 45 1500 1000 0.95 30 0.4 1 0.8
1.00184619961996 32.7230964829414 "experimento_45" 45 1500 1000 0.95 30 0.4 1 0.8
0.998295618919656 28.1551014527824 "experimento_45" 45 1500 1000 0.95 30 0.4 1 0.8
1.01638355773397 27.6244015628785 "experimento_45" 45 1500 1000 0.95 30 0.4 1 0.8
0.996345626423135 25.5226124926441 "experimento_45" 45 1500 1000 0.95 30 0.4 1 0.8
0.998678860953078 35.3274731884261 "experimento_45" 45 1500 1000 0.95 30 0.4 1 0.8
0.992892423877493 34.1094371207901 "experimento_45" 45 1500 1000 0.95 30 0.4 1 0.8
1.00572247998789 41.2552316578994 "experimento_45" 45 1500 1000 0.95 30 0.4 1 0.8
1.006248543823 33.7875997820975 "experimento_45" 45 1500 1000 0.95 30 0.4 1 0.8
1.00031527658974 39.2752695571417 "experimento_45" 45 1500 1000 0.95 30 0.4 1 0.8
1.0313190447463 59.8083550698983 "experimento_45" 45 1500 1000 0.95 30 0.4 1 0.8
1.01766609501404 34.6772839138497 "experimento_45" 45 1500 1000 0.95 30 0.4 1 0.8
1.00276955746425 26.7482413492581 "experimento_45" 45 1500 1000 0.95 30 0.4 1 0.8
1.01500169914216 32.943355616851 "experimento_45" 45 1500 1000 0.95 30 0.4 1 0.8
0.999440962681547 25.0551357246323 "experimento_45" 45 1500 1000 0.95 30 0.4 1 0.8
0.993893349077553 29.6856073943109 "experimento_45" 45 1500 1000 0.95 30 0.4 1 0.8
0.995245583588257 38.5611490940501 "experimento_45" 45 1500 1000 0.95 30 0.4 1 0.8
0.985758889699355 28.9079506718908 "experimento_45" 45 1500 1000 0.95 30 0.4 1 0.8
1.01827412806451 24.1170142729744 "experimento_45" 45 1500 1000 0.95 30 0.4 1 0.8
0.991446941858158 30.2528215894651 "experimento_45" 45 1500 1000 0.95 30 0.4 1 0.8
1.00387215845592 39.6532498546692 "experimento_45" 45 1500 1000 0.95 30 0.4 1 0.8
1.00119615091566 25.919422995571 "experimento_45" 45 1500 1000 0.95 30 0.4 1 0.8
0.997196646640077 39.8905233336326 "experimento_45" 45 1500 1000 0.95 30 0.4 1 0.8
1.00119447983456 34.0451089697908 "experimento_45" 45 1500 1000 0.95 30 0.4 1 0.8
0.996101388940588 29.6730651813802 "experimento_45" 45 1500 1000 0.95 30 0.4 1 0.8
0.99977913685143 25.8803840606287 "experimento_45" 45 1500 1000 0.95 30 0.4 1 0.8
1.00415061491852 35.4485988866273 "experimento_45" 45 1500 1000 0.95 30 0.4 1 0.8
1.00073312283494 35.0092979382272 "experimento_45" 45 1500 1000 0.95 30 0.4 1 0.8
1.0031968780638 31.7083998369785 "experimento_45" 45 1500 1000 0.95 30 0.4 1 0.8
1.00395130982312 27.2716915913292 "experimento_45" 45 1500 1000 0.95 30 0.4 1 0.8
0.99674015166238 29.7378096149638 "experimento_45" 45 1500 1000 0.95 30 0.4 1 0.8
1.00251685779852 30.6493123475004 "experimento_45" 45 1500 1000 0.95 30 0.4 1 0.8
0.991461615310982 22.9956642597492 "experimento_45" 45 1500 1000 0.95 30 0.4 1 0.8
1.00417811044802 30.9143605775665 "experimento_45" 45 1500 1000 0.95 30 0.4 1 0.8
0.994176447624341 28.4286168732407 "experimento_45" 45 1500 1000 0.95 30 0.4 1 0.8
0.993656683480367 37.6333469868223 "experimento_45" 45 1500 1000 0.95 30 0.4 1 0.8
0.995235251961276 27.2537458308309 "experimento_45" 45 1500 1000 0.95 30 0.4 1 0.8
1.00542012542459 32.4984450140517 "experimento_45" 45 1500 1000 0.95 30 0.4 1 0.8
0.98636698606424 27.1059456376772 "experimento_45" 45 1500 1000 0.95 30 0.4 1 0.8
1.00117422239855 29.7676607908437 "experimento_45" 45 1500 1000 0.95 30 0.4 1 0.8
1.00504695852213 38.9815276059036 "experimento_45" 45 1500 1000 0.95 30 0.4 1 0.8
0.994028955465183 26.532513719746 "experimento_45" 45 1500 1000 0.95 30 0.4 1 0.8
1.00103370134408 31.0588484392076 "experimento_45" 45 1500 1000 0.95 30 0.4 1 0.8
0.996613417286426 33.9139573069054 "experimento_45" 45 1500 1000 0.95 30 0.4 1 0.8
0.99633887805976 27.6359038147513 "experimento_45" 45 1500 1000 0.95 30 0.4 1 0.8
0.982945004710928 25.4712641234043 "experimento_45" 45 1500 1000 0.95 30 0.4 1 0.8
1.02036729319952 35.7434975428214 "experimento_45" 45 1500 1000 0.95 30 0.4 1 0.8
0.987631569383666 27.742662454634 "experimento_45" 45 1500 1000 0.95 30 0.4 1 0.8
0.998255888232961 27.4076829711021 "experimento_45" 45 1500 1000 0.95 30 0.4 1 0.8
0.999499935889617 32.6712678706676 "experimento_45" 45 1500 1000 0.95 30 0.4 1 0.8
1.00383594861875 31.484095450045 "experimento_45" 45 1500 1000 0.95 30 0.4 1 0.8
0.991606295807287 24.7634621892847 "experimento_45" 45 1500 1000 0.95 30 0.4 1 0.8
0.992757303407416 29.0844342291539 "experimento_45" 45 1500 1000 0.95 30 0.4 1 0.8
0.997462686849758 35.3791084800954 "experimento_45" 45 1500 1000 0.95 30 0.4 1 0.8
0.995045315939933 27.7973544779761 "experimento_45" 45 1500 1000 0.95 30 0.4 1 0.8
0.999571040738374 27.0581541083573 "experimento_45" 45 1500 1000 0.95 30 0.4 1 0.8
1.00055479612201 30.8062589075787 "experimento_45" 45 1500 1000 0.95 30 0.4 1 0.8
1.00559090507838 31.0814837792602 "experimento_45" 45 1500 1000 0.95 30 0.4 1 0.8
0.999980419874191 31.2137709911657 "experimento_45" 45 1500 1000 0.95 30 0.4 1 0.8
0.996710060164332 35.7202853785855 "experimento_45" 45 1500 1000 0.95 30 0.4 1 0.8
1.03003215238732 26.299040170621 "experimento_45" 45 1500 1000 0.95 30 0.4 1 0.8
0.995141590479761 31.8300050559215 "experimento_45" 45 1500 1000 0.95 30 0.4 1 0.8
0.994211666285992 32.0302272305813 "experimento_45" 45 1500 1000 0.95 30 0.4 1 0.8
1.00151413244613 28.9124330961868 "experimento_45" 45 1500 1000 0.95 30 0.4 1 0.8
0.982546025654301 27.8533402052462 "experimento_45" 45 1500 1000 0.95 30 0.4 1 0.8
0.996902393177152 24.5734269475373 "experimento_45" 45 1500 1000 0.95 30 0.4 1 0.8
0.981719954870641 27.4026733655347 "experimento_45" 45 1500 1000 0.95 30 0.4 1 0.8
1.00445515385079 33.2871836280937 "experimento_45" 45 1500 1000 0.95 30 0.4 1 0.8
0.998407762264833 26.3325503558074 "experimento_45" 45 1500 1000 0.95 30 0.4 1 0.8
1.0015234159766 27.7851209128183 "experimento_45" 45 1500 1000 0.95 30 0.4 1 0.8
0.991747404681519 29.0238040035804 "experimento_45" 45 1500 1000 0.95 30 0.4 1 0.8
0.994616487296298 29.6413568975007 "experimento_45" 45 1500 1000 0.95 30 0.4 1 0.8
1.00859721894376 34.2989143855217 "experimento_45" 45 1500 1000 0.95 30 0.4 1 0.8
0.980688683688641 23.2827940238985 "experimento_45" 45 1500 1000 0.95 30 0.4 1 0.8
0.996134531218559 25.5960842736229 "experimento_45" 45 1500 1000 0.95 30 0.4 1 0.8
0.992495526559651 31.8495684059295 "experimento_45" 45 1500 1000 0.95 30 0.4 1 0.8
1.01928808439213 34.4336665337024 "experimento_45" 45 1500 1000 0.95 30 0.4 1 0.8
0.999770001741126 30.2991665873686 "experimento_45" 45 1500 1000 0.95 30 0.4 1 0.8
0.997959725093096 27.7675465393044 "experimento_45" 45 1500 1000 0.95 30 0.4 1 0.8
0.98740966594778 22.0730315992711 "experimento_45" 45 1500 1000 0.95 30 0.4 1 0.8
1.00175824325317 29.8961074206388 "experimento_45" 45 1500 1000 0.95 30 0.4 1 0.8
1.00015295028988 25.0950917025105 "experimento_45" 45 1500 1000 0.95 30 0.4 1 0.8
0.998788234312087 39.9006080789738 "experimento_45" 45 1500 1000 0.95 30 0.4 1 0.8
1.00033073285595 34.6344360762414 "experimento_45" 45 1500 1000 0.95 30 0.4 1 0.8
0.996227882103994 35.915112846641 "experimento_45" 45 1500 1000 0.95 30 0.4 1 0.8
0.994779018452391 29.1490290746081 "experimento_45" 45 1500 1000 0.95 30 0.4 1 0.8
1.00364063353842 31.2635651010213 "experimento_45" 45 1500 1000 0.95 30 0.4 1 0.8
0.999118680134416 32.7082617974879 "experimento_45" 45 1500 1000 0.95 30 0.4 1 0.8
0.993464693194255 30.5695718467702 "experimento_45" 45 1500 1000 0.95 30 0.4 1 0.8
1.02131806774996 45.0234517297164 "experimento_45" 45 1500 1000 0.95 30 0.4 1 0.8
0.99613616685383 35.8449343244495 "experimento_45" 45 1500 1000 0.95 30 0.4 1 0.8
0.991575619671494 29.9120061290206 "experimento_45" 45 1500 1000 0.95 30 0.4 1 0.8
0.9949557245709 33.3356039553681 "experimento_45" 45 1500 1000 0.95 30 0.4 1 0.8
0.994625424034894 24.208891251867 "experimento_45" 45 1500 1000 0.95 30 0.4 1 0.8
0.995249711442739 26.3556789494735 "experimento_45" 45 1500 1000 0.95 30 0.4 1 0.8
1.00077623602002 29.1701024471584 "experimento_45" 45 1500 1000 0.95 30 0.4 1 0.8
1.02315856266805 32.2262598382043 "experimento_45" 45 1500 1000 0.95 30 0.4 1 0.8
0.992188297910616 28.1350818016165 "experimento_45" 45 1500 1000 0.95 30 0.4 1 0.8
1.00954089920657 28.2138590464618 "experimento_45" 45 1500 1000 0.95 30 0.4 1 0.8
1.01863165426378 38.7077709127925 "experimento_45" 45 1500 1000 0.95 30 0.4 1 0.8
1.00716722635823 35.8161271303958 "experimento_45" 45 1500 1000 0.95 30 0.4 1 0.8
0.998355590971187 33.8956212629195 "experimento_45" 45 1500 1000 0.95 30 0.4 1 0.8
1.00311107212881 33.9245233077684 "experimento_45" 45 1500 1000 0.95 30 0.4 1 0.8
1.00265472082732 31.832423871383 "experimento_45" 45 1500 1000 0.95 30 0.4 1 0.8
0.996216920204461 28.4821213043964 "experimento_45" 45 1500 1000 0.95 30 0.4 1 0.8
0.995705347042531 29.473451182385 "experimento_45" 45 1500 1000 0.95 30 0.4 1 0.8
1.03084719643478 32.2427008353228 "experimento_45" 45 1500 1000 0.95 30 0.4 1 0.8
1.01610892539223 29.4173939776417 "experimento_45" 45 1500 1000 0.95 30 0.4 1 0.8
1.00116496935683 28.2073666890861 "experimento_45" 45 1500 1000 0.95 30 0.4 1 0.8
0.991116497665644 24.7898243741373 "experimento_45" 45 1500 1000 0.95 30 0.4 1 0.8
1.00308329625987 39.7978183097092 "experimento_45" 45 1500 1000 0.95 30 0.4 1 0.8
0.994868755107746 32.5802428891616 "experimento_45" 45 1500 1000 0.95 30 0.4 1 0.8
1.00000748099517 31.1794023941854 "experimento_45" 45 1500 1000 0.95 30 0.4 1 0.8
0.986676610074937 33.0118597239952 "experimento_45" 45 1500 1000 0.95 30 0.4 1 0.8
1.01441307896748 38.1293191232036 "experimento_45" 45 1500 1000 0.95 30 0.4 1 0.8
0.998085720930248 33.8538278882494 "experimento_45" 45 1500 1000 0.95 30 0.4 1 0.8
1.00970142469741 27.2326840237577 "experimento_45" 45 1500 1000 0.95 30 0.4 1 0.8
0.994781109271571 28.9553991647442 "experimento_45" 45 1500 1000 0.95 30 0.4 1 0.8
1.00116100416829 28.9004091476781 "experimento_45" 45 1500 1000 0.95 30 0.4 1 0.8
0.99045941629447 27.7101172873404 "experimento_45" 45 1500 1000 0.95 30 0.4 1 0.8
1.00689165474226 43.509931160772 "experimento_45" 45 1500 1000 0.95 30 0.4 1 0.8
0.985097838332877 25.683961390218 "experimento_45" 45 1500 1000 0.95 30 0.4 1 0.8
0.989814797881991 25.2798952852977 "experimento_45" 45 1500 1000 0.95 30 0.4 1 0.8
1.00075782604205 31.218391764489 "experimento_45" 45 1500 1000 0.95 30 0.4 1 0.8
0.997374954866245 30.7636019596038 "experimento_45" 45 1500 1000 0.95 30 0.4 1 0.8
1.00920097393294 30.2538142092944 "experimento_45" 45 1500 1000 0.95 30 0.4 1 0.8
1.0002961251419 38.3264412518181 "experimento_45" 45 1500 1000 0.95 30 0.4 1 0.8
0.998018644284457 29.6319918178699 "experimento_45" 45 1500 1000 0.95 30 0.4 1 0.8
0.982936314074323 24.9836752934689 "experimento_45" 45 1500 1000 0.95 30 0.4 1 0.8
0.975535291014239 25.2142031401609 "experimento_45" 45 1500 1000 0.95 30 0.4 1 0.8
1.01998297477451 21.5498309141208 "experimento_45" 45 1500 1000 0.95 30 0.4 1 0.8
0.993647948373109 30.6154740014874 "experimento_45" 45 1500 1000 0.95 30 0.4 1 0.8
0.990742721129209 25.9505625025375 "experimento_45" 45 1500 1000 0.95 30 0.4 1 0.8
0.992175582796335 31.1463662312687 "experimento_45" 45 1500 1000 0.95 30 0.4 1 0.8
1.03024489441747 49.4331409675101 "experimento_45" 45 1500 1000 0.95 30 0.4 1 0.8
0.999503515427932 31.3320881257082 "experimento_45" 45 1500 1000 0.95 30 0.4 1 0.8
0.999457030091435 32.7357801922992 "experimento_45" 45 1500 1000 0.95 30 0.4 1 0.8
1.02014494861166 38.0055058794852 "experimento_45" 45 1500 1000 0.95 30 0.4 1 0.8
1.0001267475076 30.3548429538194 "experimento_45" 45 1500 1000 0.95 30 0.4 1 0.8
0.998766543809325 33.3178062126165 "experimento_45" 45 1500 1000 0.95 30 0.4 1 0.8
1.00020073179302 29.8342832102547 "experimento_45" 45 1500 1000 0.95 30 0.4 1 0.8
0.999563096789643 36.3487682885488 "experimento_45" 45 1500 1000 0.95 30 0.4 1 0.8
1.0163120263877 25.7651402243569 "experimento_45" 45 1500 1000 0.95 30 0.4 1 0.8
0.994534176075831 29.8333636548657 "experimento_45" 45 1500 1000 0.95 30 0.4 1 0.8
1.00060376344216 29.6040628169255 "experimento_45" 45 1500 1000 0.95 30 0.4 1 0.8
0.996374350972474 31.2256550815908 "experimento_45" 45 1500 1000 0.95 30 0.4 1 0.8
0.998634404037148 29.0772213281676 "experimento_45" 45 1500 1000 0.95 30 0.4 1 0.8
0.998121510026976 33.863927310801 "experimento_45" 45 1500 1000 0.95 30 0.4 1 0.8
0.992291899165139 23.2181072822906 "experimento_45" 45 1500 1000 0.95 30 0.4 1 0.8
1.00882864187782 34.5781638546865 "experimento_45" 45 1500 1000 0.95 30 0.4 1 0.8
1.01007569205637 33.7605946341258 "experimento_45" 45 1500 1000 0.95 30 0.4 1 0.8
1.01172173635965 21.0424603645543 "experimento_45" 45 1500 1000 0.95 30 0.4 1 0.8
0.978092674165964 25.7524468678666 "experimento_45" 45 1500 1000 0.95 30 0.4 1 0.8
0.990939624141902 31.0499032194547 "experimento_45" 45 1500 1000 0.95 30 0.4 1 0.8
0.996531890472397 29.8224964094837 "experimento_45" 45 1500 1000 0.95 30 0.4 1 0.8
0.991407141555101 28.1497116582806 "experimento_45" 45 1500 1000 0.95 30 0.4 1 0.8
1.00912742726505 40.7717546699902 "experimento_45" 45 1500 1000 0.95 30 0.4 1 0.8
0.99965627444908 27.2559382118037 "experimento_45" 45 1500 1000 0.95 30 0.4 1 0.8
0.990217489888892 24.8286178731092 "experimento_45" 45 1500 1000 0.95 30 0.4 1 0.8
0.995923208538443 34.77840925532 "experimento_45" 45 1500 1000 0.95 30 0.4 1 0.8
0.983651234069839 23.8358273848354 "experimento_45" 45 1500 1000 0.95 30 0.4 1 0.8
0.979032224975526 21.700800509472 "experimento_45" 45 1500 1000 0.95 30 0.4 1 0.8
0.993797370232642 34.9534226939783 "experimento_45" 45 1500 1000 0.95 30 0.4 1 0.8
1.00765815846001 36.5858366702224 "experimento_45" 45 1500 1000 0.95 30 0.4 1 0.8
1.02163451880527 29.250779679627 "experimento_45" 45 1500 1000 0.95 30 0.4 1 0.8
1.02194511115861 28.114858810653 "experimento_45" 45 1500 1000 0.95 30 0.4 1 0.8
0.986829127650708 27.971641725577 "experimento_45" 45 1500 1000 0.95 30 0.4 1 0.8
1.00164374307108 34.3420214588502 "experimento_45" 45 1500 1000 0.95 30 0.4 1 0.8
0.994997905800119 30.6655216498158 "experimento_45" 45 1500 1000 0.95 30 0.4 1 0.8
0.979550398420542 26.2943743425166 "experimento_45" 45 1500 1000 0.95 30 0.4 1 0.8
0.987641642335802 29.9640186829064 "experimento_45" 45 1500 1000 0.95 30 0.4 1 0.8
0.987913303542882 31.1270060754869 "experimento_45" 45 1500 1000 0.95 30 0.4 1 0.8
0.992584939813241 30.2960846728512 "experimento_45" 45 1500 1000 0.95 30 0.4 1 0.8
0.995280663948506 34.4159337120279 "experimento_45" 45 1500 1000 0.95 30 0.4 1 0.8
1.00655100004127 23.6659067960705 "experimento_45" 45 1500 1000 0.95 30 0.4 1 0.8
0.990140035748482 26.019930014785 "experimento_45" 45 1500 1000 0.95 30 0.4 1 0.8
0.9993789952714 23.9698346787207 "experimento_45" 45 1500 1000 0.95 30 0.4 1 0.8
1.00698106309089 26.1743691101931 "experimento_45" 45 1500 1000 0.95 30 0.4 1 0.8
1.02012026237013 40.3449251933758 "experimento_45" 45 1500 1000 0.95 30 0.4 1 0.8
0.99941596458666 37.4770199939223 "experimento_45" 45 1500 1000 0.95 30 0.4 1 0.8
1.00086601622506 27.1620328984991 "experimento_45" 45 1500 1000 0.95 30 0.4 1 0.8
1.0005052413823 33.8877103820111 "experimento_45" 45 1500 1000 0.95 30 0.4 1 0.8
0.998986463295296 32.7432591813996 "experimento_45" 45 1500 1000 0.95 30 0.4 1 0.8
0.995971702970564 29.0625013966219 "experimento_45" 45 1500 1000 0.95 30 0.4 1 0.8
1.00524984006685 31.9379038615243 "experimento_45" 45 1500 1000 0.95 30 0.4 1 0.8
1.02869558653965 37.0491827323507 "experimento_45" 45 1500 1000 0.95 30 0.4 1 0.8
0.997057346161455 26.8478014945927 "experimento_45" 45 1500 1000 0.95 30 0.4 1 0.8
1.00001628448866 28.0362376110808 "experimento_45" 45 1500 1000 0.95 30 0.4 1 0.8
1.01988669258232 33.4888714049338 "experimento_45" 45 1500 1000 0.95 30 0.4 1 0.8
1.02457000605413 59.720366637601 "experimento_45" 45 1500 1000 0.95 30 0.4 1 0.8
0.942794541595504 19.0431499677548 "experimento_45" 45 1500 1000 0.95 30 0.4 1 0.8
1.00427781276715 25.0896444328491 "experimento_45" 45 1500 1000 0.95 30 0.4 1 0.8
0.988799781538546 26.3884141528151 "experimento_45" 45 1500 1000 0.95 30 0.4 1 0.8
0.996611463371664 35.5380317603223 "experimento_45" 45 1500 1000 0.95 30 0.4 1 0.8
0.982803105842322 25.6531969423351 "experimento_45" 45 1500 1000 0.95 30 0.4 1 0.8
0.992587468819693 25.0787344406055 "experimento_45" 45 1500 1000 0.95 30 0.4 1 0.8
0.984077139291912 27.1920676793356 "experimento_45" 45 1500 1000 0.95 30 0.4 1 0.8
1.01285150820929 31.0540688519007 "experimento_45" 45 1500 1000 0.95 30 0.4 1 0.8
0.982936366461217 26.6937027029306 "experimento_45" 45 1500 1000 0.95 30 0.4 1 0.8
1.01398285528218 22.7886016629278 "experimento_45" 45 1500 1000 0.95 30 0.4 1 0.8
1.00392985874787 26.2814280372344 "experimento_45" 45 1500 1000 0.95 30 0.4 1 0.8
1.04434180504813 27.4094059094288 "experimento_45" 45 1500 1000 0.95 30 0.4 1 0.8
0.996469908393919 32.3878026691738 "experimento_45" 45 1500 1000 0.95 30 0.4 1 0.8
0.99031164473854 30.4951913317549 "experimento_45" 45 1500 1000 0.95 30 0.4 1 0.8
0.989980287151411 28.7162381873248 "experimento_45" 45 1500 1000 0.95 30 0.4 1 0.8
0.996367095503956 26.3559772885776 "experimento_45" 45 1500 1000 0.95 30 0.4 1 0.8
1.00372694010536 34.5806602567136 "experimento_45" 45 1500 1000 0.95 30 0.4 1 0.8
0.994211302371696 30.8764708712226 "experimento_45" 45 1500 1000 0.95 30 0.4 1 0.8
0.987905891845003 25.6898290717769 "experimento_45" 45 1500 1000 0.95 30 0.4 1 0.8
0.997721774270758 26.25634643023 "experimento_45" 45 1500 1000 0.95 30 0.4 1 0.8
0.992090125801042 28.4380026796241 "experimento_45" 45 1500 1000 0.95 30 0.4 1 0.8
1.00134810159604 35.2264007756009 "experimento_45" 45 1500 1000 0.95 30 0.4 1 0.8
0.990434054750949 31.8770605373324 "experimento_45" 45 1500 1000 0.95 30 0.4 1 0.8
1.00175530077929 29.0925269953111 "experimento_45" 45 1500 1000 0.95 30 0.4 1 0.8
1.00972386015577 26.1492713888454 "experimento_45" 45 1500 1000 0.95 30 0.4 1 0.8
1.00321932833952 37.8617604856594 "experimento_45" 45 1500 1000 0.95 30 0.4 1 0.8
1.00188443738346 26.8716612659923 "experimento_45" 45 1500 1000 0.95 30 0.4 1 0.8
1.00082606623652 31.6390824672389 "experimento_45" 45 1500 1000 0.95 30 0.4 1 0.8
0.991994641721249 28.2379714655872 "experimento_45" 45 1500 1000 0.95 30 0.4 1 0.8
1.00708338068408 35.8726086746153 "experimento_45" 45 1500 1000 0.95 30 0.4 1 0.8
0.993935412727296 31.9043906367658 "experimento_45" 45 1500 1000 0.95 30 0.4 1 0.8
1.00823034358521 27.0511266204329 "experimento_45" 45 1500 1000 0.95 30 0.4 1 0.8
0.98225017846562 24.8623180098421 "experimento_45" 45 1500 1000 0.95 30 0.4 1 0.8
1.00196894007706 24.0876729205304 "experimento_45" 45 1500 1000 0.95 30 0.4 1 0.8
0.996975036803633 33.4453411816112 "experimento_45" 45 1500 1000 0.95 30 0.4 1 0.8
1.02043171661596 33.865570107972 "experimento_45" 45 1500 1000 0.95 30 0.4 1 0.8
0.996096344431862 28.4208884348835 "experimento_45" 45 1500 1000 0.95 30 0.4 1 0.8
1.01423682945235 37.2725595484335 "experimento_45" 45 1500 1000 0.95 30 0.4 1 0.8
0.985244725365192 31.0033877803598 "experimento_45" 45 1500 1000 0.95 30 0.4 1 0.8
1.01208680241058 31.5904275642293 "experimento_45" 45 1500 1000 0.95 30 0.4 1 0.8
0.9890524642542 30.4420434995647 "experimento_45" 45 1500 1000 0.95 30 0.4 1 0.8
0.999791178153828 36.9499139983262 "experimento_45" 45 1500 1000 0.95 30 0.4 1 0.8
0.992713621351868 33.3297475284378 "experimento_45" 45 1500 1000 0.95 30 0.4 1 0.8
0.991924613248557 28.0954981499369 "experimento_45" 45 1500 1000 0.95 30 0.4 1 0.8
0.991749444976449 28.3430867592301 "experimento_45" 45 1500 1000 0.95 30 0.4 1 0.8
0.709306877106428 5.9631270705 "experimento_45" 45 1500 1000 0.95 30 0.4 1 0.8
1.00283119498442 35.6382878148736 "experimento_45" 45 1500 1000 0.95 30 0.4 1 0.8
0.99532211269252 31.4802309875734 "experimento_45" 45 1500 1000 0.95 30 0.4 1 0.8
0.995707486290485 30.2818382862942 "experimento_45" 45 1500 1000 0.95 30 0.4 1 0.8
0.991459626238793 26.5026394072372 "experimento_45" 45 1500 1000 0.95 30 0.4 1 0.8
1.00170296548555 32.1854029421635 "experimento_45" 45 1500 1000 0.95 30 0.4 1 0.8
1.0005321543819 28.872256485657 "experimento_45" 45 1500 1000 0.95 30 0.4 1 0.8
0.999882888514549 33.696434872703 "experimento_45" 45 1500 1000 0.95 30 0.4 1 0.8
1.00330863962881 31.5755759262398 "experimento_45" 45 1500 1000 0.95 30 0.4 1 0.8
0.9948309881147 25.5352071305518 "experimento_45" 45 1500 1000 0.95 30 0.4 1 0.8
1.02735267544283 29.5640485345994 "experimento_45" 45 1500 1000 0.95 30 0.4 1 0.8
0.992089931620285 30.1505907439946 "experimento_45" 45 1500 1000 0.95 30 0.4 1 0.8
1.02787275337559 50.1791545424381 "experimento_45" 45 1500 1000 0.95 30 0.4 1 0.8
0.994903268292546 29.6466786469985 "experimento_45" 45 1500 1000 0.95 30 0.4 1 0.8
0.993429638678208 31.4453885071704 "experimento_45" 45 1500 1000 0.95 30 0.4 1 0.8
1.00326272213521 28.4513557014004 "experimento_45" 45 1500 1000 0.95 30 0.4 1 0.8
0.996124145574868 30.2376984807139 "experimento_45" 45 1500 1000 0.95 30 0.4 1 0.8
0.988422400783747 23.8364197422705 "experimento_45" 45 1500 1000 0.95 30 0.4 1 0.8
0.995956451632082 29.0946244790578 "experimento_45" 45 1500 1000 0.95 30 0.4 1 0.8
0.98878099443391 29.1046046456987 "experimento_45" 45 1500 1000 0.95 30 0.4 1 0.8
0.994529958115891 26.8333714736981 "experimento_45" 45 1500 1000 0.95 30 0.4 1 0.8
1.00007584035232 30.5286185702015 "experimento_45" 45 1500 1000 0.95 30 0.4 1 0.8
1.03351643228142 32.0864092598949 "experimento_45" 45 1500 1000 0.95 30 0.4 1 0.8
1.01430084725531 30.4203787983918 "experimento_45" 45 1500 1000 0.95 30 0.4 1 0.8
0.989472642773762 29.5161976804671 "experimento_45" 45 1500 1000 0.95 30 0.4 1 0.8
1.00736770234921 34.2622898643815 "experimento_45" 45 1500 1000 0.95 30 0.4 1 0.8
1.00625565786225 36.276878770395 "experimento_45" 45 1500 1000 0.95 30 0.4 1 0.8
0.98417664016597 25.2580868099125 "experimento_45" 45 1500 1000 0.95 30 0.4 1 0.8
0.997462854254991 34.0774419025068 "experimento_45" 45 1500 1000 0.95 30 0.4 1 0.8
1.01186816405531 39.2127026481668 "experimento_45" 45 1500 1000 0.95 30 0.4 1 0.8
1.00306119640979 35.5895046620203 "experimento_45" 45 1500 1000 0.95 30 0.4 1 0.8
0.994443723000586 26.8242683489491 "experimento_45" 45 1500 1000 0.95 30 0.4 1 0.8
1.0000471476062 31.398033354086 "experimento_45" 45 1500 1000 0.95 30 0.4 1 0.8
0.998151026666164 30.8663024737256 "experimento_45" 45 1500 1000 0.95 30 0.4 1 0.8
0.999309123493731 34.8944257553175 "experimento_45" 45 1500 1000 0.95 30 0.4 1 0.8
1.00584065359204 37.0271490532954 "experimento_45" 45 1500 1000 0.95 30 0.4 1 0.8
0.991017722059041 29.2681075340365 "experimento_45" 45 1500 1000 0.95 30 0.4 1 0.8
1.00351362298244 28.6301924796665 "experimento_45" 45 1500 1000 0.95 30 0.4 1 0.8
1.00686449956676 28.9666578223221 "experimento_45" 45 1500 1000 0.95 30 0.4 1 0.8
0.994642694946378 27.1748233357979 "experimento_45" 45 1500 1000 0.95 30 0.4 1 0.8
0.992060492746532 31.6437644667674 "experimento_45" 45 1500 1000 0.95 30 0.4 1 0.8
0.997631473699585 32.0618241352731 "experimento_45" 45 1500 1000 0.95 30 0.4 1 0.8
0.996237786021084 31.1015178839037 "experimento_45" 45 1500 1000 0.95 30 0.4 1 0.8
1.00831546566139 28.0038204172765 "experimento_45" 45 1500 1000 0.95 30 0.4 1 0.8
1.00089149238333 39.327767054715 "experimento_45" 45 1500 1000 0.95 30 0.4 1 0.8
0.99955649394542 25.8572036268627 "experimento_45" 45 1500 1000 0.95 30 0.4 1 0.8
0.992821428226307 27.0309019327682 "experimento_45" 45 1500 1000 0.95 30 0.4 1 0.8
1.01617552774648 33.6203231384205 "experimento_45" 45 1500 1000 0.95 30 0.4 1 0.8
0.993877619504929 34.9815086819481 "experimento_45" 45 1500 1000 0.95 30 0.4 1 0.8
0.997195199830458 32.8102193724307 "experimento_45" 45 1500 1000 0.95 30 0.4 1 0.8
0.911939467303455 14.2093783468099 "experimento_45" 45 1500 1000 0.95 30 0.4 1 0.8
0.994928919710219 37.7840785031018 "experimento_45" 45 1500 1000 0.95 30 0.4 1 0.8
0.99107632599771 36.0900000927615 "experimento_45" 45 1500 1000 0.95 30 0.4 1 0.8
0.991741269128397 24.5222012868228 "experimento_45" 45 1500 1000 0.95 30 0.4 1 0.8
1.00005910142014 33.3748951090374 "experimento_45" 45 1500 1000 0.95 30 0.4 1 0.8
0.991546356352046 27.5529639486834 "experimento_45" 45 1500 1000 0.95 30 0.4 1 0.8
0.994420243194327 32.3895324116047 "experimento_45" 45 1500 1000 0.95 30 0.4 1 0.8
0.995870698941872 26.3651499886937 "experimento_45" 45 1500 1000 0.95 30 0.4 1 0.8
0.989893800811842 26.9215994274055 "experimento_45" 45 1500 1000 0.95 30 0.4 1 0.8
0.996216713450849 35.7592426630368 "experimento_45" 45 1500 1000 0.95 30 0.4 1 0.8
0.990043922327459 28.8818633179831 "experimento_45" 45 1500 1000 0.95 30 0.4 1 0.8
1.0008817693529 29.9149955046256 "experimento_45" 45 1500 1000 0.95 30 0.4 1 0.8
1.00100534635906 27.4695857160957 "experimento_45" 45 1500 1000 0.95 30 0.4 1 0.8
0.998273935401812 36.1510166632618 "experimento_45" 45 1500 1000 0.95 30 0.4 1 0.8
1.00540161779668 34.8337174145 "experimento_45" 45 1500 1000 0.95 30 0.4 1 0.8
1.00312649836185 29.4010455801409 "experimento_45" 45 1500 1000 0.95 30 0.4 1 0.8
0.987710858462378 29.8331426908634 "experimento_45" 45 1500 1000 0.95 30 0.4 1 0.8
0.995657542487606 31.3542896579656 "experimento_45" 45 1500 1000 0.95 30 0.4 1 0.8
1.01753359778474 33.1634294206983 "experimento_45" 45 1500 1000 0.95 30 0.4 1 0.8
0.98799918522127 23.8738867055626 "experimento_45" 45 1500 1000 0.95 30 0.4 1 0.8
1.01721602585167 34.8079454158938 "experimento_45" 45 1500 1000 0.95 30 0.4 1 0.8
0.996675599133596 31.4445796677841 "experimento_45" 45 1500 1000 0.95 30 0.4 1 0.8
1.0000879113252 35.5365250958534 "experimento_45" 45 1500 1000 0.95 30 0.4 1 0.8
0.979117923416197 25.5833118605811 "experimento_45" 45 1500 1000 0.95 30 0.4 1 0.8
0.995720277540386 28.6167739194263 "experimento_45" 45 1500 1000 0.95 30 0.4 1 0.8
0.998378213727847 28.8667305699683 "experimento_45" 45 1500 1000 0.95 30 0.4 1 0.8
0.99263623659499 23.0597685343083 "experimento_45" 45 1500 1000 0.95 30 0.4 1 0.8
1.00851974853625 30.0299552762332 "experimento_45" 45 1500 1000 0.95 30 0.4 1 0.8
0.993248038925231 34.6312615576778 "experimento_45" 45 1500 1000 0.95 30 0.4 1 0.8
0.994945592014119 31.8767615650062 "experimento_45" 45 1500 1000 0.95 30 0.4 1 0.8
0.99533030949533 27.7757459092553 "experimento_45" 45 1500 1000 0.95 30 0.4 1 0.8
0.99876857874915 33.9542913175994 "experimento_45" 45 1500 1000 0.95 30 0.4 1 0.8
1.02785431292188 35.5949469567431 "experimento_45" 45 1500 1000 0.95 30 0.4 1 0.8
0.990909955464303 27.6763010790093 "experimento_45" 45 1500 1000 0.95 30 0.4 1 0.8
0.997896468732506 27.0660478615001 "experimento_45" 45 1500 1000 0.95 30 0.4 1 0.8
1.00550496064179 31.8213900872449 "experimento_45" 45 1500 1000 0.95 30 0.4 1 0.8
0.998951502842829 33.9101619947839 "experimento_45" 45 1500 1000 0.95 30 0.4 1 0.8
1.0200325333979 22.8631438882152 "experimento_45" 45 1500 1000 0.95 30 0.4 1 0.8
0.998438125476241 28.8445918474107 "experimento_45" 45 1500 1000 0.95 30 0.4 1 0.8
1.01316081825644 37.0820376906988 "experimento_45" 45 1500 1000 0.95 30 0.4 1 0.8
1.00853198611488 36.5136201691042 "experimento_45" 45 1500 1000 0.95 30 0.4 1 0.8
0.995807578787208 32.6142365452273 "experimento_45" 45 1500 1000 0.95 30 0.4 1 0.8
0.98870630026795 24.4480288758318 "experimento_45" 45 1500 1000 0.95 30 0.4 1 0.8
0.997370249126107 35.5101903078061 "experimento_45" 45 1500 1000 0.95 30 0.4 1 0.8
1.01011567226223 34.4259488697447 "experimento_45" 45 1500 1000 0.95 30 0.4 1 0.8
1.01426796188268 25.7941698001501 "experimento_45" 45 1500 1000 0.95 30 0.4 1 0.8
0.999294465407729 34.5804098844102 "experimento_45" 45 1500 1000 0.95 30 0.4 1 0.8
1.00075853314872 32.0999657438497 "experimento_45" 45 1500 1000 0.95 30 0.4 1 0.8
0.995774801122025 32.4010277389311 "experimento_45" 45 1500 1000 0.95 30 0.4 1 0.8
0.99091712362133 30.7076647910792 "experimento_45" 45 1500 1000 0.95 30 0.4 1 0.8
1.01345056390079 24.9137236803702 "experimento_45" 45 1500 1000 0.95 30 0.4 1 0.8
1.00068296737348 31.2028010157878 "experimento_45" 45 1500 1000 0.95 30 0.4 1 0.8
1.00342595887681 31.0116240607091 "experimento_45" 45 1500 1000 0.95 30 0.4 1 0.8
0.993060590000823 27.9093659176053 "experimento_45" 45 1500 1000 0.95 30 0.4 1 0.8
1.01602539819044 37.9457817359854 "experimento_45" 45 1500 1000 0.95 30 0.4 1 0.8
0.987834519008175 25.8487067575544 "experimento_45" 45 1500 1000 0.95 30 0.4 1 0.8
0.998770956182852 26.8319383480164 "experimento_45" 45 1500 1000 0.95 30 0.4 1 0.8
1.01014631595463 23.7213627275912 "experimento_45" 45 1500 1000 0.95 30 0.4 1 0.8
1.0175452638463 26.5517457148729 "experimento_45" 45 1500 1000 0.95 30 0.4 1 0.8
1.00654582889696 37.6885715183585 "experimento_45" 45 1500 1000 0.95 30 0.4 1 0.8
0.997668898897246 27.5988477368144 "experimento_45" 45 1500 1000 0.95 30 0.4 1 0.8
0.997481442289427 28.3662682804172 "experimento_45" 45 1500 1000 0.95 30 0.4 1 0.8
1.01942480951548 37.4550014814993 "experimento_45" 45 1500 1000 0.95 30 0.4 1 0.8
0.991005433024839 24.9529250026964 "experimento_45" 45 1500 1000 0.95 30 0.4 1 0.8
0.991076203994453 29.9536404138525 "experimento_45" 45 1500 1000 0.95 30 0.4 1 0.8
0.988780335756019 26.3064321436389 "experimento_45" 45 1500 1000 0.95 30 0.4 1 0.8
0.992528235074133 27.3516263998019 "experimento_45" 45 1500 1000 0.95 30 0.4 1 0.8
1.00447884105707 36.7187322873527 "experimento_45" 45 1500 1000 0.95 30 0.4 1 0.8
0.989975902251899 24.8327552911827 "experimento_45" 45 1500 1000 0.95 30 0.4 1 0.8
1.01984025457253 44.4214834329272 "experimento_45" 45 1500 1000 0.95 30 0.4 1 0.8
0.980215016985312 28.3199985879778 "experimento_45" 45 1500 1000 0.95 30 0.4 1 0.8
0.994705337332562 28.5431999671633 "experimento_45" 45 1500 1000 0.95 30 0.4 1 0.8
1.02132066149885 27.4433828562929 "experimento_45" 45 1500 1000 0.95 30 0.4 1 0.8
0.994746726704761 35.856978882582 "experimento_45" 45 1500 1000 0.95 30 0.4 1 0.8
1.0115540149156 36.0785829670156 "experimento_45" 45 1500 1000 0.95 30 0.4 1 0.8
0.993006927426904 37.2643544223061 "experimento_45" 45 1500 1000 0.95 30 0.4 1 0.8
0.993060519220307 22.7121279705516 "experimento_45" 45 1500 1000 0.95 30 0.4 1 0.8
0.997945079347119 27.2153002967153 "experimento_45" 45 1500 1000 0.95 30 0.4 1 0.8
0.997095878235996 34.7719462086539 "experimento_45" 45 1500 1000 0.95 30 0.4 1 0.8
1.0436665569322 28.18353957073 "experimento_45" 45 1500 1000 0.95 30 0.4 1 0.8
0.999248082982376 34.8404971009947 "experimento_45" 45 1500 1000 0.95 30 0.4 1 0.8
0.997990170959383 26.833382286937 "experimento_45" 45 1500 1000 0.95 30 0.4 1 0.8
1.00027226293189 34.3478723452386 "experimento_45" 45 1500 1000 0.95 30 0.4 1 0.8
0.99098911951296 26.2266963906852 "experimento_45" 45 1500 1000 0.95 30 0.4 1 0.8
0.997937077190727 35.3601798697409 "experimento_45" 45 1500 1000 0.95 30 0.4 1 0.8
1.00148378191711 30.2186347880753 "experimento_45" 45 1500 1000 0.95 30 0.4 1 0.8
0.996233796700835 28.6946345893809 "experimento_45" 45 1500 1000 0.95 30 0.4 1 0.8
0.991431875387207 33.6342841551037 "experimento_45" 45 1500 1000 0.95 30 0.4 1 0.8
0.987322404980659 25.9935424100889 "experimento_45" 45 1500 1000 0.95 30 0.4 1 0.8
1.01016544012042 34.4474939243229 "experimento_45" 45 1500 1000 0.95 30 0.4 1 0.8
1.0154548558717 29.7608266426956 "experimento_45" 45 1500 1000 0.95 30 0.4 1 0.8
1.00008465838667 37.8072257422087 "experimento_45" 45 1500 1000 0.95 30 0.4 1 0.8
0.994654814945534 35.5461185682107 "experimento_45" 45 1500 1000 0.95 30 0.4 1 0.8
1.03186204032832 36.1554068457336 "experimento_45" 45 1500 1000 0.95 30 0.4 1 0.8
0.992241458036005 26.6209145148807 "experimento_45" 45 1500 1000 0.95 30 0.4 1 0.8
1.0028035371671 38.6805496301123 "experimento_45" 45 1500 1000 0.95 30 0.4 1 0.8
1.0022514999068 38.8868401924762 "experimento_45" 45 1500 1000 0.95 30 0.4 1 0.8
0.998427064856514 36.5726705504099 "experimento_45" 45 1500 1000 0.95 30 0.4 1 0.8
1.02198068089783 42.4945720129027 "experimento_45" 45 1500 1000 0.95 30 0.4 1 0.8
1.00178879623612 31.4995622285826 "experimento_45" 45 1500 1000 0.95 30 0.4 1 0.8
0.989669509232044 24.784662368291 "experimento_45" 45 1500 1000 0.95 30 0.4 1 0.8
1.00436755935662 27.8402666875144 "experimento_45" 45 1500 1000 0.95 30 0.4 1 0.8
0.995462217601016 28.3304210119528 "experimento_45" 45 1500 1000 0.95 30 0.4 1 0.8
1.00562593621823 31.4211243356677 "experimento_45" 45 1500 1000 0.95 30 0.4 1 0.8
1.00013838150553 33.0262104087456 "experimento_45" 45 1500 1000 0.95 30 0.4 1 0.8
0.99025729787536 24.1734717859583 "experimento_45" 45 1500 1000 0.95 30 0.4 1 0.8
0.997348299482837 29.676327525655 "experimento_45" 45 1500 1000 0.95 30 0.4 1 0.8
0.999095666455105 31.6105553636385 "experimento_45" 45 1500 1000 0.95 30 0.4 1 0.8
0.994251461466774 30.8113961713448 "experimento_45" 45 1500 1000 0.95 30 0.4 1 0.8
0.993226056452841 33.259355492203 "experimento_45" 45 1500 1000 0.95 30 0.4 1 0.8
0.982561993412673 23.2873297896113 "experimento_45" 45 1500 1000 0.95 30 0.4 1 0.8
0.978091975906864 23.6407233027562 "experimento_45" 45 1500 1000 0.95 30 0.4 1 0.8
0.99113502423279 27.0562286819845 "experimento_45" 45 1500 1000 0.95 30 0.4 1 0.8
0.995688250055537 29.4668868636309 "experimento_45" 45 1500 1000 0.95 30 0.4 1 0.8
0.999010838568211 28.5498044993791 "experimento_45" 45 1500 1000 0.95 30 0.4 1 0.8
0.995055063860491 29.4268174193602 "experimento_45" 45 1500 1000 0.95 30 0.4 1 0.8
1.00063694788453 24.2155665130613 "experimento_45" 45 1500 1000 0.95 30 0.4 1 0.8
1.00875411093519 33.8002341417248 "experimento_45" 45 1500 1000 0.95 30 0.4 1 0.8
0.995433288859203 29.8883011387144 "experimento_45" 45 1500 1000 0.95 30 0.4 1 0.8
0.999678018502891 27.4410923135408 "experimento_45" 45 1500 1000 0.95 30 0.4 1 0.8
1.01028666184284 36.2099489168832 "experimento_45" 45 1500 1000 0.95 30 0.4 1 0.8
1.00478862472156 27.619548174723 "experimento_45" 45 1500 1000 0.95 30 0.4 1 0.8
1.04247062528987 31.9311406126193 "experimento_45" 45 1500 1000 0.95 30 0.4 1 0.8
0.996551058953628 28.504638519718 "experimento_45" 45 1500 1000 0.95 30 0.4 1 0.8
1.01548193000878 41.4326731194336 "experimento_45" 45 1500 1000 0.95 30 0.4 1 0.8
1.00749598382972 25.4192076212701 "experimento_45" 45 1500 1000 0.95 30 0.4 1 0.8
1.01121963878783 29.4742543511134 "experimento_45" 45 1500 1000 0.95 30 0.4 1 0.8
0.991381775587797 31.8206742648796 "experimento_45" 45 1500 1000 0.95 30 0.4 1 0.8
0.985596657264978 26.4095562561784 "experimento_45" 45 1500 1000 0.95 30 0.4 1 0.8
0.988370381295681 24.1463220972947 "experimento_45" 45 1500 1000 0.95 30 0.4 1 0.8
0.995823866454884 27.9793789079895 "experimento_45" 45 1500 1000 0.95 30 0.4 1 0.8
1.00254342116047 34.8650593820237 "experimento_45" 45 1500 1000 0.95 30 0.4 1 0.8
1.01141008629153 32.7866435379321 "experimento_45" 45 1500 1000 0.95 30 0.4 1 0.8
0.997257746290416 26.3586635191558 "experimento_45" 45 1500 1000 0.95 30 0.4 1 0.8
