"est.u" "est.lamb" "name" "seed" "size" "replicates" "p_umbral" "exp_lambda" "alpha_pen" "n_pen" "c"
1.00123804907414 31.1882621688448 "experimento_42" 42 10000 1000 0.8 30 0.4 1 0.8
1.01678696118396 30.1658728438924 "experimento_42" 42 10000 1000 0.8 30 0.4 1 0.8
1.03200191886335 27.6626680598281 "experimento_42" 42 10000 1000 0.8 30 0.4 1 0.8
1.02031965496329 32.3514610205225 "experimento_42" 42 10000 1000 0.8 30 0.4 1 0.8
1.02137791657199 30.834374514458 "experimento_42" 42 10000 1000 0.8 30 0.4 1 0.8
0.999583265511319 29.0300331464035 "experimento_42" 42 10000 1000 0.8 30 0.4 1 0.8
1.01655168781678 30.6286885063981 "experimento_42" 42 10000 1000 0.8 30 0.4 1 0.8
1.00461260091203 29.1883711973712 "experimento_42" 42 10000 1000 0.8 30 0.4 1 0.8
1.0437756310824 27.1421946840076 "experimento_42" 42 10000 1000 0.8 30 0.4 1 0.8
0.999782755039632 28.9548602640495 "experimento_42" 42 10000 1000 0.8 30 0.4 1 0.8
1.01040677988591 29.0810662270279 "experimento_42" 42 10000 1000 0.8 30 0.4 1 0.8
1.02128365277547 29.3275576951682 "experimento_42" 42 10000 1000 0.8 30 0.4 1 0.8
1.00011016809169 30.9484533391106 "experimento_42" 42 10000 1000 0.8 30 0.4 1 0.8
0.999628995079547 29.7776206349301 "experimento_42" 42 10000 1000 0.8 30 0.4 1 0.8
1.00737062990027 29.7883297695689 "experimento_42" 42 10000 1000 0.8 30 0.4 1 0.8
0.999655519379303 30.2819600830258 "experimento_42" 42 10000 1000 0.8 30 0.4 1 0.8
1.00000019068283 28.434576192553 "experimento_42" 42 10000 1000 0.8 30 0.4 1 0.8
0.999878117348999 29.6133990093088 "experimento_42" 42 10000 1000 0.8 30 0.4 1 0.8
0.999784801388159 29.6658147998103 "experimento_42" 42 10000 1000 0.8 30 0.4 1 0.8
1.00058748860976 29.3267311383895 "experimento_42" 42 10000 1000 0.8 30 0.4 1 0.8
1.00380024202972 29.5196227004297 "experimento_42" 42 10000 1000 0.8 30 0.4 1 0.8
1.03740680184023 33.2660146564167 "experimento_42" 42 10000 1000 0.8 30 0.4 1 0.8
1.01457967847954 31.4855586590122 "experimento_42" 42 10000 1000 0.8 30 0.4 1 0.8
1.00194597060231 31.4065514562914 "experimento_42" 42 10000 1000 0.8 30 0.4 1 0.8
0.999601682182401 30.3538032625611 "experimento_42" 42 10000 1000 0.8 30 0.4 1 0.8
1.00209036618471 30.6779336077796 "experimento_42" 42 10000 1000 0.8 30 0.4 1 0.8
1.00003538772738 31.0326749278695 "experimento_42" 42 10000 1000 0.8 30 0.4 1 0.8
1.00506627483604 29.9670215125801 "experimento_42" 42 10000 1000 0.8 30 0.4 1 0.8
1.03254123426213 29.3762771735352 "experimento_42" 42 10000 1000 0.8 30 0.4 1 0.8
1.0529272854921 30.3396012719677 "experimento_42" 42 10000 1000 0.8 30 0.4 1 0.8
0.999992783647031 30.3613996455304 "experimento_42" 42 10000 1000 0.8 30 0.4 1 0.8
1.00068476274236 30.487974150527 "experimento_42" 42 10000 1000 0.8 30 0.4 1 0.8
1.00000255308197 30.2666083278176 "experimento_42" 42 10000 1000 0.8 30 0.4 1 0.8
1.00905328147734 30.1134210761629 "experimento_42" 42 10000 1000 0.8 30 0.4 1 0.8
0.999719496350735 31.2266017657408 "experimento_42" 42 10000 1000 0.8 30 0.4 1 0.8
1.02415351650976 31.6151292348224 "experimento_42" 42 10000 1000 0.8 30 0.4 1 0.8
1.01032447813389 29.2598483843495 "experimento_42" 42 10000 1000 0.8 30 0.4 1 0.8
0.999622483504936 29.289947988634 "experimento_42" 42 10000 1000 0.8 30 0.4 1 0.8
1.00027355092267 30.2205144202122 "experimento_42" 42 10000 1000 0.8 30 0.4 1 0.8
1.0057461259409 30.7428623453619 "experimento_42" 42 10000 1000 0.8 30 0.4 1 0.8
1.00138428433325 30.1887880315289 "experimento_42" 42 10000 1000 0.8 30 0.4 1 0.8
1.01153381987161 28.4439500387934 "experimento_42" 42 10000 1000 0.8 30 0.4 1 0.8
1.00265069269795 30.8729936302573 "experimento_42" 42 10000 1000 0.8 30 0.4 1 0.8
1.00329275874731 29.8986142203859 "experimento_42" 42 10000 1000 0.8 30 0.4 1 0.8
1.00067115469525 29.6837296636783 "experimento_42" 42 10000 1000 0.8 30 0.4 1 0.8
1.00362500211396 29.8297654207313 "experimento_42" 42 10000 1000 0.8 30 0.4 1 0.8
1.00599458268743 29.6523434063222 "experimento_42" 42 10000 1000 0.8 30 0.4 1 0.8
0.999683360103518 29.6524649327893 "experimento_42" 42 10000 1000 0.8 30 0.4 1 0.8
0.999505187850446 28.184018683909 "experimento_42" 42 10000 1000 0.8 30 0.4 1 0.8
1.00756297414191 29.2049112690229 "experimento_42" 42 10000 1000 0.8 30 0.4 1 0.8
0.999755344120786 30.2225118152155 "experimento_42" 42 10000 1000 0.8 30 0.4 1 0.8
0.999940084759146 30.1526346891876 "experimento_42" 42 10000 1000 0.8 30 0.4 1 0.8
1.00133092931161 29.2767935213078 "experimento_42" 42 10000 1000 0.8 30 0.4 1 0.8
1.0239225496524 32.2596808772374 "experimento_42" 42 10000 1000 0.8 30 0.4 1 0.8
0.999672866426408 30.3261938474243 "experimento_42" 42 10000 1000 0.8 30 0.4 1 0.8
1.01651576523048 32.3519411023307 "experimento_42" 42 10000 1000 0.8 30 0.4 1 0.8
1.0004634939755 29.9251263719103 "experimento_42" 42 10000 1000 0.8 30 0.4 1 0.8
0.999996497528628 30.3423733108705 "experimento_42" 42 10000 1000 0.8 30 0.4 1 0.8
0.99959730100818 29.2485855773685 "experimento_42" 42 10000 1000 0.8 30 0.4 1 0.8
1.00006022608529 30.5977625637241 "experimento_42" 42 10000 1000 0.8 30 0.4 1 0.8
1.02724680245403 31.3094821664922 "experimento_42" 42 10000 1000 0.8 30 0.4 1 0.8
1.00233303732239 30.491771763229 "experimento_42" 42 10000 1000 0.8 30 0.4 1 0.8
1.00000095258777 30.1103991816483 "experimento_42" 42 10000 1000 0.8 30 0.4 1 0.8
1.01197023095253 31.3251270495996 "experimento_42" 42 10000 1000 0.8 30 0.4 1 0.8
0.999602597206831 29.4371506000649 "experimento_42" 42 10000 1000 0.8 30 0.4 1 0.8
1.00006323631224 29.9931133846478 "experimento_42" 42 10000 1000 0.8 30 0.4 1 0.8
1.00166545137763 30.5626653593069 "experimento_42" 42 10000 1000 0.8 30 0.4 1 0.8
1.00003099828362 30.9131716346812 "experimento_42" 42 10000 1000 0.8 30 0.4 1 0.8
0.999633421190083 29.6325703084458 "experimento_42" 42 10000 1000 0.8 30 0.4 1 0.8
0.99980658502318 29.6642658301458 "experimento_42" 42 10000 1000 0.8 30 0.4 1 0.8
0.999803273240104 30.3832699722908 "experimento_42" 42 10000 1000 0.8 30 0.4 1 0.8
0.999585774028674 30.3619825998273 "experimento_42" 42 10000 1000 0.8 30 0.4 1 0.8
1.00075052706525 30.3170560770755 "experimento_42" 42 10000 1000 0.8 30 0.4 1 0.8
1.0017397971979 30.7821175422099 "experimento_42" 42 10000 1000 0.8 30 0.4 1 0.8
1.00035526961452 29.8421214049624 "experimento_42" 42 10000 1000 0.8 30 0.4 1 0.8
0.999653178267181 28.9304750923261 "experimento_42" 42 10000 1000 0.8 30 0.4 1 0.8
1.00390607534597 29.6829375473307 "experimento_42" 42 10000 1000 0.8 30 0.4 1 0.8
1.00007912292547 29.5597098594453 "experimento_42" 42 10000 1000 0.8 30 0.4 1 0.8
1.02601426697334 30.7680857746733 "experimento_42" 42 10000 1000 0.8 30 0.4 1 0.8
1.00000732725358 29.6425839964424 "experimento_42" 42 10000 1000 0.8 30 0.4 1 0.8
0.99991133552976 29.2787609857123 "experimento_42" 42 10000 1000 0.8 30 0.4 1 0.8
1.0129169346466 30.4126831334553 "experimento_42" 42 10000 1000 0.8 30 0.4 1 0.8
1.0007429837094 29.4829712300771 "experimento_42" 42 10000 1000 0.8 30 0.4 1 0.8
0.99959091632627 29.3202515704436 "experimento_42" 42 10000 1000 0.8 30 0.4 1 0.8
1.00029199897012 30.4114855300436 "experimento_42" 42 10000 1000 0.8 30 0.4 1 0.8
0.99937125784345 30.3045397779484 "experimento_42" 42 10000 1000 0.8 30 0.4 1 0.8
1.01561053749174 31.4759033278056 "experimento_42" 42 10000 1000 0.8 30 0.4 1 0.8
1.00108163654804 29.2704639438972 "experimento_42" 42 10000 1000 0.8 30 0.4 1 0.8
0.999858951894566 29.6694486003947 "experimento_42" 42 10000 1000 0.8 30 0.4 1 0.8
1.00713364655773 28.5935483409699 "experimento_42" 42 10000 1000 0.8 30 0.4 1 0.8
1.00024967218682 29.835547714323 "experimento_42" 42 10000 1000 0.8 30 0.4 1 0.8
0.999622335191816 29.9286366677585 "experimento_42" 42 10000 1000 0.8 30 0.4 1 0.8
0.999887079931796 30.0249558559656 "experimento_42" 42 10000 1000 0.8 30 0.4 1 0.8
1.00343581478422 30.7942708353751 "experimento_42" 42 10000 1000 0.8 30 0.4 1 0.8
0.999580313218758 30.729874320357 "experimento_42" 42 10000 1000 0.8 30 0.4 1 0.8
1.00060713406208 30.4544320430214 "experimento_42" 42 10000 1000 0.8 30 0.4 1 0.8
0.999836065573618 30.3398360626873 "experimento_42" 42 10000 1000 0.8 30 0.4 1 0.8
1.00000091563369 29.9960111841364 "experimento_42" 42 10000 1000 0.8 30 0.4 1 0.8
1.01474674232304 29.9829823016423 "experimento_42" 42 10000 1000 0.8 30 0.4 1 0.8
1.00017257356085 30.5767496469079 "experimento_42" 42 10000 1000 0.8 30 0.4 1 0.8
1.00013067565548 29.1154650497817 "experimento_42" 42 10000 1000 0.8 30 0.4 1 0.8
1.00781869320889 30.7821009174791 "experimento_42" 42 10000 1000 0.8 30 0.4 1 0.8
1.00771207258416 30.5698647765484 "experimento_42" 42 10000 1000 0.8 30 0.4 1 0.8
0.999661950161681 29.4080817515874 "experimento_42" 42 10000 1000 0.8 30 0.4 1 0.8
0.999559050658718 29.9762619617543 "experimento_42" 42 10000 1000 0.8 30 0.4 1 0.8
1.00273595894687 30.4915380215932 "experimento_42" 42 10000 1000 0.8 30 0.4 1 0.8
1.00162177283648 30.0103353881723 "experimento_42" 42 10000 1000 0.8 30 0.4 1 0.8
1.00003308146261 30.5201017138658 "experimento_42" 42 10000 1000 0.8 30 0.4 1 0.8
1.00002384190006 30.2553561708695 "experimento_42" 42 10000 1000 0.8 30 0.4 1 0.8
1.02588230363997 27.8395819495086 "experimento_42" 42 10000 1000 0.8 30 0.4 1 0.8
1.00054458029387 30.6910934701778 "experimento_42" 42 10000 1000 0.8 30 0.4 1 0.8
1.00021185892013 29.5084924957295 "experimento_42" 42 10000 1000 0.8 30 0.4 1 0.8
1.02139083642202 30.9643014717376 "experimento_42" 42 10000 1000 0.8 30 0.4 1 0.8
1.00030527523098 29.3743000273602 "experimento_42" 42 10000 1000 0.8 30 0.4 1 0.8
0.999563097720966 30.1396962696857 "experimento_42" 42 10000 1000 0.8 30 0.4 1 0.8
0.999862793833017 29.6247915734036 "experimento_42" 42 10000 1000 0.8 30 0.4 1 0.8
1.0000460607931 29.2394412683267 "experimento_42" 42 10000 1000 0.8 30 0.4 1 0.8
1.02527098969106 28.2166904774856 "experimento_42" 42 10000 1000 0.8 30 0.4 1 0.8
1.00164480063072 29.7390315491034 "experimento_42" 42 10000 1000 0.8 30 0.4 1 0.8
1.0130683347738 31.5761674111893 "experimento_42" 42 10000 1000 0.8 30 0.4 1 0.8
1.00255891623535 30.9567757223683 "experimento_42" 42 10000 1000 0.8 30 0.4 1 0.8
1.0109063303722 30.2906562574284 "experimento_42" 42 10000 1000 0.8 30 0.4 1 0.8
1.01541425272201 29.5079291382525 "experimento_42" 42 10000 1000 0.8 30 0.4 1 0.8
1.00551649887321 30.6923149012028 "experimento_42" 42 10000 1000 0.8 30 0.4 1 0.8
0.99996118247509 30.6659777837439 "experimento_42" 42 10000 1000 0.8 30 0.4 1 0.8
1.02124209208414 30.6339404231934 "experimento_42" 42 10000 1000 0.8 30 0.4 1 0.8
0.999647474382073 29.8306566927925 "experimento_42" 42 10000 1000 0.8 30 0.4 1 0.8
1.0285743762725 31.5963262182186 "experimento_42" 42 10000 1000 0.8 30 0.4 1 0.8
0.999868051148951 29.5535362353603 "experimento_42" 42 10000 1000 0.8 30 0.4 1 0.8
0.999881169758737 29.7016734756346 "experimento_42" 42 10000 1000 0.8 30 0.4 1 0.8
1.00142146263724 30.6846899742398 "experimento_42" 42 10000 1000 0.8 30 0.4 1 0.8
1.01101811163438 29.8136662248198 "experimento_42" 42 10000 1000 0.8 30 0.4 1 0.8
1.01640737537916 30.1175630843831 "experimento_42" 42 10000 1000 0.8 30 0.4 1 0.8
1.00000444665506 29.6854063576364 "experimento_42" 42 10000 1000 0.8 30 0.4 1 0.8
1.01878677789743 30.1535830545148 "experimento_42" 42 10000 1000 0.8 30 0.4 1 0.8
1.00591576641115 30.0522583640803 "experimento_42" 42 10000 1000 0.8 30 0.4 1 0.8
1.00006519818368 28.8031277162212 "experimento_42" 42 10000 1000 0.8 30 0.4 1 0.8
1.00307013502655 30.6339001165298 "experimento_42" 42 10000 1000 0.8 30 0.4 1 0.8
1.00993262263946 28.1922283883682 "experimento_42" 42 10000 1000 0.8 30 0.4 1 0.8
1.00808414324808 30.5846813698609 "experimento_42" 42 10000 1000 0.8 30 0.4 1 0.8
0.999795082723722 29.3516390951803 "experimento_42" 42 10000 1000 0.8 30 0.4 1 0.8
1.00000671784704 29.7475051376909 "experimento_42" 42 10000 1000 0.8 30 0.4 1 0.8
1.01282631872843 29.5408476150293 "experimento_42" 42 10000 1000 0.8 30 0.4 1 0.8
0.999538471922278 29.3947449518269 "experimento_42" 42 10000 1000 0.8 30 0.4 1 0.8
1.00001651214746 29.8106597115075 "experimento_42" 42 10000 1000 0.8 30 0.4 1 0.8
0.999476788099855 29.2791434661904 "experimento_42" 42 10000 1000 0.8 30 0.4 1 0.8
0.999677592655644 29.2203276881226 "experimento_42" 42 10000 1000 0.8 30 0.4 1 0.8
0.999725028173998 29.4594970978504 "experimento_42" 42 10000 1000 0.8 30 0.4 1 0.8
0.999792935792357 31.3718166514163 "experimento_42" 42 10000 1000 0.8 30 0.4 1 0.8
1.00002012623707 29.4584231290847 "experimento_42" 42 10000 1000 0.8 30 0.4 1 0.8
1.00065426267854 29.0195715121662 "experimento_42" 42 10000 1000 0.8 30 0.4 1 0.8
1.00770323512455 29.6578318576458 "experimento_42" 42 10000 1000 0.8 30 0.4 1 0.8
1.00020561618583 30.7867224177558 "experimento_42" 42 10000 1000 0.8 30 0.4 1 0.8
1.00018598626421 29.9406834571986 "experimento_42" 42 10000 1000 0.8 30 0.4 1 0.8
1.00612671850249 29.7643020163983 "experimento_42" 42 10000 1000 0.8 30 0.4 1 0.8
1.00031448100565 29.5521012528168 "experimento_42" 42 10000 1000 0.8 30 0.4 1 0.8
1.00011925951915 29.3156181916893 "experimento_42" 42 10000 1000 0.8 30 0.4 1 0.8
0.999701160704717 29.6532700714944 "experimento_42" 42 10000 1000 0.8 30 0.4 1 0.8
1.00022690996217 30.0175175136356 "experimento_42" 42 10000 1000 0.8 30 0.4 1 0.8
1.00149607169442 30.4379496831426 "experimento_42" 42 10000 1000 0.8 30 0.4 1 0.8
1.00123211443424 29.833939627714 "experimento_42" 42 10000 1000 0.8 30 0.4 1 0.8
1.00097952879754 30.7500303773287 "experimento_42" 42 10000 1000 0.8 30 0.4 1 0.8
1.01812310470268 28.6194566881147 "experimento_42" 42 10000 1000 0.8 30 0.4 1 0.8
1.00297833585917 30.1061910694641 "experimento_42" 42 10000 1000 0.8 30 0.4 1 0.8
1.02545769257952 31.2749381438714 "experimento_42" 42 10000 1000 0.8 30 0.4 1 0.8
1.01780138234608 30.0081458053547 "experimento_42" 42 10000 1000 0.8 30 0.4 1 0.8
1.00025176193523 29.5344430735422 "experimento_42" 42 10000 1000 0.8 30 0.4 1 0.8
0.999502416234463 29.3130954666453 "experimento_42" 42 10000 1000 0.8 30 0.4 1 0.8
1.0072943068481 28.1125003875315 "experimento_42" 42 10000 1000 0.8 30 0.4 1 0.8
1.00016926144487 30.2721137758612 "experimento_42" 42 10000 1000 0.8 30 0.4 1 0.8
1.00440520869258 29.8429326443432 "experimento_42" 42 10000 1000 0.8 30 0.4 1 0.8
1.00527665062497 30.1188295683346 "experimento_42" 42 10000 1000 0.8 30 0.4 1 0.8
1.00001395196204 29.6131078063959 "experimento_42" 42 10000 1000 0.8 30 0.4 1 0.8
0.99996610195376 31.1112021889814 "experimento_42" 42 10000 1000 0.8 30 0.4 1 0.8
1.00175040347023 29.9699034310192 "experimento_42" 42 10000 1000 0.8 30 0.4 1 0.8
0.999686456751078 29.9360424871195 "experimento_42" 42 10000 1000 0.8 30 0.4 1 0.8
1.00005973271571 30.6143970261768 "experimento_42" 42 10000 1000 0.8 30 0.4 1 0.8
0.999244706006721 28.9882460653586 "experimento_42" 42 10000 1000 0.8 30 0.4 1 0.8
1.00209347157878 29.7312519129223 "experimento_42" 42 10000 1000 0.8 30 0.4 1 0.8
0.999533725203946 29.9292416208455 "experimento_42" 42 10000 1000 0.8 30 0.4 1 0.8
0.999893698608503 29.1502817559046 "experimento_42" 42 10000 1000 0.8 30 0.4 1 0.8
1.00098010524647 29.8103495123795 "experimento_42" 42 10000 1000 0.8 30 0.4 1 0.8
1.01555853318423 31.536465649504 "experimento_42" 42 10000 1000 0.8 30 0.4 1 0.8
1.00140325604784 29.4399245842279 "experimento_42" 42 10000 1000 0.8 30 0.4 1 0.8
0.999823357677087 29.8051283877085 "experimento_42" 42 10000 1000 0.8 30 0.4 1 0.8
1.02888037326295 29.5604372695627 "experimento_42" 42 10000 1000 0.8 30 0.4 1 0.8
1.01010472205111 29.159841800558 "experimento_42" 42 10000 1000 0.8 30 0.4 1 0.8
1.00210069259629 29.0719446881764 "experimento_42" 42 10000 1000 0.8 30 0.4 1 0.8
1.01346099547421 30.2411083898561 "experimento_42" 42 10000 1000 0.8 30 0.4 1 0.8
0.999695007922128 29.0724856064429 "experimento_42" 42 10000 1000 0.8 30 0.4 1 0.8
1.00067489502641 30.4887673810422 "experimento_42" 42 10000 1000 0.8 30 0.4 1 0.8
1.00247911619954 30.6084911317094 "experimento_42" 42 10000 1000 0.8 30 0.4 1 0.8
0.999835047870874 29.9433779489775 "experimento_42" 42 10000 1000 0.8 30 0.4 1 0.8
0.999883549520746 29.7891942795349 "experimento_42" 42 10000 1000 0.8 30 0.4 1 0.8
1.00028910011364 30.3296101744061 "experimento_42" 42 10000 1000 0.8 30 0.4 1 0.8
0.999773647869006 29.8230621906575 "experimento_42" 42 10000 1000 0.8 30 0.4 1 0.8
0.99984715715982 29.7044496592324 "experimento_42" 42 10000 1000 0.8 30 0.4 1 0.8
1.00000246513741 30.3164095008917 "experimento_42" 42 10000 1000 0.8 30 0.4 1 0.8
1.00001876908354 30.4359295060915 "experimento_42" 42 10000 1000 0.8 30 0.4 1 0.8
0.999526262981817 28.6406603108922 "experimento_42" 42 10000 1000 0.8 30 0.4 1 0.8
1.00195134322469 31.2010357053741 "experimento_42" 42 10000 1000 0.8 30 0.4 1 0.8
0.999585172627121 30.2201486966288 "experimento_42" 42 10000 1000 0.8 30 0.4 1 0.8
0.999711222015321 31.6793719822016 "experimento_42" 42 10000 1000 0.8 30 0.4 1 0.8
0.999766449443996 30.7543019514832 "experimento_42" 42 10000 1000 0.8 30 0.4 1 0.8
1.02471017652241 27.6504657070628 "experimento_42" 42 10000 1000 0.8 30 0.4 1 0.8
0.999935595784336 29.2024738051977 "experimento_42" 42 10000 1000 0.8 30 0.4 1 0.8
1.00925454165166 29.4644965066813 "experimento_42" 42 10000 1000 0.8 30 0.4 1 0.8
1.00167299748088 30.5411289311872 "experimento_42" 42 10000 1000 0.8 30 0.4 1 0.8
1.00007406566292 29.5397523664396 "experimento_42" 42 10000 1000 0.8 30 0.4 1 0.8
1.0020120160499 30.7608317873417 "experimento_42" 42 10000 1000 0.8 30 0.4 1 0.8
1.00003893064827 30.0769748370716 "experimento_42" 42 10000 1000 0.8 30 0.4 1 0.8
1.0041637043003 31.2327720691036 "experimento_42" 42 10000 1000 0.8 30 0.4 1 0.8
1.03346737303321 31.301229240593 "experimento_42" 42 10000 1000 0.8 30 0.4 1 0.8
1.00064510099279 29.716411234859 "experimento_42" 42 10000 1000 0.8 30 0.4 1 0.8
1.001629669126 30.3667473973398 "experimento_42" 42 10000 1000 0.8 30 0.4 1 0.8
1.01380195578871 30.8323388109892 "experimento_42" 42 10000 1000 0.8 30 0.4 1 0.8
1.0000190284724 30.3302938752183 "experimento_42" 42 10000 1000 0.8 30 0.4 1 0.8
0.999461785657331 28.7710311083875 "experimento_42" 42 10000 1000 0.8 30 0.4 1 0.8
1.01110104612696 29.8563791504754 "experimento_42" 42 10000 1000 0.8 30 0.4 1 0.8
0.999537104042247 29.8269693350413 "experimento_42" 42 10000 1000 0.8 30 0.4 1 0.8
1.00004370235838 29.4122175023253 "experimento_42" 42 10000 1000 0.8 30 0.4 1 0.8
0.999661864945665 29.7691040920251 "experimento_42" 42 10000 1000 0.8 30 0.4 1 0.8
1.00786280455068 28.6147058150032 "experimento_42" 42 10000 1000 0.8 30 0.4 1 0.8
1.00105456888365 28.5783169680545 "experimento_42" 42 10000 1000 0.8 30 0.4 1 0.8
0.999492851784453 29.5211452612418 "experimento_42" 42 10000 1000 0.8 30 0.4 1 0.8
1.0214402444195 28.0089765218833 "experimento_42" 42 10000 1000 0.8 30 0.4 1 0.8
1.00036396724423 29.7353518155757 "experimento_42" 42 10000 1000 0.8 30 0.4 1 0.8
1.0000430987527 29.2355658393054 "experimento_42" 42 10000 1000 0.8 30 0.4 1 0.8
1.00266853499537 29.3994745034751 "experimento_42" 42 10000 1000 0.8 30 0.4 1 0.8
1.00064912480302 30.531944466369 "experimento_42" 42 10000 1000 0.8 30 0.4 1 0.8
1.000002402751 29.8941684969165 "experimento_42" 42 10000 1000 0.8 30 0.4 1 0.8
0.999467959394678 29.4051683893533 "experimento_42" 42 10000 1000 0.8 30 0.4 1 0.8
0.999553792877123 30.1954423213403 "experimento_42" 42 10000 1000 0.8 30 0.4 1 0.8
1.02458019414777 32.1082477732293 "experimento_42" 42 10000 1000 0.8 30 0.4 1 0.8
1.00475748651661 29.5726679526653 "experimento_42" 42 10000 1000 0.8 30 0.4 1 0.8
1.00017486954587 30.0904650225359 "experimento_42" 42 10000 1000 0.8 30 0.4 1 0.8
1.00492204125039 29.5281760504487 "experimento_42" 42 10000 1000 0.8 30 0.4 1 0.8
1.00029878133597 29.6360711544125 "experimento_42" 42 10000 1000 0.8 30 0.4 1 0.8
1.00000970997121 30.4313830072393 "experimento_42" 42 10000 1000 0.8 30 0.4 1 0.8
1.02324024066189 29.4811052578039 "experimento_42" 42 10000 1000 0.8 30 0.4 1 0.8
1.00967911312724 31.3872987948684 "experimento_42" 42 10000 1000 0.8 30 0.4 1 0.8
1.02348629034295 30.8946694143345 "experimento_42" 42 10000 1000 0.8 30 0.4 1 0.8
1.00015469142236 29.0976937435613 "experimento_42" 42 10000 1000 0.8 30 0.4 1 0.8
0.99963031266816 30.080551000945 "experimento_42" 42 10000 1000 0.8 30 0.4 1 0.8
0.999999002087861 30.3312856443754 "experimento_42" 42 10000 1000 0.8 30 0.4 1 0.8
0.999700790038332 30.7312115768792 "experimento_42" 42 10000 1000 0.8 30 0.4 1 0.8
0.999740933068097 28.3743381644786 "experimento_42" 42 10000 1000 0.8 30 0.4 1 0.8
1.01966407983564 28.9145985798685 "experimento_42" 42 10000 1000 0.8 30 0.4 1 0.8
1.00013831918368 31.459079148878 "experimento_42" 42 10000 1000 0.8 30 0.4 1 0.8
1.00001848706355 29.5222820712879 "experimento_42" 42 10000 1000 0.8 30 0.4 1 0.8
1.00001866319217 30.5586435860592 "experimento_42" 42 10000 1000 0.8 30 0.4 1 0.8
0.999703529523686 30.5171672953307 "experimento_42" 42 10000 1000 0.8 30 0.4 1 0.8
1.00006409569954 29.7765540650534 "experimento_42" 42 10000 1000 0.8 30 0.4 1 0.8
0.999207113869488 29.2136134417205 "experimento_42" 42 10000 1000 0.8 30 0.4 1 0.8
1.00340209294421 30.4580168417318 "experimento_42" 42 10000 1000 0.8 30 0.4 1 0.8
1.00010520415178 30.2223782876467 "experimento_42" 42 10000 1000 0.8 30 0.4 1 0.8
1.0000708228598 29.9591883797395 "experimento_42" 42 10000 1000 0.8 30 0.4 1 0.8
1.01582385088938 31.2888137741164 "experimento_42" 42 10000 1000 0.8 30 0.4 1 0.8
1.02489868551353 29.5984411208883 "experimento_42" 42 10000 1000 0.8 30 0.4 1 0.8
0.99987120856531 29.6792456435022 "experimento_42" 42 10000 1000 0.8 30 0.4 1 0.8
1.001051286264 29.7166380807402 "experimento_42" 42 10000 1000 0.8 30 0.4 1 0.8
1.0052124571363 30.9092622856256 "experimento_42" 42 10000 1000 0.8 30 0.4 1 0.8
1.00144845807165 30.5333435196465 "experimento_42" 42 10000 1000 0.8 30 0.4 1 0.8
1.01156513655248 30.6911275790426 "experimento_42" 42 10000 1000 0.8 30 0.4 1 0.8
1.00030455196587 30.881282245267 "experimento_42" 42 10000 1000 0.8 30 0.4 1 0.8
1.00016685184035 30.8600298561388 "experimento_42" 42 10000 1000 0.8 30 0.4 1 0.8
1.0000223843325 29.6711917963093 "experimento_42" 42 10000 1000 0.8 30 0.4 1 0.8
1.01372135273802 29.2719020998352 "experimento_42" 42 10000 1000 0.8 30 0.4 1 0.8
0.999579850584269 29.8660641602987 "experimento_42" 42 10000 1000 0.8 30 0.4 1 0.8
1.00001525015881 30.1648780732988 "experimento_42" 42 10000 1000 0.8 30 0.4 1 0.8
1.00005062768857 29.8778060337996 "experimento_42" 42 10000 1000 0.8 30 0.4 1 0.8
1.00047906610804 30.4283268961055 "experimento_42" 42 10000 1000 0.8 30 0.4 1 0.8
1.00543381448899 31.9891875978957 "experimento_42" 42 10000 1000 0.8 30 0.4 1 0.8
0.999546277802438 28.5493316712613 "experimento_42" 42 10000 1000 0.8 30 0.4 1 0.8
1.00011390872921 29.2298966346945 "experimento_42" 42 10000 1000 0.8 30 0.4 1 0.8
1.00421188265706 29.8953829324549 "experimento_42" 42 10000 1000 0.8 30 0.4 1 0.8
1.0000826543197 30.700470506383 "experimento_42" 42 10000 1000 0.8 30 0.4 1 0.8
0.999529391061515 28.5651385671128 "experimento_42" 42 10000 1000 0.8 30 0.4 1 0.8
1.00282814328869 30.3519523471804 "experimento_42" 42 10000 1000 0.8 30 0.4 1 0.8
1.00005088704638 30.3594443004641 "experimento_42" 42 10000 1000 0.8 30 0.4 1 0.8
1.0127926742658 29.9827381586134 "experimento_42" 42 10000 1000 0.8 30 0.4 1 0.8
1.00955106834881 30.8511775279202 "experimento_42" 42 10000 1000 0.8 30 0.4 1 0.8
1.00027672080323 29.8623315320879 "experimento_42" 42 10000 1000 0.8 30 0.4 1 0.8
1.00521113445672 29.3162497776309 "experimento_42" 42 10000 1000 0.8 30 0.4 1 0.8
0.99978249380365 27.8163995344235 "experimento_42" 42 10000 1000 0.8 30 0.4 1 0.8
1.00004199127815 29.0148153080606 "experimento_42" 42 10000 1000 0.8 30 0.4 1 0.8
1.00128408032469 29.5000542066377 "experimento_42" 42 10000 1000 0.8 30 0.4 1 0.8
1.000007397365 30.2693114747335 "experimento_42" 42 10000 1000 0.8 30 0.4 1 0.8
0.999827251303941 30.455185373928 "experimento_42" 42 10000 1000 0.8 30 0.4 1 0.8
1.00001648209679 29.9612396168159 "experimento_42" 42 10000 1000 0.8 30 0.4 1 0.8
0.999761965824291 29.7770146415638 "experimento_42" 42 10000 1000 0.8 30 0.4 1 0.8
1.0418045383864 29.8605118012618 "experimento_42" 42 10000 1000 0.8 30 0.4 1 0.8
1.01633679557902 28.8571939739544 "experimento_42" 42 10000 1000 0.8 30 0.4 1 0.8
1.01905864750346 31.2018678578713 "experimento_42" 42 10000 1000 0.8 30 0.4 1 0.8
0.999579145107418 30.163590459074 "experimento_42" 42 10000 1000 0.8 30 0.4 1 0.8
1.00361464400082 30.0612604122895 "experimento_42" 42 10000 1000 0.8 30 0.4 1 0.8
1.01493681237722 26.6846535296254 "experimento_42" 42 10000 1000 0.8 30 0.4 1 0.8
1.00066404699658 29.7272894416471 "experimento_42" 42 10000 1000 0.8 30 0.4 1 0.8
1.02397048190717 31.2447696184021 "experimento_42" 42 10000 1000 0.8 30 0.4 1 0.8
1.00078785329436 31.0825435029913 "experimento_42" 42 10000 1000 0.8 30 0.4 1 0.8
0.999124453170225 29.5287490476428 "experimento_42" 42 10000 1000 0.8 30 0.4 1 0.8
1.00680810748547 29.923272379711 "experimento_42" 42 10000 1000 0.8 30 0.4 1 0.8
1.00005182887738 31.0022583802286 "experimento_42" 42 10000 1000 0.8 30 0.4 1 0.8
0.999748958973214 29.5628519740198 "experimento_42" 42 10000 1000 0.8 30 0.4 1 0.8
1.02768871253216 27.4180651812625 "experimento_42" 42 10000 1000 0.8 30 0.4 1 0.8
0.999586947262287 30.2910112480739 "experimento_42" 42 10000 1000 0.8 30 0.4 1 0.8
0.999865263933316 30.0674667602673 "experimento_42" 42 10000 1000 0.8 30 0.4 1 0.8
0.999939949018881 30.3015247695771 "experimento_42" 42 10000 1000 0.8 30 0.4 1 0.8
1.02197268567979 30.8945987311483 "experimento_42" 42 10000 1000 0.8 30 0.4 1 0.8
1.00013282919564 30.3555432956768 "experimento_42" 42 10000 1000 0.8 30 0.4 1 0.8
1.00315926790548 29.1974683309515 "experimento_42" 42 10000 1000 0.8 30 0.4 1 0.8
0.999651782447472 30.2810419906127 "experimento_42" 42 10000 1000 0.8 30 0.4 1 0.8
1.00177034869149 29.4528102790385 "experimento_42" 42 10000 1000 0.8 30 0.4 1 0.8
1.00039497944526 30.2916391662498 "experimento_42" 42 10000 1000 0.8 30 0.4 1 0.8
1.00000088746109 30.4424283100734 "experimento_42" 42 10000 1000 0.8 30 0.4 1 0.8
1.00387084047931 30.202174302749 "experimento_42" 42 10000 1000 0.8 30 0.4 1 0.8
1.00375469910508 30.2056633854758 "experimento_42" 42 10000 1000 0.8 30 0.4 1 0.8
1.00001558743728 30.3906861097118 "experimento_42" 42 10000 1000 0.8 30 0.4 1 0.8
0.999362781643867 28.9139431310941 "experimento_42" 42 10000 1000 0.8 30 0.4 1 0.8
1.00001449764006 29.5082378837416 "experimento_42" 42 10000 1000 0.8 30 0.4 1 0.8
1.00179597375294 29.1896373920026 "experimento_42" 42 10000 1000 0.8 30 0.4 1 0.8
1.00401481065589 30.2726191411493 "experimento_42" 42 10000 1000 0.8 30 0.4 1 0.8
1.00029442482628 30.9631030383584 "experimento_42" 42 10000 1000 0.8 30 0.4 1 0.8
1.01316164351689 28.4614627146226 "experimento_42" 42 10000 1000 0.8 30 0.4 1 0.8
0.999770915834233 29.829623426604 "experimento_42" 42 10000 1000 0.8 30 0.4 1 0.8
1.00789505991464 30.8645040065701 "experimento_42" 42 10000 1000 0.8 30 0.4 1 0.8
1.00989905667486 29.2309981526249 "experimento_42" 42 10000 1000 0.8 30 0.4 1 0.8
1.01994128053387 28.9383928490586 "experimento_42" 42 10000 1000 0.8 30 0.4 1 0.8
1.00000035831436 29.7602343299895 "experimento_42" 42 10000 1000 0.8 30 0.4 1 0.8
0.999630101956427 28.8329829861997 "experimento_42" 42 10000 1000 0.8 30 0.4 1 0.8
1.00384877763378 29.9575263162767 "experimento_42" 42 10000 1000 0.8 30 0.4 1 0.8
1.00003458759747 29.8737513704348 "experimento_42" 42 10000 1000 0.8 30 0.4 1 0.8
1.00004785531029 29.7493336527484 "experimento_42" 42 10000 1000 0.8 30 0.4 1 0.8
1.00996039353956 31.5362186716877 "experimento_42" 42 10000 1000 0.8 30 0.4 1 0.8
1.01528386517117 30.2765026598236 "experimento_42" 42 10000 1000 0.8 30 0.4 1 0.8
0.999608624726534 28.8679223549659 "experimento_42" 42 10000 1000 0.8 30 0.4 1 0.8
1.00000004651956 29.9830718407985 "experimento_42" 42 10000 1000 0.8 30 0.4 1 0.8
1.00074287084535 30.0303038507061 "experimento_42" 42 10000 1000 0.8 30 0.4 1 0.8
1.00108245979063 29.7333273188553 "experimento_42" 42 10000 1000 0.8 30 0.4 1 0.8
0.99939715792425 28.3672436779698 "experimento_42" 42 10000 1000 0.8 30 0.4 1 0.8
1.00006659928247 30.3775722078184 "experimento_42" 42 10000 1000 0.8 30 0.4 1 0.8
1.00050645439103 30.4127598885011 "experimento_42" 42 10000 1000 0.8 30 0.4 1 0.8
1.00021743105414 30.3546314740376 "experimento_42" 42 10000 1000 0.8 30 0.4 1 0.8
0.999917234061286 30.1402964607629 "experimento_42" 42 10000 1000 0.8 30 0.4 1 0.8
1.00028570293481 29.0902075235178 "experimento_42" 42 10000 1000 0.8 30 0.4 1 0.8
1.00009724890503 30.6905216455816 "experimento_42" 42 10000 1000 0.8 30 0.4 1 0.8
1.00239840745926 30.737698322607 "experimento_42" 42 10000 1000 0.8 30 0.4 1 0.8
0.99967432860285 29.6676620572706 "experimento_42" 42 10000 1000 0.8 30 0.4 1 0.8
1.0005166562342 29.1088699067899 "experimento_42" 42 10000 1000 0.8 30 0.4 1 0.8
1.00032933880575 29.8461553562711 "experimento_42" 42 10000 1000 0.8 30 0.4 1 0.8
1.00113198930272 29.789027221628 "experimento_42" 42 10000 1000 0.8 30 0.4 1 0.8
0.999772029696032 30.075176159636 "experimento_42" 42 10000 1000 0.8 30 0.4 1 0.8
1.00011018166939 30.144772132135 "experimento_42" 42 10000 1000 0.8 30 0.4 1 0.8
0.999585459474474 29.8781949089565 "experimento_42" 42 10000 1000 0.8 30 0.4 1 0.8
0.999854790046811 29.1936323680152 "experimento_42" 42 10000 1000 0.8 30 0.4 1 0.8
1.03535380808949 32.2080996831047 "experimento_42" 42 10000 1000 0.8 30 0.4 1 0.8
1.00097154456501 29.7506938750074 "experimento_42" 42 10000 1000 0.8 30 0.4 1 0.8
1.01556837322811 29.1798844122631 "experimento_42" 42 10000 1000 0.8 30 0.4 1 0.8
1.01657529564885 30.5085583291402 "experimento_42" 42 10000 1000 0.8 30 0.4 1 0.8
1.03241349833211 29.777704546772 "experimento_42" 42 10000 1000 0.8 30 0.4 1 0.8
0.999552318593487 28.3201704320321 "experimento_42" 42 10000 1000 0.8 30 0.4 1 0.8
1.02159788038892 30.051508026323 "experimento_42" 42 10000 1000 0.8 30 0.4 1 0.8
1.00017965245922 30.0221068046649 "experimento_42" 42 10000 1000 0.8 30 0.4 1 0.8
1.00160124663574 29.1277102020913 "experimento_42" 42 10000 1000 0.8 30 0.4 1 0.8
1.00775445688826 29.181111980695 "experimento_42" 42 10000 1000 0.8 30 0.4 1 0.8
1.00493599269539 31.1692861222338 "experimento_42" 42 10000 1000 0.8 30 0.4 1 0.8
1.00000108922832 30.0477705218794 "experimento_42" 42 10000 1000 0.8 30 0.4 1 0.8
1.00107187140189 31.3747022904733 "experimento_42" 42 10000 1000 0.8 30 0.4 1 0.8
0.999946965603158 29.6226546768226 "experimento_42" 42 10000 1000 0.8 30 0.4 1 0.8
1.00059966472909 30.6179499342991 "experimento_42" 42 10000 1000 0.8 30 0.4 1 0.8
1.00005342792253 29.8133933572407 "experimento_42" 42 10000 1000 0.8 30 0.4 1 0.8
1.00389607193259 29.169381390307 "experimento_42" 42 10000 1000 0.8 30 0.4 1 0.8
1.00381308986495 28.9775150205087 "experimento_42" 42 10000 1000 0.8 30 0.4 1 0.8
0.999551687156782 29.943669841783 "experimento_42" 42 10000 1000 0.8 30 0.4 1 0.8
1.00200011484946 29.8161958784838 "experimento_42" 42 10000 1000 0.8 30 0.4 1 0.8
0.999768272740766 30.0249100030682 "experimento_42" 42 10000 1000 0.8 30 0.4 1 0.8
0.999469379195943 28.2866690665594 "experimento_42" 42 10000 1000 0.8 30 0.4 1 0.8
1.00015559103667 30.0901369099393 "experimento_42" 42 10000 1000 0.8 30 0.4 1 0.8
1.00099049745507 31.3614149675454 "experimento_42" 42 10000 1000 0.8 30 0.4 1 0.8
0.999771222705022 29.2237415212535 "experimento_42" 42 10000 1000 0.8 30 0.4 1 0.8
1.00434371237643 30.0533509714511 "experimento_42" 42 10000 1000 0.8 30 0.4 1 0.8
0.999848110135645 30.1610871003396 "experimento_42" 42 10000 1000 0.8 30 0.4 1 0.8
0.999960004817694 29.7234945222272 "experimento_42" 42 10000 1000 0.8 30 0.4 1 0.8
1.00727338090622 30.7969494145921 "experimento_42" 42 10000 1000 0.8 30 0.4 1 0.8
1.00009203601318 30.7049294247112 "experimento_42" 42 10000 1000 0.8 30 0.4 1 0.8
1.00004036020999 30.1359340936366 "experimento_42" 42 10000 1000 0.8 30 0.4 1 0.8
1.00007538109397 30.7675066835625 "experimento_42" 42 10000 1000 0.8 30 0.4 1 0.8
1.01030886901232 29.878609562794 "experimento_42" 42 10000 1000 0.8 30 0.4 1 0.8
1.00264794963102 29.8580388184536 "experimento_42" 42 10000 1000 0.8 30 0.4 1 0.8
1.00000036916075 29.6503164021393 "experimento_42" 42 10000 1000 0.8 30 0.4 1 0.8
1.01741596413776 29.6979757274664 "experimento_42" 42 10000 1000 0.8 30 0.4 1 0.8
1.00158835515221 29.5563279797286 "experimento_42" 42 10000 1000 0.8 30 0.4 1 0.8
1.01150531992316 27.942429098532 "experimento_42" 42 10000 1000 0.8 30 0.4 1 0.8
0.999793493188918 29.7510202981107 "experimento_42" 42 10000 1000 0.8 30 0.4 1 0.8
1.01881909202784 30.2037106754516 "experimento_42" 42 10000 1000 0.8 30 0.4 1 0.8
0.99966680794023 29.8952360471716 "experimento_42" 42 10000 1000 0.8 30 0.4 1 0.8
1.00471972345064 30.4259413046386 "experimento_42" 42 10000 1000 0.8 30 0.4 1 0.8
0.999651052057743 29.4905061627336 "experimento_42" 42 10000 1000 0.8 30 0.4 1 0.8
1.00028875186421 29.0482303661089 "experimento_42" 42 10000 1000 0.8 30 0.4 1 0.8
1.02279819493803 31.358080281372 "experimento_42" 42 10000 1000 0.8 30 0.4 1 0.8
0.999826362356544 29.6741069459244 "experimento_42" 42 10000 1000 0.8 30 0.4 1 0.8
0.999900073744357 30.9079749243156 "experimento_42" 42 10000 1000 0.8 30 0.4 1 0.8
1.00014518317766 29.837799174287 "experimento_42" 42 10000 1000 0.8 30 0.4 1 0.8
1.02094205406805 28.2352194200187 "experimento_42" 42 10000 1000 0.8 30 0.4 1 0.8
1.00768836657604 29.658461723553 "experimento_42" 42 10000 1000 0.8 30 0.4 1 0.8
0.999624652555212 28.6912386555915 "experimento_42" 42 10000 1000 0.8 30 0.4 1 0.8
1.00066758906469 29.384200019657 "experimento_42" 42 10000 1000 0.8 30 0.4 1 0.8
1.00004803178578 29.7742246818766 "experimento_42" 42 10000 1000 0.8 30 0.4 1 0.8
1.02106321918157 28.6729728134073 "experimento_42" 42 10000 1000 0.8 30 0.4 1 0.8
1.00009419073661 29.9657340959492 "experimento_42" 42 10000 1000 0.8 30 0.4 1 0.8
1.03426947410389 27.5210621040689 "experimento_42" 42 10000 1000 0.8 30 0.4 1 0.8
1.00000540971135 29.9382040036311 "experimento_42" 42 10000 1000 0.8 30 0.4 1 0.8
1.00707667783524 30.7803038230416 "experimento_42" 42 10000 1000 0.8 30 0.4 1 0.8
0.999209555331618 30.0190728680337 "experimento_42" 42 10000 1000 0.8 30 0.4 1 0.8
1.00702734252748 31.5867716133568 "experimento_42" 42 10000 1000 0.8 30 0.4 1 0.8
0.999997456790879 29.2680000740615 "experimento_42" 42 10000 1000 0.8 30 0.4 1 0.8
0.99963367707096 29.8794879910735 "experimento_42" 42 10000 1000 0.8 30 0.4 1 0.8
1.00169695966567 30.2642913587975 "experimento_42" 42 10000 1000 0.8 30 0.4 1 0.8
0.999847057275474 29.836157829895 "experimento_42" 42 10000 1000 0.8 30 0.4 1 0.8
1.0324223883436 28.9394005676693 "experimento_42" 42 10000 1000 0.8 30 0.4 1 0.8
0.999674425227568 29.461403494494 "experimento_42" 42 10000 1000 0.8 30 0.4 1 0.8
1.01135138979492 28.6223472930717 "experimento_42" 42 10000 1000 0.8 30 0.4 1 0.8
1.00005241514528 30.2421643590799 "experimento_42" 42 10000 1000 0.8 30 0.4 1 0.8
1.00500283405806 31.2800964984427 "experimento_42" 42 10000 1000 0.8 30 0.4 1 0.8
1.00003820486988 30.5066679222662 "experimento_42" 42 10000 1000 0.8 30 0.4 1 0.8
1.0001656570736 30.0012238453551 "experimento_42" 42 10000 1000 0.8 30 0.4 1 0.8
1.00184280706232 28.7264018648362 "experimento_42" 42 10000 1000 0.8 30 0.4 1 0.8
1.02348821949499 30.1884390551375 "experimento_42" 42 10000 1000 0.8 30 0.4 1 0.8
1.00709606122107 30.8461285312208 "experimento_42" 42 10000 1000 0.8 30 0.4 1 0.8
0.99958757776767 29.7472440637506 "experimento_42" 42 10000 1000 0.8 30 0.4 1 0.8
1.00001168521121 29.2924766066614 "experimento_42" 42 10000 1000 0.8 30 0.4 1 0.8
0.999690134078264 29.4873682634302 "experimento_42" 42 10000 1000 0.8 30 0.4 1 0.8
1.0052195799537 30.0732490392377 "experimento_42" 42 10000 1000 0.8 30 0.4 1 0.8
1.00193319302397 30.3358108028033 "experimento_42" 42 10000 1000 0.8 30 0.4 1 0.8
1.01127767905903 29.5354111895039 "experimento_42" 42 10000 1000 0.8 30 0.4 1 0.8
1.00626765581158 30.0451517766343 "experimento_42" 42 10000 1000 0.8 30 0.4 1 0.8
1.02562694580465 31.1482246045021 "experimento_42" 42 10000 1000 0.8 30 0.4 1 0.8
1.00129761844873 29.4216005947516 "experimento_42" 42 10000 1000 0.8 30 0.4 1 0.8
1.00000632846107 31.1334010481722 "experimento_42" 42 10000 1000 0.8 30 0.4 1 0.8
1.00502303694375 29.7423819639395 "experimento_42" 42 10000 1000 0.8 30 0.4 1 0.8
1.00178574693079 29.4962309107322 "experimento_42" 42 10000 1000 0.8 30 0.4 1 0.8
1.01024854169676 30.1433088862249 "experimento_42" 42 10000 1000 0.8 30 0.4 1 0.8
0.999621487222612 30.1970936329704 "experimento_42" 42 10000 1000 0.8 30 0.4 1 0.8
1.00869803166327 31.6943506502877 "experimento_42" 42 10000 1000 0.8 30 0.4 1 0.8
1.00003801273904 30.7349429765432 "experimento_42" 42 10000 1000 0.8 30 0.4 1 0.8
1.00002591243279 29.6792633403926 "experimento_42" 42 10000 1000 0.8 30 0.4 1 0.8
1.00333677032031 31.6087159463791 "experimento_42" 42 10000 1000 0.8 30 0.4 1 0.8
0.99995286995545 30.5770554894278 "experimento_42" 42 10000 1000 0.8 30 0.4 1 0.8
1.0191324539793 30.7237390291121 "experimento_42" 42 10000 1000 0.8 30 0.4 1 0.8
0.999866286758333 28.7116339810111 "experimento_42" 42 10000 1000 0.8 30 0.4 1 0.8
1.00005142992738 29.7806624123264 "experimento_42" 42 10000 1000 0.8 30 0.4 1 0.8
1.00686375861987 30.1098344943731 "experimento_42" 42 10000 1000 0.8 30 0.4 1 0.8
0.999952536774799 30.4715842370655 "experimento_42" 42 10000 1000 0.8 30 0.4 1 0.8
0.999738574493676 29.4554925517515 "experimento_42" 42 10000 1000 0.8 30 0.4 1 0.8
1.00078903537554 32.0019583720116 "experimento_42" 42 10000 1000 0.8 30 0.4 1 0.8
1.00006986358674 30.7461146851647 "experimento_42" 42 10000 1000 0.8 30 0.4 1 0.8
0.999679681612179 28.695746740469 "experimento_42" 42 10000 1000 0.8 30 0.4 1 0.8
1.01178216526725 28.3409471928549 "experimento_42" 42 10000 1000 0.8 30 0.4 1 0.8
1.00505331299889 29.7943441509624 "experimento_42" 42 10000 1000 0.8 30 0.4 1 0.8
1.00000907472401 29.4264756069043 "experimento_42" 42 10000 1000 0.8 30 0.4 1 0.8
1.01111141738171 28.5254417760536 "experimento_42" 42 10000 1000 0.8 30 0.4 1 0.8
1.00618618317992 30.832555882506 "experimento_42" 42 10000 1000 0.8 30 0.4 1 0.8
1.01430020147624 30.3200217570599 "experimento_42" 42 10000 1000 0.8 30 0.4 1 0.8
1.02921616959556 31.7662189234902 "experimento_42" 42 10000 1000 0.8 30 0.4 1 0.8
1.01718996598696 30.5671563384288 "experimento_42" 42 10000 1000 0.8 30 0.4 1 0.8
0.999596741283312 29.3542191930366 "experimento_42" 42 10000 1000 0.8 30 0.4 1 0.8
1.00571216763929 29.8966361230567 "experimento_42" 42 10000 1000 0.8 30 0.4 1 0.8
1.01096869665198 29.1083951329126 "experimento_42" 42 10000 1000 0.8 30 0.4 1 0.8
1.00015445173097 30.2319729809384 "experimento_42" 42 10000 1000 0.8 30 0.4 1 0.8
1.0000296057978 29.9003129344222 "experimento_42" 42 10000 1000 0.8 30 0.4 1 0.8
1.00001138383891 29.3415904707289 "experimento_42" 42 10000 1000 0.8 30 0.4 1 0.8
0.999736632918939 30.7768302144903 "experimento_42" 42 10000 1000 0.8 30 0.4 1 0.8
1.00376532919084 30.4279622281345 "experimento_42" 42 10000 1000 0.8 30 0.4 1 0.8
1.0077234053053 30.5860010782456 "experimento_42" 42 10000 1000 0.8 30 0.4 1 0.8
1.00054369222683 29.7210658724716 "experimento_42" 42 10000 1000 0.8 30 0.4 1 0.8
1.00005280198529 29.3207149714417 "experimento_42" 42 10000 1000 0.8 30 0.4 1 0.8
1.00469144453169 31.4992200477474 "experimento_42" 42 10000 1000 0.8 30 0.4 1 0.8
1.00024184707924 30.3557317353241 "experimento_42" 42 10000 1000 0.8 30 0.4 1 0.8
0.999978794250637 30.6517018620196 "experimento_42" 42 10000 1000 0.8 30 0.4 1 0.8
1.00720569428621 31.0485909740385 "experimento_42" 42 10000 1000 0.8 30 0.4 1 0.8
0.99984233872965 29.1963711632112 "experimento_42" 42 10000 1000 0.8 30 0.4 1 0.8
1.00136249537269 31.0903029261959 "experimento_42" 42 10000 1000 0.8 30 0.4 1 0.8
1.03730323706799 32.1941680804745 "experimento_42" 42 10000 1000 0.8 30 0.4 1 0.8
1.00002324129455 29.39625705868 "experimento_42" 42 10000 1000 0.8 30 0.4 1 0.8
1.01154925623431 28.6173499090856 "experimento_42" 42 10000 1000 0.8 30 0.4 1 0.8
0.999627938028425 30.4319346417365 "experimento_42" 42 10000 1000 0.8 30 0.4 1 0.8
1.00007513978148 29.7445310174105 "experimento_42" 42 10000 1000 0.8 30 0.4 1 0.8
0.999600885668769 29.8140447215452 "experimento_42" 42 10000 1000 0.8 30 0.4 1 0.8
1.00699554490857 31.7413646973765 "experimento_42" 42 10000 1000 0.8 30 0.4 1 0.8
1.00004400859276 28.8520411253684 "experimento_42" 42 10000 1000 0.8 30 0.4 1 0.8
0.999745788285509 29.2692913191503 "experimento_42" 42 10000 1000 0.8 30 0.4 1 0.8
1.00068469574569 29.4457722204685 "experimento_42" 42 10000 1000 0.8 30 0.4 1 0.8
1.00082692328712 29.7421387819075 "experimento_42" 42 10000 1000 0.8 30 0.4 1 0.8
0.999828362837434 29.9115012239206 "experimento_42" 42 10000 1000 0.8 30 0.4 1 0.8
1.0179897116803 28.6559355328042 "experimento_42" 42 10000 1000 0.8 30 0.4 1 0.8
1.02302549304441 31.4872870498334 "experimento_42" 42 10000 1000 0.8 30 0.4 1 0.8
1.0000634577591 29.4944470808666 "experimento_42" 42 10000 1000 0.8 30 0.4 1 0.8
0.999996149446815 30.4134355033433 "experimento_42" 42 10000 1000 0.8 30 0.4 1 0.8
1.01833914328987 32.2877060391558 "experimento_42" 42 10000 1000 0.8 30 0.4 1 0.8
1.01352126666655 30.2407889002109 "experimento_42" 42 10000 1000 0.8 30 0.4 1 0.8
1.0013639057209 29.5067498768254 "experimento_42" 42 10000 1000 0.8 30 0.4 1 0.8
0.999932743841782 30.6586303328027 "experimento_42" 42 10000 1000 0.8 30 0.4 1 0.8
1.00454555395991 30.1896219156262 "experimento_42" 42 10000 1000 0.8 30 0.4 1 0.8
1.00035820973755 29.3913051768221 "experimento_42" 42 10000 1000 0.8 30 0.4 1 0.8
0.999710410134867 30.3885852794642 "experimento_42" 42 10000 1000 0.8 30 0.4 1 0.8
1.00733910460646 29.4217567595401 "experimento_42" 42 10000 1000 0.8 30 0.4 1 0.8
0.999854927882552 30.0735293884246 "experimento_42" 42 10000 1000 0.8 30 0.4 1 0.8
0.999301557661965 29.8483709886712 "experimento_42" 42 10000 1000 0.8 30 0.4 1 0.8
1.00023608813084 30.503119427904 "experimento_42" 42 10000 1000 0.8 30 0.4 1 0.8
1.00006620912667 29.4230675648291 "experimento_42" 42 10000 1000 0.8 30 0.4 1 0.8
0.999401543987915 29.4988143401671 "experimento_42" 42 10000 1000 0.8 30 0.4 1 0.8
1.01758201190581 27.6669580847346 "experimento_42" 42 10000 1000 0.8 30 0.4 1 0.8
1.00284782458718 32.13482004859 "experimento_42" 42 10000 1000 0.8 30 0.4 1 0.8
0.999858652707189 29.8172955984668 "experimento_42" 42 10000 1000 0.8 30 0.4 1 0.8
0.999630954582244 30.2660508268798 "experimento_42" 42 10000 1000 0.8 30 0.4 1 0.8
1.00012679004904 29.7483905934714 "experimento_42" 42 10000 1000 0.8 30 0.4 1 0.8
1.00003214543685 29.7892913702066 "experimento_42" 42 10000 1000 0.8 30 0.4 1 0.8
1.00038151342111 29.5926903579814 "experimento_42" 42 10000 1000 0.8 30 0.4 1 0.8
0.999943935777992 29.5143977687696 "experimento_42" 42 10000 1000 0.8 30 0.4 1 0.8
1.00330683750733 30.9244398633848 "experimento_42" 42 10000 1000 0.8 30 0.4 1 0.8
0.99970462732017 28.6745375661833 "experimento_42" 42 10000 1000 0.8 30 0.4 1 0.8
1.00023562127414 29.2196111896133 "experimento_42" 42 10000 1000 0.8 30 0.4 1 0.8
1.00421208899158 29.4769676624935 "experimento_42" 42 10000 1000 0.8 30 0.4 1 0.8
0.999825440580025 29.1476719016213 "experimento_42" 42 10000 1000 0.8 30 0.4 1 0.8
1.00148275556664 29.9048857258991 "experimento_42" 42 10000 1000 0.8 30 0.4 1 0.8
0.999685328453779 30.8037469736143 "experimento_42" 42 10000 1000 0.8 30 0.4 1 0.8
1.0074687196097 29.0010812823651 "experimento_42" 42 10000 1000 0.8 30 0.4 1 0.8
1.00001313524942 30.1612827157376 "experimento_42" 42 10000 1000 0.8 30 0.4 1 0.8
1.00095200061749 30.4214733810224 "experimento_42" 42 10000 1000 0.8 30 0.4 1 0.8
1.01021499526687 31.7238725728729 "experimento_42" 42 10000 1000 0.8 30 0.4 1 0.8
0.999664520146325 30.1235393909912 "experimento_42" 42 10000 1000 0.8 30 0.4 1 0.8
1.00009182281792 30.8071087650841 "experimento_42" 42 10000 1000 0.8 30 0.4 1 0.8
0.999778683297336 29.204866581392 "experimento_42" 42 10000 1000 0.8 30 0.4 1 0.8
1.00629625306829 31.2008614204274 "experimento_42" 42 10000 1000 0.8 30 0.4 1 0.8
1.00028021652251 29.8084187749333 "experimento_42" 42 10000 1000 0.8 30 0.4 1 0.8
1.01085798682955 30.4060426150829 "experimento_42" 42 10000 1000 0.8 30 0.4 1 0.8
1.01510327431994 30.6842688113581 "experimento_42" 42 10000 1000 0.8 30 0.4 1 0.8
1.01509909944919 29.7927479361265 "experimento_42" 42 10000 1000 0.8 30 0.4 1 0.8
1.02186523615383 30.205056915363 "experimento_42" 42 10000 1000 0.8 30 0.4 1 0.8
1.00270416968717 30.8326395934996 "experimento_42" 42 10000 1000 0.8 30 0.4 1 0.8
1.00033960803412 29.8641382923743 "experimento_42" 42 10000 1000 0.8 30 0.4 1 0.8
0.999472577124834 29.4748596656615 "experimento_42" 42 10000 1000 0.8 30 0.4 1 0.8
1.00149544085443 30.2784694540289 "experimento_42" 42 10000 1000 0.8 30 0.4 1 0.8
0.999746683752164 29.2786447398776 "experimento_42" 42 10000 1000 0.8 30 0.4 1 0.8
1.00023557298506 30.1870175968107 "experimento_42" 42 10000 1000 0.8 30 0.4 1 0.8
1.00010398006121 29.5872257592121 "experimento_42" 42 10000 1000 0.8 30 0.4 1 0.8
1.00841004651076 29.1395582370774 "experimento_42" 42 10000 1000 0.8 30 0.4 1 0.8
0.999576968373731 30.3732485668207 "experimento_42" 42 10000 1000 0.8 30 0.4 1 0.8
1.000917444899 29.8238456918183 "experimento_42" 42 10000 1000 0.8 30 0.4 1 0.8
1.0110570868322 29.3601222371462 "experimento_42" 42 10000 1000 0.8 30 0.4 1 0.8
1.00032255122076 29.6133904999807 "experimento_42" 42 10000 1000 0.8 30 0.4 1 0.8
1.01797916179833 29.9035503639538 "experimento_42" 42 10000 1000 0.8 30 0.4 1 0.8
1.00001196890759 30.4496912913532 "experimento_42" 42 10000 1000 0.8 30 0.4 1 0.8
1.00007729343872 29.2484683521936 "experimento_42" 42 10000 1000 0.8 30 0.4 1 0.8
1.00194356269772 29.7348026645172 "experimento_42" 42 10000 1000 0.8 30 0.4 1 0.8
0.999636705033481 29.8068699933818 "experimento_42" 42 10000 1000 0.8 30 0.4 1 0.8
0.999812948983163 29.8651527993369 "experimento_42" 42 10000 1000 0.8 30 0.4 1 0.8
1.00083495147196 31.0021544603195 "experimento_42" 42 10000 1000 0.8 30 0.4 1 0.8
1.03818280409815 32.7518492427572 "experimento_42" 42 10000 1000 0.8 30 0.4 1 0.8
1.02778325872356 30.5312472976896 "experimento_42" 42 10000 1000 0.8 30 0.4 1 0.8
1.02504142274319 27.6315864966743 "experimento_42" 42 10000 1000 0.8 30 0.4 1 0.8
1.00993516653155 29.226659948048 "experimento_42" 42 10000 1000 0.8 30 0.4 1 0.8
1.02168807946146 30.6600309819024 "experimento_42" 42 10000 1000 0.8 30 0.4 1 0.8
1.0121439498694 28.1772299801936 "experimento_42" 42 10000 1000 0.8 30 0.4 1 0.8
1.00210401985831 29.4578715818941 "experimento_42" 42 10000 1000 0.8 30 0.4 1 0.8
1.01243585871222 29.8542031232112 "experimento_42" 42 10000 1000 0.8 30 0.4 1 0.8
1.00061126574565 29.6872941180496 "experimento_42" 42 10000 1000 0.8 30 0.4 1 0.8
1.00078159266462 29.7026977124969 "experimento_42" 42 10000 1000 0.8 30 0.4 1 0.8
1.00011979159234 30.0703524765129 "experimento_42" 42 10000 1000 0.8 30 0.4 1 0.8
1.01386272596816 30.529552598354 "experimento_42" 42 10000 1000 0.8 30 0.4 1 0.8
1.00145806901647 29.8737393358464 "experimento_42" 42 10000 1000 0.8 30 0.4 1 0.8
1.00562223256566 32.9107508491109 "experimento_42" 42 10000 1000 0.8 30 0.4 1 0.8
0.999880329240113 30.0899691544097 "experimento_42" 42 10000 1000 0.8 30 0.4 1 0.8
1.0346400055089 34.6431365011298 "experimento_42" 42 10000 1000 0.8 30 0.4 1 0.8
1.0001242159331 30.0430690438025 "experimento_42" 42 10000 1000 0.8 30 0.4 1 0.8
0.999775897245854 30.0888581100328 "experimento_42" 42 10000 1000 0.8 30 0.4 1 0.8
0.999787705717608 29.8664784942519 "experimento_42" 42 10000 1000 0.8 30 0.4 1 0.8
1.00006970378242 30.5572590747065 "experimento_42" 42 10000 1000 0.8 30 0.4 1 0.8
1.0159996257474 28.7354189838495 "experimento_42" 42 10000 1000 0.8 30 0.4 1 0.8
0.999628386227414 30.2866351292463 "experimento_42" 42 10000 1000 0.8 30 0.4 1 0.8
1.00003314467311 29.903978858839 "experimento_42" 42 10000 1000 0.8 30 0.4 1 0.8
0.999550567939878 29.0802185414757 "experimento_42" 42 10000 1000 0.8 30 0.4 1 0.8
1.00071672942748 30.4238153302404 "experimento_42" 42 10000 1000 0.8 30 0.4 1 0.8
0.999687791801989 29.9303180596526 "experimento_42" 42 10000 1000 0.8 30 0.4 1 0.8
1.03129253263135 28.3314392384273 "experimento_42" 42 10000 1000 0.8 30 0.4 1 0.8
1.01722725460616 31.3067028443738 "experimento_42" 42 10000 1000 0.8 30 0.4 1 0.8
1.00006576939312 29.5271572813684 "experimento_42" 42 10000 1000 0.8 30 0.4 1 0.8
1.00101362085432 29.6719081691773 "experimento_42" 42 10000 1000 0.8 30 0.4 1 0.8
0.999648041557521 28.2124846306244 "experimento_42" 42 10000 1000 0.8 30 0.4 1 0.8
1.00001585622426 29.1945296220358 "experimento_42" 42 10000 1000 0.8 30 0.4 1 0.8
1.02156161116436 28.3437970164761 "experimento_42" 42 10000 1000 0.8 30 0.4 1 0.8
1.00019115305007 29.4314172806987 "experimento_42" 42 10000 1000 0.8 30 0.4 1 0.8
0.999915774445981 30.7732152651431 "experimento_42" 42 10000 1000 0.8 30 0.4 1 0.8
1.0028545187631 29.8198684956615 "experimento_42" 42 10000 1000 0.8 30 0.4 1 0.8
1.000286237687 29.7173243994431 "experimento_42" 42 10000 1000 0.8 30 0.4 1 0.8
1.01626272636155 29.4275318323734 "experimento_42" 42 10000 1000 0.8 30 0.4 1 0.8
0.999863531207666 30.2905152801504 "experimento_42" 42 10000 1000 0.8 30 0.4 1 0.8
1.02066466712082 29.0868383809221 "experimento_42" 42 10000 1000 0.8 30 0.4 1 0.8
1.01157475112949 30.3366844118743 "experimento_42" 42 10000 1000 0.8 30 0.4 1 0.8
0.999832707224414 29.4399757864574 "experimento_42" 42 10000 1000 0.8 30 0.4 1 0.8
1.00311340955617 30.8354153534072 "experimento_42" 42 10000 1000 0.8 30 0.4 1 0.8
1.01227995876538 29.5724546552062 "experimento_42" 42 10000 1000 0.8 30 0.4 1 0.8
0.999578209361061 29.1773388761356 "experimento_42" 42 10000 1000 0.8 30 0.4 1 0.8
0.999915412859991 30.0319387967999 "experimento_42" 42 10000 1000 0.8 30 0.4 1 0.8
1.01123521683427 28.5757980621491 "experimento_42" 42 10000 1000 0.8 30 0.4 1 0.8
1.03524012099811 26.8123596626536 "experimento_42" 42 10000 1000 0.8 30 0.4 1 0.8
1.0059482768178 31.3435187711991 "experimento_42" 42 10000 1000 0.8 30 0.4 1 0.8
0.999575044959784 28.5080933002343 "experimento_42" 42 10000 1000 0.8 30 0.4 1 0.8
0.999653342645615 29.4194789515434 "experimento_42" 42 10000 1000 0.8 30 0.4 1 0.8
0.999760422855616 29.9042584240494 "experimento_42" 42 10000 1000 0.8 30 0.4 1 0.8
0.999977071071044 31.0024821382748 "experimento_42" 42 10000 1000 0.8 30 0.4 1 0.8
0.999900370370597 29.5640236924017 "experimento_42" 42 10000 1000 0.8 30 0.4 1 0.8
0.999817142030224 29.9820900456796 "experimento_42" 42 10000 1000 0.8 30 0.4 1 0.8
1.00002586115511 29.5454179261263 "experimento_42" 42 10000 1000 0.8 30 0.4 1 0.8
1.00001487703681 29.5297722072152 "experimento_42" 42 10000 1000 0.8 30 0.4 1 0.8
1.0002744054804 29.9535589474731 "experimento_42" 42 10000 1000 0.8 30 0.4 1 0.8
1.01558257734093 30.2727118095266 "experimento_42" 42 10000 1000 0.8 30 0.4 1 0.8
1.00024957653877 29.6641308272137 "experimento_42" 42 10000 1000 0.8 30 0.4 1 0.8
0.999658163404092 28.6015094383251 "experimento_42" 42 10000 1000 0.8 30 0.4 1 0.8
1.02845376829166 32.4319067489681 "experimento_42" 42 10000 1000 0.8 30 0.4 1 0.8
1.00008791533174 30.3413459375659 "experimento_42" 42 10000 1000 0.8 30 0.4 1 0.8
0.999540719436482 30.1162853324678 "experimento_42" 42 10000 1000 0.8 30 0.4 1 0.8
1.00000729379244 29.9250958011597 "experimento_42" 42 10000 1000 0.8 30 0.4 1 0.8
1.00000268484776 31.3213277218868 "experimento_42" 42 10000 1000 0.8 30 0.4 1 0.8
1.00813214528995 30.5431227906241 "experimento_42" 42 10000 1000 0.8 30 0.4 1 0.8
1.00783912745633 30.9958570995388 "experimento_42" 42 10000 1000 0.8 30 0.4 1 0.8
1.00007997425273 30.3385436101523 "experimento_42" 42 10000 1000 0.8 30 0.4 1 0.8
1.00003919176136 29.1068352085053 "experimento_42" 42 10000 1000 0.8 30 0.4 1 0.8
1.00001055123284 29.0967441665045 "experimento_42" 42 10000 1000 0.8 30 0.4 1 0.8
1.00186262672534 30.0498466679085 "experimento_42" 42 10000 1000 0.8 30 0.4 1 0.8
1.00016358216193 30.2005510878568 "experimento_42" 42 10000 1000 0.8 30 0.4 1 0.8
0.99970620800741 30.5122377209515 "experimento_42" 42 10000 1000 0.8 30 0.4 1 0.8
1.01732326222894 30.6977599487824 "experimento_42" 42 10000 1000 0.8 30 0.4 1 0.8
1.00398616894769 31.2440957805838 "experimento_42" 42 10000 1000 0.8 30 0.4 1 0.8
1.00202077579064 31.7618127346319 "experimento_42" 42 10000 1000 0.8 30 0.4 1 0.8
1.00132921237188 30.4312916085274 "experimento_42" 42 10000 1000 0.8 30 0.4 1 0.8
1.03183743461246 33.170121557255 "experimento_42" 42 10000 1000 0.8 30 0.4 1 0.8
0.999766265042126 29.9644460397069 "experimento_42" 42 10000 1000 0.8 30 0.4 1 0.8
1.00103790870247 30.5156325274386 "experimento_42" 42 10000 1000 0.8 30 0.4 1 0.8
1.01016763243376 29.1733168802598 "experimento_42" 42 10000 1000 0.8 30 0.4 1 0.8
0.999713964527473 29.885412542372 "experimento_42" 42 10000 1000 0.8 30 0.4 1 0.8
1.00052849248362 30.9031995033197 "experimento_42" 42 10000 1000 0.8 30 0.4 1 0.8
1.00033729490824 29.400698219292 "experimento_42" 42 10000 1000 0.8 30 0.4 1 0.8
1.02882185367106 31.4592711619866 "experimento_42" 42 10000 1000 0.8 30 0.4 1 0.8
1.01991415716087 30.2797745618015 "experimento_42" 42 10000 1000 0.8 30 0.4 1 0.8
1.00000211726471 30.1751792514572 "experimento_42" 42 10000 1000 0.8 30 0.4 1 0.8
1.00076972716488 30.3398880535466 "experimento_42" 42 10000 1000 0.8 30 0.4 1 0.8
1.00016990923323 30.6408163183339 "experimento_42" 42 10000 1000 0.8 30 0.4 1 0.8
1.00056968540443 29.3294221101881 "experimento_42" 42 10000 1000 0.8 30 0.4 1 0.8
1.00079832103009 29.4853698520354 "experimento_42" 42 10000 1000 0.8 30 0.4 1 0.8
1.00095254123832 30.9868903437138 "experimento_42" 42 10000 1000 0.8 30 0.4 1 0.8
1.00120174138186 29.3520781574307 "experimento_42" 42 10000 1000 0.8 30 0.4 1 0.8
1.00048717547519 30.1312699365469 "experimento_42" 42 10000 1000 0.8 30 0.4 1 0.8
1.00858711820494 29.9089342054545 "experimento_42" 42 10000 1000 0.8 30 0.4 1 0.8
1.00007982358237 30.0502450190423 "experimento_42" 42 10000 1000 0.8 30 0.4 1 0.8
1.0021669614261 30.8844276820302 "experimento_42" 42 10000 1000 0.8 30 0.4 1 0.8
1.03172901020939 27.6342530634397 "experimento_42" 42 10000 1000 0.8 30 0.4 1 0.8
1.00094036622159 28.7991156597512 "experimento_42" 42 10000 1000 0.8 30 0.4 1 0.8
0.999668132979423 30.3504380991244 "experimento_42" 42 10000 1000 0.8 30 0.4 1 0.8
0.999692218145356 29.1547202013507 "experimento_42" 42 10000 1000 0.8 30 0.4 1 0.8
1.00906224328404 32.1543412865392 "experimento_42" 42 10000 1000 0.8 30 0.4 1 0.8
1.00506924566192 28.7555988473567 "experimento_42" 42 10000 1000 0.8 30 0.4 1 0.8
1.00003321875508 29.94883946341 "experimento_42" 42 10000 1000 0.8 30 0.4 1 0.8
1.01380488673425 29.5303777876741 "experimento_42" 42 10000 1000 0.8 30 0.4 1 0.8
1.01647880679617 30.8491134983543 "experimento_42" 42 10000 1000 0.8 30 0.4 1 0.8
1.00021446730429 29.2727304966979 "experimento_42" 42 10000 1000 0.8 30 0.4 1 0.8
0.999836481641978 28.8813445605936 "experimento_42" 42 10000 1000 0.8 30 0.4 1 0.8
0.999627330107614 29.6704375651953 "experimento_42" 42 10000 1000 0.8 30 0.4 1 0.8
1.00012118483147 29.4198666273553 "experimento_42" 42 10000 1000 0.8 30 0.4 1 0.8
0.999243273632601 29.0936694773375 "experimento_42" 42 10000 1000 0.8 30 0.4 1 0.8
0.999384165974334 29.881669663331 "experimento_42" 42 10000 1000 0.8 30 0.4 1 0.8
0.999728369992226 29.3967564206424 "experimento_42" 42 10000 1000 0.8 30 0.4 1 0.8
0.999464583583176 30.1822083821643 "experimento_42" 42 10000 1000 0.8 30 0.4 1 0.8
0.999263545265421 29.2229240704659 "experimento_42" 42 10000 1000 0.8 30 0.4 1 0.8
0.999747066292912 30.8510175470393 "experimento_42" 42 10000 1000 0.8 30 0.4 1 0.8
0.999806488864124 30.0808685345466 "experimento_42" 42 10000 1000 0.8 30 0.4 1 0.8
1.00053983844506 28.5920982526864 "experimento_42" 42 10000 1000 0.8 30 0.4 1 0.8
1.00036171817565 29.4828696976845 "experimento_42" 42 10000 1000 0.8 30 0.4 1 0.8
1.01049948649213 30.4033251912325 "experimento_42" 42 10000 1000 0.8 30 0.4 1 0.8
1.01939241432895 28.4976582038082 "experimento_42" 42 10000 1000 0.8 30 0.4 1 0.8
1.00000024422382 29.4521692443875 "experimento_42" 42 10000 1000 0.8 30 0.4 1 0.8
1.00256490724054 30.1487119031695 "experimento_42" 42 10000 1000 0.8 30 0.4 1 0.8
0.999789873836562 29.2962104040729 "experimento_42" 42 10000 1000 0.8 30 0.4 1 0.8
1.00381523986388 30.6000277668788 "experimento_42" 42 10000 1000 0.8 30 0.4 1 0.8
1.00880137768884 30.4570820169527 "experimento_42" 42 10000 1000 0.8 30 0.4 1 0.8
1.00267837978932 30.5413289359327 "experimento_42" 42 10000 1000 0.8 30 0.4 1 0.8
1.03658025888586 27.7364009134243 "experimento_42" 42 10000 1000 0.8 30 0.4 1 0.8
1.0027380002973 29.0864947192863 "experimento_42" 42 10000 1000 0.8 30 0.4 1 0.8
1.03760252355768 28.0390637674135 "experimento_42" 42 10000 1000 0.8 30 0.4 1 0.8
1.0002840965831 29.523260270269 "experimento_42" 42 10000 1000 0.8 30 0.4 1 0.8
1.00750475760239 30.2287450809936 "experimento_42" 42 10000 1000 0.8 30 0.4 1 0.8
1.00611743410118 30.4018258924381 "experimento_42" 42 10000 1000 0.8 30 0.4 1 0.8
1.00055372948134 30.727379363423 "experimento_42" 42 10000 1000 0.8 30 0.4 1 0.8
1.00021891291034 29.8590732129827 "experimento_42" 42 10000 1000 0.8 30 0.4 1 0.8
1.0028210841723 29.6490186864101 "experimento_42" 42 10000 1000 0.8 30 0.4 1 0.8
1.03489429050296 26.6890104113417 "experimento_42" 42 10000 1000 0.8 30 0.4 1 0.8
1.00000437200069 30.1190408687668 "experimento_42" 42 10000 1000 0.8 30 0.4 1 0.8
1.03660251926491 28.4810519096277 "experimento_42" 42 10000 1000 0.8 30 0.4 1 0.8
1.00050732557041 30.4349363079445 "experimento_42" 42 10000 1000 0.8 30 0.4 1 0.8
0.999616123503074 28.1678618825764 "experimento_42" 42 10000 1000 0.8 30 0.4 1 0.8
0.999771522125229 29.8683106742373 "experimento_42" 42 10000 1000 0.8 30 0.4 1 0.8
1.01481592960966 29.7344051016397 "experimento_42" 42 10000 1000 0.8 30 0.4 1 0.8
1.00000406094275 29.1928192888597 "experimento_42" 42 10000 1000 0.8 30 0.4 1 0.8
1.00005866836491 30.1210463698486 "experimento_42" 42 10000 1000 0.8 30 0.4 1 0.8
1.01709095652526 30.0788189740069 "experimento_42" 42 10000 1000 0.8 30 0.4 1 0.8
1.01357353657616 29.9543879791108 "experimento_42" 42 10000 1000 0.8 30 0.4 1 0.8
1.0000872412013 30.4608450708226 "experimento_42" 42 10000 1000 0.8 30 0.4 1 0.8
1.03236657321252 32.6745657650374 "experimento_42" 42 10000 1000 0.8 30 0.4 1 0.8
1.00023305659803 29.3208597700627 "experimento_42" 42 10000 1000 0.8 30 0.4 1 0.8
1.00437857572281 29.7194817940425 "experimento_42" 42 10000 1000 0.8 30 0.4 1 0.8
1.00064268639932 30.2668531991884 "experimento_42" 42 10000 1000 0.8 30 0.4 1 0.8
0.999834725400433 28.9221300227053 "experimento_42" 42 10000 1000 0.8 30 0.4 1 0.8
1.01036749472842 28.8081027548167 "experimento_42" 42 10000 1000 0.8 30 0.4 1 0.8
1.00198594763254 29.7512859108624 "experimento_42" 42 10000 1000 0.8 30 0.4 1 0.8
1.00028794389106 30.13219074825 "experimento_42" 42 10000 1000 0.8 30 0.4 1 0.8
1.00115927397834 30.408858621142 "experimento_42" 42 10000 1000 0.8 30 0.4 1 0.8
0.999800500459969 29.7803343835348 "experimento_42" 42 10000 1000 0.8 30 0.4 1 0.8
1.00000965349997 30.4720895866903 "experimento_42" 42 10000 1000 0.8 30 0.4 1 0.8
1.00039722071961 29.8544021990543 "experimento_42" 42 10000 1000 0.8 30 0.4 1 0.8
1.00000925065639 30.8304403093594 "experimento_42" 42 10000 1000 0.8 30 0.4 1 0.8
0.999552618945017 29.9225213869791 "experimento_42" 42 10000 1000 0.8 30 0.4 1 0.8
1.03829006667419 30.2627005670722 "experimento_42" 42 10000 1000 0.8 30 0.4 1 0.8
0.9995196913369 29.9440146412272 "experimento_42" 42 10000 1000 0.8 30 0.4 1 0.8
0.999254313996062 29.1507715146726 "experimento_42" 42 10000 1000 0.8 30 0.4 1 0.8
1.00072234637242 30.3904879525492 "experimento_42" 42 10000 1000 0.8 30 0.4 1 0.8
1.00259779753784 28.5464888051579 "experimento_42" 42 10000 1000 0.8 30 0.4 1 0.8
1.02257224853771 30.8412999242036 "experimento_42" 42 10000 1000 0.8 30 0.4 1 0.8
1.01635800166987 28.5208953580101 "experimento_42" 42 10000 1000 0.8 30 0.4 1 0.8
1.00020113980087 29.4169004083777 "experimento_42" 42 10000 1000 0.8 30 0.4 1 0.8
1.00002342613231 30.1407373027267 "experimento_42" 42 10000 1000 0.8 30 0.4 1 0.8
0.999940947629511 30.05131708093 "experimento_42" 42 10000 1000 0.8 30 0.4 1 0.8
1.00132918336071 29.456450428065 "experimento_42" 42 10000 1000 0.8 30 0.4 1 0.8
1.0001506221015 29.4900523302672 "experimento_42" 42 10000 1000 0.8 30 0.4 1 0.8
1.00005476679653 30.3599323138461 "experimento_42" 42 10000 1000 0.8 30 0.4 1 0.8
1.00806784971307 30.3442972663683 "experimento_42" 42 10000 1000 0.8 30 0.4 1 0.8
0.999236683826894 30.6397834551485 "experimento_42" 42 10000 1000 0.8 30 0.4 1 0.8
1.03563637609143 29.0924278580388 "experimento_42" 42 10000 1000 0.8 30 0.4 1 0.8
1.00015519374761 30.2168577706649 "experimento_42" 42 10000 1000 0.8 30 0.4 1 0.8
0.999639837536961 30.1475233080665 "experimento_42" 42 10000 1000 0.8 30 0.4 1 0.8
1.00007943203327 29.2861687820379 "experimento_42" 42 10000 1000 0.8 30 0.4 1 0.8
0.999697042163461 28.9855644563494 "experimento_42" 42 10000 1000 0.8 30 0.4 1 0.8
0.999538510339335 29.9993575355011 "experimento_42" 42 10000 1000 0.8 30 0.4 1 0.8
1.00183172885065 30.0447122934591 "experimento_42" 42 10000 1000 0.8 30 0.4 1 0.8
0.999625036260113 31.2328581115215 "experimento_42" 42 10000 1000 0.8 30 0.4 1 0.8
1.02424998298768 31.3459205096915 "experimento_42" 42 10000 1000 0.8 30 0.4 1 0.8
1.00778346927837 29.7156851872878 "experimento_42" 42 10000 1000 0.8 30 0.4 1 0.8
0.999573750188574 28.9475239125737 "experimento_42" 42 10000 1000 0.8 30 0.4 1 0.8
1.00290994293367 30.3311352029572 "experimento_42" 42 10000 1000 0.8 30 0.4 1 0.8
1.00012661057214 30.5424562633313 "experimento_42" 42 10000 1000 0.8 30 0.4 1 0.8
1.00083153384427 31.4363847986792 "experimento_42" 42 10000 1000 0.8 30 0.4 1 0.8
0.999566165031865 29.6922277913746 "experimento_42" 42 10000 1000 0.8 30 0.4 1 0.8
1.00008129049093 30.33885932125 "experimento_42" 42 10000 1000 0.8 30 0.4 1 0.8
1.00580978406747 29.7487251074404 "experimento_42" 42 10000 1000 0.8 30 0.4 1 0.8
1.00157274414475 30.9430871132806 "experimento_42" 42 10000 1000 0.8 30 0.4 1 0.8
1.01749960595431 29.6903973858037 "experimento_42" 42 10000 1000 0.8 30 0.4 1 0.8
1.00722915939322 31.1883571265723 "experimento_42" 42 10000 1000 0.8 30 0.4 1 0.8
0.999362482689321 29.1721119041476 "experimento_42" 42 10000 1000 0.8 30 0.4 1 0.8
1.00000804308076 28.3376808602086 "experimento_42" 42 10000 1000 0.8 30 0.4 1 0.8
1.00376388972315 28.6192766198946 "experimento_42" 42 10000 1000 0.8 30 0.4 1 0.8
1.00133720307279 30.0762131620988 "experimento_42" 42 10000 1000 0.8 30 0.4 1 0.8
1.01751316102842 31.4904564778574 "experimento_42" 42 10000 1000 0.8 30 0.4 1 0.8
1.00398729272542 30.0550382188902 "experimento_42" 42 10000 1000 0.8 30 0.4 1 0.8
0.999583687866107 29.9660568054659 "experimento_42" 42 10000 1000 0.8 30 0.4 1 0.8
1.00788881471381 30.9115905294386 "experimento_42" 42 10000 1000 0.8 30 0.4 1 0.8
1.02747070067182 29.5507601441904 "experimento_42" 42 10000 1000 0.8 30 0.4 1 0.8
1.0170393463069 31.0063625193891 "experimento_42" 42 10000 1000 0.8 30 0.4 1 0.8
0.999796376563609 30.2797986784077 "experimento_42" 42 10000 1000 0.8 30 0.4 1 0.8
0.999543844023719 29.5863153293801 "experimento_42" 42 10000 1000 0.8 30 0.4 1 0.8
1.00002909752851 31.440157007065 "experimento_42" 42 10000 1000 0.8 30 0.4 1 0.8
1.00825740889025 29.3784253703909 "experimento_42" 42 10000 1000 0.8 30 0.4 1 0.8
1.00416499672768 31.152940876777 "experimento_42" 42 10000 1000 0.8 30 0.4 1 0.8
1.00015560251659 30.8130845644443 "experimento_42" 42 10000 1000 0.8 30 0.4 1 0.8
1.00018083999554 29.4691792482949 "experimento_42" 42 10000 1000 0.8 30 0.4 1 0.8
1.00003271679066 30.1060997643196 "experimento_42" 42 10000 1000 0.8 30 0.4 1 0.8
1.04485988498836 33.3802437500851 "experimento_42" 42 10000 1000 0.8 30 0.4 1 0.8
1.00059492274923 31.2167527175619 "experimento_42" 42 10000 1000 0.8 30 0.4 1 0.8
1.00001353694436 29.7060502896143 "experimento_42" 42 10000 1000 0.8 30 0.4 1 0.8
1.00010521943502 30.5965064834408 "experimento_42" 42 10000 1000 0.8 30 0.4 1 0.8
0.999877465190366 30.4505933122836 "experimento_42" 42 10000 1000 0.8 30 0.4 1 0.8
1.0322045934683 32.5431886901079 "experimento_42" 42 10000 1000 0.8 30 0.4 1 0.8
1.00475796177095 29.1892253497433 "experimento_42" 42 10000 1000 0.8 30 0.4 1 0.8
1.02336684979597 28.4053407880413 "experimento_42" 42 10000 1000 0.8 30 0.4 1 0.8
0.999973972095177 29.0539533727308 "experimento_42" 42 10000 1000 0.8 30 0.4 1 0.8
1.00007399034804 30.6433294089799 "experimento_42" 42 10000 1000 0.8 30 0.4 1 0.8
1.01043506322118 28.3684988200399 "experimento_42" 42 10000 1000 0.8 30 0.4 1 0.8
1.04217019208256 33.4596194490808 "experimento_42" 42 10000 1000 0.8 30 0.4 1 0.8
0.999587179161608 29.6502709217592 "experimento_42" 42 10000 1000 0.8 30 0.4 1 0.8
1.0034217553058 29.837534879796 "experimento_42" 42 10000 1000 0.8 30 0.4 1 0.8
1.00427418371352 30.580796457994 "experimento_42" 42 10000 1000 0.8 30 0.4 1 0.8
1.0042054671231 30.3802729243678 "experimento_42" 42 10000 1000 0.8 30 0.4 1 0.8
1.0117594522424 29.3981239027603 "experimento_42" 42 10000 1000 0.8 30 0.4 1 0.8
1.00193056313845 29.3091962572087 "experimento_42" 42 10000 1000 0.8 30 0.4 1 0.8
1.00011983404759 30.0240312946595 "experimento_42" 42 10000 1000 0.8 30 0.4 1 0.8
1.00194454318164 29.5407813434021 "experimento_42" 42 10000 1000 0.8 30 0.4 1 0.8
0.999922239221632 29.7572023487053 "experimento_42" 42 10000 1000 0.8 30 0.4 1 0.8
1.00049301215022 30.9639668825805 "experimento_42" 42 10000 1000 0.8 30 0.4 1 0.8
1.0122828444637 30.9643595999058 "experimento_42" 42 10000 1000 0.8 30 0.4 1 0.8
0.999775760108605 29.8989892193275 "experimento_42" 42 10000 1000 0.8 30 0.4 1 0.8
0.999978691106662 30.749680913836 "experimento_42" 42 10000 1000 0.8 30 0.4 1 0.8
1.02917356696642 32.1950293326288 "experimento_42" 42 10000 1000 0.8 30 0.4 1 0.8
0.99955859570764 29.9372463333699 "experimento_42" 42 10000 1000 0.8 30 0.4 1 0.8
1.00530372961223 30.5793245300573 "experimento_42" 42 10000 1000 0.8 30 0.4 1 0.8
0.999865246703848 29.3685485927345 "experimento_42" 42 10000 1000 0.8 30 0.4 1 0.8
1.00085540845369 31.4116800902452 "experimento_42" 42 10000 1000 0.8 30 0.4 1 0.8
1.00005275113508 30.6227263691849 "experimento_42" 42 10000 1000 0.8 30 0.4 1 0.8
0.999730870360509 30.7924450304732 "experimento_42" 42 10000 1000 0.8 30 0.4 1 0.8
1.00088420727601 30.1519347076729 "experimento_42" 42 10000 1000 0.8 30 0.4 1 0.8
0.999667505268008 31.2805198689434 "experimento_42" 42 10000 1000 0.8 30 0.4 1 0.8
1.00131997867263 31.0540580236174 "experimento_42" 42 10000 1000 0.8 30 0.4 1 0.8
1.01209843872736 31.3091801014751 "experimento_42" 42 10000 1000 0.8 30 0.4 1 0.8
1.00000609673249 30.2934501031817 "experimento_42" 42 10000 1000 0.8 30 0.4 1 0.8
1.00561825963078 30.5048609197515 "experimento_42" 42 10000 1000 0.8 30 0.4 1 0.8
1.00027223530536 30.7487616053194 "experimento_42" 42 10000 1000 0.8 30 0.4 1 0.8
0.999868418090045 31.0024889376918 "experimento_42" 42 10000 1000 0.8 30 0.4 1 0.8
1.03189670899743 31.5429926101259 "experimento_42" 42 10000 1000 0.8 30 0.4 1 0.8
1.00112533738459 31.202338104706 "experimento_42" 42 10000 1000 0.8 30 0.4 1 0.8
1.00774682519647 29.6188762832323 "experimento_42" 42 10000 1000 0.8 30 0.4 1 0.8
1.00010632159316 29.5012994066024 "experimento_42" 42 10000 1000 0.8 30 0.4 1 0.8
1.00099881190496 30.1750717704077 "experimento_42" 42 10000 1000 0.8 30 0.4 1 0.8
1.02651323244456 31.2451225315584 "experimento_42" 42 10000 1000 0.8 30 0.4 1 0.8
0.999781393678859 30.0064050379091 "experimento_42" 42 10000 1000 0.8 30 0.4 1 0.8
1.00649247308166 30.5572117329508 "experimento_42" 42 10000 1000 0.8 30 0.4 1 0.8
1.00282076685689 32.2038976642846 "experimento_42" 42 10000 1000 0.8 30 0.4 1 0.8
0.999948239419609 30.309341307604 "experimento_42" 42 10000 1000 0.8 30 0.4 1 0.8
1.00000380510464 29.4218102891971 "experimento_42" 42 10000 1000 0.8 30 0.4 1 0.8
1.00501042273827 30.1537390268491 "experimento_42" 42 10000 1000 0.8 30 0.4 1 0.8
0.999950605677441 30.1678900003144 "experimento_42" 42 10000 1000 0.8 30 0.4 1 0.8
1.0152817468935 29.5206985581089 "experimento_42" 42 10000 1000 0.8 30 0.4 1 0.8
0.999428475741297 29.5120779224297 "experimento_42" 42 10000 1000 0.8 30 0.4 1 0.8
1.02465349034759 31.9757427169006 "experimento_42" 42 10000 1000 0.8 30 0.4 1 0.8
1.0232711522826 29.2568987102187 "experimento_42" 42 10000 1000 0.8 30 0.4 1 0.8
1.00041284476746 29.0627362119378 "experimento_42" 42 10000 1000 0.8 30 0.4 1 0.8
1.01273814778154 28.9508234303547 "experimento_42" 42 10000 1000 0.8 30 0.4 1 0.8
1.01449721165312 30.4623285561638 "experimento_42" 42 10000 1000 0.8 30 0.4 1 0.8
1.00122880956974 29.8029938648238 "experimento_42" 42 10000 1000 0.8 30 0.4 1 0.8
1.0002181938662 30.004070180579 "experimento_42" 42 10000 1000 0.8 30 0.4 1 0.8
1.00824528730785 30.3160044484163 "experimento_42" 42 10000 1000 0.8 30 0.4 1 0.8
0.999555462738499 29.4939000718768 "experimento_42" 42 10000 1000 0.8 30 0.4 1 0.8
1.0052211682157 30.573088090535 "experimento_42" 42 10000 1000 0.8 30 0.4 1 0.8
1.01896884784413 31.3054893499539 "experimento_42" 42 10000 1000 0.8 30 0.4 1 0.8
0.999711433658376 30.2027449091276 "experimento_42" 42 10000 1000 0.8 30 0.4 1 0.8
0.999652622267604 29.6359361106707 "experimento_42" 42 10000 1000 0.8 30 0.4 1 0.8
1.00319763347047 30.1585752150883 "experimento_42" 42 10000 1000 0.8 30 0.4 1 0.8
0.999576158123091 29.3252042984001 "experimento_42" 42 10000 1000 0.8 30 0.4 1 0.8
0.99998716916889 30.3084522263411 "experimento_42" 42 10000 1000 0.8 30 0.4 1 0.8
1.0068713360996 30.9566104332585 "experimento_42" 42 10000 1000 0.8 30 0.4 1 0.8
1.00014583387723 29.4270765565437 "experimento_42" 42 10000 1000 0.8 30 0.4 1 0.8
1.0125191095906 30.0304549375115 "experimento_42" 42 10000 1000 0.8 30 0.4 1 0.8
1.00906097363316 29.8227989704622 "experimento_42" 42 10000 1000 0.8 30 0.4 1 0.8
1.00074099411019 31.0470125763579 "experimento_42" 42 10000 1000 0.8 30 0.4 1 0.8
0.999680390581489 29.0811130260267 "experimento_42" 42 10000 1000 0.8 30 0.4 1 0.8
1.00206915653932 29.7252163751568 "experimento_42" 42 10000 1000 0.8 30 0.4 1 0.8
1.00029187056612 31.5525354329387 "experimento_42" 42 10000 1000 0.8 30 0.4 1 0.8
1.00003885359188 29.6570013665539 "experimento_42" 42 10000 1000 0.8 30 0.4 1 0.8
0.999720447463915 30.3597344022851 "experimento_42" 42 10000 1000 0.8 30 0.4 1 0.8
1.00032125962898 30.4427770775863 "experimento_42" 42 10000 1000 0.8 30 0.4 1 0.8
1.00029482276489 30.35759824971 "experimento_42" 42 10000 1000 0.8 30 0.4 1 0.8
1.02281600702554 30.3048559393184 "experimento_42" 42 10000 1000 0.8 30 0.4 1 0.8
1.00288118319636 30.8799020629719 "experimento_42" 42 10000 1000 0.8 30 0.4 1 0.8
1.00001828049876 29.7038573078686 "experimento_42" 42 10000 1000 0.8 30 0.4 1 0.8
1.00261892356599 30.614764824558 "experimento_42" 42 10000 1000 0.8 30 0.4 1 0.8
1.00031502839799 29.3518780668198 "experimento_42" 42 10000 1000 0.8 30 0.4 1 0.8
1.00449826553982 30.0941987028636 "experimento_42" 42 10000 1000 0.8 30 0.4 1 0.8
1.02110826304803 27.9717924846744 "experimento_42" 42 10000 1000 0.8 30 0.4 1 0.8
1.00044896161805 29.6671448168817 "experimento_42" 42 10000 1000 0.8 30 0.4 1 0.8
0.999405797105283 30.6390422664861 "experimento_42" 42 10000 1000 0.8 30 0.4 1 0.8
1.00989451818046 30.3146199022945 "experimento_42" 42 10000 1000 0.8 30 0.4 1 0.8
0.999755611177534 29.3257589202294 "experimento_42" 42 10000 1000 0.8 30 0.4 1 0.8
1.0051380433224 28.7842699822084 "experimento_42" 42 10000 1000 0.8 30 0.4 1 0.8
1.00069996841873 30.9234923937137 "experimento_42" 42 10000 1000 0.8 30 0.4 1 0.8
0.999859718373045 31.1461762757461 "experimento_42" 42 10000 1000 0.8 30 0.4 1 0.8
1.00138401775621 30.6267533727387 "experimento_42" 42 10000 1000 0.8 30 0.4 1 0.8
1.00001059976701 29.8397304282447 "experimento_42" 42 10000 1000 0.8 30 0.4 1 0.8
1.00000677341481 31.5081405214984 "experimento_42" 42 10000 1000 0.8 30 0.4 1 0.8
1.00007175276987 29.1737330957082 "experimento_42" 42 10000 1000 0.8 30 0.4 1 0.8
0.999830015003681 29.4671315027807 "experimento_42" 42 10000 1000 0.8 30 0.4 1 0.8
1.02090321105594 31.0483865601204 "experimento_42" 42 10000 1000 0.8 30 0.4 1 0.8
1.00281635747912 29.6953190119197 "experimento_42" 42 10000 1000 0.8 30 0.4 1 0.8
1.00298179124973 29.8534827973891 "experimento_42" 42 10000 1000 0.8 30 0.4 1 0.8
1.00004384745813 31.4233291772586 "experimento_42" 42 10000 1000 0.8 30 0.4 1 0.8
1.00005131745711 29.7544342670319 "experimento_42" 42 10000 1000 0.8 30 0.4 1 0.8
0.999707497190684 30.3001192591185 "experimento_42" 42 10000 1000 0.8 30 0.4 1 0.8
1.01797446807693 28.1001462768006 "experimento_42" 42 10000 1000 0.8 30 0.4 1 0.8
1.00117959771947 31.2212060739445 "experimento_42" 42 10000 1000 0.8 30 0.4 1 0.8
1.000554669877 30.5515620838413 "experimento_42" 42 10000 1000 0.8 30 0.4 1 0.8
0.999581894138828 30.574740572179 "experimento_42" 42 10000 1000 0.8 30 0.4 1 0.8
1.0052331493857 29.1557594414488 "experimento_42" 42 10000 1000 0.8 30 0.4 1 0.8
0.999638141598552 30.7067721666167 "experimento_42" 42 10000 1000 0.8 30 0.4 1 0.8
1.00779921159459 30.2306287247512 "experimento_42" 42 10000 1000 0.8 30 0.4 1 0.8
1.00025161761858 31.4606058325178 "experimento_42" 42 10000 1000 0.8 30 0.4 1 0.8
1.00001909705764 29.7065507000085 "experimento_42" 42 10000 1000 0.8 30 0.4 1 0.8
1.00001350329258 30.1890734060795 "experimento_42" 42 10000 1000 0.8 30 0.4 1 0.8
0.999778344295919 30.2205872871305 "experimento_42" 42 10000 1000 0.8 30 0.4 1 0.8
1.00000633420308 29.4186236043791 "experimento_42" 42 10000 1000 0.8 30 0.4 1 0.8
1.00001285208079 31.201734124289 "experimento_42" 42 10000 1000 0.8 30 0.4 1 0.8
1.02236146843061 30.9666920773039 "experimento_42" 42 10000 1000 0.8 30 0.4 1 0.8
1.02161443062748 28.3861129639159 "experimento_42" 42 10000 1000 0.8 30 0.4 1 0.8
0.999698315979913 30.2970375841744 "experimento_42" 42 10000 1000 0.8 30 0.4 1 0.8
1.00021733238825 30.2884494830151 "experimento_42" 42 10000 1000 0.8 30 0.4 1 0.8
0.999837452545762 28.6643404789429 "experimento_42" 42 10000 1000 0.8 30 0.4 1 0.8
1.00028010854086 30.654246577103 "experimento_42" 42 10000 1000 0.8 30 0.4 1 0.8
0.999704205431044 29.6736613767849 "experimento_42" 42 10000 1000 0.8 30 0.4 1 0.8
0.99940517032519 29.3248166439486 "experimento_42" 42 10000 1000 0.8 30 0.4 1 0.8
0.99995784740895 29.9737458796771 "experimento_42" 42 10000 1000 0.8 30 0.4 1 0.8
1.00015048406397 29.7035704074824 "experimento_42" 42 10000 1000 0.8 30 0.4 1 0.8
0.999272966291755 28.3261176605218 "experimento_42" 42 10000 1000 0.8 30 0.4 1 0.8
1.00515223661017 30.2670558572005 "experimento_42" 42 10000 1000 0.8 30 0.4 1 0.8
1.01915586229103 29.6153627632979 "experimento_42" 42 10000 1000 0.8 30 0.4 1 0.8
1.02239813259803 28.5035710658341 "experimento_42" 42 10000 1000 0.8 30 0.4 1 0.8
1.00979833006859 30.8141854282059 "experimento_42" 42 10000 1000 0.8 30 0.4 1 0.8
0.999614665983245 30.1997838196786 "experimento_42" 42 10000 1000 0.8 30 0.4 1 0.8
1.00964448207381 30.0918662858077 "experimento_42" 42 10000 1000 0.8 30 0.4 1 0.8
0.999680480686948 28.4771610854645 "experimento_42" 42 10000 1000 0.8 30 0.4 1 0.8
1.00005387004154 29.1916425345875 "experimento_42" 42 10000 1000 0.8 30 0.4 1 0.8
1.00005228206109 30.0935238736747 "experimento_42" 42 10000 1000 0.8 30 0.4 1 0.8
0.999653652077541 31.2802763042212 "experimento_42" 42 10000 1000 0.8 30 0.4 1 0.8
0.999432651558891 28.178007045262 "experimento_42" 42 10000 1000 0.8 30 0.4 1 0.8
1.00006655483679 30.1913385014211 "experimento_42" 42 10000 1000 0.8 30 0.4 1 0.8
1.01128463131996 31.1052952370277 "experimento_42" 42 10000 1000 0.8 30 0.4 1 0.8
0.999393144389614 29.5174738265601 "experimento_42" 42 10000 1000 0.8 30 0.4 1 0.8
0.999776924960315 30.1450321126534 "experimento_42" 42 10000 1000 0.8 30 0.4 1 0.8
1.00169270539503 29.5179655361713 "experimento_42" 42 10000 1000 0.8 30 0.4 1 0.8
1.00392768783272 30.7797418231319 "experimento_42" 42 10000 1000 0.8 30 0.4 1 0.8
1.02118822621802 29.3975837468748 "experimento_42" 42 10000 1000 0.8 30 0.4 1 0.8
0.999679168919101 30.3474137053608 "experimento_42" 42 10000 1000 0.8 30 0.4 1 0.8
1.00447084355707 28.634593827016 "experimento_42" 42 10000 1000 0.8 30 0.4 1 0.8
1.0004277707042 30.7906307578857 "experimento_42" 42 10000 1000 0.8 30 0.4 1 0.8
1.0000809907758 29.5451186511132 "experimento_42" 42 10000 1000 0.8 30 0.4 1 0.8
0.999544531339779 29.875040764244 "experimento_42" 42 10000 1000 0.8 30 0.4 1 0.8
1.00000060737754 29.8828351324338 "experimento_42" 42 10000 1000 0.8 30 0.4 1 0.8
0.999991335906088 30.7349262450034 "experimento_42" 42 10000 1000 0.8 30 0.4 1 0.8
0.99941899580881 29.3793845896961 "experimento_42" 42 10000 1000 0.8 30 0.4 1 0.8
0.99943877174519 29.2703486444491 "experimento_42" 42 10000 1000 0.8 30 0.4 1 0.8
0.999268798390403 29.158073347215 "experimento_42" 42 10000 1000 0.8 30 0.4 1 0.8
1.01610118296618 29.4495232786724 "experimento_42" 42 10000 1000 0.8 30 0.4 1 0.8
1.01844134872469 31.6728165926126 "experimento_42" 42 10000 1000 0.8 30 0.4 1 0.8
1.00673433686607 29.5191211845562 "experimento_42" 42 10000 1000 0.8 30 0.4 1 0.8
1.02181849613165 30.6436283830146 "experimento_42" 42 10000 1000 0.8 30 0.4 1 0.8
1.00085823794629 30.3711009829725 "experimento_42" 42 10000 1000 0.8 30 0.4 1 0.8
1.00073665513967 30.3059507324312 "experimento_42" 42 10000 1000 0.8 30 0.4 1 0.8
1.00009414590895 30.0698801442411 "experimento_42" 42 10000 1000 0.8 30 0.4 1 0.8
1.00002799252979 29.1468838008696 "experimento_42" 42 10000 1000 0.8 30 0.4 1 0.8
0.99939704593271 29.5235683016061 "experimento_42" 42 10000 1000 0.8 30 0.4 1 0.8
1.00056070553229 29.9223356460718 "experimento_42" 42 10000 1000 0.8 30 0.4 1 0.8
1.00909533420381 28.4567359373086 "experimento_42" 42 10000 1000 0.8 30 0.4 1 0.8
1.00021901976395 28.9550132514456 "experimento_42" 42 10000 1000 0.8 30 0.4 1 0.8
1.00002426941258 29.134285044969 "experimento_42" 42 10000 1000 0.8 30 0.4 1 0.8
1.00014152897832 29.8733864689459 "experimento_42" 42 10000 1000 0.8 30 0.4 1 0.8
1.01689295823065 29.5861415607861 "experimento_42" 42 10000 1000 0.8 30 0.4 1 0.8
1.01342366926062 30.8884792393583 "experimento_42" 42 10000 1000 0.8 30 0.4 1 0.8
1.00000674907782 30.4497440349499 "experimento_42" 42 10000 1000 0.8 30 0.4 1 0.8
1.00015720597162 30.6977363433949 "experimento_42" 42 10000 1000 0.8 30 0.4 1 0.8
0.999659427441657 28.6920235845264 "experimento_42" 42 10000 1000 0.8 30 0.4 1 0.8
1.03126334410446 28.1647639835477 "experimento_42" 42 10000 1000 0.8 30 0.4 1 0.8
1.00039354995824 30.2663816875621 "experimento_42" 42 10000 1000 0.8 30 0.4 1 0.8
1.00264577286628 30.0312444134435 "experimento_42" 42 10000 1000 0.8 30 0.4 1 0.8
1.02520319583817 31.1653736720149 "experimento_42" 42 10000 1000 0.8 30 0.4 1 0.8
1.00003993149536 30.5583579367358 "experimento_42" 42 10000 1000 0.8 30 0.4 1 0.8
1.01826589276704 28.3789893291259 "experimento_42" 42 10000 1000 0.8 30 0.4 1 0.8
1.00629821728605 30.9029772978747 "experimento_42" 42 10000 1000 0.8 30 0.4 1 0.8
1.00008874234433 29.8128365879484 "experimento_42" 42 10000 1000 0.8 30 0.4 1 0.8
0.999972487566993 30.230453546578 "experimento_42" 42 10000 1000 0.8 30 0.4 1 0.8
1.00654062883308 30.3444389499753 "experimento_42" 42 10000 1000 0.8 30 0.4 1 0.8
1.00086102330436 30.9578665248084 "experimento_42" 42 10000 1000 0.8 30 0.4 1 0.8
1.02737523716534 31.607817080876 "experimento_42" 42 10000 1000 0.8 30 0.4 1 0.8
1.00001704110881 29.935509766102 "experimento_42" 42 10000 1000 0.8 30 0.4 1 0.8
1.0060358983775 30.8040822657353 "experimento_42" 42 10000 1000 0.8 30 0.4 1 0.8
1.00048676146973 30.6124996354672 "experimento_42" 42 10000 1000 0.8 30 0.4 1 0.8
1.0004815731508 29.3756974431067 "experimento_42" 42 10000 1000 0.8 30 0.4 1 0.8
1.01082575276184 27.8407540115633 "experimento_42" 42 10000 1000 0.8 30 0.4 1 0.8
1.0193319527898 32.0827965272067 "experimento_42" 42 10000 1000 0.8 30 0.4 1 0.8
1.03639643701274 28.2481197995944 "experimento_42" 42 10000 1000 0.8 30 0.4 1 0.8
1.00861395437581 31.2423384364987 "experimento_42" 42 10000 1000 0.8 30 0.4 1 0.8
0.999535122187808 29.9653485799646 "experimento_42" 42 10000 1000 0.8 30 0.4 1 0.8
1.00019888509715 29.6687380295516 "experimento_42" 42 10000 1000 0.8 30 0.4 1 0.8
1.00974790931837 29.6475622286932 "experimento_42" 42 10000 1000 0.8 30 0.4 1 0.8
1.00190614058267 29.722435699068 "experimento_42" 42 10000 1000 0.8 30 0.4 1 0.8
1.00084255071997 29.2823401968313 "experimento_42" 42 10000 1000 0.8 30 0.4 1 0.8
1.00002915726316 29.7475796480064 "experimento_42" 42 10000 1000 0.8 30 0.4 1 0.8
0.999734944198281 29.3699620911093 "experimento_42" 42 10000 1000 0.8 30 0.4 1 0.8
1.00000501646027 29.5603885997014 "experimento_42" 42 10000 1000 0.8 30 0.4 1 0.8
1.00082912735331 30.847432671342 "experimento_42" 42 10000 1000 0.8 30 0.4 1 0.8
1.00046261137102 30.5808547165784 "experimento_42" 42 10000 1000 0.8 30 0.4 1 0.8
1.00003648025077 29.9532690878454 "experimento_42" 42 10000 1000 0.8 30 0.4 1 0.8
1.00055187783825 30.7714177701982 "experimento_42" 42 10000 1000 0.8 30 0.4 1 0.8
1.00006772897517 29.4569833136822 "experimento_42" 42 10000 1000 0.8 30 0.4 1 0.8
1.00389920088152 28.1016416382446 "experimento_42" 42 10000 1000 0.8 30 0.4 1 0.8
1.00010420956338 28.8887047712312 "experimento_42" 42 10000 1000 0.8 30 0.4 1 0.8
0.999796636868268 30.5570466019572 "experimento_42" 42 10000 1000 0.8 30 0.4 1 0.8
1.01189497827242 30.8837477130767 "experimento_42" 42 10000 1000 0.8 30 0.4 1 0.8
0.999946950469166 31.0253175619607 "experimento_42" 42 10000 1000 0.8 30 0.4 1 0.8
1.00020662755705 29.7309347740896 "experimento_42" 42 10000 1000 0.8 30 0.4 1 0.8
1.00028489448826 30.8418002182065 "experimento_42" 42 10000 1000 0.8 30 0.4 1 0.8
1.01402477173445 31.1900228840682 "experimento_42" 42 10000 1000 0.8 30 0.4 1 0.8
1.00657280418504 30.0498417888192 "experimento_42" 42 10000 1000 0.8 30 0.4 1 0.8
0.999628409277648 29.2709296761229 "experimento_42" 42 10000 1000 0.8 30 0.4 1 0.8
0.999688469571993 29.5608574675658 "experimento_42" 42 10000 1000 0.8 30 0.4 1 0.8
1.01932185806024 29.4723655903379 "experimento_42" 42 10000 1000 0.8 30 0.4 1 0.8
1.0149977778395 30.7559151573265 "experimento_42" 42 10000 1000 0.8 30 0.4 1 0.8
1.00017569260672 29.6776696408102 "experimento_42" 42 10000 1000 0.8 30 0.4 1 0.8
