"est.u" "est.lamb" "name" "seed" "size" "replicates" "p_umbral" "exp_lambda" "alpha_pen" "n_pen" "c"
1.00047218029632 0.576806460778325 "experimento_10" 10 2000 1000 0.95 0.5 0.4 1 0.8
1.09466861344781 0.576960791000713 "experimento_10" 10 2000 1000 0.95 0.5 0.4 1 0.8
0.997651025420055 0.544343823174959 "experimento_10" 10 2000 1000 0.95 0.5 0.4 1 0.8
0.999001285294071 0.476986840798487 "experimento_10" 10 2000 1000 0.95 0.5 0.4 1 0.8
0.998231682460755 0.477422598735312 "experimento_10" 10 2000 1000 0.95 0.5 0.4 1 0.8
1.19774673506618 0.40466527105489 "experimento_10" 10 2000 1000 0.95 0.5 0.4 1 0.8
0.999607625184581 0.475944972512037 "experimento_10" 10 2000 1000 0.95 0.5 0.4 1 0.8
0.997494443552569 0.445596815766459 "experimento_10" 10 2000 1000 0.95 0.5 0.4 1 0.8
0.998224117327482 0.514758057630094 "experimento_10" 10 2000 1000 0.95 0.5 0.4 1 0.8
1.00092429574579 0.505330388612967 "experimento_10" 10 2000 1000 0.95 0.5 0.4 1 0.8
0.998415678041056 0.453684332983384 "experimento_10" 10 2000 1000 0.95 0.5 0.4 1 0.8
1.31217796413556 0.429982719251399 "experimento_10" 10 2000 1000 0.95 0.5 0.4 1 0.8
0.998784994473681 0.4650848315886 "experimento_10" 10 2000 1000 0.95 0.5 0.4 1 0.8
0.996193816885352 0.554990933036127 "experimento_10" 10 2000 1000 0.95 0.5 0.4 1 0.8
0.992306238040328 0.528282180619329 "experimento_10" 10 2000 1000 0.95 0.5 0.4 1 0.8
1.04081319956529 0.482378554360949 "experimento_10" 10 2000 1000 0.95 0.5 0.4 1 0.8
0.998547765659168 0.462478007800686 "experimento_10" 10 2000 1000 0.95 0.5 0.4 1 0.8
0.99611283512786 0.515235074171437 "experimento_10" 10 2000 1000 0.95 0.5 0.4 1 0.8
0.999058233108371 0.485833268476285 "experimento_10" 10 2000 1000 0.95 0.5 0.4 1 0.8
0.999845965066925 0.595016490889249 "experimento_10" 10 2000 1000 0.95 0.5 0.4 1 0.8
0.995857953559607 0.569570374955327 "experimento_10" 10 2000 1000 0.95 0.5 0.4 1 0.8
0.999995663529262 0.554323741002488 "experimento_10" 10 2000 1000 0.95 0.5 0.4 1 0.8
1.01594316177284 0.504631611024205 "experimento_10" 10 2000 1000 0.95 0.5 0.4 1 0.8
0.999240251258016 0.505043243522385 "experimento_10" 10 2000 1000 0.95 0.5 0.4 1 0.8
0.999390156706795 0.532149496483992 "experimento_10" 10 2000 1000 0.95 0.5 0.4 1 0.8
0.999867676757276 0.526443702596598 "experimento_10" 10 2000 1000 0.95 0.5 0.4 1 0.8
1.02304649359566 0.43135466738203 "experimento_10" 10 2000 1000 0.95 0.5 0.4 1 0.8
0.998669339343905 0.582203797727241 "experimento_10" 10 2000 1000 0.95 0.5 0.4 1 0.8
0.998649193672463 0.51350541965104 "experimento_10" 10 2000 1000 0.95 0.5 0.4 1 0.8
0.996263793902472 0.554561188974558 "experimento_10" 10 2000 1000 0.95 0.5 0.4 1 0.8
0.99990343535319 0.461863280231395 "experimento_10" 10 2000 1000 0.95 0.5 0.4 1 0.8
0.999479965539649 0.580193725274324 "experimento_10" 10 2000 1000 0.95 0.5 0.4 1 0.8
0.997233894886449 0.621591563039927 "experimento_10" 10 2000 1000 0.95 0.5 0.4 1 0.8
0.996509184362367 0.494623895489942 "experimento_10" 10 2000 1000 0.95 0.5 0.4 1 0.8
0.998820844804868 0.571274762099565 "experimento_10" 10 2000 1000 0.95 0.5 0.4 1 0.8
1.54121274594218 0.441236040621613 "experimento_10" 10 2000 1000 0.95 0.5 0.4 1 0.8
0.998959726421162 0.534943165203628 "experimento_10" 10 2000 1000 0.95 0.5 0.4 1 0.8
0.999467668589205 0.60491424883194 "experimento_10" 10 2000 1000 0.95 0.5 0.4 1 0.8
0.999305049655959 0.478123114897972 "experimento_10" 10 2000 1000 0.95 0.5 0.4 1 0.8
1.17330254834087 0.461969202478094 "experimento_10" 10 2000 1000 0.95 0.5 0.4 1 0.8
0.99401584174484 0.595888102082969 "experimento_10" 10 2000 1000 0.95 0.5 0.4 1 0.8
0.997734003467485 0.464808609115003 "experimento_10" 10 2000 1000 0.95 0.5 0.4 1 0.8
0.998675318434834 0.474500470998221 "experimento_10" 10 2000 1000 0.95 0.5 0.4 1 0.8
0.996606413973495 0.404289769254649 "experimento_10" 10 2000 1000 0.95 0.5 0.4 1 0.8
0.999028836609796 0.480250063641086 "experimento_10" 10 2000 1000 0.95 0.5 0.4 1 0.8
1.00776855833828 0.45536287991159 "experimento_10" 10 2000 1000 0.95 0.5 0.4 1 0.8
1.21011996734887 0.391116586976285 "experimento_10" 10 2000 1000 0.95 0.5 0.4 1 0.8
1.10390050243586 0.550238886460013 "experimento_10" 10 2000 1000 0.95 0.5 0.4 1 0.8
0.99937117821537 0.525186552380497 "experimento_10" 10 2000 1000 0.95 0.5 0.4 1 0.8
0.999562946381047 0.49251716064197 "experimento_10" 10 2000 1000 0.95 0.5 0.4 1 0.8
1.14145494066179 0.549140279865861 "experimento_10" 10 2000 1000 0.95 0.5 0.4 1 0.8
1.17750821562014 0.575957241831468 "experimento_10" 10 2000 1000 0.95 0.5 0.4 1 0.8
0.996379208518192 0.591039605172591 "experimento_10" 10 2000 1000 0.95 0.5 0.4 1 0.8
1.17238844405477 0.418243494317625 "experimento_10" 10 2000 1000 0.95 0.5 0.4 1 0.8
0.996621562168002 0.598632234776028 "experimento_10" 10 2000 1000 0.95 0.5 0.4 1 0.8
1.02753394469619 0.463913353581546 "experimento_10" 10 2000 1000 0.95 0.5 0.4 1 0.8
0.999890913022682 0.468646285728535 "experimento_10" 10 2000 1000 0.95 0.5 0.4 1 0.8
1.2067433644781 0.587179043423554 "experimento_10" 10 2000 1000 0.95 0.5 0.4 1 0.8
1.01666361279786 0.500728845062278 "experimento_10" 10 2000 1000 0.95 0.5 0.4 1 0.8
1.04037714656442 0.677420040151706 "experimento_10" 10 2000 1000 0.95 0.5 0.4 1 0.8
1.23998490255326 0.442255773032428 "experimento_10" 10 2000 1000 0.95 0.5 0.4 1 0.8
1.10066725359206 0.506266299914141 "experimento_10" 10 2000 1000 0.95 0.5 0.4 1 0.8
0.998107706662267 0.423131204377115 "experimento_10" 10 2000 1000 0.95 0.5 0.4 1 0.8
0.999696510611102 0.493470533742973 "experimento_10" 10 2000 1000 0.95 0.5 0.4 1 0.8
1.08919813223739 0.542324647671087 "experimento_10" 10 2000 1000 0.95 0.5 0.4 1 0.8
0.99786867480725 0.524643452843773 "experimento_10" 10 2000 1000 0.95 0.5 0.4 1 0.8
0.998872613534331 0.493136548556808 "experimento_10" 10 2000 1000 0.95 0.5 0.4 1 0.8
0.998802538495511 0.594234167491981 "experimento_10" 10 2000 1000 0.95 0.5 0.4 1 0.8
0.995591646526009 0.537640035626738 "experimento_10" 10 2000 1000 0.95 0.5 0.4 1 0.8
0.999874066095799 0.541587013951404 "experimento_10" 10 2000 1000 0.95 0.5 0.4 1 0.8
0.999533076770604 0.523781922120112 "experimento_10" 10 2000 1000 0.95 0.5 0.4 1 0.8
1.00266277672037 0.481169762462242 "experimento_10" 10 2000 1000 0.95 0.5 0.4 1 0.8
0.996696341084316 0.530273153648048 "experimento_10" 10 2000 1000 0.95 0.5 0.4 1 0.8
0.99517019209452 0.594848447653071 "experimento_10" 10 2000 1000 0.95 0.5 0.4 1 0.8
0.999509614659473 0.555029987331877 "experimento_10" 10 2000 1000 0.95 0.5 0.4 1 0.8
0.999605276854709 0.520479797836912 "experimento_10" 10 2000 1000 0.95 0.5 0.4 1 0.8
0.998191884253174 0.484478332124117 "experimento_10" 10 2000 1000 0.95 0.5 0.4 1 0.8
0.998585195047781 0.410734338365489 "experimento_10" 10 2000 1000 0.95 0.5 0.4 1 0.8
0.997457740828395 0.436762521202322 "experimento_10" 10 2000 1000 0.95 0.5 0.4 1 0.8
1.19097653683275 0.574372119651546 "experimento_10" 10 2000 1000 0.95 0.5 0.4 1 0.8
0.997478761943057 0.435445393442275 "experimento_10" 10 2000 1000 0.95 0.5 0.4 1 0.8
0.998883912339807 0.569302425621377 "experimento_10" 10 2000 1000 0.95 0.5 0.4 1 0.8
0.999791107606143 0.479138459254142 "experimento_10" 10 2000 1000 0.95 0.5 0.4 1 0.8
0.997499945573509 0.508978069410728 "experimento_10" 10 2000 1000 0.95 0.5 0.4 1 0.8
0.997399464482442 0.512859057231932 "experimento_10" 10 2000 1000 0.95 0.5 0.4 1 0.8
1.05888202511193 0.453832719499477 "experimento_10" 10 2000 1000 0.95 0.5 0.4 1 0.8
0.998031353577971 0.535518058664379 "experimento_10" 10 2000 1000 0.95 0.5 0.4 1 0.8
1.01322020715374 0.495849793659107 "experimento_10" 10 2000 1000 0.95 0.5 0.4 1 0.8
0.999566852580756 0.602622050619894 "experimento_10" 10 2000 1000 0.95 0.5 0.4 1 0.8
0.998492304468527 0.513836283466089 "experimento_10" 10 2000 1000 0.95 0.5 0.4 1 0.8
0.999355719191954 0.520374062575717 "experimento_10" 10 2000 1000 0.95 0.5 0.4 1 0.8
0.99875505338423 0.552741505201273 "experimento_10" 10 2000 1000 0.95 0.5 0.4 1 0.8
0.998560332460329 0.531825479438947 "experimento_10" 10 2000 1000 0.95 0.5 0.4 1 0.8
0.99666771129705 0.496825095744953 "experimento_10" 10 2000 1000 0.95 0.5 0.4 1 0.8
0.999908294063061 0.543016248115866 "experimento_10" 10 2000 1000 0.95 0.5 0.4 1 0.8
0.995930184377357 0.531150239435485 "experimento_10" 10 2000 1000 0.95 0.5 0.4 1 0.8
0.999162546359003 0.507630167075877 "experimento_10" 10 2000 1000 0.95 0.5 0.4 1 0.8
1.11301092031999 0.469707831418134 "experimento_10" 10 2000 1000 0.95 0.5 0.4 1 0.8
0.99644626211375 0.546656314207028 "experimento_10" 10 2000 1000 0.95 0.5 0.4 1 0.8
0.998376427451149 0.522573191378635 "experimento_10" 10 2000 1000 0.95 0.5 0.4 1 0.8
1.02655157594998 0.535607515802831 "experimento_10" 10 2000 1000 0.95 0.5 0.4 1 0.8
0.999922583578154 0.477490188336263 "experimento_10" 10 2000 1000 0.95 0.5 0.4 1 0.8
0.99349124962464 0.499981076708067 "experimento_10" 10 2000 1000 0.95 0.5 0.4 1 0.8
0.999450951814651 0.484831085496944 "experimento_10" 10 2000 1000 0.95 0.5 0.4 1 0.8
0.999109552241862 0.636422292082308 "experimento_10" 10 2000 1000 0.95 0.5 0.4 1 0.8
1.59986762609333 0.460900945024856 "experimento_10" 10 2000 1000 0.95 0.5 0.4 1 0.8
0.999049145029858 0.375530195723536 "experimento_10" 10 2000 1000 0.95 0.5 0.4 1 0.8
1.19681539361953 0.515726429142636 "experimento_10" 10 2000 1000 0.95 0.5 0.4 1 0.8
0.999501549638808 0.434661191597577 "experimento_10" 10 2000 1000 0.95 0.5 0.4 1 0.8
0.999875356908888 0.429944967517791 "experimento_10" 10 2000 1000 0.95 0.5 0.4 1 0.8
0.999477972509339 0.470509481899101 "experimento_10" 10 2000 1000 0.95 0.5 0.4 1 0.8
0.999075533356518 0.433067880078154 "experimento_10" 10 2000 1000 0.95 0.5 0.4 1 0.8
0.999909450532869 0.511757882722096 "experimento_10" 10 2000 1000 0.95 0.5 0.4 1 0.8
1.26753369592312 0.477851243483299 "experimento_10" 10 2000 1000 0.95 0.5 0.4 1 0.8
0.998492608312517 0.46172114577683 "experimento_10" 10 2000 1000 0.95 0.5 0.4 1 0.8
1.03823999654056 0.5303953995328 "experimento_10" 10 2000 1000 0.95 0.5 0.4 1 0.8
1.00237699456121 0.566245173472341 "experimento_10" 10 2000 1000 0.95 0.5 0.4 1 0.8
0.997254686895758 0.547344947954069 "experimento_10" 10 2000 1000 0.95 0.5 0.4 1 0.8
0.998828039038926 0.496667811772426 "experimento_10" 10 2000 1000 0.95 0.5 0.4 1 0.8
0.997992619173601 0.551367142553035 "experimento_10" 10 2000 1000 0.95 0.5 0.4 1 0.8
1.0229053906719 0.480441783512957 "experimento_10" 10 2000 1000 0.95 0.5 0.4 1 0.8
0.999197772936895 0.55658371913837 "experimento_10" 10 2000 1000 0.95 0.5 0.4 1 0.8
0.999139103339985 0.5086680619451 "experimento_10" 10 2000 1000 0.95 0.5 0.4 1 0.8
0.999436339829117 0.458885363394709 "experimento_10" 10 2000 1000 0.95 0.5 0.4 1 0.8
0.998253175755963 0.503127999386723 "experimento_10" 10 2000 1000 0.95 0.5 0.4 1 0.8
0.999801489524543 0.587897107615927 "experimento_10" 10 2000 1000 0.95 0.5 0.4 1 0.8
0.999070894671604 0.509735352167143 "experimento_10" 10 2000 1000 0.95 0.5 0.4 1 0.8
1.03110898379236 0.533886713489439 "experimento_10" 10 2000 1000 0.95 0.5 0.4 1 0.8
1.85501810628921 0.36265234059774 "experimento_10" 10 2000 1000 0.95 0.5 0.4 1 0.8
0.999025525525212 0.517245188453119 "experimento_10" 10 2000 1000 0.95 0.5 0.4 1 0.8
0.99989831680432 0.526325060263342 "experimento_10" 10 2000 1000 0.95 0.5 0.4 1 0.8
0.997079286258668 0.560879723312492 "experimento_10" 10 2000 1000 0.95 0.5 0.4 1 0.8
0.996186563745141 0.567849617183067 "experimento_10" 10 2000 1000 0.95 0.5 0.4 1 0.8
0.996103387326002 0.50163631485924 "experimento_10" 10 2000 1000 0.95 0.5 0.4 1 0.8
1.29703160782317 0.43993607278509 "experimento_10" 10 2000 1000 0.95 0.5 0.4 1 0.8
0.999505431391299 0.495965215320417 "experimento_10" 10 2000 1000 0.95 0.5 0.4 1 0.8
1.07275601662695 0.560930958194245 "experimento_10" 10 2000 1000 0.95 0.5 0.4 1 0.8
1.12271343216545 0.47938614753566 "experimento_10" 10 2000 1000 0.95 0.5 0.4 1 0.8
0.998735325876623 0.476749156506033 "experimento_10" 10 2000 1000 0.95 0.5 0.4 1 0.8
1.01207161915477 0.66720861367455 "experimento_10" 10 2000 1000 0.95 0.5 0.4 1 0.8
1.0954211615026 0.490965049316468 "experimento_10" 10 2000 1000 0.95 0.5 0.4 1 0.8
0.99824029696174 0.482573342297899 "experimento_10" 10 2000 1000 0.95 0.5 0.4 1 0.8
0.99973181122914 0.50075343038281 "experimento_10" 10 2000 1000 0.95 0.5 0.4 1 0.8
1.13912954695032 0.586358773876242 "experimento_10" 10 2000 1000 0.95 0.5 0.4 1 0.8
0.997121042106301 0.549449064056491 "experimento_10" 10 2000 1000 0.95 0.5 0.4 1 0.8
1.41588066936013 0.484663668987885 "experimento_10" 10 2000 1000 0.95 0.5 0.4 1 0.8
0.997716127429157 0.50446497039187 "experimento_10" 10 2000 1000 0.95 0.5 0.4 1 0.8
0.998626310145482 0.489293656077315 "experimento_10" 10 2000 1000 0.95 0.5 0.4 1 0.8
1.05510048644432 0.426620576933306 "experimento_10" 10 2000 1000 0.95 0.5 0.4 1 0.8
1.07830951083452 0.463986701577182 "experimento_10" 10 2000 1000 0.95 0.5 0.4 1 0.8
0.999647486954927 0.594780552771806 "experimento_10" 10 2000 1000 0.95 0.5 0.4 1 0.8
0.997678994201124 0.539483169350804 "experimento_10" 10 2000 1000 0.95 0.5 0.4 1 0.8
0.9994769054465 0.493861283319175 "experimento_10" 10 2000 1000 0.95 0.5 0.4 1 0.8
1.00297369796181 0.497425204643899 "experimento_10" 10 2000 1000 0.95 0.5 0.4 1 0.8
1.02253513224423 0.491143091690205 "experimento_10" 10 2000 1000 0.95 0.5 0.4 1 0.8
1.0532276397571 0.52501052327652 "experimento_10" 10 2000 1000 0.95 0.5 0.4 1 0.8
0.999077406013384 0.542449797944903 "experimento_10" 10 2000 1000 0.95 0.5 0.4 1 0.8
0.99805622594431 0.520864270182107 "experimento_10" 10 2000 1000 0.95 0.5 0.4 1 0.8
1.08523863914311 0.472660136548572 "experimento_10" 10 2000 1000 0.95 0.5 0.4 1 0.8
0.997801941120997 0.559410747227314 "experimento_10" 10 2000 1000 0.95 0.5 0.4 1 0.8
1.04109230809453 0.476926826344699 "experimento_10" 10 2000 1000 0.95 0.5 0.4 1 0.8
0.997547084698454 0.558393791768526 "experimento_10" 10 2000 1000 0.95 0.5 0.4 1 0.8
1.2044082669887 0.500683810341231 "experimento_10" 10 2000 1000 0.95 0.5 0.4 1 0.8
0.998992937384173 0.462328665599085 "experimento_10" 10 2000 1000 0.95 0.5 0.4 1 0.8
0.998317057266831 0.59481368254928 "experimento_10" 10 2000 1000 0.95 0.5 0.4 1 0.8
0.998887793859467 0.587223628049943 "experimento_10" 10 2000 1000 0.95 0.5 0.4 1 0.8
1.01396273169667 0.445909840914108 "experimento_10" 10 2000 1000 0.95 0.5 0.4 1 0.8
0.99756044941023 0.484459685919821 "experimento_10" 10 2000 1000 0.95 0.5 0.4 1 0.8
0.996431723004207 0.525258060368569 "experimento_10" 10 2000 1000 0.95 0.5 0.4 1 0.8
0.999113078927621 0.416454834186388 "experimento_10" 10 2000 1000 0.95 0.5 0.4 1 0.8
0.997141922125593 0.603584062519083 "experimento_10" 10 2000 1000 0.95 0.5 0.4 1 0.8
0.997639319393784 0.489417651556239 "experimento_10" 10 2000 1000 0.95 0.5 0.4 1 0.8
0.999098574044183 0.519696683150947 "experimento_10" 10 2000 1000 0.95 0.5 0.4 1 0.8
0.998124743578956 0.453403132645762 "experimento_10" 10 2000 1000 0.95 0.5 0.4 1 0.8
0.999130740063265 0.540421049772553 "experimento_10" 10 2000 1000 0.95 0.5 0.4 1 0.8
0.998268696479499 0.608703371024004 "experimento_10" 10 2000 1000 0.95 0.5 0.4 1 0.8
0.998744593700394 0.562317985765666 "experimento_10" 10 2000 1000 0.95 0.5 0.4 1 0.8
1.23957726568304 0.486509759094574 "experimento_10" 10 2000 1000 0.95 0.5 0.4 1 0.8
1.05308789964092 0.466623562666577 "experimento_10" 10 2000 1000 0.95 0.5 0.4 1 0.8
0.996869175927714 0.508155777141625 "experimento_10" 10 2000 1000 0.95 0.5 0.4 1 0.8
1.00358398682783 0.536894347866846 "experimento_10" 10 2000 1000 0.95 0.5 0.4 1 0.8
1.00226729828864 0.515664905798746 "experimento_10" 10 2000 1000 0.95 0.5 0.4 1 0.8
1.02761814214532 0.44191751243976 "experimento_10" 10 2000 1000 0.95 0.5 0.4 1 0.8
0.996206272393465 0.540065318438993 "experimento_10" 10 2000 1000 0.95 0.5 0.4 1 0.8
1.39045234210789 0.444242763745206 "experimento_10" 10 2000 1000 0.95 0.5 0.4 1 0.8
1.00407507219174 0.468204233919901 "experimento_10" 10 2000 1000 0.95 0.5 0.4 1 0.8
1.00792627502233 0.607119808764996 "experimento_10" 10 2000 1000 0.95 0.5 0.4 1 0.8
0.996780250919983 0.490601845824455 "experimento_10" 10 2000 1000 0.95 0.5 0.4 1 0.8
0.995614188956097 0.497050129759738 "experimento_10" 10 2000 1000 0.95 0.5 0.4 1 0.8
1.02625176128646 0.485695266603211 "experimento_10" 10 2000 1000 0.95 0.5 0.4 1 0.8
0.998169339261949 0.547417053848144 "experimento_10" 10 2000 1000 0.95 0.5 0.4 1 0.8
0.997234051814303 0.55097337127897 "experimento_10" 10 2000 1000 0.95 0.5 0.4 1 0.8
0.997780709527433 0.537374495563878 "experimento_10" 10 2000 1000 0.95 0.5 0.4 1 0.8
1.00598236452788 0.453954666949591 "experimento_10" 10 2000 1000 0.95 0.5 0.4 1 0.8
0.995079298736528 0.620868360002679 "experimento_10" 10 2000 1000 0.95 0.5 0.4 1 0.8
0.999594076303765 0.503418530604872 "experimento_10" 10 2000 1000 0.95 0.5 0.4 1 0.8
0.997288796585053 0.508597854457373 "experimento_10" 10 2000 1000 0.95 0.5 0.4 1 0.8
1.01310501713306 0.633761595783674 "experimento_10" 10 2000 1000 0.95 0.5 0.4 1 0.8
1.02856476730497 0.464313598630267 "experimento_10" 10 2000 1000 0.95 0.5 0.4 1 0.8
0.999133059289306 0.613693784430721 "experimento_10" 10 2000 1000 0.95 0.5 0.4 1 0.8
1.05864910329184 0.447349671355572 "experimento_10" 10 2000 1000 0.95 0.5 0.4 1 0.8
1.43300978560001 0.45175204897841 "experimento_10" 10 2000 1000 0.95 0.5 0.4 1 0.8
1.21230970788747 0.44135891621132 "experimento_10" 10 2000 1000 0.95 0.5 0.4 1 0.8
1.4064004288334 0.432792315723733 "experimento_10" 10 2000 1000 0.95 0.5 0.4 1 0.8
0.996445486554876 0.578816419081134 "experimento_10" 10 2000 1000 0.95 0.5 0.4 1 0.8
1.16783079670061 0.424482149677337 "experimento_10" 10 2000 1000 0.95 0.5 0.4 1 0.8
0.997715310426429 0.536159345787678 "experimento_10" 10 2000 1000 0.95 0.5 0.4 1 0.8
1.00009009521455 0.495398625638931 "experimento_10" 10 2000 1000 0.95 0.5 0.4 1 0.8
1.01148367673159 0.51416372161689 "experimento_10" 10 2000 1000 0.95 0.5 0.4 1 0.8
1.18786826357245 0.593933417772944 "experimento_10" 10 2000 1000 0.95 0.5 0.4 1 0.8
1.01876885110805 0.467878023338036 "experimento_10" 10 2000 1000 0.95 0.5 0.4 1 0.8
1.55721422551699 0.506258307302421 "experimento_10" 10 2000 1000 0.95 0.5 0.4 1 0.8
0.998778623761609 0.467486765941844 "experimento_10" 10 2000 1000 0.95 0.5 0.4 1 0.8
0.997079314431176 0.469451421748026 "experimento_10" 10 2000 1000 0.95 0.5 0.4 1 0.8
1.01452881734602 0.589525403087544 "experimento_10" 10 2000 1000 0.95 0.5 0.4 1 0.8
0.998327435925603 0.57379066920255 "experimento_10" 10 2000 1000 0.95 0.5 0.4 1 0.8
0.995412805816159 0.58480443871009 "experimento_10" 10 2000 1000 0.95 0.5 0.4 1 0.8
1.12682908307761 0.415486086410727 "experimento_10" 10 2000 1000 0.95 0.5 0.4 1 0.8
0.999616301851347 0.530704474700395 "experimento_10" 10 2000 1000 0.95 0.5 0.4 1 0.8
1.52925511497981 0.475940340771557 "experimento_10" 10 2000 1000 0.95 0.5 0.4 1 0.8
0.999471792252734 0.534442985664025 "experimento_10" 10 2000 1000 0.95 0.5 0.4 1 0.8
1.00634757551265 0.478585687604868 "experimento_10" 10 2000 1000 0.95 0.5 0.4 1 0.8
0.992575455689803 0.487389006989966 "experimento_10" 10 2000 1000 0.95 0.5 0.4 1 0.8
0.995817926479504 0.529965224192053 "experimento_10" 10 2000 1000 0.95 0.5 0.4 1 0.8
0.998239348409697 0.558695760779464 "experimento_10" 10 2000 1000 0.95 0.5 0.4 1 0.8
1.00834406213548 0.452053674153478 "experimento_10" 10 2000 1000 0.95 0.5 0.4 1 0.8
1.27534099109471 0.539784573643809 "experimento_10" 10 2000 1000 0.95 0.5 0.4 1 0.8
0.997102102031931 0.617228130919332 "experimento_10" 10 2000 1000 0.95 0.5 0.4 1 0.8
1.03076639957726 0.419780620453944 "experimento_10" 10 2000 1000 0.95 0.5 0.4 1 0.8
0.996994073037058 0.443425494127672 "experimento_10" 10 2000 1000 0.95 0.5 0.4 1 0.8
0.999172728508711 0.473885253964135 "experimento_10" 10 2000 1000 0.95 0.5 0.4 1 0.8
1.02797217408058 0.479537886104138 "experimento_10" 10 2000 1000 0.95 0.5 0.4 1 0.8
0.994033973664045 0.466355915030742 "experimento_10" 10 2000 1000 0.95 0.5 0.4 1 0.8
0.998591638403013 0.476729056967659 "experimento_10" 10 2000 1000 0.95 0.5 0.4 1 0.8
0.999560833442956 0.423436139082458 "experimento_10" 10 2000 1000 0.95 0.5 0.4 1 0.8
1.34584674052894 0.397342834599001 "experimento_10" 10 2000 1000 0.95 0.5 0.4 1 0.8
1.01020255126059 0.573244193875269 "experimento_10" 10 2000 1000 0.95 0.5 0.4 1 0.8
1.00004362583762 0.425795045470795 "experimento_10" 10 2000 1000 0.95 0.5 0.4 1 0.8
0.998532219324261 0.512777765004232 "experimento_10" 10 2000 1000 0.95 0.5 0.4 1 0.8
0.999675005441532 0.395090995909702 "experimento_10" 10 2000 1000 0.95 0.5 0.4 1 0.8
0.997091237688437 0.497218498520856 "experimento_10" 10 2000 1000 0.95 0.5 0.4 1 0.8
0.992478024214506 0.581686467223251 "experimento_10" 10 2000 1000 0.95 0.5 0.4 1 0.8
0.99766933103092 0.538997563822532 "experimento_10" 10 2000 1000 0.95 0.5 0.4 1 0.8
1.04152539104171 0.454754951910464 "experimento_10" 10 2000 1000 0.95 0.5 0.4 1 0.8
0.998173302039504 0.471514381055862 "experimento_10" 10 2000 1000 0.95 0.5 0.4 1 0.8
0.998251338023692 0.526364850902478 "experimento_10" 10 2000 1000 0.95 0.5 0.4 1 0.8
0.999905407894403 0.474140633060215 "experimento_10" 10 2000 1000 0.95 0.5 0.4 1 0.8
0.999039555899799 0.553121047257181 "experimento_10" 10 2000 1000 0.95 0.5 0.4 1 0.8
0.997517476323992 0.697459663293439 "experimento_10" 10 2000 1000 0.95 0.5 0.4 1 0.8
0.997812017798424 0.441092698508428 "experimento_10" 10 2000 1000 0.95 0.5 0.4 1 0.8
1.82162867486477 0.537999732351754 "experimento_10" 10 2000 1000 0.95 0.5 0.4 1 0.8
0.999883982120082 0.443338842498898 "experimento_10" 10 2000 1000 0.95 0.5 0.4 1 0.8
1.00911198920222 0.474759845713618 "experimento_10" 10 2000 1000 0.95 0.5 0.4 1 0.8
1.44942121423964 0.415333155349718 "experimento_10" 10 2000 1000 0.95 0.5 0.4 1 0.8
1.0097579759847 0.487178143872617 "experimento_10" 10 2000 1000 0.95 0.5 0.4 1 0.8
0.996515467064455 0.562819390539667 "experimento_10" 10 2000 1000 0.95 0.5 0.4 1 0.8
0.99924921663478 0.435920628475464 "experimento_10" 10 2000 1000 0.95 0.5 0.4 1 0.8
1.03809361726605 0.430861831276204 "experimento_10" 10 2000 1000 0.95 0.5 0.4 1 0.8
1.00067031667585 0.520894018738006 "experimento_10" 10 2000 1000 0.95 0.5 0.4 1 0.8
0.999929323093966 0.519214603561531 "experimento_10" 10 2000 1000 0.95 0.5 0.4 1 0.8
0.994304481195286 0.514254934308407 "experimento_10" 10 2000 1000 0.95 0.5 0.4 1 0.8
0.998540644068271 0.498674521022038 "experimento_10" 10 2000 1000 0.95 0.5 0.4 1 0.8
0.999887541634962 0.484676919743406 "experimento_10" 10 2000 1000 0.95 0.5 0.4 1 0.8
1.26304496486886 0.468564333624657 "experimento_10" 10 2000 1000 0.95 0.5 0.4 1 0.8
1.04164927408948 0.627028453192786 "experimento_10" 10 2000 1000 0.95 0.5 0.4 1 0.8
1.02706867270172 0.536459987815347 "experimento_10" 10 2000 1000 0.95 0.5 0.4 1 0.8
0.999315905384719 0.511916656018907 "experimento_10" 10 2000 1000 0.95 0.5 0.4 1 0.8
0.996720600640401 0.711060933701622 "experimento_10" 10 2000 1000 0.95 0.5 0.4 1 0.8
0.997122322674841 0.509544403235087 "experimento_10" 10 2000 1000 0.95 0.5 0.4 1 0.8
0.999906632816419 0.545080033170286 "experimento_10" 10 2000 1000 0.95 0.5 0.4 1 0.8
0.999766206368804 0.599208412019388 "experimento_10" 10 2000 1000 0.95 0.5 0.4 1 0.8
1.00496359584371 0.531838110767023 "experimento_10" 10 2000 1000 0.95 0.5 0.4 1 0.8
0.998645529849455 0.523677743608585 "experimento_10" 10 2000 1000 0.95 0.5 0.4 1 0.8
0.998774568084627 0.504495099295033 "experimento_10" 10 2000 1000 0.95 0.5 0.4 1 0.8
1.00596716601966 0.488484856738955 "experimento_10" 10 2000 1000 0.95 0.5 0.4 1 0.8
0.999722580425441 0.555028382444399 "experimento_10" 10 2000 1000 0.95 0.5 0.4 1 0.8
1.00871150782156 0.508185461830618 "experimento_10" 10 2000 1000 0.95 0.5 0.4 1 0.8
0.997097255196422 0.539409443740324 "experimento_10" 10 2000 1000 0.95 0.5 0.4 1 0.8
0.994494038168341 0.502329386942323 "experimento_10" 10 2000 1000 0.95 0.5 0.4 1 0.8
1.0917943198426 0.420398981758359 "experimento_10" 10 2000 1000 0.95 0.5 0.4 1 0.8
0.996637284755707 0.607467741997751 "experimento_10" 10 2000 1000 0.95 0.5 0.4 1 0.8
0.998168306890875 0.472408903359164 "experimento_10" 10 2000 1000 0.95 0.5 0.4 1 0.8
0.999501237645745 0.487126672560275 "experimento_10" 10 2000 1000 0.95 0.5 0.4 1 0.8
1.00923917628825 0.528228734810143 "experimento_10" 10 2000 1000 0.95 0.5 0.4 1 0.8
1.00254192855209 0.483827949666976 "experimento_10" 10 2000 1000 0.95 0.5 0.4 1 0.8
0.99985702498816 0.536596930115625 "experimento_10" 10 2000 1000 0.95 0.5 0.4 1 0.8
0.999317470006645 0.530165581299394 "experimento_10" 10 2000 1000 0.95 0.5 0.4 1 0.8
0.998285151552409 0.512362062715796 "experimento_10" 10 2000 1000 0.95 0.5 0.4 1 0.8
0.999973323661834 0.461786194233263 "experimento_10" 10 2000 1000 0.95 0.5 0.4 1 0.8
0.999566280748695 0.594157303107594 "experimento_10" 10 2000 1000 0.95 0.5 0.4 1 0.8
0.995033122133464 0.527448875877655 "experimento_10" 10 2000 1000 0.95 0.5 0.4 1 0.8
0.999587543541566 0.408627160206295 "experimento_10" 10 2000 1000 0.95 0.5 0.4 1 0.8
0.998480288079008 0.493481538588782 "experimento_10" 10 2000 1000 0.95 0.5 0.4 1 0.8
0.999391014454886 0.538340733449819 "experimento_10" 10 2000 1000 0.95 0.5 0.4 1 0.8
0.999677177751437 0.574249101689924 "experimento_10" 10 2000 1000 0.95 0.5 0.4 1 0.8
0.997275798115879 0.571630977835836 "experimento_10" 10 2000 1000 0.95 0.5 0.4 1 0.8
1.04355100104203 0.417836614634267 "experimento_10" 10 2000 1000 0.95 0.5 0.4 1 0.8
0.996583974221721 0.52194212442453 "experimento_10" 10 2000 1000 0.95 0.5 0.4 1 0.8
0.999929554760456 0.476700509788256 "experimento_10" 10 2000 1000 0.95 0.5 0.4 1 0.8
0.999170619994402 0.560447717329952 "experimento_10" 10 2000 1000 0.95 0.5 0.4 1 0.8
0.999137351289392 0.569060605520063 "experimento_10" 10 2000 1000 0.95 0.5 0.4 1 0.8
0.99950564536266 0.422002394946352 "experimento_10" 10 2000 1000 0.95 0.5 0.4 1 0.8
0.999226256040856 0.55771894394031 "experimento_10" 10 2000 1000 0.95 0.5 0.4 1 0.8
0.999280074145645 0.435390204531281 "experimento_10" 10 2000 1000 0.95 0.5 0.4 1 0.8
0.999699813779444 0.490269199000552 "experimento_10" 10 2000 1000 0.95 0.5 0.4 1 0.8
1.01760254422789 0.590839676212082 "experimento_10" 10 2000 1000 0.95 0.5 0.4 1 0.8
0.998911842238158 0.482955088636016 "experimento_10" 10 2000 1000 0.95 0.5 0.4 1 0.8
0.995954776415601 0.53152488703138 "experimento_10" 10 2000 1000 0.95 0.5 0.4 1 0.8
0.99992769677192 0.512887104067136 "experimento_10" 10 2000 1000 0.95 0.5 0.4 1 0.8
0.999999904772267 0.550688346595145 "experimento_10" 10 2000 1000 0.95 0.5 0.4 1 0.8
0.999671467347071 0.646862546938526 "experimento_10" 10 2000 1000 0.95 0.5 0.4 1 0.8
0.997088462579995 0.6020187332478 "experimento_10" 10 2000 1000 0.95 0.5 0.4 1 0.8
0.997681026812643 0.56876750572909 "experimento_10" 10 2000 1000 0.95 0.5 0.4 1 0.8
1.01201031543314 0.505781375430485 "experimento_10" 10 2000 1000 0.95 0.5 0.4 1 0.8
0.997975928010419 0.544224506576353 "experimento_10" 10 2000 1000 0.95 0.5 0.4 1 0.8
0.998700150521472 0.490842175549277 "experimento_10" 10 2000 1000 0.95 0.5 0.4 1 0.8
0.99999979021959 0.496539028980481 "experimento_10" 10 2000 1000 0.95 0.5 0.4 1 0.8
0.996177594875917 0.540885940066619 "experimento_10" 10 2000 1000 0.95 0.5 0.4 1 0.8
1.00047421455383 0.506018006099353 "experimento_10" 10 2000 1000 0.95 0.5 0.4 1 0.8
1.00272164028138 0.610928551978843 "experimento_10" 10 2000 1000 0.95 0.5 0.4 1 0.8
1.52738040219992 0.393404798957034 "experimento_10" 10 2000 1000 0.95 0.5 0.4 1 0.8
0.998052715789527 0.550346718637268 "experimento_10" 10 2000 1000 0.95 0.5 0.4 1 0.8
0.99924331298098 0.543950220816904 "experimento_10" 10 2000 1000 0.95 0.5 0.4 1 0.8
0.997141637140885 0.521942902199697 "experimento_10" 10 2000 1000 0.95 0.5 0.4 1 0.8
0.997663288377225 0.580614315102346 "experimento_10" 10 2000 1000 0.95 0.5 0.4 1 0.8
0.999778948491439 0.577973552229879 "experimento_10" 10 2000 1000 0.95 0.5 0.4 1 0.8
0.999568589031696 0.491654904153777 "experimento_10" 10 2000 1000 0.95 0.5 0.4 1 0.8
1.09104113280773 0.501757352619577 "experimento_10" 10 2000 1000 0.95 0.5 0.4 1 0.8
0.999117053579539 0.509233763227921 "experimento_10" 10 2000 1000 0.95 0.5 0.4 1 0.8
1.05561959370971 0.471879138500604 "experimento_10" 10 2000 1000 0.95 0.5 0.4 1 0.8
1.22183660772111 0.474033793757102 "experimento_10" 10 2000 1000 0.95 0.5 0.4 1 0.8
0.998797816922888 0.563546921468316 "experimento_10" 10 2000 1000 0.95 0.5 0.4 1 0.8
1.00372685212642 0.422626296145195 "experimento_10" 10 2000 1000 0.95 0.5 0.4 1 0.8
1.0057959984988 0.447050565806425 "experimento_10" 10 2000 1000 0.95 0.5 0.4 1 0.8
0.999645824544132 0.530059244815369 "experimento_10" 10 2000 1000 0.95 0.5 0.4 1 0.8
1.02265437878303 0.434742624633464 "experimento_10" 10 2000 1000 0.95 0.5 0.4 1 0.8
0.999569521285594 0.54359864980296 "experimento_10" 10 2000 1000 0.95 0.5 0.4 1 0.8
1.00511297490448 0.521089551746366 "experimento_10" 10 2000 1000 0.95 0.5 0.4 1 0.8
1.0428763630972 0.508418849378987 "experimento_10" 10 2000 1000 0.95 0.5 0.4 1 0.8
0.999647194286808 0.595724097831679 "experimento_10" 10 2000 1000 0.95 0.5 0.4 1 0.8
0.999767985194921 0.411782232947898 "experimento_10" 10 2000 1000 0.95 0.5 0.4 1 0.8
1.00731571825492 0.509109514601488 "experimento_10" 10 2000 1000 0.95 0.5 0.4 1 0.8
1.00619391644278 0.486316435120145 "experimento_10" 10 2000 1000 0.95 0.5 0.4 1 0.8
0.998829154297709 0.52914402690097 "experimento_10" 10 2000 1000 0.95 0.5 0.4 1 0.8
1.05929630982898 0.467806977265129 "experimento_10" 10 2000 1000 0.95 0.5 0.4 1 0.8
1.01366908382624 0.530374130536004 "experimento_10" 10 2000 1000 0.95 0.5 0.4 1 0.8
1.02356072887778 0.515603447937985 "experimento_10" 10 2000 1000 0.95 0.5 0.4 1 0.8
0.99551545502618 0.571474715924739 "experimento_10" 10 2000 1000 0.95 0.5 0.4 1 0.8
0.996146484976634 0.458969187665109 "experimento_10" 10 2000 1000 0.95 0.5 0.4 1 0.8
0.997779555618763 0.47736353503402 "experimento_10" 10 2000 1000 0.95 0.5 0.4 1 0.8
1.01132264815356 0.496369625534347 "experimento_10" 10 2000 1000 0.95 0.5 0.4 1 0.8
1.20949503779411 0.45701640747674 "experimento_10" 10 2000 1000 0.95 0.5 0.4 1 0.8
0.998151034582406 0.533318369256261 "experimento_10" 10 2000 1000 0.95 0.5 0.4 1 0.8
0.997355826664716 0.511254903129998 "experimento_10" 10 2000 1000 0.95 0.5 0.4 1 0.8
0.997643263312057 0.625773961897398 "experimento_10" 10 2000 1000 0.95 0.5 0.4 1 0.8
1.50449066609144 0.471938336968507 "experimento_10" 10 2000 1000 0.95 0.5 0.4 1 0.8
0.998344692401588 0.436543939946035 "experimento_10" 10 2000 1000 0.95 0.5 0.4 1 0.8
0.998691605171189 0.487140898070792 "experimento_10" 10 2000 1000 0.95 0.5 0.4 1 0.8
1.00684854479488 0.508092768385153 "experimento_10" 10 2000 1000 0.95 0.5 0.4 1 0.8
0.996284387074411 0.501633438345376 "experimento_10" 10 2000 1000 0.95 0.5 0.4 1 0.8
0.997636920772493 0.514227524916246 "experimento_10" 10 2000 1000 0.95 0.5 0.4 1 0.8
0.998953716130927 0.652192295287609 "experimento_10" 10 2000 1000 0.95 0.5 0.4 1 0.8
0.998495225096121 0.461141355378096 "experimento_10" 10 2000 1000 0.95 0.5 0.4 1 0.8
0.998204878997058 0.463416605095219 "experimento_10" 10 2000 1000 0.95 0.5 0.4 1 0.8
0.997871489729732 0.580457177138828 "experimento_10" 10 2000 1000 0.95 0.5 0.4 1 0.8
0.993663813685998 0.528112762067375 "experimento_10" 10 2000 1000 0.95 0.5 0.4 1 0.8
1.15598065710532 0.591266937241021 "experimento_10" 10 2000 1000 0.95 0.5 0.4 1 0.8
0.996487363008782 0.499574743070609 "experimento_10" 10 2000 1000 0.95 0.5 0.4 1 0.8
0.999402608023956 0.636762216385986 "experimento_10" 10 2000 1000 0.95 0.5 0.4 1 0.8
1.02854129501629 0.582762693768323 "experimento_10" 10 2000 1000 0.95 0.5 0.4 1 0.8
0.999830191489309 0.418672656671724 "experimento_10" 10 2000 1000 0.95 0.5 0.4 1 0.8
0.996318531921133 0.523860486610459 "experimento_10" 10 2000 1000 0.95 0.5 0.4 1 0.8
0.997845946112648 0.552413451664475 "experimento_10" 10 2000 1000 0.95 0.5 0.4 1 0.8
1.21108207851648 0.428089044651517 "experimento_10" 10 2000 1000 0.95 0.5 0.4 1 0.8
0.999372402904555 0.628863856144234 "experimento_10" 10 2000 1000 0.95 0.5 0.4 1 0.8
0.998382702702656 0.499856083320475 "experimento_10" 10 2000 1000 0.95 0.5 0.4 1 0.8
0.995649605756626 0.512306967154823 "experimento_10" 10 2000 1000 0.95 0.5 0.4 1 0.8
1.51294880732894 0.372725632303828 "experimento_10" 10 2000 1000 0.95 0.5 0.4 1 0.8
1.01210053983157 0.509055777041697 "experimento_10" 10 2000 1000 0.95 0.5 0.4 1 0.8
1.90790051221848 0.394953547757274 "experimento_10" 10 2000 1000 0.95 0.5 0.4 1 0.8
0.99800249771215 0.495349992688847 "experimento_10" 10 2000 1000 0.95 0.5 0.4 1 0.8
0.999888313468546 0.464428345790887 "experimento_10" 10 2000 1000 0.95 0.5 0.4 1 0.8
0.994516344275326 0.606525301216465 "experimento_10" 10 2000 1000 0.95 0.5 0.4 1 0.8
1.04810073951856 0.516513837711097 "experimento_10" 10 2000 1000 0.95 0.5 0.4 1 0.8
0.999984323279932 0.554387244580777 "experimento_10" 10 2000 1000 0.95 0.5 0.4 1 0.8
0.997923943446949 0.584178242816468 "experimento_10" 10 2000 1000 0.95 0.5 0.4 1 0.8
0.999453224241734 0.463485597056734 "experimento_10" 10 2000 1000 0.95 0.5 0.4 1 0.8
0.998534908052534 0.713698926429564 "experimento_10" 10 2000 1000 0.95 0.5 0.4 1 0.8
1.00666474174305 0.487509012575876 "experimento_10" 10 2000 1000 0.95 0.5 0.4 1 0.8
0.999810450477526 0.510662515716253 "experimento_10" 10 2000 1000 0.95 0.5 0.4 1 0.8
0.999428606592119 0.445814100668213 "experimento_10" 10 2000 1000 0.95 0.5 0.4 1 0.8
1.12508920955417 0.509607831932504 "experimento_10" 10 2000 1000 0.95 0.5 0.4 1 0.8
0.999506027903408 0.453079720057149 "experimento_10" 10 2000 1000 0.95 0.5 0.4 1 0.8
0.997673007659614 0.547032656341679 "experimento_10" 10 2000 1000 0.95 0.5 0.4 1 0.8
1.2378811356576 0.416697249103023 "experimento_10" 10 2000 1000 0.95 0.5 0.4 1 0.8
0.999270268483087 0.505158923618033 "experimento_10" 10 2000 1000 0.95 0.5 0.4 1 0.8
0.997795706149191 0.583736630735086 "experimento_10" 10 2000 1000 0.95 0.5 0.4 1 0.8
0.998402766883373 0.48732583291565 "experimento_10" 10 2000 1000 0.95 0.5 0.4 1 0.8
0.994192444020882 0.537730993596716 "experimento_10" 10 2000 1000 0.95 0.5 0.4 1 0.8
0.993523724377155 0.536234112595452 "experimento_10" 10 2000 1000 0.95 0.5 0.4 1 0.8
0.999832583125681 0.496799284963962 "experimento_10" 10 2000 1000 0.95 0.5 0.4 1 0.8
0.998896275646985 0.481021059020841 "experimento_10" 10 2000 1000 0.95 0.5 0.4 1 0.8
0.998102254001424 0.530151931330968 "experimento_10" 10 2000 1000 0.95 0.5 0.4 1 0.8
0.999991046730429 0.497293161469767 "experimento_10" 10 2000 1000 0.95 0.5 0.4 1 0.8
0.998443118296564 0.516929231486046 "experimento_10" 10 2000 1000 0.95 0.5 0.4 1 0.8
1.05085778981447 0.555452509034128 "experimento_10" 10 2000 1000 0.95 0.5 0.4 1 0.8
1.0468749795109 0.452654100116654 "experimento_10" 10 2000 1000 0.95 0.5 0.4 1 0.8
0.994726930744946 0.561394191493432 "experimento_10" 10 2000 1000 0.95 0.5 0.4 1 0.8
1.06510288719082 0.470958280309702 "experimento_10" 10 2000 1000 0.95 0.5 0.4 1 0.8
0.998942437581718 0.470326233928115 "experimento_10" 10 2000 1000 0.95 0.5 0.4 1 0.8
1.48800070304424 0.477324843731003 "experimento_10" 10 2000 1000 0.95 0.5 0.4 1 0.8
0.999974888283759 0.544668405521563 "experimento_10" 10 2000 1000 0.95 0.5 0.4 1 0.8
0.999609472695738 0.495330615417325 "experimento_10" 10 2000 1000 0.95 0.5 0.4 1 0.8
0.998380664736032 0.465072668743505 "experimento_10" 10 2000 1000 0.95 0.5 0.4 1 0.8
0.995758017292246 0.559495821569744 "experimento_10" 10 2000 1000 0.95 0.5 0.4 1 0.8
1.05811121504739 0.405784702019652 "experimento_10" 10 2000 1000 0.95 0.5 0.4 1 0.8
0.998664076672867 0.6819646187064 "experimento_10" 10 2000 1000 0.95 0.5 0.4 1 0.8
0.993271323852241 0.462491449460488 "experimento_10" 10 2000 1000 0.95 0.5 0.4 1 0.8
1.00014850124717 0.524031340836796 "experimento_10" 10 2000 1000 0.95 0.5 0.4 1 0.8
0.998762521892786 0.47086791941793 "experimento_10" 10 2000 1000 0.95 0.5 0.4 1 0.8
0.995306403608993 0.51429429747272 "experimento_10" 10 2000 1000 0.95 0.5 0.4 1 0.8
1.01446873724715 0.569171925296369 "experimento_10" 10 2000 1000 0.95 0.5 0.4 1 0.8
1.00261795856368 0.530091124204144 "experimento_10" 10 2000 1000 0.95 0.5 0.4 1 0.8
0.997015707427636 0.54143155307739 "experimento_10" 10 2000 1000 0.95 0.5 0.4 1 0.8
1.0683488902977 0.499950699107391 "experimento_10" 10 2000 1000 0.95 0.5 0.4 1 0.8
1.03428876640458 0.61600223782995 "experimento_10" 10 2000 1000 0.95 0.5 0.4 1 0.8
1.05008286610246 0.449469968419663 "experimento_10" 10 2000 1000 0.95 0.5 0.4 1 0.8
0.999568205093965 0.593220714865433 "experimento_10" 10 2000 1000 0.95 0.5 0.4 1 0.8
1.00328929390736 0.399037866343256 "experimento_10" 10 2000 1000 0.95 0.5 0.4 1 0.8
0.994949602987617 0.460425274727365 "experimento_10" 10 2000 1000 0.95 0.5 0.4 1 0.8
0.998430308420211 0.570017858948988 "experimento_10" 10 2000 1000 0.95 0.5 0.4 1 0.8
0.999229138484225 0.467563127197089 "experimento_10" 10 2000 1000 0.95 0.5 0.4 1 0.8
0.99828666751273 0.517506475470061 "experimento_10" 10 2000 1000 0.95 0.5 0.4 1 0.8
1.07421433219977 0.504860357240103 "experimento_10" 10 2000 1000 0.95 0.5 0.4 1 0.8
0.998402876779437 0.471475239009845 "experimento_10" 10 2000 1000 0.95 0.5 0.4 1 0.8
1.47089983709157 0.45127457547269 "experimento_10" 10 2000 1000 0.95 0.5 0.4 1 0.8
0.997747532790527 0.595144204779557 "experimento_10" 10 2000 1000 0.95 0.5 0.4 1 0.8
1.00456917844713 0.587731089068078 "experimento_10" 10 2000 1000 0.95 0.5 0.4 1 0.8
0.993042945396155 0.517319609414969 "experimento_10" 10 2000 1000 0.95 0.5 0.4 1 0.8
0.99755666195415 0.441174335506772 "experimento_10" 10 2000 1000 0.95 0.5 0.4 1 0.8
1.18194891984317 0.509516987764306 "experimento_10" 10 2000 1000 0.95 0.5 0.4 1 0.8
0.998612475814298 0.563852288136419 "experimento_10" 10 2000 1000 0.95 0.5 0.4 1 0.8
0.996850933181122 0.484453897500575 "experimento_10" 10 2000 1000 0.95 0.5 0.4 1 0.8
0.997560412622988 0.55528897464624 "experimento_10" 10 2000 1000 0.95 0.5 0.4 1 0.8
0.996239245869219 0.518829591629577 "experimento_10" 10 2000 1000 0.95 0.5 0.4 1 0.8
1.06025980078394 0.440579376298185 "experimento_10" 10 2000 1000 0.95 0.5 0.4 1 0.8
0.998393582412973 0.539369877036924 "experimento_10" 10 2000 1000 0.95 0.5 0.4 1 0.8
0.998407594161108 0.556755197749711 "experimento_10" 10 2000 1000 0.95 0.5 0.4 1 0.8
0.99906362243928 0.570015743178934 "experimento_10" 10 2000 1000 0.95 0.5 0.4 1 0.8
0.999861581716686 0.529682370752517 "experimento_10" 10 2000 1000 0.95 0.5 0.4 1 0.8
0.995958940358832 0.520605527536923 "experimento_10" 10 2000 1000 0.95 0.5 0.4 1 0.8
1.02087476756424 0.416539191801901 "experimento_10" 10 2000 1000 0.95 0.5 0.4 1 0.8
0.997493576724082 0.554575337089323 "experimento_10" 10 2000 1000 0.95 0.5 0.4 1 0.8
1.03379841987044 0.430569227074715 "experimento_10" 10 2000 1000 0.95 0.5 0.4 1 0.8
0.999639563262463 0.519546659467276 "experimento_10" 10 2000 1000 0.95 0.5 0.4 1 0.8
0.997504158644006 0.472899930834266 "experimento_10" 10 2000 1000 0.95 0.5 0.4 1 0.8
0.998909089248627 0.446610798790962 "experimento_10" 10 2000 1000 0.95 0.5 0.4 1 0.8
0.9954058828298 0.462245088959014 "experimento_10" 10 2000 1000 0.95 0.5 0.4 1 0.8
1.69523726869375 0.392616188626008 "experimento_10" 10 2000 1000 0.95 0.5 0.4 1 0.8
0.994605988264084 0.606841626732687 "experimento_10" 10 2000 1000 0.95 0.5 0.4 1 0.8
1.00301180686802 0.447374781104595 "experimento_10" 10 2000 1000 0.95 0.5 0.4 1 0.8
0.994460955029353 0.635589520229118 "experimento_10" 10 2000 1000 0.95 0.5 0.4 1 0.8
0.999435033649206 0.50358785974584 "experimento_10" 10 2000 1000 0.95 0.5 0.4 1 0.8
0.996725842822343 0.541789596990725 "experimento_10" 10 2000 1000 0.95 0.5 0.4 1 0.8
1.11909033916891 0.549283443083414 "experimento_10" 10 2000 1000 0.95 0.5 0.4 1 0.8
0.99854171811603 0.499590864445282 "experimento_10" 10 2000 1000 0.95 0.5 0.4 1 0.8
0.997598777525127 0.542040871233286 "experimento_10" 10 2000 1000 0.95 0.5 0.4 1 0.8
1.02408202085644 0.478591974914248 "experimento_10" 10 2000 1000 0.95 0.5 0.4 1 0.8
0.999718209961429 0.553288296295518 "experimento_10" 10 2000 1000 0.95 0.5 0.4 1 0.8
0.999668235424906 0.456758289816548 "experimento_10" 10 2000 1000 0.95 0.5 0.4 1 0.8
1.1329763205722 0.570854479649999 "experimento_10" 10 2000 1000 0.95 0.5 0.4 1 0.8
0.99954864080064 0.540969484156271 "experimento_10" 10 2000 1000 0.95 0.5 0.4 1 0.8
0.99772734218277 0.451485668622947 "experimento_10" 10 2000 1000 0.95 0.5 0.4 1 0.8
1.01978325191885 0.548133355723159 "experimento_10" 10 2000 1000 0.95 0.5 0.4 1 0.8
1.01313820536196 0.442994208770576 "experimento_10" 10 2000 1000 0.95 0.5 0.4 1 0.8
0.997091748286039 0.551785416975491 "experimento_10" 10 2000 1000 0.95 0.5 0.4 1 0.8
0.997326714219525 0.50186304068838 "experimento_10" 10 2000 1000 0.95 0.5 0.4 1 0.8
1.05366368032736 0.505964812721651 "experimento_10" 10 2000 1000 0.95 0.5 0.4 1 0.8
0.99549715872854 0.629505152988582 "experimento_10" 10 2000 1000 0.95 0.5 0.4 1 0.8
0.999491832684726 0.499065590159765 "experimento_10" 10 2000 1000 0.95 0.5 0.4 1 0.8
0.999570303596556 0.542621295938542 "experimento_10" 10 2000 1000 0.95 0.5 0.4 1 0.8
0.997405682923272 0.536402220563389 "experimento_10" 10 2000 1000 0.95 0.5 0.4 1 0.8
0.998548903269693 0.578701157065746 "experimento_10" 10 2000 1000 0.95 0.5 0.4 1 0.8
0.999921359820291 0.510517118154055 "experimento_10" 10 2000 1000 0.95 0.5 0.4 1 0.8
0.998912569601089 0.449386345907745 "experimento_10" 10 2000 1000 0.95 0.5 0.4 1 0.8
0.996745712356642 0.517946841196721 "experimento_10" 10 2000 1000 0.95 0.5 0.4 1 0.8
0.998766166856512 0.515949224924199 "experimento_10" 10 2000 1000 0.95 0.5 0.4 1 0.8
0.998118907213211 0.487955045008447 "experimento_10" 10 2000 1000 0.95 0.5 0.4 1 0.8
1.00398475063383 0.524853048162225 "experimento_10" 10 2000 1000 0.95 0.5 0.4 1 0.8
0.999648216646165 0.584095754432156 "experimento_10" 10 2000 1000 0.95 0.5 0.4 1 0.8
0.996112944558263 0.619439959317827 "experimento_10" 10 2000 1000 0.95 0.5 0.4 1 0.8
0.999079188331962 0.524186023473823 "experimento_10" 10 2000 1000 0.95 0.5 0.4 1 0.8
1.00319227418888 0.418363912874443 "experimento_10" 10 2000 1000 0.95 0.5 0.4 1 0.8
0.993575227912515 0.581404577429464 "experimento_10" 10 2000 1000 0.95 0.5 0.4 1 0.8
0.99816932505928 0.383900101576532 "experimento_10" 10 2000 1000 0.95 0.5 0.4 1 0.8
0.994539801497012 0.632466593834498 "experimento_10" 10 2000 1000 0.95 0.5 0.4 1 0.8
0.997481372207403 0.534716904880537 "experimento_10" 10 2000 1000 0.95 0.5 0.4 1 0.8
1.14933549857343 0.386097275443094 "experimento_10" 10 2000 1000 0.95 0.5 0.4 1 0.8
1.0096255853176 0.54820809592455 "experimento_10" 10 2000 1000 0.95 0.5 0.4 1 0.8
0.995323875686154 0.520641041083768 "experimento_10" 10 2000 1000 0.95 0.5 0.4 1 0.8
0.993528939317912 0.537552467517907 "experimento_10" 10 2000 1000 0.95 0.5 0.4 1 0.8
0.999366368632764 0.478567319598081 "experimento_10" 10 2000 1000 0.95 0.5 0.4 1 0.8
0.997654704609886 0.669395900985421 "experimento_10" 10 2000 1000 0.95 0.5 0.4 1 0.8
1.18533812550442 0.467387609386134 "experimento_10" 10 2000 1000 0.95 0.5 0.4 1 0.8
1.01255160020016 0.477545670602 "experimento_10" 10 2000 1000 0.95 0.5 0.4 1 0.8
0.998044703155756 0.534097075178227 "experimento_10" 10 2000 1000 0.95 0.5 0.4 1 0.8
0.998997759306803 0.534330475814986 "experimento_10" 10 2000 1000 0.95 0.5 0.4 1 0.8
0.996306175598875 0.501847288802085 "experimento_10" 10 2000 1000 0.95 0.5 0.4 1 0.8
0.999662504997104 0.488627259334825 "experimento_10" 10 2000 1000 0.95 0.5 0.4 1 0.8
0.99931363388896 0.522474219007493 "experimento_10" 10 2000 1000 0.95 0.5 0.4 1 0.8
0.996819953434169 0.535871927497017 "experimento_10" 10 2000 1000 0.95 0.5 0.4 1 0.8
0.999821617035195 0.494620988297202 "experimento_10" 10 2000 1000 0.95 0.5 0.4 1 0.8
0.998560714535415 0.543126377355255 "experimento_10" 10 2000 1000 0.95 0.5 0.4 1 0.8
0.997871779836714 0.636697352416656 "experimento_10" 10 2000 1000 0.95 0.5 0.4 1 0.8
2.40604854925516 0.354394274329376 "experimento_10" 10 2000 1000 0.95 0.5 0.4 1 0.8
0.993269071215764 0.545410130939911 "experimento_10" 10 2000 1000 0.95 0.5 0.4 1 0.8
1.09836828988045 0.498931795644219 "experimento_10" 10 2000 1000 0.95 0.5 0.4 1 0.8
0.998387913219631 0.484912121809356 "experimento_10" 10 2000 1000 0.95 0.5 0.4 1 0.8
1.00608890779927 0.439357739464816 "experimento_10" 10 2000 1000 0.95 0.5 0.4 1 0.8
1.00827841926366 0.514686450795032 "experimento_10" 10 2000 1000 0.95 0.5 0.4 1 0.8
1.00180579045625 0.549212628831453 "experimento_10" 10 2000 1000 0.95 0.5 0.4 1 0.8
1.31618503799043 0.428360518738189 "experimento_10" 10 2000 1000 0.95 0.5 0.4 1 0.8
0.99844715022482 0.462837477146525 "experimento_10" 10 2000 1000 0.95 0.5 0.4 1 0.8
1.02094587590545 0.463115335141553 "experimento_10" 10 2000 1000 0.95 0.5 0.4 1 0.8
1.00333410408348 0.676865858750866 "experimento_10" 10 2000 1000 0.95 0.5 0.4 1 0.8
0.995594002539292 0.557051057362797 "experimento_10" 10 2000 1000 0.95 0.5 0.4 1 0.8
0.996825627516955 0.553248552583762 "experimento_10" 10 2000 1000 0.95 0.5 0.4 1 0.8
0.99970137537457 0.503694594042711 "experimento_10" 10 2000 1000 0.95 0.5 0.4 1 0.8
0.997399241663516 0.506758124847305 "experimento_10" 10 2000 1000 0.95 0.5 0.4 1 0.8
1.29108469374478 0.434914961538146 "experimento_10" 10 2000 1000 0.95 0.5 0.4 1 0.8
0.997242074925452 0.726766688197503 "experimento_10" 10 2000 1000 0.95 0.5 0.4 1 0.8
0.995905586518347 0.552934810274056 "experimento_10" 10 2000 1000 0.95 0.5 0.4 1 0.8
0.997430439572781 0.543145812771958 "experimento_10" 10 2000 1000 0.95 0.5 0.4 1 0.8
1.12282833829522 0.488048016303949 "experimento_10" 10 2000 1000 0.95 0.5 0.4 1 0.8
0.997540478827432 0.495104303266911 "experimento_10" 10 2000 1000 0.95 0.5 0.4 1 0.8
0.999727171380073 0.512194488350886 "experimento_10" 10 2000 1000 0.95 0.5 0.4 1 0.8
1.00514791113441 0.520903751941508 "experimento_10" 10 2000 1000 0.95 0.5 0.4 1 0.8
0.996356415795162 0.555587632364179 "experimento_10" 10 2000 1000 0.95 0.5 0.4 1 0.8
0.997660303022712 0.536844787181827 "experimento_10" 10 2000 1000 0.95 0.5 0.4 1 0.8
0.998762578936294 0.55948193546361 "experimento_10" 10 2000 1000 0.95 0.5 0.4 1 0.8
0.999717812985182 0.514615343248737 "experimento_10" 10 2000 1000 0.95 0.5 0.4 1 0.8
0.998735866276547 0.461675011561902 "experimento_10" 10 2000 1000 0.95 0.5 0.4 1 0.8
0.999969365540892 0.634146779221595 "experimento_10" 10 2000 1000 0.95 0.5 0.4 1 0.8
0.994087284198031 0.512871271503381 "experimento_10" 10 2000 1000 0.95 0.5 0.4 1 0.8
0.999878616537899 0.512774406714943 "experimento_10" 10 2000 1000 0.95 0.5 0.4 1 0.8
0.996491194702685 0.546906573161162 "experimento_10" 10 2000 1000 0.95 0.5 0.4 1 0.8
1.16648868957283 0.477456095856007 "experimento_10" 10 2000 1000 0.95 0.5 0.4 1 0.8
0.996339065721259 0.585961923422266 "experimento_10" 10 2000 1000 0.95 0.5 0.4 1 0.8
0.999590284656733 0.489569367566261 "experimento_10" 10 2000 1000 0.95 0.5 0.4 1 0.8
1.0055283332155 0.571193279572339 "experimento_10" 10 2000 1000 0.95 0.5 0.4 1 0.8
0.997504713246599 0.595446199228513 "experimento_10" 10 2000 1000 0.95 0.5 0.4 1 0.8
0.999102998059243 0.498597741691528 "experimento_10" 10 2000 1000 0.95 0.5 0.4 1 0.8
1.01051489588724 0.496224587437427 "experimento_10" 10 2000 1000 0.95 0.5 0.4 1 0.8
0.994953588116914 0.490270634073972 "experimento_10" 10 2000 1000 0.95 0.5 0.4 1 0.8
0.997557690134272 0.533615678507901 "experimento_10" 10 2000 1000 0.95 0.5 0.4 1 0.8
0.997401672182605 0.476612037819066 "experimento_10" 10 2000 1000 0.95 0.5 0.4 1 0.8
0.999937877291813 0.512725667525297 "experimento_10" 10 2000 1000 0.95 0.5 0.4 1 0.8
0.996206167154014 0.553005650271704 "experimento_10" 10 2000 1000 0.95 0.5 0.4 1 0.8
1.07846963758715 0.456714841744514 "experimento_10" 10 2000 1000 0.95 0.5 0.4 1 0.8
0.998513969359919 0.536510226119233 "experimento_10" 10 2000 1000 0.95 0.5 0.4 1 0.8
0.999804135179147 0.481005316146421 "experimento_10" 10 2000 1000 0.95 0.5 0.4 1 0.8
1.0203033821999 0.488594780166798 "experimento_10" 10 2000 1000 0.95 0.5 0.4 1 0.8
0.998685941332951 0.392877369910235 "experimento_10" 10 2000 1000 0.95 0.5 0.4 1 0.8
1.01768357738147 0.551260318749566 "experimento_10" 10 2000 1000 0.95 0.5 0.4 1 0.8
0.996252804063261 0.506405543256387 "experimento_10" 10 2000 1000 0.95 0.5 0.4 1 0.8
0.997157564153895 0.478106307477894 "experimento_10" 10 2000 1000 0.95 0.5 0.4 1 0.8
0.999813067726791 0.51163484728077 "experimento_10" 10 2000 1000 0.95 0.5 0.4 1 0.8
0.999182644532993 0.564437434106046 "experimento_10" 10 2000 1000 0.95 0.5 0.4 1 0.8
0.998082626145333 0.527900081620181 "experimento_10" 10 2000 1000 0.95 0.5 0.4 1 0.8
0.998051712987944 0.553684044836277 "experimento_10" 10 2000 1000 0.95 0.5 0.4 1 0.8
0.999179324368015 0.521413740187886 "experimento_10" 10 2000 1000 0.95 0.5 0.4 1 0.8
1.00056286884578 0.439911595210418 "experimento_10" 10 2000 1000 0.95 0.5 0.4 1 0.8
1.46264665946364 0.51465648730303 "experimento_10" 10 2000 1000 0.95 0.5 0.4 1 0.8
0.999661880312487 0.522114581692479 "experimento_10" 10 2000 1000 0.95 0.5 0.4 1 0.8
1.03016532212496 0.575125866220068 "experimento_10" 10 2000 1000 0.95 0.5 0.4 1 0.8
0.997594085754827 0.44708583900647 "experimento_10" 10 2000 1000 0.95 0.5 0.4 1 0.8
0.998840478016064 0.451325911634892 "experimento_10" 10 2000 1000 0.95 0.5 0.4 1 0.8
1.03953344743208 0.480799329880443 "experimento_10" 10 2000 1000 0.95 0.5 0.4 1 0.8
1.04318919219077 0.473283563500474 "experimento_10" 10 2000 1000 0.95 0.5 0.4 1 0.8
0.999722003703937 0.533520397400708 "experimento_10" 10 2000 1000 0.95 0.5 0.4 1 0.8
0.992257626960054 0.502525870305817 "experimento_10" 10 2000 1000 0.95 0.5 0.4 1 0.8
0.995907078497112 0.477346065802347 "experimento_10" 10 2000 1000 0.95 0.5 0.4 1 0.8
1.01042430568486 0.555579264969724 "experimento_10" 10 2000 1000 0.95 0.5 0.4 1 0.8
1.06745362281799 0.512376585507531 "experimento_10" 10 2000 1000 0.95 0.5 0.4 1 0.8
1.17603604774922 0.520057734782871 "experimento_10" 10 2000 1000 0.95 0.5 0.4 1 0.8
1.04572166968137 0.504130123043652 "experimento_10" 10 2000 1000 0.95 0.5 0.4 1 0.8
1.07698845712474 0.466792801089982 "experimento_10" 10 2000 1000 0.95 0.5 0.4 1 0.8
1.01766157429665 0.498538232799838 "experimento_10" 10 2000 1000 0.95 0.5 0.4 1 0.8
0.997486567357555 0.521230564824526 "experimento_10" 10 2000 1000 0.95 0.5 0.4 1 0.8
0.998087536310777 0.42780226520684 "experimento_10" 10 2000 1000 0.95 0.5 0.4 1 0.8
0.99831301276572 0.6048271902689 "experimento_10" 10 2000 1000 0.95 0.5 0.4 1 0.8
0.995020316448063 0.497619771261282 "experimento_10" 10 2000 1000 0.95 0.5 0.4 1 0.8
1.10222390746365 0.464168109354411 "experimento_10" 10 2000 1000 0.95 0.5 0.4 1 0.8
0.99628840573132 0.650245626560149 "experimento_10" 10 2000 1000 0.95 0.5 0.4 1 0.8
0.998014161596075 0.430115092699179 "experimento_10" 10 2000 1000 0.95 0.5 0.4 1 0.8
0.998418704839423 0.594023264626491 "experimento_10" 10 2000 1000 0.95 0.5 0.4 1 0.8
0.998378218850121 0.528956726429915 "experimento_10" 10 2000 1000 0.95 0.5 0.4 1 0.8
0.999765284126624 0.531385605410055 "experimento_10" 10 2000 1000 0.95 0.5 0.4 1 0.8
0.999062655959278 0.492973905374666 "experimento_10" 10 2000 1000 0.95 0.5 0.4 1 0.8
0.999757168348879 0.551125194333232 "experimento_10" 10 2000 1000 0.95 0.5 0.4 1 0.8
0.997377545572817 0.434204411913774 "experimento_10" 10 2000 1000 0.95 0.5 0.4 1 0.8
0.999773258110508 0.547689669070285 "experimento_10" 10 2000 1000 0.95 0.5 0.4 1 0.8
0.99704200681299 0.544939073575465 "experimento_10" 10 2000 1000 0.95 0.5 0.4 1 0.8
0.995765573112294 0.566523847029935 "experimento_10" 10 2000 1000 0.95 0.5 0.4 1 0.8
0.997774215880781 0.437515933305713 "experimento_10" 10 2000 1000 0.95 0.5 0.4 1 0.8
0.999359538778663 0.534935645665029 "experimento_10" 10 2000 1000 0.95 0.5 0.4 1 0.8
0.998004472348839 0.611757083699102 "experimento_10" 10 2000 1000 0.95 0.5 0.4 1 0.8
0.99955230159685 0.486491362283424 "experimento_10" 10 2000 1000 0.95 0.5 0.4 1 0.8
0.998563486849889 0.538584937817294 "experimento_10" 10 2000 1000 0.95 0.5 0.4 1 0.8
0.999424222158268 0.619432498631072 "experimento_10" 10 2000 1000 0.95 0.5 0.4 1 0.8
1.00326627399772 0.574006333380257 "experimento_10" 10 2000 1000 0.95 0.5 0.4 1 0.8
1.05683196056634 0.517823200676419 "experimento_10" 10 2000 1000 0.95 0.5 0.4 1 0.8
0.999032838037238 0.620164123583133 "experimento_10" 10 2000 1000 0.95 0.5 0.4 1 0.8
1.27912833096874 0.556935084143477 "experimento_10" 10 2000 1000 0.95 0.5 0.4 1 0.8
0.997108636423945 0.545349761066241 "experimento_10" 10 2000 1000 0.95 0.5 0.4 1 0.8
0.996229079319164 0.507542912479432 "experimento_10" 10 2000 1000 0.95 0.5 0.4 1 0.8
0.99862290523015 0.521986118243541 "experimento_10" 10 2000 1000 0.95 0.5 0.4 1 0.8
0.997345068724826 0.500853051144976 "experimento_10" 10 2000 1000 0.95 0.5 0.4 1 0.8
0.997420363361016 0.558696670549804 "experimento_10" 10 2000 1000 0.95 0.5 0.4 1 0.8
1.01264969571708 0.599611632685056 "experimento_10" 10 2000 1000 0.95 0.5 0.4 1 0.8
1.15527602559021 0.479663596334784 "experimento_10" 10 2000 1000 0.95 0.5 0.4 1 0.8
0.996625169413164 0.549098287898341 "experimento_10" 10 2000 1000 0.95 0.5 0.4 1 0.8
0.997561297379434 0.492262760406551 "experimento_10" 10 2000 1000 0.95 0.5 0.4 1 0.8
0.998746582306921 0.550819558540068 "experimento_10" 10 2000 1000 0.95 0.5 0.4 1 0.8
0.992823007982224 0.433386302325893 "experimento_10" 10 2000 1000 0.95 0.5 0.4 1 0.8
0.999403332127258 0.544208083940375 "experimento_10" 10 2000 1000 0.95 0.5 0.4 1 0.8
0.998711940133944 0.489915431180434 "experimento_10" 10 2000 1000 0.95 0.5 0.4 1 0.8
1.80333974491805 0.459255686374463 "experimento_10" 10 2000 1000 0.95 0.5 0.4 1 0.8
0.989662712207064 0.571737745741457 "experimento_10" 10 2000 1000 0.95 0.5 0.4 1 0.8
0.998439432820305 0.497241662635602 "experimento_10" 10 2000 1000 0.95 0.5 0.4 1 0.8
0.999515330884606 0.483933268299795 "experimento_10" 10 2000 1000 0.95 0.5 0.4 1 0.8
1.03201536480972 0.465600017731575 "experimento_10" 10 2000 1000 0.95 0.5 0.4 1 0.8
1.10212966520339 0.436336086062229 "experimento_10" 10 2000 1000 0.95 0.5 0.4 1 0.8
0.996800149558112 0.688555287998572 "experimento_10" 10 2000 1000 0.95 0.5 0.4 1 0.8
0.997521235141903 0.578522357971982 "experimento_10" 10 2000 1000 0.95 0.5 0.4 1 0.8
1.03040503237253 0.430250058171864 "experimento_10" 10 2000 1000 0.95 0.5 0.4 1 0.8
0.996599453035742 0.582817483956369 "experimento_10" 10 2000 1000 0.95 0.5 0.4 1 0.8
0.998078527860343 0.500934441281708 "experimento_10" 10 2000 1000 0.95 0.5 0.4 1 0.8
1.17098809146307 0.499451164220251 "experimento_10" 10 2000 1000 0.95 0.5 0.4 1 0.8
1.01207063115026 0.484836314220469 "experimento_10" 10 2000 1000 0.95 0.5 0.4 1 0.8
0.998610206181183 0.568381646007732 "experimento_10" 10 2000 1000 0.95 0.5 0.4 1 0.8
1.53992483578622 0.684603722793097 "experimento_10" 10 2000 1000 0.95 0.5 0.4 1 0.8
0.997829146217555 0.598665297222252 "experimento_10" 10 2000 1000 0.95 0.5 0.4 1 0.8
0.99898839299567 0.459032728681549 "experimento_10" 10 2000 1000 0.95 0.5 0.4 1 0.8
1.00637599546462 0.493488018327026 "experimento_10" 10 2000 1000 0.95 0.5 0.4 1 0.8
0.996502277906984 0.544938164146509 "experimento_10" 10 2000 1000 0.95 0.5 0.4 1 0.8
1.07002822682871 0.496374535044887 "experimento_10" 10 2000 1000 0.95 0.5 0.4 1 0.8
1.07304457876224 0.537893342715472 "experimento_10" 10 2000 1000 0.95 0.5 0.4 1 0.8
0.998456572182477 0.573092232655869 "experimento_10" 10 2000 1000 0.95 0.5 0.4 1 0.8
1.12478726450354 0.475457080875744 "experimento_10" 10 2000 1000 0.95 0.5 0.4 1 0.8
0.999772876268253 0.488809368702615 "experimento_10" 10 2000 1000 0.95 0.5 0.4 1 0.8
0.997487452812493 0.58044749742662 "experimento_10" 10 2000 1000 0.95 0.5 0.4 1 0.8
0.999164531938732 0.493800995743481 "experimento_10" 10 2000 1000 0.95 0.5 0.4 1 0.8
1.00455754529685 0.566682892002373 "experimento_10" 10 2000 1000 0.95 0.5 0.4 1 0.8
0.997355489060283 0.546731209745768 "experimento_10" 10 2000 1000 0.95 0.5 0.4 1 0.8
1.06770388183657 0.382697235881474 "experimento_10" 10 2000 1000 0.95 0.5 0.4 1 0.8
1.19238222483546 0.372484608502582 "experimento_10" 10 2000 1000 0.95 0.5 0.4 1 0.8
1.18998275976628 0.507208061344184 "experimento_10" 10 2000 1000 0.95 0.5 0.4 1 0.8
1.0029040880253 0.487073447380749 "experimento_10" 10 2000 1000 0.95 0.5 0.4 1 0.8
0.999628689372912 0.509340126100566 "experimento_10" 10 2000 1000 0.95 0.5 0.4 1 0.8
1.14651972614229 0.421035101532358 "experimento_10" 10 2000 1000 0.95 0.5 0.4 1 0.8
1.01087091770023 0.454671971895988 "experimento_10" 10 2000 1000 0.95 0.5 0.4 1 0.8
0.999884597258642 0.454145241521535 "experimento_10" 10 2000 1000 0.95 0.5 0.4 1 0.8
1.1872946145013 0.457277013667884 "experimento_10" 10 2000 1000 0.95 0.5 0.4 1 0.8
0.998989799292758 0.525259270325057 "experimento_10" 10 2000 1000 0.95 0.5 0.4 1 0.8
1.11694350000471 0.538601350063456 "experimento_10" 10 2000 1000 0.95 0.5 0.4 1 0.8
0.998963051708415 0.496751160920219 "experimento_10" 10 2000 1000 0.95 0.5 0.4 1 0.8
1.01123135698913 0.49871831528419 "experimento_10" 10 2000 1000 0.95 0.5 0.4 1 0.8
1.02352519519627 0.497929125127796 "experimento_10" 10 2000 1000 0.95 0.5 0.4 1 0.8
0.998523310059682 0.594575940892442 "experimento_10" 10 2000 1000 0.95 0.5 0.4 1 0.8
0.99902706919238 0.493627412745684 "experimento_10" 10 2000 1000 0.95 0.5 0.4 1 0.8
0.994416076224297 0.495363824625542 "experimento_10" 10 2000 1000 0.95 0.5 0.4 1 0.8
1.09836468665937 0.552278881354842 "experimento_10" 10 2000 1000 0.95 0.5 0.4 1 0.8
1.02659299038351 0.518901128314792 "experimento_10" 10 2000 1000 0.95 0.5 0.4 1 0.8
0.999545423546806 0.600275039840003 "experimento_10" 10 2000 1000 0.95 0.5 0.4 1 0.8
0.996805835980922 0.483264564964561 "experimento_10" 10 2000 1000 0.95 0.5 0.4 1 0.8
0.999982250155881 0.508284599849876 "experimento_10" 10 2000 1000 0.95 0.5 0.4 1 0.8
0.998716379050165 0.648329295304783 "experimento_10" 10 2000 1000 0.95 0.5 0.4 1 0.8
0.99883383885026 0.729138719815344 "experimento_10" 10 2000 1000 0.95 0.5 0.4 1 0.8
0.998241164954379 0.494760203792552 "experimento_10" 10 2000 1000 0.95 0.5 0.4 1 0.8
1.00348665378988 0.385920943566358 "experimento_10" 10 2000 1000 0.95 0.5 0.4 1 0.8
1.56263288669288 0.39607617332404 "experimento_10" 10 2000 1000 0.95 0.5 0.4 1 0.8
0.999393928330392 0.492554005600938 "experimento_10" 10 2000 1000 0.95 0.5 0.4 1 0.8
0.998408889397979 0.485006086963423 "experimento_10" 10 2000 1000 0.95 0.5 0.4 1 0.8
0.998396878363565 0.511174834621078 "experimento_10" 10 2000 1000 0.95 0.5 0.4 1 0.8
0.998806335264817 0.577710772776269 "experimento_10" 10 2000 1000 0.95 0.5 0.4 1 0.8
0.998547169147059 0.500299223444553 "experimento_10" 10 2000 1000 0.95 0.5 0.4 1 0.8
0.992322103818879 0.584076804866957 "experimento_10" 10 2000 1000 0.95 0.5 0.4 1 0.8
1.005364145652 0.566186217826923 "experimento_10" 10 2000 1000 0.95 0.5 0.4 1 0.8
0.999856450827792 0.453603063550747 "experimento_10" 10 2000 1000 0.95 0.5 0.4 1 0.8
0.996439811540768 0.519512337228436 "experimento_10" 10 2000 1000 0.95 0.5 0.4 1 0.8
1.06229879387176 0.574890898902648 "experimento_10" 10 2000 1000 0.95 0.5 0.4 1 0.8
0.998245674418285 0.504010449958102 "experimento_10" 10 2000 1000 0.95 0.5 0.4 1 0.8
0.999058307847008 0.470094055012058 "experimento_10" 10 2000 1000 0.95 0.5 0.4 1 0.8
0.99428773438558 0.492093236081418 "experimento_10" 10 2000 1000 0.95 0.5 0.4 1 0.8
0.998382541583851 0.517022842678022 "experimento_10" 10 2000 1000 0.95 0.5 0.4 1 0.8
0.999754451448098 0.466579292926152 "experimento_10" 10 2000 1000 0.95 0.5 0.4 1 0.8
1.01801206171513 0.518478040977569 "experimento_10" 10 2000 1000 0.95 0.5 0.4 1 0.8
1.00972212765657 0.450864830711987 "experimento_10" 10 2000 1000 0.95 0.5 0.4 1 0.8
0.998759467387572 0.521118110589597 "experimento_10" 10 2000 1000 0.95 0.5 0.4 1 0.8
0.999778053490445 0.467465755074582 "experimento_10" 10 2000 1000 0.95 0.5 0.4 1 0.8
0.996708252467215 0.552283140021386 "experimento_10" 10 2000 1000 0.95 0.5 0.4 1 0.8
0.999938681488857 0.54524412196322 "experimento_10" 10 2000 1000 0.95 0.5 0.4 1 0.8
1.01992648281157 0.506709917310895 "experimento_10" 10 2000 1000 0.95 0.5 0.4 1 0.8
0.998459252761677 0.47469019423833 "experimento_10" 10 2000 1000 0.95 0.5 0.4 1 0.8
0.994886536384001 0.554786321480803 "experimento_10" 10 2000 1000 0.95 0.5 0.4 1 0.8
0.997476974967867 0.645594534073164 "experimento_10" 10 2000 1000 0.95 0.5 0.4 1 0.8
0.996372471796349 0.526084674997768 "experimento_10" 10 2000 1000 0.95 0.5 0.4 1 0.8
0.997453186195344 0.428271532563897 "experimento_10" 10 2000 1000 0.95 0.5 0.4 1 0.8
1.00507828500122 0.522972440045362 "experimento_10" 10 2000 1000 0.95 0.5 0.4 1 0.8
0.999724448891357 0.524743582210558 "experimento_10" 10 2000 1000 0.95 0.5 0.4 1 0.8
1.10346344771665 0.456145248042063 "experimento_10" 10 2000 1000 0.95 0.5 0.4 1 0.8
1.52726970007556 0.387894516689854 "experimento_10" 10 2000 1000 0.95 0.5 0.4 1 0.8
1.05504496023059 0.455926012822872 "experimento_10" 10 2000 1000 0.95 0.5 0.4 1 0.8
0.99645605077967 0.519513381221787 "experimento_10" 10 2000 1000 0.95 0.5 0.4 1 0.8
0.997146667679772 0.550789636787098 "experimento_10" 10 2000 1000 0.95 0.5 0.4 1 0.8
0.997949393000454 0.446598553046592 "experimento_10" 10 2000 1000 0.95 0.5 0.4 1 0.8
1.00696236672262 0.554287477622928 "experimento_10" 10 2000 1000 0.95 0.5 0.4 1 0.8
1.17235704045743 0.45197646190811 "experimento_10" 10 2000 1000 0.95 0.5 0.4 1 0.8
1.58883525710553 0.498539969383824 "experimento_10" 10 2000 1000 0.95 0.5 0.4 1 0.8
0.997065747622401 0.596897256348643 "experimento_10" 10 2000 1000 0.95 0.5 0.4 1 0.8
1.00551956544209 0.522884274016238 "experimento_10" 10 2000 1000 0.95 0.5 0.4 1 0.8
1.28203770890121 0.467880183726391 "experimento_10" 10 2000 1000 0.95 0.5 0.4 1 0.8
0.999460189370438 0.566370099035414 "experimento_10" 10 2000 1000 0.95 0.5 0.4 1 0.8
1.00143943913281 0.425193194560683 "experimento_10" 10 2000 1000 0.95 0.5 0.4 1 0.8
0.997048344695941 0.555132123420834 "experimento_10" 10 2000 1000 0.95 0.5 0.4 1 0.8
1.12811467430416 0.418027222998784 "experimento_10" 10 2000 1000 0.95 0.5 0.4 1 0.8
1.00729572706019 0.559431163070767 "experimento_10" 10 2000 1000 0.95 0.5 0.4 1 0.8
0.999569929670542 0.583690226504947 "experimento_10" 10 2000 1000 0.95 0.5 0.4 1 0.8
0.999045052798465 0.562848322306409 "experimento_10" 10 2000 1000 0.95 0.5 0.4 1 0.8
1.33186436834649 0.48622220318487 "experimento_10" 10 2000 1000 0.95 0.5 0.4 1 0.8
0.998471846338362 0.522406140343958 "experimento_10" 10 2000 1000 0.95 0.5 0.4 1 0.8
0.999967366456985 0.51184915956015 "experimento_10" 10 2000 1000 0.95 0.5 0.4 1 0.8
1.10638582613319 0.43154814318029 "experimento_10" 10 2000 1000 0.95 0.5 0.4 1 0.8
0.995332911144942 0.560739236811236 "experimento_10" 10 2000 1000 0.95 0.5 0.4 1 0.8
1.38912097550929 0.486445251228468 "experimento_10" 10 2000 1000 0.95 0.5 0.4 1 0.8
1.38200416583 0.547160791300467 "experimento_10" 10 2000 1000 0.95 0.5 0.4 1 0.8
1.01872643050036 0.451965882236987 "experimento_10" 10 2000 1000 0.95 0.5 0.4 1 0.8
0.999546142527834 0.50240119123748 "experimento_10" 10 2000 1000 0.95 0.5 0.4 1 0.8
1.03111496606015 0.483243055536455 "experimento_10" 10 2000 1000 0.95 0.5 0.4 1 0.8
1.00634360592812 0.698896113676634 "experimento_10" 10 2000 1000 0.95 0.5 0.4 1 0.8
1.05881895590574 0.396955377456264 "experimento_10" 10 2000 1000 0.95 0.5 0.4 1 0.8
1.01540873977484 0.504672966224568 "experimento_10" 10 2000 1000 0.95 0.5 0.4 1 0.8
0.997661913745105 0.551257667308493 "experimento_10" 10 2000 1000 0.95 0.5 0.4 1 0.8
0.998457997338846 0.648995685780657 "experimento_10" 10 2000 1000 0.95 0.5 0.4 1 0.8
0.99972882331349 0.627028948939614 "experimento_10" 10 2000 1000 0.95 0.5 0.4 1 0.8
0.99938706913963 0.481872427377545 "experimento_10" 10 2000 1000 0.95 0.5 0.4 1 0.8
0.994699144735932 0.581542603474849 "experimento_10" 10 2000 1000 0.95 0.5 0.4 1 0.8
0.994639921467751 0.516037828304318 "experimento_10" 10 2000 1000 0.95 0.5 0.4 1 0.8
1.05586157881802 0.475355244825347 "experimento_10" 10 2000 1000 0.95 0.5 0.4 1 0.8
0.9951750067994 0.563960239971673 "experimento_10" 10 2000 1000 0.95 0.5 0.4 1 0.8
0.997049336554483 0.581736435869876 "experimento_10" 10 2000 1000 0.95 0.5 0.4 1 0.8
0.99864372657612 0.524806825824126 "experimento_10" 10 2000 1000 0.95 0.5 0.4 1 0.8
1.02909165713936 0.611400121401769 "experimento_10" 10 2000 1000 0.95 0.5 0.4 1 0.8
0.99989769468084 0.539173924877423 "experimento_10" 10 2000 1000 0.95 0.5 0.4 1 0.8
0.999349237186834 0.540489349429698 "experimento_10" 10 2000 1000 0.95 0.5 0.4 1 0.8
0.995427237125114 0.508796167994506 "experimento_10" 10 2000 1000 0.95 0.5 0.4 1 0.8
0.998621501028538 0.465054535199773 "experimento_10" 10 2000 1000 0.95 0.5 0.4 1 0.8
0.999587410129607 0.52203638867553 "experimento_10" 10 2000 1000 0.95 0.5 0.4 1 0.8
0.995488094864413 0.552840409227525 "experimento_10" 10 2000 1000 0.95 0.5 0.4 1 0.8
0.999944606330246 0.552418262160025 "experimento_10" 10 2000 1000 0.95 0.5 0.4 1 0.8
0.999837899114937 0.45307837042413 "experimento_10" 10 2000 1000 0.95 0.5 0.4 1 0.8
1.25242398228027 0.605800014191606 "experimento_10" 10 2000 1000 0.95 0.5 0.4 1 0.8
0.998162576230243 0.505981172043986 "experimento_10" 10 2000 1000 0.95 0.5 0.4 1 0.8
1.00216309949369 0.589627436126184 "experimento_10" 10 2000 1000 0.95 0.5 0.4 1 0.8
0.999834803631529 0.491541116503038 "experimento_10" 10 2000 1000 0.95 0.5 0.4 1 0.8
0.998848018003628 0.544249510190774 "experimento_10" 10 2000 1000 0.95 0.5 0.4 1 0.8
0.998686659149826 0.565055903463839 "experimento_10" 10 2000 1000 0.95 0.5 0.4 1 0.8
0.998083733720705 0.59097638994149 "experimento_10" 10 2000 1000 0.95 0.5 0.4 1 0.8
0.997436665464193 0.523279103181404 "experimento_10" 10 2000 1000 0.95 0.5 0.4 1 0.8
1.07314000076027 0.548699735988908 "experimento_10" 10 2000 1000 0.95 0.5 0.4 1 0.8
1.15510754473507 0.408928204888552 "experimento_10" 10 2000 1000 0.95 0.5 0.4 1 0.8
0.99922541459091 0.531020602067414 "experimento_10" 10 2000 1000 0.95 0.5 0.4 1 0.8
0.997116311686113 0.507427410413026 "experimento_10" 10 2000 1000 0.95 0.5 0.4 1 0.8
0.999255765462294 0.409066795734856 "experimento_10" 10 2000 1000 0.95 0.5 0.4 1 0.8
0.999948871089146 0.646918237839359 "experimento_10" 10 2000 1000 0.95 0.5 0.4 1 0.8
1.10544181615114 0.508396615208381 "experimento_10" 10 2000 1000 0.95 0.5 0.4 1 0.8
0.998546967050061 0.582755702512536 "experimento_10" 10 2000 1000 0.95 0.5 0.4 1 0.8
0.99707793793641 0.551014187346833 "experimento_10" 10 2000 1000 0.95 0.5 0.4 1 0.8
0.994665807113051 0.43841476278035 "experimento_10" 10 2000 1000 0.95 0.5 0.4 1 0.8
1.00839793588966 0.512487886086172 "experimento_10" 10 2000 1000 0.95 0.5 0.4 1 0.8
1.00829816050828 0.483948928907319 "experimento_10" 10 2000 1000 0.95 0.5 0.4 1 0.8
1.03470360435251 0.473271848853626 "experimento_10" 10 2000 1000 0.95 0.5 0.4 1 0.8
0.999882496194914 0.504480892853222 "experimento_10" 10 2000 1000 0.95 0.5 0.4 1 0.8
0.997007847763598 0.466752459425801 "experimento_10" 10 2000 1000 0.95 0.5 0.4 1 0.8
1.00256785843521 0.445258656166233 "experimento_10" 10 2000 1000 0.95 0.5 0.4 1 0.8
0.995629245880991 0.591084540352517 "experimento_10" 10 2000 1000 0.95 0.5 0.4 1 0.8
0.999567493097857 0.467662930750837 "experimento_10" 10 2000 1000 0.95 0.5 0.4 1 0.8
0.999889094615355 0.429164217323593 "experimento_10" 10 2000 1000 0.95 0.5 0.4 1 0.8
0.998303746804595 0.493306024361813 "experimento_10" 10 2000 1000 0.95 0.5 0.4 1 0.8
0.996054003946483 0.479436106368623 "experimento_10" 10 2000 1000 0.95 0.5 0.4 1 0.8
0.993611467769369 0.561966101663312 "experimento_10" 10 2000 1000 0.95 0.5 0.4 1 0.8
0.998638625489548 0.460913887506678 "experimento_10" 10 2000 1000 0.95 0.5 0.4 1 0.8
0.998820367036387 0.427669959829674 "experimento_10" 10 2000 1000 0.95 0.5 0.4 1 0.8
1.01454015825628 0.459801858645524 "experimento_10" 10 2000 1000 0.95 0.5 0.4 1 0.8
0.998356809373945 0.55166401986897 "experimento_10" 10 2000 1000 0.95 0.5 0.4 1 0.8
0.997971419710666 0.59255268130056 "experimento_10" 10 2000 1000 0.95 0.5 0.4 1 0.8
0.999850274529308 0.527377533840011 "experimento_10" 10 2000 1000 0.95 0.5 0.4 1 0.8
0.997498489683494 0.450634299124647 "experimento_10" 10 2000 1000 0.95 0.5 0.4 1 0.8
1.01112601626664 0.518718732069947 "experimento_10" 10 2000 1000 0.95 0.5 0.4 1 0.8
1.00867605954409 0.484860349607246 "experimento_10" 10 2000 1000 0.95 0.5 0.4 1 0.8
0.996724837925285 0.503140698056381 "experimento_10" 10 2000 1000 0.95 0.5 0.4 1 0.8
0.998500067275017 0.49832991553605 "experimento_10" 10 2000 1000 0.95 0.5 0.4 1 0.8
0.99670312134549 0.549738810137396 "experimento_10" 10 2000 1000 0.95 0.5 0.4 1 0.8
1.0000209269102 0.558080789281306 "experimento_10" 10 2000 1000 0.95 0.5 0.4 1 0.8
0.998177508590743 0.675599234324599 "experimento_10" 10 2000 1000 0.95 0.5 0.4 1 0.8
0.999896228313446 0.549472756708086 "experimento_10" 10 2000 1000 0.95 0.5 0.4 1 0.8
0.997491031885147 0.568635140012944 "experimento_10" 10 2000 1000 0.95 0.5 0.4 1 0.8
1.01709329294382 0.482035214014152 "experimento_10" 10 2000 1000 0.95 0.5 0.4 1 0.8
0.99977463320829 0.583408639205784 "experimento_10" 10 2000 1000 0.95 0.5 0.4 1 0.8
0.997037103865296 0.58230201950026 "experimento_10" 10 2000 1000 0.95 0.5 0.4 1 0.8
0.996786789270118 0.446344278849413 "experimento_10" 10 2000 1000 0.95 0.5 0.4 1 0.8
0.997088879579678 0.577191763267255 "experimento_10" 10 2000 1000 0.95 0.5 0.4 1 0.8
0.998538494342938 0.614132296057343 "experimento_10" 10 2000 1000 0.95 0.5 0.4 1 0.8
0.999370541190729 0.523204737006358 "experimento_10" 10 2000 1000 0.95 0.5 0.4 1 0.8
0.997145018074661 0.546987169578984 "experimento_10" 10 2000 1000 0.95 0.5 0.4 1 0.8
0.999456631951034 0.526629320885096 "experimento_10" 10 2000 1000 0.95 0.5 0.4 1 0.8
0.995703393593431 0.60540224642209 "experimento_10" 10 2000 1000 0.95 0.5 0.4 1 0.8
0.999591989442706 0.459298028478007 "experimento_10" 10 2000 1000 0.95 0.5 0.4 1 0.8
1.75909308809787 0.414114980155963 "experimento_10" 10 2000 1000 0.95 0.5 0.4 1 0.8
0.999373130965978 0.502686831615757 "experimento_10" 10 2000 1000 0.95 0.5 0.4 1 0.8
0.997333949198946 0.519334891422533 "experimento_10" 10 2000 1000 0.95 0.5 0.4 1 0.8
0.999846926424652 0.448652493090029 "experimento_10" 10 2000 1000 0.95 0.5 0.4 1 0.8
0.995600863592699 0.586137043573392 "experimento_10" 10 2000 1000 0.95 0.5 0.4 1 0.8
0.998918122379109 0.539862334925174 "experimento_10" 10 2000 1000 0.95 0.5 0.4 1 0.8
0.999797437805682 0.454959699108472 "experimento_10" 10 2000 1000 0.95 0.5 0.4 1 0.8
1.00258132396343 0.530670404951171 "experimento_10" 10 2000 1000 0.95 0.5 0.4 1 0.8
1.06552446396857 0.534258481408041 "experimento_10" 10 2000 1000 0.95 0.5 0.4 1 0.8
0.997740731341764 0.521137341546842 "experimento_10" 10 2000 1000 0.95 0.5 0.4 1 0.8
0.997363529866561 0.440898153889076 "experimento_10" 10 2000 1000 0.95 0.5 0.4 1 0.8
0.996250444790348 0.498575724600019 "experimento_10" 10 2000 1000 0.95 0.5 0.4 1 0.8
1.11052583903074 0.481329335622731 "experimento_10" 10 2000 1000 0.95 0.5 0.4 1 0.8
0.997694632038474 0.478650741531895 "experimento_10" 10 2000 1000 0.95 0.5 0.4 1 0.8
1.04984264075756 0.477403154363196 "experimento_10" 10 2000 1000 0.95 0.5 0.4 1 0.8
0.999821727862582 0.547608071381867 "experimento_10" 10 2000 1000 0.95 0.5 0.4 1 0.8
1.00092344824225 0.412781474085984 "experimento_10" 10 2000 1000 0.95 0.5 0.4 1 0.8
0.997004219330847 0.624725719067767 "experimento_10" 10 2000 1000 0.95 0.5 0.4 1 0.8
0.997949433280155 0.406659727587648 "experimento_10" 10 2000 1000 0.95 0.5 0.4 1 0.8
0.998969781445339 0.49485281482053 "experimento_10" 10 2000 1000 0.95 0.5 0.4 1 0.8
1.02390720948802 0.433120334767103 "experimento_10" 10 2000 1000 0.95 0.5 0.4 1 0.8
0.998867557384074 0.538408993785304 "experimento_10" 10 2000 1000 0.95 0.5 0.4 1 0.8
1.06980632702034 0.526032724177484 "experimento_10" 10 2000 1000 0.95 0.5 0.4 1 0.8
1.1402411069721 0.481508887908062 "experimento_10" 10 2000 1000 0.95 0.5 0.4 1 0.8
0.995758502045646 0.742511522092053 "experimento_10" 10 2000 1000 0.95 0.5 0.4 1 0.8
1.11347887004622 0.497180612745481 "experimento_10" 10 2000 1000 0.95 0.5 0.4 1 0.8
0.996986516285688 0.491900814780968 "experimento_10" 10 2000 1000 0.95 0.5 0.4 1 0.8
0.999919465743005 0.487869431680098 "experimento_10" 10 2000 1000 0.95 0.5 0.4 1 0.8
0.998904632637277 0.493359951498637 "experimento_10" 10 2000 1000 0.95 0.5 0.4 1 0.8
0.998110781190917 0.524888121950152 "experimento_10" 10 2000 1000 0.95 0.5 0.4 1 0.8
1.06277428419298 0.473259919641212 "experimento_10" 10 2000 1000 0.95 0.5 0.4 1 0.8
0.99907945538871 0.513254270702095 "experimento_10" 10 2000 1000 0.95 0.5 0.4 1 0.8
0.99988390924409 0.465954795213823 "experimento_10" 10 2000 1000 0.95 0.5 0.4 1 0.8
0.999845653306693 0.431598374872963 "experimento_10" 10 2000 1000 0.95 0.5 0.4 1 0.8
0.997224771184847 0.574056440154727 "experimento_10" 10 2000 1000 0.95 0.5 0.4 1 0.8
0.996240576263517 0.439870555367981 "experimento_10" 10 2000 1000 0.95 0.5 0.4 1 0.8
1.0126158092171 0.475770625667612 "experimento_10" 10 2000 1000 0.95 0.5 0.4 1 0.8
1.03052435815334 0.480468417126318 "experimento_10" 10 2000 1000 0.95 0.5 0.4 1 0.8
1.02037070691586 0.507019736450249 "experimento_10" 10 2000 1000 0.95 0.5 0.4 1 0.8
0.996281897649169 0.48250747828791 "experimento_10" 10 2000 1000 0.95 0.5 0.4 1 0.8
0.999893321655691 0.491149436954022 "experimento_10" 10 2000 1000 0.95 0.5 0.4 1 0.8
1.07968844287097 0.527485211896294 "experimento_10" 10 2000 1000 0.95 0.5 0.4 1 0.8
0.997729273047298 0.508711781952392 "experimento_10" 10 2000 1000 0.95 0.5 0.4 1 0.8
0.999403883237392 0.476762453561483 "experimento_10" 10 2000 1000 0.95 0.5 0.4 1 0.8
0.999308243859559 0.528023812574176 "experimento_10" 10 2000 1000 0.95 0.5 0.4 1 0.8
0.999794695293531 0.622266686039293 "experimento_10" 10 2000 1000 0.95 0.5 0.4 1 0.8
0.999681734945625 0.410274014269634 "experimento_10" 10 2000 1000 0.95 0.5 0.4 1 0.8
0.99604941951111 0.512605564332146 "experimento_10" 10 2000 1000 0.95 0.5 0.4 1 0.8
0.998346493579447 0.523676902719969 "experimento_10" 10 2000 1000 0.95 0.5 0.4 1 0.8
0.998635675758123 0.475968553048785 "experimento_10" 10 2000 1000 0.95 0.5 0.4 1 0.8
0.996910118497908 0.517937629265934 "experimento_10" 10 2000 1000 0.95 0.5 0.4 1 0.8
0.998406992992386 0.527693155032474 "experimento_10" 10 2000 1000 0.95 0.5 0.4 1 0.8
0.998153883730993 0.558192195910274 "experimento_10" 10 2000 1000 0.95 0.5 0.4 1 0.8
0.997837916947901 0.575104588484552 "experimento_10" 10 2000 1000 0.95 0.5 0.4 1 0.8
0.997886954573914 0.5494006297155 "experimento_10" 10 2000 1000 0.95 0.5 0.4 1 0.8
0.994359383126721 0.553830758984849 "experimento_10" 10 2000 1000 0.95 0.5 0.4 1 0.8
0.998993569519371 0.479688971322456 "experimento_10" 10 2000 1000 0.95 0.5 0.4 1 0.8
0.999562311451882 0.515526964569241 "experimento_10" 10 2000 1000 0.95 0.5 0.4 1 0.8
0.997254363028333 0.581092697968378 "experimento_10" 10 2000 1000 0.95 0.5 0.4 1 0.8
0.994504442671314 0.5027769571714 "experimento_10" 10 2000 1000 0.95 0.5 0.4 1 0.8
0.997027447912842 0.617382592185988 "experimento_10" 10 2000 1000 0.95 0.5 0.4 1 0.8
0.99710145755671 0.526517269368826 "experimento_10" 10 2000 1000 0.95 0.5 0.4 1 0.8
0.99985141097568 0.434261338161393 "experimento_10" 10 2000 1000 0.95 0.5 0.4 1 0.8
1.00559080795841 0.430518570496335 "experimento_10" 10 2000 1000 0.95 0.5 0.4 1 0.8
1.00139577149142 0.393085633945127 "experimento_10" 10 2000 1000 0.95 0.5 0.4 1 0.8
1.01101271715015 0.529262167916787 "experimento_10" 10 2000 1000 0.95 0.5 0.4 1 0.8
1.02740674178109 0.525465197667171 "experimento_10" 10 2000 1000 0.95 0.5 0.4 1 0.8
0.999243134632707 0.422079942539822 "experimento_10" 10 2000 1000 0.95 0.5 0.4 1 0.8
0.998330190079287 0.443720629675405 "experimento_10" 10 2000 1000 0.95 0.5 0.4 1 0.8
0.992741565452889 0.521927625192325 "experimento_10" 10 2000 1000 0.95 0.5 0.4 1 0.8
0.994875514879823 0.599171226665661 "experimento_10" 10 2000 1000 0.95 0.5 0.4 1 0.8
1.16131503609561 0.420920916227181 "experimento_10" 10 2000 1000 0.95 0.5 0.4 1 0.8
0.998020491795614 0.546879678719484 "experimento_10" 10 2000 1000 0.95 0.5 0.4 1 0.8
0.999280550517142 0.448965240304824 "experimento_10" 10 2000 1000 0.95 0.5 0.4 1 0.8
1.59942291802163 0.467716256979922 "experimento_10" 10 2000 1000 0.95 0.5 0.4 1 0.8
0.998396203620359 0.552454145720031 "experimento_10" 10 2000 1000 0.95 0.5 0.4 1 0.8
1.80957188550383 0.670937759588908 "experimento_10" 10 2000 1000 0.95 0.5 0.4 1 0.8
0.998886621324345 0.52123106312803 "experimento_10" 10 2000 1000 0.95 0.5 0.4 1 0.8
0.99802446574904 0.532123112473825 "experimento_10" 10 2000 1000 0.95 0.5 0.4 1 0.8
0.997575157089159 0.529768367649125 "experimento_10" 10 2000 1000 0.95 0.5 0.4 1 0.8
0.997365413699299 0.558651445257726 "experimento_10" 10 2000 1000 0.95 0.5 0.4 1 0.8
0.999356983695179 0.451946942479251 "experimento_10" 10 2000 1000 0.95 0.5 0.4 1 0.8
0.998855552403256 0.592058580339276 "experimento_10" 10 2000 1000 0.95 0.5 0.4 1 0.8
1.33057217142344 0.48876146871438 "experimento_10" 10 2000 1000 0.95 0.5 0.4 1 0.8
0.998829951509833 0.57418279318631 "experimento_10" 10 2000 1000 0.95 0.5 0.4 1 0.8
0.999592052772641 0.449502988645133 "experimento_10" 10 2000 1000 0.95 0.5 0.4 1 0.8
1.00371514167637 0.457515298925271 "experimento_10" 10 2000 1000 0.95 0.5 0.4 1 0.8
0.996979378163815 0.573214489689562 "experimento_10" 10 2000 1000 0.95 0.5 0.4 1 0.8
0.997618935769424 0.584266947555948 "experimento_10" 10 2000 1000 0.95 0.5 0.4 1 0.8
0.998047888511792 0.54203619122156 "experimento_10" 10 2000 1000 0.95 0.5 0.4 1 0.8
0.993870851350948 0.491492416455394 "experimento_10" 10 2000 1000 0.95 0.5 0.4 1 0.8
0.999753237003461 0.44274978494365 "experimento_10" 10 2000 1000 0.95 0.5 0.4 1 0.8
1.01139130815864 0.532783796197363 "experimento_10" 10 2000 1000 0.95 0.5 0.4 1 0.8
0.999333175364882 0.522621000077441 "experimento_10" 10 2000 1000 0.95 0.5 0.4 1 0.8
1.11704129604002 0.506934936905054 "experimento_10" 10 2000 1000 0.95 0.5 0.4 1 0.8
0.999123276909813 0.447518669989821 "experimento_10" 10 2000 1000 0.95 0.5 0.4 1 0.8
1.0018614474684 0.493480665078384 "experimento_10" 10 2000 1000 0.95 0.5 0.4 1 0.8
1.04407381810242 0.460777184788676 "experimento_10" 10 2000 1000 0.95 0.5 0.4 1 0.8
1.38462481927127 0.491670291951264 "experimento_10" 10 2000 1000 0.95 0.5 0.4 1 0.8
0.995935662649572 0.492430681015081 "experimento_10" 10 2000 1000 0.95 0.5 0.4 1 0.8
0.991944822948426 0.583393458356246 "experimento_10" 10 2000 1000 0.95 0.5 0.4 1 0.8
0.999674310674891 0.48593148911834 "experimento_10" 10 2000 1000 0.95 0.5 0.4 1 0.8
0.999864862300456 0.621356794766219 "experimento_10" 10 2000 1000 0.95 0.5 0.4 1 0.8
1.08130814515919 0.456757452782517 "experimento_10" 10 2000 1000 0.95 0.5 0.4 1 0.8
0.996971341315657 0.60987666464485 "experimento_10" 10 2000 1000 0.95 0.5 0.4 1 0.8
0.997779680881649 0.623697585752434 "experimento_10" 10 2000 1000 0.95 0.5 0.4 1 0.8
0.997546175960451 0.463594759151869 "experimento_10" 10 2000 1000 0.95 0.5 0.4 1 0.8
0.99848752678372 0.446831116508466 "experimento_10" 10 2000 1000 0.95 0.5 0.4 1 0.8
0.999817094765604 0.555761500189964 "experimento_10" 10 2000 1000 0.95 0.5 0.4 1 0.8
1.02468974456127 0.419229051281391 "experimento_10" 10 2000 1000 0.95 0.5 0.4 1 0.8
0.998891910305247 0.509256197296165 "experimento_10" 10 2000 1000 0.95 0.5 0.4 1 0.8
0.999171321513131 0.592811624958102 "experimento_10" 10 2000 1000 0.95 0.5 0.4 1 0.8
0.998354391893372 0.584222690858129 "experimento_10" 10 2000 1000 0.95 0.5 0.4 1 0.8
1.00605218153182 0.477007241439356 "experimento_10" 10 2000 1000 0.95 0.5 0.4 1 0.8
0.999818099197 0.532007378183084 "experimento_10" 10 2000 1000 0.95 0.5 0.4 1 0.8
0.996288650901988 0.54826653702217 "experimento_10" 10 2000 1000 0.95 0.5 0.4 1 0.8
1.04346620404639 0.564393664743785 "experimento_10" 10 2000 1000 0.95 0.5 0.4 1 0.8
0.995898937107995 0.46263633870867 "experimento_10" 10 2000 1000 0.95 0.5 0.4 1 0.8
0.995952073251829 0.490400219419776 "experimento_10" 10 2000 1000 0.95 0.5 0.4 1 0.8
0.996645536273718 0.454219117434391 "experimento_10" 10 2000 1000 0.95 0.5 0.4 1 0.8
0.996720480266958 0.514421209715632 "experimento_10" 10 2000 1000 0.95 0.5 0.4 1 0.8
0.997070559766144 0.46746431684391 "experimento_10" 10 2000 1000 0.95 0.5 0.4 1 0.8
0.998850173549727 0.511124990866559 "experimento_10" 10 2000 1000 0.95 0.5 0.4 1 0.8
1.00795668084174 0.526243096610933 "experimento_10" 10 2000 1000 0.95 0.5 0.4 1 0.8
1.16337925961015 0.432143103289388 "experimento_10" 10 2000 1000 0.95 0.5 0.4 1 0.8
0.994133266620338 0.538153795088538 "experimento_10" 10 2000 1000 0.95 0.5 0.4 1 0.8
1.0222948393924 0.636346518265299 "experimento_10" 10 2000 1000 0.95 0.5 0.4 1 0.8
1.01865309868213 0.519529536941828 "experimento_10" 10 2000 1000 0.95 0.5 0.4 1 0.8
0.998514193575829 0.573966958228905 "experimento_10" 10 2000 1000 0.95 0.5 0.4 1 0.8
0.999456112971529 0.631644815515587 "experimento_10" 10 2000 1000 0.95 0.5 0.4 1 0.8
0.999256283510476 0.494101221052133 "experimento_10" 10 2000 1000 0.95 0.5 0.4 1 0.8
0.999625420663506 0.468141866839359 "experimento_10" 10 2000 1000 0.95 0.5 0.4 1 0.8
0.99919255473651 0.589015382519876 "experimento_10" 10 2000 1000 0.95 0.5 0.4 1 0.8
0.998035101452842 0.483554885932061 "experimento_10" 10 2000 1000 0.95 0.5 0.4 1 0.8
0.997776734875515 0.476439225783665 "experimento_10" 10 2000 1000 0.95 0.5 0.4 1 0.8
0.996886645443738 0.507693276731637 "experimento_10" 10 2000 1000 0.95 0.5 0.4 1 0.8
0.996128655737266 0.576384652900376 "experimento_10" 10 2000 1000 0.95 0.5 0.4 1 0.8
0.999805003637448 0.522204593331808 "experimento_10" 10 2000 1000 0.95 0.5 0.4 1 0.8
0.999971212586388 0.471463851057776 "experimento_10" 10 2000 1000 0.95 0.5 0.4 1 0.8
0.996791686164215 0.504598243893753 "experimento_10" 10 2000 1000 0.95 0.5 0.4 1 0.8
1.00260784031303 0.495926368761102 "experimento_10" 10 2000 1000 0.95 0.5 0.4 1 0.8
0.998420180520043 0.493514547770072 "experimento_10" 10 2000 1000 0.95 0.5 0.4 1 0.8
0.999124443856999 0.513478797658352 "experimento_10" 10 2000 1000 0.95 0.5 0.4 1 0.8
0.998408163664863 0.533847945232678 "experimento_10" 10 2000 1000 0.95 0.5 0.4 1 0.8
1.02914243007382 0.399978229641496 "experimento_10" 10 2000 1000 0.95 0.5 0.4 1 0.8
1.01506227490185 0.493261767597199 "experimento_10" 10 2000 1000 0.95 0.5 0.4 1 0.8
1.62486391421407 0.46997064989471 "experimento_10" 10 2000 1000 0.95 0.5 0.4 1 0.8
0.996707944199443 0.526024020688762 "experimento_10" 10 2000 1000 0.95 0.5 0.4 1 0.8
0.994181947316974 0.582445268905106 "experimento_10" 10 2000 1000 0.95 0.5 0.4 1 0.8
1.05073112528771 0.477040188022664 "experimento_10" 10 2000 1000 0.95 0.5 0.4 1 0.8
0.995975983561948 0.599352573089575 "experimento_10" 10 2000 1000 0.95 0.5 0.4 1 0.8
0.998429132625461 0.524065084924114 "experimento_10" 10 2000 1000 0.95 0.5 0.4 1 0.8
0.998825112590566 0.462349136937253 "experimento_10" 10 2000 1000 0.95 0.5 0.4 1 0.8
0.998902017483488 0.479480261698801 "experimento_10" 10 2000 1000 0.95 0.5 0.4 1 0.8
1.09436778689467 0.441058230035321 "experimento_10" 10 2000 1000 0.95 0.5 0.4 1 0.8
1.00792850827968 0.527853164057129 "experimento_10" 10 2000 1000 0.95 0.5 0.4 1 0.8
1.04493911750615 0.600581742617509 "experimento_10" 10 2000 1000 0.95 0.5 0.4 1 0.8
0.999708663206547 0.470202911118001 "experimento_10" 10 2000 1000 0.95 0.5 0.4 1 0.8
1.01246974710375 0.467028878289889 "experimento_10" 10 2000 1000 0.95 0.5 0.4 1 0.8
1.06992257328713 0.456712818199537 "experimento_10" 10 2000 1000 0.95 0.5 0.4 1 0.8
0.998109926702455 0.567819633941227 "experimento_10" 10 2000 1000 0.95 0.5 0.4 1 0.8
0.997686939081177 0.565621378283552 "experimento_10" 10 2000 1000 0.95 0.5 0.4 1 0.8
0.997307555517182 0.434690635396101 "experimento_10" 10 2000 1000 0.95 0.5 0.4 1 0.8
0.999294107081369 0.498650238342315 "experimento_10" 10 2000 1000 0.95 0.5 0.4 1 0.8
1.0202480442822 0.492269775427599 "experimento_10" 10 2000 1000 0.95 0.5 0.4 1 0.8
0.999175050295889 0.505205772557368 "experimento_10" 10 2000 1000 0.95 0.5 0.4 1 0.8
0.998613810865209 0.494801437587345 "experimento_10" 10 2000 1000 0.95 0.5 0.4 1 0.8
1.5550392055884 0.42745713072329 "experimento_10" 10 2000 1000 0.95 0.5 0.4 1 0.8
0.997390691190958 0.547144329358626 "experimento_10" 10 2000 1000 0.95 0.5 0.4 1 0.8
1.00700287361626 0.437542902693877 "experimento_10" 10 2000 1000 0.95 0.5 0.4 1 0.8
0.999229450477287 0.523299478643082 "experimento_10" 10 2000 1000 0.95 0.5 0.4 1 0.8
1.08332986511368 0.486144137195052 "experimento_10" 10 2000 1000 0.95 0.5 0.4 1 0.8
0.998698127921671 0.55980390995763 "experimento_10" 10 2000 1000 0.95 0.5 0.4 1 0.8
1.06473898683028 0.648513467346596 "experimento_10" 10 2000 1000 0.95 0.5 0.4 1 0.8
0.999579898314551 0.500905959591584 "experimento_10" 10 2000 1000 0.95 0.5 0.4 1 0.8
1.11002992610144 0.46286517457379 "experimento_10" 10 2000 1000 0.95 0.5 0.4 1 0.8
1.04616857133806 0.529593990140309 "experimento_10" 10 2000 1000 0.95 0.5 0.4 1 0.8
0.99814481777139 0.490681848565456 "experimento_10" 10 2000 1000 0.95 0.5 0.4 1 0.8
0.999115987680852 0.46597227336239 "experimento_10" 10 2000 1000 0.95 0.5 0.4 1 0.8
0.999693201621994 0.500906812584921 "experimento_10" 10 2000 1000 0.95 0.5 0.4 1 0.8
0.997998896753415 0.532291680679576 "experimento_10" 10 2000 1000 0.95 0.5 0.4 1 0.8
