"est.u" "est.lamb" "name" "seed" "size" "replicates" "p_umbral" "exp_lambda" "alpha_pen" "n_pen" "c"
0.999702089466155 44.6456025476715 "experimento_57" 57 1500 1000 0.95 50 0.4 1 0.8
0.999944175826386 62.476465827736 "experimento_57" 57 1500 1000 0.95 50 0.4 1 0.8
1.00253721148598 59.3749742849779 "experimento_57" 57 1500 1000 0.95 50 0.4 1 0.8
1.01114049429074 61.4265753050653 "experimento_57" 57 1500 1000 0.95 50 0.4 1 0.8
1.00003999332897 44.6330769497233 "experimento_57" 57 1500 1000 0.95 50 0.4 1 0.8
0.999875708017498 51.5715906121146 "experimento_57" 57 1500 1000 0.95 50 0.4 1 0.8
1.01897195046684 64.0775406192807 "experimento_57" 57 1500 1000 0.95 50 0.4 1 0.8
1.00254168510002 51.3503089462099 "experimento_57" 57 1500 1000 0.95 50 0.4 1 0.8
1.00835286024958 61.0461127002997 "experimento_57" 57 1500 1000 0.95 50 0.4 1 0.8
1.00152332955971 49.9306528839627 "experimento_57" 57 1500 1000 0.95 50 0.4 1 0.8
0.998068807180971 49.1291204300603 "experimento_57" 57 1500 1000 0.95 50 0.4 1 0.8
0.997971560107544 48.818971945573 "experimento_57" 57 1500 1000 0.95 50 0.4 1 0.8
0.999024937860668 48.8761595479165 "experimento_57" 57 1500 1000 0.95 50 0.4 1 0.8
0.996157162124291 43.9202863833536 "experimento_57" 57 1500 1000 0.95 50 0.4 1 0.8
0.9951242338866 50.4591220754021 "experimento_57" 57 1500 1000 0.95 50 0.4 1 0.8
1.00630612692796 52.2571843856754 "experimento_57" 57 1500 1000 0.95 50 0.4 1 0.8
1.00338894281536 57.1498705458273 "experimento_57" 57 1500 1000 0.95 50 0.4 1 0.8
1.00519422556274 65.0142223610032 "experimento_57" 57 1500 1000 0.95 50 0.4 1 0.8
1.02376652087932 48.0786155078233 "experimento_57" 57 1500 1000 0.95 50 0.4 1 0.8
0.993905367329717 40.3937525002315 "experimento_57" 57 1500 1000 0.95 50 0.4 1 0.8
0.999891131650656 53.5731560060835 "experimento_57" 57 1500 1000 0.95 50 0.4 1 0.8
0.997492997674271 50.6348009661811 "experimento_57" 57 1500 1000 0.95 50 0.4 1 0.8
1.00399554172531 68.2771488493517 "experimento_57" 57 1500 1000 0.95 50 0.4 1 0.8
1.00008682821877 51.1729593238017 "experimento_57" 57 1500 1000 0.95 50 0.4 1 0.8
1.00974100138061 43.4148075149361 "experimento_57" 57 1500 1000 0.95 50 0.4 1 0.8
1.01310635402799 69.173583963173 "experimento_57" 57 1500 1000 0.95 50 0.4 1 0.8
1.01567164275711 53.5034578000878 "experimento_57" 57 1500 1000 0.95 50 0.4 1 0.8
1.00103205483 47.2888758490821 "experimento_57" 57 1500 1000 0.95 50 0.4 1 0.8
1.01431557030099 41.1242912868209 "experimento_57" 57 1500 1000 0.95 50 0.4 1 0.8
1.00642403700389 52.5198253149876 "experimento_57" 57 1500 1000 0.95 50 0.4 1 0.8
1.00018265676972 42.1130207001702 "experimento_57" 57 1500 1000 0.95 50 0.4 1 0.8
1.01436559853991 49.7972740319407 "experimento_57" 57 1500 1000 0.95 50 0.4 1 0.8
1.0059391354539 59.2575424376759 "experimento_57" 57 1500 1000 0.95 50 0.4 1 0.8
0.997110281605273 40.3269072480376 "experimento_57" 57 1500 1000 0.95 50 0.4 1 0.8
1.00012854559952 56.4491617387125 "experimento_57" 57 1500 1000 0.95 50 0.4 1 0.8
1.00303168280981 42.9281006873681 "experimento_57" 57 1500 1000 0.95 50 0.4 1 0.8
1.00011285080574 57.3187090361872 "experimento_57" 57 1500 1000 0.95 50 0.4 1 0.8
0.997926467563957 49.2907333920799 "experimento_57" 57 1500 1000 0.95 50 0.4 1 0.8
1.00106021528132 52.1607161215395 "experimento_57" 57 1500 1000 0.95 50 0.4 1 0.8
1.0078219117312 47.7295402485453 "experimento_57" 57 1500 1000 0.95 50 0.4 1 0.8
0.999296315014362 46.6342832701185 "experimento_57" 57 1500 1000 0.95 50 0.4 1 0.8
0.998632031027228 50.3697788592752 "experimento_57" 57 1500 1000 0.95 50 0.4 1 0.8
0.997475895565003 42.2135566615109 "experimento_57" 57 1500 1000 0.95 50 0.4 1 0.8
1.02207507109185 63.6307454519004 "experimento_57" 57 1500 1000 0.95 50 0.4 1 0.8
1.00807385030203 66.6917833383485 "experimento_57" 57 1500 1000 0.95 50 0.4 1 0.8
1.00658702638932 50.2969174334348 "experimento_57" 57 1500 1000 0.95 50 0.4 1 0.8
1.01345247671939 62.7175708878269 "experimento_57" 57 1500 1000 0.95 50 0.4 1 0.8
1.00293009324931 41.7710126634619 "experimento_57" 57 1500 1000 0.95 50 0.4 1 0.8
1.00041116604581 49.4463792246116 "experimento_57" 57 1500 1000 0.95 50 0.4 1 0.8
0.995281592942774 43.5686648401093 "experimento_57" 57 1500 1000 0.95 50 0.4 1 0.8
1.01719572480684 67.4304943805653 "experimento_57" 57 1500 1000 0.95 50 0.4 1 0.8
1.00011711136302 47.0473160476218 "experimento_57" 57 1500 1000 0.95 50 0.4 1 0.8
1.00147244198055 58.0452502049901 "experimento_57" 57 1500 1000 0.95 50 0.4 1 0.8
1.01871125878581 65.8539587121775 "experimento_57" 57 1500 1000 0.95 50 0.4 1 0.8
1.00154633920461 55.0642419337829 "experimento_57" 57 1500 1000 0.95 50 0.4 1 0.8
1.00124668234423 57.243959759103 "experimento_57" 57 1500 1000 0.95 50 0.4 1 0.8
1.01152628788725 50.8851982753001 "experimento_57" 57 1500 1000 0.95 50 0.4 1 0.8
1.00291871646972 51.2415051434355 "experimento_57" 57 1500 1000 0.95 50 0.4 1 0.8
0.998119143303484 45.1256185098806 "experimento_57" 57 1500 1000 0.95 50 0.4 1 0.8
1.00012360513802 50.1600613085545 "experimento_57" 57 1500 1000 0.95 50 0.4 1 0.8
1.00242196097039 55.7911385094424 "experimento_57" 57 1500 1000 0.95 50 0.4 1 0.8
0.999316300731152 43.8286706008974 "experimento_57" 57 1500 1000 0.95 50 0.4 1 0.8
1.00262128348462 48.2600818192128 "experimento_57" 57 1500 1000 0.95 50 0.4 1 0.8
0.998868280090392 47.9873198576721 "experimento_57" 57 1500 1000 0.95 50 0.4 1 0.8
0.999002584954724 52.1183119666957 "experimento_57" 57 1500 1000 0.95 50 0.4 1 0.8
1.02916392303835 70.2195336330762 "experimento_57" 57 1500 1000 0.95 50 0.4 1 0.8
1.00023653277196 52.8392570283036 "experimento_57" 57 1500 1000 0.95 50 0.4 1 0.8
0.998772637685761 54.339879333395 "experimento_57" 57 1500 1000 0.95 50 0.4 1 0.8
1.00082925208357 67.9441529988091 "experimento_57" 57 1500 1000 0.95 50 0.4 1 0.8
1.0007344315934 52.6063620154085 "experimento_57" 57 1500 1000 0.95 50 0.4 1 0.8
0.999852580949664 61.1344687514186 "experimento_57" 57 1500 1000 0.95 50 0.4 1 0.8
1.0018856619671 45.1248413728127 "experimento_57" 57 1500 1000 0.95 50 0.4 1 0.8
1.00021991607867 46.7944950100271 "experimento_57" 57 1500 1000 0.95 50 0.4 1 0.8
1.00015486571938 73.4952542236045 "experimento_57" 57 1500 1000 0.95 50 0.4 1 0.8
1.00708319417201 46.9362957047729 "experimento_57" 57 1500 1000 0.95 50 0.4 1 0.8
1.00063224095851 52.3623983784081 "experimento_57" 57 1500 1000 0.95 50 0.4 1 0.8
0.997065444942564 44.2979789697232 "experimento_57" 57 1500 1000 0.95 50 0.4 1 0.8
1.00814638138063 45.4148528112281 "experimento_57" 57 1500 1000 0.95 50 0.4 1 0.8
0.999119180021808 41.7289406334504 "experimento_57" 57 1500 1000 0.95 50 0.4 1 0.8
1.00587317250669 56.035635130435 "experimento_57" 57 1500 1000 0.95 50 0.4 1 0.8
1.00493716959842 53.0103937630884 "experimento_57" 57 1500 1000 0.95 50 0.4 1 0.8
0.997740571387112 53.8431306430648 "experimento_57" 57 1500 1000 0.95 50 0.4 1 0.8
1.00051859648898 49.2299215841057 "experimento_57" 57 1500 1000 0.95 50 0.4 1 0.8
0.998382285470143 55.228034634867 "experimento_57" 57 1500 1000 0.95 50 0.4 1 0.8
0.99958873167634 55.0970499042377 "experimento_57" 57 1500 1000 0.95 50 0.4 1 0.8
0.998921717517078 47.5323121880018 "experimento_57" 57 1500 1000 0.95 50 0.4 1 0.8
0.998719007242471 49.6223384754652 "experimento_57" 57 1500 1000 0.95 50 0.4 1 0.8
1.00901561855339 41.5034991087787 "experimento_57" 57 1500 1000 0.95 50 0.4 1 0.8
0.997895184904337 45.535513950079 "experimento_57" 57 1500 1000 0.95 50 0.4 1 0.8
1.01317151424475 57.9503216125259 "experimento_57" 57 1500 1000 0.95 50 0.4 1 0.8
1.00064165120826 39.6315733675476 "experimento_57" 57 1500 1000 0.95 50 0.4 1 0.8
1.00045562032408 57.6332127293252 "experimento_57" 57 1500 1000 0.95 50 0.4 1 0.8
1.02923494346272 55.0784976129035 "experimento_57" 57 1500 1000 0.95 50 0.4 1 0.8
1.01044432261027 66.0334714223978 "experimento_57" 57 1500 1000 0.95 50 0.4 1 0.8
0.996247539063916 46.017428975919 "experimento_57" 57 1500 1000 0.95 50 0.4 1 0.8
1.00557854739018 39.8637155603349 "experimento_57" 57 1500 1000 0.95 50 0.4 1 0.8
0.996640518540516 48.8743388114988 "experimento_57" 57 1500 1000 0.95 50 0.4 1 0.8
0.999887745128945 59.0814408428486 "experimento_57" 57 1500 1000 0.95 50 0.4 1 0.8
0.997249696170911 43.4398252329896 "experimento_57" 57 1500 1000 0.95 50 0.4 1 0.8
0.995219158241525 40.7733057381567 "experimento_57" 57 1500 1000 0.95 50 0.4 1 0.8
1.01144412351772 49.8209433121422 "experimento_57" 57 1500 1000 0.95 50 0.4 1 0.8
0.998231576755643 43.4945760335922 "experimento_57" 57 1500 1000 0.95 50 0.4 1 0.8
1.01205030893907 73.5524275762057 "experimento_57" 57 1500 1000 0.95 50 0.4 1 0.8
1.01535226386541 55.2851507301896 "experimento_57" 57 1500 1000 0.95 50 0.4 1 0.8
1.00588714055717 62.853341821945 "experimento_57" 57 1500 1000 0.95 50 0.4 1 0.8
0.997824426740408 50.5255973346879 "experimento_57" 57 1500 1000 0.95 50 0.4 1 0.8
1.00758352783509 48.5967824466615 "experimento_57" 57 1500 1000 0.95 50 0.4 1 0.8
0.998625062871724 46.2323289431691 "experimento_57" 57 1500 1000 0.95 50 0.4 1 0.8
1.00106704994105 51.8393649389332 "experimento_57" 57 1500 1000 0.95 50 0.4 1 0.8
0.999574314104393 45.5064250837411 "experimento_57" 57 1500 1000 0.95 50 0.4 1 0.8
1.00048321280135 53.9146460368984 "experimento_57" 57 1500 1000 0.95 50 0.4 1 0.8
1.0000888108051 58.0340407134148 "experimento_57" 57 1500 1000 0.95 50 0.4 1 0.8
1.00268305225298 50.0480499896663 "experimento_57" 57 1500 1000 0.95 50 0.4 1 0.8
1.00158906946021 50.5517880660796 "experimento_57" 57 1500 1000 0.95 50 0.4 1 0.8
1.00268724396825 58.3539836355461 "experimento_57" 57 1500 1000 0.95 50 0.4 1 0.8
0.998491987586021 57.4989267570044 "experimento_57" 57 1500 1000 0.95 50 0.4 1 0.8
1.02985994752328 52.4232865560428 "experimento_57" 57 1500 1000 0.95 50 0.4 1 0.8
1.00249669552781 62.2371913378893 "experimento_57" 57 1500 1000 0.95 50 0.4 1 0.8
1.00717474710196 48.7699859357137 "experimento_57" 57 1500 1000 0.95 50 0.4 1 0.8
0.998783860355616 56.3033196906624 "experimento_57" 57 1500 1000 0.95 50 0.4 1 0.8
1.00021451477893 59.8841101505935 "experimento_57" 57 1500 1000 0.95 50 0.4 1 0.8
1.00819945457802 40.6224589717085 "experimento_57" 57 1500 1000 0.95 50 0.4 1 0.8
1.01631089985467 58.0206749841775 "experimento_57" 57 1500 1000 0.95 50 0.4 1 0.8
0.999422704800963 43.8391943156172 "experimento_57" 57 1500 1000 0.95 50 0.4 1 0.8
1.0048897968512 66.4283420224293 "experimento_57" 57 1500 1000 0.95 50 0.4 1 0.8
0.995682704728097 39.2672964581538 "experimento_57" 57 1500 1000 0.95 50 0.4 1 0.8
1.00015948407352 46.9372109101959 "experimento_57" 57 1500 1000 0.95 50 0.4 1 0.8
1.00853209867142 34.0586317918009 "experimento_57" 57 1500 1000 0.95 50 0.4 1 0.8
1.00021487255581 59.9612060869403 "experimento_57" 57 1500 1000 0.95 50 0.4 1 0.8
1.00657362445903 55.2146729946228 "experimento_57" 57 1500 1000 0.95 50 0.4 1 0.8
1.00163197488524 45.2211074312127 "experimento_57" 57 1500 1000 0.95 50 0.4 1 0.8
1.00247494521551 55.7267291314856 "experimento_57" 57 1500 1000 0.95 50 0.4 1 0.8
0.999393622856587 51.9199364046026 "experimento_57" 57 1500 1000 0.95 50 0.4 1 0.8
1.00697232316454 54.3373114415969 "experimento_57" 57 1500 1000 0.95 50 0.4 1 0.8
1.00005389492599 48.4448861253819 "experimento_57" 57 1500 1000 0.95 50 0.4 1 0.8
1.00720759501681 46.5683427263186 "experimento_57" 57 1500 1000 0.95 50 0.4 1 0.8
1.00018213297885 47.5161859278381 "experimento_57" 57 1500 1000 0.95 50 0.4 1 0.8
1.00249750914052 53.0007372628189 "experimento_57" 57 1500 1000 0.95 50 0.4 1 0.8
1.01089114397764 61.761335083685 "experimento_57" 57 1500 1000 0.95 50 0.4 1 0.8
0.996655510505661 49.5617593820338 "experimento_57" 57 1500 1000 0.95 50 0.4 1 0.8
1.00036448389292 55.0562507622754 "experimento_57" 57 1500 1000 0.95 50 0.4 1 0.8
0.999090794939548 44.773714709664 "experimento_57" 57 1500 1000 0.95 50 0.4 1 0.8
1.00341718506999 65.6365901663075 "experimento_57" 57 1500 1000 0.95 50 0.4 1 0.8
1.0025523582535 46.7292085894449 "experimento_57" 57 1500 1000 0.95 50 0.4 1 0.8
1.00086781317641 62.8544051760071 "experimento_57" 57 1500 1000 0.95 50 0.4 1 0.8
1.00039049779065 49.5335432514481 "experimento_57" 57 1500 1000 0.95 50 0.4 1 0.8
0.996781791793182 50.4022328880857 "experimento_57" 57 1500 1000 0.95 50 0.4 1 0.8
1.00119489294589 46.401397694846 "experimento_57" 57 1500 1000 0.95 50 0.4 1 0.8
0.99946351442486 53.0110913353263 "experimento_57" 57 1500 1000 0.95 50 0.4 1 0.8
0.999789885943756 58.4949658566582 "experimento_57" 57 1500 1000 0.95 50 0.4 1 0.8
1.00003435954962 51.7165970578758 "experimento_57" 57 1500 1000 0.95 50 0.4 1 0.8
1.00437981238589 76.2262702970642 "experimento_57" 57 1500 1000 0.95 50 0.4 1 0.8
0.999723792541772 49.9478467212813 "experimento_57" 57 1500 1000 0.95 50 0.4 1 0.8
0.998372826725245 53.3695552538256 "experimento_57" 57 1500 1000 0.95 50 0.4 1 0.8
0.99986424529925 60.2698707909236 "experimento_57" 57 1500 1000 0.95 50 0.4 1 0.8
1.00153756487183 49.8504771850492 "experimento_57" 57 1500 1000 0.95 50 0.4 1 0.8
0.998652156908065 42.9278695226684 "experimento_57" 57 1500 1000 0.95 50 0.4 1 0.8
1.00128657793626 50.499013278637 "experimento_57" 57 1500 1000 0.95 50 0.4 1 0.8
1.00268233958632 43.0180813107539 "experimento_57" 57 1500 1000 0.95 50 0.4 1 0.8
1.00075217028632 51.3706749509402 "experimento_57" 57 1500 1000 0.95 50 0.4 1 0.8
1.00079305300489 42.7639881209551 "experimento_57" 57 1500 1000 0.95 50 0.4 1 0.8
1.00013714825734 55.2518636900444 "experimento_57" 57 1500 1000 0.95 50 0.4 1 0.8
1.00592987570912 47.9913981430998 "experimento_57" 57 1500 1000 0.95 50 0.4 1 0.8
0.999735714169219 44.5573556210338 "experimento_57" 57 1500 1000 0.95 50 0.4 1 0.8
0.997294689062983 45.6706800992046 "experimento_57" 57 1500 1000 0.95 50 0.4 1 0.8
1.00176940851209 50.2448094717973 "experimento_57" 57 1500 1000 0.95 50 0.4 1 0.8
1.00836677993648 49.1326171429742 "experimento_57" 57 1500 1000 0.95 50 0.4 1 0.8
1.01533381521618 55.7890728962655 "experimento_57" 57 1500 1000 0.95 50 0.4 1 0.8
0.993844137527049 39.6023471038816 "experimento_57" 57 1500 1000 0.95 50 0.4 1 0.8
1.00058365989476 74.2144279350986 "experimento_57" 57 1500 1000 0.95 50 0.4 1 0.8
1.00007806316949 44.0532022094075 "experimento_57" 57 1500 1000 0.95 50 0.4 1 0.8
0.991969171445817 37.6797603709464 "experimento_57" 57 1500 1000 0.95 50 0.4 1 0.8
0.997632653452456 47.2377892541041 "experimento_57" 57 1500 1000 0.95 50 0.4 1 0.8
1.00255155745894 63.1420144006159 "experimento_57" 57 1500 1000 0.95 50 0.4 1 0.8
1.02391537120482 51.8160376890271 "experimento_57" 57 1500 1000 0.95 50 0.4 1 0.8
0.99868802097626 47.209152559988 "experimento_57" 57 1500 1000 0.95 50 0.4 1 0.8
1.00593481927179 46.6601126070317 "experimento_57" 57 1500 1000 0.95 50 0.4 1 0.8
1.00169681911743 56.86090914239 "experimento_57" 57 1500 1000 0.95 50 0.4 1 0.8
0.999904758762568 56.6098210568789 "experimento_57" 57 1500 1000 0.95 50 0.4 1 0.8
0.997427045134827 46.0460514671391 "experimento_57" 57 1500 1000 0.95 50 0.4 1 0.8
1.01059957457706 62.7024112917367 "experimento_57" 57 1500 1000 0.95 50 0.4 1 0.8
1.00166682739016 51.5902502309103 "experimento_57" 57 1500 1000 0.95 50 0.4 1 0.8
1.00025422940962 57.3326205876798 "experimento_57" 57 1500 1000 0.95 50 0.4 1 0.8
0.998602415435016 46.5273597127158 "experimento_57" 57 1500 1000 0.95 50 0.4 1 0.8
1.00258579509535 56.2682893733663 "experimento_57" 57 1500 1000 0.95 50 0.4 1 0.8
1.00077835277654 45.0380537089046 "experimento_57" 57 1500 1000 0.95 50 0.4 1 0.8
1.0008973199036 62.7645824852448 "experimento_57" 57 1500 1000 0.95 50 0.4 1 0.8
0.99728081189096 47.7271619860376 "experimento_57" 57 1500 1000 0.95 50 0.4 1 0.8
1.00439916734518 47.4926935702122 "experimento_57" 57 1500 1000 0.95 50 0.4 1 0.8
0.997194280149415 49.0271000460878 "experimento_57" 57 1500 1000 0.95 50 0.4 1 0.8
0.997251379070804 39.5075192286096 "experimento_57" 57 1500 1000 0.95 50 0.4 1 0.8
1.00767263325863 45.6453545083398 "experimento_57" 57 1500 1000 0.95 50 0.4 1 0.8
1.00003126365477 44.5236355687225 "experimento_57" 57 1500 1000 0.95 50 0.4 1 0.8
0.998168562073261 50.3977251011627 "experimento_57" 57 1500 1000 0.95 50 0.4 1 0.8
0.996912885224447 52.8544133618543 "experimento_57" 57 1500 1000 0.95 50 0.4 1 0.8
0.9993478031829 51.3029633629404 "experimento_57" 57 1500 1000 0.95 50 0.4 1 0.8
1.00042653718009 48.8688780564189 "experimento_57" 57 1500 1000 0.95 50 0.4 1 0.8
1.01016664313152 58.6751709401069 "experimento_57" 57 1500 1000 0.95 50 0.4 1 0.8
1.01088931467414 55.4436565593286 "experimento_57" 57 1500 1000 0.95 50 0.4 1 0.8
1.02027942074732 36.3664101945198 "experimento_57" 57 1500 1000 0.95 50 0.4 1 0.8
1.00555238883942 84.6493963160532 "experimento_57" 57 1500 1000 0.95 50 0.4 1 0.8
0.998790151905268 52.7382846573021 "experimento_57" 57 1500 1000 0.95 50 0.4 1 0.8
1.00060132886283 59.4240565020121 "experimento_57" 57 1500 1000 0.95 50 0.4 1 0.8
0.99814800103195 49.2339808765189 "experimento_57" 57 1500 1000 0.95 50 0.4 1 0.8
0.998009409755468 43.699931349097 "experimento_57" 57 1500 1000 0.95 50 0.4 1 0.8
1.00041509662694 61.9973975730514 "experimento_57" 57 1500 1000 0.95 50 0.4 1 0.8
0.998786021256819 50.7538748966338 "experimento_57" 57 1500 1000 0.95 50 0.4 1 0.8
1.00282603131607 52.4951941573289 "experimento_57" 57 1500 1000 0.95 50 0.4 1 0.8
1.00200838588312 53.5469358195405 "experimento_57" 57 1500 1000 0.95 50 0.4 1 0.8
1.00151953644345 45.2995666664837 "experimento_57" 57 1500 1000 0.95 50 0.4 1 0.8
0.998865809990093 49.3645659430241 "experimento_57" 57 1500 1000 0.95 50 0.4 1 0.8
1.00002065507178 59.6939564991741 "experimento_57" 57 1500 1000 0.95 50 0.4 1 0.8
0.997105203801766 50.062585370473 "experimento_57" 57 1500 1000 0.95 50 0.4 1 0.8
0.999514740658924 63.7340462984442 "experimento_57" 57 1500 1000 0.95 50 0.4 1 0.8
1.00486372109503 61.3146816339255 "experimento_57" 57 1500 1000 0.95 50 0.4 1 0.8
1.00918755206279 42.3862816608416 "experimento_57" 57 1500 1000 0.95 50 0.4 1 0.8
1.00024532760296 58.0947142011336 "experimento_57" 57 1500 1000 0.95 50 0.4 1 0.8
1.0011011570271 45.1527107939 "experimento_57" 57 1500 1000 0.95 50 0.4 1 0.8
0.999438441358507 47.9758402652051 "experimento_57" 57 1500 1000 0.95 50 0.4 1 0.8
1.00053574944846 47.7439419170829 "experimento_57" 57 1500 1000 0.95 50 0.4 1 0.8
0.998967273626477 50.4776701383437 "experimento_57" 57 1500 1000 0.95 50 0.4 1 0.8
1.0017915427871 42.4512808507512 "experimento_57" 57 1500 1000 0.95 50 0.4 1 0.8
0.99716278584674 47.7148758154119 "experimento_57" 57 1500 1000 0.95 50 0.4 1 0.8
1.0003745791968 56.3389545949884 "experimento_57" 57 1500 1000 0.95 50 0.4 1 0.8
0.997118256287649 50.6859201522323 "experimento_57" 57 1500 1000 0.95 50 0.4 1 0.8
0.999568928498775 54.8614472331751 "experimento_57" 57 1500 1000 0.95 50 0.4 1 0.8
0.999486778164282 53.6042759415297 "experimento_57" 57 1500 1000 0.95 50 0.4 1 0.8
1.00027311285569 50.6936508339067 "experimento_57" 57 1500 1000 0.95 50 0.4 1 0.8
1.00010710593313 44.0239523554626 "experimento_57" 57 1500 1000 0.95 50 0.4 1 0.8
0.998765530763194 44.1919695608203 "experimento_57" 57 1500 1000 0.95 50 0.4 1 0.8
0.999373590806499 59.3438664275814 "experimento_57" 57 1500 1000 0.95 50 0.4 1 0.8
0.999403182649985 51.2469435072694 "experimento_57" 57 1500 1000 0.95 50 0.4 1 0.8
1.00170430232771 47.2007814451889 "experimento_57" 57 1500 1000 0.95 50 0.4 1 0.8
1.00140723692253 53.6043770598945 "experimento_57" 57 1500 1000 0.95 50 0.4 1 0.8
1.00071772091577 43.3767896070298 "experimento_57" 57 1500 1000 0.95 50 0.4 1 0.8
0.997666682116687 52.5257081277554 "experimento_57" 57 1500 1000 0.95 50 0.4 1 0.8
1.00109527251616 48.5610262010881 "experimento_57" 57 1500 1000 0.95 50 0.4 1 0.8
1.02539008758878 60.6000623686955 "experimento_57" 57 1500 1000 0.95 50 0.4 1 0.8
1.00092760829255 48.5827153534432 "experimento_57" 57 1500 1000 0.95 50 0.4 1 0.8
0.997891996754333 56.7114548019662 "experimento_57" 57 1500 1000 0.95 50 0.4 1 0.8
0.998741447925568 51.2141686187303 "experimento_57" 57 1500 1000 0.95 50 0.4 1 0.8
1.00729023297726 61.6595708687201 "experimento_57" 57 1500 1000 0.95 50 0.4 1 0.8
1.00777901971851 47.7623307823478 "experimento_57" 57 1500 1000 0.95 50 0.4 1 0.8
1.00446753670461 44.1433846323602 "experimento_57" 57 1500 1000 0.95 50 0.4 1 0.8
1.0078529894352 58.2756742735862 "experimento_57" 57 1500 1000 0.95 50 0.4 1 0.8
0.99918986693956 48.2342065929548 "experimento_57" 57 1500 1000 0.95 50 0.4 1 0.8
0.995726923691109 42.2092346192071 "experimento_57" 57 1500 1000 0.95 50 0.4 1 0.8
0.999017397407442 61.6350151016328 "experimento_57" 57 1500 1000 0.95 50 0.4 1 0.8
1.02973618235887 79.7936094596818 "experimento_57" 57 1500 1000 0.95 50 0.4 1 0.8
1.00027736710384 53.2517512522753 "experimento_57" 57 1500 1000 0.95 50 0.4 1 0.8
1.00186685616789 47.8851395779313 "experimento_57" 57 1500 1000 0.95 50 0.4 1 0.8
0.999780668644235 52.6501333184558 "experimento_57" 57 1500 1000 0.95 50 0.4 1 0.8
1.00005118248405 59.218606023315 "experimento_57" 57 1500 1000 0.95 50 0.4 1 0.8
0.998400622047484 47.1900750542227 "experimento_57" 57 1500 1000 0.95 50 0.4 1 0.8
0.998534744605422 49.0328035432686 "experimento_57" 57 1500 1000 0.95 50 0.4 1 0.8
1.00011903902082 45.6731492315009 "experimento_57" 57 1500 1000 0.95 50 0.4 1 0.8
0.998472446575761 47.3879337030556 "experimento_57" 57 1500 1000 0.95 50 0.4 1 0.8
0.996126140933484 43.0931422487093 "experimento_57" 57 1500 1000 0.95 50 0.4 1 0.8
1.01834219116634 82.4190340762547 "experimento_57" 57 1500 1000 0.95 50 0.4 1 0.8
0.997278710594401 55.8253908342377 "experimento_57" 57 1500 1000 0.95 50 0.4 1 0.8
1.00126945986659 63.4157136802025 "experimento_57" 57 1500 1000 0.95 50 0.4 1 0.8
0.999039309099317 50.139888514026 "experimento_57" 57 1500 1000 0.95 50 0.4 1 0.8
0.998236471321434 44.2678437547439 "experimento_57" 57 1500 1000 0.95 50 0.4 1 0.8
0.995634945575148 46.8663882145739 "experimento_57" 57 1500 1000 0.95 50 0.4 1 0.8
1.00056039357558 57.1449691657303 "experimento_57" 57 1500 1000 0.95 50 0.4 1 0.8
0.998498118948191 52.7899036768809 "experimento_57" 57 1500 1000 0.95 50 0.4 1 0.8
0.99816612014547 42.5310831251468 "experimento_57" 57 1500 1000 0.95 50 0.4 1 0.8
0.997740542516112 37.2105024757658 "experimento_57" 57 1500 1000 0.95 50 0.4 1 0.8
1.00025351827328 65.0691707111758 "experimento_57" 57 1500 1000 0.95 50 0.4 1 0.8
0.996713112806901 41.7985959661235 "experimento_57" 57 1500 1000 0.95 50 0.4 1 0.8
1.00414776183287 56.9941470233203 "experimento_57" 57 1500 1000 0.95 50 0.4 1 0.8
1.00732092081681 43.9449334652153 "experimento_57" 57 1500 1000 0.95 50 0.4 1 0.8
1.00742723563686 52.243260055067 "experimento_57" 57 1500 1000 0.95 50 0.4 1 0.8
1.0005066105444 49.6685291049319 "experimento_57" 57 1500 1000 0.95 50 0.4 1 0.8
0.999451394891366 54.0016081436241 "experimento_57" 57 1500 1000 0.95 50 0.4 1 0.8
1.00001704969443 53.4431870387716 "experimento_57" 57 1500 1000 0.95 50 0.4 1 0.8
0.999880987918004 45.951910443928 "experimento_57" 57 1500 1000 0.95 50 0.4 1 0.8
0.99994317535311 50.3061281260033 "experimento_57" 57 1500 1000 0.95 50 0.4 1 0.8
0.997803283389658 49.2344961817408 "experimento_57" 57 1500 1000 0.95 50 0.4 1 0.8
1.00659411901639 52.6953475281805 "experimento_57" 57 1500 1000 0.95 50 0.4 1 0.8
1.00011080539602 46.9517794324248 "experimento_57" 57 1500 1000 0.95 50 0.4 1 0.8
0.998826511437073 41.7688186588285 "experimento_57" 57 1500 1000 0.95 50 0.4 1 0.8
1.01462111715143 37.3461497289585 "experimento_57" 57 1500 1000 0.95 50 0.4 1 0.8
1.0002909481898 55.8315642436553 "experimento_57" 57 1500 1000 0.95 50 0.4 1 0.8
0.998286635382101 52.1836535740436 "experimento_57" 57 1500 1000 0.95 50 0.4 1 0.8
0.997317137895152 48.5507536231823 "experimento_57" 57 1500 1000 0.95 50 0.4 1 0.8
1.00230119971972 42.2354329819994 "experimento_57" 57 1500 1000 0.95 50 0.4 1 0.8
1.00449174036272 67.4989083565634 "experimento_57" 57 1500 1000 0.95 50 0.4 1 0.8
0.993761837016791 39.4565433695693 "experimento_57" 57 1500 1000 0.95 50 0.4 1 0.8
1.01741827126508 83.2275387035479 "experimento_57" 57 1500 1000 0.95 50 0.4 1 0.8
0.998306065564975 41.5672356209609 "experimento_57" 57 1500 1000 0.95 50 0.4 1 0.8
1.01989779515108 53.3029401535819 "experimento_57" 57 1500 1000 0.95 50 0.4 1 0.8
0.998015012126416 53.7253062033595 "experimento_57" 57 1500 1000 0.95 50 0.4 1 0.8
1.00695159217343 50.4216883284987 "experimento_57" 57 1500 1000 0.95 50 0.4 1 0.8
1.00209905559197 52.7677866673019 "experimento_57" 57 1500 1000 0.95 50 0.4 1 0.8
1.00013238792308 52.2681136507165 "experimento_57" 57 1500 1000 0.95 50 0.4 1 0.8
1.01288621366955 68.0063083160897 "experimento_57" 57 1500 1000 0.95 50 0.4 1 0.8
0.999175656354055 47.3541428290284 "experimento_57" 57 1500 1000 0.95 50 0.4 1 0.8
1.00100414535962 41.5667505881183 "experimento_57" 57 1500 1000 0.95 50 0.4 1 0.8
0.999717446742579 51.924071333455 "experimento_57" 57 1500 1000 0.95 50 0.4 1 0.8
1.01643923844126 74.3486807445824 "experimento_57" 57 1500 1000 0.95 50 0.4 1 0.8
1.00466604929417 59.7463535910473 "experimento_57" 57 1500 1000 0.95 50 0.4 1 0.8
0.998291962780058 54.4199792591351 "experimento_57" 57 1500 1000 0.95 50 0.4 1 0.8
0.998371575027704 58.63813877002 "experimento_57" 57 1500 1000 0.95 50 0.4 1 0.8
1.01312626554631 48.2299784497956 "experimento_57" 57 1500 1000 0.95 50 0.4 1 0.8
0.997515210416168 46.3872732825607 "experimento_57" 57 1500 1000 0.95 50 0.4 1 0.8
1.0002738471888 51.949254531496 "experimento_57" 57 1500 1000 0.95 50 0.4 1 0.8
0.996889700414613 49.011925713167 "experimento_57" 57 1500 1000 0.95 50 0.4 1 0.8
1.00062462876212 63.9480561320495 "experimento_57" 57 1500 1000 0.95 50 0.4 1 0.8
0.999176120385528 52.528626061204 "experimento_57" 57 1500 1000 0.95 50 0.4 1 0.8
0.99946951889433 53.0845908778518 "experimento_57" 57 1500 1000 0.95 50 0.4 1 0.8
1.01095599692315 44.8575516890439 "experimento_57" 57 1500 1000 0.95 50 0.4 1 0.8
0.998809000942856 43.2792452801093 "experimento_57" 57 1500 1000 0.95 50 0.4 1 0.8
1.0000175313279 49.8054260162797 "experimento_57" 57 1500 1000 0.95 50 0.4 1 0.8
0.999050823273137 49.4942438819697 "experimento_57" 57 1500 1000 0.95 50 0.4 1 0.8
1.00049016682431 55.4857549130892 "experimento_57" 57 1500 1000 0.95 50 0.4 1 0.8
0.992200848180801 44.7650628103478 "experimento_57" 57 1500 1000 0.95 50 0.4 1 0.8
1.00038691951893 53.8367081258772 "experimento_57" 57 1500 1000 0.95 50 0.4 1 0.8
1.00640848273365 54.7054569522782 "experimento_57" 57 1500 1000 0.95 50 0.4 1 0.8
0.998378186021 46.8574469213885 "experimento_57" 57 1500 1000 0.95 50 0.4 1 0.8
1.01447525691157 66.39029960193 "experimento_57" 57 1500 1000 0.95 50 0.4 1 0.8
0.999969152268022 57.8098072016342 "experimento_57" 57 1500 1000 0.95 50 0.4 1 0.8
1.00001987022308 41.9270349357715 "experimento_57" 57 1500 1000 0.95 50 0.4 1 0.8
0.999703189823776 56.5578014067146 "experimento_57" 57 1500 1000 0.95 50 0.4 1 0.8
1.00234755743295 55.514448743574 "experimento_57" 57 1500 1000 0.95 50 0.4 1 0.8
1.00332424472086 49.6065878016996 "experimento_57" 57 1500 1000 0.95 50 0.4 1 0.8
1.00065431396268 56.2807338725314 "experimento_57" 57 1500 1000 0.95 50 0.4 1 0.8
1.00036111061797 58.4593791178825 "experimento_57" 57 1500 1000 0.95 50 0.4 1 0.8
0.998715460766107 50.6182132229636 "experimento_57" 57 1500 1000 0.95 50 0.4 1 0.8
1.00993360515684 49.5983643096144 "experimento_57" 57 1500 1000 0.95 50 0.4 1 0.8
1.00059658246123 52.3542837447646 "experimento_57" 57 1500 1000 0.95 50 0.4 1 0.8
0.998228000011295 57.5154951561002 "experimento_57" 57 1500 1000 0.95 50 0.4 1 0.8
0.997761061182246 39.2006730169021 "experimento_57" 57 1500 1000 0.95 50 0.4 1 0.8
0.998394563095644 43.6330725932191 "experimento_57" 57 1500 1000 0.95 50 0.4 1 0.8
1.0008537600211 68.7440961505821 "experimento_57" 57 1500 1000 0.95 50 0.4 1 0.8
1.00049628864558 51.4848288614687 "experimento_57" 57 1500 1000 0.95 50 0.4 1 0.8
1.00392556872219 45.1414914537821 "experimento_57" 57 1500 1000 0.95 50 0.4 1 0.8
0.997401700587943 58.1174979368788 "experimento_57" 57 1500 1000 0.95 50 0.4 1 0.8
1.0031542649027 58.9963245765635 "experimento_57" 57 1500 1000 0.95 50 0.4 1 0.8
0.999673529993743 43.9408646997434 "experimento_57" 57 1500 1000 0.95 50 0.4 1 0.8
0.999383887043223 47.6564829112678 "experimento_57" 57 1500 1000 0.95 50 0.4 1 0.8
1.00024793214165 48.8757218748188 "experimento_57" 57 1500 1000 0.95 50 0.4 1 0.8
1.00847376909107 65.4551594476458 "experimento_57" 57 1500 1000 0.95 50 0.4 1 0.8
1.00193791339382 54.0248993485853 "experimento_57" 57 1500 1000 0.95 50 0.4 1 0.8
1.00023626168201 48.7011636148499 "experimento_57" 57 1500 1000 0.95 50 0.4 1 0.8
1.00754192966036 54.0769038134144 "experimento_57" 57 1500 1000 0.95 50 0.4 1 0.8
0.999155615223572 55.4211481409627 "experimento_57" 57 1500 1000 0.95 50 0.4 1 0.8
1.00122837508231 50.0026581639851 "experimento_57" 57 1500 1000 0.95 50 0.4 1 0.8
1.01798910263842 49.7817639181156 "experimento_57" 57 1500 1000 0.95 50 0.4 1 0.8
0.999289406230673 40.846215219453 "experimento_57" 57 1500 1000 0.95 50 0.4 1 0.8
0.996696388348937 42.2949340560648 "experimento_57" 57 1500 1000 0.95 50 0.4 1 0.8
0.999222174286842 53.2717483741522 "experimento_57" 57 1500 1000 0.95 50 0.4 1 0.8
0.994604857638478 40.8331459984304 "experimento_57" 57 1500 1000 0.95 50 0.4 1 0.8
0.997790349647403 45.4272273331264 "experimento_57" 57 1500 1000 0.95 50 0.4 1 0.8
1.00178838864349 47.0428242113611 "experimento_57" 57 1500 1000 0.95 50 0.4 1 0.8
0.996554021723568 50.2541170262237 "experimento_57" 57 1500 1000 0.95 50 0.4 1 0.8
0.996823365334421 41.7090481114422 "experimento_57" 57 1500 1000 0.95 50 0.4 1 0.8
1.00001355823129 44.4315006208433 "experimento_57" 57 1500 1000 0.95 50 0.4 1 0.8
1.0010881776884 49.6614779006444 "experimento_57" 57 1500 1000 0.95 50 0.4 1 0.8
1.00052338751033 51.6660282259826 "experimento_57" 57 1500 1000 0.95 50 0.4 1 0.8
1.00946398220025 41.5733076504774 "experimento_57" 57 1500 1000 0.95 50 0.4 1 0.8
0.99747414374724 46.1693022732117 "experimento_57" 57 1500 1000 0.95 50 0.4 1 0.8
1.00520000394434 70.712805006577 "experimento_57" 57 1500 1000 0.95 50 0.4 1 0.8
1.00018976414576 52.2543854319728 "experimento_57" 57 1500 1000 0.95 50 0.4 1 0.8
1.00032087642699 47.7309849663245 "experimento_57" 57 1500 1000 0.95 50 0.4 1 0.8
1.00382507461974 47.1264895332381 "experimento_57" 57 1500 1000 0.95 50 0.4 1 0.8
1.00836163799278 56.0345511087079 "experimento_57" 57 1500 1000 0.95 50 0.4 1 0.8
0.998263412155211 47.5813060408191 "experimento_57" 57 1500 1000 0.95 50 0.4 1 0.8
1.0068245864861 65.9487570616388 "experimento_57" 57 1500 1000 0.95 50 0.4 1 0.8
0.998625946231186 49.5667759333999 "experimento_57" 57 1500 1000 0.95 50 0.4 1 0.8
0.997795342700556 48.4935713792038 "experimento_57" 57 1500 1000 0.95 50 0.4 1 0.8
0.997822942910716 45.0748214587439 "experimento_57" 57 1500 1000 0.95 50 0.4 1 0.8
0.999769764021039 49.014967710557 "experimento_57" 57 1500 1000 0.95 50 0.4 1 0.8
0.999872065614909 46.2917076085666 "experimento_57" 57 1500 1000 0.95 50 0.4 1 0.8
0.998010756680742 46.4820134065062 "experimento_57" 57 1500 1000 0.95 50 0.4 1 0.8
1.00096690741386 44.9141186621184 "experimento_57" 57 1500 1000 0.95 50 0.4 1 0.8
0.999438420170918 46.4999200120311 "experimento_57" 57 1500 1000 0.95 50 0.4 1 0.8
0.998804013244808 56.5311184332507 "experimento_57" 57 1500 1000 0.95 50 0.4 1 0.8
1.00033877915011 66.1068693933764 "experimento_57" 57 1500 1000 0.95 50 0.4 1 0.8
1.00325592638722 51.5592565105099 "experimento_57" 57 1500 1000 0.95 50 0.4 1 0.8
1.01022490834817 50.3936191470019 "experimento_57" 57 1500 1000 0.95 50 0.4 1 0.8
0.998943330720067 47.7848164701429 "experimento_57" 57 1500 1000 0.95 50 0.4 1 0.8
0.997988141607493 48.4349471824782 "experimento_57" 57 1500 1000 0.95 50 0.4 1 0.8
1.0007504982283 56.7681057155683 "experimento_57" 57 1500 1000 0.95 50 0.4 1 0.8
1.00007405447527 49.727917219466 "experimento_57" 57 1500 1000 0.95 50 0.4 1 0.8
0.999171774368733 41.272585659939 "experimento_57" 57 1500 1000 0.95 50 0.4 1 0.8
1.00906499225646 51.2985781416173 "experimento_57" 57 1500 1000 0.95 50 0.4 1 0.8
0.997786836931482 46.5893913288008 "experimento_57" 57 1500 1000 0.95 50 0.4 1 0.8
1.0127036669571 64.9721901475005 "experimento_57" 57 1500 1000 0.95 50 0.4 1 0.8
0.999422507360578 45.8924889996767 "experimento_57" 57 1500 1000 0.95 50 0.4 1 0.8
1.00532468975502 61.0070318179929 "experimento_57" 57 1500 1000 0.95 50 0.4 1 0.8
1.00244150292146 54.5282819818006 "experimento_57" 57 1500 1000 0.95 50 0.4 1 0.8
0.999341153306887 45.4614546841119 "experimento_57" 57 1500 1000 0.95 50 0.4 1 0.8
0.999268458457664 42.2508846128908 "experimento_57" 57 1500 1000 0.95 50 0.4 1 0.8
1.00069870655425 51.1375376878772 "experimento_57" 57 1500 1000 0.95 50 0.4 1 0.8
0.998843868030235 54.6364396178581 "experimento_57" 57 1500 1000 0.95 50 0.4 1 0.8
1.00890487084165 56.2986752787242 "experimento_57" 57 1500 1000 0.95 50 0.4 1 0.8
0.999248423380777 46.2313364125041 "experimento_57" 57 1500 1000 0.95 50 0.4 1 0.8
0.994414685061201 43.0597837192975 "experimento_57" 57 1500 1000 0.95 50 0.4 1 0.8
1.00040679507889 66.9178170061679 "experimento_57" 57 1500 1000 0.95 50 0.4 1 0.8
0.998145137447864 49.6217821372883 "experimento_57" 57 1500 1000 0.95 50 0.4 1 0.8
0.997335666557774 45.9134917358998 "experimento_57" 57 1500 1000 0.95 50 0.4 1 0.8
0.999439060222358 53.2770429131806 "experimento_57" 57 1500 1000 0.95 50 0.4 1 0.8
1.01014487680979 51.0086368209964 "experimento_57" 57 1500 1000 0.95 50 0.4 1 0.8
0.998401524033397 42.2012500501599 "experimento_57" 57 1500 1000 0.95 50 0.4 1 0.8
0.998822036664933 44.6782948925663 "experimento_57" 57 1500 1000 0.95 50 0.4 1 0.8
1.01824496189048 62.8284793641891 "experimento_57" 57 1500 1000 0.95 50 0.4 1 0.8
1.00089633874595 58.0055181507498 "experimento_57" 57 1500 1000 0.95 50 0.4 1 0.8
0.995246389415115 45.6105117087564 "experimento_57" 57 1500 1000 0.95 50 0.4 1 0.8
0.999787075445056 55.3534511011827 "experimento_57" 57 1500 1000 0.95 50 0.4 1 0.8
1.00054111750538 49.2431250897329 "experimento_57" 57 1500 1000 0.95 50 0.4 1 0.8
1.00581985221244 57.9957876143911 "experimento_57" 57 1500 1000 0.95 50 0.4 1 0.8
1.00994272421114 42.9484120283197 "experimento_57" 57 1500 1000 0.95 50 0.4 1 0.8
1.00227977178991 54.9200734479239 "experimento_57" 57 1500 1000 0.95 50 0.4 1 0.8
1.00579599956482 47.9313516724006 "experimento_57" 57 1500 1000 0.95 50 0.4 1 0.8
1.00038393359631 40.5231731263041 "experimento_57" 57 1500 1000 0.95 50 0.4 1 0.8
0.999714735429734 50.1843727389161 "experimento_57" 57 1500 1000 0.95 50 0.4 1 0.8
1.0038969898317 50.9219484524953 "experimento_57" 57 1500 1000 0.95 50 0.4 1 0.8
0.991691158385947 43.4646456232413 "experimento_57" 57 1500 1000 0.95 50 0.4 1 0.8
0.998561965767294 56.0385355419635 "experimento_57" 57 1500 1000 0.95 50 0.4 1 0.8
0.999890583800152 41.8269010403914 "experimento_57" 57 1500 1000 0.95 50 0.4 1 0.8
1.01383418976329 54.856685743985 "experimento_57" 57 1500 1000 0.95 50 0.4 1 0.8
1.00072990133614 45.3282129670883 "experimento_57" 57 1500 1000 0.95 50 0.4 1 0.8
0.999887335347012 59.9485635587078 "experimento_57" 57 1500 1000 0.95 50 0.4 1 0.8
1.01433256724765 45.6287601989743 "experimento_57" 57 1500 1000 0.95 50 0.4 1 0.8
1.00288981570148 47.924951367719 "experimento_57" 57 1500 1000 0.95 50 0.4 1 0.8
0.999559262068942 55.4548260440087 "experimento_57" 57 1500 1000 0.95 50 0.4 1 0.8
0.998577571706846 53.5644331959108 "experimento_57" 57 1500 1000 0.95 50 0.4 1 0.8
1.004161827799 58.7201535482738 "experimento_57" 57 1500 1000 0.95 50 0.4 1 0.8
1.01451830958404 38.5245000267059 "experimento_57" 57 1500 1000 0.95 50 0.4 1 0.8
0.999988694908097 45.6476808006212 "experimento_57" 57 1500 1000 0.95 50 0.4 1 0.8
0.997832382796332 51.7613192575558 "experimento_57" 57 1500 1000 0.95 50 0.4 1 0.8
0.996932909358293 40.4663950828089 "experimento_57" 57 1500 1000 0.95 50 0.4 1 0.8
1.01623426029676 54.2930362898824 "experimento_57" 57 1500 1000 0.95 50 0.4 1 0.8
1.00683688800722 45.1655194442101 "experimento_57" 57 1500 1000 0.95 50 0.4 1 0.8
0.998097508912906 39.1107958439627 "experimento_57" 57 1500 1000 0.95 50 0.4 1 0.8
1.01553192401221 80.3368674048641 "experimento_57" 57 1500 1000 0.95 50 0.4 1 0.8
0.998726048972458 51.5183839009829 "experimento_57" 57 1500 1000 0.95 50 0.4 1 0.8
1.01718656258574 50.3648167243543 "experimento_57" 57 1500 1000 0.95 50 0.4 1 0.8
1.00298645024188 38.9792741082098 "experimento_57" 57 1500 1000 0.95 50 0.4 1 0.8
1.00272322253324 50.5194269870343 "experimento_57" 57 1500 1000 0.95 50 0.4 1 0.8
0.997810646891594 46.298999470542 "experimento_57" 57 1500 1000 0.95 50 0.4 1 0.8
0.99924455396831 47.5133718577622 "experimento_57" 57 1500 1000 0.95 50 0.4 1 0.8
1.00154034246691 56.1195444130763 "experimento_57" 57 1500 1000 0.95 50 0.4 1 0.8
1.00330947799052 46.5252546628736 "experimento_57" 57 1500 1000 0.95 50 0.4 1 0.8
0.999743579654023 51.5834169903813 "experimento_57" 57 1500 1000 0.95 50 0.4 1 0.8
1.00119399500079 49.326473922538 "experimento_57" 57 1500 1000 0.95 50 0.4 1 0.8
0.998906133696437 47.0717407819324 "experimento_57" 57 1500 1000 0.95 50 0.4 1 0.8
0.998159618349746 45.4907604370814 "experimento_57" 57 1500 1000 0.95 50 0.4 1 0.8
1.00775209501386 52.0325245674924 "experimento_57" 57 1500 1000 0.95 50 0.4 1 0.8
1.00005084434185 53.42273035184 "experimento_57" 57 1500 1000 0.95 50 0.4 1 0.8
1.01329992193729 54.5559501323426 "experimento_57" 57 1500 1000 0.95 50 0.4 1 0.8
1.00423238145187 55.0344703118123 "experimento_57" 57 1500 1000 0.95 50 0.4 1 0.8
1.01405368499374 66.2828323595272 "experimento_57" 57 1500 1000 0.95 50 0.4 1 0.8
0.997469487832859 42.5494868525817 "experimento_57" 57 1500 1000 0.95 50 0.4 1 0.8
0.998822989175096 42.4696650437294 "experimento_57" 57 1500 1000 0.95 50 0.4 1 0.8
1.00021782068605 71.152354552588 "experimento_57" 57 1500 1000 0.95 50 0.4 1 0.8
1.00039980654874 51.9097540427754 "experimento_57" 57 1500 1000 0.95 50 0.4 1 0.8
0.999984868103638 44.7695496342461 "experimento_57" 57 1500 1000 0.95 50 0.4 1 0.8
0.996626127045602 46.6542482082435 "experimento_57" 57 1500 1000 0.95 50 0.4 1 0.8
1.00582748997647 54.0863461511472 "experimento_57" 57 1500 1000 0.95 50 0.4 1 0.8
0.99950415478088 56.443476849027 "experimento_57" 57 1500 1000 0.95 50 0.4 1 0.8
0.999069225043058 44.5693463361314 "experimento_57" 57 1500 1000 0.95 50 0.4 1 0.8
1.00599365666049 53.1576437096178 "experimento_57" 57 1500 1000 0.95 50 0.4 1 0.8
0.998840547399595 49.2650782893466 "experimento_57" 57 1500 1000 0.95 50 0.4 1 0.8
1.0025085170593 45.6948778379231 "experimento_57" 57 1500 1000 0.95 50 0.4 1 0.8
1.00309294662438 50.0695299980317 "experimento_57" 57 1500 1000 0.95 50 0.4 1 0.8
1.0162948790743 52.1065388010756 "experimento_57" 57 1500 1000 0.95 50 0.4 1 0.8
1.00004566076863 45.214942370979 "experimento_57" 57 1500 1000 0.95 50 0.4 1 0.8
1.00967300965451 67.4060494646895 "experimento_57" 57 1500 1000 0.95 50 0.4 1 0.8
0.997299000155181 39.5023602064462 "experimento_57" 57 1500 1000 0.95 50 0.4 1 0.8
0.998536724131554 47.4423489736694 "experimento_57" 57 1500 1000 0.95 50 0.4 1 0.8
0.99615298002027 42.9026377969582 "experimento_57" 57 1500 1000 0.95 50 0.4 1 0.8
1.00926857111044 72.5503923978892 "experimento_57" 57 1500 1000 0.95 50 0.4 1 0.8
0.999058512505144 53.3581054257279 "experimento_57" 57 1500 1000 0.95 50 0.4 1 0.8
1.00271088005975 52.2016709071571 "experimento_57" 57 1500 1000 0.95 50 0.4 1 0.8
0.998139897128567 52.3425505423028 "experimento_57" 57 1500 1000 0.95 50 0.4 1 0.8
1.00046586804092 60.3457434624441 "experimento_57" 57 1500 1000 0.95 50 0.4 1 0.8
0.997872506966814 55.8591083027017 "experimento_57" 57 1500 1000 0.95 50 0.4 1 0.8
0.999322518706322 53.8593378724249 "experimento_57" 57 1500 1000 0.95 50 0.4 1 0.8
0.999059543013573 40.9633107606586 "experimento_57" 57 1500 1000 0.95 50 0.4 1 0.8
1.0012392864842 56.9252120766803 "experimento_57" 57 1500 1000 0.95 50 0.4 1 0.8
0.999560511205345 54.4498934478128 "experimento_57" 57 1500 1000 0.95 50 0.4 1 0.8
0.999135950347409 43.0870527886114 "experimento_57" 57 1500 1000 0.95 50 0.4 1 0.8
0.999259307282045 51.2640489244435 "experimento_57" 57 1500 1000 0.95 50 0.4 1 0.8
0.997842401033267 47.6439535243723 "experimento_57" 57 1500 1000 0.95 50 0.4 1 0.8
1.01252683280036 77.2192501076633 "experimento_57" 57 1500 1000 0.95 50 0.4 1 0.8
1.00074579126961 49.1417706534381 "experimento_57" 57 1500 1000 0.95 50 0.4 1 0.8
0.99948777933605 41.3120610642184 "experimento_57" 57 1500 1000 0.95 50 0.4 1 0.8
0.998687276616693 44.0609267721991 "experimento_57" 57 1500 1000 0.95 50 0.4 1 0.8
0.998073569964617 45.9772733712098 "experimento_57" 57 1500 1000 0.95 50 0.4 1 0.8
0.997786571970209 43.0716102014774 "experimento_57" 57 1500 1000 0.95 50 0.4 1 0.8
0.998874136246741 44.418462825323 "experimento_57" 57 1500 1000 0.95 50 0.4 1 0.8
1.00032044897785 44.2543982613676 "experimento_57" 57 1500 1000 0.95 50 0.4 1 0.8
1.00573408243246 57.7643920966497 "experimento_57" 57 1500 1000 0.95 50 0.4 1 0.8
1.00671813198365 61.288804001298 "experimento_57" 57 1500 1000 0.95 50 0.4 1 0.8
1.00321241553382 49.1279227803973 "experimento_57" 57 1500 1000 0.95 50 0.4 1 0.8
0.999641149071977 46.6318565368943 "experimento_57" 57 1500 1000 0.95 50 0.4 1 0.8
0.997021981049329 47.7866985113086 "experimento_57" 57 1500 1000 0.95 50 0.4 1 0.8
0.99775647977367 39.3830385569474 "experimento_57" 57 1500 1000 0.95 50 0.4 1 0.8
1.00333630718291 60.0429827197382 "experimento_57" 57 1500 1000 0.95 50 0.4 1 0.8
1.00066700643147 47.4445872916698 "experimento_57" 57 1500 1000 0.95 50 0.4 1 0.8
1.00191264834255 44.080165628429 "experimento_57" 57 1500 1000 0.95 50 0.4 1 0.8
1.00053212375298 51.7020496566837 "experimento_57" 57 1500 1000 0.95 50 0.4 1 0.8
1.01246041567065 58.6758159562105 "experimento_57" 57 1500 1000 0.95 50 0.4 1 0.8
1.00046466794387 49.1037719769407 "experimento_57" 57 1500 1000 0.95 50 0.4 1 0.8
0.998973514419049 55.4847691215342 "experimento_57" 57 1500 1000 0.95 50 0.4 1 0.8
1.00675426919013 61.3343894257603 "experimento_57" 57 1500 1000 0.95 50 0.4 1 0.8
1.01043975702487 67.5554036882119 "experimento_57" 57 1500 1000 0.95 50 0.4 1 0.8
1.00042729011737 54.7620905863803 "experimento_57" 57 1500 1000 0.95 50 0.4 1 0.8
1.00059703087197 46.6194805171538 "experimento_57" 57 1500 1000 0.95 50 0.4 1 0.8
1.00185028849431 52.0227061636287 "experimento_57" 57 1500 1000 0.95 50 0.4 1 0.8
1.00257470606826 42.6950709091486 "experimento_57" 57 1500 1000 0.95 50 0.4 1 0.8
0.996374121401459 45.9111185374195 "experimento_57" 57 1500 1000 0.95 50 0.4 1 0.8
1.01564807975581 73.1398337185877 "experimento_57" 57 1500 1000 0.95 50 0.4 1 0.8
1.00520812069705 40.3746530380826 "experimento_57" 57 1500 1000 0.95 50 0.4 1 0.8
1.00013486222364 47.5478602499851 "experimento_57" 57 1500 1000 0.95 50 0.4 1 0.8
1.0130515014194 63.7712085169843 "experimento_57" 57 1500 1000 0.95 50 0.4 1 0.8
1.00158481702878 53.5148876094482 "experimento_57" 57 1500 1000 0.95 50 0.4 1 0.8
0.999362540896982 53.4024475594369 "experimento_57" 57 1500 1000 0.95 50 0.4 1 0.8
0.997059248387814 44.2563486961174 "experimento_57" 57 1500 1000 0.95 50 0.4 1 0.8
0.998904230073094 49.5239204201385 "experimento_57" 57 1500 1000 0.95 50 0.4 1 0.8
1.00264752988067 52.9467012291512 "experimento_57" 57 1500 1000 0.95 50 0.4 1 0.8
0.99852979904972 39.0052168682431 "experimento_57" 57 1500 1000 0.95 50 0.4 1 0.8
1.00090209705218 43.6223138870724 "experimento_57" 57 1500 1000 0.95 50 0.4 1 0.8
1.00068857322447 45.4627049739868 "experimento_57" 57 1500 1000 0.95 50 0.4 1 0.8
0.997930882032961 52.4135846383358 "experimento_57" 57 1500 1000 0.95 50 0.4 1 0.8
1.00140316830448 47.7005342481034 "experimento_57" 57 1500 1000 0.95 50 0.4 1 0.8
1.00385742065497 51.6884763169674 "experimento_57" 57 1500 1000 0.95 50 0.4 1 0.8
0.998080962803215 56.7567763657977 "experimento_57" 57 1500 1000 0.95 50 0.4 1 0.8
0.996611708076671 44.8320464310647 "experimento_57" 57 1500 1000 0.95 50 0.4 1 0.8
0.99831190565601 54.3130390760202 "experimento_57" 57 1500 1000 0.95 50 0.4 1 0.8
0.997378238942474 43.676025214024 "experimento_57" 57 1500 1000 0.95 50 0.4 1 0.8
1.01106537966989 77.365698762682 "experimento_57" 57 1500 1000 0.95 50 0.4 1 0.8
0.999305393313989 45.113058154212 "experimento_57" 57 1500 1000 0.95 50 0.4 1 0.8
1.00163005169481 54.5150387984293 "experimento_57" 57 1500 1000 0.95 50 0.4 1 0.8
0.998264516703784 44.7025505303362 "experimento_57" 57 1500 1000 0.95 50 0.4 1 0.8
1.01875615009954 38.4956469347305 "experimento_57" 57 1500 1000 0.95 50 0.4 1 0.8
0.99971702741459 46.0165225870523 "experimento_57" 57 1500 1000 0.95 50 0.4 1 0.8
0.999718428589404 54.3008864997631 "experimento_57" 57 1500 1000 0.95 50 0.4 1 0.8
0.999260530574247 48.9897718491549 "experimento_57" 57 1500 1000 0.95 50 0.4 1 0.8
1.00028970144689 58.8317799532074 "experimento_57" 57 1500 1000 0.95 50 0.4 1 0.8
0.999700082466006 59.1427710626653 "experimento_57" 57 1500 1000 0.95 50 0.4 1 0.8
1.01403358975341 38.6077185070549 "experimento_57" 57 1500 1000 0.95 50 0.4 1 0.8
1.00340428515022 53.5930067946401 "experimento_57" 57 1500 1000 0.95 50 0.4 1 0.8
0.999352847691625 57.6034175354677 "experimento_57" 57 1500 1000 0.95 50 0.4 1 0.8
0.998154946602881 49.7500896216072 "experimento_57" 57 1500 1000 0.95 50 0.4 1 0.8
1.01247165614739 55.2231993037661 "experimento_57" 57 1500 1000 0.95 50 0.4 1 0.8
0.997218440053985 47.5350142691007 "experimento_57" 57 1500 1000 0.95 50 0.4 1 0.8
0.997455256292596 51.5156498639838 "experimento_57" 57 1500 1000 0.95 50 0.4 1 0.8
1.0009363878984 53.8534077291144 "experimento_57" 57 1500 1000 0.95 50 0.4 1 0.8
1.01195090440102 76.191602651766 "experimento_57" 57 1500 1000 0.95 50 0.4 1 0.8
1.00471236039341 49.5979917773753 "experimento_57" 57 1500 1000 0.95 50 0.4 1 0.8
1.00039616143331 46.6478378453825 "experimento_57" 57 1500 1000 0.95 50 0.4 1 0.8
0.998003803892061 59.1239761800317 "experimento_57" 57 1500 1000 0.95 50 0.4 1 0.8
0.998314836295322 44.4630064356952 "experimento_57" 57 1500 1000 0.95 50 0.4 1 0.8
1.0045823847889 52.0408885273799 "experimento_57" 57 1500 1000 0.95 50 0.4 1 0.8
1.00140524469316 52.1950631673548 "experimento_57" 57 1500 1000 0.95 50 0.4 1 0.8
1.00910769665026 44.8548696310906 "experimento_57" 57 1500 1000 0.95 50 0.4 1 0.8
0.994871226372197 38.3472435857224 "experimento_57" 57 1500 1000 0.95 50 0.4 1 0.8
0.99898991570808 49.5820641445239 "experimento_57" 57 1500 1000 0.95 50 0.4 1 0.8
1.01163510289975 64.3654013974612 "experimento_57" 57 1500 1000 0.95 50 0.4 1 0.8
1.00088744322769 64.8653789504174 "experimento_57" 57 1500 1000 0.95 50 0.4 1 0.8
1.00546588410623 56.6432919880617 "experimento_57" 57 1500 1000 0.95 50 0.4 1 0.8
1.00208555890536 45.0486597356248 "experimento_57" 57 1500 1000 0.95 50 0.4 1 0.8
0.997887645382434 53.3420005822788 "experimento_57" 57 1500 1000 0.95 50 0.4 1 0.8
1.00215545597486 56.3551702081852 "experimento_57" 57 1500 1000 0.95 50 0.4 1 0.8
1.01600099101579 46.9045211247877 "experimento_57" 57 1500 1000 0.95 50 0.4 1 0.8
0.999472015537322 55.4170055543591 "experimento_57" 57 1500 1000 0.95 50 0.4 1 0.8
0.998305919812992 43.3833457693482 "experimento_57" 57 1500 1000 0.95 50 0.4 1 0.8
0.998379532480612 58.888984607916 "experimento_57" 57 1500 1000 0.95 50 0.4 1 0.8
1.00346230708063 43.0748178012929 "experimento_57" 57 1500 1000 0.95 50 0.4 1 0.8
1.00001798503101 51.2008629693449 "experimento_57" 57 1500 1000 0.95 50 0.4 1 0.8
1.00014965996146 42.929167466446 "experimento_57" 57 1500 1000 0.95 50 0.4 1 0.8
1.0031937787703 56.5227708820639 "experimento_57" 57 1500 1000 0.95 50 0.4 1 0.8
1.01688494639146 55.0271805442849 "experimento_57" 57 1500 1000 0.95 50 0.4 1 0.8
0.996876098681241 45.6050593913712 "experimento_57" 57 1500 1000 0.95 50 0.4 1 0.8
1.01623174233278 63.2345694986238 "experimento_57" 57 1500 1000 0.95 50 0.4 1 0.8
1.00019063023398 57.2002969349764 "experimento_57" 57 1500 1000 0.95 50 0.4 1 0.8
1.01229131119326 51.3835512624577 "experimento_57" 57 1500 1000 0.95 50 0.4 1 0.8
0.998914159601554 50.5611992677571 "experimento_57" 57 1500 1000 0.95 50 0.4 1 0.8
1.00039617662318 44.0897582385689 "experimento_57" 57 1500 1000 0.95 50 0.4 1 0.8
0.997267269063741 47.8227941106395 "experimento_57" 57 1500 1000 0.95 50 0.4 1 0.8
1.01812711590817 38.2905123573113 "experimento_57" 57 1500 1000 0.95 50 0.4 1 0.8
0.997903139330447 48.4988825289636 "experimento_57" 57 1500 1000 0.95 50 0.4 1 0.8
1.00660649185071 41.3350583744339 "experimento_57" 57 1500 1000 0.95 50 0.4 1 0.8
1.01392051527282 61.8429354910892 "experimento_57" 57 1500 1000 0.95 50 0.4 1 0.8
0.99518132256344 37.6609895272071 "experimento_57" 57 1500 1000 0.95 50 0.4 1 0.8
1.01931495198896 55.8219320821251 "experimento_57" 57 1500 1000 0.95 50 0.4 1 0.8
0.99950961349532 43.6942272602403 "experimento_57" 57 1500 1000 0.95 50 0.4 1 0.8
1.00464913807871 42.9768878003107 "experimento_57" 57 1500 1000 0.95 50 0.4 1 0.8
1.00197906146075 49.4295320346983 "experimento_57" 57 1500 1000 0.95 50 0.4 1 0.8
0.999124634778127 54.1732847964053 "experimento_57" 57 1500 1000 0.95 50 0.4 1 0.8
0.999981900909916 50.0228457556022 "experimento_57" 57 1500 1000 0.95 50 0.4 1 0.8
0.999257882591337 55.0412348384528 "experimento_57" 57 1500 1000 0.95 50 0.4 1 0.8
0.999846345279366 54.1056300139358 "experimento_57" 57 1500 1000 0.95 50 0.4 1 0.8
0.997743066167459 42.6691118623179 "experimento_57" 57 1500 1000 0.95 50 0.4 1 0.8
0.99498281837441 43.0099421948365 "experimento_57" 57 1500 1000 0.95 50 0.4 1 0.8
1.00839632776103 61.4336861543666 "experimento_57" 57 1500 1000 0.95 50 0.4 1 0.8
0.996628071647137 46.0982506844533 "experimento_57" 57 1500 1000 0.95 50 0.4 1 0.8
1.00206849142932 53.6021698416642 "experimento_57" 57 1500 1000 0.95 50 0.4 1 0.8
1.00107237269233 44.0756574964384 "experimento_57" 57 1500 1000 0.95 50 0.4 1 0.8
0.991149984300137 39.8660165449934 "experimento_57" 57 1500 1000 0.95 50 0.4 1 0.8
1.0033126130607 55.8980335505146 "experimento_57" 57 1500 1000 0.95 50 0.4 1 0.8
0.999896767782047 49.3814119856617 "experimento_57" 57 1500 1000 0.95 50 0.4 1 0.8
1.00557495475747 48.3328597163246 "experimento_57" 57 1500 1000 0.95 50 0.4 1 0.8
0.997315421933308 46.3926992557718 "experimento_57" 57 1500 1000 0.95 50 0.4 1 0.8
0.99933395255357 52.3245939956898 "experimento_57" 57 1500 1000 0.95 50 0.4 1 0.8
1.00111673359759 45.3520163133085 "experimento_57" 57 1500 1000 0.95 50 0.4 1 0.8
0.998135379282758 38.9696616089773 "experimento_57" 57 1500 1000 0.95 50 0.4 1 0.8
1.00264623917108 47.1080089677602 "experimento_57" 57 1500 1000 0.95 50 0.4 1 0.8
0.997170206392184 48.200382937161 "experimento_57" 57 1500 1000 0.95 50 0.4 1 0.8
0.997215264942497 50.4238845200935 "experimento_57" 57 1500 1000 0.95 50 0.4 1 0.8
1.00175558507442 46.9175985454575 "experimento_57" 57 1500 1000 0.95 50 0.4 1 0.8
0.997563005657867 43.3567121108139 "experimento_57" 57 1500 1000 0.95 50 0.4 1 0.8
1.02292269371366 63.672223629035 "experimento_57" 57 1500 1000 0.95 50 0.4 1 0.8
0.998941688798368 45.0575789018837 "experimento_57" 57 1500 1000 0.95 50 0.4 1 0.8
0.996915721567348 45.171317577824 "experimento_57" 57 1500 1000 0.95 50 0.4 1 0.8
1.00289021017961 59.0659437236292 "experimento_57" 57 1500 1000 0.95 50 0.4 1 0.8
1.00121225260198 41.274516942157 "experimento_57" 57 1500 1000 0.95 50 0.4 1 0.8
0.999463028740138 47.10454859371 "experimento_57" 57 1500 1000 0.95 50 0.4 1 0.8
0.995889679528773 39.7903149840925 "experimento_57" 57 1500 1000 0.95 50 0.4 1 0.8
0.996289862086996 45.6301270836539 "experimento_57" 57 1500 1000 0.95 50 0.4 1 0.8
0.993355814833194 44.563255527875 "experimento_57" 57 1500 1000 0.95 50 0.4 1 0.8
1.00479086550884 49.6120802212121 "experimento_57" 57 1500 1000 0.95 50 0.4 1 0.8
1.00031595511362 51.1838945488527 "experimento_57" 57 1500 1000 0.95 50 0.4 1 0.8
0.998019677819684 51.8242997836453 "experimento_57" 57 1500 1000 0.95 50 0.4 1 0.8
1.00273423610384 48.2535996897599 "experimento_57" 57 1500 1000 0.95 50 0.4 1 0.8
1.00384210845328 57.6305027421486 "experimento_57" 57 1500 1000 0.95 50 0.4 1 0.8
1.00144403715119 49.0956843120255 "experimento_57" 57 1500 1000 0.95 50 0.4 1 0.8
0.998695247340947 55.2918231418221 "experimento_57" 57 1500 1000 0.95 50 0.4 1 0.8
1.00684893903323 56.6454765250167 "experimento_57" 57 1500 1000 0.95 50 0.4 1 0.8
1.00026592840441 54.6717565202044 "experimento_57" 57 1500 1000 0.95 50 0.4 1 0.8
0.995485305786133 36.6607191170782 "experimento_57" 57 1500 1000 0.95 50 0.4 1 0.8
0.99966594716534 52.9132205074425 "experimento_57" 57 1500 1000 0.95 50 0.4 1 0.8
0.999419533181936 49.6884975509715 "experimento_57" 57 1500 1000 0.95 50 0.4 1 0.8
1.01026643389836 69.8226307442916 "experimento_57" 57 1500 1000 0.95 50 0.4 1 0.8
1.01222575691529 42.7260897264982 "experimento_57" 57 1500 1000 0.95 50 0.4 1 0.8
0.998732482315972 54.8733630993209 "experimento_57" 57 1500 1000 0.95 50 0.4 1 0.8
1.01711154245542 71.3984230677454 "experimento_57" 57 1500 1000 0.95 50 0.4 1 0.8
0.99950440088287 51.6945091052048 "experimento_57" 57 1500 1000 0.95 50 0.4 1 0.8
1.01516797843756 78.3504904491487 "experimento_57" 57 1500 1000 0.95 50 0.4 1 0.8
1.00035478647798 45.943928716175 "experimento_57" 57 1500 1000 0.95 50 0.4 1 0.8
0.998113789130002 42.6496812558714 "experimento_57" 57 1500 1000 0.95 50 0.4 1 0.8
0.999513836577535 47.830604477216 "experimento_57" 57 1500 1000 0.95 50 0.4 1 0.8
1.00116246979684 47.4633432735411 "experimento_57" 57 1500 1000 0.95 50 0.4 1 0.8
0.997888295445591 48.7343679978609 "experimento_57" 57 1500 1000 0.95 50 0.4 1 0.8
0.998823694651946 48.2249212782639 "experimento_57" 57 1500 1000 0.95 50 0.4 1 0.8
0.998402260476723 45.7105826899968 "experimento_57" 57 1500 1000 0.95 50 0.4 1 0.8
1.00411990013905 51.679094721729 "experimento_57" 57 1500 1000 0.95 50 0.4 1 0.8
0.998395806876943 51.7828661956995 "experimento_57" 57 1500 1000 0.95 50 0.4 1 0.8
1.00944184190594 48.291356637704 "experimento_57" 57 1500 1000 0.95 50 0.4 1 0.8
0.999182901112363 53.8932489089053 "experimento_57" 57 1500 1000 0.95 50 0.4 1 0.8
0.999977487372234 50.2094941411017 "experimento_57" 57 1500 1000 0.95 50 0.4 1 0.8
0.997470802161843 53.1353230296792 "experimento_57" 57 1500 1000 0.95 50 0.4 1 0.8
1.00504828273544 46.0939650903371 "experimento_57" 57 1500 1000 0.95 50 0.4 1 0.8
0.999557323521003 54.9724070298379 "experimento_57" 57 1500 1000 0.95 50 0.4 1 0.8
1.00426323574968 47.5458603637419 "experimento_57" 57 1500 1000 0.95 50 0.4 1 0.8
1.00412675368101 55.2177640468929 "experimento_57" 57 1500 1000 0.95 50 0.4 1 0.8
0.999522901838645 52.6888634259255 "experimento_57" 57 1500 1000 0.95 50 0.4 1 0.8
1.00974738120101 66.8803406735743 "experimento_57" 57 1500 1000 0.95 50 0.4 1 0.8
1.0028288275164 52.2973599446639 "experimento_57" 57 1500 1000 0.95 50 0.4 1 0.8
1.00356223382515 55.3743172672621 "experimento_57" 57 1500 1000 0.95 50 0.4 1 0.8
1.01603551229378 55.3758353680627 "experimento_57" 57 1500 1000 0.95 50 0.4 1 0.8
1.00131631401367 45.3608351862858 "experimento_57" 57 1500 1000 0.95 50 0.4 1 0.8
1.001411990216 43.1583723452405 "experimento_57" 57 1500 1000 0.95 50 0.4 1 0.8
0.995703886495903 44.5257043229431 "experimento_57" 57 1500 1000 0.95 50 0.4 1 0.8
0.999423838686198 52.3703162893911 "experimento_57" 57 1500 1000 0.95 50 0.4 1 0.8
0.99695372232236 45.3691820136552 "experimento_57" 57 1500 1000 0.95 50 0.4 1 0.8
0.998920407146215 54.0014281509282 "experimento_57" 57 1500 1000 0.95 50 0.4 1 0.8
1.00274654968371 52.3602640400926 "experimento_57" 57 1500 1000 0.95 50 0.4 1 0.8
1.01656188294207 32.9982268315051 "experimento_57" 57 1500 1000 0.95 50 0.4 1 0.8
1.01729000401469 52.6581124249748 "experimento_57" 57 1500 1000 0.95 50 0.4 1 0.8
1.00183344274759 42.7157666029909 "experimento_57" 57 1500 1000 0.95 50 0.4 1 0.8
0.991556192981079 33.4110091241391 "experimento_57" 57 1500 1000 0.95 50 0.4 1 0.8
0.999886517412961 54.3894739913342 "experimento_57" 57 1500 1000 0.95 50 0.4 1 0.8
1.00187035272829 48.6385236080412 "experimento_57" 57 1500 1000 0.95 50 0.4 1 0.8
1.00237458069809 54.186612725727 "experimento_57" 57 1500 1000 0.95 50 0.4 1 0.8
1.00232115705891 44.6263109962008 "experimento_57" 57 1500 1000 0.95 50 0.4 1 0.8
1.00076246793677 59.8716162754426 "experimento_57" 57 1500 1000 0.95 50 0.4 1 0.8
0.998159409034997 39.8948824779457 "experimento_57" 57 1500 1000 0.95 50 0.4 1 0.8
0.998592538759112 54.2581502690848 "experimento_57" 57 1500 1000 0.95 50 0.4 1 0.8
0.999028390273452 53.6092273706739 "experimento_57" 57 1500 1000 0.95 50 0.4 1 0.8
1.00590743845216 47.578038580323 "experimento_57" 57 1500 1000 0.95 50 0.4 1 0.8
0.999382097972557 65.4056141553412 "experimento_57" 57 1500 1000 0.95 50 0.4 1 0.8
1.00208888865076 40.8745978376303 "experimento_57" 57 1500 1000 0.95 50 0.4 1 0.8
0.994985906872898 51.510995261653 "experimento_57" 57 1500 1000 0.95 50 0.4 1 0.8
0.998148730490357 48.9323504706633 "experimento_57" 57 1500 1000 0.95 50 0.4 1 0.8
0.999026036588475 56.4795382191591 "experimento_57" 57 1500 1000 0.95 50 0.4 1 0.8
1.02383670374667 54.0216676815808 "experimento_57" 57 1500 1000 0.95 50 0.4 1 0.8
0.994106114841998 41.3534539529242 "experimento_57" 57 1500 1000 0.95 50 0.4 1 0.8
1.00146300178632 54.4121154798896 "experimento_57" 57 1500 1000 0.95 50 0.4 1 0.8
0.997513163136318 47.1132638037721 "experimento_57" 57 1500 1000 0.95 50 0.4 1 0.8
1.00421798192896 56.8153895626849 "experimento_57" 57 1500 1000 0.95 50 0.4 1 0.8
0.999334897613153 56.2744278861061 "experimento_57" 57 1500 1000 0.95 50 0.4 1 0.8
0.998198044486344 49.4727816389248 "experimento_57" 57 1500 1000 0.95 50 0.4 1 0.8
0.99577893782407 45.0933307207056 "experimento_57" 57 1500 1000 0.95 50 0.4 1 0.8
0.999849824700505 46.3455986047637 "experimento_57" 57 1500 1000 0.95 50 0.4 1 0.8
1.0003411875636 59.7419930278675 "experimento_57" 57 1500 1000 0.95 50 0.4 1 0.8
1.0015998607159 50.8228610483326 "experimento_57" 57 1500 1000 0.95 50 0.4 1 0.8
0.999843870755285 48.7315636359173 "experimento_57" 57 1500 1000 0.95 50 0.4 1 0.8
0.995617605745792 43.7188920062431 "experimento_57" 57 1500 1000 0.95 50 0.4 1 0.8
0.999481390230358 49.494956361191 "experimento_57" 57 1500 1000 0.95 50 0.4 1 0.8
1.00041762794548 58.7462788601736 "experimento_57" 57 1500 1000 0.95 50 0.4 1 0.8
1.00024545146664 53.4988568554138 "experimento_57" 57 1500 1000 0.95 50 0.4 1 0.8
1.01592831412117 65.8711445917065 "experimento_57" 57 1500 1000 0.95 50 0.4 1 0.8
1.00044076302477 42.5652916912191 "experimento_57" 57 1500 1000 0.95 50 0.4 1 0.8
0.99738079844974 51.4272778930795 "experimento_57" 57 1500 1000 0.95 50 0.4 1 0.8
1.00022465880692 51.5810968550156 "experimento_57" 57 1500 1000 0.95 50 0.4 1 0.8
1.0068397498796 53.4519478204876 "experimento_57" 57 1500 1000 0.95 50 0.4 1 0.8
0.997786827618256 39.146642679769 "experimento_57" 57 1500 1000 0.95 50 0.4 1 0.8
0.996588317677379 47.3037279228743 "experimento_57" 57 1500 1000 0.95 50 0.4 1 0.8
1.00488331981003 51.691412113207 "experimento_57" 57 1500 1000 0.95 50 0.4 1 0.8
1.01685414680832 40.984767856115 "experimento_57" 57 1500 1000 0.95 50 0.4 1 0.8
1.000492535852 52.306525774175 "experimento_57" 57 1500 1000 0.95 50 0.4 1 0.8
1.00172578271965 51.5947107705191 "experimento_57" 57 1500 1000 0.95 50 0.4 1 0.8
1.00013020623475 45.3541132659118 "experimento_57" 57 1500 1000 0.95 50 0.4 1 0.8
1.03063951451163 39.8875476946977 "experimento_57" 57 1500 1000 0.95 50 0.4 1 0.8
0.998422683449462 39.9482202691664 "experimento_57" 57 1500 1000 0.95 50 0.4 1 0.8
0.998541906708851 53.9425081695743 "experimento_57" 57 1500 1000 0.95 50 0.4 1 0.8
0.998135586036369 51.2671988953799 "experimento_57" 57 1500 1000 0.95 50 0.4 1 0.8
1.00218213949353 53.7402294231234 "experimento_57" 57 1500 1000 0.95 50 0.4 1 0.8
1.00004339030944 41.1607485974974 "experimento_57" 57 1500 1000 0.95 50 0.4 1 0.8
0.999774870229885 49.2935740844294 "experimento_57" 57 1500 1000 0.95 50 0.4 1 0.8
0.996332731330767 47.5946842731876 "experimento_57" 57 1500 1000 0.95 50 0.4 1 0.8
1.00385543136857 47.677957405368 "experimento_57" 57 1500 1000 0.95 50 0.4 1 0.8
1.00346216816721 54.1480426124348 "experimento_57" 57 1500 1000 0.95 50 0.4 1 0.8
1.00219129667617 77.6704377106285 "experimento_57" 57 1500 1000 0.95 50 0.4 1 0.8
0.999239136464894 54.3808058184848 "experimento_57" 57 1500 1000 0.95 50 0.4 1 0.8
1.0070808364127 55.1439154731048 "experimento_57" 57 1500 1000 0.95 50 0.4 1 0.8
1.00488759762608 51.0238516719706 "experimento_57" 57 1500 1000 0.95 50 0.4 1 0.8
0.997882171301171 45.308064275634 "experimento_57" 57 1500 1000 0.95 50 0.4 1 0.8
1.00853922769427 59.7456435084987 "experimento_57" 57 1500 1000 0.95 50 0.4 1 0.8
1.01513931635683 50.0372099461492 "experimento_57" 57 1500 1000 0.95 50 0.4 1 0.8
1.00616879511616 65.6825910675981 "experimento_57" 57 1500 1000 0.95 50 0.4 1 0.8
1.00384153497405 54.8541443412793 "experimento_57" 57 1500 1000 0.95 50 0.4 1 0.8
1.00022145924158 49.3143312271125 "experimento_57" 57 1500 1000 0.95 50 0.4 1 0.8
1.01386635818834 82.2065987818285 "experimento_57" 57 1500 1000 0.95 50 0.4 1 0.8
0.996262377128005 44.6958949452447 "experimento_57" 57 1500 1000 0.95 50 0.4 1 0.8
0.99804093176499 52.5071729161379 "experimento_57" 57 1500 1000 0.95 50 0.4 1 0.8
0.996905736858025 48.6787313980969 "experimento_57" 57 1500 1000 0.95 50 0.4 1 0.8
0.997778895078227 54.2946005153853 "experimento_57" 57 1500 1000 0.95 50 0.4 1 0.8
0.999935009516776 52.4084152264555 "experimento_57" 57 1500 1000 0.95 50 0.4 1 0.8
1.00278275976889 56.8185078645049 "experimento_57" 57 1500 1000 0.95 50 0.4 1 0.8
0.996268280316144 41.4813359382909 "experimento_57" 57 1500 1000 0.95 50 0.4 1 0.8
1.00792442583925 46.8754029726919 "experimento_57" 57 1500 1000 0.95 50 0.4 1 0.8
0.999840577831492 63.5747643331303 "experimento_57" 57 1500 1000 0.95 50 0.4 1 0.8
0.998140070587397 50.9927344805769 "experimento_57" 57 1500 1000 0.95 50 0.4 1 0.8
0.997839321149513 46.1288977994203 "experimento_57" 57 1500 1000 0.95 50 0.4 1 0.8
1.00366096844897 51.7041004708695 "experimento_57" 57 1500 1000 0.95 50 0.4 1 0.8
1.00618195292507 52.2543507786273 "experimento_57" 57 1500 1000 0.95 50 0.4 1 0.8
1.00149062696844 57.046173082598 "experimento_57" 57 1500 1000 0.95 50 0.4 1 0.8
0.999622049042955 64.1339575554045 "experimento_57" 57 1500 1000 0.95 50 0.4 1 0.8
1.01777306113308 58.0097703529059 "experimento_57" 57 1500 1000 0.95 50 0.4 1 0.8
0.998281485633925 44.3434148007703 "experimento_57" 57 1500 1000 0.95 50 0.4 1 0.8
1.0004910509754 43.507377034093 "experimento_57" 57 1500 1000 0.95 50 0.4 1 0.8
0.998801653273404 47.4491597989134 "experimento_57" 57 1500 1000 0.95 50 0.4 1 0.8
0.999727179994807 51.1764376411018 "experimento_57" 57 1500 1000 0.95 50 0.4 1 0.8
1.00540532662533 53.7900661948679 "experimento_57" 57 1500 1000 0.95 50 0.4 1 0.8
1.02975702710282 34.9179118878723 "experimento_57" 57 1500 1000 0.95 50 0.4 1 0.8
1.00206310730829 54.598776502902 "experimento_57" 57 1500 1000 0.95 50 0.4 1 0.8
1.00954026184045 44.592321739487 "experimento_57" 57 1500 1000 0.95 50 0.4 1 0.8
1.00156227181821 54.9120796344751 "experimento_57" 57 1500 1000 0.95 50 0.4 1 0.8
0.999075011815876 55.8121779723778 "experimento_57" 57 1500 1000 0.95 50 0.4 1 0.8
1.00017299098894 43.2381576338733 "experimento_57" 57 1500 1000 0.95 50 0.4 1 0.8
0.998198613757268 61.8099573604196 "experimento_57" 57 1500 1000 0.95 50 0.4 1 0.8
1.00184060904871 50.6860834816401 "experimento_57" 57 1500 1000 0.95 50 0.4 1 0.8
0.999519222183153 51.1786233873293 "experimento_57" 57 1500 1000 0.95 50 0.4 1 0.8
1.00296429784968 72.5639917850175 "experimento_57" 57 1500 1000 0.95 50 0.4 1 0.8
1.01114195118648 69.3587232420187 "experimento_57" 57 1500 1000 0.95 50 0.4 1 0.8
1.00030059343766 64.2381972362799 "experimento_57" 57 1500 1000 0.95 50 0.4 1 0.8
1.01421522242864 41.9779971311692 "experimento_57" 57 1500 1000 0.95 50 0.4 1 0.8
1.01334361769259 48.8613428501932 "experimento_57" 57 1500 1000 0.95 50 0.4 1 0.8
1.00026422772557 57.9802372088374 "experimento_57" 57 1500 1000 0.95 50 0.4 1 0.8
1.00054985906326 52.4138878727246 "experimento_57" 57 1500 1000 0.95 50 0.4 1 0.8
0.999867829727009 63.0404684949694 "experimento_57" 57 1500 1000 0.95 50 0.4 1 0.8
1.00526830088347 64.6140512573297 "experimento_57" 57 1500 1000 0.95 50 0.4 1 0.8
1.00236252719536 49.4485535873097 "experimento_57" 57 1500 1000 0.95 50 0.4 1 0.8
0.998536905273795 48.4370271712668 "experimento_57" 57 1500 1000 0.95 50 0.4 1 0.8
0.999602303141728 48.8941400541371 "experimento_57" 57 1500 1000 0.95 50 0.4 1 0.8
0.999264209996909 52.6245615211189 "experimento_57" 57 1500 1000 0.95 50 0.4 1 0.8
1.00034277248196 44.6017560002103 "experimento_57" 57 1500 1000 0.95 50 0.4 1 0.8
1.00107568267849 57.3105833501569 "experimento_57" 57 1500 1000 0.95 50 0.4 1 0.8
0.996953518129885 44.2385266293093 "experimento_57" 57 1500 1000 0.95 50 0.4 1 0.8
0.998022112296894 52.6371305950229 "experimento_57" 57 1500 1000 0.95 50 0.4 1 0.8
0.998395085334778 45.3224691303807 "experimento_57" 57 1500 1000 0.95 50 0.4 1 0.8
1.01159870442003 61.555933738573 "experimento_57" 57 1500 1000 0.95 50 0.4 1 0.8
1.01585632395238 41.0162998961737 "experimento_57" 57 1500 1000 0.95 50 0.4 1 0.8
0.998655298026279 40.1147511960282 "experimento_57" 57 1500 1000 0.95 50 0.4 1 0.8
1.00007976833675 50.8663783275537 "experimento_57" 57 1500 1000 0.95 50 0.4 1 0.8
0.999024511547759 46.8000277660944 "experimento_57" 57 1500 1000 0.95 50 0.4 1 0.8
0.997519141528755 47.1654606900297 "experimento_57" 57 1500 1000 0.95 50 0.4 1 0.8
1.00986775605939 67.7173492914196 "experimento_57" 57 1500 1000 0.95 50 0.4 1 0.8
1.00715104239061 46.2745646951351 "experimento_57" 57 1500 1000 0.95 50 0.4 1 0.8
0.99760413216427 44.1087421571863 "experimento_57" 57 1500 1000 0.95 50 0.4 1 0.8
1.00014915287525 56.0097955013901 "experimento_57" 57 1500 1000 0.95 50 0.4 1 0.8
1.01266783032566 63.346490185264 "experimento_57" 57 1500 1000 0.95 50 0.4 1 0.8
0.999879869632423 52.3333431045673 "experimento_57" 57 1500 1000 0.95 50 0.4 1 0.8
0.99999762326479 50.686269195493 "experimento_57" 57 1500 1000 0.95 50 0.4 1 0.8
1.00115510116611 55.5303378269527 "experimento_57" 57 1500 1000 0.95 50 0.4 1 0.8
0.996314194984734 43.397568808324 "experimento_57" 57 1500 1000 0.95 50 0.4 1 0.8
1.0025217203984 59.0575306518057 "experimento_57" 57 1500 1000 0.95 50 0.4 1 0.8
1.00568727230604 57.2016430320649 "experimento_57" 57 1500 1000 0.95 50 0.4 1 0.8
1.00067003840581 43.5131978396697 "experimento_57" 57 1500 1000 0.95 50 0.4 1 0.8
0.999834136106074 52.4985834513646 "experimento_57" 57 1500 1000 0.95 50 0.4 1 0.8
1.01335314958356 42.4690177255847 "experimento_57" 57 1500 1000 0.95 50 0.4 1 0.8
0.999105201801285 51.8868557946427 "experimento_57" 57 1500 1000 0.95 50 0.4 1 0.8
1.00038806438147 54.7073173381694 "experimento_57" 57 1500 1000 0.95 50 0.4 1 0.8
1.00683230863378 48.2530353437735 "experimento_57" 57 1500 1000 0.95 50 0.4 1 0.8
0.996359402313828 42.0944832084445 "experimento_57" 57 1500 1000 0.95 50 0.4 1 0.8
1.01343285432085 57.5588678191668 "experimento_57" 57 1500 1000 0.95 50 0.4 1 0.8
1.00225765525363 60.413282697116 "experimento_57" 57 1500 1000 0.95 50 0.4 1 0.8
1.00890567952767 42.4604448831129 "experimento_57" 57 1500 1000 0.95 50 0.4 1 0.8
1.00687495732816 41.229476769897 "experimento_57" 57 1500 1000 0.95 50 0.4 1 0.8
0.997179598081857 50.4167495632563 "experimento_57" 57 1500 1000 0.95 50 0.4 1 0.8
1.01122893061489 45.2777829325404 "experimento_57" 57 1500 1000 0.95 50 0.4 1 0.8
0.997927712509409 43.5989466121961 "experimento_57" 57 1500 1000 0.95 50 0.4 1 0.8
1.00059806386118 49.9226709984578 "experimento_57" 57 1500 1000 0.95 50 0.4 1 0.8
1.0003724899888 51.8989426317219 "experimento_57" 57 1500 1000 0.95 50 0.4 1 0.8
0.998352769063786 54.6119471948101 "experimento_57" 57 1500 1000 0.95 50 0.4 1 0.8
0.998084178194404 42.9456118327583 "experimento_57" 57 1500 1000 0.95 50 0.4 1 0.8
0.998528318712488 53.9340303809361 "experimento_57" 57 1500 1000 0.95 50 0.4 1 0.8
0.999878319213167 52.0054349417451 "experimento_57" 57 1500 1000 0.95 50 0.4 1 0.8
1.00102228340089 51.9395876538064 "experimento_57" 57 1500 1000 0.95 50 0.4 1 0.8
1.0007965768408 58.3255707023893 "experimento_57" 57 1500 1000 0.95 50 0.4 1 0.8
0.999228816246614 63.8633398520979 "experimento_57" 57 1500 1000 0.95 50 0.4 1 0.8
1.00017323317241 47.4557537186712 "experimento_57" 57 1500 1000 0.95 50 0.4 1 0.8
1.00185529375225 42.6614593592061 "experimento_57" 57 1500 1000 0.95 50 0.4 1 0.8
1.00010374108634 47.7436885010041 "experimento_57" 57 1500 1000 0.95 50 0.4 1 0.8
0.997675164137036 47.9182472989386 "experimento_57" 57 1500 1000 0.95 50 0.4 1 0.8
1.02346743166363 77.2382818572909 "experimento_57" 57 1500 1000 0.95 50 0.4 1 0.8
0.998507162788883 40.5440998306875 "experimento_57" 57 1500 1000 0.95 50 0.4 1 0.8
0.997753839707002 51.627962934608 "experimento_57" 57 1500 1000 0.95 50 0.4 1 0.8
0.99758617579937 44.6237371401969 "experimento_57" 57 1500 1000 0.95 50 0.4 1 0.8
1.00112036792561 54.676660726122 "experimento_57" 57 1500 1000 0.95 50 0.4 1 0.8
1.00563525337726 71.3999127471307 "experimento_57" 57 1500 1000 0.95 50 0.4 1 0.8
0.99709010659717 49.1109206850797 "experimento_57" 57 1500 1000 0.95 50 0.4 1 0.8
1.00314530688839 42.5816572847797 "experimento_57" 57 1500 1000 0.95 50 0.4 1 0.8
1.00481764549389 46.3090281691852 "experimento_57" 57 1500 1000 0.95 50 0.4 1 0.8
1.00120170429931 47.0505890482428 "experimento_57" 57 1500 1000 0.95 50 0.4 1 0.8
1.00257089439292 54.3366848571517 "experimento_57" 57 1500 1000 0.95 50 0.4 1 0.8
1.0035763888311 61.164318160414 "experimento_57" 57 1500 1000 0.95 50 0.4 1 0.8
1.00250692336704 50.4105818297394 "experimento_57" 57 1500 1000 0.95 50 0.4 1 0.8
1.00851353826933 56.5583139662215 "experimento_57" 57 1500 1000 0.95 50 0.4 1 0.8
1.00026785662008 56.0910221399305 "experimento_57" 57 1500 1000 0.95 50 0.4 1 0.8
1.00031142692481 46.1564986892027 "experimento_57" 57 1500 1000 0.95 50 0.4 1 0.8
1.00055634356104 52.342637665337 "experimento_57" 57 1500 1000 0.95 50 0.4 1 0.8
0.997565887635574 52.2682289684909 "experimento_57" 57 1500 1000 0.95 50 0.4 1 0.8
1.00161236143565 45.4391006849076 "experimento_57" 57 1500 1000 0.95 50 0.4 1 0.8
0.997057136846706 43.2990487365674 "experimento_57" 57 1500 1000 0.95 50 0.4 1 0.8
0.998600879684091 58.3854924323204 "experimento_57" 57 1500 1000 0.95 50 0.4 1 0.8
0.99866393674165 37.5230763217754 "experimento_57" 57 1500 1000 0.95 50 0.4 1 0.8
0.997183891711757 46.5258868708443 "experimento_57" 57 1500 1000 0.95 50 0.4 1 0.8
1.0034496890381 47.0714102982032 "experimento_57" 57 1500 1000 0.95 50 0.4 1 0.8
1.00293294088915 54.4644536600322 "experimento_57" 57 1500 1000 0.95 50 0.4 1 0.8
0.999738605692983 50.403151674238 "experimento_57" 57 1500 1000 0.95 50 0.4 1 0.8
1.00008016170003 48.8137625588995 "experimento_57" 57 1500 1000 0.95 50 0.4 1 0.8
0.999661997659132 54.7595876455069 "experimento_57" 57 1500 1000 0.95 50 0.4 1 0.8
1.01552339972471 54.5221422136812 "experimento_57" 57 1500 1000 0.95 50 0.4 1 0.8
0.999518696218729 47.3380897578753 "experimento_57" 57 1500 1000 0.95 50 0.4 1 0.8
1.01701255182449 60.2022402660899 "experimento_57" 57 1500 1000 0.95 50 0.4 1 0.8
0.999087828444317 50.4529070368335 "experimento_57" 57 1500 1000 0.95 50 0.4 1 0.8
1.00055340048857 39.8453119584737 "experimento_57" 57 1500 1000 0.95 50 0.4 1 0.8
0.999547120882198 60.0067789946073 "experimento_57" 57 1500 1000 0.95 50 0.4 1 0.8
1.00986101474613 57.801694353583 "experimento_57" 57 1500 1000 0.95 50 0.4 1 0.8
1.0062390504498 40.2519579658303 "experimento_57" 57 1500 1000 0.95 50 0.4 1 0.8
1.00191658291034 47.9280335296129 "experimento_57" 57 1500 1000 0.95 50 0.4 1 0.8
1.00064229558222 45.999368372045 "experimento_57" 57 1500 1000 0.95 50 0.4 1 0.8
1.00006725993007 54.9143167879279 "experimento_57" 57 1500 1000 0.95 50 0.4 1 0.8
0.999141968321055 54.8628945267533 "experimento_57" 57 1500 1000 0.95 50 0.4 1 0.8
0.999257036019117 44.3427142627214 "experimento_57" 57 1500 1000 0.95 50 0.4 1 0.8
1.01081905928438 62.2965501548135 "experimento_57" 57 1500 1000 0.95 50 0.4 1 0.8
1.02818951871078 111.783185914452 "experimento_57" 57 1500 1000 0.95 50 0.4 1 0.8
1.00524115187283 48.6822092722824 "experimento_57" 57 1500 1000 0.95 50 0.4 1 0.8
1.01223105760291 58.3977062809016 "experimento_57" 57 1500 1000 0.95 50 0.4 1 0.8
0.999896792229265 54.3149708311024 "experimento_57" 57 1500 1000 0.95 50 0.4 1 0.8
1.00020146207822 55.0758239534195 "experimento_57" 57 1500 1000 0.95 50 0.4 1 0.8
1.00027380397543 59.4379339092319 "experimento_57" 57 1500 1000 0.95 50 0.4 1 0.8
1.01279588663019 56.9120804876214 "experimento_57" 57 1500 1000 0.95 50 0.4 1 0.8
1.00026177763913 53.3634221484497 "experimento_57" 57 1500 1000 0.95 50 0.4 1 0.8
0.998411820270121 47.9157218764422 "experimento_57" 57 1500 1000 0.95 50 0.4 1 0.8
0.996073846472427 46.5069676702886 "experimento_57" 57 1500 1000 0.95 50 0.4 1 0.8
1.0105188762188 53.5154787614789 "experimento_57" 57 1500 1000 0.95 50 0.4 1 0.8
0.998749038437381 50.9316357987666 "experimento_57" 57 1500 1000 0.95 50 0.4 1 0.8
1.00127518698573 39.0163726411111 "experimento_57" 57 1500 1000 0.95 50 0.4 1 0.8
1.02171004593288 66.7031911235271 "experimento_57" 57 1500 1000 0.95 50 0.4 1 0.8
1.00050254624337 42.3101885716605 "experimento_57" 57 1500 1000 0.95 50 0.4 1 0.8
1.00752455247566 52.1711635315322 "experimento_57" 57 1500 1000 0.95 50 0.4 1 0.8
0.997328822268173 43.6269191605836 "experimento_57" 57 1500 1000 0.95 50 0.4 1 0.8
0.996255667880177 44.9224685318996 "experimento_57" 57 1500 1000 0.95 50 0.4 1 0.8
1.00802886593313 49.4517791099158 "experimento_57" 57 1500 1000 0.95 50 0.4 1 0.8
0.998988620936871 47.0930668810485 "experimento_57" 57 1500 1000 0.95 50 0.4 1 0.8
0.997079336782917 50.466145501982 "experimento_57" 57 1500 1000 0.95 50 0.4 1 0.8
1.00271666673012 44.4103441502763 "experimento_57" 57 1500 1000 0.95 50 0.4 1 0.8
1.00159745668992 50.8285908974165 "experimento_57" 57 1500 1000 0.95 50 0.4 1 0.8
1.00407771570608 60.3616353035704 "experimento_57" 57 1500 1000 0.95 50 0.4 1 0.8
1.00008279733714 46.6813732371702 "experimento_57" 57 1500 1000 0.95 50 0.4 1 0.8
1.00514048201963 57.2553715069775 "experimento_57" 57 1500 1000 0.95 50 0.4 1 0.8
1.00211703337531 63.8904612099174 "experimento_57" 57 1500 1000 0.95 50 0.4 1 0.8
0.998134166933596 47.984711103143 "experimento_57" 57 1500 1000 0.95 50 0.4 1 0.8
1.00286161086799 45.2467309808762 "experimento_57" 57 1500 1000 0.95 50 0.4 1 0.8
0.999841353157535 49.4689109737956 "experimento_57" 57 1500 1000 0.95 50 0.4 1 0.8
1.00102986121147 54.2310388523669 "experimento_57" 57 1500 1000 0.95 50 0.4 1 0.8
1.00031559941212 51.1285562061814 "experimento_57" 57 1500 1000 0.95 50 0.4 1 0.8
0.999118975130841 46.1355884995051 "experimento_57" 57 1500 1000 0.95 50 0.4 1 0.8
1.00854947848245 60.1624729457432 "experimento_57" 57 1500 1000 0.95 50 0.4 1 0.8
1.01273408599198 54.7654656647693 "experimento_57" 57 1500 1000 0.95 50 0.4 1 0.8
1.01830965272998 58.1645131811494 "experimento_57" 57 1500 1000 0.95 50 0.4 1 0.8
0.998832267243415 51.977671216987 "experimento_57" 57 1500 1000 0.95 50 0.4 1 0.8
1.00100486832671 41.0845041093719 "experimento_57" 57 1500 1000 0.95 50 0.4 1 0.8
1.00650260098857 45.5405390453148 "experimento_57" 57 1500 1000 0.95 50 0.4 1 0.8
1.00584692407399 48.679893505366 "experimento_57" 57 1500 1000 0.95 50 0.4 1 0.8
1.00017862817408 45.4250773213233 "experimento_57" 57 1500 1000 0.95 50 0.4 1 0.8
0.99604845745489 38.9753819139041 "experimento_57" 57 1500 1000 0.95 50 0.4 1 0.8
0.997911861399189 45.0290487005574 "experimento_57" 57 1500 1000 0.95 50 0.4 1 0.8
0.998466721735895 41.2845514925828 "experimento_57" 57 1500 1000 0.95 50 0.4 1 0.8
0.999485207023099 45.5168488850134 "experimento_57" 57 1500 1000 0.95 50 0.4 1 0.8
0.997982921311632 52.4462955698292 "experimento_57" 57 1500 1000 0.95 50 0.4 1 0.8
0.998953318689018 49.1404922352596 "experimento_57" 57 1500 1000 0.95 50 0.4 1 0.8
1.00432531494647 45.5166586326382 "experimento_57" 57 1500 1000 0.95 50 0.4 1 0.8
1.01347162400372 40.8399652785711 "experimento_57" 57 1500 1000 0.95 50 0.4 1 0.8
0.999693226302043 37.632828206388 "experimento_57" 57 1500 1000 0.95 50 0.4 1 0.8
0.99901344650425 45.8911317392935 "experimento_57" 57 1500 1000 0.95 50 0.4 1 0.8
0.995514995418489 46.7948654098065 "experimento_57" 57 1500 1000 0.95 50 0.4 1 0.8
0.991835789522156 38.0613128907617 "experimento_57" 57 1500 1000 0.95 50 0.4 1 0.8
1.00492278646448 58.1212443168619 "experimento_57" 57 1500 1000 0.95 50 0.4 1 0.8
1.00586568684317 62.6632442227543 "experimento_57" 57 1500 1000 0.95 50 0.4 1 0.8
0.999802412465215 51.0438459686161 "experimento_57" 57 1500 1000 0.95 50 0.4 1 0.8
1.00252609852701 56.7737211905689 "experimento_57" 57 1500 1000 0.95 50 0.4 1 0.8
0.998685783240944 54.3565974754901 "experimento_57" 57 1500 1000 0.95 50 0.4 1 0.8
1.0101287772879 55.1817991501425 "experimento_57" 57 1500 1000 0.95 50 0.4 1 0.8
1.00560054915995 52.5575687959009 "experimento_57" 57 1500 1000 0.95 50 0.4 1 0.8
1.0035921973642 53.3293183842745 "experimento_57" 57 1500 1000 0.95 50 0.4 1 0.8
0.998560598585755 49.0612464196017 "experimento_57" 57 1500 1000 0.95 50 0.4 1 0.8
1.00019154806621 45.7605243203408 "experimento_57" 57 1500 1000 0.95 50 0.4 1 0.8
1.00062223803252 49.4837227901723 "experimento_57" 57 1500 1000 0.95 50 0.4 1 0.8
1.0034168790374 40.9624337401291 "experimento_57" 57 1500 1000 0.95 50 0.4 1 0.8
1.00440022584305 55.3469136318153 "experimento_57" 57 1500 1000 0.95 50 0.4 1 0.8
1.01772354291668 71.0093188195586 "experimento_57" 57 1500 1000 0.95 50 0.4 1 0.8
1.00470887540037 37.9646545496046 "experimento_57" 57 1500 1000 0.95 50 0.4 1 0.8
0.997981867054477 47.9360483757659 "experimento_57" 57 1500 1000 0.95 50 0.4 1 0.8
0.997260976582766 42.2603759685183 "experimento_57" 57 1500 1000 0.95 50 0.4 1 0.8
1.0024147552413 60.6547268492866 "experimento_57" 57 1500 1000 0.95 50 0.4 1 0.8
0.997455971781164 46.4018772597199 "experimento_57" 57 1500 1000 0.95 50 0.4 1 0.8
1.00792585998774 61.7631600670361 "experimento_57" 57 1500 1000 0.95 50 0.4 1 0.8
1.00018102135274 51.3690604365682 "experimento_57" 57 1500 1000 0.95 50 0.4 1 0.8
1.00303175574169 42.302489456382 "experimento_57" 57 1500 1000 0.95 50 0.4 1 0.8
0.99883446120657 49.1923304683953 "experimento_57" 57 1500 1000 0.95 50 0.4 1 0.8
1.01628245932897 66.595438721571 "experimento_57" 57 1500 1000 0.95 50 0.4 1 0.8
1.01884357921695 52.4628822952898 "experimento_57" 57 1500 1000 0.95 50 0.4 1 0.8
1.00827069053884 44.4596903391365 "experimento_57" 57 1500 1000 0.95 50 0.4 1 0.8
1.00462226192467 49.6597483655017 "experimento_57" 57 1500 1000 0.95 50 0.4 1 0.8
0.997858068905771 48.6747507301373 "experimento_57" 57 1500 1000 0.95 50 0.4 1 0.8
0.998202816583216 59.5086465904474 "experimento_57" 57 1500 1000 0.95 50 0.4 1 0.8
0.998657553689554 46.4109803073611 "experimento_57" 57 1500 1000 0.95 50 0.4 1 0.8
1.0169689350008 86.2996635032166 "experimento_57" 57 1500 1000 0.95 50 0.4 1 0.8
0.999168592970818 42.1529964044631 "experimento_57" 57 1500 1000 0.95 50 0.4 1 0.8
0.99956291844137 59.924420026257 "experimento_57" 57 1500 1000 0.95 50 0.4 1 0.8
1.00363527522422 42.0777663307405 "experimento_57" 57 1500 1000 0.95 50 0.4 1 0.8
0.998922824859619 53.9666045463454 "experimento_57" 57 1500 1000 0.95 50 0.4 1 0.8
1.00219919933006 55.4829478628032 "experimento_57" 57 1500 1000 0.95 50 0.4 1 0.8
1.00257026238312 53.8114764650113 "experimento_57" 57 1500 1000 0.95 50 0.4 1 0.8
1.00022209460439 46.5730571765913 "experimento_57" 57 1500 1000 0.95 50 0.4 1 0.8
1.00005869807675 49.1996684419842 "experimento_57" 57 1500 1000 0.95 50 0.4 1 0.8
1.00031433822646 50.9319776974832 "experimento_57" 57 1500 1000 0.95 50 0.4 1 0.8
1.00617710240071 51.3751712830637 "experimento_57" 57 1500 1000 0.95 50 0.4 1 0.8
0.997125745750964 42.0276613483977 "experimento_57" 57 1500 1000 0.95 50 0.4 1 0.8
0.994297572178766 48.7113440877912 "experimento_57" 57 1500 1000 0.95 50 0.4 1 0.8
1.00611257728538 52.6552355519895 "experimento_57" 57 1500 1000 0.95 50 0.4 1 0.8
1.00731943976545 48.1540496930244 "experimento_57" 57 1500 1000 0.95 50 0.4 1 0.8
1.01520415250128 40.2519366936648 "experimento_57" 57 1500 1000 0.95 50 0.4 1 0.8
0.998967658961192 45.0188201887339 "experimento_57" 57 1500 1000 0.95 50 0.4 1 0.8
1.00280365309059 51.3675585862513 "experimento_57" 57 1500 1000 0.95 50 0.4 1 0.8
1.00208563254215 46.3930965803255 "experimento_57" 57 1500 1000 0.95 50 0.4 1 0.8
1.00785860920325 38.6632596926299 "experimento_57" 57 1500 1000 0.95 50 0.4 1 0.8
1.00026672222565 51.5915492223421 "experimento_57" 57 1500 1000 0.95 50 0.4 1 0.8
1.00020314258523 49.2324315944126 "experimento_57" 57 1500 1000 0.95 50 0.4 1 0.8
0.998971323017031 43.799906270904 "experimento_57" 57 1500 1000 0.95 50 0.4 1 0.8
0.999342785682529 49.3865394268555 "experimento_57" 57 1500 1000 0.95 50 0.4 1 0.8
1.00640907851048 47.2860612157439 "experimento_57" 57 1500 1000 0.95 50 0.4 1 0.8
0.996919710189104 45.8703923467922 "experimento_57" 57 1500 1000 0.95 50 0.4 1 0.8
0.999427340459079 53.4488535634717 "experimento_57" 57 1500 1000 0.95 50 0.4 1 0.8
0.997725494671613 55.3545469645406 "experimento_57" 57 1500 1000 0.95 50 0.4 1 0.8
1.00602923484476 63.0189896245651 "experimento_57" 57 1500 1000 0.95 50 0.4 1 0.8
0.999026275007054 49.1189474117342 "experimento_57" 57 1500 1000 0.95 50 0.4 1 0.8
1.00256737509246 51.042680922298 "experimento_57" 57 1500 1000 0.95 50 0.4 1 0.8
0.997702604159713 51.7334139629 "experimento_57" 57 1500 1000 0.95 50 0.4 1 0.8
0.99872531928122 39.0609787009117 "experimento_57" 57 1500 1000 0.95 50 0.4 1 0.8
0.991076808888465 46.9566047100934 "experimento_57" 57 1500 1000 0.95 50 0.4 1 0.8
1.00280447528698 56.4756175915149 "experimento_57" 57 1500 1000 0.95 50 0.4 1 0.8
1.01074925815687 55.063996672832 "experimento_57" 57 1500 1000 0.95 50 0.4 1 0.8
0.997745990986004 44.2278445671766 "experimento_57" 57 1500 1000 0.95 50 0.4 1 0.8
1.00006817355032 45.3404147557773 "experimento_57" 57 1500 1000 0.95 50 0.4 1 0.8
1.00020429422332 59.7836507915214 "experimento_57" 57 1500 1000 0.95 50 0.4 1 0.8
1.00013735901609 46.7086731334832 "experimento_57" 57 1500 1000 0.95 50 0.4 1 0.8
1.00701261878945 49.80205457566 "experimento_57" 57 1500 1000 0.95 50 0.4 1 0.8
1.00037516142242 42.8696003079038 "experimento_57" 57 1500 1000 0.95 50 0.4 1 0.8
1.00147741835564 53.3106836024487 "experimento_57" 57 1500 1000 0.95 50 0.4 1 0.8
0.996745056007057 42.8818087589191 "experimento_57" 57 1500 1000 0.95 50 0.4 1 0.8
1.00264665728435 63.2189059005179 "experimento_57" 57 1500 1000 0.95 50 0.4 1 0.8
