"est.u" "est.lamb" "name" "seed" "size" "replicates" "p_umbral" "exp_lambda" "alpha_pen" "n_pen" "c"
1.00271586396801 0.518975124540781 "experimento_9" 9 1500 1000 0.95 0.5 0.4 1 0.8
0.99819080485031 0.450262589199328 "experimento_9" 9 1500 1000 0.95 0.5 0.4 1 0.8
1.00084787925754 0.646474378860807 "experimento_9" 9 1500 1000 0.95 0.5 0.4 1 0.8
1.7740353513509 0.373688473417763 "experimento_9" 9 1500 1000 0.95 0.5 0.4 1 0.8
1.40184073150158 0.502628690165334 "experimento_9" 9 1500 1000 0.95 0.5 0.4 1 0.8
1.03872595628815 0.382188756969695 "experimento_9" 9 1500 1000 0.95 0.5 0.4 1 0.8
0.999754004180431 0.639320735642163 "experimento_9" 9 1500 1000 0.95 0.5 0.4 1 0.8
0.998663769336417 0.445322415052723 "experimento_9" 9 1500 1000 0.95 0.5 0.4 1 0.8
0.998595562297851 0.533782894735011 "experimento_9" 9 1500 1000 0.95 0.5 0.4 1 0.8
0.995377929182723 0.490399050693523 "experimento_9" 9 1500 1000 0.95 0.5 0.4 1 0.8
0.999619492562488 0.473494831993634 "experimento_9" 9 1500 1000 0.95 0.5 0.4 1 0.8
0.996159067843109 0.520033268010132 "experimento_9" 9 1500 1000 0.95 0.5 0.4 1 0.8
0.993935287697241 0.521583927060374 "experimento_9" 9 1500 1000 0.95 0.5 0.4 1 0.8
0.993988427333534 0.63234325804613 "experimento_9" 9 1500 1000 0.95 0.5 0.4 1 0.8
0.999259987147525 0.435518911597653 "experimento_9" 9 1500 1000 0.95 0.5 0.4 1 0.8
1.05257275793701 0.845307813025715 "experimento_9" 9 1500 1000 0.95 0.5 0.4 1 0.8
1.04307663161308 0.465411937800347 "experimento_9" 9 1500 1000 0.95 0.5 0.4 1 0.8
1.06344064691418 0.476982781212604 "experimento_9" 9 1500 1000 0.95 0.5 0.4 1 0.8
0.998663650592789 0.568026220466969 "experimento_9" 9 1500 1000 0.95 0.5 0.4 1 0.8
1.23857412543913 0.4082788828742 "experimento_9" 9 1500 1000 0.95 0.5 0.4 1 0.8
0.994092798326164 0.544782360529237 "experimento_9" 9 1500 1000 0.95 0.5 0.4 1 0.8
1.0211087167263 0.521483396630119 "experimento_9" 9 1500 1000 0.95 0.5 0.4 1 0.8
0.999569904292002 0.574465302174713 "experimento_9" 9 1500 1000 0.95 0.5 0.4 1 0.8
0.996719430433586 0.472972730509255 "experimento_9" 9 1500 1000 0.95 0.5 0.4 1 0.8
0.998646085383371 0.573104343398538 "experimento_9" 9 1500 1000 0.95 0.5 0.4 1 0.8
0.998943322338164 0.57681626237581 "experimento_9" 9 1500 1000 0.95 0.5 0.4 1 0.8
1.06543391711593 0.434735257938525 "experimento_9" 9 1500 1000 0.95 0.5 0.4 1 0.8
1.20657045594312 0.386228787212297 "experimento_9" 9 1500 1000 0.95 0.5 0.4 1 0.8
0.998901489656419 0.456104945128136 "experimento_9" 9 1500 1000 0.95 0.5 0.4 1 0.8
1.59852162469178 0.473501489190329 "experimento_9" 9 1500 1000 0.95 0.5 0.4 1 0.8
0.997457128018141 0.506762809129376 "experimento_9" 9 1500 1000 0.95 0.5 0.4 1 0.8
0.998314673546702 0.540142046550299 "experimento_9" 9 1500 1000 0.95 0.5 0.4 1 0.8
1.25282649043947 0.48666644335075 "experimento_9" 9 1500 1000 0.95 0.5 0.4 1 0.8
1.39789280295372 0.545024845079612 "experimento_9" 9 1500 1000 0.95 0.5 0.4 1 0.8
1.0193044082945 0.500199527369533 "experimento_9" 9 1500 1000 0.95 0.5 0.4 1 0.8
0.995233995607123 0.420170144688645 "experimento_9" 9 1500 1000 0.95 0.5 0.4 1 0.8
0.999852678738534 0.408683790526174 "experimento_9" 9 1500 1000 0.95 0.5 0.4 1 0.8
0.999676580540836 0.546896112085963 "experimento_9" 9 1500 1000 0.95 0.5 0.4 1 0.8
0.998571412404999 0.647804323567631 "experimento_9" 9 1500 1000 0.95 0.5 0.4 1 0.8
0.999848224688321 0.447664129005429 "experimento_9" 9 1500 1000 0.95 0.5 0.4 1 0.8
1.00368745811284 0.467922904074934 "experimento_9" 9 1500 1000 0.95 0.5 0.4 1 0.8
0.993702146457508 0.547819197007157 "experimento_9" 9 1500 1000 0.95 0.5 0.4 1 0.8
0.998804380185902 0.364909475425857 "experimento_9" 9 1500 1000 0.95 0.5 0.4 1 0.8
0.998795585008338 0.694789107523616 "experimento_9" 9 1500 1000 0.95 0.5 0.4 1 0.8
0.998641235521063 0.442439022109583 "experimento_9" 9 1500 1000 0.95 0.5 0.4 1 0.8
1.52044483640271 0.603492581176518 "experimento_9" 9 1500 1000 0.95 0.5 0.4 1 0.8
0.999786707106978 0.484628949589337 "experimento_9" 9 1500 1000 0.95 0.5 0.4 1 0.8
0.997049676487222 0.476867074593783 "experimento_9" 9 1500 1000 0.95 0.5 0.4 1 0.8
0.99911215226166 0.559718071413919 "experimento_9" 9 1500 1000 0.95 0.5 0.4 1 0.8
0.999906165059656 0.522582955149061 "experimento_9" 9 1500 1000 0.95 0.5 0.4 1 0.8
1.62364946957678 0.404445229677251 "experimento_9" 9 1500 1000 0.95 0.5 0.4 1 0.8
0.998871280578896 0.453687272359069 "experimento_9" 9 1500 1000 0.95 0.5 0.4 1 0.8
0.996097377035767 0.491478459449219 "experimento_9" 9 1500 1000 0.95 0.5 0.4 1 0.8
0.996897029690444 0.532429501167717 "experimento_9" 9 1500 1000 0.95 0.5 0.4 1 0.8
1.0146005237475 0.461361249128848 "experimento_9" 9 1500 1000 0.95 0.5 0.4 1 0.8
0.998023316031322 0.521981822238549 "experimento_9" 9 1500 1000 0.95 0.5 0.4 1 0.8
0.998857413651422 0.496848767900284 "experimento_9" 9 1500 1000 0.95 0.5 0.4 1 0.8
0.998722889460623 0.580605149012464 "experimento_9" 9 1500 1000 0.95 0.5 0.4 1 0.8
1.15174591583263 0.579930099042038 "experimento_9" 9 1500 1000 0.95 0.5 0.4 1 0.8
0.99408614449203 0.581191000904207 "experimento_9" 9 1500 1000 0.95 0.5 0.4 1 0.8
0.995996591635048 0.476410948121625 "experimento_9" 9 1500 1000 0.95 0.5 0.4 1 0.8
0.999843443278223 0.543991862100877 "experimento_9" 9 1500 1000 0.95 0.5 0.4 1 0.8
0.998772104270756 0.497982039913023 "experimento_9" 9 1500 1000 0.95 0.5 0.4 1 0.8
0.998218281194568 0.534984439727181 "experimento_9" 9 1500 1000 0.95 0.5 0.4 1 0.8
0.999511164147407 0.52874498993147 "experimento_9" 9 1500 1000 0.95 0.5 0.4 1 0.8
0.998482265742496 0.480891082270482 "experimento_9" 9 1500 1000 0.95 0.5 0.4 1 0.8
1.00756106711924 0.561713966304299 "experimento_9" 9 1500 1000 0.95 0.5 0.4 1 0.8
0.999150994000956 0.458548411804636 "experimento_9" 9 1500 1000 0.95 0.5 0.4 1 0.8
0.994099343428388 0.563236561291936 "experimento_9" 9 1500 1000 0.95 0.5 0.4 1 0.8
0.998852504882962 0.468502114015971 "experimento_9" 9 1500 1000 0.95 0.5 0.4 1 0.8
0.996138768503442 0.54405186416597 "experimento_9" 9 1500 1000 0.95 0.5 0.4 1 0.8
1.00387003831565 0.498105685840147 "experimento_9" 9 1500 1000 0.95 0.5 0.4 1 0.8
1.00067586731166 0.622650585135684 "experimento_9" 9 1500 1000 0.95 0.5 0.4 1 0.8
0.997600433882326 0.42056220147503 "experimento_9" 9 1500 1000 0.95 0.5 0.4 1 0.8
0.999886312987655 0.524215619173604 "experimento_9" 9 1500 1000 0.95 0.5 0.4 1 0.8
1.0505095180124 0.519988251247922 "experimento_9" 9 1500 1000 0.95 0.5 0.4 1 0.8
0.998994198162109 0.490609344269814 "experimento_9" 9 1500 1000 0.95 0.5 0.4 1 0.8
0.997776100877672 0.531900253036629 "experimento_9" 9 1500 1000 0.95 0.5 0.4 1 0.8
1.16972490306944 0.51604053318424 "experimento_9" 9 1500 1000 0.95 0.5 0.4 1 0.8
0.998494180385023 0.507557291408028 "experimento_9" 9 1500 1000 0.95 0.5 0.4 1 0.8
0.996897442964837 0.540248483273446 "experimento_9" 9 1500 1000 0.95 0.5 0.4 1 0.8
1.00155270185357 0.572704606298245 "experimento_9" 9 1500 1000 0.95 0.5 0.4 1 0.8
0.999706570291892 0.553679440169997 "experimento_9" 9 1500 1000 0.95 0.5 0.4 1 0.8
1.04720625233466 0.506325229153026 "experimento_9" 9 1500 1000 0.95 0.5 0.4 1 0.8
0.998447687830776 0.615891880186987 "experimento_9" 9 1500 1000 0.95 0.5 0.4 1 0.8
0.997678919229656 0.483788242124126 "experimento_9" 9 1500 1000 0.95 0.5 0.4 1 0.8
1.30976477749425 0.472080158022335 "experimento_9" 9 1500 1000 0.95 0.5 0.4 1 0.8
0.997291560284793 0.51258486748687 "experimento_9" 9 1500 1000 0.95 0.5 0.4 1 0.8
0.994264271575958 0.567984444100953 "experimento_9" 9 1500 1000 0.95 0.5 0.4 1 0.8
0.997009136481211 0.609635869794748 "experimento_9" 9 1500 1000 0.95 0.5 0.4 1 0.8
0.990464239148423 0.582025569799333 "experimento_9" 9 1500 1000 0.95 0.5 0.4 1 0.8
1.66517831385136 0.371534841770564 "experimento_9" 9 1500 1000 0.95 0.5 0.4 1 0.8
1.21254801936448 0.49116856983636 "experimento_9" 9 1500 1000 0.95 0.5 0.4 1 0.8
1.0304889624031 0.554068311511143 "experimento_9" 9 1500 1000 0.95 0.5 0.4 1 0.8
1.00754163592677 0.495390646632277 "experimento_9" 9 1500 1000 0.95 0.5 0.4 1 0.8
1.01235922271523 0.467433911817384 "experimento_9" 9 1500 1000 0.95 0.5 0.4 1 0.8
0.998984270961955 0.490548166140526 "experimento_9" 9 1500 1000 0.95 0.5 0.4 1 0.8
0.997939547291026 0.5125245814424 "experimento_9" 9 1500 1000 0.95 0.5 0.4 1 0.8
1.00177728105336 0.50285880913094 "experimento_9" 9 1500 1000 0.95 0.5 0.4 1 0.8
0.999086639843881 0.520871969108329 "experimento_9" 9 1500 1000 0.95 0.5 0.4 1 0.8
0.996029562316835 0.526646488530861 "experimento_9" 9 1500 1000 0.95 0.5 0.4 1 0.8
0.996299044694752 0.579412156168087 "experimento_9" 9 1500 1000 0.95 0.5 0.4 1 0.8
1.01489380002022 0.504299812143551 "experimento_9" 9 1500 1000 0.95 0.5 0.4 1 0.8
0.999248249921948 0.558076030935516 "experimento_9" 9 1500 1000 0.95 0.5 0.4 1 0.8
0.997993209399283 0.584790275364393 "experimento_9" 9 1500 1000 0.95 0.5 0.4 1 0.8
0.996503375470638 0.477883886386635 "experimento_9" 9 1500 1000 0.95 0.5 0.4 1 0.8
1.01314649730921 0.508079141187195 "experimento_9" 9 1500 1000 0.95 0.5 0.4 1 0.8
1.30031363161832 0.627927669695963 "experimento_9" 9 1500 1000 0.95 0.5 0.4 1 0.8
1.06876030471176 0.556918902284288 "experimento_9" 9 1500 1000 0.95 0.5 0.4 1 0.8
0.999332319945097 0.66103509746149 "experimento_9" 9 1500 1000 0.95 0.5 0.4 1 0.8
0.997187542263418 0.519146906763381 "experimento_9" 9 1500 1000 0.95 0.5 0.4 1 0.8
0.998977629700676 0.443751907017204 "experimento_9" 9 1500 1000 0.95 0.5 0.4 1 0.8
0.996832740027457 0.590617685810852 "experimento_9" 9 1500 1000 0.95 0.5 0.4 1 0.8
1.20517488755286 0.4970099278727 "experimento_9" 9 1500 1000 0.95 0.5 0.4 1 0.8
0.999827972613275 0.46031210268793 "experimento_9" 9 1500 1000 0.95 0.5 0.4 1 0.8
0.99545873561874 0.487194261788935 "experimento_9" 9 1500 1000 0.95 0.5 0.4 1 0.8
1.25660099927336 0.428908760447564 "experimento_9" 9 1500 1000 0.95 0.5 0.4 1 0.8
1.01026977505535 0.630117565008543 "experimento_9" 9 1500 1000 0.95 0.5 0.4 1 0.8
0.997789934277534 0.503693039857307 "experimento_9" 9 1500 1000 0.95 0.5 0.4 1 0.8
0.990145104937255 0.573468851484516 "experimento_9" 9 1500 1000 0.95 0.5 0.4 1 0.8
1.01439514043326 0.467672346809421 "experimento_9" 9 1500 1000 0.95 0.5 0.4 1 0.8
0.993469647364691 0.548245832236182 "experimento_9" 9 1500 1000 0.95 0.5 0.4 1 0.8
0.999967466108501 0.467686156448578 "experimento_9" 9 1500 1000 0.95 0.5 0.4 1 0.8
1.50227250536087 0.393941348607362 "experimento_9" 9 1500 1000 0.95 0.5 0.4 1 0.8
1.05216073896736 0.499830910822065 "experimento_9" 9 1500 1000 0.95 0.5 0.4 1 0.8
1.01572254788734 0.574014309827537 "experimento_9" 9 1500 1000 0.95 0.5 0.4 1 0.8
1.24677190557122 0.476979839485147 "experimento_9" 9 1500 1000 0.95 0.5 0.4 1 0.8
1.00245383102447 0.540887717846285 "experimento_9" 9 1500 1000 0.95 0.5 0.4 1 0.8
1.07921323121003 0.520168935953789 "experimento_9" 9 1500 1000 0.95 0.5 0.4 1 0.8
1.87283268795019 0.355142775757236 "experimento_9" 9 1500 1000 0.95 0.5 0.4 1 0.8
0.997576496331021 0.65852341877896 "experimento_9" 9 1500 1000 0.95 0.5 0.4 1 0.8
1.03446188086797 0.566586962332223 "experimento_9" 9 1500 1000 0.95 0.5 0.4 1 0.8
0.997916270047426 0.532448818443704 "experimento_9" 9 1500 1000 0.95 0.5 0.4 1 0.8
1.07380584999919 0.362279681448416 "experimento_9" 9 1500 1000 0.95 0.5 0.4 1 0.8
0.999925144249573 0.513912601493442 "experimento_9" 9 1500 1000 0.95 0.5 0.4 1 0.8
0.999651337740943 0.489282048809102 "experimento_9" 9 1500 1000 0.95 0.5 0.4 1 0.8
1.15484408073643 0.558732736076989 "experimento_9" 9 1500 1000 0.95 0.5 0.4 1 0.8
0.99763073422946 0.469733667931319 "experimento_9" 9 1500 1000 0.95 0.5 0.4 1 0.8
0.998181853443384 0.546094507103792 "experimento_9" 9 1500 1000 0.95 0.5 0.4 1 0.8
0.995881421491504 0.470203171068761 "experimento_9" 9 1500 1000 0.95 0.5 0.4 1 0.8
0.999765978660434 0.440815232371822 "experimento_9" 9 1500 1000 0.95 0.5 0.4 1 0.8
0.999008910730481 0.486408299736597 "experimento_9" 9 1500 1000 0.95 0.5 0.4 1 0.8
0.998778345296159 0.566565472272898 "experimento_9" 9 1500 1000 0.95 0.5 0.4 1 0.8
1.0229102037847 0.41533627981174 "experimento_9" 9 1500 1000 0.95 0.5 0.4 1 0.8
0.995572043117136 0.61762784428953 "experimento_9" 9 1500 1000 0.95 0.5 0.4 1 0.8
0.998281551990658 0.661759670653884 "experimento_9" 9 1500 1000 0.95 0.5 0.4 1 0.8
0.996173322666436 0.60641986519319 "experimento_9" 9 1500 1000 0.95 0.5 0.4 1 0.8
0.995485640596598 0.570193322499438 "experimento_9" 9 1500 1000 0.95 0.5 0.4 1 0.8
0.998773358529434 0.53808367446197 "experimento_9" 9 1500 1000 0.95 0.5 0.4 1 0.8
0.998298122547567 0.502036247576558 "experimento_9" 9 1500 1000 0.95 0.5 0.4 1 0.8
0.995658138301224 0.597819160007877 "experimento_9" 9 1500 1000 0.95 0.5 0.4 1 0.8
1.60326216556132 0.552184355744752 "experimento_9" 9 1500 1000 0.95 0.5 0.4 1 0.8
0.99816467682831 0.587606623365165 "experimento_9" 9 1500 1000 0.95 0.5 0.4 1 0.8
0.997084992937744 0.547916333082734 "experimento_9" 9 1500 1000 0.95 0.5 0.4 1 0.8
1.07005684636533 0.549604295014041 "experimento_9" 9 1500 1000 0.95 0.5 0.4 1 0.8
0.999975995160639 0.551857514234934 "experimento_9" 9 1500 1000 0.95 0.5 0.4 1 0.8
1.00373932532966 0.420066826901931 "experimento_9" 9 1500 1000 0.95 0.5 0.4 1 0.8
0.998280049534515 0.646786661256869 "experimento_9" 9 1500 1000 0.95 0.5 0.4 1 0.8
1.00655091926455 0.444926094252063 "experimento_9" 9 1500 1000 0.95 0.5 0.4 1 0.8
1.06332029029727 0.599779819725031 "experimento_9" 9 1500 1000 0.95 0.5 0.4 1 0.8
1.14200627245009 0.425565874004507 "experimento_9" 9 1500 1000 0.95 0.5 0.4 1 0.8
0.999444890534505 0.556342429840763 "experimento_9" 9 1500 1000 0.95 0.5 0.4 1 0.8
0.997885826509446 0.526796458970291 "experimento_9" 9 1500 1000 0.95 0.5 0.4 1 0.8
0.999270720640197 0.474937546132234 "experimento_9" 9 1500 1000 0.95 0.5 0.4 1 0.8
0.999593513319269 0.493687655663172 "experimento_9" 9 1500 1000 0.95 0.5 0.4 1 0.8
0.998748731566593 0.592285584394837 "experimento_9" 9 1500 1000 0.95 0.5 0.4 1 0.8
0.998116920469329 0.445413515912632 "experimento_9" 9 1500 1000 0.95 0.5 0.4 1 0.8
1.00039527658373 0.41715510843184 "experimento_9" 9 1500 1000 0.95 0.5 0.4 1 0.8
0.9999522366561 0.426959982923718 "experimento_9" 9 1500 1000 0.95 0.5 0.4 1 0.8
1.00983089022338 0.474291223590276 "experimento_9" 9 1500 1000 0.95 0.5 0.4 1 0.8
0.99845755752176 0.456063175876804 "experimento_9" 9 1500 1000 0.95 0.5 0.4 1 0.8
0.997051500482485 0.561317615820789 "experimento_9" 9 1500 1000 0.95 0.5 0.4 1 0.8
0.999123443150893 0.430143413179177 "experimento_9" 9 1500 1000 0.95 0.5 0.4 1 0.8
1.00077964206953 0.429025988641311 "experimento_9" 9 1500 1000 0.95 0.5 0.4 1 0.8
0.99681595666334 0.549460973415077 "experimento_9" 9 1500 1000 0.95 0.5 0.4 1 0.8
1.06601031752424 0.452914813023168 "experimento_9" 9 1500 1000 0.95 0.5 0.4 1 0.8
1.00702269696965 0.482807243104525 "experimento_9" 9 1500 1000 0.95 0.5 0.4 1 0.8
0.996748757082969 0.507851591000659 "experimento_9" 9 1500 1000 0.95 0.5 0.4 1 0.8
0.998108822386712 0.529635517244774 "experimento_9" 9 1500 1000 0.95 0.5 0.4 1 0.8
1.08428811654449 0.561635038384392 "experimento_9" 9 1500 1000 0.95 0.5 0.4 1 0.8
0.999184432206675 0.47140940448734 "experimento_9" 9 1500 1000 0.95 0.5 0.4 1 0.8
0.998523285845295 0.473295620919271 "experimento_9" 9 1500 1000 0.95 0.5 0.4 1 0.8
0.995731072267517 0.656351612570629 "experimento_9" 9 1500 1000 0.95 0.5 0.4 1 0.8
1.0074481703341 0.545654533147058 "experimento_9" 9 1500 1000 0.95 0.5 0.4 1 0.8
1.00077268407766 0.562571880971469 "experimento_9" 9 1500 1000 0.95 0.5 0.4 1 0.8
0.998619709396735 0.552709753630487 "experimento_9" 9 1500 1000 0.95 0.5 0.4 1 0.8
1.00419232342392 0.57255675486399 "experimento_9" 9 1500 1000 0.95 0.5 0.4 1 0.8
1.01075308024883 0.465357920920476 "experimento_9" 9 1500 1000 0.95 0.5 0.4 1 0.8
0.999297548551112 0.624047457209663 "experimento_9" 9 1500 1000 0.95 0.5 0.4 1 0.8
0.995223190635443 0.496709759154417 "experimento_9" 9 1500 1000 0.95 0.5 0.4 1 0.8
1.8298311047256 0.713478213892834 "experimento_9" 9 1500 1000 0.95 0.5 0.4 1 0.8
0.993975511752069 0.548960570835942 "experimento_9" 9 1500 1000 0.95 0.5 0.4 1 0.8
1.35675564780831 0.533358837855288 "experimento_9" 9 1500 1000 0.95 0.5 0.4 1 0.8
0.994530643336475 0.588925861727179 "experimento_9" 9 1500 1000 0.95 0.5 0.4 1 0.8
1.01907394825499 0.501294604573902 "experimento_9" 9 1500 1000 0.95 0.5 0.4 1 0.8
0.997308089397848 0.517326194340166 "experimento_9" 9 1500 1000 0.95 0.5 0.4 1 0.8
0.998897475190461 0.554207920292605 "experimento_9" 9 1500 1000 0.95 0.5 0.4 1 0.8
0.996706368168816 0.535840498341818 "experimento_9" 9 1500 1000 0.95 0.5 0.4 1 0.8
0.999904797878116 0.575661504741495 "experimento_9" 9 1500 1000 0.95 0.5 0.4 1 0.8
0.991968411952257 0.60426313045651 "experimento_9" 9 1500 1000 0.95 0.5 0.4 1 0.8
0.999128999188542 0.551937445722375 "experimento_9" 9 1500 1000 0.95 0.5 0.4 1 0.8
0.995793613605201 0.591764055976216 "experimento_9" 9 1500 1000 0.95 0.5 0.4 1 0.8
0.999092992162332 0.531385462761371 "experimento_9" 9 1500 1000 0.95 0.5 0.4 1 0.8
0.997328942874447 0.652106241237975 "experimento_9" 9 1500 1000 0.95 0.5 0.4 1 0.8
0.996860403101891 0.643181183087927 "experimento_9" 9 1500 1000 0.95 0.5 0.4 1 0.8
0.99647754128091 0.532017209443871 "experimento_9" 9 1500 1000 0.95 0.5 0.4 1 0.8
1.58497097995132 0.386031608599267 "experimento_9" 9 1500 1000 0.95 0.5 0.4 1 0.8
1.00254718679935 0.507544277985732 "experimento_9" 9 1500 1000 0.95 0.5 0.4 1 0.8
0.993070441298187 0.507962704798685 "experimento_9" 9 1500 1000 0.95 0.5 0.4 1 0.8
1.01213682583827 0.542887079169787 "experimento_9" 9 1500 1000 0.95 0.5 0.4 1 0.8
0.997095487779006 0.585722874498699 "experimento_9" 9 1500 1000 0.95 0.5 0.4 1 0.8
0.997884263517335 0.561164416577041 "experimento_9" 9 1500 1000 0.95 0.5 0.4 1 0.8
1.0088397571817 0.626646306277607 "experimento_9" 9 1500 1000 0.95 0.5 0.4 1 0.8
0.993847860721871 0.481668435648387 "experimento_9" 9 1500 1000 0.95 0.5 0.4 1 0.8
1.00571348835844 0.554718308931327 "experimento_9" 9 1500 1000 0.95 0.5 0.4 1 0.8
0.995840574149042 0.547267528154306 "experimento_9" 9 1500 1000 0.95 0.5 0.4 1 0.8
0.996206761337817 0.647531661094303 "experimento_9" 9 1500 1000 0.95 0.5 0.4 1 0.8
1.56258341856301 0.449281236536342 "experimento_9" 9 1500 1000 0.95 0.5 0.4 1 0.8
0.999313752399758 0.52184231575208 "experimento_9" 9 1500 1000 0.95 0.5 0.4 1 0.8
1.00039544194442 0.509505963041068 "experimento_9" 9 1500 1000 0.95 0.5 0.4 1 0.8
0.995496826944873 0.460000637267327 "experimento_9" 9 1500 1000 0.95 0.5 0.4 1 0.8
0.999375270446762 0.592341317108087 "experimento_9" 9 1500 1000 0.95 0.5 0.4 1 0.8
1.0278154797852 0.499737387569306 "experimento_9" 9 1500 1000 0.95 0.5 0.4 1 0.8
0.999585389858112 0.440245083222593 "experimento_9" 9 1500 1000 0.95 0.5 0.4 1 0.8
0.998605927452445 0.541221404666585 "experimento_9" 9 1500 1000 0.95 0.5 0.4 1 0.8
0.998915147734806 0.515190958384151 "experimento_9" 9 1500 1000 0.95 0.5 0.4 1 0.8
0.993907370138913 0.519128720910429 "experimento_9" 9 1500 1000 0.95 0.5 0.4 1 0.8
0.999749114969745 0.498947277976487 "experimento_9" 9 1500 1000 0.95 0.5 0.4 1 0.8
0.999264106852934 0.532891500155125 "experimento_9" 9 1500 1000 0.95 0.5 0.4 1 0.8
0.994006326189265 0.645802877473217 "experimento_9" 9 1500 1000 0.95 0.5 0.4 1 0.8
0.99824632355012 0.550964175644863 "experimento_9" 9 1500 1000 0.95 0.5 0.4 1 0.8
0.998218338703737 0.545254603472901 "experimento_9" 9 1500 1000 0.95 0.5 0.4 1 0.8
0.998555157566443 0.472977079815478 "experimento_9" 9 1500 1000 0.95 0.5 0.4 1 0.8
0.994917801348493 0.44739195016043 "experimento_9" 9 1500 1000 0.95 0.5 0.4 1 0.8
0.996430995408446 0.527731213467977 "experimento_9" 9 1500 1000 0.95 0.5 0.4 1 0.8
0.996597344521433 0.536102923851847 "experimento_9" 9 1500 1000 0.95 0.5 0.4 1 0.8
1.01460735872388 0.417609112677606 "experimento_9" 9 1500 1000 0.95 0.5 0.4 1 0.8
0.999237900134176 0.586972229851629 "experimento_9" 9 1500 1000 0.95 0.5 0.4 1 0.8
0.997294491389766 0.618651067347446 "experimento_9" 9 1500 1000 0.95 0.5 0.4 1 0.8
1.02715885948768 0.336059710779496 "experimento_9" 9 1500 1000 0.95 0.5 0.4 1 0.8
0.997880003415048 0.568835760171004 "experimento_9" 9 1500 1000 0.95 0.5 0.4 1 0.8
0.998157834867015 0.54282727107199 "experimento_9" 9 1500 1000 0.95 0.5 0.4 1 0.8
0.995691538788378 0.473747001152513 "experimento_9" 9 1500 1000 0.95 0.5 0.4 1 0.8
0.996498221997172 0.502991016183737 "experimento_9" 9 1500 1000 0.95 0.5 0.4 1 0.8
1.71033392101526 0.554780547947219 "experimento_9" 9 1500 1000 0.95 0.5 0.4 1 0.8
0.999098268337548 0.412536784501693 "experimento_9" 9 1500 1000 0.95 0.5 0.4 1 0.8
0.996791319688782 0.639430597497781 "experimento_9" 9 1500 1000 0.95 0.5 0.4 1 0.8
0.999894145410508 0.461431087408238 "experimento_9" 9 1500 1000 0.95 0.5 0.4 1 0.8
1.18822118591472 0.411177459303178 "experimento_9" 9 1500 1000 0.95 0.5 0.4 1 0.8
0.997559443581849 0.487951049927506 "experimento_9" 9 1500 1000 0.95 0.5 0.4 1 0.8
0.99796133954078 0.510042757358632 "experimento_9" 9 1500 1000 0.95 0.5 0.4 1 0.8
1.01455033686526 0.534537179951541 "experimento_9" 9 1500 1000 0.95 0.5 0.4 1 0.8
1.00414682179689 0.503731010167606 "experimento_9" 9 1500 1000 0.95 0.5 0.4 1 0.8
0.999409219017252 0.448666766643482 "experimento_9" 9 1500 1000 0.95 0.5 0.4 1 0.8
0.995810135267675 0.527973438180457 "experimento_9" 9 1500 1000 0.95 0.5 0.4 1 0.8
0.993951412849128 0.530626938847541 "experimento_9" 9 1500 1000 0.95 0.5 0.4 1 0.8
0.993550354382023 0.544844483058527 "experimento_9" 9 1500 1000 0.95 0.5 0.4 1 0.8
0.997190556954592 0.508715979717235 "experimento_9" 9 1500 1000 0.95 0.5 0.4 1 0.8
1.08910025717362 0.482973231732969 "experimento_9" 9 1500 1000 0.95 0.5 0.4 1 0.8
0.998506683390588 0.517497449703202 "experimento_9" 9 1500 1000 0.95 0.5 0.4 1 0.8
0.999005827819929 0.435327774497744 "experimento_9" 9 1500 1000 0.95 0.5 0.4 1 0.8
0.996813141973689 0.604219176608054 "experimento_9" 9 1500 1000 0.95 0.5 0.4 1 0.8
0.995006063953042 0.640336988729838 "experimento_9" 9 1500 1000 0.95 0.5 0.4 1 0.8
0.99828160344623 0.455560987295431 "experimento_9" 9 1500 1000 0.95 0.5 0.4 1 0.8
0.996946383500472 0.56789513230546 "experimento_9" 9 1500 1000 0.95 0.5 0.4 1 0.8
0.995755975600332 0.5389579750984 "experimento_9" 9 1500 1000 0.95 0.5 0.4 1 0.8
1.41111315739002 0.390368024975483 "experimento_9" 9 1500 1000 0.95 0.5 0.4 1 0.8
0.997261344455183 0.480681123819784 "experimento_9" 9 1500 1000 0.95 0.5 0.4 1 0.8
0.999924890464172 0.513681983013078 "experimento_9" 9 1500 1000 0.95 0.5 0.4 1 0.8
0.995183320017532 0.513633639809796 "experimento_9" 9 1500 1000 0.95 0.5 0.4 1 0.8
0.999284259043634 0.56919988219925 "experimento_9" 9 1500 1000 0.95 0.5 0.4 1 0.8
0.99386883713305 0.543367882506851 "experimento_9" 9 1500 1000 0.95 0.5 0.4 1 0.8
1.39455503318459 0.500529220207654 "experimento_9" 9 1500 1000 0.95 0.5 0.4 1 0.8
0.995128605514765 0.564237751262299 "experimento_9" 9 1500 1000 0.95 0.5 0.4 1 0.8
1.07363296113908 0.667442558368393 "experimento_9" 9 1500 1000 0.95 0.5 0.4 1 0.8
0.999128766590729 0.433879402869247 "experimento_9" 9 1500 1000 0.95 0.5 0.4 1 0.8
0.999299031915143 0.502781989908378 "experimento_9" 9 1500 1000 0.95 0.5 0.4 1 0.8
0.998787891119719 0.458482127202294 "experimento_9" 9 1500 1000 0.95 0.5 0.4 1 0.8
0.995985763147473 0.620771475844826 "experimento_9" 9 1500 1000 0.95 0.5 0.4 1 0.8
1.22646197862923 0.385494519779455 "experimento_9" 9 1500 1000 0.95 0.5 0.4 1 0.8
0.998626326443627 0.481823188028061 "experimento_9" 9 1500 1000 0.95 0.5 0.4 1 0.8
0.999717114493251 0.524337895843583 "experimento_9" 9 1500 1000 0.95 0.5 0.4 1 0.8
0.998146153287962 0.54981890903463 "experimento_9" 9 1500 1000 0.95 0.5 0.4 1 0.8
0.999787979293615 0.406901955048023 "experimento_9" 9 1500 1000 0.95 0.5 0.4 1 0.8
0.999094046885148 0.490745964077325 "experimento_9" 9 1500 1000 0.95 0.5 0.4 1 0.8
0.998571057803929 0.54652638726447 "experimento_9" 9 1500 1000 0.95 0.5 0.4 1 0.8
0.996656507020816 0.5179943668719 "experimento_9" 9 1500 1000 0.95 0.5 0.4 1 0.8
0.993000923423097 0.532121576285106 "experimento_9" 9 1500 1000 0.95 0.5 0.4 1 0.8
0.999034493928775 0.534590653496824 "experimento_9" 9 1500 1000 0.95 0.5 0.4 1 0.8
1.05812104699945 0.494346116693143 "experimento_9" 9 1500 1000 0.95 0.5 0.4 1 0.8
1.04239478691354 0.460356171341736 "experimento_9" 9 1500 1000 0.95 0.5 0.4 1 0.8
0.999209163477644 0.488637368005851 "experimento_9" 9 1500 1000 0.95 0.5 0.4 1 0.8
0.997055193642154 0.537445573577272 "experimento_9" 9 1500 1000 0.95 0.5 0.4 1 0.8
0.999553311616182 0.523696022370811 "experimento_9" 9 1500 1000 0.95 0.5 0.4 1 0.8
0.999283205717802 0.537507597040639 "experimento_9" 9 1500 1000 0.95 0.5 0.4 1 0.8
0.999938220949844 0.552531365483528 "experimento_9" 9 1500 1000 0.95 0.5 0.4 1 0.8
0.998993414919823 0.501238638492867 "experimento_9" 9 1500 1000 0.95 0.5 0.4 1 0.8
0.999889584258199 0.434563212490214 "experimento_9" 9 1500 1000 0.95 0.5 0.4 1 0.8
0.993618365377188 0.527290537183329 "experimento_9" 9 1500 1000 0.95 0.5 0.4 1 0.8
0.999474147567526 0.481939979635874 "experimento_9" 9 1500 1000 0.95 0.5 0.4 1 0.8
1.02970656007528 0.590420799754044 "experimento_9" 9 1500 1000 0.95 0.5 0.4 1 0.8
0.995651303324848 0.47565042132164 "experimento_9" 9 1500 1000 0.95 0.5 0.4 1 0.8
0.999304287135601 0.499978287010117 "experimento_9" 9 1500 1000 0.95 0.5 0.4 1 0.8
0.996947759995237 0.624936201029044 "experimento_9" 9 1500 1000 0.95 0.5 0.4 1 0.8
1.07808860094853 0.433640615286121 "experimento_9" 9 1500 1000 0.95 0.5 0.4 1 0.8
1.01296000046437 0.553775082566763 "experimento_9" 9 1500 1000 0.95 0.5 0.4 1 0.8
1.00184672534531 0.476003657936155 "experimento_9" 9 1500 1000 0.95 0.5 0.4 1 0.8
1.53551613539457 0.417148978357092 "experimento_9" 9 1500 1000 0.95 0.5 0.4 1 0.8
1.00566613644306 0.483729135936426 "experimento_9" 9 1500 1000 0.95 0.5 0.4 1 0.8
0.996040342608467 0.549736227270397 "experimento_9" 9 1500 1000 0.95 0.5 0.4 1 0.8
0.992302906233817 0.615149449209735 "experimento_9" 9 1500 1000 0.95 0.5 0.4 1 0.8
0.999567365739495 0.411324288068534 "experimento_9" 9 1500 1000 0.95 0.5 0.4 1 0.8
0.998924305429682 0.613566175455719 "experimento_9" 9 1500 1000 0.95 0.5 0.4 1 0.8
1.21317807491869 0.617263700583949 "experimento_9" 9 1500 1000 0.95 0.5 0.4 1 0.8
0.993125251727179 0.440186805070085 "experimento_9" 9 1500 1000 0.95 0.5 0.4 1 0.8
0.999875828623772 0.553341076559149 "experimento_9" 9 1500 1000 0.95 0.5 0.4 1 0.8
1.00419116206467 0.483693166707857 "experimento_9" 9 1500 1000 0.95 0.5 0.4 1 0.8
0.994761410402134 0.565526841509578 "experimento_9" 9 1500 1000 0.95 0.5 0.4 1 0.8
1.03370372485369 0.503933441072553 "experimento_9" 9 1500 1000 0.95 0.5 0.4 1 0.8
0.998638122342527 0.56146695121012 "experimento_9" 9 1500 1000 0.95 0.5 0.4 1 0.8
1.2610697982923 0.378374793903664 "experimento_9" 9 1500 1000 0.95 0.5 0.4 1 0.8
1.65838868264109 0.385819663180179 "experimento_9" 9 1500 1000 0.95 0.5 0.4 1 0.8
0.997484408784658 0.592085527211723 "experimento_9" 9 1500 1000 0.95 0.5 0.4 1 0.8
0.99851327505894 0.472511005936004 "experimento_9" 9 1500 1000 0.95 0.5 0.4 1 0.8
1.12730389181525 0.463062922326276 "experimento_9" 9 1500 1000 0.95 0.5 0.4 1 0.8
0.999824864091352 0.473754443480263 "experimento_9" 9 1500 1000 0.95 0.5 0.4 1 0.8
0.99793369974941 0.491369684774816 "experimento_9" 9 1500 1000 0.95 0.5 0.4 1 0.8
1.37878664396703 0.390153004550215 "experimento_9" 9 1500 1000 0.95 0.5 0.4 1 0.8
1.03087535873055 0.453313984819543 "experimento_9" 9 1500 1000 0.95 0.5 0.4 1 0.8
0.994393541477621 0.5155784656687 "experimento_9" 9 1500 1000 0.95 0.5 0.4 1 0.8
1.00778507906944 0.523378846260613 "experimento_9" 9 1500 1000 0.95 0.5 0.4 1 0.8
0.995383211877197 0.754510474660955 "experimento_9" 9 1500 1000 0.95 0.5 0.4 1 0.8
0.999860459007323 0.501277518032493 "experimento_9" 9 1500 1000 0.95 0.5 0.4 1 0.8
0.998176904395223 0.411796105496778 "experimento_9" 9 1500 1000 0.95 0.5 0.4 1 0.8
0.991125439060852 0.621982293042466 "experimento_9" 9 1500 1000 0.95 0.5 0.4 1 0.8
1.01197172708996 0.427931559772077 "experimento_9" 9 1500 1000 0.95 0.5 0.4 1 0.8
0.999084867304191 0.491272563895137 "experimento_9" 9 1500 1000 0.95 0.5 0.4 1 0.8
0.998752035433426 0.46599045706962 "experimento_9" 9 1500 1000 0.95 0.5 0.4 1 0.8
1.02948848760879 0.639014641157288 "experimento_9" 9 1500 1000 0.95 0.5 0.4 1 0.8
0.998810570221394 0.681234331178794 "experimento_9" 9 1500 1000 0.95 0.5 0.4 1 0.8
0.999872093321756 0.551525400136715 "experimento_9" 9 1500 1000 0.95 0.5 0.4 1 0.8
0.997358111431822 0.631199596317159 "experimento_9" 9 1500 1000 0.95 0.5 0.4 1 0.8
1.12976557883489 0.531701509806133 "experimento_9" 9 1500 1000 0.95 0.5 0.4 1 0.8
0.99467904958874 0.686046650802241 "experimento_9" 9 1500 1000 0.95 0.5 0.4 1 0.8
0.998448218451813 0.530437767947471 "experimento_9" 9 1500 1000 0.95 0.5 0.4 1 0.8
0.998432612745091 0.502949266908388 "experimento_9" 9 1500 1000 0.95 0.5 0.4 1 0.8
0.99858911964111 0.568690439524078 "experimento_9" 9 1500 1000 0.95 0.5 0.4 1 0.8
0.999029571423307 0.455159239798005 "experimento_9" 9 1500 1000 0.95 0.5 0.4 1 0.8
0.998672894435003 0.434046830613427 "experimento_9" 9 1500 1000 0.95 0.5 0.4 1 0.8
0.997484550345689 0.45786483352779 "experimento_9" 9 1500 1000 0.95 0.5 0.4 1 0.8
0.998089970089495 0.519133701202996 "experimento_9" 9 1500 1000 0.95 0.5 0.4 1 0.8
1.02508909139903 0.556364736407334 "experimento_9" 9 1500 1000 0.95 0.5 0.4 1 0.8
0.999455922748893 0.484177499512644 "experimento_9" 9 1500 1000 0.95 0.5 0.4 1 0.8
1.23062684378277 0.517160855206018 "experimento_9" 9 1500 1000 0.95 0.5 0.4 1 0.8
0.994743110612035 0.698538087576622 "experimento_9" 9 1500 1000 0.95 0.5 0.4 1 0.8
0.998139978619292 0.553500314438326 "experimento_9" 9 1500 1000 0.95 0.5 0.4 1 0.8
0.996018083067611 0.705948950021932 "experimento_9" 9 1500 1000 0.95 0.5 0.4 1 0.8
0.994894865667447 0.570749360914166 "experimento_9" 9 1500 1000 0.95 0.5 0.4 1 0.8
0.999898992013186 0.731670667632022 "experimento_9" 9 1500 1000 0.95 0.5 0.4 1 0.8
0.998892418807372 0.462454888969064 "experimento_9" 9 1500 1000 0.95 0.5 0.4 1 0.8
0.994814769132063 0.561202141014138 "experimento_9" 9 1500 1000 0.95 0.5 0.4 1 0.8
1.37312288489193 0.458035578854891 "experimento_9" 9 1500 1000 0.95 0.5 0.4 1 0.8
1.00808366694737 0.587785575350375 "experimento_9" 9 1500 1000 0.95 0.5 0.4 1 0.8
1.00449005234987 0.569015165990707 "experimento_9" 9 1500 1000 0.95 0.5 0.4 1 0.8
0.996167060686275 0.51950700626907 "experimento_9" 9 1500 1000 0.95 0.5 0.4 1 0.8
0.995227884268388 0.633813873831344 "experimento_9" 9 1500 1000 0.95 0.5 0.4 1 0.8
0.998353441944346 0.445787028360467 "experimento_9" 9 1500 1000 0.95 0.5 0.4 1 0.8
0.998970435233787 0.454310918618594 "experimento_9" 9 1500 1000 0.95 0.5 0.4 1 0.8
0.999112414196134 0.417944721655826 "experimento_9" 9 1500 1000 0.95 0.5 0.4 1 0.8
0.995083048474044 0.578534621980126 "experimento_9" 9 1500 1000 0.95 0.5 0.4 1 0.8
0.995860172901303 0.558652468139626 "experimento_9" 9 1500 1000 0.95 0.5 0.4 1 0.8
1.00268607679754 0.567734028151838 "experimento_9" 9 1500 1000 0.95 0.5 0.4 1 0.8
0.998493559425697 0.43224960820058 "experimento_9" 9 1500 1000 0.95 0.5 0.4 1 0.8
0.995832388056442 0.514178989405128 "experimento_9" 9 1500 1000 0.95 0.5 0.4 1 0.8
0.99464821186848 0.549823630959623 "experimento_9" 9 1500 1000 0.95 0.5 0.4 1 0.8
0.997605543350801 0.549566134490086 "experimento_9" 9 1500 1000 0.95 0.5 0.4 1 0.8
0.994789096526802 0.602988775152071 "experimento_9" 9 1500 1000 0.95 0.5 0.4 1 0.8
0.999660648871213 0.526809819939143 "experimento_9" 9 1500 1000 0.95 0.5 0.4 1 0.8
1.007706359937 0.497512158762813 "experimento_9" 9 1500 1000 0.95 0.5 0.4 1 0.8
0.999059509020299 0.539938031205459 "experimento_9" 9 1500 1000 0.95 0.5 0.4 1 0.8
0.997844208730385 0.648818461774023 "experimento_9" 9 1500 1000 0.95 0.5 0.4 1 0.8
0.998866496607661 0.489451185927616 "experimento_9" 9 1500 1000 0.95 0.5 0.4 1 0.8
0.999657282838598 0.689713063075325 "experimento_9" 9 1500 1000 0.95 0.5 0.4 1 0.8
0.999002635711804 0.446736833750186 "experimento_9" 9 1500 1000 0.95 0.5 0.4 1 0.8
1.01883007306606 0.429935008837825 "experimento_9" 9 1500 1000 0.95 0.5 0.4 1 0.8
0.99970142217353 0.432117573139942 "experimento_9" 9 1500 1000 0.95 0.5 0.4 1 0.8
0.997539464151487 0.616399599583174 "experimento_9" 9 1500 1000 0.95 0.5 0.4 1 0.8
0.996640850557014 0.476573303063224 "experimento_9" 9 1500 1000 0.95 0.5 0.4 1 0.8
0.997918941546232 0.603754655558461 "experimento_9" 9 1500 1000 0.95 0.5 0.4 1 0.8
0.997797740623355 0.596511823504626 "experimento_9" 9 1500 1000 0.95 0.5 0.4 1 0.8
0.996613810304552 0.449232100760937 "experimento_9" 9 1500 1000 0.95 0.5 0.4 1 0.8
0.998969992855564 0.497656806782721 "experimento_9" 9 1500 1000 0.95 0.5 0.4 1 0.8
0.996181858005002 0.471814723149652 "experimento_9" 9 1500 1000 0.95 0.5 0.4 1 0.8
1.00846286281836 0.532162336915558 "experimento_9" 9 1500 1000 0.95 0.5 0.4 1 0.8
1.33516762471674 0.501298555971012 "experimento_9" 9 1500 1000 0.95 0.5 0.4 1 0.8
1.25038425327273 0.446586004077991 "experimento_9" 9 1500 1000 0.95 0.5 0.4 1 0.8
1.015910770008 0.465110503429799 "experimento_9" 9 1500 1000 0.95 0.5 0.4 1 0.8
0.990742697846144 0.54072239850368 "experimento_9" 9 1500 1000 0.95 0.5 0.4 1 0.8
0.999806277919561 0.59745060837 "experimento_9" 9 1500 1000 0.95 0.5 0.4 1 0.8
1.01213617900357 0.481264076967394 "experimento_9" 9 1500 1000 0.95 0.5 0.4 1 0.8
0.996480990899727 0.55789254754482 "experimento_9" 9 1500 1000 0.95 0.5 0.4 1 0.8
0.994474724167958 0.576198973724457 "experimento_9" 9 1500 1000 0.95 0.5 0.4 1 0.8
0.992036623647436 0.617730726315393 "experimento_9" 9 1500 1000 0.95 0.5 0.4 1 0.8
0.99788364302367 0.649402309316356 "experimento_9" 9 1500 1000 0.95 0.5 0.4 1 0.8
1.19683099258691 0.472293597941882 "experimento_9" 9 1500 1000 0.95 0.5 0.4 1 0.8
0.996485123410821 0.568960028588613 "experimento_9" 9 1500 1000 0.95 0.5 0.4 1 0.8
0.999465823872015 0.454010855524339 "experimento_9" 9 1500 1000 0.95 0.5 0.4 1 0.8
1.01784465927631 0.596852255983659 "experimento_9" 9 1500 1000 0.95 0.5 0.4 1 0.8
1.00773096270859 0.50272824478007 "experimento_9" 9 1500 1000 0.95 0.5 0.4 1 0.8
1.6764390234567 0.613264653254212 "experimento_9" 9 1500 1000 0.95 0.5 0.4 1 0.8
1.01537189912051 0.533151443851026 "experimento_9" 9 1500 1000 0.95 0.5 0.4 1 0.8
0.997056433232501 0.555856536773844 "experimento_9" 9 1500 1000 0.95 0.5 0.4 1 0.8
1.12573877815157 0.331966960072924 "experimento_9" 9 1500 1000 0.95 0.5 0.4 1 0.8
0.99892413453199 0.630612530500107 "experimento_9" 9 1500 1000 0.95 0.5 0.4 1 0.8
0.998642155434936 0.448622720503036 "experimento_9" 9 1500 1000 0.95 0.5 0.4 1 0.8
0.996883425395936 0.579873546828194 "experimento_9" 9 1500 1000 0.95 0.5 0.4 1 0.8
1.07307054672254 0.518072042390156 "experimento_9" 9 1500 1000 0.95 0.5 0.4 1 0.8
0.999812262598425 0.702477673801394 "experimento_9" 9 1500 1000 0.95 0.5 0.4 1 0.8
0.997882472584024 0.571971549116266 "experimento_9" 9 1500 1000 0.95 0.5 0.4 1 0.8
1.39600643100026 0.476616098346814 "experimento_9" 9 1500 1000 0.95 0.5 0.4 1 0.8
0.999963205074891 0.476850940048153 "experimento_9" 9 1500 1000 0.95 0.5 0.4 1 0.8
0.995112052885816 0.475355058369289 "experimento_9" 9 1500 1000 0.95 0.5 0.4 1 0.8
1.0244163768366 0.651289236402577 "experimento_9" 9 1500 1000 0.95 0.5 0.4 1 0.8
1.0001487871632 0.493403868858252 "experimento_9" 9 1500 1000 0.95 0.5 0.4 1 0.8
0.998895827447996 0.524428076680193 "experimento_9" 9 1500 1000 0.95 0.5 0.4 1 0.8
0.992939912946895 0.583090604014167 "experimento_9" 9 1500 1000 0.95 0.5 0.4 1 0.8
0.996936064446345 0.450425145861959 "experimento_9" 9 1500 1000 0.95 0.5 0.4 1 0.8
1.03097765764177 0.579092664176572 "experimento_9" 9 1500 1000 0.95 0.5 0.4 1 0.8
0.993978700600564 0.466498974550997 "experimento_9" 9 1500 1000 0.95 0.5 0.4 1 0.8
0.999184593791142 0.441189660495497 "experimento_9" 9 1500 1000 0.95 0.5 0.4 1 0.8
0.995929256780073 0.462042509840983 "experimento_9" 9 1500 1000 0.95 0.5 0.4 1 0.8
0.999081179965287 0.456809075490093 "experimento_9" 9 1500 1000 0.95 0.5 0.4 1 0.8
1.20265809167176 0.457456763974459 "experimento_9" 9 1500 1000 0.95 0.5 0.4 1 0.8
0.99674254306592 0.577330363518998 "experimento_9" 9 1500 1000 0.95 0.5 0.4 1 0.8
0.999074936145917 0.566817529337158 "experimento_9" 9 1500 1000 0.95 0.5 0.4 1 0.8
0.997007178142667 0.534208721729787 "experimento_9" 9 1500 1000 0.95 0.5 0.4 1 0.8
0.996499157510698 0.652667828779499 "experimento_9" 9 1500 1000 0.95 0.5 0.4 1 0.8
0.993780268123373 0.593224284488077 "experimento_9" 9 1500 1000 0.95 0.5 0.4 1 0.8
0.999612110899761 0.57814758010454 "experimento_9" 9 1500 1000 0.95 0.5 0.4 1 0.8
0.995992845389992 0.56497343638607 "experimento_9" 9 1500 1000 0.95 0.5 0.4 1 0.8
0.999141067732126 0.554431031963132 "experimento_9" 9 1500 1000 0.95 0.5 0.4 1 0.8
0.99873540434055 0.450384754934207 "experimento_9" 9 1500 1000 0.95 0.5 0.4 1 0.8
0.997688313247636 0.431519188203571 "experimento_9" 9 1500 1000 0.95 0.5 0.4 1 0.8
1.01318804778461 0.603115858042431 "experimento_9" 9 1500 1000 0.95 0.5 0.4 1 0.8
0.995241892058402 0.503511435294015 "experimento_9" 9 1500 1000 0.95 0.5 0.4 1 0.8
0.999343863455579 0.451120943556224 "experimento_9" 9 1500 1000 0.95 0.5 0.4 1 0.8
0.999005669727921 0.518057573846645 "experimento_9" 9 1500 1000 0.95 0.5 0.4 1 0.8
0.997457913123071 0.498540691280733 "experimento_9" 9 1500 1000 0.95 0.5 0.4 1 0.8
0.998708439292386 0.459371729578642 "experimento_9" 9 1500 1000 0.95 0.5 0.4 1 0.8
0.999987754039466 0.457955626614879 "experimento_9" 9 1500 1000 0.95 0.5 0.4 1 0.8
1.01255830578448 0.479549464114711 "experimento_9" 9 1500 1000 0.95 0.5 0.4 1 0.8
0.999323410913348 0.490767800423498 "experimento_9" 9 1500 1000 0.95 0.5 0.4 1 0.8
0.996985210105777 0.541202631049535 "experimento_9" 9 1500 1000 0.95 0.5 0.4 1 0.8
1.08143755793359 0.413719786052261 "experimento_9" 9 1500 1000 0.95 0.5 0.4 1 0.8
1.29330084374319 0.457947382420645 "experimento_9" 9 1500 1000 0.95 0.5 0.4 1 0.8
0.999758738093078 0.593546360143187 "experimento_9" 9 1500 1000 0.95 0.5 0.4 1 0.8
0.999861746095121 0.559104395196645 "experimento_9" 9 1500 1000 0.95 0.5 0.4 1 0.8
0.997413217788562 0.503273446535357 "experimento_9" 9 1500 1000 0.95 0.5 0.4 1 0.8
0.999892510240898 0.501436736587549 "experimento_9" 9 1500 1000 0.95 0.5 0.4 1 0.8
1.00267178285867 0.396563252458209 "experimento_9" 9 1500 1000 0.95 0.5 0.4 1 0.8
0.996344677172601 0.555261045400728 "experimento_9" 9 1500 1000 0.95 0.5 0.4 1 0.8
0.99820086103864 0.450953302179106 "experimento_9" 9 1500 1000 0.95 0.5 0.4 1 0.8
0.996085403254256 0.428944607920766 "experimento_9" 9 1500 1000 0.95 0.5 0.4 1 0.8
0.997951633529738 0.543888520328342 "experimento_9" 9 1500 1000 0.95 0.5 0.4 1 0.8
0.998277288163081 0.543297470383243 "experimento_9" 9 1500 1000 0.95 0.5 0.4 1 0.8
0.998530705925077 0.530917268315265 "experimento_9" 9 1500 1000 0.95 0.5 0.4 1 0.8
0.994738743407652 0.580798975410177 "experimento_9" 9 1500 1000 0.95 0.5 0.4 1 0.8
0.996363542275503 0.631562689033877 "experimento_9" 9 1500 1000 0.95 0.5 0.4 1 0.8
1.01810799911618 0.456346874357014 "experimento_9" 9 1500 1000 0.95 0.5 0.4 1 0.8
0.999698864994571 0.477307303744546 "experimento_9" 9 1500 1000 0.95 0.5 0.4 1 0.8
0.995978640392423 0.560397678790629 "experimento_9" 9 1500 1000 0.95 0.5 0.4 1 0.8
0.996142568998039 0.557201663959576 "experimento_9" 9 1500 1000 0.95 0.5 0.4 1 0.8
1.04032292080813 0.517351612567085 "experimento_9" 9 1500 1000 0.95 0.5 0.4 1 0.8
0.999164279783145 0.514499941015713 "experimento_9" 9 1500 1000 0.95 0.5 0.4 1 0.8
1.90374083630741 0.372135465251914 "experimento_9" 9 1500 1000 0.95 0.5 0.4 1 0.8
0.997843425953761 0.527497853863788 "experimento_9" 9 1500 1000 0.95 0.5 0.4 1 0.8
1.05356062203646 0.517583599367903 "experimento_9" 9 1500 1000 0.95 0.5 0.4 1 0.8
0.999172944342718 0.546833706034774 "experimento_9" 9 1500 1000 0.95 0.5 0.4 1 0.8
0.999173101270571 0.573998421032543 "experimento_9" 9 1500 1000 0.95 0.5 0.4 1 0.8
1.06071287859231 0.49787718029564 "experimento_9" 9 1500 1000 0.95 0.5 0.4 1 0.8
0.997700155014172 0.498890500892567 "experimento_9" 9 1500 1000 0.95 0.5 0.4 1 0.8
0.997743645682931 0.406242754381121 "experimento_9" 9 1500 1000 0.95 0.5 0.4 1 0.8
0.997163987951353 0.550506080932667 "experimento_9" 9 1500 1000 0.95 0.5 0.4 1 0.8
0.997709223302081 0.498363035692673 "experimento_9" 9 1500 1000 0.95 0.5 0.4 1 0.8
1.1339431013912 0.456213873687646 "experimento_9" 9 1500 1000 0.95 0.5 0.4 1 0.8
0.990520258434117 0.555847629738211 "experimento_9" 9 1500 1000 0.95 0.5 0.4 1 0.8
1.12283032480627 0.482252458313953 "experimento_9" 9 1500 1000 0.95 0.5 0.4 1 0.8
0.997382401721552 0.49511036213173 "experimento_9" 9 1500 1000 0.95 0.5 0.4 1 0.8
0.99753851396963 0.546570044494003 "experimento_9" 9 1500 1000 0.95 0.5 0.4 1 0.8
0.998285806970671 0.564558688629005 "experimento_9" 9 1500 1000 0.95 0.5 0.4 1 0.8
1.07617281760651 0.483050570763015 "experimento_9" 9 1500 1000 0.95 0.5 0.4 1 0.8
0.998633154202253 0.467241537174942 "experimento_9" 9 1500 1000 0.95 0.5 0.4 1 0.8
0.999951747944579 0.4647612322757 "experimento_9" 9 1500 1000 0.95 0.5 0.4 1 0.8
1.55326997564414 0.502697456989239 "experimento_9" 9 1500 1000 0.95 0.5 0.4 1 0.8
1.01168487221003 0.504750426960976 "experimento_9" 9 1500 1000 0.95 0.5 0.4 1 0.8
1.22812073307444 0.46624038607439 "experimento_9" 9 1500 1000 0.95 0.5 0.4 1 0.8
0.998780366266146 0.562359649172815 "experimento_9" 9 1500 1000 0.95 0.5 0.4 1 0.8
0.999495150987059 0.394103567573358 "experimento_9" 9 1500 1000 0.95 0.5 0.4 1 0.8
1.06494351942092 0.569226731069414 "experimento_9" 9 1500 1000 0.95 0.5 0.4 1 0.8
0.996645803330466 0.59964463682765 "experimento_9" 9 1500 1000 0.95 0.5 0.4 1 0.8
1.00200026202947 0.545559462563241 "experimento_9" 9 1500 1000 0.95 0.5 0.4 1 0.8
0.997167570749298 0.534893493109136 "experimento_9" 9 1500 1000 0.95 0.5 0.4 1 0.8
0.99485440691933 0.549605986936704 "experimento_9" 9 1500 1000 0.95 0.5 0.4 1 0.8
0.998010055860505 0.579176253715197 "experimento_9" 9 1500 1000 0.95 0.5 0.4 1 0.8
1.14477657992393 0.463281265260674 "experimento_9" 9 1500 1000 0.95 0.5 0.4 1 0.8
0.997367878444493 0.559287202096835 "experimento_9" 9 1500 1000 0.95 0.5 0.4 1 0.8
0.999807365005836 0.572275761536961 "experimento_9" 9 1500 1000 0.95 0.5 0.4 1 0.8
0.995829843683168 0.45314920432735 "experimento_9" 9 1500 1000 0.95 0.5 0.4 1 0.8
0.994631540030241 0.525490415071129 "experimento_9" 9 1500 1000 0.95 0.5 0.4 1 0.8
0.998572678538039 0.722718930593527 "experimento_9" 9 1500 1000 0.95 0.5 0.4 1 0.8
1.03646852634847 0.596276833188198 "experimento_9" 9 1500 1000 0.95 0.5 0.4 1 0.8
0.999358015134931 0.738890386567193 "experimento_9" 9 1500 1000 0.95 0.5 0.4 1 0.8
0.993488571373746 0.601359116906196 "experimento_9" 9 1500 1000 0.95 0.5 0.4 1 0.8
0.999948369339108 0.488786109844161 "experimento_9" 9 1500 1000 0.95 0.5 0.4 1 0.8
0.993894577492028 0.546495385405306 "experimento_9" 9 1500 1000 0.95 0.5 0.4 1 0.8
0.997615308500826 0.503269078239016 "experimento_9" 9 1500 1000 0.95 0.5 0.4 1 0.8
0.997723684180528 0.568966268131755 "experimento_9" 9 1500 1000 0.95 0.5 0.4 1 0.8
0.993710250360891 0.575784906645284 "experimento_9" 9 1500 1000 0.95 0.5 0.4 1 0.8
0.996467755176127 0.582391314301678 "experimento_9" 9 1500 1000 0.95 0.5 0.4 1 0.8
0.999561659060419 0.547073589412686 "experimento_9" 9 1500 1000 0.95 0.5 0.4 1 0.8
0.995882260613143 0.427026194542757 "experimento_9" 9 1500 1000 0.95 0.5 0.4 1 0.8
0.999041150324047 0.555188844401566 "experimento_9" 9 1500 1000 0.95 0.5 0.4 1 0.8
0.997573106084019 0.555534536833217 "experimento_9" 9 1500 1000 0.95 0.5 0.4 1 0.8
0.997816447867081 0.464304809685911 "experimento_9" 9 1500 1000 0.95 0.5 0.4 1 0.8
0.999049280537292 0.709617743717067 "experimento_9" 9 1500 1000 0.95 0.5 0.4 1 0.8
0.997813039459288 0.500639999501362 "experimento_9" 9 1500 1000 0.95 0.5 0.4 1 0.8
0.999772690236568 0.545502457905628 "experimento_9" 9 1500 1000 0.95 0.5 0.4 1 0.8
1.12124780099839 0.466734369648002 "experimento_9" 9 1500 1000 0.95 0.5 0.4 1 0.8
0.997040473390371 0.452790166137658 "experimento_9" 9 1500 1000 0.95 0.5 0.4 1 0.8
1.11528551951051 0.451696427317386 "experimento_9" 9 1500 1000 0.95 0.5 0.4 1 0.8
1.00005919579417 0.576410197212538 "experimento_9" 9 1500 1000 0.95 0.5 0.4 1 0.8
1.09332214309072 0.454734635513076 "experimento_9" 9 1500 1000 0.95 0.5 0.4 1 0.8
0.997362542198971 0.516658918340552 "experimento_9" 9 1500 1000 0.95 0.5 0.4 1 0.8
0.995709894923493 0.391544245498359 "experimento_9" 9 1500 1000 0.95 0.5 0.4 1 0.8
1.04220845457166 0.461003883114577 "experimento_9" 9 1500 1000 0.95 0.5 0.4 1 0.8
0.998869799776003 0.458232968188056 "experimento_9" 9 1500 1000 0.95 0.5 0.4 1 0.8
0.998835326405242 0.446919755304685 "experimento_9" 9 1500 1000 0.95 0.5 0.4 1 0.8
0.997247552266344 0.463192212732084 "experimento_9" 9 1500 1000 0.95 0.5 0.4 1 0.8
1.00630947388709 0.506484137035474 "experimento_9" 9 1500 1000 0.95 0.5 0.4 1 0.8
0.997047547018155 0.435750929952487 "experimento_9" 9 1500 1000 0.95 0.5 0.4 1 0.8
0.996557540958747 0.515675530889584 "experimento_9" 9 1500 1000 0.95 0.5 0.4 1 0.8
0.997699019731954 0.44797352676747 "experimento_9" 9 1500 1000 0.95 0.5 0.4 1 0.8
1.00547511363141 0.526187012049594 "experimento_9" 9 1500 1000 0.95 0.5 0.4 1 0.8
1.18067980304105 0.373442759427256 "experimento_9" 9 1500 1000 0.95 0.5 0.4 1 0.8
0.998609520494938 0.486567444794069 "experimento_9" 9 1500 1000 0.95 0.5 0.4 1 0.8
0.99952355446294 0.582610253801343 "experimento_9" 9 1500 1000 0.95 0.5 0.4 1 0.8
0.997018738882616 0.492310041029647 "experimento_9" 9 1500 1000 0.95 0.5 0.4 1 0.8
0.998444002121687 0.550697153185017 "experimento_9" 9 1500 1000 0.95 0.5 0.4 1 0.8
0.997399598360062 0.532822248111194 "experimento_9" 9 1500 1000 0.95 0.5 0.4 1 0.8
0.997368879150599 0.767415329894542 "experimento_9" 9 1500 1000 0.95 0.5 0.4 1 0.8
1.23618384078145 0.503881975082304 "experimento_9" 9 1500 1000 0.95 0.5 0.4 1 0.8
0.996163630159572 0.51018293927373 "experimento_9" 9 1500 1000 0.95 0.5 0.4 1 0.8
0.996952536515892 0.6666464737789 "experimento_9" 9 1500 1000 0.95 0.5 0.4 1 0.8
0.997637310996652 0.494966911042018 "experimento_9" 9 1500 1000 0.95 0.5 0.4 1 0.8
0.995346809038892 0.557008762690405 "experimento_9" 9 1500 1000 0.95 0.5 0.4 1 0.8
0.999812786933035 0.46415343274739 "experimento_9" 9 1500 1000 0.95 0.5 0.4 1 0.8
0.994449739111587 0.559952917912227 "experimento_9" 9 1500 1000 0.95 0.5 0.4 1 0.8
0.997087808093056 0.491434729562549 "experimento_9" 9 1500 1000 0.95 0.5 0.4 1 0.8
1.03360252641141 0.541514871091295 "experimento_9" 9 1500 1000 0.95 0.5 0.4 1 0.8
0.997062617214397 0.514603200763127 "experimento_9" 9 1500 1000 0.95 0.5 0.4 1 0.8
0.996159214060754 0.54445386888841 "experimento_9" 9 1500 1000 0.95 0.5 0.4 1 0.8
1.70036708563566 0.476462388577837 "experimento_9" 9 1500 1000 0.95 0.5 0.4 1 0.8
0.999115848913789 0.55424998902198 "experimento_9" 9 1500 1000 0.95 0.5 0.4 1 0.8
0.993992214556783 0.595633414778747 "experimento_9" 9 1500 1000 0.95 0.5 0.4 1 0.8
0.997820611810312 0.529516780306219 "experimento_9" 9 1500 1000 0.95 0.5 0.4 1 0.8
0.998684862395748 0.570903748755482 "experimento_9" 9 1500 1000 0.95 0.5 0.4 1 0.8
1.07501828111708 0.51394106372001 "experimento_9" 9 1500 1000 0.95 0.5 0.4 1 0.8
0.998925240477547 0.588778982672755 "experimento_9" 9 1500 1000 0.95 0.5 0.4 1 0.8
0.99977795407176 0.570272184599822 "experimento_9" 9 1500 1000 0.95 0.5 0.4 1 0.8
0.996616568882018 0.58744309709143 "experimento_9" 9 1500 1000 0.95 0.5 0.4 1 0.8
0.998635243158787 0.490741816204892 "experimento_9" 9 1500 1000 0.95 0.5 0.4 1 0.8
1.20576994586736 0.470479342250261 "experimento_9" 9 1500 1000 0.95 0.5 0.4 1 0.8
0.997584137367085 0.563494906174235 "experimento_9" 9 1500 1000 0.95 0.5 0.4 1 0.8
1.00109115149826 0.54863353443986 "experimento_9" 9 1500 1000 0.95 0.5 0.4 1 0.8
0.999543678015471 0.514396101414033 "experimento_9" 9 1500 1000 0.95 0.5 0.4 1 0.8
0.999160016421229 0.459046841979503 "experimento_9" 9 1500 1000 0.95 0.5 0.4 1 0.8
0.999260096810758 0.402681161365962 "experimento_9" 9 1500 1000 0.95 0.5 0.4 1 0.8
0.996805140050128 0.66863042158118 "experimento_9" 9 1500 1000 0.95 0.5 0.4 1 0.8
0.997350407065824 0.618689901338528 "experimento_9" 9 1500 1000 0.95 0.5 0.4 1 0.8
1.15719207003713 0.57070796813372 "experimento_9" 9 1500 1000 0.95 0.5 0.4 1 0.8
1.0009557986632 0.477476544706432 "experimento_9" 9 1500 1000 0.95 0.5 0.4 1 0.8
0.995745434192941 0.53173840208343 "experimento_9" 9 1500 1000 0.95 0.5 0.4 1 0.8
0.998529468197376 0.495921855069079 "experimento_9" 9 1500 1000 0.95 0.5 0.4 1 0.8
0.995602793758735 0.55492645588138 "experimento_9" 9 1500 1000 0.95 0.5 0.4 1 0.8
1.01944515388459 0.553382542092415 "experimento_9" 9 1500 1000 0.95 0.5 0.4 1 0.8
1.115662291646 0.40446512398302 "experimento_9" 9 1500 1000 0.95 0.5 0.4 1 0.8
1.06194044421801 0.420232676256338 "experimento_9" 9 1500 1000 0.95 0.5 0.4 1 0.8
1.00042057102079 0.566854864054395 "experimento_9" 9 1500 1000 0.95 0.5 0.4 1 0.8
1.36148802213716 0.432586867160463 "experimento_9" 9 1500 1000 0.95 0.5 0.4 1 0.8
1.63362582586706 0.346956048796096 "experimento_9" 9 1500 1000 0.95 0.5 0.4 1 0.8
0.998114698100835 0.534445352752436 "experimento_9" 9 1500 1000 0.95 0.5 0.4 1 0.8
0.99889325699769 0.488957674090697 "experimento_9" 9 1500 1000 0.95 0.5 0.4 1 0.8
1.02639859821647 0.416645046216809 "experimento_9" 9 1500 1000 0.95 0.5 0.4 1 0.8
0.999179865932092 0.463683615200645 "experimento_9" 9 1500 1000 0.95 0.5 0.4 1 0.8
1.02908206637949 0.636780580567478 "experimento_9" 9 1500 1000 0.95 0.5 0.4 1 0.8
1.07661145646125 0.525248809755789 "experimento_9" 9 1500 1000 0.95 0.5 0.4 1 0.8
0.999494418501854 0.573732319263782 "experimento_9" 9 1500 1000 0.95 0.5 0.4 1 0.8
0.998455403605476 0.498811206597062 "experimento_9" 9 1500 1000 0.95 0.5 0.4 1 0.8
0.994847269263119 0.492502870064909 "experimento_9" 9 1500 1000 0.95 0.5 0.4 1 0.8
0.999905414879322 0.496247502583634 "experimento_9" 9 1500 1000 0.95 0.5 0.4 1 0.8
0.997552657965571 0.460177139665056 "experimento_9" 9 1500 1000 0.95 0.5 0.4 1 0.8
0.999320329399779 0.497060625793381 "experimento_9" 9 1500 1000 0.95 0.5 0.4 1 0.8
0.99986206763424 0.465807630564018 "experimento_9" 9 1500 1000 0.95 0.5 0.4 1 0.8
0.992293149232864 0.475291798320294 "experimento_9" 9 1500 1000 0.95 0.5 0.4 1 0.8
0.991910073673353 0.63565428040431 "experimento_9" 9 1500 1000 0.95 0.5 0.4 1 0.8
1.03855658920545 0.501064151177096 "experimento_9" 9 1500 1000 0.95 0.5 0.4 1 0.8
0.997547861421481 0.617317337609963 "experimento_9" 9 1500 1000 0.95 0.5 0.4 1 0.8
1.031805721938 0.493685260683426 "experimento_9" 9 1500 1000 0.95 0.5 0.4 1 0.8
0.999992042779922 0.503302054241824 "experimento_9" 9 1500 1000 0.95 0.5 0.4 1 0.8
0.999556865310296 0.530834341650296 "experimento_9" 9 1500 1000 0.95 0.5 0.4 1 0.8
0.998031772905961 0.607020542832336 "experimento_9" 9 1500 1000 0.95 0.5 0.4 1 0.8
1.20036456454545 0.468087158674304 "experimento_9" 9 1500 1000 0.95 0.5 0.4 1 0.8
0.995378118706867 0.609274858655429 "experimento_9" 9 1500 1000 0.95 0.5 0.4 1 0.8
0.999590322608128 0.506859467339007 "experimento_9" 9 1500 1000 0.95 0.5 0.4 1 0.8
0.990482797147706 0.620886398986701 "experimento_9" 9 1500 1000 0.95 0.5 0.4 1 0.8
1.29433911666274 0.461905968679849 "experimento_9" 9 1500 1000 0.95 0.5 0.4 1 0.8
0.99627229035832 0.481900481413911 "experimento_9" 9 1500 1000 0.95 0.5 0.4 1 0.8
1.37516497367104 0.432169102463718 "experimento_9" 9 1500 1000 0.95 0.5 0.4 1 0.8
1.00224356725812 0.451053011035123 "experimento_9" 9 1500 1000 0.95 0.5 0.4 1 0.8
0.997117345687002 0.506009786374632 "experimento_9" 9 1500 1000 0.95 0.5 0.4 1 0.8
0.996852461947128 0.540527970004179 "experimento_9" 9 1500 1000 0.95 0.5 0.4 1 0.8
0.995577269466594 0.586217237462834 "experimento_9" 9 1500 1000 0.95 0.5 0.4 1 0.8
0.99603620916605 0.609715447397702 "experimento_9" 9 1500 1000 0.95 0.5 0.4 1 0.8
1.00467852316797 0.601328016761634 "experimento_9" 9 1500 1000 0.95 0.5 0.4 1 0.8
1.0188997208744 0.468323181848126 "experimento_9" 9 1500 1000 0.95 0.5 0.4 1 0.8
1.05537403716579 0.50623456712913 "experimento_9" 9 1500 1000 0.95 0.5 0.4 1 0.8
0.996795767452568 0.54659141972537 "experimento_9" 9 1500 1000 0.95 0.5 0.4 1 0.8
0.999854402150959 0.485638406696434 "experimento_9" 9 1500 1000 0.95 0.5 0.4 1 0.8
0.999800074845552 0.447589311978146 "experimento_9" 9 1500 1000 0.95 0.5 0.4 1 0.8
0.99432104639709 0.595909309000093 "experimento_9" 9 1500 1000 0.95 0.5 0.4 1 0.8
1.1641583381201 0.419907325323703 "experimento_9" 9 1500 1000 0.95 0.5 0.4 1 0.8
0.996451574610546 0.541628533654273 "experimento_9" 9 1500 1000 0.95 0.5 0.4 1 0.8
0.999375152168795 0.476441319743148 "experimento_9" 9 1500 1000 0.95 0.5 0.4 1 0.8
0.999331363709643 0.451163352019071 "experimento_9" 9 1500 1000 0.95 0.5 0.4 1 0.8
1.2919714320451 0.565677315165455 "experimento_9" 9 1500 1000 0.95 0.5 0.4 1 0.8
0.999312404310331 0.401688313030777 "experimento_9" 9 1500 1000 0.95 0.5 0.4 1 0.8
1.00265172682703 0.571326848977591 "experimento_9" 9 1500 1000 0.95 0.5 0.4 1 0.8
0.997660571709275 0.477711920322023 "experimento_9" 9 1500 1000 0.95 0.5 0.4 1 0.8
0.99677753681317 0.435206283072686 "experimento_9" 9 1500 1000 0.95 0.5 0.4 1 0.8
0.999368873657659 0.632264891936663 "experimento_9" 9 1500 1000 0.95 0.5 0.4 1 0.8
1.23192304931581 0.444144032281863 "experimento_9" 9 1500 1000 0.95 0.5 0.4 1 0.8
1.00865259952843 0.525839364211626 "experimento_9" 9 1500 1000 0.95 0.5 0.4 1 0.8
0.994138367474079 0.726582847155584 "experimento_9" 9 1500 1000 0.95 0.5 0.4 1 0.8
0.994434012798592 0.459876569372107 "experimento_9" 9 1500 1000 0.95 0.5 0.4 1 0.8
1.00805267504387 0.426744947964236 "experimento_9" 9 1500 1000 0.95 0.5 0.4 1 0.8
0.996941375313327 0.494914308960938 "experimento_9" 9 1500 1000 0.95 0.5 0.4 1 0.8
0.997076698811725 0.548747328478587 "experimento_9" 9 1500 1000 0.95 0.5 0.4 1 0.8
0.996489795856178 0.469248139614383 "experimento_9" 9 1500 1000 0.95 0.5 0.4 1 0.8
1.02400689572096 0.406879432546683 "experimento_9" 9 1500 1000 0.95 0.5 0.4 1 0.8
0.999908156925812 0.565981297617208 "experimento_9" 9 1500 1000 0.95 0.5 0.4 1 0.8
0.997332611121237 0.50640183730889 "experimento_9" 9 1500 1000 0.95 0.5 0.4 1 0.8
0.998625416308641 0.530365591631224 "experimento_9" 9 1500 1000 0.95 0.5 0.4 1 0.8
0.998786787036806 0.494415454411657 "experimento_9" 9 1500 1000 0.95 0.5 0.4 1 0.8
1.11311475839466 0.416651879982828 "experimento_9" 9 1500 1000 0.95 0.5 0.4 1 0.8
0.996141248382628 0.457960403177594 "experimento_9" 9 1500 1000 0.95 0.5 0.4 1 0.8
0.999442399013788 0.463230372615619 "experimento_9" 9 1500 1000 0.95 0.5 0.4 1 0.8
0.997505962150171 0.455938623362864 "experimento_9" 9 1500 1000 0.95 0.5 0.4 1 0.8
1.01525849272575 0.518783187527287 "experimento_9" 9 1500 1000 0.95 0.5 0.4 1 0.8
0.997076285770163 0.604940589209811 "experimento_9" 9 1500 1000 0.95 0.5 0.4 1 0.8
0.999692231649533 0.61717336828089 "experimento_9" 9 1500 1000 0.95 0.5 0.4 1 0.8
1.00167128257453 0.641454850891168 "experimento_9" 9 1500 1000 0.95 0.5 0.4 1 0.8
1.02103719034986 0.450560300906149 "experimento_9" 9 1500 1000 0.95 0.5 0.4 1 0.8
0.99649099400267 0.528482086072716 "experimento_9" 9 1500 1000 0.95 0.5 0.4 1 0.8
0.99986427789554 0.458712224119732 "experimento_9" 9 1500 1000 0.95 0.5 0.4 1 0.8
0.996254196856171 0.479820421991149 "experimento_9" 9 1500 1000 0.95 0.5 0.4 1 0.8
1.26666139718145 0.447266638868669 "experimento_9" 9 1500 1000 0.95 0.5 0.4 1 0.8
1.01880097109824 0.502047153160184 "experimento_9" 9 1500 1000 0.95 0.5 0.4 1 0.8
0.995259139453992 0.420906230508586 "experimento_9" 9 1500 1000 0.95 0.5 0.4 1 0.8
0.995560168055817 0.476474279969598 "experimento_9" 9 1500 1000 0.95 0.5 0.4 1 0.8
0.999720038846135 0.564050141538185 "experimento_9" 9 1500 1000 0.95 0.5 0.4 1 0.8
0.99789138068445 0.39566932961498 "experimento_9" 9 1500 1000 0.95 0.5 0.4 1 0.8
0.992827503243461 0.601044342707747 "experimento_9" 9 1500 1000 0.95 0.5 0.4 1 0.8
0.999183815671131 0.559124914108756 "experimento_9" 9 1500 1000 0.95 0.5 0.4 1 0.8
1.02995001617819 0.452653523068792 "experimento_9" 9 1500 1000 0.95 0.5 0.4 1 0.8
0.99968280014582 0.516865072858718 "experimento_9" 9 1500 1000 0.95 0.5 0.4 1 0.8
0.999712666496634 0.464699338643469 "experimento_9" 9 1500 1000 0.95 0.5 0.4 1 0.8
0.996028870344162 0.548513952234755 "experimento_9" 9 1500 1000 0.95 0.5 0.4 1 0.8
0.996889229631051 0.566909904358824 "experimento_9" 9 1500 1000 0.95 0.5 0.4 1 0.8
0.995057957712561 0.504483508888854 "experimento_9" 9 1500 1000 0.95 0.5 0.4 1 0.8
0.996506782248616 0.465377271938262 "experimento_9" 9 1500 1000 0.95 0.5 0.4 1 0.8
1.08478894829531 0.5062703736153 "experimento_9" 9 1500 1000 0.95 0.5 0.4 1 0.8
1.04383204225451 0.492727990210299 "experimento_9" 9 1500 1000 0.95 0.5 0.4 1 0.8
0.995774282608181 0.581370850061654 "experimento_9" 9 1500 1000 0.95 0.5 0.4 1 0.8
0.998775980435312 0.520268235519953 "experimento_9" 9 1500 1000 0.95 0.5 0.4 1 0.8
0.994315901771188 0.547668927267825 "experimento_9" 9 1500 1000 0.95 0.5 0.4 1 0.8
0.994675386929885 0.486801068619021 "experimento_9" 9 1500 1000 0.95 0.5 0.4 1 0.8
0.999055969296023 0.620051225092563 "experimento_9" 9 1500 1000 0.95 0.5 0.4 1 0.8
0.999871069798246 0.625489490544886 "experimento_9" 9 1500 1000 0.95 0.5 0.4 1 0.8
0.997589680831879 0.509998293893898 "experimento_9" 9 1500 1000 0.95 0.5 0.4 1 0.8
0.999972933670506 0.552209972784103 "experimento_9" 9 1500 1000 0.95 0.5 0.4 1 0.8
1.0039156526134 0.595295474361676 "experimento_9" 9 1500 1000 0.95 0.5 0.4 1 0.8
0.997266793856397 0.620275191325605 "experimento_9" 9 1500 1000 0.95 0.5 0.4 1 0.8
0.997032350627705 0.566934299235897 "experimento_9" 9 1500 1000 0.95 0.5 0.4 1 0.8
0.99688511621207 0.538088971310287 "experimento_9" 9 1500 1000 0.95 0.5 0.4 1 0.8
1.0143381789556 0.518622057476873 "experimento_9" 9 1500 1000 0.95 0.5 0.4 1 0.8
0.997856367146596 0.445904161192814 "experimento_9" 9 1500 1000 0.95 0.5 0.4 1 0.8
1.02627396508193 0.49692139359269 "experimento_9" 9 1500 1000 0.95 0.5 0.4 1 0.8
0.994435162749141 0.656377171587259 "experimento_9" 9 1500 1000 0.95 0.5 0.4 1 0.8
0.995862559881061 0.565397120338397 "experimento_9" 9 1500 1000 0.95 0.5 0.4 1 0.8
0.998343789251521 0.525387153891995 "experimento_9" 9 1500 1000 0.95 0.5 0.4 1 0.8
0.997997942613438 0.447321047907745 "experimento_9" 9 1500 1000 0.95 0.5 0.4 1 0.8
0.996757498709485 0.49106184981782 "experimento_9" 9 1500 1000 0.95 0.5 0.4 1 0.8
0.99635443626903 0.483142499322728 "experimento_9" 9 1500 1000 0.95 0.5 0.4 1 0.8
0.99945058580488 0.52107151456818 "experimento_9" 9 1500 1000 0.95 0.5 0.4 1 0.8
1.2927671065554 0.550865066008314 "experimento_9" 9 1500 1000 0.95 0.5 0.4 1 0.8
1.14109283313155 0.443967697962185 "experimento_9" 9 1500 1000 0.95 0.5 0.4 1 0.8
0.996269222348928 0.505279304710055 "experimento_9" 9 1500 1000 0.95 0.5 0.4 1 0.8
0.998995901318267 0.406305293865865 "experimento_9" 9 1500 1000 0.95 0.5 0.4 1 0.8
0.997976587153971 0.447603490515086 "experimento_9" 9 1500 1000 0.95 0.5 0.4 1 0.8
1.00863556026058 0.50625660280799 "experimento_9" 9 1500 1000 0.95 0.5 0.4 1 0.8
0.99723086389713 0.505386801422063 "experimento_9" 9 1500 1000 0.95 0.5 0.4 1 0.8
0.999542989535257 0.491437633951619 "experimento_9" 9 1500 1000 0.95 0.5 0.4 1 0.8
1.37779774516821 0.641151078086596 "experimento_9" 9 1500 1000 0.95 0.5 0.4 1 0.8
0.999066703021526 0.461205110193806 "experimento_9" 9 1500 1000 0.95 0.5 0.4 1 0.8
0.998115648981184 0.577498430226465 "experimento_9" 9 1500 1000 0.95 0.5 0.4 1 0.8
0.998765635769814 0.400364437340783 "experimento_9" 9 1500 1000 0.95 0.5 0.4 1 0.8
1.00237358189488 0.494487597494833 "experimento_9" 9 1500 1000 0.95 0.5 0.4 1 0.8
0.990800695726648 0.515908493255939 "experimento_9" 9 1500 1000 0.95 0.5 0.4 1 0.8
1.00661802850664 0.47627082312396 "experimento_9" 9 1500 1000 0.95 0.5 0.4 1 0.8
0.999003699049354 0.554835925807663 "experimento_9" 9 1500 1000 0.95 0.5 0.4 1 0.8
0.99607558734715 0.595754401722952 "experimento_9" 9 1500 1000 0.95 0.5 0.4 1 0.8
0.997834381880239 0.595976453120636 "experimento_9" 9 1500 1000 0.95 0.5 0.4 1 0.8
0.999889629893005 0.477420790131865 "experimento_9" 9 1500 1000 0.95 0.5 0.4 1 0.8
1.24070726241916 0.629534213172274 "experimento_9" 9 1500 1000 0.95 0.5 0.4 1 0.8
0.997959383297712 0.591484778973684 "experimento_9" 9 1500 1000 0.95 0.5 0.4 1 0.8
0.996000435436144 0.457362719055299 "experimento_9" 9 1500 1000 0.95 0.5 0.4 1 0.8
0.997688886709511 0.568556852447881 "experimento_9" 9 1500 1000 0.95 0.5 0.4 1 0.8
1.03700348840593 0.454133231946412 "experimento_9" 9 1500 1000 0.95 0.5 0.4 1 0.8
0.999706250149757 0.466130676130434 "experimento_9" 9 1500 1000 0.95 0.5 0.4 1 0.8
0.996540675172582 0.487975988789187 "experimento_9" 9 1500 1000 0.95 0.5 0.4 1 0.8
0.997119612060487 0.567323637326923 "experimento_9" 9 1500 1000 0.95 0.5 0.4 1 0.8
1.01764155120093 0.473626130743169 "experimento_9" 9 1500 1000 0.95 0.5 0.4 1 0.8
0.997819736832753 0.623155527431458 "experimento_9" 9 1500 1000 0.95 0.5 0.4 1 0.8
0.9964213387575 0.525273620808542 "experimento_9" 9 1500 1000 0.95 0.5 0.4 1 0.8
0.997480676276609 0.415876787175124 "experimento_9" 9 1500 1000 0.95 0.5 0.4 1 0.8
1.1156309871003 0.448798632251974 "experimento_9" 9 1500 1000 0.95 0.5 0.4 1 0.8
1.03861190378666 0.483248280261008 "experimento_9" 9 1500 1000 0.95 0.5 0.4 1 0.8
1.13764662900726 0.484516823312286 "experimento_9" 9 1500 1000 0.95 0.5 0.4 1 0.8
0.99791493662633 0.577754625767923 "experimento_9" 9 1500 1000 0.95 0.5 0.4 1 0.8
0.992922754725441 0.52962846735058 "experimento_9" 9 1500 1000 0.95 0.5 0.4 1 0.8
1.03312373813242 0.536285187119706 "experimento_9" 9 1500 1000 0.95 0.5 0.4 1 0.8
0.998473081970587 0.477951496131597 "experimento_9" 9 1500 1000 0.95 0.5 0.4 1 0.8
0.99766709189862 0.577021116527838 "experimento_9" 9 1500 1000 0.95 0.5 0.4 1 0.8
0.99877853016369 0.658811340053543 "experimento_9" 9 1500 1000 0.95 0.5 0.4 1 0.8
0.995361117413267 0.52969936593181 "experimento_9" 9 1500 1000 0.95 0.5 0.4 1 0.8
0.996617793105543 0.559649430249398 "experimento_9" 9 1500 1000 0.95 0.5 0.4 1 0.8
0.997177717508748 0.457515411509459 "experimento_9" 9 1500 1000 0.95 0.5 0.4 1 0.8
0.998396986629814 0.488161407564486 "experimento_9" 9 1500 1000 0.95 0.5 0.4 1 0.8
0.997340391855687 0.517136469063622 "experimento_9" 9 1500 1000 0.95 0.5 0.4 1 0.8
0.999175631674007 0.596025968855164 "experimento_9" 9 1500 1000 0.95 0.5 0.4 1 0.8
0.999857268063352 0.512455367560518 "experimento_9" 9 1500 1000 0.95 0.5 0.4 1 0.8
0.995229117805138 0.537967619855874 "experimento_9" 9 1500 1000 0.95 0.5 0.4 1 0.8
0.99869971931912 0.423086325529086 "experimento_9" 9 1500 1000 0.95 0.5 0.4 1 0.8
0.99877931503579 0.420802375465806 "experimento_9" 9 1500 1000 0.95 0.5 0.4 1 0.8
0.99236489715986 0.494345443616995 "experimento_9" 9 1500 1000 0.95 0.5 0.4 1 0.8
1.1575890025124 0.448151785747409 "experimento_9" 9 1500 1000 0.95 0.5 0.4 1 0.8
0.999182281782851 0.474709805730047 "experimento_9" 9 1500 1000 0.95 0.5 0.4 1 0.8
0.995842804899439 0.55166447024987 "experimento_9" 9 1500 1000 0.95 0.5 0.4 1 0.8
0.997640256537125 0.475391175351819 "experimento_9" 9 1500 1000 0.95 0.5 0.4 1 0.8
0.99953115475364 0.508048660742592 "experimento_9" 9 1500 1000 0.95 0.5 0.4 1 0.8
0.998971486231312 0.517874184070313 "experimento_9" 9 1500 1000 0.95 0.5 0.4 1 0.8
0.997880823910236 0.500954245094943 "experimento_9" 9 1500 1000 0.95 0.5 0.4 1 0.8
1.05933618925423 0.448610987745322 "experimento_9" 9 1500 1000 0.95 0.5 0.4 1 0.8
0.995292593259364 0.481916591297223 "experimento_9" 9 1500 1000 0.95 0.5 0.4 1 0.8
0.999357953201979 0.541700266139648 "experimento_9" 9 1500 1000 0.95 0.5 0.4 1 0.8
1.01131327450275 0.426678071471451 "experimento_9" 9 1500 1000 0.95 0.5 0.4 1 0.8
0.999523993348703 0.626536463242656 "experimento_9" 9 1500 1000 0.95 0.5 0.4 1 0.8
0.999669761629775 0.483172417297059 "experimento_9" 9 1500 1000 0.95 0.5 0.4 1 0.8
0.998517817817628 0.816184964096073 "experimento_9" 9 1500 1000 0.95 0.5 0.4 1 0.8
0.999462496023625 0.473947698856919 "experimento_9" 9 1500 1000 0.95 0.5 0.4 1 0.8
0.996311842696741 0.514591140479324 "experimento_9" 9 1500 1000 0.95 0.5 0.4 1 0.8
1.30150702130049 0.459040569460923 "experimento_9" 9 1500 1000 0.95 0.5 0.4 1 0.8
0.997157898265868 0.539835283808618 "experimento_9" 9 1500 1000 0.95 0.5 0.4 1 0.8
0.999471484217793 0.472727766864094 "experimento_9" 9 1500 1000 0.95 0.5 0.4 1 0.8
0.996215347899124 0.648844301962533 "experimento_9" 9 1500 1000 0.95 0.5 0.4 1 0.8
0.998915385454893 0.474008869847516 "experimento_9" 9 1500 1000 0.95 0.5 0.4 1 0.8
0.999520379351452 0.48349411515092 "experimento_9" 9 1500 1000 0.95 0.5 0.4 1 0.8
1.35337920448771 0.546159662377381 "experimento_9" 9 1500 1000 0.95 0.5 0.4 1 0.8
0.999894274398685 0.501115793360081 "experimento_9" 9 1500 1000 0.95 0.5 0.4 1 0.8
0.999339561909437 0.482798380140624 "experimento_9" 9 1500 1000 0.95 0.5 0.4 1 0.8
1.21407026225737 0.489556690408867 "experimento_9" 9 1500 1000 0.95 0.5 0.4 1 0.8
0.995265441713855 0.534513258525047 "experimento_9" 9 1500 1000 0.95 0.5 0.4 1 0.8
0.999085751362145 0.408224166799861 "experimento_9" 9 1500 1000 0.95 0.5 0.4 1 0.8
0.999276251997799 0.553550268775527 "experimento_9" 9 1500 1000 0.95 0.5 0.4 1 0.8
0.997610642109066 0.580812866272289 "experimento_9" 9 1500 1000 0.95 0.5 0.4 1 0.8
0.997357049258426 0.595316055523939 "experimento_9" 9 1500 1000 0.95 0.5 0.4 1 0.8
0.997804263839498 0.512298504114953 "experimento_9" 9 1500 1000 0.95 0.5 0.4 1 0.8
0.996744241565466 0.526775379107586 "experimento_9" 9 1500 1000 0.95 0.5 0.4 1 0.8
0.996707609621808 0.492613155439813 "experimento_9" 9 1500 1000 0.95 0.5 0.4 1 0.8
1.05502323713154 0.438533829871878 "experimento_9" 9 1500 1000 0.95 0.5 0.4 1 0.8
1.76027941703796 0.330135041857684 "experimento_9" 9 1500 1000 0.95 0.5 0.4 1 0.8
0.999861243413761 0.546535766212347 "experimento_9" 9 1500 1000 0.95 0.5 0.4 1 0.8
0.997129504336044 0.536424719390627 "experimento_9" 9 1500 1000 0.95 0.5 0.4 1 0.8
1.28195889415826 0.501286245267714 "experimento_9" 9 1500 1000 0.95 0.5 0.4 1 0.8
0.992313875816762 0.568042888407256 "experimento_9" 9 1500 1000 0.95 0.5 0.4 1 0.8
0.994481722824275 0.500800744007323 "experimento_9" 9 1500 1000 0.95 0.5 0.4 1 0.8
0.99881846900098 0.516865560590104 "experimento_9" 9 1500 1000 0.95 0.5 0.4 1 0.8
0.999973305733874 0.463681336587683 "experimento_9" 9 1500 1000 0.95 0.5 0.4 1 0.8
0.999319949653 0.569757104530001 "experimento_9" 9 1500 1000 0.95 0.5 0.4 1 0.8
0.995015261229128 0.506481035882369 "experimento_9" 9 1500 1000 0.95 0.5 0.4 1 0.8
0.998437433969229 0.610230304146746 "experimento_9" 9 1500 1000 0.95 0.5 0.4 1 0.8
0.995987747563049 0.430600255444103 "experimento_9" 9 1500 1000 0.95 0.5 0.4 1 0.8
1.00033301045293 0.483164113339697 "experimento_9" 9 1500 1000 0.95 0.5 0.4 1 0.8
1.02398707903922 0.538722971884347 "experimento_9" 9 1500 1000 0.95 0.5 0.4 1 0.8
1.46447294764221 0.478448358644122 "experimento_9" 9 1500 1000 0.95 0.5 0.4 1 0.8
1.0014054210774 0.472542786598527 "experimento_9" 9 1500 1000 0.95 0.5 0.4 1 0.8
0.99962463369593 0.535434667743083 "experimento_9" 9 1500 1000 0.95 0.5 0.4 1 0.8
1.11736094567671 0.400946869313204 "experimento_9" 9 1500 1000 0.95 0.5 0.4 1 0.8
0.998755059437826 0.624819104904645 "experimento_9" 9 1500 1000 0.95 0.5 0.4 1 0.8
1.3518016571179 0.427546806722236 "experimento_9" 9 1500 1000 0.95 0.5 0.4 1 0.8
0.996678174706176 0.54770956463714 "experimento_9" 9 1500 1000 0.95 0.5 0.4 1 0.8
1.24126850441098 0.511008690972771 "experimento_9" 9 1500 1000 0.95 0.5 0.4 1 0.8
0.99884406873025 0.426023549703399 "experimento_9" 9 1500 1000 0.95 0.5 0.4 1 0.8
0.997480867197737 0.629082290968236 "experimento_9" 9 1500 1000 0.95 0.5 0.4 1 0.8
0.994040733901784 0.519903613362655 "experimento_9" 9 1500 1000 0.95 0.5 0.4 1 0.8
0.996517662890255 0.455524577648096 "experimento_9" 9 1500 1000 0.95 0.5 0.4 1 0.8
1.00911496672779 0.444859075721065 "experimento_9" 9 1500 1000 0.95 0.5 0.4 1 0.8
0.997116045095026 0.466335449814607 "experimento_9" 9 1500 1000 0.95 0.5 0.4 1 0.8
0.998965598875657 0.627459637855609 "experimento_9" 9 1500 1000 0.95 0.5 0.4 1 0.8
0.999643523944542 0.608345122467749 "experimento_9" 9 1500 1000 0.95 0.5 0.4 1 0.8
0.99938021437265 0.633746733632615 "experimento_9" 9 1500 1000 0.95 0.5 0.4 1 0.8
0.994882066268474 0.497436384689219 "experimento_9" 9 1500 1000 0.95 0.5 0.4 1 0.8
0.996833945857361 0.567768836981751 "experimento_9" 9 1500 1000 0.95 0.5 0.4 1 0.8
0.999614357016981 0.449164009859189 "experimento_9" 9 1500 1000 0.95 0.5 0.4 1 0.8
0.99849383207038 0.533884643576678 "experimento_9" 9 1500 1000 0.95 0.5 0.4 1 0.8
1.00044750794768 0.509519454868025 "experimento_9" 9 1500 1000 0.95 0.5 0.4 1 0.8
0.999100957065821 0.510858328403802 "experimento_9" 9 1500 1000 0.95 0.5 0.4 1 0.8
0.998596105258912 0.486529494702432 "experimento_9" 9 1500 1000 0.95 0.5 0.4 1 0.8
0.993894082726911 0.715114465238016 "experimento_9" 9 1500 1000 0.95 0.5 0.4 1 0.8
1.67549636401236 0.442634958803537 "experimento_9" 9 1500 1000 0.95 0.5 0.4 1 0.8
1.2534605814144 0.516366717652917 "experimento_9" 9 1500 1000 0.95 0.5 0.4 1 0.8
0.997690371237695 0.569716196619381 "experimento_9" 9 1500 1000 0.95 0.5 0.4 1 0.8
0.995755846612155 0.509720303455785 "experimento_9" 9 1500 1000 0.95 0.5 0.4 1 0.8
1.18064988951817 0.397649692756797 "experimento_9" 9 1500 1000 0.95 0.5 0.4 1 0.8
0.996150193270296 0.470260381935511 "experimento_9" 9 1500 1000 0.95 0.5 0.4 1 0.8
1.32118195015937 0.478454435592997 "experimento_9" 9 1500 1000 0.95 0.5 0.4 1 0.8
1.04708120085293 0.495355341568598 "experimento_9" 9 1500 1000 0.95 0.5 0.4 1 0.8
0.999472789699212 0.480255009820699 "experimento_9" 9 1500 1000 0.95 0.5 0.4 1 0.8
0.999429299961776 0.570165218898633 "experimento_9" 9 1500 1000 0.95 0.5 0.4 1 0.8
1.00510578788817 0.488944574997627 "experimento_9" 9 1500 1000 0.95 0.5 0.4 1 0.8
1.17308564891334 0.501880664498596 "experimento_9" 9 1500 1000 0.95 0.5 0.4 1 0.8
1.05977077309031 0.503206351709059 "experimento_9" 9 1500 1000 0.95 0.5 0.4 1 0.8
0.999895715853199 0.569644816953455 "experimento_9" 9 1500 1000 0.95 0.5 0.4 1 0.8
0.996384111698717 0.471998669456294 "experimento_9" 9 1500 1000 0.95 0.5 0.4 1 0.8
0.999002551659942 0.68722254479952 "experimento_9" 9 1500 1000 0.95 0.5 0.4 1 0.8
0.999296013033018 0.543426267580996 "experimento_9" 9 1500 1000 0.95 0.5 0.4 1 0.8
0.996629994129762 0.463140595684502 "experimento_9" 9 1500 1000 0.95 0.5 0.4 1 0.8
0.998903473373502 0.47905155646426 "experimento_9" 9 1500 1000 0.95 0.5 0.4 1 0.8
0.998997283633798 0.524653331746521 "experimento_9" 9 1500 1000 0.95 0.5 0.4 1 0.8
0.99669584305957 0.619703373700156 "experimento_9" 9 1500 1000 0.95 0.5 0.4 1 0.8
0.998201022623107 0.478541320475769 "experimento_9" 9 1500 1000 0.95 0.5 0.4 1 0.8
0.994430587626994 0.487511734400168 "experimento_9" 9 1500 1000 0.95 0.5 0.4 1 0.8
0.997643720824271 0.488110631713953 "experimento_9" 9 1500 1000 0.95 0.5 0.4 1 0.8
0.998183682793751 0.481391367795968 "experimento_9" 9 1500 1000 0.95 0.5 0.4 1 0.8
0.998819176340476 0.519413768726848 "experimento_9" 9 1500 1000 0.95 0.5 0.4 1 0.8
0.99985808134079 0.490436607997227 "experimento_9" 9 1500 1000 0.95 0.5 0.4 1 0.8
0.998376624658704 0.599525334306131 "experimento_9" 9 1500 1000 0.95 0.5 0.4 1 0.8
0.999186730245128 0.467285372316721 "experimento_9" 9 1500 1000 0.95 0.5 0.4 1 0.8
1.37781039997935 0.528798252085274 "experimento_9" 9 1500 1000 0.95 0.5 0.4 1 0.8
0.99814618146047 0.677280169978051 "experimento_9" 9 1500 1000 0.95 0.5 0.4 1 0.8
0.998824648791924 0.665076885048613 "experimento_9" 9 1500 1000 0.95 0.5 0.4 1 0.8
0.996426215628162 0.526026681415698 "experimento_9" 9 1500 1000 0.95 0.5 0.4 1 0.8
1.55263336375356 0.436360910038421 "experimento_9" 9 1500 1000 0.95 0.5 0.4 1 0.8
1.06693182885647 0.595016251028906 "experimento_9" 9 1500 1000 0.95 0.5 0.4 1 0.8
0.996566476067528 0.642234135926309 "experimento_9" 9 1500 1000 0.95 0.5 0.4 1 0.8
0.999067477649078 0.600199715883603 "experimento_9" 9 1500 1000 0.95 0.5 0.4 1 0.8
0.999580877833068 0.471500076760024 "experimento_9" 9 1500 1000 0.95 0.5 0.4 1 0.8
0.99683172814548 0.484150364962335 "experimento_9" 9 1500 1000 0.95 0.5 0.4 1 0.8
0.997562066884711 0.570698205788594 "experimento_9" 9 1500 1000 0.95 0.5 0.4 1 0.8
0.999552775872871 0.510879401040585 "experimento_9" 9 1500 1000 0.95 0.5 0.4 1 0.8
0.998378319432959 0.47613466065231 "experimento_9" 9 1500 1000 0.95 0.5 0.4 1 0.8
1.73491360526532 0.505403139909184 "experimento_9" 9 1500 1000 0.95 0.5 0.4 1 0.8
0.997403333429247 0.439691677710203 "experimento_9" 9 1500 1000 0.95 0.5 0.4 1 0.8
0.995853367494419 0.507371734956639 "experimento_9" 9 1500 1000 0.95 0.5 0.4 1 0.8
0.99714696011506 0.524894734107704 "experimento_9" 9 1500 1000 0.95 0.5 0.4 1 0.8
0.998733844375238 0.541512453247408 "experimento_9" 9 1500 1000 0.95 0.5 0.4 1 0.8
0.999172766925767 0.603185354724842 "experimento_9" 9 1500 1000 0.95 0.5 0.4 1 0.8
0.999169636750594 0.743660145235515 "experimento_9" 9 1500 1000 0.95 0.5 0.4 1 0.8
0.999556872528046 0.601605105421043 "experimento_9" 9 1500 1000 0.95 0.5 0.4 1 0.8
0.995778895216063 0.704337252720723 "experimento_9" 9 1500 1000 0.95 0.5 0.4 1 0.8
0.992426714394242 0.511726988380061 "experimento_9" 9 1500 1000 0.95 0.5 0.4 1 0.8
0.999827998690307 0.485109871731526 "experimento_9" 9 1500 1000 0.95 0.5 0.4 1 0.8
0.998840472893789 0.452773486384975 "experimento_9" 9 1500 1000 0.95 0.5 0.4 1 0.8
0.9999503523577 0.443217274668309 "experimento_9" 9 1500 1000 0.95 0.5 0.4 1 0.8
1.02285301033407 0.440406122234157 "experimento_9" 9 1500 1000 0.95 0.5 0.4 1 0.8
1.68651103135198 0.420144448302986 "experimento_9" 9 1500 1000 0.95 0.5 0.4 1 0.8
0.999381208559498 0.482434993949183 "experimento_9" 9 1500 1000 0.95 0.5 0.4 1 0.8
1.31513717956841 0.430793356246232 "experimento_9" 9 1500 1000 0.95 0.5 0.4 1 0.8
0.999037431320176 0.618695591619734 "experimento_9" 9 1500 1000 0.95 0.5 0.4 1 0.8
0.997577236499637 0.608826960288085 "experimento_9" 9 1500 1000 0.95 0.5 0.4 1 0.8
0.998343022540212 0.487240364018028 "experimento_9" 9 1500 1000 0.95 0.5 0.4 1 0.8
0.998554242309183 0.453632320780795 "experimento_9" 9 1500 1000 0.95 0.5 0.4 1 0.8
1.00409825053066 0.444393433085699 "experimento_9" 9 1500 1000 0.95 0.5 0.4 1 0.8
0.99832578911446 0.523270429890131 "experimento_9" 9 1500 1000 0.95 0.5 0.4 1 0.8
1.04718815535307 0.433122762418935 "experimento_9" 9 1500 1000 0.95 0.5 0.4 1 0.8
0.99645184376277 0.577505353289535 "experimento_9" 9 1500 1000 0.95 0.5 0.4 1 0.8
0.996256822021678 0.514842551485236 "experimento_9" 9 1500 1000 0.95 0.5 0.4 1 0.8
0.999581036623567 0.508305391506448 "experimento_9" 9 1500 1000 0.95 0.5 0.4 1 0.8
0.992236752063036 0.534562263254622 "experimento_9" 9 1500 1000 0.95 0.5 0.4 1 0.8
0.999230230227113 0.572227715873315 "experimento_9" 9 1500 1000 0.95 0.5 0.4 1 0.8
0.99860464874655 0.528141344889614 "experimento_9" 9 1500 1000 0.95 0.5 0.4 1 0.8
0.997076260158792 0.567872422015705 "experimento_9" 9 1500 1000 0.95 0.5 0.4 1 0.8
0.994855974800885 0.469852321815784 "experimento_9" 9 1500 1000 0.95 0.5 0.4 1 0.8
1.53310363646597 0.380160111183928 "experimento_9" 9 1500 1000 0.95 0.5 0.4 1 0.8
0.999944660346955 0.54678148043952 "experimento_9" 9 1500 1000 0.95 0.5 0.4 1 0.8
1.02910201344639 0.474060546657232 "experimento_9" 9 1500 1000 0.95 0.5 0.4 1 0.8
0.992790236370638 0.694792509522366 "experimento_9" 9 1500 1000 0.95 0.5 0.4 1 0.8
0.998039017664269 0.582095813958348 "experimento_9" 9 1500 1000 0.95 0.5 0.4 1 0.8
1.51582544483244 0.488972091286785 "experimento_9" 9 1500 1000 0.95 0.5 0.4 1 0.8
0.997586878947914 0.519975188611885 "experimento_9" 9 1500 1000 0.95 0.5 0.4 1 0.8
0.993891476653516 0.615663949535676 "experimento_9" 9 1500 1000 0.95 0.5 0.4 1 0.8
0.999467603862286 0.438615852775597 "experimento_9" 9 1500 1000 0.95 0.5 0.4 1 0.8
0.996890784939751 0.437170549602145 "experimento_9" 9 1500 1000 0.95 0.5 0.4 1 0.8
0.9974071579054 0.481718937062321 "experimento_9" 9 1500 1000 0.95 0.5 0.4 1 0.8
0.99759506364353 0.45830690813192 "experimento_9" 9 1500 1000 0.95 0.5 0.4 1 0.8
0.997809369815513 0.558371003884783 "experimento_9" 9 1500 1000 0.95 0.5 0.4 1 0.8
1.16202879976481 0.475472783929617 "experimento_9" 9 1500 1000 0.95 0.5 0.4 1 0.8
1.33871408179402 0.481839503960852 "experimento_9" 9 1500 1000 0.95 0.5 0.4 1 0.8
0.997405283618718 0.579270424099668 "experimento_9" 9 1500 1000 0.95 0.5 0.4 1 0.8
0.999978599371389 0.399029782368448 "experimento_9" 9 1500 1000 0.95 0.5 0.4 1 0.8
1.04591214284301 0.557819085646573 "experimento_9" 9 1500 1000 0.95 0.5 0.4 1 0.8
0.998963432153687 0.504906150019649 "experimento_9" 9 1500 1000 0.95 0.5 0.4 1 0.8
1.04236298799515 0.484556220166388 "experimento_9" 9 1500 1000 0.95 0.5 0.4 1 0.8
0.99388918443583 0.628887963654248 "experimento_9" 9 1500 1000 0.95 0.5 0.4 1 0.8
0.990191020071507 0.519627040654927 "experimento_9" 9 1500 1000 0.95 0.5 0.4 1 0.8
0.994180378504097 0.599781884405302 "experimento_9" 9 1500 1000 0.95 0.5 0.4 1 0.8
1.10088319600117 0.431399140307574 "experimento_9" 9 1500 1000 0.95 0.5 0.4 1 0.8
0.999374179402366 0.417473620735965 "experimento_9" 9 1500 1000 0.95 0.5 0.4 1 0.8
0.99961820547469 0.492935049354493 "experimento_9" 9 1500 1000 0.95 0.5 0.4 1 0.8
0.997358761029318 0.631531265914114 "experimento_9" 9 1500 1000 0.95 0.5 0.4 1 0.8
0.995237851981074 0.581785157475262 "experimento_9" 9 1500 1000 0.95 0.5 0.4 1 0.8
0.995989270042628 0.544764599154227 "experimento_9" 9 1500 1000 0.95 0.5 0.4 1 0.8
0.997125707566738 0.53143530577344 "experimento_9" 9 1500 1000 0.95 0.5 0.4 1 0.8
0.998877922073007 0.416844139170455 "experimento_9" 9 1500 1000 0.95 0.5 0.4 1 0.8
1.03599333820389 0.632748930164414 "experimento_9" 9 1500 1000 0.95 0.5 0.4 1 0.8
0.994333933573216 0.528913640891135 "experimento_9" 9 1500 1000 0.95 0.5 0.4 1 0.8
1.10223915334791 0.474204697513123 "experimento_9" 9 1500 1000 0.95 0.5 0.4 1 0.8
0.999423205852509 0.536640114387526 "experimento_9" 9 1500 1000 0.95 0.5 0.4 1 0.8
0.998452442931011 0.484681908138756 "experimento_9" 9 1500 1000 0.95 0.5 0.4 1 0.8
0.997684915317222 0.396344698653048 "experimento_9" 9 1500 1000 0.95 0.5 0.4 1 0.8
0.999853949062526 0.541889948071398 "experimento_9" 9 1500 1000 0.95 0.5 0.4 1 0.8
0.99756844737567 0.556611784976255 "experimento_9" 9 1500 1000 0.95 0.5 0.4 1 0.8
1.00519876275212 0.527191433464829 "experimento_9" 9 1500 1000 0.95 0.5 0.4 1 0.8
1.1038950830698 0.479541662823624 "experimento_9" 9 1500 1000 0.95 0.5 0.4 1 0.8
0.998424695571885 0.404569445493138 "experimento_9" 9 1500 1000 0.95 0.5 0.4 1 0.8
0.991935046156868 0.510736113322361 "experimento_9" 9 1500 1000 0.95 0.5 0.4 1 0.8
0.996806889772415 0.455628556640733 "experimento_9" 9 1500 1000 0.95 0.5 0.4 1 0.8
0.996987259946764 0.539942242156835 "experimento_9" 9 1500 1000 0.95 0.5 0.4 1 0.8
0.996274247067049 0.486113929175001 "experimento_9" 9 1500 1000 0.95 0.5 0.4 1 0.8
0.99668519757688 0.504145301865538 "experimento_9" 9 1500 1000 0.95 0.5 0.4 1 0.8
1.00949932150496 0.45548280069808 "experimento_9" 9 1500 1000 0.95 0.5 0.4 1 0.8
1.13686817977577 0.561035755961831 "experimento_9" 9 1500 1000 0.95 0.5 0.4 1 0.8
1.11483756409446 0.434375774489798 "experimento_9" 9 1500 1000 0.95 0.5 0.4 1 0.8
0.999356401152909 0.602666387989122 "experimento_9" 9 1500 1000 0.95 0.5 0.4 1 0.8
1.37016658764333 0.428177251074768 "experimento_9" 9 1500 1000 0.95 0.5 0.4 1 0.8
0.997608633944765 0.47831096902705 "experimento_9" 9 1500 1000 0.95 0.5 0.4 1 0.8
1.00505622569472 0.553350048114687 "experimento_9" 9 1500 1000 0.95 0.5 0.4 1 0.8
0.998405044199899 0.492698184907669 "experimento_9" 9 1500 1000 0.95 0.5 0.4 1 0.8
1.24852443952113 0.598781851001264 "experimento_9" 9 1500 1000 0.95 0.5 0.4 1 0.8
0.99530461197719 0.543847631640443 "experimento_9" 9 1500 1000 0.95 0.5 0.4 1 0.8
0.999642733484507 0.440281002468477 "experimento_9" 9 1500 1000 0.95 0.5 0.4 1 0.8
1.03571382620989 0.43269906159333 "experimento_9" 9 1500 1000 0.95 0.5 0.4 1 0.8
0.996622054371983 0.594673960753737 "experimento_9" 9 1500 1000 0.95 0.5 0.4 1 0.8
0.995095705613494 0.500813832639768 "experimento_9" 9 1500 1000 0.95 0.5 0.4 1 0.8
0.996807596646249 0.517928366666781 "experimento_9" 9 1500 1000 0.95 0.5 0.4 1 0.8
0.999962743837386 0.529892487505153 "experimento_9" 9 1500 1000 0.95 0.5 0.4 1 0.8
1.21138324246925 0.421587110136448 "experimento_9" 9 1500 1000 0.95 0.5 0.4 1 0.8
0.997137644328177 0.576317455077973 "experimento_9" 9 1500 1000 0.95 0.5 0.4 1 0.8
0.996445110067725 0.491201783202546 "experimento_9" 9 1500 1000 0.95 0.5 0.4 1 0.8
1.00029421844591 0.456476096934194 "experimento_9" 9 1500 1000 0.95 0.5 0.4 1 0.8
0.997217712458223 0.600958198996363 "experimento_9" 9 1500 1000 0.95 0.5 0.4 1 0.8
0.991148939821869 0.66891644890119 "experimento_9" 9 1500 1000 0.95 0.5 0.4 1 0.8
1.00149723608047 0.437924613768459 "experimento_9" 9 1500 1000 0.95 0.5 0.4 1 0.8
1.03070709854364 0.418520759658251 "experimento_9" 9 1500 1000 0.95 0.5 0.4 1 0.8
0.992174527375028 0.530948254789907 "experimento_9" 9 1500 1000 0.95 0.5 0.4 1 0.8
1.09035514425779 0.607783079653178 "experimento_9" 9 1500 1000 0.95 0.5 0.4 1 0.8
0.998265335569158 0.464727034594626 "experimento_9" 9 1500 1000 0.95 0.5 0.4 1 0.8
0.998830372001976 0.600309136485298 "experimento_9" 9 1500 1000 0.95 0.5 0.4 1 0.8
0.999930182239041 0.485987509924809 "experimento_9" 9 1500 1000 0.95 0.5 0.4 1 0.8
0.995730155380443 0.758584403982399 "experimento_9" 9 1500 1000 0.95 0.5 0.4 1 0.8
0.996646810090169 0.578149593702981 "experimento_9" 9 1500 1000 0.95 0.5 0.4 1 0.8
0.999936523614451 0.437133813636644 "experimento_9" 9 1500 1000 0.95 0.5 0.4 1 0.8
0.997612549457699 0.517431959276299 "experimento_9" 9 1500 1000 0.95 0.5 0.4 1 0.8
0.9970897086896 0.467668491996544 "experimento_9" 9 1500 1000 0.95 0.5 0.4 1 0.8
0.998539317632094 0.588847880837077 "experimento_9" 9 1500 1000 0.95 0.5 0.4 1 0.8
0.999871917301789 0.45503398018569 "experimento_9" 9 1500 1000 0.95 0.5 0.4 1 0.8
0.997096062405035 0.601924593369662 "experimento_9" 9 1500 1000 0.95 0.5 0.4 1 0.8
0.999435894424096 0.542760776123449 "experimento_9" 9 1500 1000 0.95 0.5 0.4 1 0.8
0.992863521212712 0.447350447807211 "experimento_9" 9 1500 1000 0.95 0.5 0.4 1 0.8
0.998323452426121 0.624199289730987 "experimento_9" 9 1500 1000 0.95 0.5 0.4 1 0.8
0.997729082359001 0.477394467146504 "experimento_9" 9 1500 1000 0.95 0.5 0.4 1 0.8
1.12834408134222 0.394904844307015 "experimento_9" 9 1500 1000 0.95 0.5 0.4 1 0.8
0.996999454684556 0.511554477239674 "experimento_9" 9 1500 1000 0.95 0.5 0.4 1 0.8
1.08689570147544 0.505938985006783 "experimento_9" 9 1500 1000 0.95 0.5 0.4 1 0.8
0.998120377305895 0.449707271267693 "experimento_9" 9 1500 1000 0.95 0.5 0.4 1 0.8
1.24384033986507 0.465987208933899 "experimento_9" 9 1500 1000 0.95 0.5 0.4 1 0.8
0.995196470059454 0.589089575167916 "experimento_9" 9 1500 1000 0.95 0.5 0.4 1 0.8
0.997337348526344 0.47365011693742 "experimento_9" 9 1500 1000 0.95 0.5 0.4 1 0.8
0.999782246071845 0.534414656855054 "experimento_9" 9 1500 1000 0.95 0.5 0.4 1 0.8
0.999663556925952 0.470969222643774 "experimento_9" 9 1500 1000 0.95 0.5 0.4 1 0.8
