"est.u" "est.lamb" "name" "seed" "size" "replicates" "p_umbral" "exp_lambda" "alpha_pen" "n_pen" "c"
0.940894149942324 14.6071145019259 "experimento_69" 69 1500 1000 0.95 19 0.4 1 0.8
1.00085419842875 20.4978540331391 "experimento_69" 69 1500 1000 0.95 19 0.4 1 0.8
0.991680174134672 16.6766649231908 "experimento_69" 69 1500 1000 0.95 19 0.4 1 0.8
0.996418999973685 23.0210600050616 "experimento_69" 69 1500 1000 0.95 19 0.4 1 0.8
0.988877004710957 20.777974022415 "experimento_69" 69 1500 1000 0.95 19 0.4 1 0.8
0.971818660618737 18.6322566061796 "experimento_69" 69 1500 1000 0.95 19 0.4 1 0.8
0.964688883395866 17.5808784292993 "experimento_69" 69 1500 1000 0.95 19 0.4 1 0.8
0.956585434032604 18.3732900502496 "experimento_69" 69 1500 1000 0.95 19 0.4 1 0.8
0.987421289784834 19.8437429554212 "experimento_69" 69 1500 1000 0.95 19 0.4 1 0.8
0.959909742698073 16.6023219634259 "experimento_69" 69 1500 1000 0.95 19 0.4 1 0.8
0.971010030480102 16.8975205437634 "experimento_69" 69 1500 1000 0.95 19 0.4 1 0.8
0.963832170935348 17.7265733594425 "experimento_69" 69 1500 1000 0.95 19 0.4 1 0.8
0.934957734541968 13.942348324772 "experimento_69" 69 1500 1000 0.95 19 0.4 1 0.8
1.02115885426502 24.8326689945579 "experimento_69" 69 1500 1000 0.95 19 0.4 1 0.8
0.972358325496316 17.2732035916983 "experimento_69" 69 1500 1000 0.95 19 0.4 1 0.8
0.981880801497027 21.1863669527267 "experimento_69" 69 1500 1000 0.95 19 0.4 1 0.8
0.969366727862507 14.7569842294009 "experimento_69" 69 1500 1000 0.95 19 0.4 1 0.8
0.996105887461454 22.039783143651 "experimento_69" 69 1500 1000 0.95 19 0.4 1 0.8
0.994370941305533 20.6762086038596 "experimento_69" 69 1500 1000 0.95 19 0.4 1 0.8
0.980926380027086 15.7631872739884 "experimento_69" 69 1500 1000 0.95 19 0.4 1 0.8
0.969061957905069 18.9429281473198 "experimento_69" 69 1500 1000 0.95 19 0.4 1 0.8
0.989371405215934 20.7414545769429 "experimento_69" 69 1500 1000 0.95 19 0.4 1 0.8
1.03072896756624 20.9229367148315 "experimento_69" 69 1500 1000 0.95 19 0.4 1 0.8
1.01057771835966 20.8539697334287 "experimento_69" 69 1500 1000 0.95 19 0.4 1 0.8
0.987318494589999 18.4034695598235 "experimento_69" 69 1500 1000 0.95 19 0.4 1 0.8
0.970948485657573 19.0778380890138 "experimento_69" 69 1500 1000 0.95 19 0.4 1 0.8
0.997433120151982 20.9817602593579 "experimento_69" 69 1500 1000 0.95 19 0.4 1 0.8
1.00508795852191 14.7698173153649 "experimento_69" 69 1500 1000 0.95 19 0.4 1 0.8
1.03670320017532 21.4256608945918 "experimento_69" 69 1500 1000 0.95 19 0.4 1 0.8
0.994562168372795 20.9491467649591 "experimento_69" 69 1500 1000 0.95 19 0.4 1 0.8
0.990234580822289 21.8867370439427 "experimento_69" 69 1500 1000 0.95 19 0.4 1 0.8
0.982391433324665 20.0392575767049 "experimento_69" 69 1500 1000 0.95 19 0.4 1 0.8
0.975083640776575 19.1922331223357 "experimento_69" 69 1500 1000 0.95 19 0.4 1 0.8
0.977484446950257 18.4064057474934 "experimento_69" 69 1500 1000 0.95 19 0.4 1 0.8
0.976056753890589 16.2179914799188 "experimento_69" 69 1500 1000 0.95 19 0.4 1 0.8
0.973057707538828 17.0658953201909 "experimento_69" 69 1500 1000 0.95 19 0.4 1 0.8
0.984534427057952 21.3021946613708 "experimento_69" 69 1500 1000 0.95 19 0.4 1 0.8
0.966226845514029 15.8069360220803 "experimento_69" 69 1500 1000 0.95 19 0.4 1 0.8
0.998207192635164 18.6543571387237 "experimento_69" 69 1500 1000 0.95 19 0.4 1 0.8
0.966103121871129 17.6944833544314 "experimento_69" 69 1500 1000 0.95 19 0.4 1 0.8
1.00252644840236 17.0303884192785 "experimento_69" 69 1500 1000 0.95 19 0.4 1 0.8
0.967785524204373 19.0773258209029 "experimento_69" 69 1500 1000 0.95 19 0.4 1 0.8
0.982227702392265 17.2210634015124 "experimento_69" 69 1500 1000 0.95 19 0.4 1 0.8
0.99203207809478 22.4447549374788 "experimento_69" 69 1500 1000 0.95 19 0.4 1 0.8
0.947940231999382 16.3181378093013 "experimento_69" 69 1500 1000 0.95 19 0.4 1 0.8
0.988831662107259 17.3820551374551 "experimento_69" 69 1500 1000 0.95 19 0.4 1 0.8
0.950395041145384 16.4324686057943 "experimento_69" 69 1500 1000 0.95 19 0.4 1 0.8
0.96040776069276 17.0230032352574 "experimento_69" 69 1500 1000 0.95 19 0.4 1 0.8
0.984785307431594 20.4774974385533 "experimento_69" 69 1500 1000 0.95 19 0.4 1 0.8
0.978755716932938 17.396335884347 "experimento_69" 69 1500 1000 0.95 19 0.4 1 0.8
0.980161811457947 17.6738419370514 "experimento_69" 69 1500 1000 0.95 19 0.4 1 0.8
0.982165849069133 21.0706658232425 "experimento_69" 69 1500 1000 0.95 19 0.4 1 0.8
1.02331299969534 26.5203906652324 "experimento_69" 69 1500 1000 0.95 19 0.4 1 0.8
0.966201797593385 17.415968561086 "experimento_69" 69 1500 1000 0.95 19 0.4 1 0.8
0.977264189627022 20.5891785878542 "experimento_69" 69 1500 1000 0.95 19 0.4 1 0.8
1.03902907130136 28.2436726840062 "experimento_69" 69 1500 1000 0.95 19 0.4 1 0.8
1.04038404325096 19.0116058734975 "experimento_69" 69 1500 1000 0.95 19 0.4 1 0.8
0.97857995191589 19.1351756479541 "experimento_69" 69 1500 1000 0.95 19 0.4 1 0.8
0.982253194088116 19.8317981983605 "experimento_69" 69 1500 1000 0.95 19 0.4 1 0.8
0.998708453727886 24.3131990258477 "experimento_69" 69 1500 1000 0.95 19 0.4 1 0.8
0.971220088424161 17.5356791969853 "experimento_69" 69 1500 1000 0.95 19 0.4 1 0.8
0.998331944691017 18.6459583847837 "experimento_69" 69 1500 1000 0.95 19 0.4 1 0.8
0.981194244232029 17.8912090537491 "experimento_69" 69 1500 1000 0.95 19 0.4 1 0.8
0.990824738284573 18.6136341152328 "experimento_69" 69 1500 1000 0.95 19 0.4 1 0.8
0.976334405131638 19.7771707821327 "experimento_69" 69 1500 1000 0.95 19 0.4 1 0.8
1.00526493572091 22.4237698737605 "experimento_69" 69 1500 1000 0.95 19 0.4 1 0.8
0.978070356650278 16.4955002412404 "experimento_69" 69 1500 1000 0.95 19 0.4 1 0.8
0.984133701538667 17.6259294424378 "experimento_69" 69 1500 1000 0.95 19 0.4 1 0.8
0.965815737610683 16.3639192811508 "experimento_69" 69 1500 1000 0.95 19 0.4 1 0.8
0.957250892184675 16.8346977815639 "experimento_69" 69 1500 1000 0.95 19 0.4 1 0.8
0.975302283884957 18.7762919046568 "experimento_69" 69 1500 1000 0.95 19 0.4 1 0.8
0.992884012404829 20.7010574469252 "experimento_69" 69 1500 1000 0.95 19 0.4 1 0.8
0.981803881702945 18.6414208743578 "experimento_69" 69 1500 1000 0.95 19 0.4 1 0.8
0.99477414553985 20.9784570149196 "experimento_69" 69 1500 1000 0.95 19 0.4 1 0.8
0.959038639208302 16.5589695697188 "experimento_69" 69 1500 1000 0.95 19 0.4 1 0.8
0.971206100191921 21.6871271638606 "experimento_69" 69 1500 1000 0.95 19 0.4 1 0.8
0.968313432997093 17.3692104450777 "experimento_69" 69 1500 1000 0.95 19 0.4 1 0.8
0.955861696274951 15.9085838169555 "experimento_69" 69 1500 1000 0.95 19 0.4 1 0.8
1.00508797940749 20.6589535844372 "experimento_69" 69 1500 1000 0.95 19 0.4 1 0.8
0.981781258480623 14.9403466343358 "experimento_69" 69 1500 1000 0.95 19 0.4 1 0.8
0.989992400631309 19.0972216043504 "experimento_69" 69 1500 1000 0.95 19 0.4 1 0.8
0.957992891781032 18.0965174173378 "experimento_69" 69 1500 1000 0.95 19 0.4 1 0.8
0.98105127364397 18.8971251572402 "experimento_69" 69 1500 1000 0.95 19 0.4 1 0.8
1.0158784524637 17.8493911043818 "experimento_69" 69 1500 1000 0.95 19 0.4 1 0.8
0.986270232358947 20.1226344512131 "experimento_69" 69 1500 1000 0.95 19 0.4 1 0.8
0.949048717971891 17.037705308668 "experimento_69" 69 1500 1000 0.95 19 0.4 1 0.8
0.987950341310352 19.4288733903362 "experimento_69" 69 1500 1000 0.95 19 0.4 1 0.8
1.00980018381782 19.3447164035666 "experimento_69" 69 1500 1000 0.95 19 0.4 1 0.8
0.968454729299992 17.5105671198546 "experimento_69" 69 1500 1000 0.95 19 0.4 1 0.8
0.976505907718092 18.3862875484162 "experimento_69" 69 1500 1000 0.95 19 0.4 1 0.8
0.985108124092221 22.450901731915 "experimento_69" 69 1500 1000 0.95 19 0.4 1 0.8
1.0068352157005 18.1764128007012 "experimento_69" 69 1500 1000 0.95 19 0.4 1 0.8
0.984330707462505 20.3812398901289 "experimento_69" 69 1500 1000 0.95 19 0.4 1 0.8
0.970516798086464 20.0834146485694 "experimento_69" 69 1500 1000 0.95 19 0.4 1 0.8
0.988227162742987 19.8287438168117 "experimento_69" 69 1500 1000 0.95 19 0.4 1 0.8
0.974368890048936 15.8196743301709 "experimento_69" 69 1500 1000 0.95 19 0.4 1 0.8
0.987130000488833 20.6506757671693 "experimento_69" 69 1500 1000 0.95 19 0.4 1 0.8
0.989541446557269 21.2031972127478 "experimento_69" 69 1500 1000 0.95 19 0.4 1 0.8
0.968146777478978 18.4963899279431 "experimento_69" 69 1500 1000 0.95 19 0.4 1 0.8
0.948199638631195 15.366970406041 "experimento_69" 69 1500 1000 0.95 19 0.4 1 0.8
1.02879596311131 18.0075475728874 "experimento_69" 69 1500 1000 0.95 19 0.4 1 0.8
0.967933454783633 17.4528427404525 "experimento_69" 69 1500 1000 0.95 19 0.4 1 0.8
0.990486743859947 24.3114300416529 "experimento_69" 69 1500 1000 0.95 19 0.4 1 0.8
0.959498777287081 17.2079908143597 "experimento_69" 69 1500 1000 0.95 19 0.4 1 0.8
0.983148858183995 19.3140301896191 "experimento_69" 69 1500 1000 0.95 19 0.4 1 0.8
0.98632241692394 19.437057982792 "experimento_69" 69 1500 1000 0.95 19 0.4 1 0.8
0.999625856755301 19.990568585774 "experimento_69" 69 1500 1000 0.95 19 0.4 1 0.8
1.00161606029264 20.3985137467492 "experimento_69" 69 1500 1000 0.95 19 0.4 1 0.8
0.968753159744665 16.0726123768664 "experimento_69" 69 1500 1000 0.95 19 0.4 1 0.8
0.975222024368122 20.0167272720673 "experimento_69" 69 1500 1000 0.95 19 0.4 1 0.8
0.98043526429683 17.7674693537333 "experimento_69" 69 1500 1000 0.95 19 0.4 1 0.8
0.989570780424401 20.1446034357932 "experimento_69" 69 1500 1000 0.95 19 0.4 1 0.8
0.961088283685967 17.8673195534353 "experimento_69" 69 1500 1000 0.95 19 0.4 1 0.8
0.990905178012326 19.504157073594 "experimento_69" 69 1500 1000 0.95 19 0.4 1 0.8
1.01720230288706 33.6139456712424 "experimento_69" 69 1500 1000 0.95 19 0.4 1 0.8
0.965632434468716 17.6577008606604 "experimento_69" 69 1500 1000 0.95 19 0.4 1 0.8
0.982396653387696 19.398823058518 "experimento_69" 69 1500 1000 0.95 19 0.4 1 0.8
0.992679382441565 23.412138079199 "experimento_69" 69 1500 1000 0.95 19 0.4 1 0.8
0.974263982381672 16.9983754724095 "experimento_69" 69 1500 1000 0.95 19 0.4 1 0.8
0.985894347773865 17.4324707891531 "experimento_69" 69 1500 1000 0.95 19 0.4 1 0.8
0.964230328565463 16.910553595984 "experimento_69" 69 1500 1000 0.95 19 0.4 1 0.8
0.986796074546874 19.9408402551147 "experimento_69" 69 1500 1000 0.95 19 0.4 1 0.8
1.02670728003508 21.3838959699473 "experimento_69" 69 1500 1000 0.95 19 0.4 1 0.8
0.995771626476198 19.309894239643 "experimento_69" 69 1500 1000 0.95 19 0.4 1 0.8
0.991047055693343 18.5226207847381 "experimento_69" 69 1500 1000 0.95 19 0.4 1 0.8
0.985914861317724 21.1478848330972 "experimento_69" 69 1500 1000 0.95 19 0.4 1 0.8
1.00539143638391 20.897181160872 "experimento_69" 69 1500 1000 0.95 19 0.4 1 0.8
0.976377655286342 19.8344590283679 "experimento_69" 69 1500 1000 0.95 19 0.4 1 0.8
0.971970569808036 21.7101770671303 "experimento_69" 69 1500 1000 0.95 19 0.4 1 0.8
0.969340137206018 16.7942877724676 "experimento_69" 69 1500 1000 0.95 19 0.4 1 0.8
0.969908641651273 18.5671647789228 "experimento_69" 69 1500 1000 0.95 19 0.4 1 0.8
0.981469134567305 16.3104733234056 "experimento_69" 69 1500 1000 0.95 19 0.4 1 0.8
0.957545632496476 16.52626883616 "experimento_69" 69 1500 1000 0.95 19 0.4 1 0.8
0.991582561749965 20.8409325635253 "experimento_69" 69 1500 1000 0.95 19 0.4 1 0.8
0.967967271106318 14.6772204719818 "experimento_69" 69 1500 1000 0.95 19 0.4 1 0.8
0.952430564444512 15.7358205840094 "experimento_69" 69 1500 1000 0.95 19 0.4 1 0.8
1.02134720211555 16.9912711805442 "experimento_69" 69 1500 1000 0.95 19 0.4 1 0.8
0.970627918373793 18.3092333647395 "experimento_69" 69 1500 1000 0.95 19 0.4 1 0.8
0.979836765443906 22.7676430964877 "experimento_69" 69 1500 1000 0.95 19 0.4 1 0.8
1.00801892634971 18.1019506086778 "experimento_69" 69 1500 1000 0.95 19 0.4 1 0.8
0.999013675842434 20.5257209213614 "experimento_69" 69 1500 1000 0.95 19 0.4 1 0.8
0.970206934027374 17.431804462089 "experimento_69" 69 1500 1000 0.95 19 0.4 1 0.8
0.982122313696891 21.4759942905645 "experimento_69" 69 1500 1000 0.95 19 0.4 1 0.8
0.971581694670022 19.4844493136498 "experimento_69" 69 1500 1000 0.95 19 0.4 1 0.8
0.987040346721187 18.1596741716374 "experimento_69" 69 1500 1000 0.95 19 0.4 1 0.8
0.98748408141546 19.2416885166442 "experimento_69" 69 1500 1000 0.95 19 0.4 1 0.8
0.972431508125737 17.9656342775531 "experimento_69" 69 1500 1000 0.95 19 0.4 1 0.8
0.980615034233779 17.8772711516455 "experimento_69" 69 1500 1000 0.95 19 0.4 1 0.8
0.966949689667672 18.4952978620039 "experimento_69" 69 1500 1000 0.95 19 0.4 1 0.8
0.984915520297363 22.2884007269974 "experimento_69" 69 1500 1000 0.95 19 0.4 1 0.8
0.966987896943465 16.784550115125 "experimento_69" 69 1500 1000 0.95 19 0.4 1 0.8
0.96519204438664 16.8124732301079 "experimento_69" 69 1500 1000 0.95 19 0.4 1 0.8
0.977479005698115 19.8520480408236 "experimento_69" 69 1500 1000 0.95 19 0.4 1 0.8
1.00390128114898 17.1329854816153 "experimento_69" 69 1500 1000 0.95 19 0.4 1 0.8
0.981997956288978 21.6103028039872 "experimento_69" 69 1500 1000 0.95 19 0.4 1 0.8
0.969672537408769 17.9624962671692 "experimento_69" 69 1500 1000 0.95 19 0.4 1 0.8
0.971128115663305 16.4741907688436 "experimento_69" 69 1500 1000 0.95 19 0.4 1 0.8
0.994108487386256 18.9774149662637 "experimento_69" 69 1500 1000 0.95 19 0.4 1 0.8
1.00814988223934 21.9784917814991 "experimento_69" 69 1500 1000 0.95 19 0.4 1 0.8
0.9831936894916 19.3874491678643 "experimento_69" 69 1500 1000 0.95 19 0.4 1 0.8
0.971855652751401 17.3327060656994 "experimento_69" 69 1500 1000 0.95 19 0.4 1 0.8
1.02186635398845 23.0116726259086 "experimento_69" 69 1500 1000 0.95 19 0.4 1 0.8
1.01332147860605 17.682842691978 "experimento_69" 69 1500 1000 0.95 19 0.4 1 0.8
0.98061733879149 18.2557523916535 "experimento_69" 69 1500 1000 0.95 19 0.4 1 0.8
0.981329148868099 17.0471527261766 "experimento_69" 69 1500 1000 0.95 19 0.4 1 0.8
0.968677038094029 18.0017053377235 "experimento_69" 69 1500 1000 0.95 19 0.4 1 0.8
0.949171854415908 16.4297344790607 "experimento_69" 69 1500 1000 0.95 19 0.4 1 0.8
0.945755520137027 14.9419780980848 "experimento_69" 69 1500 1000 0.95 19 0.4 1 0.8
0.958410671679303 17.4537175067608 "experimento_69" 69 1500 1000 0.95 19 0.4 1 0.8
0.988570381188765 18.1231413157971 "experimento_69" 69 1500 1000 0.95 19 0.4 1 0.8
0.955882951850072 16.4736476196926 "experimento_69" 69 1500 1000 0.95 19 0.4 1 0.8
0.953062935499474 15.4077431102967 "experimento_69" 69 1500 1000 0.95 19 0.4 1 0.8
0.984169480158016 17.0829599297385 "experimento_69" 69 1500 1000 0.95 19 0.4 1 0.8
0.974290411919355 17.1184816638617 "experimento_69" 69 1500 1000 0.95 19 0.4 1 0.8
0.964093932649121 15.2715824608571 "experimento_69" 69 1500 1000 0.95 19 0.4 1 0.8
0.999545525060967 23.6350999422161 "experimento_69" 69 1500 1000 0.95 19 0.4 1 0.8
0.995450351852924 19.8671254988541 "experimento_69" 69 1500 1000 0.95 19 0.4 1 0.8
0.990435994928703 25.925729881226 "experimento_69" 69 1500 1000 0.95 19 0.4 1 0.8
0.917334337951615 11.8522790710643 "experimento_69" 69 1500 1000 0.95 19 0.4 1 0.8
0.981325741158798 21.6668092617794 "experimento_69" 69 1500 1000 0.95 19 0.4 1 0.8
0.997918787878007 21.9904538232821 "experimento_69" 69 1500 1000 0.95 19 0.4 1 0.8
1.01496163169608 18.9593163309598 "experimento_69" 69 1500 1000 0.95 19 0.4 1 0.8
0.970409215427935 17.5918379907741 "experimento_69" 69 1500 1000 0.95 19 0.4 1 0.8
0.977538719307631 21.22213191049 "experimento_69" 69 1500 1000 0.95 19 0.4 1 0.8
0.997310095001012 21.3104964399257 "experimento_69" 69 1500 1000 0.95 19 0.4 1 0.8
0.988563432358205 19.042791172993 "experimento_69" 69 1500 1000 0.95 19 0.4 1 0.8
0.98304806672968 17.1414891203706 "experimento_69" 69 1500 1000 0.95 19 0.4 1 0.8
0.971810547169298 18.3838669011182 "experimento_69" 69 1500 1000 0.95 19 0.4 1 0.8
0.980766232125461 16.4226464359901 "experimento_69" 69 1500 1000 0.95 19 0.4 1 0.8
0.9847547034733 18.7481836644628 "experimento_69" 69 1500 1000 0.95 19 0.4 1 0.8
0.973822456551716 19.0968458438084 "experimento_69" 69 1500 1000 0.95 19 0.4 1 0.8
0.985504837939516 20.329541416948 "experimento_69" 69 1500 1000 0.95 19 0.4 1 0.8
0.966174896340817 18.266706049259 "experimento_69" 69 1500 1000 0.95 19 0.4 1 0.8
0.951634200988337 15.2002026595351 "experimento_69" 69 1500 1000 0.95 19 0.4 1 0.8
0.96907490841113 16.320502863528 "experimento_69" 69 1500 1000 0.95 19 0.4 1 0.8
0.96107775112614 15.7099297500146 "experimento_69" 69 1500 1000 0.95 19 0.4 1 0.8
0.974341075401753 21.3068050850588 "experimento_69" 69 1500 1000 0.95 19 0.4 1 0.8
0.996966377831995 21.6309091239779 "experimento_69" 69 1500 1000 0.95 19 0.4 1 0.8
0.99553600512445 21.0348661942782 "experimento_69" 69 1500 1000 0.95 19 0.4 1 0.8
0.913727554492652 13.7576179579286 "experimento_69" 69 1500 1000 0.95 19 0.4 1 0.8
0.984535093186423 19.4930785439701 "experimento_69" 69 1500 1000 0.95 19 0.4 1 0.8
0.977867611218244 19.6866159329291 "experimento_69" 69 1500 1000 0.95 19 0.4 1 0.8
0.988744253758341 19.3689419532075 "experimento_69" 69 1500 1000 0.95 19 0.4 1 0.8
0.995266562793404 22.0707869229906 "experimento_69" 69 1500 1000 0.95 19 0.4 1 0.8
1.01396168498813 22.3773012748894 "experimento_69" 69 1500 1000 0.95 19 0.4 1 0.8
0.971861107740551 17.7314149147632 "experimento_69" 69 1500 1000 0.95 19 0.4 1 0.8
0.975443303585052 16.6314012996163 "experimento_69" 69 1500 1000 0.95 19 0.4 1 0.8
0.981019616592675 18.6057394000866 "experimento_69" 69 1500 1000 0.95 19 0.4 1 0.8
0.987105433363467 16.2445880435551 "experimento_69" 69 1500 1000 0.95 19 0.4 1 0.8
0.986591779161245 19.0275687202718 "experimento_69" 69 1500 1000 0.95 19 0.4 1 0.8
0.989550155354664 19.8094649637622 "experimento_69" 69 1500 1000 0.95 19 0.4 1 0.8
0.992167079588398 16.5089439821528 "experimento_69" 69 1500 1000 0.95 19 0.4 1 0.8
0.99039741163142 20.9224918153372 "experimento_69" 69 1500 1000 0.95 19 0.4 1 0.8
0.991969975875691 16.9308118777128 "experimento_69" 69 1500 1000 0.95 19 0.4 1 0.8
0.968986177118495 17.4083086657744 "experimento_69" 69 1500 1000 0.95 19 0.4 1 0.8
0.957589965313673 17.3500657267936 "experimento_69" 69 1500 1000 0.95 19 0.4 1 0.8
0.998407006496564 18.7351609773265 "experimento_69" 69 1500 1000 0.95 19 0.4 1 0.8
0.984376076608896 17.8093405525105 "experimento_69" 69 1500 1000 0.95 19 0.4 1 0.8
0.968093091156334 20.7744165718386 "experimento_69" 69 1500 1000 0.95 19 0.4 1 0.8
0.960804283153266 21.3247827457252 "experimento_69" 69 1500 1000 0.95 19 0.4 1 0.8
0.971846781903878 17.4374316468612 "experimento_69" 69 1500 1000 0.95 19 0.4 1 0.8
0.97203456913121 17.3968594917603 "experimento_69" 69 1500 1000 0.95 19 0.4 1 0.8
0.97731754812412 16.8610511102872 "experimento_69" 69 1500 1000 0.95 19 0.4 1 0.8
0.986713922116905 21.6518561415085 "experimento_69" 69 1500 1000 0.95 19 0.4 1 0.8
1.00404050161964 21.426920992584 "experimento_69" 69 1500 1000 0.95 19 0.4 1 0.8
0.97880250797607 22.1985698558534 "experimento_69" 69 1500 1000 0.95 19 0.4 1 0.8
1.03412669558862 12.0017187779267 "experimento_69" 69 1500 1000 0.95 19 0.4 1 0.8
1.03033579787926 21.5518307475659 "experimento_69" 69 1500 1000 0.95 19 0.4 1 0.8
0.946311799809337 14.5635892419721 "experimento_69" 69 1500 1000 0.95 19 0.4 1 0.8
0.96213034982793 18.7845648809582 "experimento_69" 69 1500 1000 0.95 19 0.4 1 0.8
0.964769632089883 16.8653691077161 "experimento_69" 69 1500 1000 0.95 19 0.4 1 0.8
0.966675123199821 15.8537736167014 "experimento_69" 69 1500 1000 0.95 19 0.4 1 0.8
0.991748934611678 25.0480867056056 "experimento_69" 69 1500 1000 0.95 19 0.4 1 0.8
0.9757543168962 17.9501439659972 "experimento_69" 69 1500 1000 0.95 19 0.4 1 0.8
0.98883919022046 21.6780041320966 "experimento_69" 69 1500 1000 0.95 19 0.4 1 0.8
1.01855730773044 20.2280954318234 "experimento_69" 69 1500 1000 0.95 19 0.4 1 0.8
0.982248161453754 22.2618644711715 "experimento_69" 69 1500 1000 0.95 19 0.4 1 0.8
0.97784342453815 20.8476477944722 "experimento_69" 69 1500 1000 0.95 19 0.4 1 0.8
0.980089739663526 18.0902993307448 "experimento_69" 69 1500 1000 0.95 19 0.4 1 0.8
0.986865170300007 21.3132751240058 "experimento_69" 69 1500 1000 0.95 19 0.4 1 0.8
0.998609206173569 21.3415916810372 "experimento_69" 69 1500 1000 0.95 19 0.4 1 0.8
1.01782988168691 18.254142902715 "experimento_69" 69 1500 1000 0.95 19 0.4 1 0.8
0.99281006376259 17.1113386519287 "experimento_69" 69 1500 1000 0.95 19 0.4 1 0.8
0.984795154770836 16.9234178333189 "experimento_69" 69 1500 1000 0.95 19 0.4 1 0.8
0.979083724319935 17.4247187723918 "experimento_69" 69 1500 1000 0.95 19 0.4 1 0.8
0.96665807813406 15.2775241379234 "experimento_69" 69 1500 1000 0.95 19 0.4 1 0.8
0.97678289283067 19.5919899035978 "experimento_69" 69 1500 1000 0.95 19 0.4 1 0.8
0.99198480672203 19.5330132628387 "experimento_69" 69 1500 1000 0.95 19 0.4 1 0.8
0.973110940307379 19.3203145712993 "experimento_69" 69 1500 1000 0.95 19 0.4 1 0.8
0.963597931200638 16.6091483047809 "experimento_69" 69 1500 1000 0.95 19 0.4 1 0.8
0.946487299865112 15.8853117359804 "experimento_69" 69 1500 1000 0.95 19 0.4 1 0.8
0.988260948797688 19.2154170285118 "experimento_69" 69 1500 1000 0.95 19 0.4 1 0.8
0.988562016747892 20.1274657409266 "experimento_69" 69 1500 1000 0.95 19 0.4 1 0.8
1.00636553743253 17.9781570190589 "experimento_69" 69 1500 1000 0.95 19 0.4 1 0.8
0.999409762443975 21.2181347546552 "experimento_69" 69 1500 1000 0.95 19 0.4 1 0.8
0.991433875868097 16.5742079615984 "experimento_69" 69 1500 1000 0.95 19 0.4 1 0.8
0.962794423336163 15.9487669163761 "experimento_69" 69 1500 1000 0.95 19 0.4 1 0.8
0.990038195624948 19.3148251355877 "experimento_69" 69 1500 1000 0.95 19 0.4 1 0.8
0.975643654819578 18.9223259549352 "experimento_69" 69 1500 1000 0.95 19 0.4 1 0.8
0.998866040958092 23.2524775105958 "experimento_69" 69 1500 1000 0.95 19 0.4 1 0.8
0.961061822250485 16.8405622356747 "experimento_69" 69 1500 1000 0.95 19 0.4 1 0.8
1.02989554424819 25.4440119545841 "experimento_69" 69 1500 1000 0.95 19 0.4 1 0.8
0.985739026451483 18.2652324375676 "experimento_69" 69 1500 1000 0.95 19 0.4 1 0.8
0.979648115579039 17.9579591406585 "experimento_69" 69 1500 1000 0.95 19 0.4 1 0.8
1.01368378257183 16.4576149227874 "experimento_69" 69 1500 1000 0.95 19 0.4 1 0.8
0.979998185997829 21.2568378098911 "experimento_69" 69 1500 1000 0.95 19 0.4 1 0.8
0.956797047285363 16.1329749858883 "experimento_69" 69 1500 1000 0.95 19 0.4 1 0.8
0.994326759828255 23.0264055488391 "experimento_69" 69 1500 1000 0.95 19 0.4 1 0.8
0.994708028621972 17.1240505029216 "experimento_69" 69 1500 1000 0.95 19 0.4 1 0.8
0.981132327578962 22.0017145260764 "experimento_69" 69 1500 1000 0.95 19 0.4 1 0.8
1.00411014666597 20.7617489178364 "experimento_69" 69 1500 1000 0.95 19 0.4 1 0.8
0.960829456802458 16.1379131378552 "experimento_69" 69 1500 1000 0.95 19 0.4 1 0.8
0.987032114295289 18.4123570789158 "experimento_69" 69 1500 1000 0.95 19 0.4 1 0.8
0.978227619547397 17.6217156059049 "experimento_69" 69 1500 1000 0.95 19 0.4 1 0.8
0.966453825589269 18.2029115105468 "experimento_69" 69 1500 1000 0.95 19 0.4 1 0.8
1.01777164888029 30.2073728466356 "experimento_69" 69 1500 1000 0.95 19 0.4 1 0.8
0.983538376400247 19.273849360677 "experimento_69" 69 1500 1000 0.95 19 0.4 1 0.8
0.990230387309566 17.6043995917065 "experimento_69" 69 1500 1000 0.95 19 0.4 1 0.8
0.976124386535957 23.5068815381243 "experimento_69" 69 1500 1000 0.95 19 0.4 1 0.8
0.975772382924333 17.4338288400173 "experimento_69" 69 1500 1000 0.95 19 0.4 1 0.8
1.00391722843051 18.854862158599 "experimento_69" 69 1500 1000 0.95 19 0.4 1 0.8
0.989189179847017 23.0975022473965 "experimento_69" 69 1500 1000 0.95 19 0.4 1 0.8
1.01301437069809 18.3346505366752 "experimento_69" 69 1500 1000 0.95 19 0.4 1 0.8
0.965466173365712 18.6496615673484 "experimento_69" 69 1500 1000 0.95 19 0.4 1 0.8
1.016532383418 20.529131355224 "experimento_69" 69 1500 1000 0.95 19 0.4 1 0.8
0.998895987402648 16.9030377354237 "experimento_69" 69 1500 1000 0.95 19 0.4 1 0.8
0.99989401223138 17.6507876973812 "experimento_69" 69 1500 1000 0.95 19 0.4 1 0.8
0.959383113309741 17.9865005684593 "experimento_69" 69 1500 1000 0.95 19 0.4 1 0.8
0.96026398614049 15.560831031514 "experimento_69" 69 1500 1000 0.95 19 0.4 1 0.8
0.961423674831167 17.4940648951179 "experimento_69" 69 1500 1000 0.95 19 0.4 1 0.8
0.995155260665342 19.2380710374992 "experimento_69" 69 1500 1000 0.95 19 0.4 1 0.8
0.986638159956783 19.1509894530704 "experimento_69" 69 1500 1000 0.95 19 0.4 1 0.8
0.984192269388586 22.5677998026886 "experimento_69" 69 1500 1000 0.95 19 0.4 1 0.8
0.976036055479199 16.9153777169719 "experimento_69" 69 1500 1000 0.95 19 0.4 1 0.8
0.993548618163913 22.205392569523 "experimento_69" 69 1500 1000 0.95 19 0.4 1 0.8
1.00961888544974 18.9208088609955 "experimento_69" 69 1500 1000 0.95 19 0.4 1 0.8
0.99746459024027 19.8223076681809 "experimento_69" 69 1500 1000 0.95 19 0.4 1 0.8
0.986953041050583 20.3186369816483 "experimento_69" 69 1500 1000 0.95 19 0.4 1 0.8
0.991569211240858 20.8562413405077 "experimento_69" 69 1500 1000 0.95 19 0.4 1 0.8
0.98110003140755 19.5256245287083 "experimento_69" 69 1500 1000 0.95 19 0.4 1 0.8
0.96256968844682 15.4734578699245 "experimento_69" 69 1500 1000 0.95 19 0.4 1 0.8
0.974684986518696 20.2545164621237 "experimento_69" 69 1500 1000 0.95 19 0.4 1 0.8
0.965601415839046 18.8761775045185 "experimento_69" 69 1500 1000 0.95 19 0.4 1 0.8
0.970812395913526 18.3181138265444 "experimento_69" 69 1500 1000 0.95 19 0.4 1 0.8
0.979415465379134 17.2995491220257 "experimento_69" 69 1500 1000 0.95 19 0.4 1 0.8
0.971057965187356 20.0816430132827 "experimento_69" 69 1500 1000 0.95 19 0.4 1 0.8
0.997529981192201 18.5501407534312 "experimento_69" 69 1500 1000 0.95 19 0.4 1 0.8
0.979963310528547 18.3301616238131 "experimento_69" 69 1500 1000 0.95 19 0.4 1 0.8
0.970915514277294 19.4021417347605 "experimento_69" 69 1500 1000 0.95 19 0.4 1 0.8
0.987621685257182 18.6195756201219 "experimento_69" 69 1500 1000 0.95 19 0.4 1 0.8
0.983574192039669 17.8869227555312 "experimento_69" 69 1500 1000 0.95 19 0.4 1 0.8
0.949632599251345 14.8737377330441 "experimento_69" 69 1500 1000 0.95 19 0.4 1 0.8
0.96557536162436 18.1847578436053 "experimento_69" 69 1500 1000 0.95 19 0.4 1 0.8
0.956563284620643 16.5061667228991 "experimento_69" 69 1500 1000 0.95 19 0.4 1 0.8
0.966289616422728 18.2976939078941 "experimento_69" 69 1500 1000 0.95 19 0.4 1 0.8
0.995892690727487 21.4759287212506 "experimento_69" 69 1500 1000 0.95 19 0.4 1 0.8
0.973232541233301 19.1341976403314 "experimento_69" 69 1500 1000 0.95 19 0.4 1 0.8
0.98777517885901 17.8875782806725 "experimento_69" 69 1500 1000 0.95 19 0.4 1 0.8
0.982631667749956 18.6275085440257 "experimento_69" 69 1500 1000 0.95 19 0.4 1 0.8
0.950851147528738 15.6013192108643 "experimento_69" 69 1500 1000 0.95 19 0.4 1 0.8
0.983003771398216 21.2197808900969 "experimento_69" 69 1500 1000 0.95 19 0.4 1 0.8
0.990282846847549 20.3246050076233 "experimento_69" 69 1500 1000 0.95 19 0.4 1 0.8
0.979386599501595 18.1681281323857 "experimento_69" 69 1500 1000 0.95 19 0.4 1 0.8
0.974461720557883 15.3924516191302 "experimento_69" 69 1500 1000 0.95 19 0.4 1 0.8
1.01054196297436 18.5704813406289 "experimento_69" 69 1500 1000 0.95 19 0.4 1 0.8
0.988540744874626 17.7157914960033 "experimento_69" 69 1500 1000 0.95 19 0.4 1 0.8
0.986171442782506 21.3213686988393 "experimento_69" 69 1500 1000 0.95 19 0.4 1 0.8
0.982369351899251 22.500575907852 "experimento_69" 69 1500 1000 0.95 19 0.4 1 0.8
0.958949275547639 15.6650314277187 "experimento_69" 69 1500 1000 0.95 19 0.4 1 0.8
0.988718325505033 19.3910487674794 "experimento_69" 69 1500 1000 0.95 19 0.4 1 0.8
0.975672833155841 18.351264055298 "experimento_69" 69 1500 1000 0.95 19 0.4 1 0.8
0.985456839203835 19.8318141584796 "experimento_69" 69 1500 1000 0.95 19 0.4 1 0.8
0.957735117757693 17.0995621390225 "experimento_69" 69 1500 1000 0.95 19 0.4 1 0.8
1.0051827436117 22.8422808056343 "experimento_69" 69 1500 1000 0.95 19 0.4 1 0.8
0.974745644023642 19.2468449712153 "experimento_69" 69 1500 1000 0.95 19 0.4 1 0.8
0.989937063772231 19.7709882282558 "experimento_69" 69 1500 1000 0.95 19 0.4 1 0.8
0.983973202528432 16.4396671815333 "experimento_69" 69 1500 1000 0.95 19 0.4 1 0.8
1.00529988704273 17.208858241813 "experimento_69" 69 1500 1000 0.95 19 0.4 1 0.8
0.964706285856664 16.4690042150481 "experimento_69" 69 1500 1000 0.95 19 0.4 1 0.8
0.969452153658494 18.0634964289872 "experimento_69" 69 1500 1000 0.95 19 0.4 1 0.8
0.990140929352492 19.3518157582965 "experimento_69" 69 1500 1000 0.95 19 0.4 1 0.8
0.97605663491413 19.5342300947597 "experimento_69" 69 1500 1000 0.95 19 0.4 1 0.8
0.978857456473634 22.478719581334 "experimento_69" 69 1500 1000 0.95 19 0.4 1 0.8
0.998772487975657 15.8421449017063 "experimento_69" 69 1500 1000 0.95 19 0.4 1 0.8
0.951933051226661 19.6138848219732 "experimento_69" 69 1500 1000 0.95 19 0.4 1 0.8
0.979937919648364 17.3943816497436 "experimento_69" 69 1500 1000 0.95 19 0.4 1 0.8
0.981525473529473 19.1596875661238 "experimento_69" 69 1500 1000 0.95 19 0.4 1 0.8
0.968894761521369 17.6943150803087 "experimento_69" 69 1500 1000 0.95 19 0.4 1 0.8
1.02963451421084 17.8199467210304 "experimento_69" 69 1500 1000 0.95 19 0.4 1 0.8
0.982282169396058 21.7114663439686 "experimento_69" 69 1500 1000 0.95 19 0.4 1 0.8
0.989316616440192 20.4325654080112 "experimento_69" 69 1500 1000 0.95 19 0.4 1 0.8
0.941560776904225 15.1343900188885 "experimento_69" 69 1500 1000 0.95 19 0.4 1 0.8
0.975672296714038 18.2661395952688 "experimento_69" 69 1500 1000 0.95 19 0.4 1 0.8
0.98310630931519 21.6020699540838 "experimento_69" 69 1500 1000 0.95 19 0.4 1 0.8
0.986466478323564 21.6158822942602 "experimento_69" 69 1500 1000 0.95 19 0.4 1 0.8
0.971468371106312 15.5038932346427 "experimento_69" 69 1500 1000 0.95 19 0.4 1 0.8
0.989345314214006 23.8714263675769 "experimento_69" 69 1500 1000 0.95 19 0.4 1 0.8
0.99420157680288 18.950531674122 "experimento_69" 69 1500 1000 0.95 19 0.4 1 0.8
0.972991070477292 17.8369000102522 "experimento_69" 69 1500 1000 0.95 19 0.4 1 0.8
0.967477894853801 16.4043630324693 "experimento_69" 69 1500 1000 0.95 19 0.4 1 0.8
0.971632418921217 22.1945987155396 "experimento_69" 69 1500 1000 0.95 19 0.4 1 0.8
1.00171889864609 18.7520586537794 "experimento_69" 69 1500 1000 0.95 19 0.4 1 0.8
0.968110726680607 18.4664902424731 "experimento_69" 69 1500 1000 0.95 19 0.4 1 0.8
0.968323168810457 16.8505270356682 "experimento_69" 69 1500 1000 0.95 19 0.4 1 0.8
0.963489067042246 18.8457089911994 "experimento_69" 69 1500 1000 0.95 19 0.4 1 0.8
1.03299024759939 26.8599084360341 "experimento_69" 69 1500 1000 0.95 19 0.4 1 0.8
0.968578188680112 18.0382208829339 "experimento_69" 69 1500 1000 0.95 19 0.4 1 0.8
0.980000319890678 18.6388776475 "experimento_69" 69 1500 1000 0.95 19 0.4 1 0.8
0.979299983475357 20.0658844122015 "experimento_69" 69 1500 1000 0.95 19 0.4 1 0.8
0.984033950371668 17.0035644048 "experimento_69" 69 1500 1000 0.95 19 0.4 1 0.8
0.957257953472435 15.5734282641373 "experimento_69" 69 1500 1000 0.95 19 0.4 1 0.8
1.0077699035112 16.5589025210446 "experimento_69" 69 1500 1000 0.95 19 0.4 1 0.8
0.969909531297162 17.8474950579992 "experimento_69" 69 1500 1000 0.95 19 0.4 1 0.8
0.96001915819943 17.8533814120737 "experimento_69" 69 1500 1000 0.95 19 0.4 1 0.8
1.00546672717227 28.9306558331749 "experimento_69" 69 1500 1000 0.95 19 0.4 1 0.8
0.973866831045598 18.2413822116094 "experimento_69" 69 1500 1000 0.95 19 0.4 1 0.8
0.992424007738009 23.3739809793098 "experimento_69" 69 1500 1000 0.95 19 0.4 1 0.8
0.977598254801705 21.1887832071116 "experimento_69" 69 1500 1000 0.95 19 0.4 1 0.8
0.9761877884157 17.159672594024 "experimento_69" 69 1500 1000 0.95 19 0.4 1 0.8
0.968900746665895 15.2880183076022 "experimento_69" 69 1500 1000 0.95 19 0.4 1 0.8
1.00000439777872 18.60870022997 "experimento_69" 69 1500 1000 0.95 19 0.4 1 0.8
0.955008755205199 15.9570619777417 "experimento_69" 69 1500 1000 0.95 19 0.4 1 0.8
0.967923595104367 15.8059210669087 "experimento_69" 69 1500 1000 0.95 19 0.4 1 0.8
1.00197845574861 20.2577479650412 "experimento_69" 69 1500 1000 0.95 19 0.4 1 0.8
0.989795315312222 20.676631450986 "experimento_69" 69 1500 1000 0.95 19 0.4 1 0.8
0.993855121312663 26.5775424610643 "experimento_69" 69 1500 1000 0.95 19 0.4 1 0.8
0.97406430542469 17.074363654789 "experimento_69" 69 1500 1000 0.95 19 0.4 1 0.8
0.970317395403981 15.2426490869136 "experimento_69" 69 1500 1000 0.95 19 0.4 1 0.8
0.95860352111049 18.4406302774256 "experimento_69" 69 1500 1000 0.95 19 0.4 1 0.8
0.978093458805233 18.9999246054713 "experimento_69" 69 1500 1000 0.95 19 0.4 1 0.8
0.963817100506276 18.2149115975841 "experimento_69" 69 1500 1000 0.95 19 0.4 1 0.8
0.971919237170368 18.3176167049961 "experimento_69" 69 1500 1000 0.95 19 0.4 1 0.8
0.988458556588739 22.0914329917815 "experimento_69" 69 1500 1000 0.95 19 0.4 1 0.8
1.03311472758651 24.2876387943165 "experimento_69" 69 1500 1000 0.95 19 0.4 1 0.8
0.985800826456398 20.0008648718164 "experimento_69" 69 1500 1000 0.95 19 0.4 1 0.8
0.951875204686075 14.374889010088 "experimento_69" 69 1500 1000 0.95 19 0.4 1 0.8
0.930709885200486 14.4642863239424 "experimento_69" 69 1500 1000 0.95 19 0.4 1 0.8
0.986288607819006 19.3774440180425 "experimento_69" 69 1500 1000 0.95 19 0.4 1 0.8
0.969697264721617 20.6035953956696 "experimento_69" 69 1500 1000 0.95 19 0.4 1 0.8
0.997615234460682 25.4365173702675 "experimento_69" 69 1500 1000 0.95 19 0.4 1 0.8
0.999767401255667 21.0024566564054 "experimento_69" 69 1500 1000 0.95 19 0.4 1 0.8
0.953085017390549 16.9920333449631 "experimento_69" 69 1500 1000 0.95 19 0.4 1 0.8
0.946679785614833 14.7673765078498 "experimento_69" 69 1500 1000 0.95 19 0.4 1 0.8
0.962217933265492 16.6639193810727 "experimento_69" 69 1500 1000 0.95 19 0.4 1 0.8
0.978400637861341 18.055003141867 "experimento_69" 69 1500 1000 0.95 19 0.4 1 0.8
0.974100786959752 19.9616487910627 "experimento_69" 69 1500 1000 0.95 19 0.4 1 0.8
0.974096248392016 18.7461670215014 "experimento_69" 69 1500 1000 0.95 19 0.4 1 0.8
1.0394965059353 27.7078042075816 "experimento_69" 69 1500 1000 0.95 19 0.4 1 0.8
0.979832776356488 20.7503920545566 "experimento_69" 69 1500 1000 0.95 19 0.4 1 0.8
0.990413433173671 20.2585833131331 "experimento_69" 69 1500 1000 0.95 19 0.4 1 0.8
0.986434579128399 20.2378250686895 "experimento_69" 69 1500 1000 0.95 19 0.4 1 0.8
0.987393826013431 23.8036050717626 "experimento_69" 69 1500 1000 0.95 19 0.4 1 0.8
0.990217332262546 18.8757688047935 "experimento_69" 69 1500 1000 0.95 19 0.4 1 0.8
0.956960530253127 17.545277280171 "experimento_69" 69 1500 1000 0.95 19 0.4 1 0.8
0.947295937687159 16.5392587824562 "experimento_69" 69 1500 1000 0.95 19 0.4 1 0.8
0.982842513592914 17.7253434145345 "experimento_69" 69 1500 1000 0.95 19 0.4 1 0.8
0.980318585876375 18.2480908376768 "experimento_69" 69 1500 1000 0.95 19 0.4 1 0.8
0.970723893027753 17.8508115892028 "experimento_69" 69 1500 1000 0.95 19 0.4 1 0.8
0.997891981853172 22.6712820764289 "experimento_69" 69 1500 1000 0.95 19 0.4 1 0.8
0.97846444346942 19.6365777634835 "experimento_69" 69 1500 1000 0.95 19 0.4 1 0.8
1.02588432118943 21.8083957470811 "experimento_69" 69 1500 1000 0.95 19 0.4 1 0.8
0.988202560693026 18.1423419846191 "experimento_69" 69 1500 1000 0.95 19 0.4 1 0.8
0.994085648097098 17.9386119507885 "experimento_69" 69 1500 1000 0.95 19 0.4 1 0.8
0.947502810042351 15.9422694030658 "experimento_69" 69 1500 1000 0.95 19 0.4 1 0.8
0.966481179231778 15.9137639805775 "experimento_69" 69 1500 1000 0.95 19 0.4 1 0.8
1.00386771814604 18.1951054056174 "experimento_69" 69 1500 1000 0.95 19 0.4 1 0.8
0.97349115065299 19.3396304655991 "experimento_69" 69 1500 1000 0.95 19 0.4 1 0.8
0.974047427298501 17.5349091239161 "experimento_69" 69 1500 1000 0.95 19 0.4 1 0.8
0.969468819675967 18.3027765331674 "experimento_69" 69 1500 1000 0.95 19 0.4 1 0.8
0.981555336620659 15.2455766152275 "experimento_69" 69 1500 1000 0.95 19 0.4 1 0.8
0.967990818899125 15.9581731566701 "experimento_69" 69 1500 1000 0.95 19 0.4 1 0.8
0.984512594994158 18.9361346652829 "experimento_69" 69 1500 1000 0.95 19 0.4 1 0.8
0.995888688368723 18.7327832363448 "experimento_69" 69 1500 1000 0.95 19 0.4 1 0.8
0.991834249580279 19.6992467496504 "experimento_69" 69 1500 1000 0.95 19 0.4 1 0.8
0.907287962269038 13.6225213882229 "experimento_69" 69 1500 1000 0.95 19 0.4 1 0.8
0.976424219785258 19.3963011613673 "experimento_69" 69 1500 1000 0.95 19 0.4 1 0.8
0.981264836154878 20.9139599017518 "experimento_69" 69 1500 1000 0.95 19 0.4 1 0.8
0.969841852318496 19.1157650839559 "experimento_69" 69 1500 1000 0.95 19 0.4 1 0.8
0.978134057484567 16.6480921580266 "experimento_69" 69 1500 1000 0.95 19 0.4 1 0.8
0.978795039001852 16.9634367546287 "experimento_69" 69 1500 1000 0.95 19 0.4 1 0.8
0.959047603886575 16.4668817112775 "experimento_69" 69 1500 1000 0.95 19 0.4 1 0.8
1.02695184492653 23.9550367047089 "experimento_69" 69 1500 1000 0.95 19 0.4 1 0.8
1.00783730739434 21.8084166390001 "experimento_69" 69 1500 1000 0.95 19 0.4 1 0.8
0.985030547482893 17.9593396507396 "experimento_69" 69 1500 1000 0.95 19 0.4 1 0.8
0.986207205569372 21.6546426394505 "experimento_69" 69 1500 1000 0.95 19 0.4 1 0.8
0.95208716345951 14.6413794479291 "experimento_69" 69 1500 1000 0.95 19 0.4 1 0.8
0.959997916361317 18.3762763742609 "experimento_69" 69 1500 1000 0.95 19 0.4 1 0.8
1.00849398703461 25.237406567122 "experimento_69" 69 1500 1000 0.95 19 0.4 1 0.8
0.995891937986016 23.5630332668826 "experimento_69" 69 1500 1000 0.95 19 0.4 1 0.8
0.984064147807658 21.1143469416278 "experimento_69" 69 1500 1000 0.95 19 0.4 1 0.8
0.957527741556987 16.6775275252447 "experimento_69" 69 1500 1000 0.95 19 0.4 1 0.8
0.99745050817728 27.8132547222786 "experimento_69" 69 1500 1000 0.95 19 0.4 1 0.8
1.02350302643486 24.4795815520275 "experimento_69" 69 1500 1000 0.95 19 0.4 1 0.8
0.973208830459043 17.9322184373661 "experimento_69" 69 1500 1000 0.95 19 0.4 1 0.8
0.968187208287418 16.387861666073 "experimento_69" 69 1500 1000 0.95 19 0.4 1 0.8
0.957799911033362 17.5913799471385 "experimento_69" 69 1500 1000 0.95 19 0.4 1 0.8
0.981333248317242 19.8796609441855 "experimento_69" 69 1500 1000 0.95 19 0.4 1 0.8
0.965965807670727 17.0871023188996 "experimento_69" 69 1500 1000 0.95 19 0.4 1 0.8
0.977604262996465 16.5214005747347 "experimento_69" 69 1500 1000 0.95 19 0.4 1 0.8
0.968666693195701 18.6788750385407 "experimento_69" 69 1500 1000 0.95 19 0.4 1 0.8
0.994411125313491 17.188789327737 "experimento_69" 69 1500 1000 0.95 19 0.4 1 0.8
0.978485826402903 17.6053295165869 "experimento_69" 69 1500 1000 0.95 19 0.4 1 0.8
0.989390841918066 17.0309566578928 "experimento_69" 69 1500 1000 0.95 19 0.4 1 0.8
0.970986858010292 16.9700826427712 "experimento_69" 69 1500 1000 0.95 19 0.4 1 0.8
0.966953760478646 17.8152317151384 "experimento_69" 69 1500 1000 0.95 19 0.4 1 0.8
0.971388394245878 19.3147928038275 "experimento_69" 69 1500 1000 0.95 19 0.4 1 0.8
0.971835860516876 18.293936033581 "experimento_69" 69 1500 1000 0.95 19 0.4 1 0.8
0.960192040074617 17.714418543958 "experimento_69" 69 1500 1000 0.95 19 0.4 1 0.8
0.971641789190471 16.7302101010522 "experimento_69" 69 1500 1000 0.95 19 0.4 1 0.8
0.970595998456702 21.774053046602 "experimento_69" 69 1500 1000 0.95 19 0.4 1 0.8
0.990871934685856 16.8389432177196 "experimento_69" 69 1500 1000 0.95 19 0.4 1 0.8
0.991771946661174 19.4630685345691 "experimento_69" 69 1500 1000 0.95 19 0.4 1 0.8
1.01423131013569 25.2009535440832 "experimento_69" 69 1500 1000 0.95 19 0.4 1 0.8
1.00134006354904 18.6315461310878 "experimento_69" 69 1500 1000 0.95 19 0.4 1 0.8
0.984180625062436 18.7501821757774 "experimento_69" 69 1500 1000 0.95 19 0.4 1 0.8
0.976753466296941 17.1251140321175 "experimento_69" 69 1500 1000 0.95 19 0.4 1 0.8
1.01851050429779 15.7908712643248 "experimento_69" 69 1500 1000 0.95 19 0.4 1 0.8
1.00570203746228 20.6596186265072 "experimento_69" 69 1500 1000 0.95 19 0.4 1 0.8
0.967577517498285 16.6490056154392 "experimento_69" 69 1500 1000 0.95 19 0.4 1 0.8
0.986184831010178 21.749501951173 "experimento_69" 69 1500 1000 0.95 19 0.4 1 0.8
0.960004700347781 14.4576663909893 "experimento_69" 69 1500 1000 0.95 19 0.4 1 0.8
0.989069589879364 17.302888346811 "experimento_69" 69 1500 1000 0.95 19 0.4 1 0.8
0.981519156834111 18.7538620294314 "experimento_69" 69 1500 1000 0.95 19 0.4 1 0.8
0.978173413081095 18.9092198686902 "experimento_69" 69 1500 1000 0.95 19 0.4 1 0.8
0.954276204342023 17.1690256912888 "experimento_69" 69 1500 1000 0.95 19 0.4 1 0.8
0.973671638173983 17.3787254324455 "experimento_69" 69 1500 1000 0.95 19 0.4 1 0.8
0.98241010075435 19.0178753304201 "experimento_69" 69 1500 1000 0.95 19 0.4 1 0.8
0.986091766739264 20.4888358392506 "experimento_69" 69 1500 1000 0.95 19 0.4 1 0.8
0.981946717947721 21.7859973657822 "experimento_69" 69 1500 1000 0.95 19 0.4 1 0.8
0.99832376698032 23.5071542320517 "experimento_69" 69 1500 1000 0.95 19 0.4 1 0.8
0.980250146472827 21.6836659134739 "experimento_69" 69 1500 1000 0.95 19 0.4 1 0.8
0.984759993385524 21.6038827261025 "experimento_69" 69 1500 1000 0.95 19 0.4 1 0.8
0.965047970181331 16.2600579067527 "experimento_69" 69 1500 1000 0.95 19 0.4 1 0.8
0.958998061250895 17.0490900225652 "experimento_69" 69 1500 1000 0.95 19 0.4 1 0.8
0.956030614674091 15.0488171100046 "experimento_69" 69 1500 1000 0.95 19 0.4 1 0.8
0.951013338752091 14.745843480166 "experimento_69" 69 1500 1000 0.95 19 0.4 1 0.8
0.962893947958946 17.4487668122974 "experimento_69" 69 1500 1000 0.95 19 0.4 1 0.8
0.980052558938041 17.9887657634064 "experimento_69" 69 1500 1000 0.95 19 0.4 1 0.8
0.971542624058202 16.6349183772566 "experimento_69" 69 1500 1000 0.95 19 0.4 1 0.8
0.979496672051027 20.6030286040072 "experimento_69" 69 1500 1000 0.95 19 0.4 1 0.8
0.99056184804067 14.9628655805919 "experimento_69" 69 1500 1000 0.95 19 0.4 1 0.8
0.986206084256992 18.8820338629168 "experimento_69" 69 1500 1000 0.95 19 0.4 1 0.8
0.97980587137863 19.438543998721 "experimento_69" 69 1500 1000 0.95 19 0.4 1 0.8
0.96626115986146 17.6906733415716 "experimento_69" 69 1500 1000 0.95 19 0.4 1 0.8
0.993850248865783 18.7687032527996 "experimento_69" 69 1500 1000 0.95 19 0.4 1 0.8
0.967343259369954 19.2876352061386 "experimento_69" 69 1500 1000 0.95 19 0.4 1 0.8
0.976523941615596 21.0677819200479 "experimento_69" 69 1500 1000 0.95 19 0.4 1 0.8
0.95128132100217 14.9130382021612 "experimento_69" 69 1500 1000 0.95 19 0.4 1 0.8
0.976983739761636 18.2111227043242 "experimento_69" 69 1500 1000 0.95 19 0.4 1 0.8
0.974012735998258 17.838486511703 "experimento_69" 69 1500 1000 0.95 19 0.4 1 0.8
0.968412654008716 16.7512161508154 "experimento_69" 69 1500 1000 0.95 19 0.4 1 0.8
1.01252568417214 17.2214443806697 "experimento_69" 69 1500 1000 0.95 19 0.4 1 0.8
0.984525669366121 16.4639005539639 "experimento_69" 69 1500 1000 0.95 19 0.4 1 0.8
0.975476723862812 20.1005730857016 "experimento_69" 69 1500 1000 0.95 19 0.4 1 0.8
0.950010810513049 15.5545327106086 "experimento_69" 69 1500 1000 0.95 19 0.4 1 0.8
0.988146137678996 19.557939135446 "experimento_69" 69 1500 1000 0.95 19 0.4 1 0.8
0.956683930242434 17.1502657968402 "experimento_69" 69 1500 1000 0.95 19 0.4 1 0.8
0.945013277232647 15.0337016219146 "experimento_69" 69 1500 1000 0.95 19 0.4 1 0.8
0.999635729938745 18.0637889297586 "experimento_69" 69 1500 1000 0.95 19 0.4 1 0.8
1.01267404769484 21.3260783380152 "experimento_69" 69 1500 1000 0.95 19 0.4 1 0.8
0.992258768994361 16.049305619913 "experimento_69" 69 1500 1000 0.95 19 0.4 1 0.8
0.968270167708397 15.9460797926951 "experimento_69" 69 1500 1000 0.95 19 0.4 1 0.8
1.02352412549877 23.561441789911 "experimento_69" 69 1500 1000 0.95 19 0.4 1 0.8
0.946407568873838 15.9922110546863 "experimento_69" 69 1500 1000 0.95 19 0.4 1 0.8
0.975857597077265 20.5609186454931 "experimento_69" 69 1500 1000 0.95 19 0.4 1 0.8
0.982735411264002 16.734440928942 "experimento_69" 69 1500 1000 0.95 19 0.4 1 0.8
1.00811245895334 25.4184183035506 "experimento_69" 69 1500 1000 0.95 19 0.4 1 0.8
0.990837973542511 21.4873741028416 "experimento_69" 69 1500 1000 0.95 19 0.4 1 0.8
0.990739320171997 21.6904176008356 "experimento_69" 69 1500 1000 0.95 19 0.4 1 0.8
0.982894595246762 18.6622296204 "experimento_69" 69 1500 1000 0.95 19 0.4 1 0.8
0.97709727822803 19.6342647287283 "experimento_69" 69 1500 1000 0.95 19 0.4 1 0.8
0.995750676374882 22.8675795545374 "experimento_69" 69 1500 1000 0.95 19 0.4 1 0.8
0.974716033553705 17.8192428598718 "experimento_69" 69 1500 1000 0.95 19 0.4 1 0.8
0.963919603032991 18.6657244584523 "experimento_69" 69 1500 1000 0.95 19 0.4 1 0.8
0.968703883234411 18.3835092411054 "experimento_69" 69 1500 1000 0.95 19 0.4 1 0.8
0.981252772035077 17.4112487726211 "experimento_69" 69 1500 1000 0.95 19 0.4 1 0.8
0.957314992789179 16.1375694075761 "experimento_69" 69 1500 1000 0.95 19 0.4 1 0.8
0.983014195226133 19.8114471875641 "experimento_69" 69 1500 1000 0.95 19 0.4 1 0.8
0.977846181951463 17.8918020655493 "experimento_69" 69 1500 1000 0.95 19 0.4 1 0.8
0.987319230102003 20.8879197650681 "experimento_69" 69 1500 1000 0.95 19 0.4 1 0.8
0.964797121239826 17.2073232935221 "experimento_69" 69 1500 1000 0.95 19 0.4 1 0.8
0.976021707756445 17.1812095381506 "experimento_69" 69 1500 1000 0.95 19 0.4 1 0.8
0.953384170075879 15.1643552984454 "experimento_69" 69 1500 1000 0.95 19 0.4 1 0.8
0.987820414593443 20.7584070587326 "experimento_69" 69 1500 1000 0.95 19 0.4 1 0.8
0.976249498547986 20.8352970767145 "experimento_69" 69 1500 1000 0.95 19 0.4 1 0.8
0.988902709214017 19.9573530393425 "experimento_69" 69 1500 1000 0.95 19 0.4 1 0.8
1.00954777313592 23.1335887379292 "experimento_69" 69 1500 1000 0.95 19 0.4 1 0.8
0.959494427079335 17.8707486489036 "experimento_69" 69 1500 1000 0.95 19 0.4 1 0.8
1.0031797081036 23.2204493846747 "experimento_69" 69 1500 1000 0.95 19 0.4 1 0.8
1.03208365318316 19.9110577267427 "experimento_69" 69 1500 1000 0.95 19 0.4 1 0.8
0.981611568713561 20.1722143175877 "experimento_69" 69 1500 1000 0.95 19 0.4 1 0.8
0.976829307619482 21.5915139982576 "experimento_69" 69 1500 1000 0.95 19 0.4 1 0.8
0.981896524550393 20.4337291300155 "experimento_69" 69 1500 1000 0.95 19 0.4 1 0.8
0.983523125061765 17.3838528685101 "experimento_69" 69 1500 1000 0.95 19 0.4 1 0.8
0.994605287443846 27.2852801773865 "experimento_69" 69 1500 1000 0.95 19 0.4 1 0.8
0.95720275118947 16.7569091350842 "experimento_69" 69 1500 1000 0.95 19 0.4 1 0.8
0.971351540181786 15.2716140364031 "experimento_69" 69 1500 1000 0.95 19 0.4 1 0.8
0.99182576360181 20.6384603800872 "experimento_69" 69 1500 1000 0.95 19 0.4 1 0.8
0.995132135692984 18.603717615655 "experimento_69" 69 1500 1000 0.95 19 0.4 1 0.8
0.992423122981563 21.5518259817264 "experimento_69" 69 1500 1000 0.95 19 0.4 1 0.8
1.01690327564281 15.3127275108006 "experimento_69" 69 1500 1000 0.95 19 0.4 1 0.8
0.995285298908129 21.223376016459 "experimento_69" 69 1500 1000 0.95 19 0.4 1 0.8
0.983694603899494 19.3599485334565 "experimento_69" 69 1500 1000 0.95 19 0.4 1 0.8
0.9733963587787 21.5560258196625 "experimento_69" 69 1500 1000 0.95 19 0.4 1 0.8
1.00293890139284 19.9704797002818 "experimento_69" 69 1500 1000 0.95 19 0.4 1 0.8
0.975240844301879 19.0325372195012 "experimento_69" 69 1500 1000 0.95 19 0.4 1 0.8
0.974169906694442 16.5325669448093 "experimento_69" 69 1500 1000 0.95 19 0.4 1 0.8
0.971663877135143 17.9703474310462 "experimento_69" 69 1500 1000 0.95 19 0.4 1 0.8
0.976269219303504 23.6402776813475 "experimento_69" 69 1500 1000 0.95 19 0.4 1 0.8
0.975376525428146 16.4464874125955 "experimento_69" 69 1500 1000 0.95 19 0.4 1 0.8
0.964886608300731 16.2734775260792 "experimento_69" 69 1500 1000 0.95 19 0.4 1 0.8
0.998703012242913 16.5489431404276 "experimento_69" 69 1500 1000 0.95 19 0.4 1 0.8
0.978975953301415 18.5085704020821 "experimento_69" 69 1500 1000 0.95 19 0.4 1 0.8
0.96409398294054 14.7145809001755 "experimento_69" 69 1500 1000 0.95 19 0.4 1 0.8
0.980477025732398 19.1727924361908 "experimento_69" 69 1500 1000 0.95 19 0.4 1 0.8
1.018334101714 19.0347703842004 "experimento_69" 69 1500 1000 0.95 19 0.4 1 0.8
1.00423495871896 17.9209018024575 "experimento_69" 69 1500 1000 0.95 19 0.4 1 0.8
0.98604093096219 16.8222129434585 "experimento_69" 69 1500 1000 0.95 19 0.4 1 0.8
0.972683956613764 18.7496338685445 "experimento_69" 69 1500 1000 0.95 19 0.4 1 0.8
1.01472093650189 26.5452207061937 "experimento_69" 69 1500 1000 0.95 19 0.4 1 0.8
0.987875266931951 17.69325370872 "experimento_69" 69 1500 1000 0.95 19 0.4 1 0.8
1.01743422843222 24.1515060153973 "experimento_69" 69 1500 1000 0.95 19 0.4 1 0.8
0.968362510902807 18.2844341051025 "experimento_69" 69 1500 1000 0.95 19 0.4 1 0.8
0.970044712070376 15.9054946905987 "experimento_69" 69 1500 1000 0.95 19 0.4 1 0.8
0.985104120802134 20.186196414795 "experimento_69" 69 1500 1000 0.95 19 0.4 1 0.8
0.997402652632445 22.3247215025149 "experimento_69" 69 1500 1000 0.95 19 0.4 1 0.8
0.943946361541748 16.3161361763638 "experimento_69" 69 1500 1000 0.95 19 0.4 1 0.8
0.967505003325641 19.2474550367716 "experimento_69" 69 1500 1000 0.95 19 0.4 1 0.8
0.970712230075151 17.1659016170835 "experimento_69" 69 1500 1000 0.95 19 0.4 1 0.8
1.03862741265354 25.7316600306472 "experimento_69" 69 1500 1000 0.95 19 0.4 1 0.8
0.978515970986336 20.2564528462257 "experimento_69" 69 1500 1000 0.95 19 0.4 1 0.8
0.995692976750433 24.2964277400307 "experimento_69" 69 1500 1000 0.95 19 0.4 1 0.8
1.05629124894125 26.7825411062525 "experimento_69" 69 1500 1000 0.95 19 0.4 1 0.8
0.971033192006871 20.6106707876051 "experimento_69" 69 1500 1000 0.95 19 0.4 1 0.8
0.989954699762166 21.3782413070705 "experimento_69" 69 1500 1000 0.95 19 0.4 1 0.8
0.960970818530768 17.8340976378904 "experimento_69" 69 1500 1000 0.95 19 0.4 1 0.8
0.990466785151511 22.1680756429557 "experimento_69" 69 1500 1000 0.95 19 0.4 1 0.8
0.975893392926082 17.7817632897847 "experimento_69" 69 1500 1000 0.95 19 0.4 1 0.8
0.997783677186817 27.9100500665286 "experimento_69" 69 1500 1000 0.95 19 0.4 1 0.8
0.99575163424015 16.4789071987783 "experimento_69" 69 1500 1000 0.95 19 0.4 1 0.8
0.972934789722785 17.5345095601368 "experimento_69" 69 1500 1000 0.95 19 0.4 1 0.8
0.966669102665037 16.4916305253068 "experimento_69" 69 1500 1000 0.95 19 0.4 1 0.8
0.973058992763981 18.8216626847537 "experimento_69" 69 1500 1000 0.95 19 0.4 1 0.8
0.970308562507853 17.9462851072209 "experimento_69" 69 1500 1000 0.95 19 0.4 1 0.8
0.992911733454093 20.6485242720311 "experimento_69" 69 1500 1000 0.95 19 0.4 1 0.8
0.996163022238761 17.0752320128551 "experimento_69" 69 1500 1000 0.95 19 0.4 1 0.8
1.00981409590397 18.6207319822206 "experimento_69" 69 1500 1000 0.95 19 0.4 1 0.8
0.963471379829571 15.9446319533072 "experimento_69" 69 1500 1000 0.95 19 0.4 1 0.8
0.962859588675201 17.6360969854347 "experimento_69" 69 1500 1000 0.95 19 0.4 1 0.8
0.974060843931511 15.4156076008835 "experimento_69" 69 1500 1000 0.95 19 0.4 1 0.8
0.990912589710206 21.3204333226046 "experimento_69" 69 1500 1000 0.95 19 0.4 1 0.8
1.01100652186984 23.3443054995698 "experimento_69" 69 1500 1000 0.95 19 0.4 1 0.8
0.993848831159994 20.5495512579155 "experimento_69" 69 1500 1000 0.95 19 0.4 1 0.8
0.996347612468526 19.8432038332658 "experimento_69" 69 1500 1000 0.95 19 0.4 1 0.8
0.953844502102584 15.2014181591742 "experimento_69" 69 1500 1000 0.95 19 0.4 1 0.8
0.974119415041059 18.172484394238 "experimento_69" 69 1500 1000 0.95 19 0.4 1 0.8
0.980287097627297 16.6653033403055 "experimento_69" 69 1500 1000 0.95 19 0.4 1 0.8
0.979913957882673 21.1066287681472 "experimento_69" 69 1500 1000 0.95 19 0.4 1 0.8
1.04237701650488 21.9051504377648 "experimento_69" 69 1500 1000 0.95 19 0.4 1 0.8
0.989622264867648 18.7059087215406 "experimento_69" 69 1500 1000 0.95 19 0.4 1 0.8
0.94594820169732 16.4154305524553 "experimento_69" 69 1500 1000 0.95 19 0.4 1 0.8
1.0253186332503 20.713429616822 "experimento_69" 69 1500 1000 0.95 19 0.4 1 0.8
0.983984182355925 17.968669023325 "experimento_69" 69 1500 1000 0.95 19 0.4 1 0.8
1.0029508159741 19.0095151509313 "experimento_69" 69 1500 1000 0.95 19 0.4 1 0.8
0.959760423284024 18.5661659863663 "experimento_69" 69 1500 1000 0.95 19 0.4 1 0.8
0.989723858423531 18.7652713742498 "experimento_69" 69 1500 1000 0.95 19 0.4 1 0.8
0.98788226256147 18.5573048670816 "experimento_69" 69 1500 1000 0.95 19 0.4 1 0.8
0.962852182565257 17.3606999919013 "experimento_69" 69 1500 1000 0.95 19 0.4 1 0.8
0.962397010996938 15.3157387691547 "experimento_69" 69 1500 1000 0.95 19 0.4 1 0.8
1.00235212110313 18.8372725341227 "experimento_69" 69 1500 1000 0.95 19 0.4 1 0.8
1.0019101281591 23.1197292408493 "experimento_69" 69 1500 1000 0.95 19 0.4 1 0.8
1.02746403761404 14.1892465000186 "experimento_69" 69 1500 1000 0.95 19 0.4 1 0.8
1.02699433002425 17.4770363816217 "experimento_69" 69 1500 1000 0.95 19 0.4 1 0.8
0.965718565974385 20.0877336045845 "experimento_69" 69 1500 1000 0.95 19 0.4 1 0.8
0.978018231457099 19.4636246442322 "experimento_69" 69 1500 1000 0.95 19 0.4 1 0.8
0.882795084035024 11.6310218884684 "experimento_69" 69 1500 1000 0.95 19 0.4 1 0.8
1.00940712509302 21.0749177001027 "experimento_69" 69 1500 1000 0.95 19 0.4 1 0.8
1.0189161502364 17.4796814881812 "experimento_69" 69 1500 1000 0.95 19 0.4 1 0.8
0.997870240360498 18.173949181187 "experimento_69" 69 1500 1000 0.95 19 0.4 1 0.8
0.975117940921336 23.6032967174593 "experimento_69" 69 1500 1000 0.95 19 0.4 1 0.8
0.975559821352363 16.88028375853 "experimento_69" 69 1500 1000 0.95 19 0.4 1 0.8
0.977724338183179 19.4707863738554 "experimento_69" 69 1500 1000 0.95 19 0.4 1 0.8
0.980784087674692 18.6936510692233 "experimento_69" 69 1500 1000 0.95 19 0.4 1 0.8
1.00314625482516 18.164816766827 "experimento_69" 69 1500 1000 0.95 19 0.4 1 0.8
0.985659367637709 22.3125313203953 "experimento_69" 69 1500 1000 0.95 19 0.4 1 0.8
0.940696946112439 14.8527805623164 "experimento_69" 69 1500 1000 0.95 19 0.4 1 0.8
0.955240562325343 16.6440489943176 "experimento_69" 69 1500 1000 0.95 19 0.4 1 0.8
0.969789685448632 19.1578558659603 "experimento_69" 69 1500 1000 0.95 19 0.4 1 0.8
0.977422431111336 19.2968705046405 "experimento_69" 69 1500 1000 0.95 19 0.4 1 0.8
1.00602146328785 17.3719261435336 "experimento_69" 69 1500 1000 0.95 19 0.4 1 0.8
1.0091743431005 21.9389859261401 "experimento_69" 69 1500 1000 0.95 19 0.4 1 0.8
0.985187996411696 22.0064728152418 "experimento_69" 69 1500 1000 0.95 19 0.4 1 0.8
0.96115630469285 15.6194234922688 "experimento_69" 69 1500 1000 0.95 19 0.4 1 0.8
0.981396485120058 19.8704957297834 "experimento_69" 69 1500 1000 0.95 19 0.4 1 0.8
0.971898775780573 18.6648330988315 "experimento_69" 69 1500 1000 0.95 19 0.4 1 0.8
1.01788686199682 26.0541636900358 "experimento_69" 69 1500 1000 0.95 19 0.4 1 0.8
0.989199423231184 20.0817870266398 "experimento_69" 69 1500 1000 0.95 19 0.4 1 0.8
0.995852343039587 21.0430158208326 "experimento_69" 69 1500 1000 0.95 19 0.4 1 0.8
0.980437004705891 19.7143835419878 "experimento_69" 69 1500 1000 0.95 19 0.4 1 0.8
0.977306701941416 15.3912930851107 "experimento_69" 69 1500 1000 0.95 19 0.4 1 0.8
0.954652611399069 16.1097424620298 "experimento_69" 69 1500 1000 0.95 19 0.4 1 0.8
0.987087710062042 16.8073824848155 "experimento_69" 69 1500 1000 0.95 19 0.4 1 0.8
0.967809796798974 21.5888192433303 "experimento_69" 69 1500 1000 0.95 19 0.4 1 0.8
0.980417877668515 18.216095914593 "experimento_69" 69 1500 1000 0.95 19 0.4 1 0.8
0.975647176383063 17.9476432722425 "experimento_69" 69 1500 1000 0.95 19 0.4 1 0.8
0.984207192901522 16.7328808409176 "experimento_69" 69 1500 1000 0.95 19 0.4 1 0.8
0.960970647633076 19.1170151330723 "experimento_69" 69 1500 1000 0.95 19 0.4 1 0.8
0.965575153008103 16.055777638025 "experimento_69" 69 1500 1000 0.95 19 0.4 1 0.8
1.02292889957071 21.826141470762 "experimento_69" 69 1500 1000 0.95 19 0.4 1 0.8
1.00902021316027 21.1631874565191 "experimento_69" 69 1500 1000 0.95 19 0.4 1 0.8
0.977462724782526 16.5390222396359 "experimento_69" 69 1500 1000 0.95 19 0.4 1 0.8
0.973889563698322 18.0210899774937 "experimento_69" 69 1500 1000 0.95 19 0.4 1 0.8
0.985148639651015 20.2626294000627 "experimento_69" 69 1500 1000 0.95 19 0.4 1 0.8
0.972274356056005 17.5159248723276 "experimento_69" 69 1500 1000 0.95 19 0.4 1 0.8
0.989601833513007 20.6181691096189 "experimento_69" 69 1500 1000 0.95 19 0.4 1 0.8
0.997703822562471 15.4084568694786 "experimento_69" 69 1500 1000 0.95 19 0.4 1 0.8
1.01493751884976 25.9585529314698 "experimento_69" 69 1500 1000 0.95 19 0.4 1 0.8
0.965434414334595 17.0068610876701 "experimento_69" 69 1500 1000 0.95 19 0.4 1 0.8
1.02762079202129 16.640706292139 "experimento_69" 69 1500 1000 0.95 19 0.4 1 0.8
1.02060717202135 23.6805053112077 "experimento_69" 69 1500 1000 0.95 19 0.4 1 0.8
0.939602037193254 14.7418119964228 "experimento_69" 69 1500 1000 0.95 19 0.4 1 0.8
0.997924313182011 20.0427950866244 "experimento_69" 69 1500 1000 0.95 19 0.4 1 0.8
0.973459123866633 19.5512272887066 "experimento_69" 69 1500 1000 0.95 19 0.4 1 0.8
0.982436251360923 19.9245742592928 "experimento_69" 69 1500 1000 0.95 19 0.4 1 0.8
0.975446915021166 17.7831439420221 "experimento_69" 69 1500 1000 0.95 19 0.4 1 0.8
0.97491171467118 18.9278774111425 "experimento_69" 69 1500 1000 0.95 19 0.4 1 0.8
1.0175194531238 25.5607158661793 "experimento_69" 69 1500 1000 0.95 19 0.4 1 0.8
0.976714771008119 18.5837350668216 "experimento_69" 69 1500 1000 0.95 19 0.4 1 0.8
0.977000004611909 17.246232902525 "experimento_69" 69 1500 1000 0.95 19 0.4 1 0.8
0.954841372091323 14.0817052322868 "experimento_69" 69 1500 1000 0.95 19 0.4 1 0.8
1.04495164147822 17.7657932450169 "experimento_69" 69 1500 1000 0.95 19 0.4 1 0.8
0.95039409562014 15.5586795728389 "experimento_69" 69 1500 1000 0.95 19 0.4 1 0.8
0.98243160918355 19.519414829367 "experimento_69" 69 1500 1000 0.95 19 0.4 1 0.8
0.954497817670926 18.6939643967209 "experimento_69" 69 1500 1000 0.95 19 0.4 1 0.8
0.982197443954647 23.5320632455757 "experimento_69" 69 1500 1000 0.95 19 0.4 1 0.8
0.968517429661006 16.8458393307291 "experimento_69" 69 1500 1000 0.95 19 0.4 1 0.8
1.00453115747261 22.7489285554045 "experimento_69" 69 1500 1000 0.95 19 0.4 1 0.8
0.969867862761021 18.029721913359 "experimento_69" 69 1500 1000 0.95 19 0.4 1 0.8
0.98278848733753 16.3366127955618 "experimento_69" 69 1500 1000 0.95 19 0.4 1 0.8
0.95835505402647 16.6660965453537 "experimento_69" 69 1500 1000 0.95 19 0.4 1 0.8
0.988044431898743 21.5950944050696 "experimento_69" 69 1500 1000 0.95 19 0.4 1 0.8
0.962580213090405 17.4995168394353 "experimento_69" 69 1500 1000 0.95 19 0.4 1 0.8
1.00614248147528 16.3263859587579 "experimento_69" 69 1500 1000 0.95 19 0.4 1 0.8
0.975128437392414 21.0483173612067 "experimento_69" 69 1500 1000 0.95 19 0.4 1 0.8
0.965384716168046 16.451839223457 "experimento_69" 69 1500 1000 0.95 19 0.4 1 0.8
0.990087409736589 18.3573003537004 "experimento_69" 69 1500 1000 0.95 19 0.4 1 0.8
0.988762539345771 21.9714266043197 "experimento_69" 69 1500 1000 0.95 19 0.4 1 0.8
0.978439753642306 18.937074295078 "experimento_69" 69 1500 1000 0.95 19 0.4 1 0.8
0.972278814762831 17.3183847839439 "experimento_69" 69 1500 1000 0.95 19 0.4 1 0.8
0.991233426844701 21.9295041350414 "experimento_69" 69 1500 1000 0.95 19 0.4 1 0.8
0.977359527023509 19.5313871213797 "experimento_69" 69 1500 1000 0.95 19 0.4 1 0.8
0.974226970458403 19.7137583692208 "experimento_69" 69 1500 1000 0.95 19 0.4 1 0.8
1.00860378307876 18.1664109265834 "experimento_69" 69 1500 1000 0.95 19 0.4 1 0.8
0.971188464201987 16.3758097884437 "experimento_69" 69 1500 1000 0.95 19 0.4 1 0.8
1.02971036082722 25.2546658104528 "experimento_69" 69 1500 1000 0.95 19 0.4 1 0.8
0.980575572699308 19.754976504197 "experimento_69" 69 1500 1000 0.95 19 0.4 1 0.8
0.971540490398183 17.6781923400099 "experimento_69" 69 1500 1000 0.95 19 0.4 1 0.8
1.00488471516751 20.5028991062998 "experimento_69" 69 1500 1000 0.95 19 0.4 1 0.8
0.976488613523543 19.332163172992 "experimento_69" 69 1500 1000 0.95 19 0.4 1 0.8
0.9936159173958 23.6692580237761 "experimento_69" 69 1500 1000 0.95 19 0.4 1 0.8
0.989181806333363 16.6217593242552 "experimento_69" 69 1500 1000 0.95 19 0.4 1 0.8
0.970950222341344 16.8917201400285 "experimento_69" 69 1500 1000 0.95 19 0.4 1 0.8
0.979834570549428 17.5683768275475 "experimento_69" 69 1500 1000 0.95 19 0.4 1 0.8
0.990047117928043 18.3017779654648 "experimento_69" 69 1500 1000 0.95 19 0.4 1 0.8
0.960618845187128 16.9022610491978 "experimento_69" 69 1500 1000 0.95 19 0.4 1 0.8
0.948792542796582 15.731240375827 "experimento_69" 69 1500 1000 0.95 19 0.4 1 0.8
0.961985743837431 16.8169324261038 "experimento_69" 69 1500 1000 0.95 19 0.4 1 0.8
1.00900376891976 20.2010795268451 "experimento_69" 69 1500 1000 0.95 19 0.4 1 0.8
1.01552263880149 20.5833753297025 "experimento_69" 69 1500 1000 0.95 19 0.4 1 0.8
0.992780559696257 18.1424616822495 "experimento_69" 69 1500 1000 0.95 19 0.4 1 0.8
0.97854524711147 18.4270801905038 "experimento_69" 69 1500 1000 0.95 19 0.4 1 0.8
0.96681418037042 18.2757305080355 "experimento_69" 69 1500 1000 0.95 19 0.4 1 0.8
0.972280706046149 19.919080746807 "experimento_69" 69 1500 1000 0.95 19 0.4 1 0.8
0.97459889552556 15.3475167234848 "experimento_69" 69 1500 1000 0.95 19 0.4 1 0.8
1.00662869423334 20.8159780793971 "experimento_69" 69 1500 1000 0.95 19 0.4 1 0.8
0.992783339461312 15.0481970382432 "experimento_69" 69 1500 1000 0.95 19 0.4 1 0.8
1.009272759691 19.8131325859524 "experimento_69" 69 1500 1000 0.95 19 0.4 1 0.8
0.958352128509432 17.6395220871164 "experimento_69" 69 1500 1000 0.95 19 0.4 1 0.8
0.971730527002364 19.1818971090759 "experimento_69" 69 1500 1000 0.95 19 0.4 1 0.8
0.979522653855383 20.0394776836489 "experimento_69" 69 1500 1000 0.95 19 0.4 1 0.8
0.952917103888467 16.3033795867691 "experimento_69" 69 1500 1000 0.95 19 0.4 1 0.8
0.973956888308749 20.1800027702352 "experimento_69" 69 1500 1000 0.95 19 0.4 1 0.8
0.969555579125881 18.7179956119406 "experimento_69" 69 1500 1000 0.95 19 0.4 1 0.8
0.986952865729108 17.3932954507332 "experimento_69" 69 1500 1000 0.95 19 0.4 1 0.8
0.977766046999022 16.8300477957626 "experimento_69" 69 1500 1000 0.95 19 0.4 1 0.8
0.970523274270818 18.7434481033511 "experimento_69" 69 1500 1000 0.95 19 0.4 1 0.8
0.991989359492436 20.0801027806874 "experimento_69" 69 1500 1000 0.95 19 0.4 1 0.8
1.00152329399594 19.756650932692 "experimento_69" 69 1500 1000 0.95 19 0.4 1 0.8
0.98415082716383 18.2855184953907 "experimento_69" 69 1500 1000 0.95 19 0.4 1 0.8
0.978095701662824 18.0077162481369 "experimento_69" 69 1500 1000 0.95 19 0.4 1 0.8
0.981267208699137 21.4889775807571 "experimento_69" 69 1500 1000 0.95 19 0.4 1 0.8
0.987197323236614 18.9543808097943 "experimento_69" 69 1500 1000 0.95 19 0.4 1 0.8
0.963561437791213 14.9058647573365 "experimento_69" 69 1500 1000 0.95 19 0.4 1 0.8
0.980215627001598 19.4009267996298 "experimento_69" 69 1500 1000 0.95 19 0.4 1 0.8
0.960587819572538 15.0576891907398 "experimento_69" 69 1500 1000 0.95 19 0.4 1 0.8
1.00433720432614 17.1235436391188 "experimento_69" 69 1500 1000 0.95 19 0.4 1 0.8
0.985905663808808 18.6572894143707 "experimento_69" 69 1500 1000 0.95 19 0.4 1 0.8
0.969908034196123 16.3769333857384 "experimento_69" 69 1500 1000 0.95 19 0.4 1 0.8
0.954351294785738 14.7426940467845 "experimento_69" 69 1500 1000 0.95 19 0.4 1 0.8
0.955074421130121 16.8193063474294 "experimento_69" 69 1500 1000 0.95 19 0.4 1 0.8
0.973607858642936 19.0094539995072 "experimento_69" 69 1500 1000 0.95 19 0.4 1 0.8
0.971646057907492 17.3154067407599 "experimento_69" 69 1500 1000 0.95 19 0.4 1 0.8
1.00672893630537 21.7045035269955 "experimento_69" 69 1500 1000 0.95 19 0.4 1 0.8
1.00796717093165 19.8578191281876 "experimento_69" 69 1500 1000 0.95 19 0.4 1 0.8
0.968844552990049 15.4461120943115 "experimento_69" 69 1500 1000 0.95 19 0.4 1 0.8
0.986367868958041 19.7746551887736 "experimento_69" 69 1500 1000 0.95 19 0.4 1 0.8
0.976546269143 18.3098729132105 "experimento_69" 69 1500 1000 0.95 19 0.4 1 0.8
0.958525808295235 16.4485766961643 "experimento_69" 69 1500 1000 0.95 19 0.4 1 0.8
0.978321403032169 16.5934671115087 "experimento_69" 69 1500 1000 0.95 19 0.4 1 0.8
0.988616857212037 18.6425149191337 "experimento_69" 69 1500 1000 0.95 19 0.4 1 0.8
1.00994152335548 21.0688720485862 "experimento_69" 69 1500 1000 0.95 19 0.4 1 0.8
0.983025793917477 22.412357825673 "experimento_69" 69 1500 1000 0.95 19 0.4 1 0.8
0.977181835332885 20.6812745824794 "experimento_69" 69 1500 1000 0.95 19 0.4 1 0.8
0.99425101862289 21.5393617528144 "experimento_69" 69 1500 1000 0.95 19 0.4 1 0.8
0.975452873855829 18.4003589260266 "experimento_69" 69 1500 1000 0.95 19 0.4 1 0.8
0.981466275639832 21.7563899894598 "experimento_69" 69 1500 1000 0.95 19 0.4 1 0.8
1.01629250177818 17.5916151760472 "experimento_69" 69 1500 1000 0.95 19 0.4 1 0.8
0.983741535106674 19.2722573382522 "experimento_69" 69 1500 1000 0.95 19 0.4 1 0.8
0.977143479511142 15.6123151611909 "experimento_69" 69 1500 1000 0.95 19 0.4 1 0.8
0.928002456203103 14.7621523112265 "experimento_69" 69 1500 1000 0.95 19 0.4 1 0.8
0.9780991259031 18.5655431093873 "experimento_69" 69 1500 1000 0.95 19 0.4 1 0.8
0.989656300051138 18.4240321489081 "experimento_69" 69 1500 1000 0.95 19 0.4 1 0.8
0.989665283588693 23.1750404926191 "experimento_69" 69 1500 1000 0.95 19 0.4 1 0.8
0.999587865779176 20.5518313564651 "experimento_69" 69 1500 1000 0.95 19 0.4 1 0.8
0.974541275762022 19.9912316572992 "experimento_69" 69 1500 1000 0.95 19 0.4 1 0.8
1.01669372601042 22.1169957617298 "experimento_69" 69 1500 1000 0.95 19 0.4 1 0.8
0.977881634607911 19.4331300412618 "experimento_69" 69 1500 1000 0.95 19 0.4 1 0.8
1.04147930345032 27.4561162285037 "experimento_69" 69 1500 1000 0.95 19 0.4 1 0.8
0.976460209814832 20.2211717022923 "experimento_69" 69 1500 1000 0.95 19 0.4 1 0.8
0.9856701369863 18.5391632672496 "experimento_69" 69 1500 1000 0.95 19 0.4 1 0.8
0.989939630730078 18.6304725371468 "experimento_69" 69 1500 1000 0.95 19 0.4 1 0.8
0.990709407953545 18.7503329437518 "experimento_69" 69 1500 1000 0.95 19 0.4 1 0.8
0.970184762496501 17.3556059331583 "experimento_69" 69 1500 1000 0.95 19 0.4 1 0.8
0.985300624044612 18.9039936832728 "experimento_69" 69 1500 1000 0.95 19 0.4 1 0.8
0.994769950630143 22.4594137360506 "experimento_69" 69 1500 1000 0.95 19 0.4 1 0.8
0.943644658429548 14.9003119183771 "experimento_69" 69 1500 1000 0.95 19 0.4 1 0.8
0.975852862931788 19.4829323546721 "experimento_69" 69 1500 1000 0.95 19 0.4 1 0.8
0.982709389645606 19.1028697676119 "experimento_69" 69 1500 1000 0.95 19 0.4 1 0.8
0.985818263841793 21.9626163907089 "experimento_69" 69 1500 1000 0.95 19 0.4 1 0.8
1.00515040402849 20.6767657233063 "experimento_69" 69 1500 1000 0.95 19 0.4 1 0.8
0.958903698716313 18.6594093071905 "experimento_69" 69 1500 1000 0.95 19 0.4 1 0.8
0.964702855329961 14.2194843347514 "experimento_69" 69 1500 1000 0.95 19 0.4 1 0.8
0.932083404622972 14.5201894435227 "experimento_69" 69 1500 1000 0.95 19 0.4 1 0.8
0.976775420131162 18.5652827901413 "experimento_69" 69 1500 1000 0.95 19 0.4 1 0.8
0.965664596529678 16.5079477401432 "experimento_69" 69 1500 1000 0.95 19 0.4 1 0.8
0.994911138666794 23.3584659216861 "experimento_69" 69 1500 1000 0.95 19 0.4 1 0.8
0.976075769634917 19.8079932241568 "experimento_69" 69 1500 1000 0.95 19 0.4 1 0.8
0.958429339108989 17.0887482735084 "experimento_69" 69 1500 1000 0.95 19 0.4 1 0.8
0.977185442578048 20.2907093163157 "experimento_69" 69 1500 1000 0.95 19 0.4 1 0.8
0.993080568732694 21.3088144889934 "experimento_69" 69 1500 1000 0.95 19 0.4 1 0.8
0.994656190741807 18.5388752469808 "experimento_69" 69 1500 1000 0.95 19 0.4 1 0.8
0.965541317127645 16.3920542501837 "experimento_69" 69 1500 1000 0.95 19 0.4 1 0.8
1.01311396939518 20.1395305249602 "experimento_69" 69 1500 1000 0.95 19 0.4 1 0.8
1.00943770154232 19.4035248993724 "experimento_69" 69 1500 1000 0.95 19 0.4 1 0.8
0.96505181863904 16.9104341149912 "experimento_69" 69 1500 1000 0.95 19 0.4 1 0.8
0.973180463071913 18.4779870661318 "experimento_69" 69 1500 1000 0.95 19 0.4 1 0.8
0.968729210551828 18.8915666653163 "experimento_69" 69 1500 1000 0.95 19 0.4 1 0.8
0.994068235391751 23.200106097333 "experimento_69" 69 1500 1000 0.95 19 0.4 1 0.8
1.0004516787778 19.6663206612283 "experimento_69" 69 1500 1000 0.95 19 0.4 1 0.8
0.977702634176239 18.3931236643015 "experimento_69" 69 1500 1000 0.95 19 0.4 1 0.8
1.03223023708224 25.6076205195129 "experimento_69" 69 1500 1000 0.95 19 0.4 1 0.8
0.992302373517305 20.1254305102699 "experimento_69" 69 1500 1000 0.95 19 0.4 1 0.8
0.979200999718159 18.0902894863686 "experimento_69" 69 1500 1000 0.95 19 0.4 1 0.8
0.954940271796659 15.0046546124301 "experimento_69" 69 1500 1000 0.95 19 0.4 1 0.8
0.958416246809065 15.929771008173 "experimento_69" 69 1500 1000 0.95 19 0.4 1 0.8
0.976999055827036 15.3812094833888 "experimento_69" 69 1500 1000 0.95 19 0.4 1 0.8
0.960441502043977 14.8207136899399 "experimento_69" 69 1500 1000 0.95 19 0.4 1 0.8
0.98150569293648 18.4192056329792 "experimento_69" 69 1500 1000 0.95 19 0.4 1 0.8
0.961218350566924 18.7458915968943 "experimento_69" 69 1500 1000 0.95 19 0.4 1 0.8
1.0132081664742 22.1442244973312 "experimento_69" 69 1500 1000 0.95 19 0.4 1 0.8
0.957394584082067 16.9773613791814 "experimento_69" 69 1500 1000 0.95 19 0.4 1 0.8
0.974063615314662 19.2373032888864 "experimento_69" 69 1500 1000 0.95 19 0.4 1 0.8
0.965838441858068 20.1803667206368 "experimento_69" 69 1500 1000 0.95 19 0.4 1 0.8
0.990399340633303 21.9057333267922 "experimento_69" 69 1500 1000 0.95 19 0.4 1 0.8
0.950498255202547 16.1714596149692 "experimento_69" 69 1500 1000 0.95 19 0.4 1 0.8
0.964429505867884 17.5098514403412 "experimento_69" 69 1500 1000 0.95 19 0.4 1 0.8
0.986981315538287 20.7475578648127 "experimento_69" 69 1500 1000 0.95 19 0.4 1 0.8
0.982663693604991 19.1938520998981 "experimento_69" 69 1500 1000 0.95 19 0.4 1 0.8
0.960608064895496 14.928916878481 "experimento_69" 69 1500 1000 0.95 19 0.4 1 0.8
1.000496158842 23.3196477855932 "experimento_69" 69 1500 1000 0.95 19 0.4 1 0.8
0.934849069919437 14.8240719893505 "experimento_69" 69 1500 1000 0.95 19 0.4 1 0.8
1.01121810880049 27.2136693030922 "experimento_69" 69 1500 1000 0.95 19 0.4 1 0.8
0.954360003815964 15.367217785354 "experimento_69" 69 1500 1000 0.95 19 0.4 1 0.8
0.974279725924134 18.321807722923 "experimento_69" 69 1500 1000 0.95 19 0.4 1 0.8
0.976121916435659 23.7650771488538 "experimento_69" 69 1500 1000 0.95 19 0.4 1 0.8
0.983221010304987 16.7029515076421 "experimento_69" 69 1500 1000 0.95 19 0.4 1 0.8
0.995898069813848 20.5488223520043 "experimento_69" 69 1500 1000 0.95 19 0.4 1 0.8
0.996985503472388 25.9546017787006 "experimento_69" 69 1500 1000 0.95 19 0.4 1 0.8
0.995354389073327 17.6015761724851 "experimento_69" 69 1500 1000 0.95 19 0.4 1 0.8
0.994802894303575 18.0241133411716 "experimento_69" 69 1500 1000 0.95 19 0.4 1 0.8
0.965922752860934 18.2248922367419 "experimento_69" 69 1500 1000 0.95 19 0.4 1 0.8
0.968863541493192 18.9435030985591 "experimento_69" 69 1500 1000 0.95 19 0.4 1 0.8
0.956332264002413 15.6613115534235 "experimento_69" 69 1500 1000 0.95 19 0.4 1 0.8
0.979497319553047 19.2772335724442 "experimento_69" 69 1500 1000 0.95 19 0.4 1 0.8
0.992866279557347 20.2135061580601 "experimento_69" 69 1500 1000 0.95 19 0.4 1 0.8
0.980087403208017 17.725108458267 "experimento_69" 69 1500 1000 0.95 19 0.4 1 0.8
0.94861017819494 14.2263663150946 "experimento_69" 69 1500 1000 0.95 19 0.4 1 0.8
0.954733104910702 18.8288194623308 "experimento_69" 69 1500 1000 0.95 19 0.4 1 0.8
0.986053838860244 17.9744738618084 "experimento_69" 69 1500 1000 0.95 19 0.4 1 0.8
0.968543682713062 17.7220045694729 "experimento_69" 69 1500 1000 0.95 19 0.4 1 0.8
0.955212175147608 15.794004122748 "experimento_69" 69 1500 1000 0.95 19 0.4 1 0.8
0.976017178967595 18.8876351585473 "experimento_69" 69 1500 1000 0.95 19 0.4 1 0.8
0.962729339487851 18.1444517901387 "experimento_69" 69 1500 1000 0.95 19 0.4 1 0.8
0.980321061331779 15.9854264116123 "experimento_69" 69 1500 1000 0.95 19 0.4 1 0.8
0.986537921940908 17.4158252520315 "experimento_69" 69 1500 1000 0.95 19 0.4 1 0.8
0.970025005517527 18.5321439745212 "experimento_69" 69 1500 1000 0.95 19 0.4 1 0.8
1.00077593441759 17.2177281800562 "experimento_69" 69 1500 1000 0.95 19 0.4 1 0.8
1.01236134865566 21.1846301626518 "experimento_69" 69 1500 1000 0.95 19 0.4 1 0.8
1.00670092525941 16.4705173552964 "experimento_69" 69 1500 1000 0.95 19 0.4 1 0.8
1.01606493418742 27.7431109553505 "experimento_69" 69 1500 1000 0.95 19 0.4 1 0.8
0.969164274167269 17.2156639948708 "experimento_69" 69 1500 1000 0.95 19 0.4 1 0.8
1.00946092612943 22.099730909158 "experimento_69" 69 1500 1000 0.95 19 0.4 1 0.8
0.993939293315634 20.8830079368097 "experimento_69" 69 1500 1000 0.95 19 0.4 1 0.8
1.00833432035567 28.6681657682855 "experimento_69" 69 1500 1000 0.95 19 0.4 1 0.8
1.00825684132839 15.9091501293922 "experimento_69" 69 1500 1000 0.95 19 0.4 1 0.8
0.997464491287246 17.8057288142173 "experimento_69" 69 1500 1000 0.95 19 0.4 1 0.8
1.00626777707166 22.0866600842722 "experimento_69" 69 1500 1000 0.95 19 0.4 1 0.8
0.972783856792375 18.2018323366124 "experimento_69" 69 1500 1000 0.95 19 0.4 1 0.8
0.96019057999365 16.2765465250787 "experimento_69" 69 1500 1000 0.95 19 0.4 1 0.8
0.975238801911473 14.8636645966813 "experimento_69" 69 1500 1000 0.95 19 0.4 1 0.8
0.984978559426963 20.190149486069 "experimento_69" 69 1500 1000 0.95 19 0.4 1 0.8
1.01219617658736 23.0084169048092 "experimento_69" 69 1500 1000 0.95 19 0.4 1 0.8
0.972609906690195 19.4934772786514 "experimento_69" 69 1500 1000 0.95 19 0.4 1 0.8
0.972279017558321 15.7694182591634 "experimento_69" 69 1500 1000 0.95 19 0.4 1 0.8
1.00457920795797 26.2287380851824 "experimento_69" 69 1500 1000 0.95 19 0.4 1 0.8
1.00957961806929 21.1977164110387 "experimento_69" 69 1500 1000 0.95 19 0.4 1 0.8
0.978911080397666 19.6259672792823 "experimento_69" 69 1500 1000 0.95 19 0.4 1 0.8
1.01707492455056 20.0535070179283 "experimento_69" 69 1500 1000 0.95 19 0.4 1 0.8
0.978895166190341 16.6021017268255 "experimento_69" 69 1500 1000 0.95 19 0.4 1 0.8
0.968005788046867 15.1932991084283 "experimento_69" 69 1500 1000 0.95 19 0.4 1 0.8
0.982876392314211 21.9003870910635 "experimento_69" 69 1500 1000 0.95 19 0.4 1 0.8
1.00316823765261 16.9717661779651 "experimento_69" 69 1500 1000 0.95 19 0.4 1 0.8
0.973353874869645 20.155199801919 "experimento_69" 69 1500 1000 0.95 19 0.4 1 0.8
0.98223647242412 20.8970307897177 "experimento_69" 69 1500 1000 0.95 19 0.4 1 0.8
0.987549145007506 20.5441899435363 "experimento_69" 69 1500 1000 0.95 19 0.4 1 0.8
0.957280680071563 16.0570766782904 "experimento_69" 69 1500 1000 0.95 19 0.4 1 0.8
0.954580005025491 16.1852233745242 "experimento_69" 69 1500 1000 0.95 19 0.4 1 0.8
1.00448026821802 25.1906800180067 "experimento_69" 69 1500 1000 0.95 19 0.4 1 0.8
0.998380759498104 20.0659077041955 "experimento_69" 69 1500 1000 0.95 19 0.4 1 0.8
0.983410800574347 17.4391062864467 "experimento_69" 69 1500 1000 0.95 19 0.4 1 0.8
0.996164540061727 21.6066174618399 "experimento_69" 69 1500 1000 0.95 19 0.4 1 0.8
0.954876146279275 16.0277301516644 "experimento_69" 69 1500 1000 0.95 19 0.4 1 0.8
0.978997328085825 18.9447550190763 "experimento_69" 69 1500 1000 0.95 19 0.4 1 0.8
0.971442622831091 17.6525576700863 "experimento_69" 69 1500 1000 0.95 19 0.4 1 0.8
0.959007182624191 15.6352759246856 "experimento_69" 69 1500 1000 0.95 19 0.4 1 0.8
1.019880536429 24.7004424055932 "experimento_69" 69 1500 1000 0.95 19 0.4 1 0.8
0.960495037725195 16.6142972856907 "experimento_69" 69 1500 1000 0.95 19 0.4 1 0.8
0.990781356114894 20.5600338124068 "experimento_69" 69 1500 1000 0.95 19 0.4 1 0.8
0.982591222738847 16.2805487299638 "experimento_69" 69 1500 1000 0.95 19 0.4 1 0.8
0.996046286774799 24.6114642151691 "experimento_69" 69 1500 1000 0.95 19 0.4 1 0.8
0.960948342923075 17.4513812925862 "experimento_69" 69 1500 1000 0.95 19 0.4 1 0.8
0.987789158942178 19.7978602235727 "experimento_69" 69 1500 1000 0.95 19 0.4 1 0.8
0.986212762771174 21.6330168665491 "experimento_69" 69 1500 1000 0.95 19 0.4 1 0.8
0.941628800937906 14.8734769686015 "experimento_69" 69 1500 1000 0.95 19 0.4 1 0.8
0.988347283098847 17.3716333941629 "experimento_69" 69 1500 1000 0.95 19 0.4 1 0.8
0.970745272934437 18.4884203743993 "experimento_69" 69 1500 1000 0.95 19 0.4 1 0.8
0.981467537581921 20.0995848048837 "experimento_69" 69 1500 1000 0.95 19 0.4 1 0.8
0.977279287297279 18.3403326535764 "experimento_69" 69 1500 1000 0.95 19 0.4 1 0.8
0.991259643342346 16.2044058445431 "experimento_69" 69 1500 1000 0.95 19 0.4 1 0.8
0.984033739194274 25.7316548840562 "experimento_69" 69 1500 1000 0.95 19 0.4 1 0.8
1.00078139429618 22.108435819006 "experimento_69" 69 1500 1000 0.95 19 0.4 1 0.8
1.00530157706743 21.2926451915787 "experimento_69" 69 1500 1000 0.95 19 0.4 1 0.8
0.974685826571658 20.7338153271595 "experimento_69" 69 1500 1000 0.95 19 0.4 1 0.8
1.00755831876991 18.095738577753 "experimento_69" 69 1500 1000 0.95 19 0.4 1 0.8
0.966795964632183 19.4168241370588 "experimento_69" 69 1500 1000 0.95 19 0.4 1 0.8
0.973089370410889 16.2484173386101 "experimento_69" 69 1500 1000 0.95 19 0.4 1 0.8
0.981753833591938 20.7806632114231 "experimento_69" 69 1500 1000 0.95 19 0.4 1 0.8
0.998979119351134 23.4732679505157 "experimento_69" 69 1500 1000 0.95 19 0.4 1 0.8
0.966946626082063 16.4529528776898 "experimento_69" 69 1500 1000 0.95 19 0.4 1 0.8
1.01022445885955 24.745649090919 "experimento_69" 69 1500 1000 0.95 19 0.4 1 0.8
1.00421124018088 22.1411023199483 "experimento_69" 69 1500 1000 0.95 19 0.4 1 0.8
0.953248982550576 16.7805984693204 "experimento_69" 69 1500 1000 0.95 19 0.4 1 0.8
0.972159410361201 19.8067242820446 "experimento_69" 69 1500 1000 0.95 19 0.4 1 0.8
0.957024205243215 17.4430988414095 "experimento_69" 69 1500 1000 0.95 19 0.4 1 0.8
0.972528170328587 16.3172958086478 "experimento_69" 69 1500 1000 0.95 19 0.4 1 0.8
0.983592624077573 20.9961358455908 "experimento_69" 69 1500 1000 0.95 19 0.4 1 0.8
0.974613689351827 18.1340150164118 "experimento_69" 69 1500 1000 0.95 19 0.4 1 0.8
1.00552284087692 19.1564106159943 "experimento_69" 69 1500 1000 0.95 19 0.4 1 0.8
0.994760561501607 26.4092927023764 "experimento_69" 69 1500 1000 0.95 19 0.4 1 0.8
0.9977742806077 18.7697358254333 "experimento_69" 69 1500 1000 0.95 19 0.4 1 0.8
0.978556301444769 18.5467757270913 "experimento_69" 69 1500 1000 0.95 19 0.4 1 0.8
1.01544408326238 18.8536674452745 "experimento_69" 69 1500 1000 0.95 19 0.4 1 0.8
0.978327781427652 21.8234240158732 "experimento_69" 69 1500 1000 0.95 19 0.4 1 0.8
0.973229909781367 17.0868919898063 "experimento_69" 69 1500 1000 0.95 19 0.4 1 0.8
0.992356432368979 20.9399300057535 "experimento_69" 69 1500 1000 0.95 19 0.4 1 0.8
0.95048177964054 14.3131442991286 "experimento_69" 69 1500 1000 0.95 19 0.4 1 0.8
0.979708997765556 16.6049052424152 "experimento_69" 69 1500 1000 0.95 19 0.4 1 0.8
0.986093394225463 23.8991976285169 "experimento_69" 69 1500 1000 0.95 19 0.4 1 0.8
0.975023467326537 19.7976122624033 "experimento_69" 69 1500 1000 0.95 19 0.4 1 0.8
1.04213108030752 25.0707339834225 "experimento_69" 69 1500 1000 0.95 19 0.4 1 0.8
0.98234678292647 19.6253510412805 "experimento_69" 69 1500 1000 0.95 19 0.4 1 0.8
0.939955620095134 15.0251104932748 "experimento_69" 69 1500 1000 0.95 19 0.4 1 0.8
0.964122865116224 18.088846756542 "experimento_69" 69 1500 1000 0.95 19 0.4 1 0.8
0.972428871085867 17.6059793643492 "experimento_69" 69 1500 1000 0.95 19 0.4 1 0.8
0.960822132183239 16.1629559048256 "experimento_69" 69 1500 1000 0.95 19 0.4 1 0.8
0.989892608718947 19.3730074936161 "experimento_69" 69 1500 1000 0.95 19 0.4 1 0.8
0.995359182357788 19.1348715672702 "experimento_69" 69 1500 1000 0.95 19 0.4 1 0.8
0.97465064493008 19.4252684058346 "experimento_69" 69 1500 1000 0.95 19 0.4 1 0.8
0.981150448322296 18.2731830111568 "experimento_69" 69 1500 1000 0.95 19 0.4 1 0.8
1.00843606330445 21.5705044669824 "experimento_69" 69 1500 1000 0.95 19 0.4 1 0.8
0.99231371562928 19.498664903476 "experimento_69" 69 1500 1000 0.95 19 0.4 1 0.8
0.974970305338502 18.0980530893415 "experimento_69" 69 1500 1000 0.95 19 0.4 1 0.8
0.981407291721553 20.5374194782586 "experimento_69" 69 1500 1000 0.95 19 0.4 1 0.8
1.00061905560525 21.4085162220361 "experimento_69" 69 1500 1000 0.95 19 0.4 1 0.8
0.996712875086814 19.3391783698419 "experimento_69" 69 1500 1000 0.95 19 0.4 1 0.8
0.981325688306242 19.0171631692557 "experimento_69" 69 1500 1000 0.95 19 0.4 1 0.8
0.982250989880413 19.869066382423 "experimento_69" 69 1500 1000 0.95 19 0.4 1 0.8
0.969125292263925 17.6499287863307 "experimento_69" 69 1500 1000 0.95 19 0.4 1 0.8
1.01104767034811 17.2240991195706 "experimento_69" 69 1500 1000 0.95 19 0.4 1 0.8
1.00599159667955 21.4619790584804 "experimento_69" 69 1500 1000 0.95 19 0.4 1 0.8
0.887550122570246 10.482711236317 "experimento_69" 69 1500 1000 0.95 19 0.4 1 0.8
0.977443792158738 18.5610590924268 "experimento_69" 69 1500 1000 0.95 19 0.4 1 0.8
0.989653087221086 17.2499758216667 "experimento_69" 69 1500 1000 0.95 19 0.4 1 0.8
0.994210116565228 20.7216468813572 "experimento_69" 69 1500 1000 0.95 19 0.4 1 0.8
1.00247505412584 19.2555656419885 "experimento_69" 69 1500 1000 0.95 19 0.4 1 0.8
0.977180377580225 19.9255643246445 "experimento_69" 69 1500 1000 0.95 19 0.4 1 0.8
0.965663432376459 16.8115711565688 "experimento_69" 69 1500 1000 0.95 19 0.4 1 0.8
0.989969270536676 16.2777261068732 "experimento_69" 69 1500 1000 0.95 19 0.4 1 0.8
0.953693176154047 14.5597318002434 "experimento_69" 69 1500 1000 0.95 19 0.4 1 0.8
0.967549609486014 19.0325834108313 "experimento_69" 69 1500 1000 0.95 19 0.4 1 0.8
0.976419257931411 18.2346156806431 "experimento_69" 69 1500 1000 0.95 19 0.4 1 0.8
0.984346623066813 17.1607960559481 "experimento_69" 69 1500 1000 0.95 19 0.4 1 0.8
0.994954877533019 19.9637313685484 "experimento_69" 69 1500 1000 0.95 19 0.4 1 0.8
0.972243110183626 17.0126712485204 "experimento_69" 69 1500 1000 0.95 19 0.4 1 0.8
0.982931390637532 22.6212324541155 "experimento_69" 69 1500 1000 0.95 19 0.4 1 0.8
1.01139561155326 21.4240163647756 "experimento_69" 69 1500 1000 0.95 19 0.4 1 0.8
0.96827354002744 17.6007359915903 "experimento_69" 69 1500 1000 0.95 19 0.4 1 0.8
1.01376557580538 27.1777584361259 "experimento_69" 69 1500 1000 0.95 19 0.4 1 0.8
0.986776388017461 16.5864741993246 "experimento_69" 69 1500 1000 0.95 19 0.4 1 0.8
0.948528577573597 16.0154576155801 "experimento_69" 69 1500 1000 0.95 19 0.4 1 0.8
0.974652276840061 17.4312431280783 "experimento_69" 69 1500 1000 0.95 19 0.4 1 0.8
1.02618163429495 17.3889999901962 "experimento_69" 69 1500 1000 0.95 19 0.4 1 0.8
0.978547791251913 18.6390000585269 "experimento_69" 69 1500 1000 0.95 19 0.4 1 0.8
0.981045517371967 17.945973458062 "experimento_69" 69 1500 1000 0.95 19 0.4 1 0.8
0.949556526029482 15.3006471445032 "experimento_69" 69 1500 1000 0.95 19 0.4 1 0.8
0.994559223530814 19.4857110758857 "experimento_69" 69 1500 1000 0.95 19 0.4 1 0.8
0.977205321192741 18.911245728288 "experimento_69" 69 1500 1000 0.95 19 0.4 1 0.8
0.979049250250682 18.1200061004181 "experimento_69" 69 1500 1000 0.95 19 0.4 1 0.8
0.963286025915295 17.4873304327061 "experimento_69" 69 1500 1000 0.95 19 0.4 1 0.8
0.960965945385396 17.9334049769446 "experimento_69" 69 1500 1000 0.95 19 0.4 1 0.8
