"est.u" "est.lamb" "name" "seed" "size" "replicates" "p_umbral" "exp_lambda" "alpha_pen" "n_pen" "c"
1.00002071870491 51.774887057565 "experimento_55" 55 500 1000 0.95 50 0.4 1 0.8
0.996116021648049 33.5297167342727 "experimento_55" 55 500 1000 0.95 50 0.4 1 0.8
1.01123519138433 162.581174095638 "experimento_55" 55 500 1000 0.95 50 0.4 1 0.8
0.533191823167726 4.13076502910917 "experimento_55" 55 500 1000 0.95 50 0.4 1 0.8
0.996083134552464 49.1091610782622 "experimento_55" 55 500 1000 0.95 50 0.4 1 0.8
1.00227483800612 68.0212987316844 "experimento_55" 55 500 1000 0.95 50 0.4 1 0.8
0.889960359083489 13.9503783848653 "experimento_55" 55 500 1000 0.95 50 0.4 1 0.8
1.00857266974635 68.4975526300342 "experimento_55" 55 500 1000 0.95 50 0.4 1 0.8
0.578384719789028 4.30353157026042 "experimento_55" 55 500 1000 0.95 50 0.4 1 0.8
0.793311898596585 7.74092786814442 "experimento_55" 55 500 1000 0.95 50 0.4 1 0.8
1.0000963635277 38.458429388013 "experimento_55" 55 500 1000 0.95 50 0.4 1 0.8
0.925338464323431 19.4361705815317 "experimento_55" 55 500 1000 0.95 50 0.4 1 0.8
1.01144859421998 61.8883705033078 "experimento_55" 55 500 1000 0.95 50 0.4 1 0.8
0.973843209678307 27.5655988977855 "experimento_55" 55 500 1000 0.95 50 0.4 1 0.8
0.994966569822282 59.5982750490263 "experimento_55" 55 500 1000 0.95 50 0.4 1 0.8
0.538749890867621 3.87798208392749 "experimento_55" 55 500 1000 0.95 50 0.4 1 0.8
0.792319018393755 8.71552133379453 "experimento_55" 55 500 1000 0.95 50 0.4 1 0.8
1.0055269182904 70.631126960916 "experimento_55" 55 500 1000 0.95 50 0.4 1 0.8
0.998012967174873 43.3715376134498 "experimento_55" 55 500 1000 0.95 50 0.4 1 0.8
0.994974003639072 44.7626952183756 "experimento_55" 55 500 1000 0.95 50 0.4 1 0.8
0.987362934276462 34.2250868194077 "experimento_55" 55 500 1000 0.95 50 0.4 1 0.8
0.978407038375735 30.8423037200929 "experimento_55" 55 500 1000 0.95 50 0.4 1 0.8
0.997286147903651 38.993310204877 "experimento_55" 55 500 1000 0.95 50 0.4 1 0.8
0.535775045864284 4.05205012428692 "experimento_55" 55 500 1000 0.95 50 0.4 1 0.8
0.608568254858255 4.75895197626299 "experimento_55" 55 500 1000 0.95 50 0.4 1 0.8
0.850531244650483 12.255026593632 "experimento_55" 55 500 1000 0.95 50 0.4 1 0.8
1.00243230335038 48.4109535189908 "experimento_55" 55 500 1000 0.95 50 0.4 1 0.8
1.00247377034277 68.9740385393331 "experimento_55" 55 500 1000 0.95 50 0.4 1 0.8
0.99051369051449 55.1471888310946 "experimento_55" 55 500 1000 0.95 50 0.4 1 0.8
1.00083057086915 66.6736130190547 "experimento_55" 55 500 1000 0.95 50 0.4 1 0.8
0.853946801740676 11.6684516840971 "experimento_55" 55 500 1000 0.95 50 0.4 1 0.8
0.643888500286266 5.33266705511687 "experimento_55" 55 500 1000 0.95 50 0.4 1 0.8
1.00145338431613 58.4904706608171 "experimento_55" 55 500 1000 0.95 50 0.4 1 0.8
0.988645368721336 41.8254753034754 "experimento_55" 55 500 1000 0.95 50 0.4 1 0.8
1.01317210989073 57.3567161078194 "experimento_55" 55 500 1000 0.95 50 0.4 1 0.8
0.660954355727881 5.56085973394893 "experimento_55" 55 500 1000 0.95 50 0.4 1 0.8
0.511646610684693 3.75436175081361 "experimento_55" 55 500 1000 0.95 50 0.4 1 0.8
1.00083826223388 61.8702828309321 "experimento_55" 55 500 1000 0.95 50 0.4 1 0.8
0.998628359986469 56.7901457738647 "experimento_55" 55 500 1000 0.95 50 0.4 1 0.8
0.807222905103117 9.65289442991251 "experimento_55" 55 500 1000 0.95 50 0.4 1 0.8
1.00023946180008 107.843650160298 "experimento_55" 55 500 1000 0.95 50 0.4 1 0.8
1.0218480032674 42.3935349464433 "experimento_55" 55 500 1000 0.95 50 0.4 1 0.8
0.754188847728074 7.54837663135251 "experimento_55" 55 500 1000 0.95 50 0.4 1 0.8
0.993308677338064 51.6040020442257 "experimento_55" 55 500 1000 0.95 50 0.4 1 0.8
0.999389921547845 47.5525665101092 "experimento_55" 55 500 1000 0.95 50 0.4 1 0.8
0.534006918780506 3.93226914538208 "experimento_55" 55 500 1000 0.95 50 0.4 1 0.8
1.00234058985487 60.8864418903524 "experimento_55" 55 500 1000 0.95 50 0.4 1 0.8
1.00817113216035 52.7680949985627 "experimento_55" 55 500 1000 0.95 50 0.4 1 0.8
0.991656971164048 38.8666760409685 "experimento_55" 55 500 1000 0.95 50 0.4 1 0.8
0.997825023951009 52.8605810289112 "experimento_55" 55 500 1000 0.95 50 0.4 1 0.8
0.797178227221593 7.77514361550063 "experimento_55" 55 500 1000 0.95 50 0.4 1 0.8
0.996519594220445 49.9972235130159 "experimento_55" 55 500 1000 0.95 50 0.4 1 0.8
0.994871982373297 61.457912574638 "experimento_55" 55 500 1000 0.95 50 0.4 1 0.8
0.73280492471531 7.02128954207713 "experimento_55" 55 500 1000 0.95 50 0.4 1 0.8
0.678013029973954 5.35179857471968 "experimento_55" 55 500 1000 0.95 50 0.4 1 0.8
1.02016892008399 59.3728878548589 "experimento_55" 55 500 1000 0.95 50 0.4 1 0.8
0.999083653325215 53.7747285601728 "experimento_55" 55 500 1000 0.95 50 0.4 1 0.8
1.00054930972867 59.2412496799208 "experimento_55" 55 500 1000 0.95 50 0.4 1 0.8
0.48985086963512 3.67785177987569 "experimento_55" 55 500 1000 0.95 50 0.4 1 0.8
1.00715507899411 72.6465767175942 "experimento_55" 55 500 1000 0.95 50 0.4 1 0.8
0.753906690748408 8.44693089327841 "experimento_55" 55 500 1000 0.95 50 0.4 1 0.8
1.00179465726018 53.0073154650673 "experimento_55" 55 500 1000 0.95 50 0.4 1 0.8
1.00523210650276 49.9793741359892 "experimento_55" 55 500 1000 0.95 50 0.4 1 0.8
0.996002092724666 60.0410388254963 "experimento_55" 55 500 1000 0.95 50 0.4 1 0.8
0.538904070854187 3.92576614946282 "experimento_55" 55 500 1000 0.95 50 0.4 1 0.8
0.683350087376311 5.70350066184247 "experimento_55" 55 500 1000 0.95 50 0.4 1 0.8
0.999790832865983 53.8728477263004 "experimento_55" 55 500 1000 0.95 50 0.4 1 0.8
0.996574374148622 50.6149176228794 "experimento_55" 55 500 1000 0.95 50 0.4 1 0.8
0.977842592168599 26.9857210022725 "experimento_55" 55 500 1000 0.95 50 0.4 1 0.8
0.992900562938303 49.5055194043154 "experimento_55" 55 500 1000 0.95 50 0.4 1 0.8
1.01529453281584 100.179559428468 "experimento_55" 55 500 1000 0.95 50 0.4 1 0.8
0.823083908995613 9.60858049939428 "experimento_55" 55 500 1000 0.95 50 0.4 1 0.8
0.533907195786014 3.9720056890713 "experimento_55" 55 500 1000 0.95 50 0.4 1 0.8
1.00910096108913 61.6119884264515 "experimento_55" 55 500 1000 0.95 50 0.4 1 0.8
1.01152536293492 61.4932763244161 "experimento_55" 55 500 1000 0.95 50 0.4 1 0.8
0.986851909197867 33.6419687015132 "experimento_55" 55 500 1000 0.95 50 0.4 1 0.8
1.00449254602194 45.4098061582088 "experimento_55" 55 500 1000 0.95 50 0.4 1 0.8
1.00094159077479 72.2572130347535 "experimento_55" 55 500 1000 0.95 50 0.4 1 0.8
0.613319185329601 4.4698591008614 "experimento_55" 55 500 1000 0.95 50 0.4 1 0.8
0.997371487086639 41.3103470047651 "experimento_55" 55 500 1000 0.95 50 0.4 1 0.8
0.995762215927243 48.9450526480594 "experimento_55" 55 500 1000 0.95 50 0.4 1 0.8
1.00141574212881 55.5194329303643 "experimento_55" 55 500 1000 0.95 50 0.4 1 0.8
0.508171648718417 3.69531000170282 "experimento_55" 55 500 1000 0.95 50 0.4 1 0.8
1.0031984269619 47.4861862457351 "experimento_55" 55 500 1000 0.95 50 0.4 1 0.8
0.999795464565977 71.8179320981195 "experimento_55" 55 500 1000 0.95 50 0.4 1 0.8
1.00356179054003 43.5409572841505 "experimento_55" 55 500 1000 0.95 50 0.4 1 0.8
0.9996125951875 43.0041187693388 "experimento_55" 55 500 1000 0.95 50 0.4 1 0.8
0.998020445229486 49.7064583601576 "experimento_55" 55 500 1000 0.95 50 0.4 1 0.8
0.987707096152008 36.0645536206265 "experimento_55" 55 500 1000 0.95 50 0.4 1 0.8
0.857969297794625 11.799420044962 "experimento_55" 55 500 1000 0.95 50 0.4 1 0.8
1.00409862121567 45.0254546031724 "experimento_55" 55 500 1000 0.95 50 0.4 1 0.8
1.00011720935654 49.9652090725776 "experimento_55" 55 500 1000 0.95 50 0.4 1 0.8
0.980882068397477 31.7331965116324 "experimento_55" 55 500 1000 0.95 50 0.4 1 0.8
0.999031726270914 69.3417269438019 "experimento_55" 55 500 1000 0.95 50 0.4 1 0.8
1.00017856274501 41.9080630870117 "experimento_55" 55 500 1000 0.95 50 0.4 1 0.8
0.999633827945217 49.6993069643372 "experimento_55" 55 500 1000 0.95 50 0.4 1 0.8
0.647420798661187 5.17363981796074 "experimento_55" 55 500 1000 0.95 50 0.4 1 0.8
0.998972678324208 66.3356770889077 "experimento_55" 55 500 1000 0.95 50 0.4 1 0.8
1.00110224335112 62.304716925267 "experimento_55" 55 500 1000 0.95 50 0.4 1 0.8
1.00204462728599 69.8754135842508 "experimento_55" 55 500 1000 0.95 50 0.4 1 0.8
0.997680650325492 41.9910535420974 "experimento_55" 55 500 1000 0.95 50 0.4 1 0.8
0.993832631502301 39.9342225144262 "experimento_55" 55 500 1000 0.95 50 0.4 1 0.8
0.928321419516578 20.528643287215 "experimento_55" 55 500 1000 0.95 50 0.4 1 0.8
1.00565096009027 71.476388266644 "experimento_55" 55 500 1000 0.95 50 0.4 1 0.8
1.00044354533067 56.3128142709275 "experimento_55" 55 500 1000 0.95 50 0.4 1 0.8
1.00496209397912 88.3963438789756 "experimento_55" 55 500 1000 0.95 50 0.4 1 0.8
1.00064918267541 71.0053648504066 "experimento_55" 55 500 1000 0.95 50 0.4 1 0.8
0.540335578611121 4.13622216442905 "experimento_55" 55 500 1000 0.95 50 0.4 1 0.8
1.00555330610834 57.2577419238485 "experimento_55" 55 500 1000 0.95 50 0.4 1 0.8
0.998967576771975 54.2318228721672 "experimento_55" 55 500 1000 0.95 50 0.4 1 0.8
0.967861443990842 31.3008127974544 "experimento_55" 55 500 1000 0.95 50 0.4 1 0.8
0.536879811203107 4.19407498811367 "experimento_55" 55 500 1000 0.95 50 0.4 1 0.8
1.00041072578668 75.343459439404 "experimento_55" 55 500 1000 0.95 50 0.4 1 0.8
0.99925293889828 52.7805305878581 "experimento_55" 55 500 1000 0.95 50 0.4 1 0.8
0.575390357058495 4.36476439366169 "experimento_55" 55 500 1000 0.95 50 0.4 1 0.8
0.585070075001568 4.31892572348694 "experimento_55" 55 500 1000 0.95 50 0.4 1 0.8
1.00098883740604 72.8029844168769 "experimento_55" 55 500 1000 0.95 50 0.4 1 0.8
1.00143118306087 46.0351269532238 "experimento_55" 55 500 1000 0.95 50 0.4 1 0.8
0.759778090054169 7.27758857640298 "experimento_55" 55 500 1000 0.95 50 0.4 1 0.8
0.994411653606221 37.4273903448543 "experimento_55" 55 500 1000 0.95 50 0.4 1 0.8
0.596548178698868 4.81134936792319 "experimento_55" 55 500 1000 0.95 50 0.4 1 0.8
0.795198966981843 9.33453522307416 "experimento_55" 55 500 1000 0.95 50 0.4 1 0.8
0.671098914695904 5.97537757463456 "experimento_55" 55 500 1000 0.95 50 0.4 1 0.8
0.998552505625412 49.127567123994 "experimento_55" 55 500 1000 0.95 50 0.4 1 0.8
0.545343944337219 4.11392989866425 "experimento_55" 55 500 1000 0.95 50 0.4 1 0.8
1.01441438846206 62.5386200455478 "experimento_55" 55 500 1000 0.95 50 0.4 1 0.8
0.7547425434459 6.81839266518483 "experimento_55" 55 500 1000 0.95 50 0.4 1 0.8
0.531045857118443 4.06873577895022 "experimento_55" 55 500 1000 0.95 50 0.4 1 0.8
0.999936084030196 64.8267141761374 "experimento_55" 55 500 1000 0.95 50 0.4 1 0.8
0.986325532197952 32.6466938922956 "experimento_55" 55 500 1000 0.95 50 0.4 1 0.8
0.833395515335724 10.5154562336988 "experimento_55" 55 500 1000 0.95 50 0.4 1 0.8
1.00112241409412 51.7073042900524 "experimento_55" 55 500 1000 0.95 50 0.4 1 0.8
1.00011096933857 54.4755516750905 "experimento_55" 55 500 1000 0.95 50 0.4 1 0.8
0.996428041951731 80.6188918880337 "experimento_55" 55 500 1000 0.95 50 0.4 1 0.8
1.01017135260627 81.0978164404835 "experimento_55" 55 500 1000 0.95 50 0.4 1 0.8
1.00184028926305 39.0412024947688 "experimento_55" 55 500 1000 0.95 50 0.4 1 0.8
1.00105866704136 63.5827533232624 "experimento_55" 55 500 1000 0.95 50 0.4 1 0.8
0.894655795535073 15.5911457228216 "experimento_55" 55 500 1000 0.95 50 0.4 1 0.8
0.867146410513669 12.3275219320822 "experimento_55" 55 500 1000 0.95 50 0.4 1 0.8
0.578283169539645 4.29226672728185 "experimento_55" 55 500 1000 0.95 50 0.4 1 0.8
0.967617975082248 33.3894214172674 "experimento_55" 55 500 1000 0.95 50 0.4 1 0.8
0.695627059787512 6.39209364114419 "experimento_55" 55 500 1000 0.95 50 0.4 1 0.8
0.493825472891331 3.63680105147303 "experimento_55" 55 500 1000 0.95 50 0.4 1 0.8
0.99376802588813 39.6077092940445 "experimento_55" 55 500 1000 0.95 50 0.4 1 0.8
0.994057583855465 43.659629146193 "experimento_55" 55 500 1000 0.95 50 0.4 1 0.8
0.868214104324579 12.9671587337611 "experimento_55" 55 500 1000 0.95 50 0.4 1 0.8
0.523126026848331 4.03697715062583 "experimento_55" 55 500 1000 0.95 50 0.4 1 0.8
0.588058213936165 4.37109941357433 "experimento_55" 55 500 1000 0.95 50 0.4 1 0.8
0.995311050210148 43.6165043113942 "experimento_55" 55 500 1000 0.95 50 0.4 1 0.8
1.00221781640314 70.251721522989 "experimento_55" 55 500 1000 0.95 50 0.4 1 0.8
0.576309613650665 4.29115369423443 "experimento_55" 55 500 1000 0.95 50 0.4 1 0.8
1.0026265491741 66.151360248527 "experimento_55" 55 500 1000 0.95 50 0.4 1 0.8
0.522896423470229 3.69501607979657 "experimento_55" 55 500 1000 0.95 50 0.4 1 0.8
0.999718363629654 53.5105702628336 "experimento_55" 55 500 1000 0.95 50 0.4 1 0.8
0.509626572486013 3.68282596957517 "experimento_55" 55 500 1000 0.95 50 0.4 1 0.8
0.584361378801987 4.56037308262223 "experimento_55" 55 500 1000 0.95 50 0.4 1 0.8
0.572197592351586 4.06144359067847 "experimento_55" 55 500 1000 0.95 50 0.4 1 0.8
1.00078828728758 41.3120029824288 "experimento_55" 55 500 1000 0.95 50 0.4 1 0.8
1.00281245205551 55.0818587894686 "experimento_55" 55 500 1000 0.95 50 0.4 1 0.8
0.998056323966011 43.8561495441774 "experimento_55" 55 500 1000 0.95 50 0.4 1 0.8
0.996182040311396 44.4767826437086 "experimento_55" 55 500 1000 0.95 50 0.4 1 0.8
1.00024073606357 86.8525340613688 "experimento_55" 55 500 1000 0.95 50 0.4 1 0.8
0.993370574200526 36.5254349268724 "experimento_55" 55 500 1000 0.95 50 0.4 1 0.8
1.00999711572193 59.0091670987447 "experimento_55" 55 500 1000 0.95 50 0.4 1 0.8
0.952971990220249 26.196192498911 "experimento_55" 55 500 1000 0.95 50 0.4 1 0.8
0.55546004883945 4.11317093684411 "experimento_55" 55 500 1000 0.95 50 0.4 1 0.8
1.00339547999016 51.4145348789565 "experimento_55" 55 500 1000 0.95 50 0.4 1 0.8
0.71448286017403 5.92412920115709 "experimento_55" 55 500 1000 0.95 50 0.4 1 0.8
0.993532398715615 44.839840295999 "experimento_55" 55 500 1000 0.95 50 0.4 1 0.8
1.00105485296457 45.8767794269897 "experimento_55" 55 500 1000 0.95 50 0.4 1 0.8
0.999307940946892 64.7277720510101 "experimento_55" 55 500 1000 0.95 50 0.4 1 0.8
0.997491423273459 48.0173609270527 "experimento_55" 55 500 1000 0.95 50 0.4 1 0.8
0.84057101723738 10.6326796425962 "experimento_55" 55 500 1000 0.95 50 0.4 1 0.8
1.00054787176691 46.9066455808493 "experimento_55" 55 500 1000 0.95 50 0.4 1 0.8
1.00038112508777 46.6670216641812 "experimento_55" 55 500 1000 0.95 50 0.4 1 0.8
0.549308365676552 4.38073893412613 "experimento_55" 55 500 1000 0.95 50 0.4 1 0.8
1.00546489118598 75.565423456122 "experimento_55" 55 500 1000 0.95 50 0.4 1 0.8
0.589828693307936 4.69568720984011 "experimento_55" 55 500 1000 0.95 50 0.4 1 0.8
0.648951032664627 5.23073761623692 "experimento_55" 55 500 1000 0.95 50 0.4 1 0.8
0.995813295710832 42.4682591730284 "experimento_55" 55 500 1000 0.95 50 0.4 1 0.8
0.99400388286449 42.5107670862797 "experimento_55" 55 500 1000 0.95 50 0.4 1 0.8
0.534388868138194 3.7745524727185 "experimento_55" 55 500 1000 0.95 50 0.4 1 0.8
1.01706045342525 51.9263498093623 "experimento_55" 55 500 1000 0.95 50 0.4 1 0.8
1.00512239245632 60.0405802501856 "experimento_55" 55 500 1000 0.95 50 0.4 1 0.8
1.01190952406265 86.7332489759362 "experimento_55" 55 500 1000 0.95 50 0.4 1 0.8
1.0144149025335 82.6834708789421 "experimento_55" 55 500 1000 0.95 50 0.4 1 0.8
1.0001039205119 52.8197800084563 "experimento_55" 55 500 1000 0.95 50 0.4 1 0.8
0.559001962188631 4.24419093803501 "experimento_55" 55 500 1000 0.95 50 0.4 1 0.8
1.0028616300039 69.7543203943737 "experimento_55" 55 500 1000 0.95 50 0.4 1 0.8
0.994658603100106 32.4078225893585 "experimento_55" 55 500 1000 0.95 50 0.4 1 0.8
1.00358833542094 58.0594181590711 "experimento_55" 55 500 1000 0.95 50 0.4 1 0.8
0.993644058471546 47.0229697123255 "experimento_55" 55 500 1000 0.95 50 0.4 1 0.8
0.76253843633458 7.75487226842946 "experimento_55" 55 500 1000 0.95 50 0.4 1 0.8
0.999232167378068 51.362506409215 "experimento_55" 55 500 1000 0.95 50 0.4 1 0.8
0.996793330879882 41.7308485287146 "experimento_55" 55 500 1000 0.95 50 0.4 1 0.8
0.677734999218956 5.77596381933896 "experimento_55" 55 500 1000 0.95 50 0.4 1 0.8
0.999184538377449 42.6866576288346 "experimento_55" 55 500 1000 0.95 50 0.4 1 0.8
0.932674121577293 18.3002244025535 "experimento_55" 55 500 1000 0.95 50 0.4 1 0.8
1.00535943011753 50.4242079432884 "experimento_55" 55 500 1000 0.95 50 0.4 1 0.8
0.519543141825125 3.79057804010764 "experimento_55" 55 500 1000 0.95 50 0.4 1 0.8
1.02280439381084 80.6360651614256 "experimento_55" 55 500 1000 0.95 50 0.4 1 0.8
1.01146813986823 69.0862419070748 "experimento_55" 55 500 1000 0.95 50 0.4 1 0.8
0.999174762284383 64.1592591926538 "experimento_55" 55 500 1000 0.95 50 0.4 1 0.8
0.994986464967951 42.1082337146746 "experimento_55" 55 500 1000 0.95 50 0.4 1 0.8
0.800720568979159 9.11624587100286 "experimento_55" 55 500 1000 0.95 50 0.4 1 0.8
1.00019707044177 51.3009980109957 "experimento_55" 55 500 1000 0.95 50 0.4 1 0.8
1.01202138597146 49.441538545221 "experimento_55" 55 500 1000 0.95 50 0.4 1 0.8
0.998678032308817 38.1583688441641 "experimento_55" 55 500 1000 0.95 50 0.4 1 0.8
0.53729649586603 3.90386990071281 "experimento_55" 55 500 1000 0.95 50 0.4 1 0.8
1.01942798215271 89.0225994157521 "experimento_55" 55 500 1000 0.95 50 0.4 1 0.8
0.504043127642944 3.69542091489186 "experimento_55" 55 500 1000 0.95 50 0.4 1 0.8
1.00062412657437 71.4171165341197 "experimento_55" 55 500 1000 0.95 50 0.4 1 0.8
0.998420902295038 42.8048533608457 "experimento_55" 55 500 1000 0.95 50 0.4 1 0.8
0.613534235395491 4.82243346545449 "experimento_55" 55 500 1000 0.95 50 0.4 1 0.8
0.588588193058968 4.53587651755495 "experimento_55" 55 500 1000 0.95 50 0.4 1 0.8
0.99949280009605 54.0319442059023 "experimento_55" 55 500 1000 0.95 50 0.4 1 0.8
0.768104174407199 7.9751152517224 "experimento_55" 55 500 1000 0.95 50 0.4 1 0.8
0.997546406229958 49.8176892332027 "experimento_55" 55 500 1000 0.95 50 0.4 1 0.8
0.997264798497781 38.9973975795852 "experimento_55" 55 500 1000 0.95 50 0.4 1 0.8
1.00185379679315 53.9649360878781 "experimento_55" 55 500 1000 0.95 50 0.4 1 0.8
0.999354942003265 48.8722818828561 "experimento_55" 55 500 1000 0.95 50 0.4 1 0.8
0.92002824624069 18.5278236901263 "experimento_55" 55 500 1000 0.95 50 0.4 1 0.8
1.00307324524969 51.8801925705412 "experimento_55" 55 500 1000 0.95 50 0.4 1 0.8
0.995042274473235 46.0236147470347 "experimento_55" 55 500 1000 0.95 50 0.4 1 0.8
1.00519634541017 56.1868805110196 "experimento_55" 55 500 1000 0.95 50 0.4 1 0.8
1.00823237217031 60.2745572001895 "experimento_55" 55 500 1000 0.95 50 0.4 1 0.8
1.00473931548186 83.3665805750873 "experimento_55" 55 500 1000 0.95 50 0.4 1 0.8
0.999987418530509 43.9955247283703 "experimento_55" 55 500 1000 0.95 50 0.4 1 0.8
0.997668688651174 45.0351149500708 "experimento_55" 55 500 1000 0.95 50 0.4 1 0.8
0.726624132832512 6.84003326306974 "experimento_55" 55 500 1000 0.95 50 0.4 1 0.8
0.873549733543769 12.6046351806714 "experimento_55" 55 500 1000 0.95 50 0.4 1 0.8
1.00057326006703 49.344847180121 "experimento_55" 55 500 1000 0.95 50 0.4 1 0.8
0.847218428971246 11.7378048139384 "experimento_55" 55 500 1000 0.95 50 0.4 1 0.8
0.997466182103381 46.0398358870691 "experimento_55" 55 500 1000 0.95 50 0.4 1 0.8
1.00513162449934 105.050608769621 "experimento_55" 55 500 1000 0.95 50 0.4 1 0.8
0.992919992189854 43.2240648335105 "experimento_55" 55 500 1000 0.95 50 0.4 1 0.8
0.994645131053403 38.7092592103233 "experimento_55" 55 500 1000 0.95 50 0.4 1 0.8
0.998907232191414 59.0162487574232 "experimento_55" 55 500 1000 0.95 50 0.4 1 0.8
0.999648441327736 47.4968923302431 "experimento_55" 55 500 1000 0.95 50 0.4 1 0.8
1.00290620057001 52.9751715192983 "experimento_55" 55 500 1000 0.95 50 0.4 1 0.8
0.984704091679305 37.3793902084618 "experimento_55" 55 500 1000 0.95 50 0.4 1 0.8
0.997728885849938 60.6773519592757 "experimento_55" 55 500 1000 0.95 50 0.4 1 0.8
0.759012310300022 6.9663464691594 "experimento_55" 55 500 1000 0.95 50 0.4 1 0.8
1.00060147388838 44.8961060262077 "experimento_55" 55 500 1000 0.95 50 0.4 1 0.8
0.990117679350078 36.551376539821 "experimento_55" 55 500 1000 0.95 50 0.4 1 0.8
0.914049722719938 18.9454818938665 "experimento_55" 55 500 1000 0.95 50 0.4 1 0.8
0.949655026430264 21.5706931532193 "experimento_55" 55 500 1000 0.95 50 0.4 1 0.8
0.496024408144876 3.734513080221 "experimento_55" 55 500 1000 0.95 50 0.4 1 0.8
0.984380121110007 49.412159918773 "experimento_55" 55 500 1000 0.95 50 0.4 1 0.8
0.99761770805344 66.0070908734619 "experimento_55" 55 500 1000 0.95 50 0.4 1 0.8
1.01505732200396 78.1232659505663 "experimento_55" 55 500 1000 0.95 50 0.4 1 0.8
0.99338349676691 33.2656241510113 "experimento_55" 55 500 1000 0.95 50 0.4 1 0.8
0.510591886471957 3.7950701077056 "experimento_55" 55 500 1000 0.95 50 0.4 1 0.8
0.721457311883569 7.00749438495413 "experimento_55" 55 500 1000 0.95 50 0.4 1 0.8
0.989677505800501 39.4012450957001 "experimento_55" 55 500 1000 0.95 50 0.4 1 0.8
0.777506891172379 7.79678207804037 "experimento_55" 55 500 1000 0.95 50 0.4 1 0.8
1.00400513759814 46.9597435028223 "experimento_55" 55 500 1000 0.95 50 0.4 1 0.8
0.998472189065069 54.1025654053673 "experimento_55" 55 500 1000 0.95 50 0.4 1 0.8
0.993967837654054 31.1939250353167 "experimento_55" 55 500 1000 0.95 50 0.4 1 0.8
0.537588098552078 4.06743574564968 "experimento_55" 55 500 1000 0.95 50 0.4 1 0.8
1.00297774798237 67.6919559511888 "experimento_55" 55 500 1000 0.95 50 0.4 1 0.8
1.00262821475044 75.8752084100106 "experimento_55" 55 500 1000 0.95 50 0.4 1 0.8
1.00409348616377 49.0111741165331 "experimento_55" 55 500 1000 0.95 50 0.4 1 0.8
0.998028356814757 53.5714471266005 "experimento_55" 55 500 1000 0.95 50 0.4 1 0.8
0.577374782646075 4.3611544776187 "experimento_55" 55 500 1000 0.95 50 0.4 1 0.8
1.01284509878606 64.6136643147048 "experimento_55" 55 500 1000 0.95 50 0.4 1 0.8
0.996305795852095 47.6921153682866 "experimento_55" 55 500 1000 0.95 50 0.4 1 0.8
0.99971139873378 43.7042677355725 "experimento_55" 55 500 1000 0.95 50 0.4 1 0.8
0.961076940177009 24.0053508147788 "experimento_55" 55 500 1000 0.95 50 0.4 1 0.8
0.999781857477501 59.2615584662037 "experimento_55" 55 500 1000 0.95 50 0.4 1 0.8
0.996827371884137 48.9527539390536 "experimento_55" 55 500 1000 0.95 50 0.4 1 0.8
0.996938401600346 57.7827544348451 "experimento_55" 55 500 1000 0.95 50 0.4 1 0.8
1.00985796923201 117.333790735477 "experimento_55" 55 500 1000 0.95 50 0.4 1 0.8
0.62447789660655 4.80279230407094 "experimento_55" 55 500 1000 0.95 50 0.4 1 0.8
0.997491471935064 44.3569668833809 "experimento_55" 55 500 1000 0.95 50 0.4 1 0.8
1.00038162605221 56.5347819137995 "experimento_55" 55 500 1000 0.95 50 0.4 1 0.8
0.993666455382481 38.0893251399299 "experimento_55" 55 500 1000 0.95 50 0.4 1 0.8
0.999544778373092 49.6509543905275 "experimento_55" 55 500 1000 0.95 50 0.4 1 0.8
0.754372964147478 7.40034767782515 "experimento_55" 55 500 1000 0.95 50 0.4 1 0.8
1.01148615040816 123.540379432943 "experimento_55" 55 500 1000 0.95 50 0.4 1 0.8
0.996501571964473 50.5732177595031 "experimento_55" 55 500 1000 0.95 50 0.4 1 0.8
0.721565696410835 6.47225960842919 "experimento_55" 55 500 1000 0.95 50 0.4 1 0.8
0.722695205360651 7.06935368924027 "experimento_55" 55 500 1000 0.95 50 0.4 1 0.8
0.875233800150454 12.718144076649 "experimento_55" 55 500 1000 0.95 50 0.4 1 0.8
1.01299574981444 99.3754515472946 "experimento_55" 55 500 1000 0.95 50 0.4 1 0.8
1.00493965407833 61.844201149415 "experimento_55" 55 500 1000 0.95 50 0.4 1 0.8
0.997594389831647 50.6808294103202 "experimento_55" 55 500 1000 0.95 50 0.4 1 0.8
1.00253885694779 56.4912903761393 "experimento_55" 55 500 1000 0.95 50 0.4 1 0.8
1.0022686954774 42.5274931633553 "experimento_55" 55 500 1000 0.95 50 0.4 1 0.8
0.811264428310096 8.77261991593488 "experimento_55" 55 500 1000 0.95 50 0.4 1 0.8
1.017658240666 42.0246613526099 "experimento_55" 55 500 1000 0.95 50 0.4 1 0.8
1.00100613707677 50.1637202629416 "experimento_55" 55 500 1000 0.95 50 0.4 1 0.8
1.00720127149485 53.9230518805808 "experimento_55" 55 500 1000 0.95 50 0.4 1 0.8
0.585908155888319 4.55660881700807 "experimento_55" 55 500 1000 0.95 50 0.4 1 0.8
1.00826854302548 69.7977943094466 "experimento_55" 55 500 1000 0.95 50 0.4 1 0.8
0.99963500071317 73.015993721425 "experimento_55" 55 500 1000 0.95 50 0.4 1 0.8
0.989440884673968 33.5564210566581 "experimento_55" 55 500 1000 0.95 50 0.4 1 0.8
0.995519929332659 45.5461075604849 "experimento_55" 55 500 1000 0.95 50 0.4 1 0.8
0.532051973976195 4.11304099138111 "experimento_55" 55 500 1000 0.95 50 0.4 1 0.8
1.01009692642838 74.518508260678 "experimento_55" 55 500 1000 0.95 50 0.4 1 0.8
0.997804315527901 49.4380726309986 "experimento_55" 55 500 1000 0.95 50 0.4 1 0.8
0.90324718086049 16.4135687755551 "experimento_55" 55 500 1000 0.95 50 0.4 1 0.8
0.99419093830511 48.7629115487796 "experimento_55" 55 500 1000 0.95 50 0.4 1 0.8
0.99992053443566 51.5236012134911 "experimento_55" 55 500 1000 0.95 50 0.4 1 0.8
0.572997542563826 4.30521658680185 "experimento_55" 55 500 1000 0.95 50 0.4 1 0.8
1.00165230721235 59.7264888113428 "experimento_55" 55 500 1000 0.95 50 0.4 1 0.8
1.01571064053515 39.3579791283777 "experimento_55" 55 500 1000 0.95 50 0.4 1 0.8
1.00966274415143 79.2340175745889 "experimento_55" 55 500 1000 0.95 50 0.4 1 0.8
1.01115537738428 55.25099041778 "experimento_55" 55 500 1000 0.95 50 0.4 1 0.8
0.531811965163797 3.77344312268715 "experimento_55" 55 500 1000 0.95 50 0.4 1 0.8
0.996920566307381 44.0451373432324 "experimento_55" 55 500 1000 0.95 50 0.4 1 0.8
0.530928800813854 3.96795826893484 "experimento_55" 55 500 1000 0.95 50 0.4 1 0.8
0.630999652436003 4.80269474266246 "experimento_55" 55 500 1000 0.95 50 0.4 1 0.8
0.997546916594729 56.1908244965471 "experimento_55" 55 500 1000 0.95 50 0.4 1 0.8
1.00314139167778 55.1645216243846 "experimento_55" 55 500 1000 0.95 50 0.4 1 0.8
0.617024228908122 4.56505316871495 "experimento_55" 55 500 1000 0.95 50 0.4 1 0.8
0.998711787164211 61.2412055467598 "experimento_55" 55 500 1000 0.95 50 0.4 1 0.8
0.926580908475444 20.3043862067279 "experimento_55" 55 500 1000 0.95 50 0.4 1 0.8
1.01192961098626 48.90409247304 "experimento_55" 55 500 1000 0.95 50 0.4 1 0.8
0.995415861718357 51.9980260635259 "experimento_55" 55 500 1000 0.95 50 0.4 1 0.8
1.01146643470973 67.889386023902 "experimento_55" 55 500 1000 0.95 50 0.4 1 0.8
1.00168337528594 38.6303326952814 "experimento_55" 55 500 1000 0.95 50 0.4 1 0.8
0.999498018529266 64.0458241837044 "experimento_55" 55 500 1000 0.95 50 0.4 1 0.8
0.998307173140347 61.0090603675866 "experimento_55" 55 500 1000 0.95 50 0.4 1 0.8
0.991382154170424 59.1705905191466 "experimento_55" 55 500 1000 0.95 50 0.4 1 0.8
0.721544868079945 6.34423204593328 "experimento_55" 55 500 1000 0.95 50 0.4 1 0.8
0.994754154933617 58.4003727164399 "experimento_55" 55 500 1000 0.95 50 0.4 1 0.8
0.991987612331286 39.1748307337401 "experimento_55" 55 500 1000 0.95 50 0.4 1 0.8
0.519935148535296 3.87611438578171 "experimento_55" 55 500 1000 0.95 50 0.4 1 0.8
1.00581701376543 88.7935205920356 "experimento_55" 55 500 1000 0.95 50 0.4 1 0.8
0.685924484394491 5.9908950379099 "experimento_55" 55 500 1000 0.95 50 0.4 1 0.8
1.00930904216133 60.5299229901807 "experimento_55" 55 500 1000 0.95 50 0.4 1 0.8
1.0087372939568 49.8231873550102 "experimento_55" 55 500 1000 0.95 50 0.4 1 0.8
1.01154451070353 61.8051639275051 "experimento_55" 55 500 1000 0.95 50 0.4 1 0.8
0.996487878495827 53.1869641359038 "experimento_55" 55 500 1000 0.95 50 0.4 1 0.8
0.66757980780676 5.65259760486616 "experimento_55" 55 500 1000 0.95 50 0.4 1 0.8
0.999803033890203 71.2808458309621 "experimento_55" 55 500 1000 0.95 50 0.4 1 0.8
0.999930008081719 49.7281466369778 "experimento_55" 55 500 1000 0.95 50 0.4 1 0.8
1.00377383791971 38.1787410265706 "experimento_55" 55 500 1000 0.95 50 0.4 1 0.8
0.998160305665806 48.1208554093004 "experimento_55" 55 500 1000 0.95 50 0.4 1 0.8
1.01520603945395 60.9507084199815 "experimento_55" 55 500 1000 0.95 50 0.4 1 0.8
1.00393883438781 86.9048416613737 "experimento_55" 55 500 1000 0.95 50 0.4 1 0.8
0.994996926747262 40.0287890646944 "experimento_55" 55 500 1000 0.95 50 0.4 1 0.8
0.999679603613913 54.1861522493489 "experimento_55" 55 500 1000 0.95 50 0.4 1 0.8
0.997898046392947 49.1971693306483 "experimento_55" 55 500 1000 0.95 50 0.4 1 0.8
1.01016843050427 80.3032613101322 "experimento_55" 55 500 1000 0.95 50 0.4 1 0.8
0.600477605592459 4.72211895461493 "experimento_55" 55 500 1000 0.95 50 0.4 1 0.8
0.677250934764743 5.49865075116549 "experimento_55" 55 500 1000 0.95 50 0.4 1 0.8
0.963688233401626 32.5122362864921 "experimento_55" 55 500 1000 0.95 50 0.4 1 0.8
0.999708745162934 54.130222756113 "experimento_55" 55 500 1000 0.95 50 0.4 1 0.8
0.993644690141082 37.0566009937475 "experimento_55" 55 500 1000 0.95 50 0.4 1 0.8
1.0018729233183 50.2029427189097 "experimento_55" 55 500 1000 0.95 50 0.4 1 0.8
0.996203099843115 40.3379861750749 "experimento_55" 55 500 1000 0.95 50 0.4 1 0.8
1.00590044322424 57.2730133162166 "experimento_55" 55 500 1000 0.95 50 0.4 1 0.8
0.912460463121533 16.1993136725018 "experimento_55" 55 500 1000 0.95 50 0.4 1 0.8
0.808639452094212 9.42902594353725 "experimento_55" 55 500 1000 0.95 50 0.4 1 0.8
0.525452546775341 3.89604431923126 "experimento_55" 55 500 1000 0.95 50 0.4 1 0.8
0.995567380217835 51.2630147680876 "experimento_55" 55 500 1000 0.95 50 0.4 1 0.8
0.551704991608858 3.82250046762017 "experimento_55" 55 500 1000 0.95 50 0.4 1 0.8
0.785959212807938 7.88326956493932 "experimento_55" 55 500 1000 0.95 50 0.4 1 0.8
1.01878750327891 71.1999108116139 "experimento_55" 55 500 1000 0.95 50 0.4 1 0.8
1.00075523528868 58.4167041400336 "experimento_55" 55 500 1000 0.95 50 0.4 1 0.8
0.512859756825492 3.83293682074502 "experimento_55" 55 500 1000 0.95 50 0.4 1 0.8
1.01243991371244 38.0442952242342 "experimento_55" 55 500 1000 0.95 50 0.4 1 0.8
0.634299038676545 4.8543442943443 "experimento_55" 55 500 1000 0.95 50 0.4 1 0.8
0.862801633309573 11.7085193163499 "experimento_55" 55 500 1000 0.95 50 0.4 1 0.8
0.526934695662931 4.13249158189319 "experimento_55" 55 500 1000 0.95 50 0.4 1 0.8
0.991492865374312 38.9049668951482 "experimento_55" 55 500 1000 0.95 50 0.4 1 0.8
1.0015679698671 52.2355956891731 "experimento_55" 55 500 1000 0.95 50 0.4 1 0.8
0.894921466941014 14.5980178314228 "experimento_55" 55 500 1000 0.95 50 0.4 1 0.8
1.00276410171762 47.6350347095482 "experimento_55" 55 500 1000 0.95 50 0.4 1 0.8
0.999060885980725 46.9762380051696 "experimento_55" 55 500 1000 0.95 50 0.4 1 0.8
0.522480392828584 3.9883052760198 "experimento_55" 55 500 1000 0.95 50 0.4 1 0.8
0.685267099644989 5.80799332960788 "experimento_55" 55 500 1000 0.95 50 0.4 1 0.8
0.9561339430511 28.8711475579898 "experimento_55" 55 500 1000 0.95 50 0.4 1 0.8
1.00552148974501 49.3300932151332 "experimento_55" 55 500 1000 0.95 50 0.4 1 0.8
0.675157172372565 5.49059903499285 "experimento_55" 55 500 1000 0.95 50 0.4 1 0.8
0.998539686435834 46.6520815910278 "experimento_55" 55 500 1000 0.95 50 0.4 1 0.8
0.851768764900044 10.5490379365668 "experimento_55" 55 500 1000 0.95 50 0.4 1 0.8
0.996973691973835 48.9694707924326 "experimento_55" 55 500 1000 0.95 50 0.4 1 0.8
0.992262028856203 46.978369520485 "experimento_55" 55 500 1000 0.95 50 0.4 1 0.8
0.995886087883264 45.9798455056475 "experimento_55" 55 500 1000 0.95 50 0.4 1 0.8
0.995625396957621 52.6840568927196 "experimento_55" 55 500 1000 0.95 50 0.4 1 0.8
0.628705645911396 5.04674046780637 "experimento_55" 55 500 1000 0.95 50 0.4 1 0.8
0.870404813205823 12.671316292019 "experimento_55" 55 500 1000 0.95 50 0.4 1 0.8
0.996756573207676 43.3988467604487 "experimento_55" 55 500 1000 0.95 50 0.4 1 0.8
0.999700868269429 73.8959868078705 "experimento_55" 55 500 1000 0.95 50 0.4 1 0.8
1.00180596451275 73.9485475381597 "experimento_55" 55 500 1000 0.95 50 0.4 1 0.8
1.00292088188231 31.3613996986657 "experimento_55" 55 500 1000 0.95 50 0.4 1 0.8
0.995925514725968 56.6468475504735 "experimento_55" 55 500 1000 0.95 50 0.4 1 0.8
0.990457004867494 36.7184145234789 "experimento_55" 55 500 1000 0.95 50 0.4 1 0.8
1.00692198496312 53.7969183291315 "experimento_55" 55 500 1000 0.95 50 0.4 1 0.8
0.604837005259469 4.71289303435265 "experimento_55" 55 500 1000 0.95 50 0.4 1 0.8
1.0003084525466 74.6807934019774 "experimento_55" 55 500 1000 0.95 50 0.4 1 0.8
0.730727797839791 7.46364325351485 "experimento_55" 55 500 1000 0.95 50 0.4 1 0.8
1.01793074002405 150.657059874651 "experimento_55" 55 500 1000 0.95 50 0.4 1 0.8
1.01778890186837 48.6392606867445 "experimento_55" 55 500 1000 0.95 50 0.4 1 0.8
0.993169592693448 36.6734459122249 "experimento_55" 55 500 1000 0.95 50 0.4 1 0.8
1.00789536540397 49.5665507917537 "experimento_55" 55 500 1000 0.95 50 0.4 1 0.8
1.00453746914864 81.6190046423327 "experimento_55" 55 500 1000 0.95 50 0.4 1 0.8
1.00055868583731 37.1317023908939 "experimento_55" 55 500 1000 0.95 50 0.4 1 0.8
0.999827547930181 64.9291229218348 "experimento_55" 55 500 1000 0.95 50 0.4 1 0.8
0.996323768282309 48.6524572941002 "experimento_55" 55 500 1000 0.95 50 0.4 1 0.8
0.986543832346797 32.322609233809 "experimento_55" 55 500 1000 0.95 50 0.4 1 0.8
0.997315896674991 42.6549333306863 "experimento_55" 55 500 1000 0.95 50 0.4 1 0.8
1.00331883068196 74.0586902900605 "experimento_55" 55 500 1000 0.95 50 0.4 1 0.8
0.99991026846692 58.2353628440695 "experimento_55" 55 500 1000 0.95 50 0.4 1 0.8
1.00462528843433 37.3085119216404 "experimento_55" 55 500 1000 0.95 50 0.4 1 0.8
1.00354352115538 45.4446013956304 "experimento_55" 55 500 1000 0.95 50 0.4 1 0.8
1.00100724979393 81.055924095044 "experimento_55" 55 500 1000 0.95 50 0.4 1 0.8
1.00130013197424 49.9170511005091 "experimento_55" 55 500 1000 0.95 50 0.4 1 0.8
0.929724034620449 19.7832522875562 "experimento_55" 55 500 1000 0.95 50 0.4 1 0.8
1.00051699589988 61.2252262855144 "experimento_55" 55 500 1000 0.95 50 0.4 1 0.8
1.00010872027723 55.0319372357552 "experimento_55" 55 500 1000 0.95 50 0.4 1 0.8
1.00008957993239 39.5294206287026 "experimento_55" 55 500 1000 0.95 50 0.4 1 0.8
0.809551764978096 8.64104152231865 "experimento_55" 55 500 1000 0.95 50 0.4 1 0.8
1.00035927901976 59.1215360526731 "experimento_55" 55 500 1000 0.95 50 0.4 1 0.8
0.98858250468038 34.9207199376597 "experimento_55" 55 500 1000 0.95 50 0.4 1 0.8
0.555129149695858 4.23084311267714 "experimento_55" 55 500 1000 0.95 50 0.4 1 0.8
1.00180175483387 44.7557353881573 "experimento_55" 55 500 1000 0.95 50 0.4 1 0.8
1.00198628993217 58.737424201446 "experimento_55" 55 500 1000 0.95 50 0.4 1 0.8
0.998676016926765 90.211809669282 "experimento_55" 55 500 1000 0.95 50 0.4 1 0.8
0.994875441072509 38.7284615626868 "experimento_55" 55 500 1000 0.95 50 0.4 1 0.8
1.00120442245108 61.5712272299149 "experimento_55" 55 500 1000 0.95 50 0.4 1 0.8
0.508151797344908 3.91610041721812 "experimento_55" 55 500 1000 0.95 50 0.4 1 0.8
1.007787456696 33.4050938836061 "experimento_55" 55 500 1000 0.95 50 0.4 1 0.8
0.512523098383099 3.89777281886407 "experimento_55" 55 500 1000 0.95 50 0.4 1 0.8
0.990144797367975 38.2665293899634 "experimento_55" 55 500 1000 0.95 50 0.4 1 0.8
0.984656955813989 34.3182700759932 "experimento_55" 55 500 1000 0.95 50 0.4 1 0.8
0.531801447970793 4.08520695859546 "experimento_55" 55 500 1000 0.95 50 0.4 1 0.8
0.99530678591691 46.0798887880715 "experimento_55" 55 500 1000 0.95 50 0.4 1 0.8
0.873394408496097 14.8327992142609 "experimento_55" 55 500 1000 0.95 50 0.4 1 0.8
0.556474599055946 4.42461760809818 "experimento_55" 55 500 1000 0.95 50 0.4 1 0.8
1.00240007869097 60.5609010711928 "experimento_55" 55 500 1000 0.95 50 0.4 1 0.8
0.997131868032739 45.9191919699932 "experimento_55" 55 500 1000 0.95 50 0.4 1 0.8
0.997337086359039 48.2048225150166 "experimento_55" 55 500 1000 0.95 50 0.4 1 0.8
1.0025135471739 56.3804489104333 "experimento_55" 55 500 1000 0.95 50 0.4 1 0.8
0.609392133308575 4.64532023885593 "experimento_55" 55 500 1000 0.95 50 0.4 1 0.8
0.535147008951753 4.14692216546318 "experimento_55" 55 500 1000 0.95 50 0.4 1 0.8
1.00717124990248 58.6973875251585 "experimento_55" 55 500 1000 0.95 50 0.4 1 0.8
1.00255627560906 50.4234245831046 "experimento_55" 55 500 1000 0.95 50 0.4 1 0.8
0.956298841163516 26.0899815111044 "experimento_55" 55 500 1000 0.95 50 0.4 1 0.8
1.00124611734509 49.3126984218274 "experimento_55" 55 500 1000 0.95 50 0.4 1 0.8
0.993651022901759 58.9548342439124 "experimento_55" 55 500 1000 0.95 50 0.4 1 0.8
0.581840760074556 4.36562865511112 "experimento_55" 55 500 1000 0.95 50 0.4 1 0.8
0.50770654133521 3.6849358929062 "experimento_55" 55 500 1000 0.95 50 0.4 1 0.8
1.00264288094667 59.7288994271496 "experimento_55" 55 500 1000 0.95 50 0.4 1 0.8
1.01137267976999 59.2938683779107 "experimento_55" 55 500 1000 0.95 50 0.4 1 0.8
1.00378075079992 75.9927194261951 "experimento_55" 55 500 1000 0.95 50 0.4 1 0.8
0.99839808838442 45.75201356085 "experimento_55" 55 500 1000 0.95 50 0.4 1 0.8
0.996743462048471 37.5563550368846 "experimento_55" 55 500 1000 0.95 50 0.4 1 0.8
1.00313049403951 86.6573682170732 "experimento_55" 55 500 1000 0.95 50 0.4 1 0.8
0.995956113794819 47.6769555315367 "experimento_55" 55 500 1000 0.95 50 0.4 1 0.8
0.797702473122627 8.95431954547107 "experimento_55" 55 500 1000 0.95 50 0.4 1 0.8
0.996265469817445 59.3632158182527 "experimento_55" 55 500 1000 0.95 50 0.4 1 0.8
1.00003586117767 83.0708159124026 "experimento_55" 55 500 1000 0.95 50 0.4 1 0.8
0.993922747904435 77.6824704092697 "experimento_55" 55 500 1000 0.95 50 0.4 1 0.8
0.529585754964501 4.19994664914101 "experimento_55" 55 500 1000 0.95 50 0.4 1 0.8
1.0002853553649 57.6992774431151 "experimento_55" 55 500 1000 0.95 50 0.4 1 0.8
0.996971341781318 60.6521585497111 "experimento_55" 55 500 1000 0.95 50 0.4 1 0.8
1.00451025564424 72.6661112899271 "experimento_55" 55 500 1000 0.95 50 0.4 1 0.8
0.761980904499069 7.55464461451297 "experimento_55" 55 500 1000 0.95 50 0.4 1 0.8
0.997468559071422 40.7795862421433 "experimento_55" 55 500 1000 0.95 50 0.4 1 0.8
0.621000387240201 4.94616079044156 "experimento_55" 55 500 1000 0.95 50 0.4 1 0.8
0.528670161031187 4.17260419022589 "experimento_55" 55 500 1000 0.95 50 0.4 1 0.8
1.00236956499517 59.2168057671457 "experimento_55" 55 500 1000 0.95 50 0.4 1 0.8
0.945843308698386 22.957738219896 "experimento_55" 55 500 1000 0.95 50 0.4 1 0.8
0.813286819029599 9.76171192212323 "experimento_55" 55 500 1000 0.95 50 0.4 1 0.8
0.99517724942416 63.5704137846315 "experimento_55" 55 500 1000 0.95 50 0.4 1 0.8
1.00265702696343 92.0268278888293 "experimento_55" 55 500 1000 0.95 50 0.4 1 0.8
0.550579868722707 4.19597318127468 "experimento_55" 55 500 1000 0.95 50 0.4 1 0.8
0.997452091192827 49.3577815871984 "experimento_55" 55 500 1000 0.95 50 0.4 1 0.8
0.996787006268278 38.8480400513043 "experimento_55" 55 500 1000 0.95 50 0.4 1 0.8
1.00096566047519 52.5297679311463 "experimento_55" 55 500 1000 0.95 50 0.4 1 0.8
1.00781268634833 40.6930899764677 "experimento_55" 55 500 1000 0.95 50 0.4 1 0.8
1.00123099375581 59.8834417191792 "experimento_55" 55 500 1000 0.95 50 0.4 1 0.8
0.560576111311093 4.18027996917936 "experimento_55" 55 500 1000 0.95 50 0.4 1 0.8
0.995889598038048 42.1650428404114 "experimento_55" 55 500 1000 0.95 50 0.4 1 0.8
0.55969640542753 4.21504709973254 "experimento_55" 55 500 1000 0.95 50 0.4 1 0.8
0.983010827098042 32.9331739870331 "experimento_55" 55 500 1000 0.95 50 0.4 1 0.8
1.01606262617462 78.6639123245549 "experimento_55" 55 500 1000 0.95 50 0.4 1 0.8
1.00070942449383 61.8205647132014 "experimento_55" 55 500 1000 0.95 50 0.4 1 0.8
0.994195283390582 64.0447263842515 "experimento_55" 55 500 1000 0.95 50 0.4 1 0.8
1.00004239766859 64.5053198169994 "experimento_55" 55 500 1000 0.95 50 0.4 1 0.8
1.00502697899006 59.8408855423283 "experimento_55" 55 500 1000 0.95 50 0.4 1 0.8
1.00123977269046 110.698177259172 "experimento_55" 55 500 1000 0.95 50 0.4 1 0.8
0.76671322947368 7.65856335023772 "experimento_55" 55 500 1000 0.95 50 0.4 1 0.8
0.568959951167926 4.29632432026711 "experimento_55" 55 500 1000 0.95 50 0.4 1 0.8
0.983273145975545 37.9491846208666 "experimento_55" 55 500 1000 0.95 50 0.4 1 0.8
0.775285043055192 8.29762826449725 "experimento_55" 55 500 1000 0.95 50 0.4 1 0.8
0.998067288193852 57.3658775723743 "experimento_55" 55 500 1000 0.95 50 0.4 1 0.8
1.01707256764658 57.338626006269 "experimento_55" 55 500 1000 0.95 50 0.4 1 0.8
0.526385840959847 3.91762664771304 "experimento_55" 55 500 1000 0.95 50 0.4 1 0.8
1.00742429903017 64.0578078409096 "experimento_55" 55 500 1000 0.95 50 0.4 1 0.8
1.00440305627882 73.5130519918752 "experimento_55" 55 500 1000 0.95 50 0.4 1 0.8
1.00595395587976 51.0654244243361 "experimento_55" 55 500 1000 0.95 50 0.4 1 0.8
1.00844365434721 101.08255227479 "experimento_55" 55 500 1000 0.95 50 0.4 1 0.8
1.00273262327537 74.58960420797 "experimento_55" 55 500 1000 0.95 50 0.4 1 0.8
0.758905942551792 7.57086881572857 "experimento_55" 55 500 1000 0.95 50 0.4 1 0.8
1.00642203397557 59.6557236613367 "experimento_55" 55 500 1000 0.95 50 0.4 1 0.8
1.00066847870343 51.6402105835952 "experimento_55" 55 500 1000 0.95 50 0.4 1 0.8
0.992444933857769 38.1134950968529 "experimento_55" 55 500 1000 0.95 50 0.4 1 0.8
0.994139159796759 35.6896609501511 "experimento_55" 55 500 1000 0.95 50 0.4 1 0.8
0.561618230305612 4.19631734475529 "experimento_55" 55 500 1000 0.95 50 0.4 1 0.8
1.00191101899451 47.1239255739195 "experimento_55" 55 500 1000 0.95 50 0.4 1 0.8
1.00076707325139 46.8817574007537 "experimento_55" 55 500 1000 0.95 50 0.4 1 0.8
0.989252055529505 36.2844490212521 "experimento_55" 55 500 1000 0.95 50 0.4 1 0.8
0.604312320472673 4.95664056755534 "experimento_55" 55 500 1000 0.95 50 0.4 1 0.8
1.00805310614407 67.562328112623 "experimento_55" 55 500 1000 0.95 50 0.4 1 0.8
0.999021704308689 63.4057411820549 "experimento_55" 55 500 1000 0.95 50 0.4 1 0.8
0.99983228975907 54.2191024157135 "experimento_55" 55 500 1000 0.95 50 0.4 1 0.8
1.00019428152873 44.9670361204026 "experimento_55" 55 500 1000 0.95 50 0.4 1 0.8
1.00150452706963 50.4477033494393 "experimento_55" 55 500 1000 0.95 50 0.4 1 0.8
0.806902611162513 8.57121886943643 "experimento_55" 55 500 1000 0.95 50 0.4 1 0.8
0.991609081160277 40.8268089308228 "experimento_55" 55 500 1000 0.95 50 0.4 1 0.8
1.01460194123825 94.0814431431489 "experimento_55" 55 500 1000 0.95 50 0.4 1 0.8
0.995976177975535 49.397616482386 "experimento_55" 55 500 1000 0.95 50 0.4 1 0.8
0.97443364164792 32.9494881765622 "experimento_55" 55 500 1000 0.95 50 0.4 1 0.8
1.00071446419341 48.7480336627987 "experimento_55" 55 500 1000 0.95 50 0.4 1 0.8
0.529087504372001 3.79333067000908 "experimento_55" 55 500 1000 0.95 50 0.4 1 0.8
0.520278909942135 3.78153457327672 "experimento_55" 55 500 1000 0.95 50 0.4 1 0.8
0.860317670507357 12.4427349028247 "experimento_55" 55 500 1000 0.95 50 0.4 1 0.8
0.602839563274756 5.2739458420043 "experimento_55" 55 500 1000 0.95 50 0.4 1 0.8
0.538142624311149 3.90731869716191 "experimento_55" 55 500 1000 0.95 50 0.4 1 0.8
1.02850481636654 66.0702372533086 "experimento_55" 55 500 1000 0.95 50 0.4 1 0.8
1.00117741660512 53.3063713419591 "experimento_55" 55 500 1000 0.95 50 0.4 1 0.8
0.990365239325911 35.896987572565 "experimento_55" 55 500 1000 0.95 50 0.4 1 0.8
0.478888648562133 3.72628064094889 "experimento_55" 55 500 1000 0.95 50 0.4 1 0.8
0.999656851869076 45.0705388525453 "experimento_55" 55 500 1000 0.95 50 0.4 1 0.8
1.00408026354377 39.3285132696162 "experimento_55" 55 500 1000 0.95 50 0.4 1 0.8
0.999948948156089 51.0870767270932 "experimento_55" 55 500 1000 0.95 50 0.4 1 0.8
1.00040627730688 86.4541383945275 "experimento_55" 55 500 1000 0.95 50 0.4 1 0.8
0.505862192250788 3.92738543647247 "experimento_55" 55 500 1000 0.95 50 0.4 1 0.8
0.996740646194667 66.8311807679647 "experimento_55" 55 500 1000 0.95 50 0.4 1 0.8
0.996029637288302 47.9109241161557 "experimento_55" 55 500 1000 0.95 50 0.4 1 0.8
1.00002723463811 60.3554044943598 "experimento_55" 55 500 1000 0.95 50 0.4 1 0.8
1.02204152274793 71.3527446478955 "experimento_55" 55 500 1000 0.95 50 0.4 1 0.8
0.562650082400069 4.33458948376448 "experimento_55" 55 500 1000 0.95 50 0.4 1 0.8
0.592425581766292 4.54857323810926 "experimento_55" 55 500 1000 0.95 50 0.4 1 0.8
0.996295282617211 67.8904270464986 "experimento_55" 55 500 1000 0.95 50 0.4 1 0.8
0.993295439286157 46.5738101940938 "experimento_55" 55 500 1000 0.95 50 0.4 1 0.8
1.00547716911975 88.3114841451711 "experimento_55" 55 500 1000 0.95 50 0.4 1 0.8
0.991150043671951 40.73947439603 "experimento_55" 55 500 1000 0.95 50 0.4 1 0.8
1.00029655768536 54.810266633167 "experimento_55" 55 500 1000 0.95 50 0.4 1 0.8
0.988305584527552 28.4689158200083 "experimento_55" 55 500 1000 0.95 50 0.4 1 0.8
0.527367956936359 4.30888694665448 "experimento_55" 55 500 1000 0.95 50 0.4 1 0.8
1.00101243146695 55.5358221257173 "experimento_55" 55 500 1000 0.95 50 0.4 1 0.8
0.998137773713097 72.1742096655506 "experimento_55" 55 500 1000 0.95 50 0.4 1 0.8
0.995770671172068 39.5977939943618 "experimento_55" 55 500 1000 0.95 50 0.4 1 0.8
0.996774633647874 40.35297263953 "experimento_55" 55 500 1000 0.95 50 0.4 1 0.8
1.00020342519896 64.0194362935109 "experimento_55" 55 500 1000 0.95 50 0.4 1 0.8
1.0007660940662 56.0343062750439 "experimento_55" 55 500 1000 0.95 50 0.4 1 0.8
1.01311799635179 77.9344765551476 "experimento_55" 55 500 1000 0.95 50 0.4 1 0.8
1.00018832690082 66.7517006373582 "experimento_55" 55 500 1000 0.95 50 0.4 1 0.8
1.00047192668542 65.3813657853819 "experimento_55" 55 500 1000 0.95 50 0.4 1 0.8
0.998885561479256 47.1168228984503 "experimento_55" 55 500 1000 0.95 50 0.4 1 0.8
1.00274965204368 77.1883974976965 "experimento_55" 55 500 1000 0.95 50 0.4 1 0.8
0.993066033581272 65.4529692711645 "experimento_55" 55 500 1000 0.95 50 0.4 1 0.8
1.00058814072931 116.282144884385 "experimento_55" 55 500 1000 0.95 50 0.4 1 0.8
1.00078604543582 83.2508496143925 "experimento_55" 55 500 1000 0.95 50 0.4 1 0.8
0.495583696290851 3.7038085384965 "experimento_55" 55 500 1000 0.95 50 0.4 1 0.8
0.994603634346277 44.7651475396487 "experimento_55" 55 500 1000 0.95 50 0.4 1 0.8
1.00165490940213 69.5959946309971 "experimento_55" 55 500 1000 0.95 50 0.4 1 0.8
0.558435823768377 4.05227993975004 "experimento_55" 55 500 1000 0.95 50 0.4 1 0.8
1.00449939191341 55.1991998438841 "experimento_55" 55 500 1000 0.95 50 0.4 1 0.8
1.0089856828999 64.6355591968599 "experimento_55" 55 500 1000 0.95 50 0.4 1 0.8
1.01513365076489 67.4606494898872 "experimento_55" 55 500 1000 0.95 50 0.4 1 0.8
0.997925812844187 49.5229839974737 "experimento_55" 55 500 1000 0.95 50 0.4 1 0.8
0.635432168375701 5.04080858257045 "experimento_55" 55 500 1000 0.95 50 0.4 1 0.8
1.00077625835314 45.6059395130438 "experimento_55" 55 500 1000 0.95 50 0.4 1 0.8
1.00344607779756 45.7383507575001 "experimento_55" 55 500 1000 0.95 50 0.4 1 0.8
0.515738384798169 3.73884656045964 "experimento_55" 55 500 1000 0.95 50 0.4 1 0.8
0.700341812102124 6.59770109079644 "experimento_55" 55 500 1000 0.95 50 0.4 1 0.8
1.00364422366469 69.3633210496987 "experimento_55" 55 500 1000 0.95 50 0.4 1 0.8
0.955958936130628 27.2951930463251 "experimento_55" 55 500 1000 0.95 50 0.4 1 0.8
1.00606331801042 76.5918588726711 "experimento_55" 55 500 1000 0.95 50 0.4 1 0.8
0.626401354093105 5.29777390826674 "experimento_55" 55 500 1000 0.95 50 0.4 1 0.8
1.00370939700587 45.9149818984043 "experimento_55" 55 500 1000 0.95 50 0.4 1 0.8
1.00336141326465 51.0981988406362 "experimento_55" 55 500 1000 0.95 50 0.4 1 0.8
1.00003010874614 57.2789859261894 "experimento_55" 55 500 1000 0.95 50 0.4 1 0.8
1.00380160359666 55.320697426447 "experimento_55" 55 500 1000 0.95 50 0.4 1 0.8
0.995584465796128 49.8919301054634 "experimento_55" 55 500 1000 0.95 50 0.4 1 0.8
1.00835647075437 50.477838113512 "experimento_55" 55 500 1000 0.95 50 0.4 1 0.8
0.720588382566348 6.52901881446137 "experimento_55" 55 500 1000 0.95 50 0.4 1 0.8
0.999221379635856 54.4791897824746 "experimento_55" 55 500 1000 0.95 50 0.4 1 0.8
0.997272109612823 70.2605042015824 "experimento_55" 55 500 1000 0.95 50 0.4 1 0.8
0.971048041246831 35.3942456061413 "experimento_55" 55 500 1000 0.95 50 0.4 1 0.8
1.01039043429308 60.9517221962139 "experimento_55" 55 500 1000 0.95 50 0.4 1 0.8
0.578479049028829 4.27138067151959 "experimento_55" 55 500 1000 0.95 50 0.4 1 0.8
1.00062003326945 50.6947519289041 "experimento_55" 55 500 1000 0.95 50 0.4 1 0.8
1.00301679175207 58.4506359904808 "experimento_55" 55 500 1000 0.95 50 0.4 1 0.8
0.99814882571809 45.8606038397774 "experimento_55" 55 500 1000 0.95 50 0.4 1 0.8
1.00035967819393 58.2316005779783 "experimento_55" 55 500 1000 0.95 50 0.4 1 0.8
1.00021445954219 48.2172246759471 "experimento_55" 55 500 1000 0.95 50 0.4 1 0.8
0.68956344248727 5.51713345165312 "experimento_55" 55 500 1000 0.95 50 0.4 1 0.8
0.995849658269435 45.2858657825207 "experimento_55" 55 500 1000 0.95 50 0.4 1 0.8
1.00593445089235 70.1235381148601 "experimento_55" 55 500 1000 0.95 50 0.4 1 0.8
0.984226685250178 36.606750240858 "experimento_55" 55 500 1000 0.95 50 0.4 1 0.8
0.996366388164461 57.3540134265227 "experimento_55" 55 500 1000 0.95 50 0.4 1 0.8
0.539511256618425 4.05316596566616 "experimento_55" 55 500 1000 0.95 50 0.4 1 0.8
0.564771267352626 4.34749518073914 "experimento_55" 55 500 1000 0.95 50 0.4 1 0.8
0.813938678009436 9.04928218864489 "experimento_55" 55 500 1000 0.95 50 0.4 1 0.8
1.00133623418398 65.4248699969808 "experimento_55" 55 500 1000 0.95 50 0.4 1 0.8
0.981010026764125 32.6268693652893 "experimento_55" 55 500 1000 0.95 50 0.4 1 0.8
0.571099487133324 4.50657569888129 "experimento_55" 55 500 1000 0.95 50 0.4 1 0.8
0.522333539556712 3.75275775853973 "experimento_55" 55 500 1000 0.95 50 0.4 1 0.8
1.00061675676145 46.6868583741706 "experimento_55" 55 500 1000 0.95 50 0.4 1 0.8
0.998203204013407 62.8967877823261 "experimento_55" 55 500 1000 0.95 50 0.4 1 0.8
0.99944063113071 41.702738944397 "experimento_55" 55 500 1000 0.95 50 0.4 1 0.8
1.02034955296735 73.8412096834004 "experimento_55" 55 500 1000 0.95 50 0.4 1 0.8
1.00073758364655 47.9315074140303 "experimento_55" 55 500 1000 0.95 50 0.4 1 0.8
1.00021815026834 43.3138809826697 "experimento_55" 55 500 1000 0.95 50 0.4 1 0.8
0.997717205900699 47.7042354093814 "experimento_55" 55 500 1000 0.95 50 0.4 1 0.8
0.998538008425385 64.1834571748139 "experimento_55" 55 500 1000 0.95 50 0.4 1 0.8
0.979636967182159 34.1127084703819 "experimento_55" 55 500 1000 0.95 50 0.4 1 0.8
1.00224897770388 71.4618615182437 "experimento_55" 55 500 1000 0.95 50 0.4 1 0.8
1.00292960043997 54.1031557009492 "experimento_55" 55 500 1000 0.95 50 0.4 1 0.8
0.615345517871901 5.10540621773643 "experimento_55" 55 500 1000 0.95 50 0.4 1 0.8
1.00134888304397 44.3024908382782 "experimento_55" 55 500 1000 0.95 50 0.4 1 0.8
0.53304595942609 4.21032074257525 "experimento_55" 55 500 1000 0.95 50 0.4 1 0.8
0.995960495201871 36.4282696796674 "experimento_55" 55 500 1000 0.95 50 0.4 1 0.8
1.00243246070809 50.5807550381664 "experimento_55" 55 500 1000 0.95 50 0.4 1 0.8
0.637275030603632 5.14889222241295 "experimento_55" 55 500 1000 0.95 50 0.4 1 0.8
0.996576960664243 46.8573565529804 "experimento_55" 55 500 1000 0.95 50 0.4 1 0.8
0.99825556599535 52.6312037502348 "experimento_55" 55 500 1000 0.95 50 0.4 1 0.8
0.995509977918118 63.0220152266478 "experimento_55" 55 500 1000 0.95 50 0.4 1 0.8
1.0073383962861 50.2878123456061 "experimento_55" 55 500 1000 0.95 50 0.4 1 0.8
1.0035288295988 55.1981706462623 "experimento_55" 55 500 1000 0.95 50 0.4 1 0.8
1.00007831168372 51.8960533354229 "experimento_55" 55 500 1000 0.95 50 0.4 1 0.8
1.01367557863705 70.748125991148 "experimento_55" 55 500 1000 0.95 50 0.4 1 0.8
1.00307972061233 54.7588286569435 "experimento_55" 55 500 1000 0.95 50 0.4 1 0.8
0.99270779453218 40.4040087594323 "experimento_55" 55 500 1000 0.95 50 0.4 1 0.8
0.638528425013646 4.92295686930435 "experimento_55" 55 500 1000 0.95 50 0.4 1 0.8
0.954915362177417 27.8070240676593 "experimento_55" 55 500 1000 0.95 50 0.4 1 0.8
0.865448877913877 12.3064707297708 "experimento_55" 55 500 1000 0.95 50 0.4 1 0.8
1.0008508585766 52.9837090707728 "experimento_55" 55 500 1000 0.95 50 0.4 1 0.8
1.00371852101283 53.3726136064334 "experimento_55" 55 500 1000 0.95 50 0.4 1 0.8
0.987499749753624 36.5470751990316 "experimento_55" 55 500 1000 0.95 50 0.4 1 0.8
0.655795675935224 5.41003979822189 "experimento_55" 55 500 1000 0.95 50 0.4 1 0.8
0.513167425757274 3.83159837661728 "experimento_55" 55 500 1000 0.95 50 0.4 1 0.8
0.772218161262572 7.92653888974312 "experimento_55" 55 500 1000 0.95 50 0.4 1 0.8
0.519098390126601 3.73345892227009 "experimento_55" 55 500 1000 0.95 50 0.4 1 0.8
0.998225922696292 49.269725844404 "experimento_55" 55 500 1000 0.95 50 0.4 1 0.8
1.00418662563403 47.4041269595369 "experimento_55" 55 500 1000 0.95 50 0.4 1 0.8
0.697840461041778 6.82466514454788 "experimento_55" 55 500 1000 0.95 50 0.4 1 0.8
0.991185380611569 37.5493984995422 "experimento_55" 55 500 1000 0.95 50 0.4 1 0.8
0.909771995153278 16.9613259657811 "experimento_55" 55 500 1000 0.95 50 0.4 1 0.8
0.635343257104978 4.92330116680407 "experimento_55" 55 500 1000 0.95 50 0.4 1 0.8
0.996568019734696 52.5621226595717 "experimento_55" 55 500 1000 0.95 50 0.4 1 0.8
0.99519741605036 32.78283822855 "experimento_55" 55 500 1000 0.95 50 0.4 1 0.8
0.653711811872199 5.22808463491396 "experimento_55" 55 500 1000 0.95 50 0.4 1 0.8
1.00021334791556 50.4960527297774 "experimento_55" 55 500 1000 0.95 50 0.4 1 0.8
1.00819938980043 38.9458636478539 "experimento_55" 55 500 1000 0.95 50 0.4 1 0.8
0.649562087375671 5.56783811283101 "experimento_55" 55 500 1000 0.95 50 0.4 1 0.8
0.997925734613091 48.6044354497458 "experimento_55" 55 500 1000 0.95 50 0.4 1 0.8
0.812374385073781 9.46677309332236 "experimento_55" 55 500 1000 0.95 50 0.4 1 0.8
0.985733410809189 42.8530198950397 "experimento_55" 55 500 1000 0.95 50 0.4 1 0.8
1.00071552671947 48.8482168928262 "experimento_55" 55 500 1000 0.95 50 0.4 1 0.8
0.823511438677087 10.4562865781703 "experimento_55" 55 500 1000 0.95 50 0.4 1 0.8
0.839254353195429 9.59867725426161 "experimento_55" 55 500 1000 0.95 50 0.4 1 0.8
0.765919194789603 7.98797531179393 "experimento_55" 55 500 1000 0.95 50 0.4 1 0.8
0.524978099623695 4.02564337558515 "experimento_55" 55 500 1000 0.95 50 0.4 1 0.8
0.999830492539331 38.4614043313846 "experimento_55" 55 500 1000 0.95 50 0.4 1 0.8
0.990784990368411 35.1990929620535 "experimento_55" 55 500 1000 0.95 50 0.4 1 0.8
0.988582934252918 37.5081992010252 "experimento_55" 55 500 1000 0.95 50 0.4 1 0.8
1.00167362583593 49.0710786992207 "experimento_55" 55 500 1000 0.95 50 0.4 1 0.8
0.987574999919161 35.5557866411289 "experimento_55" 55 500 1000 0.95 50 0.4 1 0.8
1.00132238319457 49.8717307297216 "experimento_55" 55 500 1000 0.95 50 0.4 1 0.8
1.00139605262889 56.7445588247518 "experimento_55" 55 500 1000 0.95 50 0.4 1 0.8
0.970790416467935 32.6664334326096 "experimento_55" 55 500 1000 0.95 50 0.4 1 0.8
0.999055748339742 54.3658621181661 "experimento_55" 55 500 1000 0.95 50 0.4 1 0.8
0.937839888734743 21.6412328153722 "experimento_55" 55 500 1000 0.95 50 0.4 1 0.8
0.50870252167806 3.86684973810952 "experimento_55" 55 500 1000 0.95 50 0.4 1 0.8
1.02772963959556 65.8823317787873 "experimento_55" 55 500 1000 0.95 50 0.4 1 0.8
0.620448665926233 4.75392306493783 "experimento_55" 55 500 1000 0.95 50 0.4 1 0.8
0.533246972365305 3.94520206646744 "experimento_55" 55 500 1000 0.95 50 0.4 1 0.8
1.0001535826246 55.9487794735213 "experimento_55" 55 500 1000 0.95 50 0.4 1 0.8
0.996967429062352 41.1135732603762 "experimento_55" 55 500 1000 0.95 50 0.4 1 0.8
0.99462931510061 33.6931054862468 "experimento_55" 55 500 1000 0.95 50 0.4 1 0.8
1.00277973008342 71.8155693408973 "experimento_55" 55 500 1000 0.95 50 0.4 1 0.8
1.00031386857412 76.9543487414824 "experimento_55" 55 500 1000 0.95 50 0.4 1 0.8
0.558416245738044 4.28028716920528 "experimento_55" 55 500 1000 0.95 50 0.4 1 0.8
1.0004970736944 49.3828640489089 "experimento_55" 55 500 1000 0.95 50 0.4 1 0.8
0.510941192274913 3.85142216842455 "experimento_55" 55 500 1000 0.95 50 0.4 1 0.8
0.997522305697203 44.3831305256125 "experimento_55" 55 500 1000 0.95 50 0.4 1 0.8
1.0044218017254 81.9241039636801 "experimento_55" 55 500 1000 0.95 50 0.4 1 0.8
0.571032686624676 4.44326013070787 "experimento_55" 55 500 1000 0.95 50 0.4 1 0.8
0.837407383369282 10.5422647623761 "experimento_55" 55 500 1000 0.95 50 0.4 1 0.8
0.798170811263844 8.97306966129519 "experimento_55" 55 500 1000 0.95 50 0.4 1 0.8
0.54651167197153 4.35027088450289 "experimento_55" 55 500 1000 0.95 50 0.4 1 0.8
1.00295982364468 50.6324168628672 "experimento_55" 55 500 1000 0.95 50 0.4 1 0.8
0.99307674029842 41.9130857304071 "experimento_55" 55 500 1000 0.95 50 0.4 1 0.8
1.0011019674968 48.2514472394705 "experimento_55" 55 500 1000 0.95 50 0.4 1 0.8
0.593066622503102 4.43369122674961 "experimento_55" 55 500 1000 0.95 50 0.4 1 0.8
1.00570304983296 47.5027987134189 "experimento_55" 55 500 1000 0.95 50 0.4 1 0.8
1.00297702591023 75.486550242951 "experimento_55" 55 500 1000 0.95 50 0.4 1 0.8
0.993687259498984 42.2011335465475 "experimento_55" 55 500 1000 0.95 50 0.4 1 0.8
0.999936611857265 49.8547641481232 "experimento_55" 55 500 1000 0.95 50 0.4 1 0.8
0.995231538778171 69.8790036902953 "experimento_55" 55 500 1000 0.95 50 0.4 1 0.8
1.00402565519202 56.6880625000606 "experimento_55" 55 500 1000 0.95 50 0.4 1 0.8
1.00258755525072 55.4170048257883 "experimento_55" 55 500 1000 0.95 50 0.4 1 0.8
0.985030331881717 36.4952864829471 "experimento_55" 55 500 1000 0.95 50 0.4 1 0.8
0.841672087553889 10.1960161616384 "experimento_55" 55 500 1000 0.95 50 0.4 1 0.8
1.01956017726528 52.7831297286015 "experimento_55" 55 500 1000 0.95 50 0.4 1 0.8
0.997131702722982 55.2543155521339 "experimento_55" 55 500 1000 0.95 50 0.4 1 0.8
1.01292603923939 41.5361549266932 "experimento_55" 55 500 1000 0.95 50 0.4 1 0.8
0.515456381253898 3.7028714379316 "experimento_55" 55 500 1000 0.95 50 0.4 1 0.8
0.994130199542269 46.1473250764784 "experimento_55" 55 500 1000 0.95 50 0.4 1 0.8
0.994427782017738 43.1187384894539 "experimento_55" 55 500 1000 0.95 50 0.4 1 0.8
1.02283755723303 89.4734705022513 "experimento_55" 55 500 1000 0.95 50 0.4 1 0.8
1.00901105486788 58.1872471253124 "experimento_55" 55 500 1000 0.95 50 0.4 1 0.8
1.00335450797342 57.8734071617611 "experimento_55" 55 500 1000 0.95 50 0.4 1 0.8
0.994862077524886 36.4626593349208 "experimento_55" 55 500 1000 0.95 50 0.4 1 0.8
1.00104702107608 73.2623539845705 "experimento_55" 55 500 1000 0.95 50 0.4 1 0.8
1.00485615593381 54.5217143181253 "experimento_55" 55 500 1000 0.95 50 0.4 1 0.8
1.00112164613791 61.512781686809 "experimento_55" 55 500 1000 0.95 50 0.4 1 0.8
0.560697042616084 4.24109853697586 "experimento_55" 55 500 1000 0.95 50 0.4 1 0.8
0.989197727758437 44.3711825922764 "experimento_55" 55 500 1000 0.95 50 0.4 1 0.8
0.994324490427971 56.9386825893514 "experimento_55" 55 500 1000 0.95 50 0.4 1 0.8
1.00221504576558 40.1460780226949 "experimento_55" 55 500 1000 0.95 50 0.4 1 0.8
0.52579483250156 3.91242004493244 "experimento_55" 55 500 1000 0.95 50 0.4 1 0.8
1.00307182250544 41.235155032805 "experimento_55" 55 500 1000 0.95 50 0.4 1 0.8
0.984240753343329 29.1546629799305 "experimento_55" 55 500 1000 0.95 50 0.4 1 0.8
1.01853788824668 55.4541141518457 "experimento_55" 55 500 1000 0.95 50 0.4 1 0.8
1.01518757674759 74.7286570413216 "experimento_55" 55 500 1000 0.95 50 0.4 1 0.8
1.00969983781688 76.6336654061303 "experimento_55" 55 500 1000 0.95 50 0.4 1 0.8
1.00317111629061 48.0609668584721 "experimento_55" 55 500 1000 0.95 50 0.4 1 0.8
0.990385867189616 40.960217164645 "experimento_55" 55 500 1000 0.95 50 0.4 1 0.8
0.998585330788046 54.6956540388164 "experimento_55" 55 500 1000 0.95 50 0.4 1 0.8
0.97902820375748 31.9983331577448 "experimento_55" 55 500 1000 0.95 50 0.4 1 0.8
0.770474643213674 7.83201962458256 "experimento_55" 55 500 1000 0.95 50 0.4 1 0.8
0.931284994352609 19.1002952238609 "experimento_55" 55 500 1000 0.95 50 0.4 1 0.8
1.0036467389483 42.5523532967271 "experimento_55" 55 500 1000 0.95 50 0.4 1 0.8
0.520310023799539 3.87431033424253 "experimento_55" 55 500 1000 0.95 50 0.4 1 0.8
1.00416072144173 37.2050952456471 "experimento_55" 55 500 1000 0.95 50 0.4 1 0.8
1.00282317491248 34.4448287182006 "experimento_55" 55 500 1000 0.95 50 0.4 1 0.8
0.667051013326272 5.16613501451935 "experimento_55" 55 500 1000 0.95 50 0.4 1 0.8
0.997778148390353 55.7213220309462 "experimento_55" 55 500 1000 0.95 50 0.4 1 0.8
0.75008722837083 7.06707881269283 "experimento_55" 55 500 1000 0.95 50 0.4 1 0.8
0.993198438547552 36.7875485069092 "experimento_55" 55 500 1000 0.95 50 0.4 1 0.8
0.992881855694577 39.2366047569392 "experimento_55" 55 500 1000 0.95 50 0.4 1 0.8
1.00515739656188 38.2292588398269 "experimento_55" 55 500 1000 0.95 50 0.4 1 0.8
0.497129722498357 4.00710386996675 "experimento_55" 55 500 1000 0.95 50 0.4 1 0.8
1.01775430191359 172.320276398625 "experimento_55" 55 500 1000 0.95 50 0.4 1 0.8
0.995333011960611 46.2528736587296 "experimento_55" 55 500 1000 0.95 50 0.4 1 0.8
0.992537989746779 33.1266231333089 "experimento_55" 55 500 1000 0.95 50 0.4 1 0.8
0.551753105828539 4.21010227099265 "experimento_55" 55 500 1000 0.95 50 0.4 1 0.8
0.536316751269624 4.05056804347301 "experimento_55" 55 500 1000 0.95 50 0.4 1 0.8
0.606679392280057 4.46184076086436 "experimento_55" 55 500 1000 0.95 50 0.4 1 0.8
0.582427429733798 4.14874357568872 "experimento_55" 55 500 1000 0.95 50 0.4 1 0.8
1.00120785080828 47.9658112684394 "experimento_55" 55 500 1000 0.95 50 0.4 1 0.8
0.990044138161466 38.7432161622917 "experimento_55" 55 500 1000 0.95 50 0.4 1 0.8
0.647955584572628 4.72542816558977 "experimento_55" 55 500 1000 0.95 50 0.4 1 0.8
1.00609902695691 60.8133749447633 "experimento_55" 55 500 1000 0.95 50 0.4 1 0.8
0.551532777957618 4.23099828919276 "experimento_55" 55 500 1000 0.95 50 0.4 1 0.8
0.603927474003285 4.80541349722427 "experimento_55" 55 500 1000 0.95 50 0.4 1 0.8
0.680404904996976 6.07074636422637 "experimento_55" 55 500 1000 0.95 50 0.4 1 0.8
0.665875008329749 5.594936015763 "experimento_55" 55 500 1000 0.95 50 0.4 1 0.8
0.993826708989218 58.7282505846627 "experimento_55" 55 500 1000 0.95 50 0.4 1 0.8
0.88935792632401 16.0548418134044 "experimento_55" 55 500 1000 0.95 50 0.4 1 0.8
1.00004776157439 48.55878288403 "experimento_55" 55 500 1000 0.95 50 0.4 1 0.8
0.507158054970205 3.7276388029227 "experimento_55" 55 500 1000 0.95 50 0.4 1 0.8
0.82776469248347 10.3901834978112 "experimento_55" 55 500 1000 0.95 50 0.4 1 0.8
0.554737430531532 4.24799802831731 "experimento_55" 55 500 1000 0.95 50 0.4 1 0.8
1.00631814371794 52.160494972389 "experimento_55" 55 500 1000 0.95 50 0.4 1 0.8
1.00497544343583 51.3443495696051 "experimento_55" 55 500 1000 0.95 50 0.4 1 0.8
1.0007089695707 57.7470992158384 "experimento_55" 55 500 1000 0.95 50 0.4 1 0.8
0.875786394113675 13.276728675852 "experimento_55" 55 500 1000 0.95 50 0.4 1 0.8
0.996915579540655 34.5177610348086 "experimento_55" 55 500 1000 0.95 50 0.4 1 0.8
1.00913966916033 66.666010337253 "experimento_55" 55 500 1000 0.95 50 0.4 1 0.8
0.996581947198138 60.6707326481475 "experimento_55" 55 500 1000 0.95 50 0.4 1 0.8
0.996084667742252 43.1741516469114 "experimento_55" 55 500 1000 0.95 50 0.4 1 0.8
0.694062176859006 6.11698597210345 "experimento_55" 55 500 1000 0.95 50 0.4 1 0.8
0.998257597675547 50.953132048841 "experimento_55" 55 500 1000 0.95 50 0.4 1 0.8
0.997093273792416 53.4324548558993 "experimento_55" 55 500 1000 0.95 50 0.4 1 0.8
0.996409037616104 51.7621649521359 "experimento_55" 55 500 1000 0.95 50 0.4 1 0.8
1.01405150007373 77.548277368795 "experimento_55" 55 500 1000 0.95 50 0.4 1 0.8
0.519676920492202 3.71744555367189 "experimento_55" 55 500 1000 0.95 50 0.4 1 0.8
0.999702112050727 67.6046675873627 "experimento_55" 55 500 1000 0.95 50 0.4 1 0.8
0.999901421368122 62.2935219328419 "experimento_55" 55 500 1000 0.95 50 0.4 1 0.8
1.01001096405089 74.8937679130503 "experimento_55" 55 500 1000 0.95 50 0.4 1 0.8
1.00120116177015 52.6663910387642 "experimento_55" 55 500 1000 0.95 50 0.4 1 0.8
0.815083623863757 9.44706254356703 "experimento_55" 55 500 1000 0.95 50 0.4 1 0.8
0.68887232709676 5.87633674973421 "experimento_55" 55 500 1000 0.95 50 0.4 1 0.8
1.00070520471781 59.98839482726 "experimento_55" 55 500 1000 0.95 50 0.4 1 0.8
1.00023825622164 44.4443697975112 "experimento_55" 55 500 1000 0.95 50 0.4 1 0.8
0.98883069655858 38.5695982162601 "experimento_55" 55 500 1000 0.95 50 0.4 1 0.8
0.55814865953289 4.34318231397236 "experimento_55" 55 500 1000 0.95 50 0.4 1 0.8
1.0036436905805 69.5597983500667 "experimento_55" 55 500 1000 0.95 50 0.4 1 0.8
0.998937499010935 57.4140189918898 "experimento_55" 55 500 1000 0.95 50 0.4 1 0.8
0.69595874613151 6.29804794338831 "experimento_55" 55 500 1000 0.95 50 0.4 1 0.8
1.00551756257201 49.1856414313402 "experimento_55" 55 500 1000 0.95 50 0.4 1 0.8
0.999580562347546 70.574706578236 "experimento_55" 55 500 1000 0.95 50 0.4 1 0.8
1.00166857306845 43.2302244390773 "experimento_55" 55 500 1000 0.95 50 0.4 1 0.8
0.995577583555132 55.4787718718314 "experimento_55" 55 500 1000 0.95 50 0.4 1 0.8
0.641476575518027 5.0788807039852 "experimento_55" 55 500 1000 0.95 50 0.4 1 0.8
1.00379949083859 45.1907093183741 "experimento_55" 55 500 1000 0.95 50 0.4 1 0.8
1.00068669290702 57.9507250753279 "experimento_55" 55 500 1000 0.95 50 0.4 1 0.8
0.99935439019464 49.6996930966947 "experimento_55" 55 500 1000 0.95 50 0.4 1 0.8
0.993734937394038 53.8288415269133 "experimento_55" 55 500 1000 0.95 50 0.4 1 0.8
0.999473886331543 65.4333757481655 "experimento_55" 55 500 1000 0.95 50 0.4 1 0.8
0.626105239149183 4.60471984003512 "experimento_55" 55 500 1000 0.95 50 0.4 1 0.8
0.998749651480466 50.0236640677424 "experimento_55" 55 500 1000 0.95 50 0.4 1 0.8
0.998583247419447 60.411608015079 "experimento_55" 55 500 1000 0.95 50 0.4 1 0.8
0.581344206584617 4.49728287598919 "experimento_55" 55 500 1000 0.95 50 0.4 1 0.8
0.997624392621219 50.9025701416517 "experimento_55" 55 500 1000 0.95 50 0.4 1 0.8
1.00039027274423 40.6281858434461 "experimento_55" 55 500 1000 0.95 50 0.4 1 0.8
0.998077522730455 39.2667527222569 "experimento_55" 55 500 1000 0.95 50 0.4 1 0.8
1.01948923909953 80.8861700752114 "experimento_55" 55 500 1000 0.95 50 0.4 1 0.8
1.00203803147189 61.5150911552201 "experimento_55" 55 500 1000 0.95 50 0.4 1 0.8
0.550868263468146 4.05521594205928 "experimento_55" 55 500 1000 0.95 50 0.4 1 0.8
0.989902220666409 24.6653979391597 "experimento_55" 55 500 1000 0.95 50 0.4 1 0.8
1.01393218827977 46.6049003300167 "experimento_55" 55 500 1000 0.95 50 0.4 1 0.8
0.539924094686285 4.17185577025647 "experimento_55" 55 500 1000 0.95 50 0.4 1 0.8
1.00128748850866 62.5455845528105 "experimento_55" 55 500 1000 0.95 50 0.4 1 0.8
0.824244457064196 9.71225764159008 "experimento_55" 55 500 1000 0.95 50 0.4 1 0.8
1.00105459338503 46.0839712729301 "experimento_55" 55 500 1000 0.95 50 0.4 1 0.8
0.761907474137843 7.92302801056574 "experimento_55" 55 500 1000 0.95 50 0.4 1 0.8
0.993601087946445 54.0777793626278 "experimento_55" 55 500 1000 0.95 50 0.4 1 0.8
1.0018841546122 40.1638843261707 "experimento_55" 55 500 1000 0.95 50 0.4 1 0.8
1.00920197765343 36.5484050951306 "experimento_55" 55 500 1000 0.95 50 0.4 1 0.8
0.944717523176223 21.2423109822682 "experimento_55" 55 500 1000 0.95 50 0.4 1 0.8
1.00417732228525 59.7983683672625 "experimento_55" 55 500 1000 0.95 50 0.4 1 0.8
1.00171657875565 74.5065445465978 "experimento_55" 55 500 1000 0.95 50 0.4 1 0.8
1.00733623255044 58.4032539616443 "experimento_55" 55 500 1000 0.95 50 0.4 1 0.8
1.00024743681774 42.0798083842985 "experimento_55" 55 500 1000 0.95 50 0.4 1 0.8
0.602157700574026 4.79663784723144 "experimento_55" 55 500 1000 0.95 50 0.4 1 0.8
0.99752004747279 40.4043223643956 "experimento_55" 55 500 1000 0.95 50 0.4 1 0.8
1.00003243885724 56.481697390102 "experimento_55" 55 500 1000 0.95 50 0.4 1 0.8
0.57191682071425 4.48006474023379 "experimento_55" 55 500 1000 0.95 50 0.4 1 0.8
0.993165129097179 39.0922695764222 "experimento_55" 55 500 1000 0.95 50 0.4 1 0.8
0.819864543387666 9.48602545733063 "experimento_55" 55 500 1000 0.95 50 0.4 1 0.8
0.635864847805351 5.16399358858358 "experimento_55" 55 500 1000 0.95 50 0.4 1 0.8
0.509257272817194 4.13012540690262 "experimento_55" 55 500 1000 0.95 50 0.4 1 0.8
1.00801668770761 83.3913790426942 "experimento_55" 55 500 1000 0.95 50 0.4 1 0.8
0.620279499562457 5.00546204692241 "experimento_55" 55 500 1000 0.95 50 0.4 1 0.8
0.658371401485056 5.26820598900068 "experimento_55" 55 500 1000 0.95 50 0.4 1 0.8
0.523701285244897 4.02406180477384 "experimento_55" 55 500 1000 0.95 50 0.4 1 0.8
0.696133244549856 5.80268517797998 "experimento_55" 55 500 1000 0.95 50 0.4 1 0.8
0.76870827563107 7.4548290061478 "experimento_55" 55 500 1000 0.95 50 0.4 1 0.8
1.0043993208278 65.7127499337476 "experimento_55" 55 500 1000 0.95 50 0.4 1 0.8
1.00297613335903 51.8223779495313 "experimento_55" 55 500 1000 0.95 50 0.4 1 0.8
0.724177239695564 6.36230408212609 "experimento_55" 55 500 1000 0.95 50 0.4 1 0.8
0.999993623001501 41.2535647974032 "experimento_55" 55 500 1000 0.95 50 0.4 1 0.8
1.00035899603739 39.3415046621115 "experimento_55" 55 500 1000 0.95 50 0.4 1 0.8
0.868990120012313 12.0400811136946 "experimento_55" 55 500 1000 0.95 50 0.4 1 0.8
0.52698440849781 3.82859298849709 "experimento_55" 55 500 1000 0.95 50 0.4 1 0.8
1.00100877515972 49.948625288483 "experimento_55" 55 500 1000 0.95 50 0.4 1 0.8
0.530508226715028 4.06113597042063 "experimento_55" 55 500 1000 0.95 50 0.4 1 0.8
0.692751563386992 6.1994201766869 "experimento_55" 55 500 1000 0.95 50 0.4 1 0.8
0.996659298660234 42.8355012298902 "experimento_55" 55 500 1000 0.95 50 0.4 1 0.8
1.0003941709362 74.8271332292493 "experimento_55" 55 500 1000 0.95 50 0.4 1 0.8
1.00016013596391 62.8798080876673 "experimento_55" 55 500 1000 0.95 50 0.4 1 0.8
0.689294111216441 5.88008606514253 "experimento_55" 55 500 1000 0.95 50 0.4 1 0.8
1.0113104285486 67.1339989288895 "experimento_55" 55 500 1000 0.95 50 0.4 1 0.8
0.994035328738391 43.9094473213447 "experimento_55" 55 500 1000 0.95 50 0.4 1 0.8
1.0072359988536 93.9693356763948 "experimento_55" 55 500 1000 0.95 50 0.4 1 0.8
0.996936731506139 55.1560333015415 "experimento_55" 55 500 1000 0.95 50 0.4 1 0.8
0.825202001258731 9.58883262144775 "experimento_55" 55 500 1000 0.95 50 0.4 1 0.8
0.624182197032496 5.06961789431069 "experimento_55" 55 500 1000 0.95 50 0.4 1 0.8
1.00110657781178 51.5742287159153 "experimento_55" 55 500 1000 0.95 50 0.4 1 0.8
0.837662187637761 10.5431026504133 "experimento_55" 55 500 1000 0.95 50 0.4 1 0.8
0.562073125271127 4.37982248674348 "experimento_55" 55 500 1000 0.95 50 0.4 1 0.8
1.00794507202692 39.3108140670514 "experimento_55" 55 500 1000 0.95 50 0.4 1 0.8
1.00001572224706 41.7761779604135 "experimento_55" 55 500 1000 0.95 50 0.4 1 0.8
1.00948470852338 64.5276761447406 "experimento_55" 55 500 1000 0.95 50 0.4 1 0.8
0.968730685533956 29.5318583573276 "experimento_55" 55 500 1000 0.95 50 0.4 1 0.8
0.994748750468716 49.910140307866 "experimento_55" 55 500 1000 0.95 50 0.4 1 0.8
0.9978325557895 45.742024930148 "experimento_55" 55 500 1000 0.95 50 0.4 1 0.8
1.004169116193 71.1858320865499 "experimento_55" 55 500 1000 0.95 50 0.4 1 0.8
0.998142053140327 69.2658623818403 "experimento_55" 55 500 1000 0.95 50 0.4 1 0.8
0.53948165406473 4.15076027117831 "experimento_55" 55 500 1000 0.95 50 0.4 1 0.8
0.997719395207241 40.1801429141387 "experimento_55" 55 500 1000 0.95 50 0.4 1 0.8
0.999389587435871 56.3103555082639 "experimento_55" 55 500 1000 0.95 50 0.4 1 0.8
1.00030565121702 47.9123111806471 "experimento_55" 55 500 1000 0.95 50 0.4 1 0.8
1.00342887946405 51.0137651639165 "experimento_55" 55 500 1000 0.95 50 0.4 1 0.8
1.00684332128511 76.5235672557198 "experimento_55" 55 500 1000 0.95 50 0.4 1 0.8
0.838162815663964 10.6241778938094 "experimento_55" 55 500 1000 0.95 50 0.4 1 0.8
0.998809736222029 47.343376171202 "experimento_55" 55 500 1000 0.95 50 0.4 1 0.8
1.00643601666011 69.2659517751166 "experimento_55" 55 500 1000 0.95 50 0.4 1 0.8
0.803315190598369 9.50914203201181 "experimento_55" 55 500 1000 0.95 50 0.4 1 0.8
1.00535103349015 38.4879654889846 "experimento_55" 55 500 1000 0.95 50 0.4 1 0.8
0.866527726175264 12.8574554967507 "experimento_55" 55 500 1000 0.95 50 0.4 1 0.8
0.998171658022329 52.0622395249895 "experimento_55" 55 500 1000 0.95 50 0.4 1 0.8
0.585775545332581 4.50276587135756 "experimento_55" 55 500 1000 0.95 50 0.4 1 0.8
1.00294042902067 49.9516367732862 "experimento_55" 55 500 1000 0.95 50 0.4 1 0.8
1.01116072921431 87.5092858091605 "experimento_55" 55 500 1000 0.95 50 0.4 1 0.8
0.597338800085708 4.66138571975607 "experimento_55" 55 500 1000 0.95 50 0.4 1 0.8
0.993303172755986 36.2230556483192 "experimento_55" 55 500 1000 0.95 50 0.4 1 0.8
1.00068768199533 57.1009321456087 "experimento_55" 55 500 1000 0.95 50 0.4 1 0.8
0.955145707819611 26.1449338180087 "experimento_55" 55 500 1000 0.95 50 0.4 1 0.8
1.00340605255826 43.4547231894048 "experimento_55" 55 500 1000 0.95 50 0.4 1 0.8
0.995941422879696 43.2905986569691 "experimento_55" 55 500 1000 0.95 50 0.4 1 0.8
1.00062604105662 48.598341374141 "experimento_55" 55 500 1000 0.95 50 0.4 1 0.8
0.997028573649004 41.9907289695907 "experimento_55" 55 500 1000 0.95 50 0.4 1 0.8
0.99743166542612 55.3260938616428 "experimento_55" 55 500 1000 0.95 50 0.4 1 0.8
1.00090171154644 53.5673006147314 "experimento_55" 55 500 1000 0.95 50 0.4 1 0.8
0.992179393302649 41.7251507274628 "experimento_55" 55 500 1000 0.95 50 0.4 1 0.8
1.00010010859929 54.121446830485 "experimento_55" 55 500 1000 0.95 50 0.4 1 0.8
0.999742138898 102.216786631998 "experimento_55" 55 500 1000 0.95 50 0.4 1 0.8
0.999153311364353 54.3525342851977 "experimento_55" 55 500 1000 0.95 50 0.4 1 0.8
0.996648604748771 48.0231385336524 "experimento_55" 55 500 1000 0.95 50 0.4 1 0.8
0.80281012551859 8.89170817642764 "experimento_55" 55 500 1000 0.95 50 0.4 1 0.8
0.631116238655522 5.04242500882195 "experimento_55" 55 500 1000 0.95 50 0.4 1 0.8
0.98778298147954 32.4067927311168 "experimento_55" 55 500 1000 0.95 50 0.4 1 0.8
0.990969738923013 41.9614576170227 "experimento_55" 55 500 1000 0.95 50 0.4 1 0.8
0.997961445245892 34.9657106624551 "experimento_55" 55 500 1000 0.95 50 0.4 1 0.8
1.0000829085242 49.0134819961961 "experimento_55" 55 500 1000 0.95 50 0.4 1 0.8
1.00766297741793 55.0283984670502 "experimento_55" 55 500 1000 0.95 50 0.4 1 0.8
0.993124009342864 36.7339558720836 "experimento_55" 55 500 1000 0.95 50 0.4 1 0.8
0.989482258912176 48.9923537328618 "experimento_55" 55 500 1000 0.95 50 0.4 1 0.8
0.987648262409493 42.9497857192431 "experimento_55" 55 500 1000 0.95 50 0.4 1 0.8
1.00008374496363 59.9223022962479 "experimento_55" 55 500 1000 0.95 50 0.4 1 0.8
0.643301649019122 5.14053190880717 "experimento_55" 55 500 1000 0.95 50 0.4 1 0.8
1.02122392164887 93.1207035302582 "experimento_55" 55 500 1000 0.95 50 0.4 1 0.8
0.531859210226685 3.97339763193914 "experimento_55" 55 500 1000 0.95 50 0.4 1 0.8
1.002168987426 35.6094618651254 "experimento_55" 55 500 1000 0.95 50 0.4 1 0.8
0.542503643082455 4.03395544139506 "experimento_55" 55 500 1000 0.95 50 0.4 1 0.8
1.00009111937135 56.8717001297256 "experimento_55" 55 500 1000 0.95 50 0.4 1 0.8
1.00029872791666 80.9611376104255 "experimento_55" 55 500 1000 0.95 50 0.4 1 0.8
0.995043910806999 34.2383694269063 "experimento_55" 55 500 1000 0.95 50 0.4 1 0.8
1.00016446903348 75.9486011781556 "experimento_55" 55 500 1000 0.95 50 0.4 1 0.8
1.00472010130058 55.5642333776551 "experimento_55" 55 500 1000 0.95 50 0.4 1 0.8
0.869487113086507 13.2019481652197 "experimento_55" 55 500 1000 0.95 50 0.4 1 0.8
1.00019655921319 58.8924035418708 "experimento_55" 55 500 1000 0.95 50 0.4 1 0.8
0.99904969916679 48.2543647282119 "experimento_55" 55 500 1000 0.95 50 0.4 1 0.8
0.733456883113831 7.35754301930732 "experimento_55" 55 500 1000 0.95 50 0.4 1 0.8
0.996751805534586 50.1400923744141 "experimento_55" 55 500 1000 0.95 50 0.4 1 0.8
0.989773212466389 41.8094889189525 "experimento_55" 55 500 1000 0.95 50 0.4 1 0.8
0.998206668300554 43.8708060618585 "experimento_55" 55 500 1000 0.95 50 0.4 1 0.8
0.994679001858458 53.564925624162 "experimento_55" 55 500 1000 0.95 50 0.4 1 0.8
0.552113617304713 4.18989368187698 "experimento_55" 55 500 1000 0.95 50 0.4 1 0.8
0.567009647376835 4.39526119703668 "experimento_55" 55 500 1000 0.95 50 0.4 1 0.8
0.998742196010426 45.1966641456407 "experimento_55" 55 500 1000 0.95 50 0.4 1 0.8
1.00117831935268 53.6553917142997 "experimento_55" 55 500 1000 0.95 50 0.4 1 0.8
0.803368807770312 8.86727768459835 "experimento_55" 55 500 1000 0.95 50 0.4 1 0.8
0.995785341830924 42.5172673942584 "experimento_55" 55 500 1000 0.95 50 0.4 1 0.8
0.572730748914182 4.52594252643961 "experimento_55" 55 500 1000 0.95 50 0.4 1 0.8
0.625457425834611 5.05735526552623 "experimento_55" 55 500 1000 0.95 50 0.4 1 0.8
1.00158898470923 56.1603524392537 "experimento_55" 55 500 1000 0.95 50 0.4 1 0.8
0.99731233692728 48.1512704091918 "experimento_55" 55 500 1000 0.95 50 0.4 1 0.8
0.56674896273762 4.49589327742616 "experimento_55" 55 500 1000 0.95 50 0.4 1 0.8
1.00296653952219 62.7548272505676 "experimento_55" 55 500 1000 0.95 50 0.4 1 0.8
0.998440506635234 67.5032762523481 "experimento_55" 55 500 1000 0.95 50 0.4 1 0.8
1.00350418158858 57.2417416254849 "experimento_55" 55 500 1000 0.95 50 0.4 1 0.8
0.746216309024021 7.60437304557406 "experimento_55" 55 500 1000 0.95 50 0.4 1 0.8
0.582349874079227 4.244783394618 "experimento_55" 55 500 1000 0.95 50 0.4 1 0.8
0.997477541211993 46.1330811383722 "experimento_55" 55 500 1000 0.95 50 0.4 1 0.8
1.00135887369514 62.5325029111691 "experimento_55" 55 500 1000 0.95 50 0.4 1 0.8
0.991300590801984 47.6777959580132 "experimento_55" 55 500 1000 0.95 50 0.4 1 0.8
0.596934749744833 4.75702041907539 "experimento_55" 55 500 1000 0.95 50 0.4 1 0.8
0.997927219374105 59.1448098362319 "experimento_55" 55 500 1000 0.95 50 0.4 1 0.8
1.00774592882349 68.7069451726522 "experimento_55" 55 500 1000 0.95 50 0.4 1 0.8
0.998106228886172 43.4909994697768 "experimento_55" 55 500 1000 0.95 50 0.4 1 0.8
0.940875426633283 23.6516859629577 "experimento_55" 55 500 1000 0.95 50 0.4 1 0.8
0.983986293198541 38.1168852375581 "experimento_55" 55 500 1000 0.95 50 0.4 1 0.8
1.00038212277927 54.0835935127663 "experimento_55" 55 500 1000 0.95 50 0.4 1 0.8
1.00389617346227 54.2563922366291 "experimento_55" 55 500 1000 0.95 50 0.4 1 0.8
1.00216738108109 53.6734298496192 "experimento_55" 55 500 1000 0.95 50 0.4 1 0.8
1.00000944190659 56.9427003848919 "experimento_55" 55 500 1000 0.95 50 0.4 1 0.8
1.00147561561316 45.3738958529393 "experimento_55" 55 500 1000 0.95 50 0.4 1 0.8
0.558353955624625 4.1066270398896 "experimento_55" 55 500 1000 0.95 50 0.4 1 0.8
0.691629342734814 6.24501515303229 "experimento_55" 55 500 1000 0.95 50 0.4 1 0.8
0.815593262668699 9.57155704302328 "experimento_55" 55 500 1000 0.95 50 0.4 1 0.8
1.00149705296382 55.5998409642461 "experimento_55" 55 500 1000 0.95 50 0.4 1 0.8
0.992417664732784 41.072645289337 "experimento_55" 55 500 1000 0.95 50 0.4 1 0.8
0.995180953061208 37.5940670509229 "experimento_55" 55 500 1000 0.95 50 0.4 1 0.8
1.01054522435181 49.8806107620275 "experimento_55" 55 500 1000 0.95 50 0.4 1 0.8
0.988841383252293 33.1076118394373 "experimento_55" 55 500 1000 0.95 50 0.4 1 0.8
1.00446538828313 68.5122790427521 "experimento_55" 55 500 1000 0.95 50 0.4 1 0.8
0.978990891948342 33.9890233446367 "experimento_55" 55 500 1000 0.95 50 0.4 1 0.8
0.798716579331085 8.66609580884871 "experimento_55" 55 500 1000 0.95 50 0.4 1 0.8
1.01269234169275 67.3188441318262 "experimento_55" 55 500 1000 0.95 50 0.4 1 0.8
1.00060704241426 68.9144958567064 "experimento_55" 55 500 1000 0.95 50 0.4 1 0.8
0.701045309426263 6.04981040879537 "experimento_55" 55 500 1000 0.95 50 0.4 1 0.8
0.996427967445925 55.3683384337534 "experimento_55" 55 500 1000 0.95 50 0.4 1 0.8
1.00536739408235 45.7750404887773 "experimento_55" 55 500 1000 0.95 50 0.4 1 0.8
0.873465737793595 12.5510692383006 "experimento_55" 55 500 1000 0.95 50 0.4 1 0.8
1.01001838480122 35.7942523743948 "experimento_55" 55 500 1000 0.95 50 0.4 1 0.8
0.782523589208722 7.87024920578061 "experimento_55" 55 500 1000 0.95 50 0.4 1 0.8
0.994165227748454 55.1021444065588 "experimento_55" 55 500 1000 0.95 50 0.4 1 0.8
1.00148696162738 64.78775484736 "experimento_55" 55 500 1000 0.95 50 0.4 1 0.8
1.00179566687664 59.9918831815119 "experimento_55" 55 500 1000 0.95 50 0.4 1 0.8
1.00449981260113 64.4146773086988 "experimento_55" 55 500 1000 0.95 50 0.4 1 0.8
0.999860081588849 51.8472213326355 "experimento_55" 55 500 1000 0.95 50 0.4 1 0.8
1.00198755218647 52.3970396001907 "experimento_55" 55 500 1000 0.95 50 0.4 1 0.8
1.0135123867169 74.5653252172852 "experimento_55" 55 500 1000 0.95 50 0.4 1 0.8
1.00458735658787 39.9855020737398 "experimento_55" 55 500 1000 0.95 50 0.4 1 0.8
1.00172790460215 59.9281018753519 "experimento_55" 55 500 1000 0.95 50 0.4 1 0.8
1.00381837324239 73.6525684479199 "experimento_55" 55 500 1000 0.95 50 0.4 1 0.8
1.00295764107785 63.9519038157968 "experimento_55" 55 500 1000 0.95 50 0.4 1 0.8
0.995318382047117 46.759986987146 "experimento_55" 55 500 1000 0.95 50 0.4 1 0.8
0.938013909384608 21.2779838677866 "experimento_55" 55 500 1000 0.95 50 0.4 1 0.8
0.998377221869305 56.2377374877817 "experimento_55" 55 500 1000 0.95 50 0.4 1 0.8
0.948751996271312 25.7744254943153 "experimento_55" 55 500 1000 0.95 50 0.4 1 0.8
0.999366220319644 58.9601080500186 "experimento_55" 55 500 1000 0.95 50 0.4 1 0.8
1.01027499545366 61.9385007517859 "experimento_55" 55 500 1000 0.95 50 0.4 1 0.8
1.00191893767149 42.0970142061487 "experimento_55" 55 500 1000 0.95 50 0.4 1 0.8
0.747540682321414 7.0220532838617 "experimento_55" 55 500 1000 0.95 50 0.4 1 0.8
0.998787133255973 64.0828242483577 "experimento_55" 55 500 1000 0.95 50 0.4 1 0.8
