"est.u" "est.lamb" "name" "seed" "size" "replicates" "p_umbral" "exp_lambda" "alpha_pen" "n_pen" "c"
1.00002310274723 9.67345725035808 "experimento_30" 30 10000 1000 0.8 10 0.4 1 0.8
0.998215528205037 9.9596349681414 "experimento_30" 30 10000 1000 0.8 10 0.4 1 0.8
1.04146888456307 10.5096177879321 "experimento_30" 30 10000 1000 0.8 10 0.4 1 0.8
1.00632831673558 10.0963181993319 "experimento_30" 30 10000 1000 0.8 10 0.4 1 0.8
0.998410759726539 9.98214614955694 "experimento_30" 30 10000 1000 0.8 10 0.4 1 0.8
0.996962446719408 9.82309866150211 "experimento_30" 30 10000 1000 0.8 10 0.4 1 0.8
0.998246833216399 9.7979148062427 "experimento_30" 30 10000 1000 0.8 10 0.4 1 0.8
1.07431813241791 9.94515489166 "experimento_30" 30 10000 1000 0.8 10 0.4 1 0.8
0.999539795564488 10.2391213955235 "experimento_30" 30 10000 1000 0.8 10 0.4 1 0.8
1.01208127792925 9.85665490141335 "experimento_30" 30 10000 1000 0.8 10 0.4 1 0.8
1.03913664319552 9.84990877951549 "experimento_30" 30 10000 1000 0.8 10 0.4 1 0.8
1.00017753777668 10.3775850407842 "experimento_30" 30 10000 1000 0.8 10 0.4 1 0.8
1.01439995031419 9.59626814546814 "experimento_30" 30 10000 1000 0.8 10 0.4 1 0.8
1.00022055394948 10.2191311807644 "experimento_30" 30 10000 1000 0.8 10 0.4 1 0.8
1.00152347851364 9.81624088012902 "experimento_30" 30 10000 1000 0.8 10 0.4 1 0.8
1.04491669150813 9.45965722009579 "experimento_30" 30 10000 1000 0.8 10 0.4 1 0.8
1.01471022310708 10.2251649639195 "experimento_30" 30 10000 1000 0.8 10 0.4 1 0.8
0.998154559871182 9.65366341330411 "experimento_30" 30 10000 1000 0.8 10 0.4 1 0.8
1.13823840645653 9.55925017928575 "experimento_30" 30 10000 1000 0.8 10 0.4 1 0.8
1.01733032011468 9.95937569802061 "experimento_30" 30 10000 1000 0.8 10 0.4 1 0.8
1.0050905403014 9.69280545300842 "experimento_30" 30 10000 1000 0.8 10 0.4 1 0.8
0.999635641928762 9.65500208151736 "experimento_30" 30 10000 1000 0.8 10 0.4 1 0.8
0.998652731534094 9.69773817497467 "experimento_30" 30 10000 1000 0.8 10 0.4 1 0.8
0.999002934200689 9.57557341994766 "experimento_30" 30 10000 1000 0.8 10 0.4 1 0.8
1.00186809177387 10.1069020508938 "experimento_30" 30 10000 1000 0.8 10 0.4 1 0.8
0.997970127034932 9.91575427488239 "experimento_30" 30 10000 1000 0.8 10 0.4 1 0.8
0.999533427646384 9.53933051987731 "experimento_30" 30 10000 1000 0.8 10 0.4 1 0.8
1.00477085519209 10.0174274543464 "experimento_30" 30 10000 1000 0.8 10 0.4 1 0.8
0.997169758193195 9.61534899841802 "experimento_30" 30 10000 1000 0.8 10 0.4 1 0.8
0.998004220193252 9.71833833731476 "experimento_30" 30 10000 1000 0.8 10 0.4 1 0.8
1.01340439487249 10.3488403450624 "experimento_30" 30 10000 1000 0.8 10 0.4 1 0.8
1.01352199092507 10.393960438355 "experimento_30" 30 10000 1000 0.8 10 0.4 1 0.8
0.998335904907435 10.0324615148507 "experimento_30" 30 10000 1000 0.8 10 0.4 1 0.8
0.999844377161935 10.0933483250485 "experimento_30" 30 10000 1000 0.8 10 0.4 1 0.8
0.999994117766619 9.4661378084696 "experimento_30" 30 10000 1000 0.8 10 0.4 1 0.8
1.05394470887259 9.43853728608361 "experimento_30" 30 10000 1000 0.8 10 0.4 1 0.8
1.00032259845175 10.487320536484 "experimento_30" 30 10000 1000 0.8 10 0.4 1 0.8
0.998505283612758 9.69850414718302 "experimento_30" 30 10000 1000 0.8 10 0.4 1 0.8
1.00807511183218 10.0348490087483 "experimento_30" 30 10000 1000 0.8 10 0.4 1 0.8
1.02856992050074 10.0267802706495 "experimento_30" 30 10000 1000 0.8 10 0.4 1 0.8
0.99952772539109 9.99130533893068 "experimento_30" 30 10000 1000 0.8 10 0.4 1 0.8
0.994788123527542 9.24676395236553 "experimento_30" 30 10000 1000 0.8 10 0.4 1 0.8
1.02005835006225 9.37014909995916 "experimento_30" 30 10000 1000 0.8 10 0.4 1 0.8
0.998689538566396 9.80078406626585 "experimento_30" 30 10000 1000 0.8 10 0.4 1 0.8
1.00001381677575 9.97105321628501 "experimento_30" 30 10000 1000 0.8 10 0.4 1 0.8
1.01941146426834 9.87688712403713 "experimento_30" 30 10000 1000 0.8 10 0.4 1 0.8
1.00284284930676 10.1919247882346 "experimento_30" 30 10000 1000 0.8 10 0.4 1 0.8
1.00458170347847 10.0374440411658 "experimento_30" 30 10000 1000 0.8 10 0.4 1 0.8
0.998579657403752 9.96822652119562 "experimento_30" 30 10000 1000 0.8 10 0.4 1 0.8
1.00246042949148 10.0332883957862 "experimento_30" 30 10000 1000 0.8 10 0.4 1 0.8
1.00212161433883 9.97124791677929 "experimento_30" 30 10000 1000 0.8 10 0.4 1 0.8
1.03354141153395 9.91151225207516 "experimento_30" 30 10000 1000 0.8 10 0.4 1 0.8
0.999714084202424 9.76168946868899 "experimento_30" 30 10000 1000 0.8 10 0.4 1 0.8
1.01937454259023 9.65848173418455 "experimento_30" 30 10000 1000 0.8 10 0.4 1 0.8
1.00009268820151 9.5886267885947 "experimento_30" 30 10000 1000 0.8 10 0.4 1 0.8
1.00090860606201 10.0682093106817 "experimento_30" 30 10000 1000 0.8 10 0.4 1 0.8
0.9992807128001 10.3839036989565 "experimento_30" 30 10000 1000 0.8 10 0.4 1 0.8
1.03385892384686 10.6719249171886 "experimento_30" 30 10000 1000 0.8 10 0.4 1 0.8
1.08298425444014 10.0490007194544 "experimento_30" 30 10000 1000 0.8 10 0.4 1 0.8
1.00085906394625 9.768135476419 "experimento_30" 30 10000 1000 0.8 10 0.4 1 0.8
0.999110124073923 9.68156037100534 "experimento_30" 30 10000 1000 0.8 10 0.4 1 0.8
0.998687682906166 10.2004230605014 "experimento_30" 30 10000 1000 0.8 10 0.4 1 0.8
1.00465300715406 10.2200480385933 "experimento_30" 30 10000 1000 0.8 10 0.4 1 0.8
0.997251591878012 9.62562694628145 "experimento_30" 30 10000 1000 0.8 10 0.4 1 0.8
0.997341798152775 9.50890985952615 "experimento_30" 30 10000 1000 0.8 10 0.4 1 0.8
1.00615707384422 10.0186868268059 "experimento_30" 30 10000 1000 0.8 10 0.4 1 0.8
0.999294839100912 10.0674261913824 "experimento_30" 30 10000 1000 0.8 10 0.4 1 0.8
1.00335448337719 10.2512631707015 "experimento_30" 30 10000 1000 0.8 10 0.4 1 0.8
1.00080882469179 9.9672892084063 "experimento_30" 30 10000 1000 0.8 10 0.4 1 0.8
0.998535042628646 9.81419969318231 "experimento_30" 30 10000 1000 0.8 10 0.4 1 0.8
0.998892965726554 9.75587691770675 "experimento_30" 30 10000 1000 0.8 10 0.4 1 0.8
0.999523089965805 9.86327653611841 "experimento_30" 30 10000 1000 0.8 10 0.4 1 0.8
0.997957931831479 9.83373384155257 "experimento_30" 30 10000 1000 0.8 10 0.4 1 0.8
0.998543359339237 10.4310988295048 "experimento_30" 30 10000 1000 0.8 10 0.4 1 0.8
0.996096950257197 9.46873667473423 "experimento_30" 30 10000 1000 0.8 10 0.4 1 0.8
0.99977699178271 9.8877635953511 "experimento_30" 30 10000 1000 0.8 10 0.4 1 0.8
1.05169351208024 10.645310561575 "experimento_30" 30 10000 1000 0.8 10 0.4 1 0.8
0.996126317884773 9.8751504976286 "experimento_30" 30 10000 1000 0.8 10 0.4 1 0.8
1.00186974746175 10.5716286211061 "experimento_30" 30 10000 1000 0.8 10 0.4 1 0.8
1.00000246717087 9.70649651882323 "experimento_30" 30 10000 1000 0.8 10 0.4 1 0.8
0.999331418890506 9.96042989254775 "experimento_30" 30 10000 1000 0.8 10 0.4 1 0.8
0.999013309367001 10.072606085022 "experimento_30" 30 10000 1000 0.8 10 0.4 1 0.8
1.01120604546741 10.023574531517 "experimento_30" 30 10000 1000 0.8 10 0.4 1 0.8
0.998531038174406 10.0940072798748 "experimento_30" 30 10000 1000 0.8 10 0.4 1 0.8
0.99841242399998 9.9796114995355 "experimento_30" 30 10000 1000 0.8 10 0.4 1 0.8
1.01580350636767 10.1717694534671 "experimento_30" 30 10000 1000 0.8 10 0.4 1 0.8
0.998054723022506 9.2803344747464 "experimento_30" 30 10000 1000 0.8 10 0.4 1 0.8
0.998534035170451 9.64231624729579 "experimento_30" 30 10000 1000 0.8 10 0.4 1 0.8
0.999676992883906 9.8923427877558 "experimento_30" 30 10000 1000 0.8 10 0.4 1 0.8
1.00314269261427 9.87623703619021 "experimento_30" 30 10000 1000 0.8 10 0.4 1 0.8
1.0254049890209 10.6188893386727 "experimento_30" 30 10000 1000 0.8 10 0.4 1 0.8
1.0207609492124 10.2222281241475 "experimento_30" 30 10000 1000 0.8 10 0.4 1 0.8
0.999111976707354 9.80110279419366 "experimento_30" 30 10000 1000 0.8 10 0.4 1 0.8
0.99996774434112 9.97094290894933 "experimento_30" 30 10000 1000 0.8 10 0.4 1 0.8
0.999854008667171 10.0927092830921 "experimento_30" 30 10000 1000 0.8 10 0.4 1 0.8
0.999377808300778 9.7510445966004 "experimento_30" 30 10000 1000 0.8 10 0.4 1 0.8
1.05157259786502 10.2838752312178 "experimento_30" 30 10000 1000 0.8 10 0.4 1 0.8
0.996752682840452 9.74989871320323 "experimento_30" 30 10000 1000 0.8 10 0.4 1 0.8
1.00126283088571 10.1093791970613 "experimento_30" 30 10000 1000 0.8 10 0.4 1 0.8
0.998739244649187 9.33450465091092 "experimento_30" 30 10000 1000 0.8 10 0.4 1 0.8
1.00370762157254 10.3704348006578 "experimento_30" 30 10000 1000 0.8 10 0.4 1 0.8
1.00512739143312 10.0650318790544 "experimento_30" 30 10000 1000 0.8 10 0.4 1 0.8
0.99869178654626 9.98982746293525 "experimento_30" 30 10000 1000 0.8 10 0.4 1 0.8
1.06701987548731 9.27287010984828 "experimento_30" 30 10000 1000 0.8 10 0.4 1 0.8
1.00572986705229 9.96217391616681 "experimento_30" 30 10000 1000 0.8 10 0.4 1 0.8
0.997798941563815 10.1799322519719 "experimento_30" 30 10000 1000 0.8 10 0.4 1 0.8
1.00032050911346 10.1602300129274 "experimento_30" 30 10000 1000 0.8 10 0.4 1 0.8
1.00885003123371 9.77350298645529 "experimento_30" 30 10000 1000 0.8 10 0.4 1 0.8
1.01356904804707 10.2701557565262 "experimento_30" 30 10000 1000 0.8 10 0.4 1 0.8
1.05341934128664 10.3511649074473 "experimento_30" 30 10000 1000 0.8 10 0.4 1 0.8
1.00118201212026 10.0809382364452 "experimento_30" 30 10000 1000 0.8 10 0.4 1 0.8
0.998069623019546 9.81543112540184 "experimento_30" 30 10000 1000 0.8 10 0.4 1 0.8
1.07927148555917 10.632711624402 "experimento_30" 30 10000 1000 0.8 10 0.4 1 0.8
1.00005320059136 10.3630239844722 "experimento_30" 30 10000 1000 0.8 10 0.4 1 0.8
0.999305617064238 9.98516750445566 "experimento_30" 30 10000 1000 0.8 10 0.4 1 0.8
0.999744883971289 9.95846792289972 "experimento_30" 30 10000 1000 0.8 10 0.4 1 0.8
1.02132906858719 10.314710945993 "experimento_30" 30 10000 1000 0.8 10 0.4 1 0.8
0.997829526662827 9.82349873995804 "experimento_30" 30 10000 1000 0.8 10 0.4 1 0.8
1.00472372900718 10.0849875620972 "experimento_30" 30 10000 1000 0.8 10 0.4 1 0.8
0.998135506408289 10.0569966679152 "experimento_30" 30 10000 1000 0.8 10 0.4 1 0.8
1.01044245008379 10.4032468366323 "experimento_30" 30 10000 1000 0.8 10 0.4 1 0.8
1.00113722426875 10.0185072435317 "experimento_30" 30 10000 1000 0.8 10 0.4 1 0.8
0.998661128804088 9.95648824301215 "experimento_30" 30 10000 1000 0.8 10 0.4 1 0.8
1.00156660620123 9.8629677203009 "experimento_30" 30 10000 1000 0.8 10 0.4 1 0.8
0.998978132847697 9.7423261457989 "experimento_30" 30 10000 1000 0.8 10 0.4 1 0.8
1.03968565589748 9.62699080036316 "experimento_30" 30 10000 1000 0.8 10 0.4 1 0.8
1.04025143976344 10.1062590992949 "experimento_30" 30 10000 1000 0.8 10 0.4 1 0.8
0.999420683830976 9.5417300183787 "experimento_30" 30 10000 1000 0.8 10 0.4 1 0.8
1.06001841197722 10.4551677684064 "experimento_30" 30 10000 1000 0.8 10 0.4 1 0.8
0.999894581502303 10.1714899691816 "experimento_30" 30 10000 1000 0.8 10 0.4 1 0.8
1.00274411678152 10.562816382484 "experimento_30" 30 10000 1000 0.8 10 0.4 1 0.8
1.00121851300919 10.2234106657766 "experimento_30" 30 10000 1000 0.8 10 0.4 1 0.8
0.996303955558687 9.63396215822919 "experimento_30" 30 10000 1000 0.8 10 0.4 1 0.8
1.0001206300687 9.96551172066435 "experimento_30" 30 10000 1000 0.8 10 0.4 1 0.8
1.03539438094012 9.66801601238831 "experimento_30" 30 10000 1000 0.8 10 0.4 1 0.8
1.00151869808324 10.0486111868652 "experimento_30" 30 10000 1000 0.8 10 0.4 1 0.8
0.997701540822163 10.0059361324992 "experimento_30" 30 10000 1000 0.8 10 0.4 1 0.8
0.998632181202993 9.77520540580817 "experimento_30" 30 10000 1000 0.8 10 0.4 1 0.8
1.06055208346806 9.58829978767272 "experimento_30" 30 10000 1000 0.8 10 0.4 1 0.8
0.998363262275234 9.68094695309086 "experimento_30" 30 10000 1000 0.8 10 0.4 1 0.8
0.998185186646879 9.97678248792929 "experimento_30" 30 10000 1000 0.8 10 0.4 1 0.8
0.999459145357832 9.94911357521151 "experimento_30" 30 10000 1000 0.8 10 0.4 1 0.8
1.0000177135691 9.99923520765463 "experimento_30" 30 10000 1000 0.8 10 0.4 1 0.8
1.02467924242197 10.2457060876518 "experimento_30" 30 10000 1000 0.8 10 0.4 1 0.8
1.05257288073128 10.3446541112325 "experimento_30" 30 10000 1000 0.8 10 0.4 1 0.8
1.00007048016414 10.1454849034506 "experimento_30" 30 10000 1000 0.8 10 0.4 1 0.8
1.0266875196714 10.5878020165954 "experimento_30" 30 10000 1000 0.8 10 0.4 1 0.8
0.99989017797634 9.96001738458045 "experimento_30" 30 10000 1000 0.8 10 0.4 1 0.8
1.00754478514675 10.0527551276387 "experimento_30" 30 10000 1000 0.8 10 0.4 1 0.8
1.04544620238781 10.2892468862053 "experimento_30" 30 10000 1000 0.8 10 0.4 1 0.8
0.998313153162599 10.051089909318 "experimento_30" 30 10000 1000 0.8 10 0.4 1 0.8
1.00834994600733 10.184720421926 "experimento_30" 30 10000 1000 0.8 10 0.4 1 0.8
1.00401469552889 10.3130381360344 "experimento_30" 30 10000 1000 0.8 10 0.4 1 0.8
1.00251831640495 10.1168239079477 "experimento_30" 30 10000 1000 0.8 10 0.4 1 0.8
1.0323254792669 9.88972800019706 "experimento_30" 30 10000 1000 0.8 10 0.4 1 0.8
0.999728270573542 10.0780640930492 "experimento_30" 30 10000 1000 0.8 10 0.4 1 0.8
1.05916178943589 10.029987943685 "experimento_30" 30 10000 1000 0.8 10 0.4 1 0.8
0.99914497602731 10.165942915186 "experimento_30" 30 10000 1000 0.8 10 0.4 1 0.8
1.00544632887468 10.3219627583943 "experimento_30" 30 10000 1000 0.8 10 0.4 1 0.8
0.999084309209138 9.9282372948087 "experimento_30" 30 10000 1000 0.8 10 0.4 1 0.8
0.998549591517076 10.4048160577261 "experimento_30" 30 10000 1000 0.8 10 0.4 1 0.8
1.0009353307124 10.074242017105 "experimento_30" 30 10000 1000 0.8 10 0.4 1 0.8
1.01928683354706 10.028517623965 "experimento_30" 30 10000 1000 0.8 10 0.4 1 0.8
1.05546836652793 9.73078585853943 "experimento_30" 30 10000 1000 0.8 10 0.4 1 0.8
0.999272621236742 9.62528973324102 "experimento_30" 30 10000 1000 0.8 10 0.4 1 0.8
1.05453721168071 9.78444091265409 "experimento_30" 30 10000 1000 0.8 10 0.4 1 0.8
0.997788076056167 10.2056711489249 "experimento_30" 30 10000 1000 0.8 10 0.4 1 0.8
0.999861980089918 9.9709181256816 "experimento_30" 30 10000 1000 0.8 10 0.4 1 0.8
1.01687163095921 10.1045346247955 "experimento_30" 30 10000 1000 0.8 10 0.4 1 0.8
1.01731821252455 9.76139502420996 "experimento_30" 30 10000 1000 0.8 10 0.4 1 0.8
0.999234705464914 9.99865697495713 "experimento_30" 30 10000 1000 0.8 10 0.4 1 0.8
1.01554199187085 9.70332560798872 "experimento_30" 30 10000 1000 0.8 10 0.4 1 0.8
1.0826622929181 11.0868888032671 "experimento_30" 30 10000 1000 0.8 10 0.4 1 0.8
1.01385125871748 9.96998030132379 "experimento_30" 30 10000 1000 0.8 10 0.4 1 0.8
1.00032188054174 10.1601418106629 "experimento_30" 30 10000 1000 0.8 10 0.4 1 0.8
1.01222534710541 10.3237819123162 "experimento_30" 30 10000 1000 0.8 10 0.4 1 0.8
0.998661170480773 9.65831034995078 "experimento_30" 30 10000 1000 0.8 10 0.4 1 0.8
1.01334809479304 9.93808759996698 "experimento_30" 30 10000 1000 0.8 10 0.4 1 0.8
1.03562250970787 10.2070404834833 "experimento_30" 30 10000 1000 0.8 10 0.4 1 0.8
0.99994234344922 10.0196376157154 "experimento_30" 30 10000 1000 0.8 10 0.4 1 0.8
0.997721636900678 9.84301111573417 "experimento_30" 30 10000 1000 0.8 10 0.4 1 0.8
0.998464864678681 9.83588462700617 "experimento_30" 30 10000 1000 0.8 10 0.4 1 0.8
1.00018379390125 10.1724763215491 "experimento_30" 30 10000 1000 0.8 10 0.4 1 0.8
1.00015345086592 9.75824134231561 "experimento_30" 30 10000 1000 0.8 10 0.4 1 0.8
1.00558221479878 9.91056387281767 "experimento_30" 30 10000 1000 0.8 10 0.4 1 0.8
1.00016066876979 10.2092628971253 "experimento_30" 30 10000 1000 0.8 10 0.4 1 0.8
1.08133635734719 10.8402883720161 "experimento_30" 30 10000 1000 0.8 10 0.4 1 0.8
0.998298903694376 9.91896328334847 "experimento_30" 30 10000 1000 0.8 10 0.4 1 0.8
0.998993514105678 9.69408773807476 "experimento_30" 30 10000 1000 0.8 10 0.4 1 0.8
0.998983518220484 10.1047733573469 "experimento_30" 30 10000 1000 0.8 10 0.4 1 0.8
1.07612033139225 10.3138763719774 "experimento_30" 30 10000 1000 0.8 10 0.4 1 0.8
0.999808427644894 9.85421129622962 "experimento_30" 30 10000 1000 0.8 10 0.4 1 0.8
1.01181866405532 10.3925377835836 "experimento_30" 30 10000 1000 0.8 10 0.4 1 0.8
1.01315567561203 10.2577673714996 "experimento_30" 30 10000 1000 0.8 10 0.4 1 0.8
1.01576322402638 10.3816729076796 "experimento_30" 30 10000 1000 0.8 10 0.4 1 0.8
1.00020389023889 9.98794928424113 "experimento_30" 30 10000 1000 0.8 10 0.4 1 0.8
0.998857607832178 9.72492638170204 "experimento_30" 30 10000 1000 0.8 10 0.4 1 0.8
1.00124344582416 9.6648949931127 "experimento_30" 30 10000 1000 0.8 10 0.4 1 0.8
1.0300375056453 9.85558115194139 "experimento_30" 30 10000 1000 0.8 10 0.4 1 0.8
1.00423339041881 10.0297849951023 "experimento_30" 30 10000 1000 0.8 10 0.4 1 0.8
1.00465611843392 10.5363082874224 "experimento_30" 30 10000 1000 0.8 10 0.4 1 0.8
1.04504940249026 9.93991925650222 "experimento_30" 30 10000 1000 0.8 10 0.4 1 0.8
1.00102103479365 10.5251371812884 "experimento_30" 30 10000 1000 0.8 10 0.4 1 0.8
0.997526410035789 10.0254598743415 "experimento_30" 30 10000 1000 0.8 10 0.4 1 0.8
1.01230702271888 10.0575057158999 "experimento_30" 30 10000 1000 0.8 10 0.4 1 0.8
1.00000446119055 10.0607295837024 "experimento_30" 30 10000 1000 0.8 10 0.4 1 0.8
0.999281527241692 9.94536422353594 "experimento_30" 30 10000 1000 0.8 10 0.4 1 0.8
0.999593439744785 9.89313498839407 "experimento_30" 30 10000 1000 0.8 10 0.4 1 0.8
0.999557616421953 9.94689554683891 "experimento_30" 30 10000 1000 0.8 10 0.4 1 0.8
1.06685345843434 9.66350000463066 "experimento_30" 30 10000 1000 0.8 10 0.4 1 0.8
0.998620382510126 10.0520920259454 "experimento_30" 30 10000 1000 0.8 10 0.4 1 0.8
0.998367350548506 9.79249396906401 "experimento_30" 30 10000 1000 0.8 10 0.4 1 0.8
1.00031962053881 9.66105977936062 "experimento_30" 30 10000 1000 0.8 10 0.4 1 0.8
0.999997419305146 10.1131982225863 "experimento_30" 30 10000 1000 0.8 10 0.4 1 0.8
1.04086506105959 9.74944600731773 "experimento_30" 30 10000 1000 0.8 10 0.4 1 0.8
0.999189060181379 10.1967754358152 "experimento_30" 30 10000 1000 0.8 10 0.4 1 0.8
1.0002857870888 9.99853538821751 "experimento_30" 30 10000 1000 0.8 10 0.4 1 0.8
1.1090840568724 9.2337890069489 "experimento_30" 30 10000 1000 0.8 10 0.4 1 0.8
1.0006773583591 10.2826484120781 "experimento_30" 30 10000 1000 0.8 10 0.4 1 0.8
0.999879643321037 10.079356882912 "experimento_30" 30 10000 1000 0.8 10 0.4 1 0.8
1.00029814407733 9.86221987775985 "experimento_30" 30 10000 1000 0.8 10 0.4 1 0.8
0.99859401024878 10.040382846861 "experimento_30" 30 10000 1000 0.8 10 0.4 1 0.8
1.00027959425934 10.1490035870365 "experimento_30" 30 10000 1000 0.8 10 0.4 1 0.8
0.999806589446962 9.92380306900933 "experimento_30" 30 10000 1000 0.8 10 0.4 1 0.8
0.999833577312529 9.63232860285916 "experimento_30" 30 10000 1000 0.8 10 0.4 1 0.8
0.99881871487014 9.71102956802665 "experimento_30" 30 10000 1000 0.8 10 0.4 1 0.8
0.998840459156781 10.6324167799817 "experimento_30" 30 10000 1000 0.8 10 0.4 1 0.8
1.0662677065935 10.8301711055838 "experimento_30" 30 10000 1000 0.8 10 0.4 1 0.8
0.998238772852346 10.374880654292 "experimento_30" 30 10000 1000 0.8 10 0.4 1 0.8
1.00941320098937 10.137557497095 "experimento_30" 30 10000 1000 0.8 10 0.4 1 0.8
0.998790572397411 9.92990202118937 "experimento_30" 30 10000 1000 0.8 10 0.4 1 0.8
1.00304221310653 10.28188090395 "experimento_30" 30 10000 1000 0.8 10 0.4 1 0.8
1.00641357633285 10.4427537615448 "experimento_30" 30 10000 1000 0.8 10 0.4 1 0.8
0.998880796600133 9.57526040292082 "experimento_30" 30 10000 1000 0.8 10 0.4 1 0.8
1.00153815898242 9.79114934259132 "experimento_30" 30 10000 1000 0.8 10 0.4 1 0.8
1.02277322286259 9.88299747637161 "experimento_30" 30 10000 1000 0.8 10 0.4 1 0.8
0.998332283925265 10.1635688386553 "experimento_30" 30 10000 1000 0.8 10 0.4 1 0.8
1.03551420061849 10.0891781965795 "experimento_30" 30 10000 1000 0.8 10 0.4 1 0.8
1.00002971903673 10.349200358028 "experimento_30" 30 10000 1000 0.8 10 0.4 1 0.8
1.06061656824313 9.26610611709127 "experimento_30" 30 10000 1000 0.8 10 0.4 1 0.8
1.02625293386802 10.2161399461906 "experimento_30" 30 10000 1000 0.8 10 0.4 1 0.8
0.999986534472555 9.71084278646618 "experimento_30" 30 10000 1000 0.8 10 0.4 1 0.8
0.997115297941491 10.1946496396605 "experimento_30" 30 10000 1000 0.8 10 0.4 1 0.8
1.00000551118338 10.0041036463854 "experimento_30" 30 10000 1000 0.8 10 0.4 1 0.8
1.03001224976033 9.74638938366254 "experimento_30" 30 10000 1000 0.8 10 0.4 1 0.8
0.99934746301733 9.9022421607413 "experimento_30" 30 10000 1000 0.8 10 0.4 1 0.8
0.997991577489302 9.83190472796971 "experimento_30" 30 10000 1000 0.8 10 0.4 1 0.8
1.00015423586592 10.0088635198873 "experimento_30" 30 10000 1000 0.8 10 0.4 1 0.8
0.995796066941693 9.67677962986095 "experimento_30" 30 10000 1000 0.8 10 0.4 1 0.8
1.07949589079401 10.5062957070441 "experimento_30" 30 10000 1000 0.8 10 0.4 1 0.8
0.998860700521618 9.93931062637644 "experimento_30" 30 10000 1000 0.8 10 0.4 1 0.8
0.998597288271412 9.75682018930533 "experimento_30" 30 10000 1000 0.8 10 0.4 1 0.8
1.04638597266505 10.2012024262167 "experimento_30" 30 10000 1000 0.8 10 0.4 1 0.8
0.999953190097585 9.80124099935836 "experimento_30" 30 10000 1000 0.8 10 0.4 1 0.8
0.997204899322242 9.7066367641746 "experimento_30" 30 10000 1000 0.8 10 0.4 1 0.8
0.997470926726237 10.3889598467924 "experimento_30" 30 10000 1000 0.8 10 0.4 1 0.8
1.00173593280851 9.96681836758298 "experimento_30" 30 10000 1000 0.8 10 0.4 1 0.8
0.99972820119001 10.1318590194201 "experimento_30" 30 10000 1000 0.8 10 0.4 1 0.8
1.00000764134821 10.3443619480724 "experimento_30" 30 10000 1000 0.8 10 0.4 1 0.8
0.997139911167324 9.81503262013956 "experimento_30" 30 10000 1000 0.8 10 0.4 1 0.8
0.999619059497491 10.1294831584881 "experimento_30" 30 10000 1000 0.8 10 0.4 1 0.8
0.999864938901737 9.99971031988469 "experimento_30" 30 10000 1000 0.8 10 0.4 1 0.8
1.00277144373395 9.74581986461599 "experimento_30" 30 10000 1000 0.8 10 0.4 1 0.8
0.998840185115114 9.9958605742461 "experimento_30" 30 10000 1000 0.8 10 0.4 1 0.8
1.03875088882633 9.89500653454852 "experimento_30" 30 10000 1000 0.8 10 0.4 1 0.8
1.02166835893877 9.88718773295752 "experimento_30" 30 10000 1000 0.8 10 0.4 1 0.8
0.998521480709314 9.78496228383654 "experimento_30" 30 10000 1000 0.8 10 0.4 1 0.8
0.997893864987418 9.90279468706838 "experimento_30" 30 10000 1000 0.8 10 0.4 1 0.8
0.999360050307587 9.52866468870252 "experimento_30" 30 10000 1000 0.8 10 0.4 1 0.8
1.05544959786348 10.8810361101924 "experimento_30" 30 10000 1000 0.8 10 0.4 1 0.8
1.05923424549401 9.52672937003436 "experimento_30" 30 10000 1000 0.8 10 0.4 1 0.8
0.999141136184335 9.95399893034005 "experimento_30" 30 10000 1000 0.8 10 0.4 1 0.8
0.99923176667653 10.1684164877107 "experimento_30" 30 10000 1000 0.8 10 0.4 1 0.8
1.03174796761014 9.81334029616819 "experimento_30" 30 10000 1000 0.8 10 0.4 1 0.8
1.00060083912686 10.1141675931296 "experimento_30" 30 10000 1000 0.8 10 0.4 1 0.8
0.998095812741667 10.0487800965044 "experimento_30" 30 10000 1000 0.8 10 0.4 1 0.8
0.998147761216387 9.53002299451354 "experimento_30" 30 10000 1000 0.8 10 0.4 1 0.8
1.00026221578009 9.9407913893432 "experimento_30" 30 10000 1000 0.8 10 0.4 1 0.8
1.04863674938679 9.48908874233164 "experimento_30" 30 10000 1000 0.8 10 0.4 1 0.8
0.998986604623497 9.64814925074399 "experimento_30" 30 10000 1000 0.8 10 0.4 1 0.8
1.05106369280256 9.95397559643253 "experimento_30" 30 10000 1000 0.8 10 0.4 1 0.8
1.03267942401581 9.8289644594332 "experimento_30" 30 10000 1000 0.8 10 0.4 1 0.8
1.07193061838455 10.3324818710497 "experimento_30" 30 10000 1000 0.8 10 0.4 1 0.8
1.00866900044493 10.0232085589419 "experimento_30" 30 10000 1000 0.8 10 0.4 1 0.8
0.99906335095875 10.1364815031238 "experimento_30" 30 10000 1000 0.8 10 0.4 1 0.8
1.02372845793143 10.0766748884677 "experimento_30" 30 10000 1000 0.8 10 0.4 1 0.8
1.0115478015179 9.8217017736582 "experimento_30" 30 10000 1000 0.8 10 0.4 1 0.8
1.09257796496037 10.3070692465463 "experimento_30" 30 10000 1000 0.8 10 0.4 1 0.8
0.997532842447981 10.1576442345494 "experimento_30" 30 10000 1000 0.8 10 0.4 1 0.8
1.02469998793676 10.3095505210606 "experimento_30" 30 10000 1000 0.8 10 0.4 1 0.8
0.998323167907074 10.3001818661772 "experimento_30" 30 10000 1000 0.8 10 0.4 1 0.8
1.00027803203684 9.88935439572248 "experimento_30" 30 10000 1000 0.8 10 0.4 1 0.8
1.00029163454461 10.3071168637731 "experimento_30" 30 10000 1000 0.8 10 0.4 1 0.8
1.05459059942514 9.54422635521218 "experimento_30" 30 10000 1000 0.8 10 0.4 1 0.8
0.998359842691571 9.86368747050197 "experimento_30" 30 10000 1000 0.8 10 0.4 1 0.8
0.999530908185989 9.86088924495008 "experimento_30" 30 10000 1000 0.8 10 0.4 1 0.8
0.999512168811634 9.8927147767855 "experimento_30" 30 10000 1000 0.8 10 0.4 1 0.8
0.998895225347951 9.67826179354245 "experimento_30" 30 10000 1000 0.8 10 0.4 1 0.8
1.06995686050084 10.1956887833094 "experimento_30" 30 10000 1000 0.8 10 0.4 1 0.8
1.02618127493188 10.2224516118497 "experimento_30" 30 10000 1000 0.8 10 0.4 1 0.8
1.00688850899614 10.2469860045642 "experimento_30" 30 10000 1000 0.8 10 0.4 1 0.8
0.999141129897907 10.0366296660163 "experimento_30" 30 10000 1000 0.8 10 0.4 1 0.8
1.04878755430691 9.51439651444831 "experimento_30" 30 10000 1000 0.8 10 0.4 1 0.8
1.00094881723635 9.79745315499155 "experimento_30" 30 10000 1000 0.8 10 0.4 1 0.8
1.00000368882902 10.1936275636521 "experimento_30" 30 10000 1000 0.8 10 0.4 1 0.8
0.997392592020333 9.82118900120716 "experimento_30" 30 10000 1000 0.8 10 0.4 1 0.8
1.00429807454348 9.94956218415468 "experimento_30" 30 10000 1000 0.8 10 0.4 1 0.8
0.998998341616243 9.58919519649386 "experimento_30" 30 10000 1000 0.8 10 0.4 1 0.8
1.05751605485566 9.80268337233578 "experimento_30" 30 10000 1000 0.8 10 0.4 1 0.8
0.999338142573833 9.91678376658564 "experimento_30" 30 10000 1000 0.8 10 0.4 1 0.8
1.04869695906527 10.3358976019671 "experimento_30" 30 10000 1000 0.8 10 0.4 1 0.8
1.01696104235968 10.241436678644 "experimento_30" 30 10000 1000 0.8 10 0.4 1 0.8
0.998139449395239 10.3160892108521 "experimento_30" 30 10000 1000 0.8 10 0.4 1 0.8
0.999533008784056 10.4326336045427 "experimento_30" 30 10000 1000 0.8 10 0.4 1 0.8
1.00081982892007 10.0347017074408 "experimento_30" 30 10000 1000 0.8 10 0.4 1 0.8
1.00070908899379 10.1258491810084 "experimento_30" 30 10000 1000 0.8 10 0.4 1 0.8
1.01057285503484 9.9125490554942 "experimento_30" 30 10000 1000 0.8 10 0.4 1 0.8
1.00256176888184 10.0510619888979 "experimento_30" 30 10000 1000 0.8 10 0.4 1 0.8
1.00834409743547 10.1738062320348 "experimento_30" 30 10000 1000 0.8 10 0.4 1 0.8
0.999827597755939 9.89101986263994 "experimento_30" 30 10000 1000 0.8 10 0.4 1 0.8
0.999426135094836 10.2015367429044 "experimento_30" 30 10000 1000 0.8 10 0.4 1 0.8
0.99873024970293 9.71814231519432 "experimento_30" 30 10000 1000 0.8 10 0.4 1 0.8
1.00796995586716 10.3107697585334 "experimento_30" 30 10000 1000 0.8 10 0.4 1 0.8
0.998096435563639 9.62117475381401 "experimento_30" 30 10000 1000 0.8 10 0.4 1 0.8
0.999006403144449 9.73263233550089 "experimento_30" 30 10000 1000 0.8 10 0.4 1 0.8
1.039861498354 9.95910316787451 "experimento_30" 30 10000 1000 0.8 10 0.4 1 0.8
1.05184515067376 9.56494953055256 "experimento_30" 30 10000 1000 0.8 10 0.4 1 0.8
0.999413395300508 9.84218555257526 "experimento_30" 30 10000 1000 0.8 10 0.4 1 0.8
0.999960625078529 10.1163681964767 "experimento_30" 30 10000 1000 0.8 10 0.4 1 0.8
0.999738620594144 10.0252255971391 "experimento_30" 30 10000 1000 0.8 10 0.4 1 0.8
1.00032253097743 10.1605638086235 "experimento_30" 30 10000 1000 0.8 10 0.4 1 0.8
1.01450429388639 10.1198612977782 "experimento_30" 30 10000 1000 0.8 10 0.4 1 0.8
0.999915371183306 10.0399958883682 "experimento_30" 30 10000 1000 0.8 10 0.4 1 0.8
1.04143743307719 9.93133005107029 "experimento_30" 30 10000 1000 0.8 10 0.4 1 0.8
0.996842944761738 10.0093759161273 "experimento_30" 30 10000 1000 0.8 10 0.4 1 0.8
1.00011085299775 9.82580701906034 "experimento_30" 30 10000 1000 0.8 10 0.4 1 0.8
0.999684862559661 9.93256681130348 "experimento_30" 30 10000 1000 0.8 10 0.4 1 0.8
1.00729279723018 10.0024779632811 "experimento_30" 30 10000 1000 0.8 10 0.4 1 0.8
1.00413034404628 9.83274781736236 "experimento_30" 30 10000 1000 0.8 10 0.4 1 0.8
1.07302992293709 10.5133201610379 "experimento_30" 30 10000 1000 0.8 10 0.4 1 0.8
0.999652654398233 9.8890888137447 "experimento_30" 30 10000 1000 0.8 10 0.4 1 0.8
1.00018806218723 10.091822386012 "experimento_30" 30 10000 1000 0.8 10 0.4 1 0.8
0.996477647684515 9.87700659239563 "experimento_30" 30 10000 1000 0.8 10 0.4 1 0.8
1.0012662480547 9.98539196044404 "experimento_30" 30 10000 1000 0.8 10 0.4 1 0.8
1.01180530409329 9.30913190732982 "experimento_30" 30 10000 1000 0.8 10 0.4 1 0.8
1.00320533781298 9.92577658472004 "experimento_30" 30 10000 1000 0.8 10 0.4 1 0.8
0.997511735651642 9.56154069279185 "experimento_30" 30 10000 1000 0.8 10 0.4 1 0.8
1.00096868560649 9.76446772696959 "experimento_30" 30 10000 1000 0.8 10 0.4 1 0.8
1.00002192953627 9.82223360968888 "experimento_30" 30 10000 1000 0.8 10 0.4 1 0.8
1.06890974799171 10.8383890134499 "experimento_30" 30 10000 1000 0.8 10 0.4 1 0.8
0.99835048452951 9.79656546245322 "experimento_30" 30 10000 1000 0.8 10 0.4 1 0.8
0.998457151930779 9.90187380181042 "experimento_30" 30 10000 1000 0.8 10 0.4 1 0.8
0.996871609939262 9.70988658670439 "experimento_30" 30 10000 1000 0.8 10 0.4 1 0.8
1.07980110068514 9.65283859245521 "experimento_30" 30 10000 1000 0.8 10 0.4 1 0.8
1.03943353522632 10.3685679169504 "experimento_30" 30 10000 1000 0.8 10 0.4 1 0.8
1.00062400922179 10.0492667042304 "experimento_30" 30 10000 1000 0.8 10 0.4 1 0.8
1.00091695231386 10.0081361420552 "experimento_30" 30 10000 1000 0.8 10 0.4 1 0.8
1.00173155823722 10.1704991299229 "experimento_30" 30 10000 1000 0.8 10 0.4 1 0.8
0.997262345161289 10.0290038916716 "experimento_30" 30 10000 1000 0.8 10 0.4 1 0.8
1.00053937248886 9.81658815913937 "experimento_30" 30 10000 1000 0.8 10 0.4 1 0.8
0.998118123272434 10.0870350471864 "experimento_30" 30 10000 1000 0.8 10 0.4 1 0.8
1.00016415906274 9.83057225670343 "experimento_30" 30 10000 1000 0.8 10 0.4 1 0.8
1.01559813255444 9.87297534412697 "experimento_30" 30 10000 1000 0.8 10 0.4 1 0.8
0.999192309333012 9.71008756155107 "experimento_30" 30 10000 1000 0.8 10 0.4 1 0.8
0.998656931333244 9.87050022580628 "experimento_30" 30 10000 1000 0.8 10 0.4 1 0.8
0.999941843328997 10.1087078724551 "experimento_30" 30 10000 1000 0.8 10 0.4 1 0.8
1.0526459091343 9.63927721110932 "experimento_30" 30 10000 1000 0.8 10 0.4 1 0.8
0.997783118626103 9.90170223951634 "experimento_30" 30 10000 1000 0.8 10 0.4 1 0.8
0.998168934136629 9.68126765859646 "experimento_30" 30 10000 1000 0.8 10 0.4 1 0.8
1.00006698365528 10.3045417440117 "experimento_30" 30 10000 1000 0.8 10 0.4 1 0.8
1.00925862396676 10.4362097411494 "experimento_30" 30 10000 1000 0.8 10 0.4 1 0.8
1.00041236751713 10.0461606136881 "experimento_30" 30 10000 1000 0.8 10 0.4 1 0.8
0.998883395222947 10.2432336493646 "experimento_30" 30 10000 1000 0.8 10 0.4 1 0.8
1.00242279586469 10.4103938962795 "experimento_30" 30 10000 1000 0.8 10 0.4 1 0.8
0.999227881198749 9.85707041750747 "experimento_30" 30 10000 1000 0.8 10 0.4 1 0.8
1.00229860721156 10.2318032325102 "experimento_30" 30 10000 1000 0.8 10 0.4 1 0.8
1.13544477643025 11.5368720637867 "experimento_30" 30 10000 1000 0.8 10 0.4 1 0.8
0.999056708766147 10.2104939925371 "experimento_30" 30 10000 1000 0.8 10 0.4 1 0.8
1.00573803368585 9.601790490689 "experimento_30" 30 10000 1000 0.8 10 0.4 1 0.8
0.998266802402213 10.0567582867489 "experimento_30" 30 10000 1000 0.8 10 0.4 1 0.8
0.996658182702959 9.8236909264431 "experimento_30" 30 10000 1000 0.8 10 0.4 1 0.8
0.999954556813464 10.033227391052 "experimento_30" 30 10000 1000 0.8 10 0.4 1 0.8
1.00877888090909 10.1500198235793 "experimento_30" 30 10000 1000 0.8 10 0.4 1 0.8
0.999998158076778 9.99993344248039 "experimento_30" 30 10000 1000 0.8 10 0.4 1 0.8
1.00497668925673 9.8870380129152 "experimento_30" 30 10000 1000 0.8 10 0.4 1 0.8
0.999568101484329 10.153148296352 "experimento_30" 30 10000 1000 0.8 10 0.4 1 0.8
1.00073411531576 9.79649975781792 "experimento_30" 30 10000 1000 0.8 10 0.4 1 0.8
1.05912448563613 10.3601314856001 "experimento_30" 30 10000 1000 0.8 10 0.4 1 0.8
1.09355352678847 9.79301975459975 "experimento_30" 30 10000 1000 0.8 10 0.4 1 0.8
0.997916294261813 10.1242134143507 "experimento_30" 30 10000 1000 0.8 10 0.4 1 0.8
1.03428468098864 10.2519570033117 "experimento_30" 30 10000 1000 0.8 10 0.4 1 0.8
1.02562870094553 10.7360012074748 "experimento_30" 30 10000 1000 0.8 10 0.4 1 0.8
1.00035690441728 10.1309773281081 "experimento_30" 30 10000 1000 0.8 10 0.4 1 0.8
0.999674446880817 10.2156266851683 "experimento_30" 30 10000 1000 0.8 10 0.4 1 0.8
1.03100852454081 10.0806083107533 "experimento_30" 30 10000 1000 0.8 10 0.4 1 0.8
1.00016432211092 10.2356247820927 "experimento_30" 30 10000 1000 0.8 10 0.4 1 0.8
0.999171441420913 10.2410644009598 "experimento_30" 30 10000 1000 0.8 10 0.4 1 0.8
0.999126138398424 10.3536015583759 "experimento_30" 30 10000 1000 0.8 10 0.4 1 0.8
1.00031576837025 10.0943112307865 "experimento_30" 30 10000 1000 0.8 10 0.4 1 0.8
0.999660760397092 10.0034603982136 "experimento_30" 30 10000 1000 0.8 10 0.4 1 0.8
1.00124431587756 10.0497434598973 "experimento_30" 30 10000 1000 0.8 10 0.4 1 0.8
1.08887886208993 9.71873726970778 "experimento_30" 30 10000 1000 0.8 10 0.4 1 0.8
0.998536398401484 9.6026247650032 "experimento_30" 30 10000 1000 0.8 10 0.4 1 0.8
0.999718468636274 9.96636382296052 "experimento_30" 30 10000 1000 0.8 10 0.4 1 0.8
1.04714237661101 9.77575075301172 "experimento_30" 30 10000 1000 0.8 10 0.4 1 0.8
0.99824611027725 9.88262481982039 "experimento_30" 30 10000 1000 0.8 10 0.4 1 0.8
0.997218440752476 10.2410757596874 "experimento_30" 30 10000 1000 0.8 10 0.4 1 0.8
1.000373205496 10.3522552400647 "experimento_30" 30 10000 1000 0.8 10 0.4 1 0.8
1.07244311873805 10.1242909065118 "experimento_30" 30 10000 1000 0.8 10 0.4 1 0.8
1.11714872270402 8.99759130384155 "experimento_30" 30 10000 1000 0.8 10 0.4 1 0.8
0.999213647097349 10.3866989337713 "experimento_30" 30 10000 1000 0.8 10 0.4 1 0.8
0.999877270543948 9.84828027764975 "experimento_30" 30 10000 1000 0.8 10 0.4 1 0.8
1.00337205193937 10.0217468061463 "experimento_30" 30 10000 1000 0.8 10 0.4 1 0.8
1.0001290533226 10.0050909219568 "experimento_30" 30 10000 1000 0.8 10 0.4 1 0.8
0.998965022619814 9.86231994243539 "experimento_30" 30 10000 1000 0.8 10 0.4 1 0.8
1.08796546458778 9.42997804637052 "experimento_30" 30 10000 1000 0.8 10 0.4 1 0.8
1.01600331235677 9.82552754501605 "experimento_30" 30 10000 1000 0.8 10 0.4 1 0.8
1.04350471422076 9.20218926032505 "experimento_30" 30 10000 1000 0.8 10 0.4 1 0.8
1.02707616873085 10.0246943508796 "experimento_30" 30 10000 1000 0.8 10 0.4 1 0.8
1.01266979728825 9.84446003422283 "experimento_30" 30 10000 1000 0.8 10 0.4 1 0.8
0.999854512047023 10.1157768595334 "experimento_30" 30 10000 1000 0.8 10 0.4 1 0.8
0.999400309752673 10.1801748537208 "experimento_30" 30 10000 1000 0.8 10 0.4 1 0.8
0.997994214762002 9.74612739933609 "experimento_30" 30 10000 1000 0.8 10 0.4 1 0.8
1.04844859377481 9.94683306965114 "experimento_30" 30 10000 1000 0.8 10 0.4 1 0.8
0.998465651180595 10.0178007167821 "experimento_30" 30 10000 1000 0.8 10 0.4 1 0.8
0.998405801132321 9.71133126378324 "experimento_30" 30 10000 1000 0.8 10 0.4 1 0.8
1.00199549579993 10.224889469303 "experimento_30" 30 10000 1000 0.8 10 0.4 1 0.8
1.01502729094049 10.0103750094818 "experimento_30" 30 10000 1000 0.8 10 0.4 1 0.8
1.09003735342574 9.23922654198706 "experimento_30" 30 10000 1000 0.8 10 0.4 1 0.8
1.00097451210022 10.2274728330974 "experimento_30" 30 10000 1000 0.8 10 0.4 1 0.8
0.999665201641619 10.607697327708 "experimento_30" 30 10000 1000 0.8 10 0.4 1 0.8
0.99755474482663 9.61568156556454 "experimento_30" 30 10000 1000 0.8 10 0.4 1 0.8
1.02545194586593 10.3564583651709 "experimento_30" 30 10000 1000 0.8 10 0.4 1 0.8
0.997829732717946 9.97379898224917 "experimento_30" 30 10000 1000 0.8 10 0.4 1 0.8
0.997349875280634 9.96007066195394 "experimento_30" 30 10000 1000 0.8 10 0.4 1 0.8
1.00028658560477 10.4227560864554 "experimento_30" 30 10000 1000 0.8 10 0.4 1 0.8
0.999382599024102 10.114116641488 "experimento_30" 30 10000 1000 0.8 10 0.4 1 0.8
1.00439926376566 10.3572935163093 "experimento_30" 30 10000 1000 0.8 10 0.4 1 0.8
0.999954627128318 10.0723236086433 "experimento_30" 30 10000 1000 0.8 10 0.4 1 0.8
1.00055814594962 10.1796073177283 "experimento_30" 30 10000 1000 0.8 10 0.4 1 0.8
1.00281420731917 9.84099054402861 "experimento_30" 30 10000 1000 0.8 10 0.4 1 0.8
1.00500079016201 10.1428640093969 "experimento_30" 30 10000 1000 0.8 10 0.4 1 0.8
0.999564065365121 10.2033160870704 "experimento_30" 30 10000 1000 0.8 10 0.4 1 0.8
1.00081316917203 10.0862743990691 "experimento_30" 30 10000 1000 0.8 10 0.4 1 0.8
1.04871343742125 10.1843519162221 "experimento_30" 30 10000 1000 0.8 10 0.4 1 0.8
0.999229073524475 10.2937226481145 "experimento_30" 30 10000 1000 0.8 10 0.4 1 0.8
0.998871462186798 9.44312175904799 "experimento_30" 30 10000 1000 0.8 10 0.4 1 0.8
1.02623401543768 10.0900276213708 "experimento_30" 30 10000 1000 0.8 10 0.4 1 0.8
0.99825897696428 10.2116570570184 "experimento_30" 30 10000 1000 0.8 10 0.4 1 0.8
1.00168143503193 10.0834706717146 "experimento_30" 30 10000 1000 0.8 10 0.4 1 0.8
1.10014760657042 11.3722372753928 "experimento_30" 30 10000 1000 0.8 10 0.4 1 0.8
1.05319639658555 10.3044932794585 "experimento_30" 30 10000 1000 0.8 10 0.4 1 0.8
1.00141404137637 10.2894226596705 "experimento_30" 30 10000 1000 0.8 10 0.4 1 0.8
1.06403946764767 9.48395772800437 "experimento_30" 30 10000 1000 0.8 10 0.4 1 0.8
0.999931672820821 10.4407188537314 "experimento_30" 30 10000 1000 0.8 10 0.4 1 0.8
0.997943887719885 9.72226560725522 "experimento_30" 30 10000 1000 0.8 10 0.4 1 0.8
1.00108300638385 9.90154182864049 "experimento_30" 30 10000 1000 0.8 10 0.4 1 0.8
1.01696904669707 9.83559525420782 "experimento_30" 30 10000 1000 0.8 10 0.4 1 0.8
1.05067886793986 9.98364326988815 "experimento_30" 30 10000 1000 0.8 10 0.4 1 0.8
1.07458981864803 10.5088073430721 "experimento_30" 30 10000 1000 0.8 10 0.4 1 0.8
0.999366212170571 10.1210607379622 "experimento_30" 30 10000 1000 0.8 10 0.4 1 0.8
0.997357948450372 9.79814708888882 "experimento_30" 30 10000 1000 0.8 10 0.4 1 0.8
0.997601412469521 9.93495129595239 "experimento_30" 30 10000 1000 0.8 10 0.4 1 0.8
0.999695627717301 9.8687330108899 "experimento_30" 30 10000 1000 0.8 10 0.4 1 0.8
1.00014267084189 9.91966976981637 "experimento_30" 30 10000 1000 0.8 10 0.4 1 0.8
0.997285407269374 9.67216608350285 "experimento_30" 30 10000 1000 0.8 10 0.4 1 0.8
1.06454250444658 10.648752235294 "experimento_30" 30 10000 1000 0.8 10 0.4 1 0.8
1.02647374705411 9.74699420358461 "experimento_30" 30 10000 1000 0.8 10 0.4 1 0.8
1.00200635832423 10.2835832087373 "experimento_30" 30 10000 1000 0.8 10 0.4 1 0.8
1.02156275780872 9.55372893006847 "experimento_30" 30 10000 1000 0.8 10 0.4 1 0.8
1.00146596485411 10.1130984308446 "experimento_30" 30 10000 1000 0.8 10 0.4 1 0.8
0.999682291178033 9.38316656906724 "experimento_30" 30 10000 1000 0.8 10 0.4 1 0.8
1.0006989146454 10.6457153436599 "experimento_30" 30 10000 1000 0.8 10 0.4 1 0.8
1.05877929520793 10.2017047712109 "experimento_30" 30 10000 1000 0.8 10 0.4 1 0.8
1.02776211292887 10.1781456182693 "experimento_30" 30 10000 1000 0.8 10 0.4 1 0.8
0.998892279341817 9.97243450035711 "experimento_30" 30 10000 1000 0.8 10 0.4 1 0.8
0.998326361412182 10.0988695570339 "experimento_30" 30 10000 1000 0.8 10 0.4 1 0.8
0.999872973654419 9.89679711098223 "experimento_30" 30 10000 1000 0.8 10 0.4 1 0.8
1.0280039309524 10.2116359431046 "experimento_30" 30 10000 1000 0.8 10 0.4 1 0.8
1.00351897878572 10.2923726302262 "experimento_30" 30 10000 1000 0.8 10 0.4 1 0.8
1.00010330802341 10.1048160094283 "experimento_30" 30 10000 1000 0.8 10 0.4 1 0.8
1.01517903269269 10.1813853906867 "experimento_30" 30 10000 1000 0.8 10 0.4 1 0.8
1.01858301514254 10.0551644316998 "experimento_30" 30 10000 1000 0.8 10 0.4 1 0.8
0.999507217900828 10.0560617227756 "experimento_30" 30 10000 1000 0.8 10 0.4 1 0.8
1.02194495755248 9.88064785950285 "experimento_30" 30 10000 1000 0.8 10 0.4 1 0.8
0.997802194906399 9.76196161938071 "experimento_30" 30 10000 1000 0.8 10 0.4 1 0.8
1.00229994901456 10.2570369156456 "experimento_30" 30 10000 1000 0.8 10 0.4 1 0.8
0.999998375540599 10.0658901580759 "experimento_30" 30 10000 1000 0.8 10 0.4 1 0.8
0.999711358686909 10.0338729131968 "experimento_30" 30 10000 1000 0.8 10 0.4 1 0.8
1.0562826841604 10.4767298635246 "experimento_30" 30 10000 1000 0.8 10 0.4 1 0.8
0.997956349747255 10.2427234177064 "experimento_30" 30 10000 1000 0.8 10 0.4 1 0.8
0.999010767322034 10.3050336566362 "experimento_30" 30 10000 1000 0.8 10 0.4 1 0.8
1.0142302566187 10.4132932947807 "experimento_30" 30 10000 1000 0.8 10 0.4 1 0.8
1.0033957581549 10.3596370093356 "experimento_30" 30 10000 1000 0.8 10 0.4 1 0.8
1.00036579285234 10.1036328528865 "experimento_30" 30 10000 1000 0.8 10 0.4 1 0.8
1.00063760941848 9.82750104912076 "experimento_30" 30 10000 1000 0.8 10 0.4 1 0.8
1.01418943731114 9.99661959460211 "experimento_30" 30 10000 1000 0.8 10 0.4 1 0.8
1.01223725304008 9.93669996495276 "experimento_30" 30 10000 1000 0.8 10 0.4 1 0.8
0.999161034589633 10.273778015648 "experimento_30" 30 10000 1000 0.8 10 0.4 1 0.8
1.00093573676422 10.1362674682922 "experimento_30" 30 10000 1000 0.8 10 0.4 1 0.8
1.0099621079474 10.2853549411138 "experimento_30" 30 10000 1000 0.8 10 0.4 1 0.8
1.00014707711525 10.0639836957762 "experimento_30" 30 10000 1000 0.8 10 0.4 1 0.8
1.00003172717768 10.0208736540169 "experimento_30" 30 10000 1000 0.8 10 0.4 1 0.8
1.02306158333085 9.82488557756292 "experimento_30" 30 10000 1000 0.8 10 0.4 1 0.8
0.999377376865596 9.78866119348276 "experimento_30" 30 10000 1000 0.8 10 0.4 1 0.8
1.00519273844548 9.76004088113912 "experimento_30" 30 10000 1000 0.8 10 0.4 1 0.8
0.998001533094794 10.6032324624567 "experimento_30" 30 10000 1000 0.8 10 0.4 1 0.8
1.00004567508586 9.55686987049203 "experimento_30" 30 10000 1000 0.8 10 0.4 1 0.8
1.00002838228829 10.2214530797142 "experimento_30" 30 10000 1000 0.8 10 0.4 1 0.8
1.00004239492118 9.8067697674827 "experimento_30" 30 10000 1000 0.8 10 0.4 1 0.8
0.998285168781877 10.0775516938633 "experimento_30" 30 10000 1000 0.8 10 0.4 1 0.8
1.09578022446634 10.7157901557641 "experimento_30" 30 10000 1000 0.8 10 0.4 1 0.8
1.07316138874319 10.4581658107744 "experimento_30" 30 10000 1000 0.8 10 0.4 1 0.8
0.99946460290812 10.0538628239182 "experimento_30" 30 10000 1000 0.8 10 0.4 1 0.8
0.999934692168608 10.4850303925067 "experimento_30" 30 10000 1000 0.8 10 0.4 1 0.8
1.00450997052054 10.1879472193438 "experimento_30" 30 10000 1000 0.8 10 0.4 1 0.8
0.998136441223323 10.037541915761 "experimento_30" 30 10000 1000 0.8 10 0.4 1 0.8
1.00218960386845 9.70143680800079 "experimento_30" 30 10000 1000 0.8 10 0.4 1 0.8
1.01639492847911 10.2707924745416 "experimento_30" 30 10000 1000 0.8 10 0.4 1 0.8
1.02073399615254 9.59274190777735 "experimento_30" 30 10000 1000 0.8 10 0.4 1 0.8
1.00032475357875 9.9208914035775 "experimento_30" 30 10000 1000 0.8 10 0.4 1 0.8
0.998690662439913 10.0311563902836 "experimento_30" 30 10000 1000 0.8 10 0.4 1 0.8
1.00521746887825 10.0487298577811 "experimento_30" 30 10000 1000 0.8 10 0.4 1 0.8
1.0454180411608 10.5002290819224 "experimento_30" 30 10000 1000 0.8 10 0.4 1 0.8
0.998376877978444 9.82953226841664 "experimento_30" 30 10000 1000 0.8 10 0.4 1 0.8
0.997456222306937 9.62637664751695 "experimento_30" 30 10000 1000 0.8 10 0.4 1 0.8
0.999427965609357 9.74823907877149 "experimento_30" 30 10000 1000 0.8 10 0.4 1 0.8
0.99970089038834 10.3234035858878 "experimento_30" 30 10000 1000 0.8 10 0.4 1 0.8
1.02175485282205 10.0635519808514 "experimento_30" 30 10000 1000 0.8 10 0.4 1 0.8
1.00294689019768 10.3420318383168 "experimento_30" 30 10000 1000 0.8 10 0.4 1 0.8
0.996912385569885 9.9775340887232 "experimento_30" 30 10000 1000 0.8 10 0.4 1 0.8
1.04302887958474 10.2346534358094 "experimento_30" 30 10000 1000 0.8 10 0.4 1 0.8
0.997508903965354 9.76541730332531 "experimento_30" 30 10000 1000 0.8 10 0.4 1 0.8
0.999208987224847 9.92108551567914 "experimento_30" 30 10000 1000 0.8 10 0.4 1 0.8
1.00007042307407 10.0484390041861 "experimento_30" 30 10000 1000 0.8 10 0.4 1 0.8
1.00460342501459 10.3723383964893 "experimento_30" 30 10000 1000 0.8 10 0.4 1 0.8
1.00004225061275 9.84364470990205 "experimento_30" 30 10000 1000 0.8 10 0.4 1 0.8
1.00399910775013 10.0573932926703 "experimento_30" 30 10000 1000 0.8 10 0.4 1 0.8
0.999856231035665 9.9487691483931 "experimento_30" 30 10000 1000 0.8 10 0.4 1 0.8
1.04327308828942 10.1138761796714 "experimento_30" 30 10000 1000 0.8 10 0.4 1 0.8
1.00021618162282 10.2615917468547 "experimento_30" 30 10000 1000 0.8 10 0.4 1 0.8
1.00025552171282 10.0611050080921 "experimento_30" 30 10000 1000 0.8 10 0.4 1 0.8
1.04564368373423 9.89845008541142 "experimento_30" 30 10000 1000 0.8 10 0.4 1 0.8
0.999651961727068 9.88734782031323 "experimento_30" 30 10000 1000 0.8 10 0.4 1 0.8
1.03039075192064 9.55268202340124 "experimento_30" 30 10000 1000 0.8 10 0.4 1 0.8
1.00313370977801 9.92882742972384 "experimento_30" 30 10000 1000 0.8 10 0.4 1 0.8
0.999657438835129 9.79758980583058 "experimento_30" 30 10000 1000 0.8 10 0.4 1 0.8
0.998045169748366 9.54932539978382 "experimento_30" 30 10000 1000 0.8 10 0.4 1 0.8
1.03458192811172 10.3158252426187 "experimento_30" 30 10000 1000 0.8 10 0.4 1 0.8
0.998531416989863 10.0713212401009 "experimento_30" 30 10000 1000 0.8 10 0.4 1 0.8
1.00090412022546 9.73949214383805 "experimento_30" 30 10000 1000 0.8 10 0.4 1 0.8
1.09523662533191 10.3304512029741 "experimento_30" 30 10000 1000 0.8 10 0.4 1 0.8
1.0752224530709 10.422814144445 "experimento_30" 30 10000 1000 0.8 10 0.4 1 0.8
1.00489776443537 10.2888473234935 "experimento_30" 30 10000 1000 0.8 10 0.4 1 0.8
0.999198535690084 9.81107782173467 "experimento_30" 30 10000 1000 0.8 10 0.4 1 0.8
0.998452366096899 9.92130821335873 "experimento_30" 30 10000 1000 0.8 10 0.4 1 0.8
1.01168419108564 10.3862280976704 "experimento_30" 30 10000 1000 0.8 10 0.4 1 0.8
1.02863276409917 10.2547807799459 "experimento_30" 30 10000 1000 0.8 10 0.4 1 0.8
1.00001916180029 10.1439207593102 "experimento_30" 30 10000 1000 0.8 10 0.4 1 0.8
1.05105648841709 10.0002752844142 "experimento_30" 30 10000 1000 0.8 10 0.4 1 0.8
1.00023881916766 9.98980730008588 "experimento_30" 30 10000 1000 0.8 10 0.4 1 0.8
0.997932020807639 9.85328558548836 "experimento_30" 30 10000 1000 0.8 10 0.4 1 0.8
1.00075572659902 10.1496544068038 "experimento_30" 30 10000 1000 0.8 10 0.4 1 0.8
1.00004986999556 9.74833282088644 "experimento_30" 30 10000 1000 0.8 10 0.4 1 0.8
0.998179575428367 9.61484625811823 "experimento_30" 30 10000 1000 0.8 10 0.4 1 0.8
0.998572018695995 9.74971753808896 "experimento_30" 30 10000 1000 0.8 10 0.4 1 0.8
0.999472485622391 9.76925099982129 "experimento_30" 30 10000 1000 0.8 10 0.4 1 0.8
0.999297112459317 10.1718998335094 "experimento_30" 30 10000 1000 0.8 10 0.4 1 0.8
1.00012701441848 10.0425458205857 "experimento_30" 30 10000 1000 0.8 10 0.4 1 0.8
0.998907266650349 9.84701316458455 "experimento_30" 30 10000 1000 0.8 10 0.4 1 0.8
1.08922301418659 9.48569658146409 "experimento_30" 30 10000 1000 0.8 10 0.4 1 0.8
1.00004259459783 9.89626830258456 "experimento_30" 30 10000 1000 0.8 10 0.4 1 0.8
0.998151104198769 10.0915054515161 "experimento_30" 30 10000 1000 0.8 10 0.4 1 0.8
1.02514862702228 9.92357106873011 "experimento_30" 30 10000 1000 0.8 10 0.4 1 0.8
0.999423478264362 9.60853677045074 "experimento_30" 30 10000 1000 0.8 10 0.4 1 0.8
0.999960155924782 9.73179237400827 "experimento_30" 30 10000 1000 0.8 10 0.4 1 0.8
0.999926371965557 10.1777968606187 "experimento_30" 30 10000 1000 0.8 10 0.4 1 0.8
0.999204087769613 9.63400861188043 "experimento_30" 30 10000 1000 0.8 10 0.4 1 0.8
1.08203579890612 10.778044688481 "experimento_30" 30 10000 1000 0.8 10 0.4 1 0.8
0.99929040716961 10.0385181790381 "experimento_30" 30 10000 1000 0.8 10 0.4 1 0.8
1.00578028303082 9.78896158060946 "experimento_30" 30 10000 1000 0.8 10 0.4 1 0.8
0.999078791821375 10.1595377246449 "experimento_30" 30 10000 1000 0.8 10 0.4 1 0.8
0.999724016524851 10.1193410511059 "experimento_30" 30 10000 1000 0.8 10 0.4 1 0.8
1.01579805542715 10.2854537184384 "experimento_30" 30 10000 1000 0.8 10 0.4 1 0.8
0.999040487222373 9.67470990873381 "experimento_30" 30 10000 1000 0.8 10 0.4 1 0.8
0.998920029494911 9.69619571923278 "experimento_30" 30 10000 1000 0.8 10 0.4 1 0.8
0.998789291130379 10.3314877638343 "experimento_30" 30 10000 1000 0.8 10 0.4 1 0.8
0.999563976190984 9.9134969372707 "experimento_30" 30 10000 1000 0.8 10 0.4 1 0.8
0.999992592027411 10.2610723018151 "experimento_30" 30 10000 1000 0.8 10 0.4 1 0.8
0.998246234608814 9.95923474161253 "experimento_30" 30 10000 1000 0.8 10 0.4 1 0.8
1.00496776793152 9.85923401930444 "experimento_30" 30 10000 1000 0.8 10 0.4 1 0.8
0.999083071947098 9.86074244642857 "experimento_30" 30 10000 1000 0.8 10 0.4 1 0.8
1.00206212791857 10.3164200044008 "experimento_30" 30 10000 1000 0.8 10 0.4 1 0.8
0.99684441764839 9.77153498017831 "experimento_30" 30 10000 1000 0.8 10 0.4 1 0.8
1.00432820077986 10.132728284065 "experimento_30" 30 10000 1000 0.8 10 0.4 1 0.8
0.998517127707601 10.0286579648476 "experimento_30" 30 10000 1000 0.8 10 0.4 1 0.8
1.00032157571986 10.10395282782 "experimento_30" 30 10000 1000 0.8 10 0.4 1 0.8
0.997754556126893 9.85185315996853 "experimento_30" 30 10000 1000 0.8 10 0.4 1 0.8
0.999986531212926 10.1310281079318 "experimento_30" 30 10000 1000 0.8 10 0.4 1 0.8
1.0013602610731 10.2879219813324 "experimento_30" 30 10000 1000 0.8 10 0.4 1 0.8
1.01729806638323 9.82575868435332 "experimento_30" 30 10000 1000 0.8 10 0.4 1 0.8
0.999370700446889 10.3190488445778 "experimento_30" 30 10000 1000 0.8 10 0.4 1 0.8
0.997581786476076 10.0596145675528 "experimento_30" 30 10000 1000 0.8 10 0.4 1 0.8
1.00142433248746 10.2422424372303 "experimento_30" 30 10000 1000 0.8 10 0.4 1 0.8
0.998457713751122 9.76566029468855 "experimento_30" 30 10000 1000 0.8 10 0.4 1 0.8
1.01191198372278 9.85943066114485 "experimento_30" 30 10000 1000 0.8 10 0.4 1 0.8
1.10232142917392 10.5326630635373 "experimento_30" 30 10000 1000 0.8 10 0.4 1 0.8
1.04484412753955 9.82928126798164 "experimento_30" 30 10000 1000 0.8 10 0.4 1 0.8
1.01963189194189 9.94760519291034 "experimento_30" 30 10000 1000 0.8 10 0.4 1 0.8
1.00008724873802 10.1907946670575 "experimento_30" 30 10000 1000 0.8 10 0.4 1 0.8
1.08269017971632 11.1807506646787 "experimento_30" 30 10000 1000 0.8 10 0.4 1 0.8
1.00563725340145 10.315681350926 "experimento_30" 30 10000 1000 0.8 10 0.4 1 0.8
1.00018783891574 9.79476710881059 "experimento_30" 30 10000 1000 0.8 10 0.4 1 0.8
1.00006645349786 10.0257852115396 "experimento_30" 30 10000 1000 0.8 10 0.4 1 0.8
0.99956294358708 10.3934174349582 "experimento_30" 30 10000 1000 0.8 10 0.4 1 0.8
0.998581698397174 10.012925106002 "experimento_30" 30 10000 1000 0.8 10 0.4 1 0.8
1.00009349208083 10.2403244485668 "experimento_30" 30 10000 1000 0.8 10 0.4 1 0.8
0.999017165275291 10.0152709997639 "experimento_30" 30 10000 1000 0.8 10 0.4 1 0.8
1.01619544501144 10.1962863282 "experimento_30" 30 10000 1000 0.8 10 0.4 1 0.8
0.997049738653004 9.60475820983079 "experimento_30" 30 10000 1000 0.8 10 0.4 1 0.8
1.05833674692549 10.0129261923301 "experimento_30" 30 10000 1000 0.8 10 0.4 1 0.8
1.01641411064193 9.5363095484963 "experimento_30" 30 10000 1000 0.8 10 0.4 1 0.8
0.998618328478187 9.70291233139377 "experimento_30" 30 10000 1000 0.8 10 0.4 1 0.8
0.997288569808006 9.94062706191634 "experimento_30" 30 10000 1000 0.8 10 0.4 1 0.8
1.00131565923803 10.2280951396129 "experimento_30" 30 10000 1000 0.8 10 0.4 1 0.8
1.01104717482813 9.90669500664722 "experimento_30" 30 10000 1000 0.8 10 0.4 1 0.8
0.998211492085829 9.83628767801833 "experimento_30" 30 10000 1000 0.8 10 0.4 1 0.8
1.06415600110777 10.1055234262143 "experimento_30" 30 10000 1000 0.8 10 0.4 1 0.8
1.00258585956902 10.2378925054445 "experimento_30" 30 10000 1000 0.8 10 0.4 1 0.8
0.997978664468974 9.87484104350467 "experimento_30" 30 10000 1000 0.8 10 0.4 1 0.8
0.997784113744274 9.81149960724683 "experimento_30" 30 10000 1000 0.8 10 0.4 1 0.8
1.00003136134811 10.187748319273 "experimento_30" 30 10000 1000 0.8 10 0.4 1 0.8
1.01582518811338 10.2547198810893 "experimento_30" 30 10000 1000 0.8 10 0.4 1 0.8
1.0000246939715 10.2596272671993 "experimento_30" 30 10000 1000 0.8 10 0.4 1 0.8
0.998890662100166 9.94617987800029 "experimento_30" 30 10000 1000 0.8 10 0.4 1 0.8
0.999432903714478 9.61006536969264 "experimento_30" 30 10000 1000 0.8 10 0.4 1 0.8
1.02066324455664 10.1858774621668 "experimento_30" 30 10000 1000 0.8 10 0.4 1 0.8
1.00838177073747 9.85989409215768 "experimento_30" 30 10000 1000 0.8 10 0.4 1 0.8
1.01637557450049 9.69777206576054 "experimento_30" 30 10000 1000 0.8 10 0.4 1 0.8
1.05869405050762 10.6832736918373 "experimento_30" 30 10000 1000 0.8 10 0.4 1 0.8
1.00381915960461 10.1382702709549 "experimento_30" 30 10000 1000 0.8 10 0.4 1 0.8
1.02594827045687 9.74887761827407 "experimento_30" 30 10000 1000 0.8 10 0.4 1 0.8
1.00118982915006 10.0348046789178 "experimento_30" 30 10000 1000 0.8 10 0.4 1 0.8
1.04469293621369 9.79867339346037 "experimento_30" 30 10000 1000 0.8 10 0.4 1 0.8
1.06600919486955 9.91543551806213 "experimento_30" 30 10000 1000 0.8 10 0.4 1 0.8
0.998256407212466 10.3036221714629 "experimento_30" 30 10000 1000 0.8 10 0.4 1 0.8
1.0772283785904 10.4063282592225 "experimento_30" 30 10000 1000 0.8 10 0.4 1 0.8
0.998879492050037 9.70237090219542 "experimento_30" 30 10000 1000 0.8 10 0.4 1 0.8
1.11471869622662 11.2516971815841 "experimento_30" 30 10000 1000 0.8 10 0.4 1 0.8
0.997351486468688 10.0978561310592 "experimento_30" 30 10000 1000 0.8 10 0.4 1 0.8
1.02274393853731 10.1492246958795 "experimento_30" 30 10000 1000 0.8 10 0.4 1 0.8
0.998493622755632 10.0168911373793 "experimento_30" 30 10000 1000 0.8 10 0.4 1 0.8
0.997549406485632 9.67583801639733 "experimento_30" 30 10000 1000 0.8 10 0.4 1 0.8
0.998546764021739 10.0345505573421 "experimento_30" 30 10000 1000 0.8 10 0.4 1 0.8
1.00347925112583 9.88687213644717 "experimento_30" 30 10000 1000 0.8 10 0.4 1 0.8
1.04160952176899 10.3263354673178 "experimento_30" 30 10000 1000 0.8 10 0.4 1 0.8
1.05036570066586 10.2953484858789 "experimento_30" 30 10000 1000 0.8 10 0.4 1 0.8
1.00004356470464 10.0275502862725 "experimento_30" 30 10000 1000 0.8 10 0.4 1 0.8
1.01176969287917 10.0984135809936 "experimento_30" 30 10000 1000 0.8 10 0.4 1 0.8
1.00019521205686 10.1621021709308 "experimento_30" 30 10000 1000 0.8 10 0.4 1 0.8
1.07658978809164 10.033064867445 "experimento_30" 30 10000 1000 0.8 10 0.4 1 0.8
1.00635973978788 10.4251961574079 "experimento_30" 30 10000 1000 0.8 10 0.4 1 0.8
0.997244079364464 9.79047923367897 "experimento_30" 30 10000 1000 0.8 10 0.4 1 0.8
1.00476428070106 10.2628790889961 "experimento_30" 30 10000 1000 0.8 10 0.4 1 0.8
0.999796995194629 10.3046379873974 "experimento_30" 30 10000 1000 0.8 10 0.4 1 0.8
0.99954119650647 9.76508615159477 "experimento_30" 30 10000 1000 0.8 10 0.4 1 0.8
1.00080707391295 10.3165769152047 "experimento_30" 30 10000 1000 0.8 10 0.4 1 0.8
0.999086980707943 10.2647886753321 "experimento_30" 30 10000 1000 0.8 10 0.4 1 0.8
1.07996735106734 11.1680647325376 "experimento_30" 30 10000 1000 0.8 10 0.4 1 0.8
1.00017956937663 9.81393010987327 "experimento_30" 30 10000 1000 0.8 10 0.4 1 0.8
1.00270738739933 9.81330054365323 "experimento_30" 30 10000 1000 0.8 10 0.4 1 0.8
0.996930988272652 9.76568052821921 "experimento_30" 30 10000 1000 0.8 10 0.4 1 0.8
0.999779020203277 9.48005796996231 "experimento_30" 30 10000 1000 0.8 10 0.4 1 0.8
1.00011696561218 10.2341606299907 "experimento_30" 30 10000 1000 0.8 10 0.4 1 0.8
1.00033884017981 9.82014398689432 "experimento_30" 30 10000 1000 0.8 10 0.4 1 0.8
0.998238409403712 10.180448053947 "experimento_30" 30 10000 1000 0.8 10 0.4 1 0.8
1.05895581068471 10.1818405480737 "experimento_30" 30 10000 1000 0.8 10 0.4 1 0.8
1.00112542161728 9.67618631535599 "experimento_30" 30 10000 1000 0.8 10 0.4 1 0.8
1.00042150304653 9.80452727381165 "experimento_30" 30 10000 1000 0.8 10 0.4 1 0.8
1.04066502655101 10.0131659575338 "experimento_30" 30 10000 1000 0.8 10 0.4 1 0.8
1.05690981042571 9.91746382179551 "experimento_30" 30 10000 1000 0.8 10 0.4 1 0.8
1.00634367049021 10.1106732932559 "experimento_30" 30 10000 1000 0.8 10 0.4 1 0.8
0.998033168492839 9.91214812381526 "experimento_30" 30 10000 1000 0.8 10 0.4 1 0.8
0.996904822997749 9.66913348725167 "experimento_30" 30 10000 1000 0.8 10 0.4 1 0.8
0.997663082322106 9.9000862130223 "experimento_30" 30 10000 1000 0.8 10 0.4 1 0.8
0.997379044536501 9.55339249687758 "experimento_30" 30 10000 1000 0.8 10 0.4 1 0.8
0.998490752652287 9.91289113461792 "experimento_30" 30 10000 1000 0.8 10 0.4 1 0.8
0.999290400650352 9.89388754846787 "experimento_30" 30 10000 1000 0.8 10 0.4 1 0.8
1.02808538359723 9.47762000248687 "experimento_30" 30 10000 1000 0.8 10 0.4 1 0.8
0.997776325559244 10.0708472168581 "experimento_30" 30 10000 1000 0.8 10 0.4 1 0.8
1.00031272744021 10.1860521864574 "experimento_30" 30 10000 1000 0.8 10 0.4 1 0.8
1.03727837824263 10.7488977579807 "experimento_30" 30 10000 1000 0.8 10 0.4 1 0.8
0.998965821228921 9.77495345831289 "experimento_30" 30 10000 1000 0.8 10 0.4 1 0.8
1.00008870423771 9.89827405861891 "experimento_30" 30 10000 1000 0.8 10 0.4 1 0.8
0.997915773419663 10.0076947942628 "experimento_30" 30 10000 1000 0.8 10 0.4 1 0.8
1.00999364829622 10.1604698798371 "experimento_30" 30 10000 1000 0.8 10 0.4 1 0.8
0.999994916841388 9.99031422070295 "experimento_30" 30 10000 1000 0.8 10 0.4 1 0.8
1.00374701028252 10.0292738821171 "experimento_30" 30 10000 1000 0.8 10 0.4 1 0.8
1.00549585564178 9.81881660453474 "experimento_30" 30 10000 1000 0.8 10 0.4 1 0.8
0.997494388604537 9.8884915914848 "experimento_30" 30 10000 1000 0.8 10 0.4 1 0.8
0.996854757191613 9.71757723705936 "experimento_30" 30 10000 1000 0.8 10 0.4 1 0.8
0.997316023334861 10.3875510083412 "experimento_30" 30 10000 1000 0.8 10 0.4 1 0.8
1.00101494965744 10.0347070589049 "experimento_30" 30 10000 1000 0.8 10 0.4 1 0.8
0.998475263360888 9.83531480098734 "experimento_30" 30 10000 1000 0.8 10 0.4 1 0.8
0.997872003121302 9.66389345841605 "experimento_30" 30 10000 1000 0.8 10 0.4 1 0.8
1.00014294561187 10.2432274718186 "experimento_30" 30 10000 1000 0.8 10 0.4 1 0.8
0.99949184525758 9.92738132826165 "experimento_30" 30 10000 1000 0.8 10 0.4 1 0.8
0.999742626212537 9.87417869629724 "experimento_30" 30 10000 1000 0.8 10 0.4 1 0.8
1.00201109985823 10.0291187094535 "experimento_30" 30 10000 1000 0.8 10 0.4 1 0.8
1.00004259161219 9.8364408808491 "experimento_30" 30 10000 1000 0.8 10 0.4 1 0.8
1.01306538181379 9.92186677613074 "experimento_30" 30 10000 1000 0.8 10 0.4 1 0.8
1.01381935782633 9.71865378374053 "experimento_30" 30 10000 1000 0.8 10 0.4 1 0.8
0.997962004039437 9.68536943581242 "experimento_30" 30 10000 1000 0.8 10 0.4 1 0.8
1.01531297778711 10.2480208649149 "experimento_30" 30 10000 1000 0.8 10 0.4 1 0.8
1.02177971138589 10.1140167826999 "experimento_30" 30 10000 1000 0.8 10 0.4 1 0.8
0.997953965561464 9.61371131134277 "experimento_30" 30 10000 1000 0.8 10 0.4 1 0.8
1.00010498766787 10.2321459629937 "experimento_30" 30 10000 1000 0.8 10 0.4 1 0.8
1.13053361372602 9.60347637702003 "experimento_30" 30 10000 1000 0.8 10 0.4 1 0.8
1.00044602458365 10.0572225166894 "experimento_30" 30 10000 1000 0.8 10 0.4 1 0.8
0.999612126033753 10.2961840871515 "experimento_30" 30 10000 1000 0.8 10 0.4 1 0.8
1.10722489280632 10.6751231419564 "experimento_30" 30 10000 1000 0.8 10 0.4 1 0.8
0.998179960530251 10.0978281886233 "experimento_30" 30 10000 1000 0.8 10 0.4 1 0.8
1.00071473303251 10.2151006307274 "experimento_30" 30 10000 1000 0.8 10 0.4 1 0.8
1.03223934676498 10.4473856967368 "experimento_30" 30 10000 1000 0.8 10 0.4 1 0.8
0.999580991920084 9.71648769729832 "experimento_30" 30 10000 1000 0.8 10 0.4 1 0.8
0.999922490678728 9.7290673894996 "experimento_30" 30 10000 1000 0.8 10 0.4 1 0.8
0.998383826576173 9.98835845380013 "experimento_30" 30 10000 1000 0.8 10 0.4 1 0.8
1.05873545715585 9.36716738343644 "experimento_30" 30 10000 1000 0.8 10 0.4 1 0.8
0.998497842578217 9.82632249992526 "experimento_30" 30 10000 1000 0.8 10 0.4 1 0.8
0.99937741807662 9.76195439733607 "experimento_30" 30 10000 1000 0.8 10 0.4 1 0.8
0.997928129974753 9.61013702076344 "experimento_30" 30 10000 1000 0.8 10 0.4 1 0.8
1.06905903448351 10.3991499743427 "experimento_30" 30 10000 1000 0.8 10 0.4 1 0.8
0.996698933886364 9.66509837435198 "experimento_30" 30 10000 1000 0.8 10 0.4 1 0.8
1.024140219111 9.8166224235737 "experimento_30" 30 10000 1000 0.8 10 0.4 1 0.8
1.00774951823987 10.4461031883192 "experimento_30" 30 10000 1000 0.8 10 0.4 1 0.8
0.996769114397466 9.81266338905422 "experimento_30" 30 10000 1000 0.8 10 0.4 1 0.8
1.09139037673429 10.3442648953286 "experimento_30" 30 10000 1000 0.8 10 0.4 1 0.8
1.01024589715526 10.1362278115662 "experimento_30" 30 10000 1000 0.8 10 0.4 1 0.8
0.998977382667363 9.73203273200241 "experimento_30" 30 10000 1000 0.8 10 0.4 1 0.8
0.999604437500238 10.2828902055327 "experimento_30" 30 10000 1000 0.8 10 0.4 1 0.8
1.00254060242654 10.104187757738 "experimento_30" 30 10000 1000 0.8 10 0.4 1 0.8
0.998054282506928 10.1448205842557 "experimento_30" 30 10000 1000 0.8 10 0.4 1 0.8
0.999351575039327 9.61809002179266 "experimento_30" 30 10000 1000 0.8 10 0.4 1 0.8
0.99773148377426 10.0869693695457 "experimento_30" 30 10000 1000 0.8 10 0.4 1 0.8
1.00653973590126 10.281768898386 "experimento_30" 30 10000 1000 0.8 10 0.4 1 0.8
1.01205047187395 9.93884786009225 "experimento_30" 30 10000 1000 0.8 10 0.4 1 0.8
0.999066268093884 9.81855718134295 "experimento_30" 30 10000 1000 0.8 10 0.4 1 0.8
0.998704759171233 10.0676363750489 "experimento_30" 30 10000 1000 0.8 10 0.4 1 0.8
0.997323663905263 9.97746748484551 "experimento_30" 30 10000 1000 0.8 10 0.4 1 0.8
1.02042364031076 10.4179483175855 "experimento_30" 30 10000 1000 0.8 10 0.4 1 0.8
1.00035560741089 10.3007165513109 "experimento_30" 30 10000 1000 0.8 10 0.4 1 0.8
0.998502284986898 9.65403960087868 "experimento_30" 30 10000 1000 0.8 10 0.4 1 0.8
1.07489367471588 9.77441181814633 "experimento_30" 30 10000 1000 0.8 10 0.4 1 0.8
1.00212091566063 10.0985885996288 "experimento_30" 30 10000 1000 0.8 10 0.4 1 0.8
0.998275324702263 9.99496546946682 "experimento_30" 30 10000 1000 0.8 10 0.4 1 0.8
0.998080595396459 9.62402923296594 "experimento_30" 30 10000 1000 0.8 10 0.4 1 0.8
0.999601169256493 9.5933939592999 "experimento_30" 30 10000 1000 0.8 10 0.4 1 0.8
0.998259148793295 9.66481466253541 "experimento_30" 30 10000 1000 0.8 10 0.4 1 0.8
0.998049242887646 9.83015192669304 "experimento_30" 30 10000 1000 0.8 10 0.4 1 0.8
1.00884966123849 9.93683356626936 "experimento_30" 30 10000 1000 0.8 10 0.4 1 0.8
1.00062229449254 10.3882241288997 "experimento_30" 30 10000 1000 0.8 10 0.4 1 0.8
0.998952597612515 9.82813582918962 "experimento_30" 30 10000 1000 0.8 10 0.4 1 0.8
1.05877930987626 11.0606856918911 "experimento_30" 30 10000 1000 0.8 10 0.4 1 0.8
0.999795781681314 9.98608818904781 "experimento_30" 30 10000 1000 0.8 10 0.4 1 0.8
1.04012813095898 10.8340621363258 "experimento_30" 30 10000 1000 0.8 10 0.4 1 0.8
1.00044083184295 9.73563564921203 "experimento_30" 30 10000 1000 0.8 10 0.4 1 0.8
1.01008554937879 9.84202329273217 "experimento_30" 30 10000 1000 0.8 10 0.4 1 0.8
1.02151940120384 10.0524613765817 "experimento_30" 30 10000 1000 0.8 10 0.4 1 0.8
1.03077281583101 10.455882185023 "experimento_30" 30 10000 1000 0.8 10 0.4 1 0.8
1.00440230523236 9.7576082492951 "experimento_30" 30 10000 1000 0.8 10 0.4 1 0.8
1.00562303097814 9.95577878228722 "experimento_30" 30 10000 1000 0.8 10 0.4 1 0.8
1.07018728674901 10.559767350405 "experimento_30" 30 10000 1000 0.8 10 0.4 1 0.8
0.998452586354688 9.82911329331847 "experimento_30" 30 10000 1000 0.8 10 0.4 1 0.8
0.997647099662572 9.53072106641595 "experimento_30" 30 10000 1000 0.8 10 0.4 1 0.8
1.00001805960201 9.63630293498113 "experimento_30" 30 10000 1000 0.8 10 0.4 1 0.8
1.05649639223702 9.74815824646037 "experimento_30" 30 10000 1000 0.8 10 0.4 1 0.8
0.996912275906652 9.68190276547995 "experimento_30" 30 10000 1000 0.8 10 0.4 1 0.8
1.05090978019871 9.54808869444151 "experimento_30" 30 10000 1000 0.8 10 0.4 1 0.8
0.998200181405991 9.78725376782736 "experimento_30" 30 10000 1000 0.8 10 0.4 1 0.8
1.00250262616071 9.95457697939219 "experimento_30" 30 10000 1000 0.8 10 0.4 1 0.8
1.0002731226615 10.1053242330838 "experimento_30" 30 10000 1000 0.8 10 0.4 1 0.8
1.02770675585304 10.4705137884104 "experimento_30" 30 10000 1000 0.8 10 0.4 1 0.8
1.01697429036722 9.71827912754625 "experimento_30" 30 10000 1000 0.8 10 0.4 1 0.8
0.998859352897853 9.97065787575304 "experimento_30" 30 10000 1000 0.8 10 0.4 1 0.8
1.00057672401932 10.0447931556402 "experimento_30" 30 10000 1000 0.8 10 0.4 1 0.8
0.999489939305931 10.150934075662 "experimento_30" 30 10000 1000 0.8 10 0.4 1 0.8
1.00296436354636 9.99562594773743 "experimento_30" 30 10000 1000 0.8 10 0.4 1 0.8
1.02455895384774 10.2715268809202 "experimento_30" 30 10000 1000 0.8 10 0.4 1 0.8
0.998755935579538 10.2314013350128 "experimento_30" 30 10000 1000 0.8 10 0.4 1 0.8
1.00004611327313 10.115400279255 "experimento_30" 30 10000 1000 0.8 10 0.4 1 0.8
0.998022364918143 9.7078189011516 "experimento_30" 30 10000 1000 0.8 10 0.4 1 0.8
0.997367313597351 9.66057695138266 "experimento_30" 30 10000 1000 0.8 10 0.4 1 0.8
1.00013648759353 10.2248370068745 "experimento_30" 30 10000 1000 0.8 10 0.4 1 0.8
1.00954965439551 9.98198140669726 "experimento_30" 30 10000 1000 0.8 10 0.4 1 0.8
1.0000695114427 10.1821759203455 "experimento_30" 30 10000 1000 0.8 10 0.4 1 0.8
0.998106321785599 10.1162793227344 "experimento_30" 30 10000 1000 0.8 10 0.4 1 0.8
1.05522146252915 10.4128165687324 "experimento_30" 30 10000 1000 0.8 10 0.4 1 0.8
0.999250497901812 9.90179823042991 "experimento_30" 30 10000 1000 0.8 10 0.4 1 0.8
1.00909802791745 9.98176314346672 "experimento_30" 30 10000 1000 0.8 10 0.4 1 0.8
1.00015109808538 10.2980453870491 "experimento_30" 30 10000 1000 0.8 10 0.4 1 0.8
1.00015603573993 9.83281422712266 "experimento_30" 30 10000 1000 0.8 10 0.4 1 0.8
1.00050457525067 10.0147187912453 "experimento_30" 30 10000 1000 0.8 10 0.4 1 0.8
0.999619218287989 9.85559391544345 "experimento_30" 30 10000 1000 0.8 10 0.4 1 0.8
1.00250503532588 9.57447797036918 "experimento_30" 30 10000 1000 0.8 10 0.4 1 0.8
1.04736135233858 10.3668307552333 "experimento_30" 30 10000 1000 0.8 10 0.4 1 0.8
1.02157647582505 10.035068115496 "experimento_30" 30 10000 1000 0.8 10 0.4 1 0.8
0.998728733509779 10.3543959866296 "experimento_30" 30 10000 1000 0.8 10 0.4 1 0.8
1.02189169530757 10.3603595847261 "experimento_30" 30 10000 1000 0.8 10 0.4 1 0.8
0.999659970868379 10.0494557807632 "experimento_30" 30 10000 1000 0.8 10 0.4 1 0.8
1.02253881073557 10.2511004446703 "experimento_30" 30 10000 1000 0.8 10 0.4 1 0.8
0.998072298243642 10.126750756345 "experimento_30" 30 10000 1000 0.8 10 0.4 1 0.8
0.999055237043649 9.77596722727988 "experimento_30" 30 10000 1000 0.8 10 0.4 1 0.8
0.997806606348604 9.87840932879283 "experimento_30" 30 10000 1000 0.8 10 0.4 1 0.8
0.999261285411194 10.3922796462046 "experimento_30" 30 10000 1000 0.8 10 0.4 1 0.8
0.997515176888555 10.2104937283661 "experimento_30" 30 10000 1000 0.8 10 0.4 1 0.8
1.0003250204958 9.74393073753469 "experimento_30" 30 10000 1000 0.8 10 0.4 1 0.8
1.02939997119829 9.8825007601093 "experimento_30" 30 10000 1000 0.8 10 0.4 1 0.8
1.03249581386335 10.1449241893743 "experimento_30" 30 10000 1000 0.8 10 0.4 1 0.8
1.00835755398093 10.2104740351898 "experimento_30" 30 10000 1000 0.8 10 0.4 1 0.8
1.0230702145316 9.94950558805359 "experimento_30" 30 10000 1000 0.8 10 0.4 1 0.8
1.11944070746702 8.8598814528746 "experimento_30" 30 10000 1000 0.8 10 0.4 1 0.8
1.04741147810647 9.45710071370054 "experimento_30" 30 10000 1000 0.8 10 0.4 1 0.8
0.9984464594163 9.86632842716691 "experimento_30" 30 10000 1000 0.8 10 0.4 1 0.8
0.999953390099108 9.9933219167297 "experimento_30" 30 10000 1000 0.8 10 0.4 1 0.8
1.0000154342055 9.72561545330291 "experimento_30" 30 10000 1000 0.8 10 0.4 1 0.8
1.03796481285244 10.498272491705 "experimento_30" 30 10000 1000 0.8 10 0.4 1 0.8
1.00171015195903 9.56375734055074 "experimento_30" 30 10000 1000 0.8 10 0.4 1 0.8
0.99873709725216 9.81341629932723 "experimento_30" 30 10000 1000 0.8 10 0.4 1 0.8
0.998946828767657 10.2626781865931 "experimento_30" 30 10000 1000 0.8 10 0.4 1 0.8
1.04502335605212 10.3329604603454 "experimento_30" 30 10000 1000 0.8 10 0.4 1 0.8
1.00009764776787 10.0685191810676 "experimento_30" 30 10000 1000 0.8 10 0.4 1 0.8
0.998846727889031 9.95067167018457 "experimento_30" 30 10000 1000 0.8 10 0.4 1 0.8
0.99851141567342 10.2840870593003 "experimento_30" 30 10000 1000 0.8 10 0.4 1 0.8
0.999081156216562 9.69457692883518 "experimento_30" 30 10000 1000 0.8 10 0.4 1 0.8
0.998586350120604 9.64156577427315 "experimento_30" 30 10000 1000 0.8 10 0.4 1 0.8
1.0000091788359 10.3272671864912 "experimento_30" 30 10000 1000 0.8 10 0.4 1 0.8
1.0020574530208 10.3170468866878 "experimento_30" 30 10000 1000 0.8 10 0.4 1 0.8
1.00082767538847 9.8361083993506 "experimento_30" 30 10000 1000 0.8 10 0.4 1 0.8
0.9997550456319 10.0866109779861 "experimento_30" 30 10000 1000 0.8 10 0.4 1 0.8
1.00000879156169 10.3164673120054 "experimento_30" 30 10000 1000 0.8 10 0.4 1 0.8
1.00051428865457 10.2003132309089 "experimento_30" 30 10000 1000 0.8 10 0.4 1 0.8
0.999032953055575 10.2242766822728 "experimento_30" 30 10000 1000 0.8 10 0.4 1 0.8
0.998637362616137 10.0347491029112 "experimento_30" 30 10000 1000 0.8 10 0.4 1 0.8
0.998405458172783 9.66667768612865 "experimento_30" 30 10000 1000 0.8 10 0.4 1 0.8
1.00003326777369 10.2974593134588 "experimento_30" 30 10000 1000 0.8 10 0.4 1 0.8
1.03525909055024 10.4542684958153 "experimento_30" 30 10000 1000 0.8 10 0.4 1 0.8
1.00058900267852 10.1102181805517 "experimento_30" 30 10000 1000 0.8 10 0.4 1 0.8
1.00917223854649 10.1279447818686 "experimento_30" 30 10000 1000 0.8 10 0.4 1 0.8
0.998788570985198 9.96449014158577 "experimento_30" 30 10000 1000 0.8 10 0.4 1 0.8
0.998633376089856 10.5116854492401 "experimento_30" 30 10000 1000 0.8 10 0.4 1 0.8
1.00002361019293 9.88814049643114 "experimento_30" 30 10000 1000 0.8 10 0.4 1 0.8
1.00148479389027 10.2315266693377 "experimento_30" 30 10000 1000 0.8 10 0.4 1 0.8
1.01918670381419 9.60458244524315 "experimento_30" 30 10000 1000 0.8 10 0.4 1 0.8
0.999171214643866 10.2748153601721 "experimento_30" 30 10000 1000 0.8 10 0.4 1 0.8
1.03203298975714 10.4331939738747 "experimento_30" 30 10000 1000 0.8 10 0.4 1 0.8
1.00039398143999 9.91165354139537 "experimento_30" 30 10000 1000 0.8 10 0.4 1 0.8
0.997354419901967 9.58050955230363 "experimento_30" 30 10000 1000 0.8 10 0.4 1 0.8
1.00011506588198 10.1412112565736 "experimento_30" 30 10000 1000 0.8 10 0.4 1 0.8
0.999002004275098 10.1084766624348 "experimento_30" 30 10000 1000 0.8 10 0.4 1 0.8
1.01380033681911 10.0214084890985 "experimento_30" 30 10000 1000 0.8 10 0.4 1 0.8
0.998900565784425 9.9120749989391 "experimento_30" 30 10000 1000 0.8 10 0.4 1 0.8
0.999676905106753 10.326809979833 "experimento_30" 30 10000 1000 0.8 10 0.4 1 0.8
1.0001599623356 10.0940403058769 "experimento_30" 30 10000 1000 0.8 10 0.4 1 0.8
1.00179839249412 10.1823693565918 "experimento_30" 30 10000 1000 0.8 10 0.4 1 0.8
1.00041038724594 10.0805202557282 "experimento_30" 30 10000 1000 0.8 10 0.4 1 0.8
0.998895008116961 10.3272703136854 "experimento_30" 30 10000 1000 0.8 10 0.4 1 0.8
0.99619913008064 9.86201389923954 "experimento_30" 30 10000 1000 0.8 10 0.4 1 0.8
1.00558356307447 10.3153259486326 "experimento_30" 30 10000 1000 0.8 10 0.4 1 0.8
1.06428581741638 9.63688155623423 "experimento_30" 30 10000 1000 0.8 10 0.4 1 0.8
0.999730104580522 9.45403174904774 "experimento_30" 30 10000 1000 0.8 10 0.4 1 0.8
1.00147439483553 10.0651387928064 "experimento_30" 30 10000 1000 0.8 10 0.4 1 0.8
0.999103172449395 10.5886967889725 "experimento_30" 30 10000 1000 0.8 10 0.4 1 0.8
1.17626595142389 11.7853333334425 "experimento_30" 30 10000 1000 0.8 10 0.4 1 0.8
1.01364559257427 9.8885201356174 "experimento_30" 30 10000 1000 0.8 10 0.4 1 0.8
1.01113359926905 9.93606042150749 "experimento_30" 30 10000 1000 0.8 10 0.4 1 0.8
1.00100698592141 10.1351592673187 "experimento_30" 30 10000 1000 0.8 10 0.4 1 0.8
0.999467306537554 10.016113096146 "experimento_30" 30 10000 1000 0.8 10 0.4 1 0.8
0.997418222250417 9.93726788113245 "experimento_30" 30 10000 1000 0.8 10 0.4 1 0.8
1.03507478118386 10.078560677511 "experimento_30" 30 10000 1000 0.8 10 0.4 1 0.8
0.999407717492431 9.64688842864751 "experimento_30" 30 10000 1000 0.8 10 0.4 1 0.8
1.01653620290767 10.1585797782129 "experimento_30" 30 10000 1000 0.8 10 0.4 1 0.8
0.998817761195824 9.9455675873524 "experimento_30" 30 10000 1000 0.8 10 0.4 1 0.8
1.00005442118272 10.0709194024884 "experimento_30" 30 10000 1000 0.8 10 0.4 1 0.8
1.04039926533587 9.41560140081224 "experimento_30" 30 10000 1000 0.8 10 0.4 1 0.8
0.999251642730087 10.2309387554096 "experimento_30" 30 10000 1000 0.8 10 0.4 1 0.8
1.01217898004688 9.68570435089119 "experimento_30" 30 10000 1000 0.8 10 0.4 1 0.8
1.01530528794974 9.84011411181008 "experimento_30" 30 10000 1000 0.8 10 0.4 1 0.8
1.04743921631016 10.2652667534781 "experimento_30" 30 10000 1000 0.8 10 0.4 1 0.8
0.997891063336283 9.99990417701748 "experimento_30" 30 10000 1000 0.8 10 0.4 1 0.8
1.04204917466268 10.3614242750475 "experimento_30" 30 10000 1000 0.8 10 0.4 1 0.8
1.01627012449881 9.88456543711641 "experimento_30" 30 10000 1000 0.8 10 0.4 1 0.8
1.07252465681684 10.5837664406314 "experimento_30" 30 10000 1000 0.8 10 0.4 1 0.8
1.00025314972736 9.96404708395674 "experimento_30" 30 10000 1000 0.8 10 0.4 1 0.8
1.00833689561114 10.3208083247045 "experimento_30" 30 10000 1000 0.8 10 0.4 1 0.8
1.02044907631055 10.2079788409687 "experimento_30" 30 10000 1000 0.8 10 0.4 1 0.8
0.997897215653211 9.40343146995338 "experimento_30" 30 10000 1000 0.8 10 0.4 1 0.8
1.0023569740355 10.2124124705801 "experimento_30" 30 10000 1000 0.8 10 0.4 1 0.8
0.997586338082328 9.68670010366048 "experimento_30" 30 10000 1000 0.8 10 0.4 1 0.8
1.01688748773207 9.95794317384288 "experimento_30" 30 10000 1000 0.8 10 0.4 1 0.8
1.00747110833386 9.60866582465542 "experimento_30" 30 10000 1000 0.8 10 0.4 1 0.8
0.998036697506905 9.90276251913805 "experimento_30" 30 10000 1000 0.8 10 0.4 1 0.8
1.06934218261234 10.2664904611045 "experimento_30" 30 10000 1000 0.8 10 0.4 1 0.8
1.0189556619574 9.9881667821793 "experimento_30" 30 10000 1000 0.8 10 0.4 1 0.8
1.01345895305276 10.4723194791602 "experimento_30" 30 10000 1000 0.8 10 0.4 1 0.8
1.00004119210591 10.1021038042103 "experimento_30" 30 10000 1000 0.8 10 0.4 1 0.8
1.02328727678396 9.9622502630493 "experimento_30" 30 10000 1000 0.8 10 0.4 1 0.8
1.00983964533766 10.0226302771423 "experimento_30" 30 10000 1000 0.8 10 0.4 1 0.8
1.01444165101275 10.2271265501496 "experimento_30" 30 10000 1000 0.8 10 0.4 1 0.8
1.0028074864577 9.76297565439529 "experimento_30" 30 10000 1000 0.8 10 0.4 1 0.8
1.06659424812533 9.93970131385149 "experimento_30" 30 10000 1000 0.8 10 0.4 1 0.8
1.00443795265792 9.98645604774975 "experimento_30" 30 10000 1000 0.8 10 0.4 1 0.8
0.998757732333615 10.0465263244837 "experimento_30" 30 10000 1000 0.8 10 0.4 1 0.8
1.00224641403183 9.72540995646112 "experimento_30" 30 10000 1000 0.8 10 0.4 1 0.8
1.00002746107057 10.184362131392 "experimento_30" 30 10000 1000 0.8 10 0.4 1 0.8
0.999578322982416 9.86008290421759 "experimento_30" 30 10000 1000 0.8 10 0.4 1 0.8
1.00000475515497 10.0630172796569 "experimento_30" 30 10000 1000 0.8 10 0.4 1 0.8
0.998784351395443 9.68899175100788 "experimento_30" 30 10000 1000 0.8 10 0.4 1 0.8
0.999038271838799 10.3490071411418 "experimento_30" 30 10000 1000 0.8 10 0.4 1 0.8
1.00041923983954 9.80619532829744 "experimento_30" 30 10000 1000 0.8 10 0.4 1 0.8
1.00295993221221 9.81584866900796 "experimento_30" 30 10000 1000 0.8 10 0.4 1 0.8
0.997883723583072 10.1376379310627 "experimento_30" 30 10000 1000 0.8 10 0.4 1 0.8
0.999937606509775 9.90848388449812 "experimento_30" 30 10000 1000 0.8 10 0.4 1 0.8
0.998997639631853 10.0554929618502 "experimento_30" 30 10000 1000 0.8 10 0.4 1 0.8
1.00197340403683 9.83434724895686 "experimento_30" 30 10000 1000 0.8 10 0.4 1 0.8
0.998527660733089 9.88784396456085 "experimento_30" 30 10000 1000 0.8 10 0.4 1 0.8
1.02346377288923 10.4100611015622 "experimento_30" 30 10000 1000 0.8 10 0.4 1 0.8
0.998049485730007 9.85183557268594 "experimento_30" 30 10000 1000 0.8 10 0.4 1 0.8
0.999926776159555 10.2629517098062 "experimento_30" 30 10000 1000 0.8 10 0.4 1 0.8
0.999327914789319 10.1703216706471 "experimento_30" 30 10000 1000 0.8 10 0.4 1 0.8
0.999786497559398 9.92371295758771 "experimento_30" 30 10000 1000 0.8 10 0.4 1 0.8
0.998660506447777 9.90627363757137 "experimento_30" 30 10000 1000 0.8 10 0.4 1 0.8
0.997869843849912 10.115208874821 "experimento_30" 30 10000 1000 0.8 10 0.4 1 0.8
0.999147284310311 9.93981076636937 "experimento_30" 30 10000 1000 0.8 10 0.4 1 0.8
0.997321638977155 9.82482950299369 "experimento_30" 30 10000 1000 0.8 10 0.4 1 0.8
1.0008378307256 9.80015250527881 "experimento_30" 30 10000 1000 0.8 10 0.4 1 0.8
0.99867177195847 9.69937894959007 "experimento_30" 30 10000 1000 0.8 10 0.4 1 0.8
1.02048185304739 10.5855458727759 "experimento_30" 30 10000 1000 0.8 10 0.4 1 0.8
1.00612972732968 9.94823095007308 "experimento_30" 30 10000 1000 0.8 10 0.4 1 0.8
0.999630462843925 9.78371370126622 "experimento_30" 30 10000 1000 0.8 10 0.4 1 0.8
1.04666344081052 10.0933768766569 "experimento_30" 30 10000 1000 0.8 10 0.4 1 0.8
0.997743196086958 9.97211564406719 "experimento_30" 30 10000 1000 0.8 10 0.4 1 0.8
1.00184409806348 9.63120400466781 "experimento_30" 30 10000 1000 0.8 10 0.4 1 0.8
1.00039850459434 9.58480548074377 "experimento_30" 30 10000 1000 0.8 10 0.4 1 0.8
1.01557811290951 10.1400952775651 "experimento_30" 30 10000 1000 0.8 10 0.4 1 0.8
1.00451704109522 10.0892375634894 "experimento_30" 30 10000 1000 0.8 10 0.4 1 0.8
1.0004265261814 10.4227736908959 "experimento_30" 30 10000 1000 0.8 10 0.4 1 0.8
0.998579898616299 9.95809054973323 "experimento_30" 30 10000 1000 0.8 10 0.4 1 0.8
0.999894954962656 9.70335279124122 "experimento_30" 30 10000 1000 0.8 10 0.4 1 0.8
1.01181170810014 9.94752105412953 "experimento_30" 30 10000 1000 0.8 10 0.4 1 0.8
1.00372073733514 9.78164076665182 "experimento_30" 30 10000 1000 0.8 10 0.4 1 0.8
0.999967962037772 10.4277147270275 "experimento_30" 30 10000 1000 0.8 10 0.4 1 0.8
0.998635897412896 9.68020614191879 "experimento_30" 30 10000 1000 0.8 10 0.4 1 0.8
1.00444649732672 9.80111863578444 "experimento_30" 30 10000 1000 0.8 10 0.4 1 0.8
0.999975581886247 9.64345524094651 "experimento_30" 30 10000 1000 0.8 10 0.4 1 0.8
1.00064479317516 9.95556957865856 "experimento_30" 30 10000 1000 0.8 10 0.4 1 0.8
1.00040618223138 10.088842945505 "experimento_30" 30 10000 1000 0.8 10 0.4 1 0.8
0.999197767814621 9.85592298939902 "experimento_30" 30 10000 1000 0.8 10 0.4 1 0.8
1.03400730352935 9.41388370879671 "experimento_30" 30 10000 1000 0.8 10 0.4 1 0.8
0.998260709224269 9.88521411355258 "experimento_30" 30 10000 1000 0.8 10 0.4 1 0.8
1.01069673193539 9.87188530822777 "experimento_30" 30 10000 1000 0.8 10 0.4 1 0.8
1.04068960964273 10.1697945029695 "experimento_30" 30 10000 1000 0.8 10 0.4 1 0.8
1.06307036951184 9.87660050562828 "experimento_30" 30 10000 1000 0.8 10 0.4 1 0.8
0.999533703085035 10.0897822873707 "experimento_30" 30 10000 1000 0.8 10 0.4 1 0.8
0.997351478552446 9.71859175970569 "experimento_30" 30 10000 1000 0.8 10 0.4 1 0.8
1.02277144999243 10.2658595649789 "experimento_30" 30 10000 1000 0.8 10 0.4 1 0.8
1.01599807552993 9.88799915290129 "experimento_30" 30 10000 1000 0.8 10 0.4 1 0.8
0.999544163933024 9.94430229729409 "experimento_30" 30 10000 1000 0.8 10 0.4 1 0.8
1.01041934161732 10.3850294391073 "experimento_30" 30 10000 1000 0.8 10 0.4 1 0.8
1.00015164176221 10.0960473533124 "experimento_30" 30 10000 1000 0.8 10 0.4 1 0.8
0.997859101742506 9.72005680164779 "experimento_30" 30 10000 1000 0.8 10 0.4 1 0.8
0.999617440160364 9.86795861918288 "experimento_30" 30 10000 1000 0.8 10 0.4 1 0.8
1.00295804356138 9.67205034292294 "experimento_30" 30 10000 1000 0.8 10 0.4 1 0.8
0.999432162381709 9.66805362410989 "experimento_30" 30 10000 1000 0.8 10 0.4 1 0.8
0.999340808251873 10.0206461722213 "experimento_30" 30 10000 1000 0.8 10 0.4 1 0.8
0.999211395625025 10.1380487462223 "experimento_30" 30 10000 1000 0.8 10 0.4 1 0.8
1.00198167079969 10.0592183105835 "experimento_30" 30 10000 1000 0.8 10 0.4 1 0.8
1.00015312481798 9.74240799673039 "experimento_30" 30 10000 1000 0.8 10 0.4 1 0.8
1.00399157791398 10.1413296090819 "experimento_30" 30 10000 1000 0.8 10 0.4 1 0.8
1.01499346527271 10.0022154296838 "experimento_30" 30 10000 1000 0.8 10 0.4 1 0.8
0.997410131152719 9.92261543204491 "experimento_30" 30 10000 1000 0.8 10 0.4 1 0.8
1.00512536102092 10.0874952825705 "experimento_30" 30 10000 1000 0.8 10 0.4 1 0.8
0.998728003585711 9.89730210757695 "experimento_30" 30 10000 1000 0.8 10 0.4 1 0.8
0.998014997923747 9.98962928540176 "experimento_30" 30 10000 1000 0.8 10 0.4 1 0.8
1.02102607387898 9.87445519082786 "experimento_30" 30 10000 1000 0.8 10 0.4 1 0.8
1.00356019157368 10.1140918184132 "experimento_30" 30 10000 1000 0.8 10 0.4 1 0.8
1.00086532859132 9.79896279994352 "experimento_30" 30 10000 1000 0.8 10 0.4 1 0.8
1.04337221593596 10.8705862034171 "experimento_30" 30 10000 1000 0.8 10 0.4 1 0.8
0.999191342154518 10.1888507870632 "experimento_30" 30 10000 1000 0.8 10 0.4 1 0.8
1.02051713219764 10.2113473284964 "experimento_30" 30 10000 1000 0.8 10 0.4 1 0.8
1.00019047593937 10.2878372486152 "experimento_30" 30 10000 1000 0.8 10 0.4 1 0.8
0.99745818390511 9.86577047530468 "experimento_30" 30 10000 1000 0.8 10 0.4 1 0.8
0.999367775395513 9.57406510555405 "experimento_30" 30 10000 1000 0.8 10 0.4 1 0.8
1.06529754577205 10.7735732248075 "experimento_30" 30 10000 1000 0.8 10 0.4 1 0.8
1.00481108198874 10.1030346006698 "experimento_30" 30 10000 1000 0.8 10 0.4 1 0.8
0.998971947235987 10.0364989732356 "experimento_30" 30 10000 1000 0.8 10 0.4 1 0.8
1.00028584388926 10.1058761034726 "experimento_30" 30 10000 1000 0.8 10 0.4 1 0.8
1.01331166019663 9.96512105442598 "experimento_30" 30 10000 1000 0.8 10 0.4 1 0.8
1.00729773140857 9.96322966338595 "experimento_30" 30 10000 1000 0.8 10 0.4 1 0.8
1.04187929974869 10.3514189743544 "experimento_30" 30 10000 1000 0.8 10 0.4 1 0.8
1.00494316536933 10.1795931578764 "experimento_30" 30 10000 1000 0.8 10 0.4 1 0.8
