"est.u" "est.lamb" "name" "seed" "size" "replicates" "p_umbral" "exp_lambda" "alpha_pen" "n_pen" "c"
0.99220108659938 20.5588030048327 "experimento_70" 70 2000 1000 0.95 19 0.4 1 0.8
0.967233349569142 18.3725442514724 "experimento_70" 70 2000 1000 0.95 19 0.4 1 0.8
0.984584951540455 18.9878533916202 "experimento_70" 70 2000 1000 0.95 19 0.4 1 0.8
0.984889964573085 22.0266032822264 "experimento_70" 70 2000 1000 0.95 19 0.4 1 0.8
0.975465229712427 19.5017515757674 "experimento_70" 70 2000 1000 0.95 19 0.4 1 0.8
0.9740389296785 17.4661489785392 "experimento_70" 70 2000 1000 0.95 19 0.4 1 0.8
0.991282016970217 29.1027240777496 "experimento_70" 70 2000 1000 0.95 19 0.4 1 0.8
0.969770045485348 16.0352974596069 "experimento_70" 70 2000 1000 0.95 19 0.4 1 0.8
0.971749487100169 16.278238037154 "experimento_70" 70 2000 1000 0.95 19 0.4 1 0.8
0.985073562944308 20.3593253803207 "experimento_70" 70 2000 1000 0.95 19 0.4 1 0.8
0.972850023768842 19.6624367771025 "experimento_70" 70 2000 1000 0.95 19 0.4 1 0.8
0.984700950328261 20.7267475437808 "experimento_70" 70 2000 1000 0.95 19 0.4 1 0.8
0.970460219075903 19.3590663100265 "experimento_70" 70 2000 1000 0.95 19 0.4 1 0.8
0.992023597238585 20.6419909766011 "experimento_70" 70 2000 1000 0.95 19 0.4 1 0.8
1.02060516379578 23.407844879989 "experimento_70" 70 2000 1000 0.95 19 0.4 1 0.8
0.978965529706329 19.1289665578974 "experimento_70" 70 2000 1000 0.95 19 0.4 1 0.8
0.954842448234558 16.8853136447218 "experimento_70" 70 2000 1000 0.95 19 0.4 1 0.8
0.965378855355084 17.8513110906786 "experimento_70" 70 2000 1000 0.95 19 0.4 1 0.8
1.00039789918921 17.6860136791652 "experimento_70" 70 2000 1000 0.95 19 0.4 1 0.8
0.974960491526872 16.5368165676341 "experimento_70" 70 2000 1000 0.95 19 0.4 1 0.8
0.998074634699151 19.9854207280828 "experimento_70" 70 2000 1000 0.95 19 0.4 1 0.8
0.95296226721257 15.0086571994035 "experimento_70" 70 2000 1000 0.95 19 0.4 1 0.8
0.978306385688484 21.1408837649185 "experimento_70" 70 2000 1000 0.95 19 0.4 1 0.8
0.980555754620582 18.2132269275228 "experimento_70" 70 2000 1000 0.95 19 0.4 1 0.8
1.02073996959951 31.6215562888497 "experimento_70" 70 2000 1000 0.95 19 0.4 1 0.8
1.02234158167419 22.4620446654348 "experimento_70" 70 2000 1000 0.95 19 0.4 1 0.8
0.965334444306791 16.1298417295485 "experimento_70" 70 2000 1000 0.95 19 0.4 1 0.8
1.05026590622978 18.8199368092271 "experimento_70" 70 2000 1000 0.95 19 0.4 1 0.8
0.979938584612682 18.3881420579483 "experimento_70" 70 2000 1000 0.95 19 0.4 1 0.8
0.98668356705457 18.0075617560947 "experimento_70" 70 2000 1000 0.95 19 0.4 1 0.8
0.966592664830387 17.212932041139 "experimento_70" 70 2000 1000 0.95 19 0.4 1 0.8
0.999556205468252 20.1598691852167 "experimento_70" 70 2000 1000 0.95 19 0.4 1 0.8
0.987424335908145 18.4299068577669 "experimento_70" 70 2000 1000 0.95 19 0.4 1 0.8
0.996971681946889 18.3083833909942 "experimento_70" 70 2000 1000 0.95 19 0.4 1 0.8
0.976873233681545 17.8285701868477 "experimento_70" 70 2000 1000 0.95 19 0.4 1 0.8
0.964705710764974 16.9037439672149 "experimento_70" 70 2000 1000 0.95 19 0.4 1 0.8
0.97495864960365 17.6556928251737 "experimento_70" 70 2000 1000 0.95 19 0.4 1 0.8
0.968349926173687 16.1946744359787 "experimento_70" 70 2000 1000 0.95 19 0.4 1 0.8
1.00775071963864 17.7955130248483 "experimento_70" 70 2000 1000 0.95 19 0.4 1 0.8
1.01218210056417 23.4189393328078 "experimento_70" 70 2000 1000 0.95 19 0.4 1 0.8
0.953830175101757 14.7319275009309 "experimento_70" 70 2000 1000 0.95 19 0.4 1 0.8
0.98737663961947 19.4088151732111 "experimento_70" 70 2000 1000 0.95 19 0.4 1 0.8
0.958037760108709 17.1719444597432 "experimento_70" 70 2000 1000 0.95 19 0.4 1 0.8
0.971476933220401 18.562532668755 "experimento_70" 70 2000 1000 0.95 19 0.4 1 0.8
1.00170563687833 21.4403457202949 "experimento_70" 70 2000 1000 0.95 19 0.4 1 0.8
0.993547058664262 20.1406638013127 "experimento_70" 70 2000 1000 0.95 19 0.4 1 0.8
0.981728488579392 17.4008835234336 "experimento_70" 70 2000 1000 0.95 19 0.4 1 0.8
1.01197963516767 22.3118463976703 "experimento_70" 70 2000 1000 0.95 19 0.4 1 0.8
0.991834208136424 17.2557152528033 "experimento_70" 70 2000 1000 0.95 19 0.4 1 0.8
0.969761486863717 17.1632981449708 "experimento_70" 70 2000 1000 0.95 19 0.4 1 0.8
0.953441842691973 17.1221652102707 "experimento_70" 70 2000 1000 0.95 19 0.4 1 0.8
1.01886514495862 23.6773375187562 "experimento_70" 70 2000 1000 0.95 19 0.4 1 0.8
1.0100510184359 22.0910151097095 "experimento_70" 70 2000 1000 0.95 19 0.4 1 0.8
0.978399752639234 18.7099576901459 "experimento_70" 70 2000 1000 0.95 19 0.4 1 0.8
0.970621911343187 18.236834596231 "experimento_70" 70 2000 1000 0.95 19 0.4 1 0.8
0.970529299695045 17.0854432037713 "experimento_70" 70 2000 1000 0.95 19 0.4 1 0.8
0.958964428631589 15.0358235070153 "experimento_70" 70 2000 1000 0.95 19 0.4 1 0.8
0.979071677662432 17.4185966419947 "experimento_70" 70 2000 1000 0.95 19 0.4 1 0.8
0.975525407353416 18.8083858978675 "experimento_70" 70 2000 1000 0.95 19 0.4 1 0.8
0.950877486960962 15.2136187995802 "experimento_70" 70 2000 1000 0.95 19 0.4 1 0.8
1.03652888810727 14.3453492971578 "experimento_70" 70 2000 1000 0.95 19 0.4 1 0.8
0.999990197829902 20.3635807909074 "experimento_70" 70 2000 1000 0.95 19 0.4 1 0.8
0.996522907167673 21.7048068529926 "experimento_70" 70 2000 1000 0.95 19 0.4 1 0.8
0.969535233918577 17.3216003587198 "experimento_70" 70 2000 1000 0.95 19 0.4 1 0.8
0.989767661783844 17.887655917419 "experimento_70" 70 2000 1000 0.95 19 0.4 1 0.8
1.01457459707499 19.0677510249433 "experimento_70" 70 2000 1000 0.95 19 0.4 1 0.8
1.00567367736642 23.1694947436808 "experimento_70" 70 2000 1000 0.95 19 0.4 1 0.8
1.00706940124694 21.6652944318941 "experimento_70" 70 2000 1000 0.95 19 0.4 1 0.8
1.03015728860995 22.5565861341677 "experimento_70" 70 2000 1000 0.95 19 0.4 1 0.8
0.972890061326325 19.2577011028642 "experimento_70" 70 2000 1000 0.95 19 0.4 1 0.8
0.990267370827496 19.3260566344442 "experimento_70" 70 2000 1000 0.95 19 0.4 1 0.8
0.964179556351155 17.9802625065142 "experimento_70" 70 2000 1000 0.95 19 0.4 1 0.8
0.97656466322951 15.4303369744134 "experimento_70" 70 2000 1000 0.95 19 0.4 1 0.8
0.996121888980269 19.18297046584 "experimento_70" 70 2000 1000 0.95 19 0.4 1 0.8
0.96884024515748 20.6913478885071 "experimento_70" 70 2000 1000 0.95 19 0.4 1 0.8
0.969202571548522 18.2052464523693 "experimento_70" 70 2000 1000 0.95 19 0.4 1 0.8
1.00794694028599 15.1346324989107 "experimento_70" 70 2000 1000 0.95 19 0.4 1 0.8
0.982751443283632 18.9529354248294 "experimento_70" 70 2000 1000 0.95 19 0.4 1 0.8
0.98176754033193 19.8298400457651 "experimento_70" 70 2000 1000 0.95 19 0.4 1 0.8
0.98336091125384 16.3922823015974 "experimento_70" 70 2000 1000 0.95 19 0.4 1 0.8
0.944670471129939 15.2943947783055 "experimento_70" 70 2000 1000 0.95 19 0.4 1 0.8
0.977676917565987 21.8700591876741 "experimento_70" 70 2000 1000 0.95 19 0.4 1 0.8
0.990636325906962 21.6813331049072 "experimento_70" 70 2000 1000 0.95 19 0.4 1 0.8
0.962137675844133 16.3185794133594 "experimento_70" 70 2000 1000 0.95 19 0.4 1 0.8
0.971784836146981 18.729436188259 "experimento_70" 70 2000 1000 0.95 19 0.4 1 0.8
0.984347191406414 19.1611098039034 "experimento_70" 70 2000 1000 0.95 19 0.4 1 0.8
1.00633587671052 19.9864023382898 "experimento_70" 70 2000 1000 0.95 19 0.4 1 0.8
0.982119439635426 18.7223052789033 "experimento_70" 70 2000 1000 0.95 19 0.4 1 0.8
0.967567380517721 15.9140073557718 "experimento_70" 70 2000 1000 0.95 19 0.4 1 0.8
1.00531261046959 20.5153462165191 "experimento_70" 70 2000 1000 0.95 19 0.4 1 0.8
0.970613779034466 18.8329398778086 "experimento_70" 70 2000 1000 0.95 19 0.4 1 0.8
1.00002146039256 15.5122313682986 "experimento_70" 70 2000 1000 0.95 19 0.4 1 0.8
0.976682746550068 19.4039093617691 "experimento_70" 70 2000 1000 0.95 19 0.4 1 0.8
0.957470250781626 15.0502755536179 "experimento_70" 70 2000 1000 0.95 19 0.4 1 0.8
1.00703981516295 19.9199079303979 "experimento_70" 70 2000 1000 0.95 19 0.4 1 0.8
0.994177845306695 23.4811245025857 "experimento_70" 70 2000 1000 0.95 19 0.4 1 0.8
0.974342826753855 15.9099223199839 "experimento_70" 70 2000 1000 0.95 19 0.4 1 0.8
1.0261214537971 15.8392755386933 "experimento_70" 70 2000 1000 0.95 19 0.4 1 0.8
1.00002598070979 17.6430254820762 "experimento_70" 70 2000 1000 0.95 19 0.4 1 0.8
0.992719998816028 20.1784016475393 "experimento_70" 70 2000 1000 0.95 19 0.4 1 0.8
0.958162328228354 17.3325819898054 "experimento_70" 70 2000 1000 0.95 19 0.4 1 0.8
0.962838087929413 17.3661767049022 "experimento_70" 70 2000 1000 0.95 19 0.4 1 0.8
0.986490172101185 19.5734547996163 "experimento_70" 70 2000 1000 0.95 19 0.4 1 0.8
0.986748946364969 18.1361397340547 "experimento_70" 70 2000 1000 0.95 19 0.4 1 0.8
0.986985155148432 20.9682748536063 "experimento_70" 70 2000 1000 0.95 19 0.4 1 0.8
1.02971090331694 14.0209525001778 "experimento_70" 70 2000 1000 0.95 19 0.4 1 0.8
0.988600039388984 17.3977324056644 "experimento_70" 70 2000 1000 0.95 19 0.4 1 0.8
0.973137312335894 17.4760977194532 "experimento_70" 70 2000 1000 0.95 19 0.4 1 0.8
0.991780870128423 21.3774789597642 "experimento_70" 70 2000 1000 0.95 19 0.4 1 0.8
1.00775774313431 20.6850512652375 "experimento_70" 70 2000 1000 0.95 19 0.4 1 0.8
0.956057572504506 15.9429076955385 "experimento_70" 70 2000 1000 0.95 19 0.4 1 0.8
1.01532814394308 17.5764471128372 "experimento_70" 70 2000 1000 0.95 19 0.4 1 0.8
0.982245010090992 19.0317048418529 "experimento_70" 70 2000 1000 0.95 19 0.4 1 0.8
0.988857183838263 19.0586290329665 "experimento_70" 70 2000 1000 0.95 19 0.4 1 0.8
1.00064445267356 21.9319693190302 "experimento_70" 70 2000 1000 0.95 19 0.4 1 0.8
0.98409422300756 21.7720988331047 "experimento_70" 70 2000 1000 0.95 19 0.4 1 0.8
0.994180859532207 21.175258826379 "experimento_70" 70 2000 1000 0.95 19 0.4 1 0.8
0.964097928721458 17.5643041596615 "experimento_70" 70 2000 1000 0.95 19 0.4 1 0.8
0.979369644308463 17.8516359268225 "experimento_70" 70 2000 1000 0.95 19 0.4 1 0.8
0.971653596498072 17.6603633602018 "experimento_70" 70 2000 1000 0.95 19 0.4 1 0.8
0.985572339268401 22.3655887169821 "experimento_70" 70 2000 1000 0.95 19 0.4 1 0.8
0.981508763041347 18.977475910598 "experimento_70" 70 2000 1000 0.95 19 0.4 1 0.8
0.978929274249822 18.0140610297063 "experimento_70" 70 2000 1000 0.95 19 0.4 1 0.8
0.984554308699444 17.5163318726199 "experimento_70" 70 2000 1000 0.95 19 0.4 1 0.8
0.987318619620055 18.137484338464 "experimento_70" 70 2000 1000 0.95 19 0.4 1 0.8
0.981351487804204 17.6803069949342 "experimento_70" 70 2000 1000 0.95 19 0.4 1 0.8
1.01838707852815 21.6955540037032 "experimento_70" 70 2000 1000 0.95 19 0.4 1 0.8
0.997402673587203 23.0826647655849 "experimento_70" 70 2000 1000 0.95 19 0.4 1 0.8
0.963775825453922 15.8642912603268 "experimento_70" 70 2000 1000 0.95 19 0.4 1 0.8
0.962132824817672 17.2449450821572 "experimento_70" 70 2000 1000 0.95 19 0.4 1 0.8
1.01900209003667 22.0539017408855 "experimento_70" 70 2000 1000 0.95 19 0.4 1 0.8
0.980599413160235 18.798414053911 "experimento_70" 70 2000 1000 0.95 19 0.4 1 0.8
0.971450986806303 15.9038409964085 "experimento_70" 70 2000 1000 0.95 19 0.4 1 0.8
0.993145911721513 21.5489434202127 "experimento_70" 70 2000 1000 0.95 19 0.4 1 0.8
1.00800674717223 18.9634876597371 "experimento_70" 70 2000 1000 0.95 19 0.4 1 0.8
0.990642288466915 16.6684133063029 "experimento_70" 70 2000 1000 0.95 19 0.4 1 0.8
0.987606824142858 18.7028514700907 "experimento_70" 70 2000 1000 0.95 19 0.4 1 0.8
1.00195899027281 16.5392379985616 "experimento_70" 70 2000 1000 0.95 19 0.4 1 0.8
0.977012675721198 19.7428755155879 "experimento_70" 70 2000 1000 0.95 19 0.4 1 0.8
0.985038804356009 19.3610643169065 "experimento_70" 70 2000 1000 0.95 19 0.4 1 0.8
0.997591695282608 19.5685232234209 "experimento_70" 70 2000 1000 0.95 19 0.4 1 0.8
0.976313756080344 19.2765735299769 "experimento_70" 70 2000 1000 0.95 19 0.4 1 0.8
1.00518921779713 20.5446069299388 "experimento_70" 70 2000 1000 0.95 19 0.4 1 0.8
0.977361684665084 16.6216473027287 "experimento_70" 70 2000 1000 0.95 19 0.4 1 0.8
0.9668407747522 16.4813509497352 "experimento_70" 70 2000 1000 0.95 19 0.4 1 0.8
1.00205610962585 19.5132962547335 "experimento_70" 70 2000 1000 0.95 19 0.4 1 0.8
0.993853465188295 21.9972158253144 "experimento_70" 70 2000 1000 0.95 19 0.4 1 0.8
1.00941514938704 21.1678127084766 "experimento_70" 70 2000 1000 0.95 19 0.4 1 0.8
0.972702691098675 18.1692091192273 "experimento_70" 70 2000 1000 0.95 19 0.4 1 0.8
0.980506925843656 22.3427564048896 "experimento_70" 70 2000 1000 0.95 19 0.4 1 0.8
0.967461176216602 17.1678954712018 "experimento_70" 70 2000 1000 0.95 19 0.4 1 0.8
0.987201893469319 19.9073732731186 "experimento_70" 70 2000 1000 0.95 19 0.4 1 0.8
0.974765196908265 19.7571011865778 "experimento_70" 70 2000 1000 0.95 19 0.4 1 0.8
0.980367620009929 18.404654953549 "experimento_70" 70 2000 1000 0.95 19 0.4 1 0.8
0.994911000132561 18.2698452855566 "experimento_70" 70 2000 1000 0.95 19 0.4 1 0.8
0.979441034607589 18.4479708646122 "experimento_70" 70 2000 1000 0.95 19 0.4 1 0.8
0.97815766138956 17.6750714528404 "experimento_70" 70 2000 1000 0.95 19 0.4 1 0.8
0.995037058833987 19.7720748937553 "experimento_70" 70 2000 1000 0.95 19 0.4 1 0.8
1.00042034822859 20.7669508818577 "experimento_70" 70 2000 1000 0.95 19 0.4 1 0.8
0.986999859334901 23.7661242643836 "experimento_70" 70 2000 1000 0.95 19 0.4 1 0.8
0.989394433563575 18.4458776443229 "experimento_70" 70 2000 1000 0.95 19 0.4 1 0.8
0.962957996642217 15.582156427175 "experimento_70" 70 2000 1000 0.95 19 0.4 1 0.8
1.04803740120817 14.9708542338383 "experimento_70" 70 2000 1000 0.95 19 0.4 1 0.8
0.971535381861031 17.4138589773126 "experimento_70" 70 2000 1000 0.95 19 0.4 1 0.8
0.966772073879838 15.6629524928937 "experimento_70" 70 2000 1000 0.95 19 0.4 1 0.8
0.979221590096131 17.8708100574578 "experimento_70" 70 2000 1000 0.95 19 0.4 1 0.8
1.00956874958387 28.0114492558065 "experimento_70" 70 2000 1000 0.95 19 0.4 1 0.8
0.99669994181022 20.270302538898 "experimento_70" 70 2000 1000 0.95 19 0.4 1 0.8
1.00145518254379 19.3380630463759 "experimento_70" 70 2000 1000 0.95 19 0.4 1 0.8
0.979549952782691 16.0928909399545 "experimento_70" 70 2000 1000 0.95 19 0.4 1 0.8
0.971051443368196 17.5883958905376 "experimento_70" 70 2000 1000 0.95 19 0.4 1 0.8
0.980355338426307 20.3776011154973 "experimento_70" 70 2000 1000 0.95 19 0.4 1 0.8
0.999049342703074 22.9022876723725 "experimento_70" 70 2000 1000 0.95 19 0.4 1 0.8
0.981251086574048 18.7448294487833 "experimento_70" 70 2000 1000 0.95 19 0.4 1 0.8
0.974140056408942 17.524072287096 "experimento_70" 70 2000 1000 0.95 19 0.4 1 0.8
0.985539613524452 16.7079228157763 "experimento_70" 70 2000 1000 0.95 19 0.4 1 0.8
0.982891407329589 23.229891701902 "experimento_70" 70 2000 1000 0.95 19 0.4 1 0.8
0.992035492323339 19.3135500528672 "experimento_70" 70 2000 1000 0.95 19 0.4 1 0.8
0.985404423903674 22.6180992823287 "experimento_70" 70 2000 1000 0.95 19 0.4 1 0.8
0.991480934433639 19.2903700651735 "experimento_70" 70 2000 1000 0.95 19 0.4 1 0.8
0.966576463310048 18.2751267835493 "experimento_70" 70 2000 1000 0.95 19 0.4 1 0.8
0.967365349410102 15.8770328965178 "experimento_70" 70 2000 1000 0.95 19 0.4 1 0.8
0.990700217196718 16.9388195468021 "experimento_70" 70 2000 1000 0.95 19 0.4 1 0.8
0.975498560583219 20.3209261540581 "experimento_70" 70 2000 1000 0.95 19 0.4 1 0.8
1.02740373553543 27.8387063876859 "experimento_70" 70 2000 1000 0.95 19 0.4 1 0.8
0.965585562866181 17.1904674598896 "experimento_70" 70 2000 1000 0.95 19 0.4 1 0.8
0.986026173923165 17.7453560413503 "experimento_70" 70 2000 1000 0.95 19 0.4 1 0.8
0.980030113831162 20.2034986644419 "experimento_70" 70 2000 1000 0.95 19 0.4 1 0.8
0.969734238227829 17.9751868175405 "experimento_70" 70 2000 1000 0.95 19 0.4 1 0.8
0.983808251097798 18.8570364073332 "experimento_70" 70 2000 1000 0.95 19 0.4 1 0.8
0.97965490212664 17.9174798607619 "experimento_70" 70 2000 1000 0.95 19 0.4 1 0.8
0.981480492511764 19.515493003637 "experimento_70" 70 2000 1000 0.95 19 0.4 1 0.8
1.00130078175279 20.8630219776503 "experimento_70" 70 2000 1000 0.95 19 0.4 1 0.8
0.956016427604482 15.2456102482531 "experimento_70" 70 2000 1000 0.95 19 0.4 1 0.8
0.971647250000387 21.3375189830853 "experimento_70" 70 2000 1000 0.95 19 0.4 1 0.8
0.966134090907872 20.236827892155 "experimento_70" 70 2000 1000 0.95 19 0.4 1 0.8
0.98292116029188 21.2266951326438 "experimento_70" 70 2000 1000 0.95 19 0.4 1 0.8
0.987406465224922 19.0070546670627 "experimento_70" 70 2000 1000 0.95 19 0.4 1 0.8
1.00681895875421 20.6944382709968 "experimento_70" 70 2000 1000 0.95 19 0.4 1 0.8
0.979187174001709 19.3999295730506 "experimento_70" 70 2000 1000 0.95 19 0.4 1 0.8
0.99326378130354 19.0383368494717 "experimento_70" 70 2000 1000 0.95 19 0.4 1 0.8
0.968131074216217 16.3142387106844 "experimento_70" 70 2000 1000 0.95 19 0.4 1 0.8
0.997669016709551 21.1712712702145 "experimento_70" 70 2000 1000 0.95 19 0.4 1 0.8
0.973637817893177 17.9549974359915 "experimento_70" 70 2000 1000 0.95 19 0.4 1 0.8
0.990191651741043 20.6855900310738 "experimento_70" 70 2000 1000 0.95 19 0.4 1 0.8
0.966675665928051 17.8124036394963 "experimento_70" 70 2000 1000 0.95 19 0.4 1 0.8
0.996102278586477 20.3577374817037 "experimento_70" 70 2000 1000 0.95 19 0.4 1 0.8
0.977624824503437 18.891205309636 "experimento_70" 70 2000 1000 0.95 19 0.4 1 0.8
0.988011952489614 20.7477539174017 "experimento_70" 70 2000 1000 0.95 19 0.4 1 0.8
0.969384640920907 17.7056565673836 "experimento_70" 70 2000 1000 0.95 19 0.4 1 0.8
0.987405563471839 18.9760088949305 "experimento_70" 70 2000 1000 0.95 19 0.4 1 0.8
0.971605932805687 17.4974978446576 "experimento_70" 70 2000 1000 0.95 19 0.4 1 0.8
0.985218906076625 19.341500724804 "experimento_70" 70 2000 1000 0.95 19 0.4 1 0.8
0.986594660207629 17.3955502108075 "experimento_70" 70 2000 1000 0.95 19 0.4 1 0.8
0.983563198475167 21.0551080771879 "experimento_70" 70 2000 1000 0.95 19 0.4 1 0.8
0.986366786528379 18.0207680869099 "experimento_70" 70 2000 1000 0.95 19 0.4 1 0.8
0.964469850063324 15.498278594326 "experimento_70" 70 2000 1000 0.95 19 0.4 1 0.8
0.974269449943677 20.9044644093427 "experimento_70" 70 2000 1000 0.95 19 0.4 1 0.8
0.971726167714223 16.9286992324768 "experimento_70" 70 2000 1000 0.95 19 0.4 1 0.8
0.972208480816334 16.5451887850158 "experimento_70" 70 2000 1000 0.95 19 0.4 1 0.8
0.973403046373278 18.5665780295624 "experimento_70" 70 2000 1000 0.95 19 0.4 1 0.8
1.01014023827281 19.6725988424006 "experimento_70" 70 2000 1000 0.95 19 0.4 1 0.8
0.998984776204452 23.6793681915487 "experimento_70" 70 2000 1000 0.95 19 0.4 1 0.8
0.957351891323924 18.4975042159354 "experimento_70" 70 2000 1000 0.95 19 0.4 1 0.8
0.956403978867456 15.9335349024142 "experimento_70" 70 2000 1000 0.95 19 0.4 1 0.8
0.960656503448263 17.039548742384 "experimento_70" 70 2000 1000 0.95 19 0.4 1 0.8
0.978607685305178 19.8350604731117 "experimento_70" 70 2000 1000 0.95 19 0.4 1 0.8
0.997677571605891 19.8078500041544 "experimento_70" 70 2000 1000 0.95 19 0.4 1 0.8
0.978357388172299 16.2262381565536 "experimento_70" 70 2000 1000 0.95 19 0.4 1 0.8
1.04388307539623 11.8596716432295 "experimento_70" 70 2000 1000 0.95 19 0.4 1 0.8
0.971734494902194 15.7776897485872 "experimento_70" 70 2000 1000 0.95 19 0.4 1 0.8
0.974868804914877 15.8580343289746 "experimento_70" 70 2000 1000 0.95 19 0.4 1 0.8
1.00097462131607 17.0679739147112 "experimento_70" 70 2000 1000 0.95 19 0.4 1 0.8
1.00722033430998 20.3307329762459 "experimento_70" 70 2000 1000 0.95 19 0.4 1 0.8
0.99470959417522 20.7192443957332 "experimento_70" 70 2000 1000 0.95 19 0.4 1 0.8
1.06724142238865 15.123920932228 "experimento_70" 70 2000 1000 0.95 19 0.4 1 0.8
0.996172586223111 20.6564458817508 "experimento_70" 70 2000 1000 0.95 19 0.4 1 0.8
1.00260797411044 22.3760767461796 "experimento_70" 70 2000 1000 0.95 19 0.4 1 0.8
1.02058643727612 25.5861865472299 "experimento_70" 70 2000 1000 0.95 19 0.4 1 0.8
0.991503769299015 21.4474908247475 "experimento_70" 70 2000 1000 0.95 19 0.4 1 0.8
0.972193547757342 19.0444934253515 "experimento_70" 70 2000 1000 0.95 19 0.4 1 0.8
0.985391651280224 17.2502749350018 "experimento_70" 70 2000 1000 0.95 19 0.4 1 0.8
1.01862973920805 20.0003110351096 "experimento_70" 70 2000 1000 0.95 19 0.4 1 0.8
1.01833359571125 28.7375053771248 "experimento_70" 70 2000 1000 0.95 19 0.4 1 0.8
0.981956526637077 19.6074426103072 "experimento_70" 70 2000 1000 0.95 19 0.4 1 0.8
0.965458115097135 18.1474442309147 "experimento_70" 70 2000 1000 0.95 19 0.4 1 0.8
0.98907170095481 17.0020317040418 "experimento_70" 70 2000 1000 0.95 19 0.4 1 0.8
0.980087673058733 18.0853638584835 "experimento_70" 70 2000 1000 0.95 19 0.4 1 0.8
0.962700224248692 17.7072565537192 "experimento_70" 70 2000 1000 0.95 19 0.4 1 0.8
0.955208709230646 15.0289882334298 "experimento_70" 70 2000 1000 0.95 19 0.4 1 0.8
0.99886239063926 19.3236826039712 "experimento_70" 70 2000 1000 0.95 19 0.4 1 0.8
0.97818422713317 18.994348981463 "experimento_70" 70 2000 1000 0.95 19 0.4 1 0.8
0.979366533225402 18.5250022258247 "experimento_70" 70 2000 1000 0.95 19 0.4 1 0.8
0.979198154760525 19.3380057908994 "experimento_70" 70 2000 1000 0.95 19 0.4 1 0.8
0.968046910362318 16.439962270493 "experimento_70" 70 2000 1000 0.95 19 0.4 1 0.8
0.99548115581274 21.0325054177689 "experimento_70" 70 2000 1000 0.95 19 0.4 1 0.8
0.992902046302333 18.8570487845033 "experimento_70" 70 2000 1000 0.95 19 0.4 1 0.8
0.982889117207378 18.9547013418909 "experimento_70" 70 2000 1000 0.95 19 0.4 1 0.8
0.961703005712479 17.1367494772306 "experimento_70" 70 2000 1000 0.95 19 0.4 1 0.8
0.970756158232689 16.9770849468847 "experimento_70" 70 2000 1000 0.95 19 0.4 1 0.8
1.0116727573454 24.2485703834578 "experimento_70" 70 2000 1000 0.95 19 0.4 1 0.8
0.975360783981159 17.9769897341821 "experimento_70" 70 2000 1000 0.95 19 0.4 1 0.8
0.957469436805695 16.1917149704877 "experimento_70" 70 2000 1000 0.95 19 0.4 1 0.8
0.987381764920428 17.9619506178428 "experimento_70" 70 2000 1000 0.95 19 0.4 1 0.8
0.967895783949643 16.7104336694758 "experimento_70" 70 2000 1000 0.95 19 0.4 1 0.8
0.95571235078387 16.1694225739363 "experimento_70" 70 2000 1000 0.95 19 0.4 1 0.8
0.995883584488183 21.1850752251827 "experimento_70" 70 2000 1000 0.95 19 0.4 1 0.8
0.986847286112607 18.9571706442879 "experimento_70" 70 2000 1000 0.95 19 0.4 1 0.8
0.975370466476306 19.9423539238508 "experimento_70" 70 2000 1000 0.95 19 0.4 1 0.8
0.979456601897255 17.2134491734184 "experimento_70" 70 2000 1000 0.95 19 0.4 1 0.8
0.99078701576218 21.2327264694635 "experimento_70" 70 2000 1000 0.95 19 0.4 1 0.8
0.965152535354719 17.907323228314 "experimento_70" 70 2000 1000 0.95 19 0.4 1 0.8
0.974660945590585 19.7726419575138 "experimento_70" 70 2000 1000 0.95 19 0.4 1 0.8
0.99936715234071 23.51306412266 "experimento_70" 70 2000 1000 0.95 19 0.4 1 0.8
0.983570874901488 19.4893119964922 "experimento_70" 70 2000 1000 0.95 19 0.4 1 0.8
0.998146607773378 21.3133442020034 "experimento_70" 70 2000 1000 0.95 19 0.4 1 0.8
0.964493872597814 15.6427508205074 "experimento_70" 70 2000 1000 0.95 19 0.4 1 0.8
1.04458272883349 26.0922239631607 "experimento_70" 70 2000 1000 0.95 19 0.4 1 0.8
0.991290568606928 20.1479221902497 "experimento_70" 70 2000 1000 0.95 19 0.4 1 0.8
0.981808584416285 19.1410353761004 "experimento_70" 70 2000 1000 0.95 19 0.4 1 0.8
0.994534706929699 19.158603266586 "experimento_70" 70 2000 1000 0.95 19 0.4 1 0.8
0.976677629165351 18.6353292104145 "experimento_70" 70 2000 1000 0.95 19 0.4 1 0.8
0.97151272254996 17.3547928669192 "experimento_70" 70 2000 1000 0.95 19 0.4 1 0.8
0.991379511309788 19.276876302409 "experimento_70" 70 2000 1000 0.95 19 0.4 1 0.8
0.979665736434981 21.4759405076309 "experimento_70" 70 2000 1000 0.95 19 0.4 1 0.8
0.982466183137149 19.6399874974163 "experimento_70" 70 2000 1000 0.95 19 0.4 1 0.8
0.985338422004133 19.6847066904809 "experimento_70" 70 2000 1000 0.95 19 0.4 1 0.8
0.957996816840023 16.5067719944404 "experimento_70" 70 2000 1000 0.95 19 0.4 1 0.8
0.987280089873821 19.8917496594116 "experimento_70" 70 2000 1000 0.95 19 0.4 1 0.8
0.987543937982991 18.1312396181293 "experimento_70" 70 2000 1000 0.95 19 0.4 1 0.8
1.01142912882527 22.983775606607 "experimento_70" 70 2000 1000 0.95 19 0.4 1 0.8
0.986566183855757 15.2955689526376 "experimento_70" 70 2000 1000 0.95 19 0.4 1 0.8
0.990642425836995 23.7958681750152 "experimento_70" 70 2000 1000 0.95 19 0.4 1 0.8
0.985312290489674 16.7590855141093 "experimento_70" 70 2000 1000 0.95 19 0.4 1 0.8
1.00497047691361 18.8700194345194 "experimento_70" 70 2000 1000 0.95 19 0.4 1 0.8
0.95226814923808 15.2678005839803 "experimento_70" 70 2000 1000 0.95 19 0.4 1 0.8
0.989740654360503 21.6626014959604 "experimento_70" 70 2000 1000 0.95 19 0.4 1 0.8
0.984203364467248 21.2554406597818 "experimento_70" 70 2000 1000 0.95 19 0.4 1 0.8
0.945183210074902 15.9599400764543 "experimento_70" 70 2000 1000 0.95 19 0.4 1 0.8
0.991862654918805 18.860831659924 "experimento_70" 70 2000 1000 0.95 19 0.4 1 0.8
0.971959993010387 16.8758227315884 "experimento_70" 70 2000 1000 0.95 19 0.4 1 0.8
1.00085552057432 17.9135241564694 "experimento_70" 70 2000 1000 0.95 19 0.4 1 0.8
0.969380268361419 19.5866488407042 "experimento_70" 70 2000 1000 0.95 19 0.4 1 0.8
0.974148022476584 18.2406840478553 "experimento_70" 70 2000 1000 0.95 19 0.4 1 0.8
0.991659835679457 20.1209676885254 "experimento_70" 70 2000 1000 0.95 19 0.4 1 0.8
0.946503689745441 14.7721772911656 "experimento_70" 70 2000 1000 0.95 19 0.4 1 0.8
1.00711013448501 19.0852213657654 "experimento_70" 70 2000 1000 0.95 19 0.4 1 0.8
0.979474887717515 20.869650557316 "experimento_70" 70 2000 1000 0.95 19 0.4 1 0.8
1.01879269241834 21.3143026658275 "experimento_70" 70 2000 1000 0.95 19 0.4 1 0.8
0.978498759912327 17.6561973975567 "experimento_70" 70 2000 1000 0.95 19 0.4 1 0.8
0.978402369888499 20.6885670405843 "experimento_70" 70 2000 1000 0.95 19 0.4 1 0.8
0.988211258780211 19.8699127601145 "experimento_70" 70 2000 1000 0.95 19 0.4 1 0.8
0.980223838007078 19.6732093722388 "experimento_70" 70 2000 1000 0.95 19 0.4 1 0.8
0.984459056751803 18.3251447009612 "experimento_70" 70 2000 1000 0.95 19 0.4 1 0.8
0.99378819600679 18.7746357921604 "experimento_70" 70 2000 1000 0.95 19 0.4 1 0.8
0.994664901634678 20.8091081122184 "experimento_70" 70 2000 1000 0.95 19 0.4 1 0.8
0.972986167995259 15.0375766363399 "experimento_70" 70 2000 1000 0.95 19 0.4 1 0.8
0.977206096984446 18.2500367616935 "experimento_70" 70 2000 1000 0.95 19 0.4 1 0.8
1.02827125121104 22.472567689384 "experimento_70" 70 2000 1000 0.95 19 0.4 1 0.8
0.969697626773268 15.9930901515655 "experimento_70" 70 2000 1000 0.95 19 0.4 1 0.8
0.982825089013204 15.7558583455173 "experimento_70" 70 2000 1000 0.95 19 0.4 1 0.8
0.976409188238904 18.4619102681694 "experimento_70" 70 2000 1000 0.95 19 0.4 1 0.8
0.991141166538 23.2446926146006 "experimento_70" 70 2000 1000 0.95 19 0.4 1 0.8
0.982279735151678 16.9614099522506 "experimento_70" 70 2000 1000 0.95 19 0.4 1 0.8
0.987118519144133 19.2171843110445 "experimento_70" 70 2000 1000 0.95 19 0.4 1 0.8
1.05416909761898 24.139365860772 "experimento_70" 70 2000 1000 0.95 19 0.4 1 0.8
1.01177529532364 21.394036532273 "experimento_70" 70 2000 1000 0.95 19 0.4 1 0.8
0.981980107491836 18.0731559993071 "experimento_70" 70 2000 1000 0.95 19 0.4 1 0.8
0.987688138382509 20.8534161005875 "experimento_70" 70 2000 1000 0.95 19 0.4 1 0.8
0.988448344636708 20.3889325367656 "experimento_70" 70 2000 1000 0.95 19 0.4 1 0.8
0.981277788290754 18.1340524117098 "experimento_70" 70 2000 1000 0.95 19 0.4 1 0.8
1.02255448809286 14.6219765878146 "experimento_70" 70 2000 1000 0.95 19 0.4 1 0.8
0.961412191158161 18.227551897877 "experimento_70" 70 2000 1000 0.95 19 0.4 1 0.8
0.9779693398159 20.7038995922612 "experimento_70" 70 2000 1000 0.95 19 0.4 1 0.8
1.01092659142228 25.7233716235999 "experimento_70" 70 2000 1000 0.95 19 0.4 1 0.8
0.996652208967134 20.7361181434322 "experimento_70" 70 2000 1000 0.95 19 0.4 1 0.8
1.00113686107911 19.4534069432499 "experimento_70" 70 2000 1000 0.95 19 0.4 1 0.8
0.999922361690551 19.9044970208882 "experimento_70" 70 2000 1000 0.95 19 0.4 1 0.8
0.975522730965167 16.8631286089616 "experimento_70" 70 2000 1000 0.95 19 0.4 1 0.8
0.9918128605932 20.5352872193768 "experimento_70" 70 2000 1000 0.95 19 0.4 1 0.8
1.01429443644654 17.2140451441383 "experimento_70" 70 2000 1000 0.95 19 0.4 1 0.8
0.99697849759832 19.4449161095945 "experimento_70" 70 2000 1000 0.95 19 0.4 1 0.8
0.98819786333479 20.3793135479437 "experimento_70" 70 2000 1000 0.95 19 0.4 1 0.8
1.01435227946289 21.9293196685513 "experimento_70" 70 2000 1000 0.95 19 0.4 1 0.8
0.990724999690428 21.8697786092207 "experimento_70" 70 2000 1000 0.95 19 0.4 1 0.8
0.987053374759853 20.4725650090667 "experimento_70" 70 2000 1000 0.95 19 0.4 1 0.8
0.989058723906055 19.2372092885419 "experimento_70" 70 2000 1000 0.95 19 0.4 1 0.8
0.986433947226033 19.3152364910154 "experimento_70" 70 2000 1000 0.95 19 0.4 1 0.8
0.97575680934824 20.3524913268809 "experimento_70" 70 2000 1000 0.95 19 0.4 1 0.8
0.99051004066132 20.7428057577496 "experimento_70" 70 2000 1000 0.95 19 0.4 1 0.8
0.992927208309993 19.2208565485286 "experimento_70" 70 2000 1000 0.95 19 0.4 1 0.8
0.987507469719276 20.1115869019747 "experimento_70" 70 2000 1000 0.95 19 0.4 1 0.8
0.975447239819914 17.9706612069286 "experimento_70" 70 2000 1000 0.95 19 0.4 1 0.8
1.00811741976558 16.9403125508537 "experimento_70" 70 2000 1000 0.95 19 0.4 1 0.8
0.986812664195895 16.2842864853639 "experimento_70" 70 2000 1000 0.95 19 0.4 1 0.8
0.975637626601383 18.1635594516957 "experimento_70" 70 2000 1000 0.95 19 0.4 1 0.8
1.00973580917343 21.5453836245808 "experimento_70" 70 2000 1000 0.95 19 0.4 1 0.8
0.978466136846691 18.3863789933697 "experimento_70" 70 2000 1000 0.95 19 0.4 1 0.8
0.980863240547478 22.1301772628545 "experimento_70" 70 2000 1000 0.95 19 0.4 1 0.8
0.967540360987186 16.4327686805906 "experimento_70" 70 2000 1000 0.95 19 0.4 1 0.8
0.9784565938171 18.5606416853031 "experimento_70" 70 2000 1000 0.95 19 0.4 1 0.8
0.984631228260696 18.1633564153437 "experimento_70" 70 2000 1000 0.95 19 0.4 1 0.8
0.996946169761941 22.4966988340839 "experimento_70" 70 2000 1000 0.95 19 0.4 1 0.8
0.975327000953257 20.5685127862783 "experimento_70" 70 2000 1000 0.95 19 0.4 1 0.8
0.984671455342323 18.8757268062901 "experimento_70" 70 2000 1000 0.95 19 0.4 1 0.8
0.966421807883307 17.8047648958874 "experimento_70" 70 2000 1000 0.95 19 0.4 1 0.8
0.980819887947291 19.138389457955 "experimento_70" 70 2000 1000 0.95 19 0.4 1 0.8
1.01803231592241 18.1969715343493 "experimento_70" 70 2000 1000 0.95 19 0.4 1 0.8
0.947834645397961 13.0312890446546 "experimento_70" 70 2000 1000 0.95 19 0.4 1 0.8
0.975199114764109 17.9456865371219 "experimento_70" 70 2000 1000 0.95 19 0.4 1 0.8
1.031623603482 20.3802778306807 "experimento_70" 70 2000 1000 0.95 19 0.4 1 0.8
0.954381874296814 17.2325077992074 "experimento_70" 70 2000 1000 0.95 19 0.4 1 0.8
0.981474835891277 18.1332670214735 "experimento_70" 70 2000 1000 0.95 19 0.4 1 0.8
0.989786173449829 19.6228987275333 "experimento_70" 70 2000 1000 0.95 19 0.4 1 0.8
0.980086372233927 17.8979000511111 "experimento_70" 70 2000 1000 0.95 19 0.4 1 0.8
0.989841629285365 18.8558655120524 "experimento_70" 70 2000 1000 0.95 19 0.4 1 0.8
1.02154145813792 22.5177801767305 "experimento_70" 70 2000 1000 0.95 19 0.4 1 0.8
0.967210568487644 17.9225695236559 "experimento_70" 70 2000 1000 0.95 19 0.4 1 0.8
0.973797698738053 16.3550256696863 "experimento_70" 70 2000 1000 0.95 19 0.4 1 0.8
0.98899945942685 18.2277251485576 "experimento_70" 70 2000 1000 0.95 19 0.4 1 0.8
0.981036541983485 20.2246255203974 "experimento_70" 70 2000 1000 0.95 19 0.4 1 0.8
1.00767681527099 18.1239940721687 "experimento_70" 70 2000 1000 0.95 19 0.4 1 0.8
0.996168474201113 26.1475795589084 "experimento_70" 70 2000 1000 0.95 19 0.4 1 0.8
0.960560262901708 15.3313934902974 "experimento_70" 70 2000 1000 0.95 19 0.4 1 0.8
1.0091253943741 20.8624715141098 "experimento_70" 70 2000 1000 0.95 19 0.4 1 0.8
0.979569930350408 16.6215906755665 "experimento_70" 70 2000 1000 0.95 19 0.4 1 0.8
0.993689408525825 20.2307935868442 "experimento_70" 70 2000 1000 0.95 19 0.4 1 0.8
1.03615290830892 21.6486949958364 "experimento_70" 70 2000 1000 0.95 19 0.4 1 0.8
1.00727428318847 22.7377462380696 "experimento_70" 70 2000 1000 0.95 19 0.4 1 0.8
0.981942262966186 20.2097592453455 "experimento_70" 70 2000 1000 0.95 19 0.4 1 0.8
0.989146176259965 20.2086219606374 "experimento_70" 70 2000 1000 0.95 19 0.4 1 0.8
0.987915269797668 19.3357378032894 "experimento_70" 70 2000 1000 0.95 19 0.4 1 0.8
0.968593647005036 20.1225229401329 "experimento_70" 70 2000 1000 0.95 19 0.4 1 0.8
1.00957937619279 19.39464680255 "experimento_70" 70 2000 1000 0.95 19 0.4 1 0.8
1.04900977132915 28.4542891506308 "experimento_70" 70 2000 1000 0.95 19 0.4 1 0.8
0.986375909065828 17.665205594079 "experimento_70" 70 2000 1000 0.95 19 0.4 1 0.8
0.983593215467408 21.3880990711375 "experimento_70" 70 2000 1000 0.95 19 0.4 1 0.8
0.99968620412983 23.1688820696725 "experimento_70" 70 2000 1000 0.95 19 0.4 1 0.8
0.975381440017372 17.114025401539 "experimento_70" 70 2000 1000 0.95 19 0.4 1 0.8
1.03695149213549 16.7939317001252 "experimento_70" 70 2000 1000 0.95 19 0.4 1 0.8
0.968918690690771 16.6018895046651 "experimento_70" 70 2000 1000 0.95 19 0.4 1 0.8
0.978580465773121 15.8196569564525 "experimento_70" 70 2000 1000 0.95 19 0.4 1 0.8
0.989463247358799 18.5950352331997 "experimento_70" 70 2000 1000 0.95 19 0.4 1 0.8
1.04849418214645 24.7354985729885 "experimento_70" 70 2000 1000 0.95 19 0.4 1 0.8
0.983423999045044 20.9911021293892 "experimento_70" 70 2000 1000 0.95 19 0.4 1 0.8
1.04547056310442 33.3985793877839 "experimento_70" 70 2000 1000 0.95 19 0.4 1 0.8
0.970124415354803 17.0523135242235 "experimento_70" 70 2000 1000 0.95 19 0.4 1 0.8
0.979126712540165 18.1400346898561 "experimento_70" 70 2000 1000 0.95 19 0.4 1 0.8
0.980789157329127 17.6243723580291 "experimento_70" 70 2000 1000 0.95 19 0.4 1 0.8
0.995916733751073 23.2696427823358 "experimento_70" 70 2000 1000 0.95 19 0.4 1 0.8
0.976983431726694 17.1615400912107 "experimento_70" 70 2000 1000 0.95 19 0.4 1 0.8
0.981315511278808 18.5683342116559 "experimento_70" 70 2000 1000 0.95 19 0.4 1 0.8
0.980682188877836 18.8300333599413 "experimento_70" 70 2000 1000 0.95 19 0.4 1 0.8
0.988714142469689 16.4039473707133 "experimento_70" 70 2000 1000 0.95 19 0.4 1 0.8
0.960936425253749 15.1836693974259 "experimento_70" 70 2000 1000 0.95 19 0.4 1 0.8
0.979826069436967 17.8320484679519 "experimento_70" 70 2000 1000 0.95 19 0.4 1 0.8
0.990394985070452 20.9968840673637 "experimento_70" 70 2000 1000 0.95 19 0.4 1 0.8
0.989928863011301 21.2459256742751 "experimento_70" 70 2000 1000 0.95 19 0.4 1 0.8
0.975138098699972 18.1164616314578 "experimento_70" 70 2000 1000 0.95 19 0.4 1 0.8
1.02272522618419 17.9475295637872 "experimento_70" 70 2000 1000 0.95 19 0.4 1 0.8
0.985032883938402 20.5781739167105 "experimento_70" 70 2000 1000 0.95 19 0.4 1 0.8
1.00065863610392 19.3669899690199 "experimento_70" 70 2000 1000 0.95 19 0.4 1 0.8
1.04189366948754 26.0112664788382 "experimento_70" 70 2000 1000 0.95 19 0.4 1 0.8
0.965628763660789 17.4997526013354 "experimento_70" 70 2000 1000 0.95 19 0.4 1 0.8
0.970416643191129 18.3109891558348 "experimento_70" 70 2000 1000 0.95 19 0.4 1 0.8
0.999725909437984 19.5535782263375 "experimento_70" 70 2000 1000 0.95 19 0.4 1 0.8
0.995562493568286 18.5923262774308 "experimento_70" 70 2000 1000 0.95 19 0.4 1 0.8
0.981399920070544 19.9717656010401 "experimento_70" 70 2000 1000 0.95 19 0.4 1 0.8
0.990938800852746 23.7026405401089 "experimento_70" 70 2000 1000 0.95 19 0.4 1 0.8
0.989629373652861 22.0523684307524 "experimento_70" 70 2000 1000 0.95 19 0.4 1 0.8
1.00850160611107 20.6809671197415 "experimento_70" 70 2000 1000 0.95 19 0.4 1 0.8
0.990710591664538 20.3323445257734 "experimento_70" 70 2000 1000 0.95 19 0.4 1 0.8
0.954187189228833 17.0580909221195 "experimento_70" 70 2000 1000 0.95 19 0.4 1 0.8
0.977532589808106 15.8789210313201 "experimento_70" 70 2000 1000 0.95 19 0.4 1 0.8
0.958693326218054 17.5891748800358 "experimento_70" 70 2000 1000 0.95 19 0.4 1 0.8
0.988077738089487 20.0582084759309 "experimento_70" 70 2000 1000 0.95 19 0.4 1 0.8
0.970993192633614 17.6953012156813 "experimento_70" 70 2000 1000 0.95 19 0.4 1 0.8
0.987665935186669 20.3067946858772 "experimento_70" 70 2000 1000 0.95 19 0.4 1 0.8
0.973417462548241 16.6289173612434 "experimento_70" 70 2000 1000 0.95 19 0.4 1 0.8
0.989283994305879 17.9857126168581 "experimento_70" 70 2000 1000 0.95 19 0.4 1 0.8
1.04344056750478 24.5240374330275 "experimento_70" 70 2000 1000 0.95 19 0.4 1 0.8
0.984461236279458 18.8433349560781 "experimento_70" 70 2000 1000 0.95 19 0.4 1 0.8
0.980929399607703 19.3322409095868 "experimento_70" 70 2000 1000 0.95 19 0.4 1 0.8
1.01753561826129 22.110823790998 "experimento_70" 70 2000 1000 0.95 19 0.4 1 0.8
1.02436063374932 21.8990953706447 "experimento_70" 70 2000 1000 0.95 19 0.4 1 0.8
1.04189149089133 28.1199840710204 "experimento_70" 70 2000 1000 0.95 19 0.4 1 0.8
1.01126851607114 24.8461470176766 "experimento_70" 70 2000 1000 0.95 19 0.4 1 0.8
0.988610319327563 17.1253374621664 "experimento_70" 70 2000 1000 0.95 19 0.4 1 0.8
0.993832876440138 19.3619539309455 "experimento_70" 70 2000 1000 0.95 19 0.4 1 0.8
1.00138008886714 22.192334796712 "experimento_70" 70 2000 1000 0.95 19 0.4 1 0.8
1.02081737547231 19.9468934854156 "experimento_70" 70 2000 1000 0.95 19 0.4 1 0.8
0.983570542419329 18.1492351022725 "experimento_70" 70 2000 1000 0.95 19 0.4 1 0.8
1.00859248270526 17.6307073490626 "experimento_70" 70 2000 1000 0.95 19 0.4 1 0.8
0.98869274975732 21.6742536064331 "experimento_70" 70 2000 1000 0.95 19 0.4 1 0.8
0.982377827400342 19.1012394677767 "experimento_70" 70 2000 1000 0.95 19 0.4 1 0.8
0.993950448231772 20.5094377916694 "experimento_70" 70 2000 1000 0.95 19 0.4 1 0.8
0.980131380958483 21.3357843582897 "experimento_70" 70 2000 1000 0.95 19 0.4 1 0.8
0.984969928860664 19.3219686769742 "experimento_70" 70 2000 1000 0.95 19 0.4 1 0.8
0.98012960748747 20.526796397683 "experimento_70" 70 2000 1000 0.95 19 0.4 1 0.8
0.97579385410063 18.4787374451973 "experimento_70" 70 2000 1000 0.95 19 0.4 1 0.8
0.979586318600923 18.3300609296181 "experimento_70" 70 2000 1000 0.95 19 0.4 1 0.8
0.97071389388293 18.5845759071954 "experimento_70" 70 2000 1000 0.95 19 0.4 1 0.8
0.980612450279295 20.6481636713065 "experimento_70" 70 2000 1000 0.95 19 0.4 1 0.8
0.993020290741697 20.2194042808036 "experimento_70" 70 2000 1000 0.95 19 0.4 1 0.8
0.955104334279895 15.6524894636537 "experimento_70" 70 2000 1000 0.95 19 0.4 1 0.8
0.977657298091799 17.9230482803821 "experimento_70" 70 2000 1000 0.95 19 0.4 1 0.8
0.97064046934247 18.902769050996 "experimento_70" 70 2000 1000 0.95 19 0.4 1 0.8
1.03086022589062 22.1751620595772 "experimento_70" 70 2000 1000 0.95 19 0.4 1 0.8
0.961153491633013 17.5939004057072 "experimento_70" 70 2000 1000 0.95 19 0.4 1 0.8
0.987696366850287 18.9397273252709 "experimento_70" 70 2000 1000 0.95 19 0.4 1 0.8
0.980512118898332 17.9441591755904 "experimento_70" 70 2000 1000 0.95 19 0.4 1 0.8
0.985089845722541 19.1411803654193 "experimento_70" 70 2000 1000 0.95 19 0.4 1 0.8
0.967339482856914 17.9236811518794 "experimento_70" 70 2000 1000 0.95 19 0.4 1 0.8
0.985861303284764 20.2437854820222 "experimento_70" 70 2000 1000 0.95 19 0.4 1 0.8
0.970986239612103 17.5550217324557 "experimento_70" 70 2000 1000 0.95 19 0.4 1 0.8
0.976308779092506 17.4879087204793 "experimento_70" 70 2000 1000 0.95 19 0.4 1 0.8
0.986724408809096 19.8594201578706 "experimento_70" 70 2000 1000 0.95 19 0.4 1 0.8
0.957683725748211 15.791057951377 "experimento_70" 70 2000 1000 0.95 19 0.4 1 0.8
0.969670604681596 17.1727580338786 "experimento_70" 70 2000 1000 0.95 19 0.4 1 0.8
0.954827994573861 15.5077898650702 "experimento_70" 70 2000 1000 0.95 19 0.4 1 0.8
0.978598604677245 16.781029775456 "experimento_70" 70 2000 1000 0.95 19 0.4 1 0.8
0.986518478253856 16.6815787720616 "experimento_70" 70 2000 1000 0.95 19 0.4 1 0.8
0.976733983960003 16.3538246589436 "experimento_70" 70 2000 1000 0.95 19 0.4 1 0.8
0.978669154457748 18.7951861527603 "experimento_70" 70 2000 1000 0.95 19 0.4 1 0.8
0.982532443478703 17.9677580017752 "experimento_70" 70 2000 1000 0.95 19 0.4 1 0.8
0.962986651808023 18.7893931384062 "experimento_70" 70 2000 1000 0.95 19 0.4 1 0.8
0.989465726073831 18.9469869282448 "experimento_70" 70 2000 1000 0.95 19 0.4 1 0.8
1.02997734357083 17.7148588944694 "experimento_70" 70 2000 1000 0.95 19 0.4 1 0.8
0.982244977261871 18.6659091462189 "experimento_70" 70 2000 1000 0.95 19 0.4 1 0.8
0.974010621430352 18.2267174853518 "experimento_70" 70 2000 1000 0.95 19 0.4 1 0.8
1.01805213434426 19.2321778462239 "experimento_70" 70 2000 1000 0.95 19 0.4 1 0.8
0.97541979001835 16.9958641965331 "experimento_70" 70 2000 1000 0.95 19 0.4 1 0.8
0.964678747579455 17.6959926470234 "experimento_70" 70 2000 1000 0.95 19 0.4 1 0.8
0.966296090511605 18.5752139847341 "experimento_70" 70 2000 1000 0.95 19 0.4 1 0.8
0.967971980106086 16.4038714475803 "experimento_70" 70 2000 1000 0.95 19 0.4 1 0.8
0.983024950139225 16.5637030806315 "experimento_70" 70 2000 1000 0.95 19 0.4 1 0.8
0.969125848729163 17.144664742446 "experimento_70" 70 2000 1000 0.95 19 0.4 1 0.8
0.980093508260325 17.6400956934157 "experimento_70" 70 2000 1000 0.95 19 0.4 1 0.8
0.977140810573474 19.6032662765033 "experimento_70" 70 2000 1000 0.95 19 0.4 1 0.8
0.984083146089688 17.1300406363596 "experimento_70" 70 2000 1000 0.95 19 0.4 1 0.8
0.969783358508721 16.6855033246501 "experimento_70" 70 2000 1000 0.95 19 0.4 1 0.8
0.990330264670774 15.842001309058 "experimento_70" 70 2000 1000 0.95 19 0.4 1 0.8
0.982259560143575 17.3490545340317 "experimento_70" 70 2000 1000 0.95 19 0.4 1 0.8
0.976804268546402 17.3583698168964 "experimento_70" 70 2000 1000 0.95 19 0.4 1 0.8
0.975094348657876 18.297489577037 "experimento_70" 70 2000 1000 0.95 19 0.4 1 0.8
0.975451900158077 19.1028120280633 "experimento_70" 70 2000 1000 0.95 19 0.4 1 0.8
0.950586036778986 14.6464598698949 "experimento_70" 70 2000 1000 0.95 19 0.4 1 0.8
0.995599139947444 19.6972898729054 "experimento_70" 70 2000 1000 0.95 19 0.4 1 0.8
0.974307626020163 18.9910899577375 "experimento_70" 70 2000 1000 0.95 19 0.4 1 0.8
0.982661411864683 16.978145041917 "experimento_70" 70 2000 1000 0.95 19 0.4 1 0.8
0.999761106912047 21.8886848864175 "experimento_70" 70 2000 1000 0.95 19 0.4 1 0.8
0.989242097595707 21.1107731539871 "experimento_70" 70 2000 1000 0.95 19 0.4 1 0.8
1.03296344991969 20.4951578749774 "experimento_70" 70 2000 1000 0.95 19 0.4 1 0.8
0.981268647359684 16.7248427320034 "experimento_70" 70 2000 1000 0.95 19 0.4 1 0.8
1.01263421009246 18.4848078048546 "experimento_70" 70 2000 1000 0.95 19 0.4 1 0.8
0.96134545491077 18.5881854706718 "experimento_70" 70 2000 1000 0.95 19 0.4 1 0.8
1.03698222371503 20.9271102859628 "experimento_70" 70 2000 1000 0.95 19 0.4 1 0.8
0.989356861682609 20.6520405659738 "experimento_70" 70 2000 1000 0.95 19 0.4 1 0.8
0.990574918454513 18.4411784043397 "experimento_70" 70 2000 1000 0.95 19 0.4 1 0.8
0.996409279759973 21.4770249652857 "experimento_70" 70 2000 1000 0.95 19 0.4 1 0.8
0.972263298230246 21.238589375006 "experimento_70" 70 2000 1000 0.95 19 0.4 1 0.8
0.99411453306675 17.2705522053204 "experimento_70" 70 2000 1000 0.95 19 0.4 1 0.8
0.991276288870722 20.9804694761582 "experimento_70" 70 2000 1000 0.95 19 0.4 1 0.8
0.978268625680357 16.9339030172093 "experimento_70" 70 2000 1000 0.95 19 0.4 1 0.8
0.988909546285868 18.4164786095026 "experimento_70" 70 2000 1000 0.95 19 0.4 1 0.8
0.978482257109135 18.8436404731767 "experimento_70" 70 2000 1000 0.95 19 0.4 1 0.8
0.995043061906472 16.2934358559863 "experimento_70" 70 2000 1000 0.95 19 0.4 1 0.8
0.987648022128269 23.7354234171358 "experimento_70" 70 2000 1000 0.95 19 0.4 1 0.8
0.968277214793488 16.6396377314796 "experimento_70" 70 2000 1000 0.95 19 0.4 1 0.8
0.989328164374456 17.7958539937933 "experimento_70" 70 2000 1000 0.95 19 0.4 1 0.8
0.997936649480835 20.8333124359847 "experimento_70" 70 2000 1000 0.95 19 0.4 1 0.8
0.998909639427438 18.1223915382965 "experimento_70" 70 2000 1000 0.95 19 0.4 1 0.8
0.966199434828013 16.9969877328208 "experimento_70" 70 2000 1000 0.95 19 0.4 1 0.8
0.992818912025541 19.303412322534 "experimento_70" 70 2000 1000 0.95 19 0.4 1 0.8
0.986739919520915 20.436413291297 "experimento_70" 70 2000 1000 0.95 19 0.4 1 0.8
0.998484235489741 21.4124468190051 "experimento_70" 70 2000 1000 0.95 19 0.4 1 0.8
0.955658178310841 15.8854181994477 "experimento_70" 70 2000 1000 0.95 19 0.4 1 0.8
0.997330290963873 21.6660166745531 "experimento_70" 70 2000 1000 0.95 19 0.4 1 0.8
0.989469571271911 19.9868548582212 "experimento_70" 70 2000 1000 0.95 19 0.4 1 0.8
0.974442056380212 17.1679755782941 "experimento_70" 70 2000 1000 0.95 19 0.4 1 0.8
0.951835960615426 15.8953211132265 "experimento_70" 70 2000 1000 0.95 19 0.4 1 0.8
0.983076338889077 17.6190903204047 "experimento_70" 70 2000 1000 0.95 19 0.4 1 0.8
0.985116905532777 21.0001882595932 "experimento_70" 70 2000 1000 0.95 19 0.4 1 0.8
0.988756146049127 18.6064458542171 "experimento_70" 70 2000 1000 0.95 19 0.4 1 0.8
0.991971757030115 20.9914341399918 "experimento_70" 70 2000 1000 0.95 19 0.4 1 0.8
1.0270427526465 21.5991688883395 "experimento_70" 70 2000 1000 0.95 19 0.4 1 0.8
0.999213548842818 22.7248608803765 "experimento_70" 70 2000 1000 0.95 19 0.4 1 0.8
0.969592215260491 16.7782563693278 "experimento_70" 70 2000 1000 0.95 19 0.4 1 0.8
0.986503421096131 21.3127599534562 "experimento_70" 70 2000 1000 0.95 19 0.4 1 0.8
0.984022534219548 19.9258025896995 "experimento_70" 70 2000 1000 0.95 19 0.4 1 0.8
0.970381548861042 17.567540198464 "experimento_70" 70 2000 1000 0.95 19 0.4 1 0.8
0.992598414421082 23.6719399775442 "experimento_70" 70 2000 1000 0.95 19 0.4 1 0.8
0.9887749790214 24.272825575785 "experimento_70" 70 2000 1000 0.95 19 0.4 1 0.8
0.947193583939224 15.308632088804 "experimento_70" 70 2000 1000 0.95 19 0.4 1 0.8
1.07019563543536 29.0455690106259 "experimento_70" 70 2000 1000 0.95 19 0.4 1 0.8
0.951764263445511 15.9916994655798 "experimento_70" 70 2000 1000 0.95 19 0.4 1 0.8
0.979761928319931 18.1092216077653 "experimento_70" 70 2000 1000 0.95 19 0.4 1 0.8
0.958001736551523 16.3967266837921 "experimento_70" 70 2000 1000 0.95 19 0.4 1 0.8
0.984936228021979 18.9641944799027 "experimento_70" 70 2000 1000 0.95 19 0.4 1 0.8
0.9777548215352 19.3865535834504 "experimento_70" 70 2000 1000 0.95 19 0.4 1 0.8
0.974320771638304 17.9323288634398 "experimento_70" 70 2000 1000 0.95 19 0.4 1 0.8
0.97376008098945 17.5558120047756 "experimento_70" 70 2000 1000 0.95 19 0.4 1 0.8
0.982939558569342 18.9541733819671 "experimento_70" 70 2000 1000 0.95 19 0.4 1 0.8
0.987561198417097 21.4555401430956 "experimento_70" 70 2000 1000 0.95 19 0.4 1 0.8
0.961201462196186 16.3936622149097 "experimento_70" 70 2000 1000 0.95 19 0.4 1 0.8
0.948816799558699 16.1892699981613 "experimento_70" 70 2000 1000 0.95 19 0.4 1 0.8
0.978714684955776 19.7434362715761 "experimento_70" 70 2000 1000 0.95 19 0.4 1 0.8
0.980721294181421 18.4362985712116 "experimento_70" 70 2000 1000 0.95 19 0.4 1 0.8
0.967780346050858 16.254228509894 "experimento_70" 70 2000 1000 0.95 19 0.4 1 0.8
0.961238321615383 17.856612430379 "experimento_70" 70 2000 1000 0.95 19 0.4 1 0.8
1.01451999958801 20.5227124736974 "experimento_70" 70 2000 1000 0.95 19 0.4 1 0.8
0.966858473373577 18.5356322746531 "experimento_70" 70 2000 1000 0.95 19 0.4 1 0.8
0.979952632449567 21.6453165489147 "experimento_70" 70 2000 1000 0.95 19 0.4 1 0.8
0.988397008972242 18.4246844566695 "experimento_70" 70 2000 1000 0.95 19 0.4 1 0.8
0.976785835577175 17.4931247718874 "experimento_70" 70 2000 1000 0.95 19 0.4 1 0.8
0.980518310563639 19.3018111012095 "experimento_70" 70 2000 1000 0.95 19 0.4 1 0.8
0.99622068204917 21.5255296195524 "experimento_70" 70 2000 1000 0.95 19 0.4 1 0.8
0.963303558761254 15.7951663032298 "experimento_70" 70 2000 1000 0.95 19 0.4 1 0.8
1.01437640600153 20.7529324417557 "experimento_70" 70 2000 1000 0.95 19 0.4 1 0.8
1.0376466951803 19.0388119482293 "experimento_70" 70 2000 1000 0.95 19 0.4 1 0.8
1.00143125941084 20.6330050760971 "experimento_70" 70 2000 1000 0.95 19 0.4 1 0.8
0.980750045273453 17.7104209070532 "experimento_70" 70 2000 1000 0.95 19 0.4 1 0.8
1.00317671566613 17.5406886530667 "experimento_70" 70 2000 1000 0.95 19 0.4 1 0.8
0.983704826794565 19.6009300626975 "experimento_70" 70 2000 1000 0.95 19 0.4 1 0.8
0.997273828368634 21.4082767283863 "experimento_70" 70 2000 1000 0.95 19 0.4 1 0.8
1.0244371285135 22.4349982173582 "experimento_70" 70 2000 1000 0.95 19 0.4 1 0.8
0.983973813941702 19.2694871862286 "experimento_70" 70 2000 1000 0.95 19 0.4 1 0.8
0.986173678422347 20.5249825691419 "experimento_70" 70 2000 1000 0.95 19 0.4 1 0.8
0.982526674401015 18.6872870235023 "experimento_70" 70 2000 1000 0.95 19 0.4 1 0.8
1.02478716345504 17.8205873780509 "experimento_70" 70 2000 1000 0.95 19 0.4 1 0.8
0.96779884188436 15.108433911196 "experimento_70" 70 2000 1000 0.95 19 0.4 1 0.8
0.986438470659778 18.0987919550323 "experimento_70" 70 2000 1000 0.95 19 0.4 1 0.8
0.980788433924317 19.2384828084061 "experimento_70" 70 2000 1000 0.95 19 0.4 1 0.8
0.953078515129164 15.4203363019135 "experimento_70" 70 2000 1000 0.95 19 0.4 1 0.8
0.982115202583373 19.2941629611869 "experimento_70" 70 2000 1000 0.95 19 0.4 1 0.8
0.983130159089342 19.1180628984634 "experimento_70" 70 2000 1000 0.95 19 0.4 1 0.8
0.952916224021465 15.7009846839133 "experimento_70" 70 2000 1000 0.95 19 0.4 1 0.8
0.924479280598462 14.021761757508 "experimento_70" 70 2000 1000 0.95 19 0.4 1 0.8
0.999177383026108 23.4278465913534 "experimento_70" 70 2000 1000 0.95 19 0.4 1 0.8
0.993156830314547 22.7521344588036 "experimento_70" 70 2000 1000 0.95 19 0.4 1 0.8
0.977734309621155 17.4809087295517 "experimento_70" 70 2000 1000 0.95 19 0.4 1 0.8
0.96945599000901 14.930018481836 "experimento_70" 70 2000 1000 0.95 19 0.4 1 0.8
0.994839817518368 21.2050126237277 "experimento_70" 70 2000 1000 0.95 19 0.4 1 0.8
1.00442139924117 19.4347878129171 "experimento_70" 70 2000 1000 0.95 19 0.4 1 0.8
0.996411610394716 20.9220534196944 "experimento_70" 70 2000 1000 0.95 19 0.4 1 0.8
0.982942359289154 19.6899902648302 "experimento_70" 70 2000 1000 0.95 19 0.4 1 0.8
0.995664408197626 19.8782017702357 "experimento_70" 70 2000 1000 0.95 19 0.4 1 0.8
0.983059162972495 21.086604872362 "experimento_70" 70 2000 1000 0.95 19 0.4 1 0.8
0.984142750035971 18.2861207012896 "experimento_70" 70 2000 1000 0.95 19 0.4 1 0.8
0.964594518998638 17.2131927781844 "experimento_70" 70 2000 1000 0.95 19 0.4 1 0.8
0.989022477297112 20.4697117438726 "experimento_70" 70 2000 1000 0.95 19 0.4 1 0.8
1.05349768724632 18.1241437664325 "experimento_70" 70 2000 1000 0.95 19 0.4 1 0.8
0.976141258142889 17.1407328583858 "experimento_70" 70 2000 1000 0.95 19 0.4 1 0.8
0.993132778909057 20.9215290612242 "experimento_70" 70 2000 1000 0.95 19 0.4 1 0.8
0.966998458839953 16.6992245850213 "experimento_70" 70 2000 1000 0.95 19 0.4 1 0.8
0.974943676963449 16.6608825762085 "experimento_70" 70 2000 1000 0.95 19 0.4 1 0.8
0.980110066011548 17.2688559002921 "experimento_70" 70 2000 1000 0.95 19 0.4 1 0.8
0.995332289719954 23.2630401870283 "experimento_70" 70 2000 1000 0.95 19 0.4 1 0.8
0.982356512919068 18.5296837856505 "experimento_70" 70 2000 1000 0.95 19 0.4 1 0.8
0.982856796821579 17.955862873916 "experimento_70" 70 2000 1000 0.95 19 0.4 1 0.8
0.981400474207476 18.6312345124195 "experimento_70" 70 2000 1000 0.95 19 0.4 1 0.8
0.974860108457506 16.1746768133319 "experimento_70" 70 2000 1000 0.95 19 0.4 1 0.8
0.974129001609981 20.8387870762757 "experimento_70" 70 2000 1000 0.95 19 0.4 1 0.8
0.997955875238404 20.8400724725131 "experimento_70" 70 2000 1000 0.95 19 0.4 1 0.8
0.995179889723659 19.9768357645831 "experimento_70" 70 2000 1000 0.95 19 0.4 1 0.8
0.978440896142274 16.658791663223 "experimento_70" 70 2000 1000 0.95 19 0.4 1 0.8
0.97948449361138 18.6605892627206 "experimento_70" 70 2000 1000 0.95 19 0.4 1 0.8
0.973377296002582 17.1187568007597 "experimento_70" 70 2000 1000 0.95 19 0.4 1 0.8
0.985828689532354 19.0390014701696 "experimento_70" 70 2000 1000 0.95 19 0.4 1 0.8
0.984282907098532 17.9197444826835 "experimento_70" 70 2000 1000 0.95 19 0.4 1 0.8
0.975278907222673 19.1975398117764 "experimento_70" 70 2000 1000 0.95 19 0.4 1 0.8
0.976368473377079 15.8410278361093 "experimento_70" 70 2000 1000 0.95 19 0.4 1 0.8
0.975475234678015 17.6581347819865 "experimento_70" 70 2000 1000 0.95 19 0.4 1 0.8
0.963454670272768 17.2495718135474 "experimento_70" 70 2000 1000 0.95 19 0.4 1 0.8
0.99865552643314 18.7956814034324 "experimento_70" 70 2000 1000 0.95 19 0.4 1 0.8
0.993664944544435 22.0051942936298 "experimento_70" 70 2000 1000 0.95 19 0.4 1 0.8
0.988411229103804 21.8763086748043 "experimento_70" 70 2000 1000 0.95 19 0.4 1 0.8
0.981756331166252 18.0198769047629 "experimento_70" 70 2000 1000 0.95 19 0.4 1 0.8
1.00770568406503 19.3091179659485 "experimento_70" 70 2000 1000 0.95 19 0.4 1 0.8
0.967009605839849 15.1813267109892 "experimento_70" 70 2000 1000 0.95 19 0.4 1 0.8
0.93172600842081 14.9655379524807 "experimento_70" 70 2000 1000 0.95 19 0.4 1 0.8
1.01702967219937 18.5562813161271 "experimento_70" 70 2000 1000 0.95 19 0.4 1 0.8
0.964195505250245 17.6417242136483 "experimento_70" 70 2000 1000 0.95 19 0.4 1 0.8
1.0105404580894 22.0244747887893 "experimento_70" 70 2000 1000 0.95 19 0.4 1 0.8
0.986340378411114 18.2928210261172 "experimento_70" 70 2000 1000 0.95 19 0.4 1 0.8
0.990410971688107 21.1440962718458 "experimento_70" 70 2000 1000 0.95 19 0.4 1 0.8
0.981076803524047 16.7484498611124 "experimento_70" 70 2000 1000 0.95 19 0.4 1 0.8
0.993969146395102 19.7218278142188 "experimento_70" 70 2000 1000 0.95 19 0.4 1 0.8
0.984044146956876 20.8033330159619 "experimento_70" 70 2000 1000 0.95 19 0.4 1 0.8
0.985360285034403 20.0815495862665 "experimento_70" 70 2000 1000 0.95 19 0.4 1 0.8
0.985237855231389 16.8152080222701 "experimento_70" 70 2000 1000 0.95 19 0.4 1 0.8
0.979476822540164 17.2917983993582 "experimento_70" 70 2000 1000 0.95 19 0.4 1 0.8
0.942997414851561 14.5496596727553 "experimento_70" 70 2000 1000 0.95 19 0.4 1 0.8
0.978511084103957 15.3161092034481 "experimento_70" 70 2000 1000 0.95 19 0.4 1 0.8
0.969448286807165 17.5914875199279 "experimento_70" 70 2000 1000 0.95 19 0.4 1 0.8
0.99161916715093 19.5165294758684 "experimento_70" 70 2000 1000 0.95 19 0.4 1 0.8
0.96782001433894 17.3347832982771 "experimento_70" 70 2000 1000 0.95 19 0.4 1 0.8
1.02341994949567 18.505855375098 "experimento_70" 70 2000 1000 0.95 19 0.4 1 0.8
1.0099126284844 18.8541100804223 "experimento_70" 70 2000 1000 0.95 19 0.4 1 0.8
0.977222588378936 19.1228318577025 "experimento_70" 70 2000 1000 0.95 19 0.4 1 0.8
0.959952433826402 17.2564225296178 "experimento_70" 70 2000 1000 0.95 19 0.4 1 0.8
0.97900241962634 20.8776642379781 "experimento_70" 70 2000 1000 0.95 19 0.4 1 0.8
0.969643612159416 16.8435269931137 "experimento_70" 70 2000 1000 0.95 19 0.4 1 0.8
0.970099095953628 17.7363655768302 "experimento_70" 70 2000 1000 0.95 19 0.4 1 0.8
0.997264374047518 17.2551970844981 "experimento_70" 70 2000 1000 0.95 19 0.4 1 0.8
0.979636798612773 19.798373793832 "experimento_70" 70 2000 1000 0.95 19 0.4 1 0.8
0.994226688751951 20.6257037193449 "experimento_70" 70 2000 1000 0.95 19 0.4 1 0.8
0.971493724733591 18.3837783691553 "experimento_70" 70 2000 1000 0.95 19 0.4 1 0.8
0.974738497519866 18.2704685996072 "experimento_70" 70 2000 1000 0.95 19 0.4 1 0.8
0.995594437234104 20.5069921982907 "experimento_70" 70 2000 1000 0.95 19 0.4 1 0.8
0.97218135278672 18.7058565143854 "experimento_70" 70 2000 1000 0.95 19 0.4 1 0.8
1.02430950029347 16.8994945944182 "experimento_70" 70 2000 1000 0.95 19 0.4 1 0.8
0.971355971647426 18.0308436253774 "experimento_70" 70 2000 1000 0.95 19 0.4 1 0.8
0.99594894470647 22.5320611476292 "experimento_70" 70 2000 1000 0.95 19 0.4 1 0.8
0.97997251432389 17.4144195845671 "experimento_70" 70 2000 1000 0.95 19 0.4 1 0.8
0.963397070299834 16.7469329655485 "experimento_70" 70 2000 1000 0.95 19 0.4 1 0.8
1.03249848570283 16.7664561203035 "experimento_70" 70 2000 1000 0.95 19 0.4 1 0.8
0.976631476311013 15.3543236921627 "experimento_70" 70 2000 1000 0.95 19 0.4 1 0.8
0.983524628449231 16.494058082327 "experimento_70" 70 2000 1000 0.95 19 0.4 1 0.8
0.984732508892193 18.0891334433976 "experimento_70" 70 2000 1000 0.95 19 0.4 1 0.8
1.01807532371267 21.7329471869564 "experimento_70" 70 2000 1000 0.95 19 0.4 1 0.8
0.979610984679312 16.3498038067794 "experimento_70" 70 2000 1000 0.95 19 0.4 1 0.8
1.00573733262463 20.6105401004907 "experimento_70" 70 2000 1000 0.95 19 0.4 1 0.8
1.02009259676561 24.1166801603317 "experimento_70" 70 2000 1000 0.95 19 0.4 1 0.8
0.976862068288028 16.7076708575608 "experimento_70" 70 2000 1000 0.95 19 0.4 1 0.8
0.973569289548323 16.931780535037 "experimento_70" 70 2000 1000 0.95 19 0.4 1 0.8
1.00861669741081 21.1018926758972 "experimento_70" 70 2000 1000 0.95 19 0.4 1 0.8
1.01971983931665 21.3802146172741 "experimento_70" 70 2000 1000 0.95 19 0.4 1 0.8
0.981048702960834 17.9406960244246 "experimento_70" 70 2000 1000 0.95 19 0.4 1 0.8
0.982302429387346 20.5309063493936 "experimento_70" 70 2000 1000 0.95 19 0.4 1 0.8
0.97796375490725 19.1476357534091 "experimento_70" 70 2000 1000 0.95 19 0.4 1 0.8
0.976027448195964 17.3983970466124 "experimento_70" 70 2000 1000 0.95 19 0.4 1 0.8
0.973837809637189 19.8761588704366 "experimento_70" 70 2000 1000 0.95 19 0.4 1 0.8
0.990758685627952 19.6148202431614 "experimento_70" 70 2000 1000 0.95 19 0.4 1 0.8
0.983630265807733 20.656128724781 "experimento_70" 70 2000 1000 0.95 19 0.4 1 0.8
0.997885651420802 22.6528531359087 "experimento_70" 70 2000 1000 0.95 19 0.4 1 0.8
0.990465137176216 19.1633687729892 "experimento_70" 70 2000 1000 0.95 19 0.4 1 0.8
0.995147678535432 16.0674843288363 "experimento_70" 70 2000 1000 0.95 19 0.4 1 0.8
1.01709679117866 19.9044704274793 "experimento_70" 70 2000 1000 0.95 19 0.4 1 0.8
0.976474816678092 19.1211968290686 "experimento_70" 70 2000 1000 0.95 19 0.4 1 0.8
0.981289377203211 17.2650258695072 "experimento_70" 70 2000 1000 0.95 19 0.4 1 0.8
0.958804367808625 17.5987833178287 "experimento_70" 70 2000 1000 0.95 19 0.4 1 0.8
0.961735418997705 15.2173864182067 "experimento_70" 70 2000 1000 0.95 19 0.4 1 0.8
0.970487739192322 20.3432417054736 "experimento_70" 70 2000 1000 0.95 19 0.4 1 0.8
0.995806002989411 21.3493904218801 "experimento_70" 70 2000 1000 0.95 19 0.4 1 0.8
0.968721546698362 16.8669899549625 "experimento_70" 70 2000 1000 0.95 19 0.4 1 0.8
0.967873187270015 17.2474978432759 "experimento_70" 70 2000 1000 0.95 19 0.4 1 0.8
0.995058808941394 18.2117778944331 "experimento_70" 70 2000 1000 0.95 19 0.4 1 0.8
0.952183860586956 15.6133062845095 "experimento_70" 70 2000 1000 0.95 19 0.4 1 0.8
1.02650364533872 24.1935318284394 "experimento_70" 70 2000 1000 0.95 19 0.4 1 0.8
0.983042777283117 21.3871096108491 "experimento_70" 70 2000 1000 0.95 19 0.4 1 0.8
0.981270672986284 16.6392479459598 "experimento_70" 70 2000 1000 0.95 19 0.4 1 0.8
0.9955174846109 19.7946274126457 "experimento_70" 70 2000 1000 0.95 19 0.4 1 0.8
1.00225229970621 20.9202139048063 "experimento_70" 70 2000 1000 0.95 19 0.4 1 0.8
1.03507944730748 27.1824853050969 "experimento_70" 70 2000 1000 0.95 19 0.4 1 0.8
0.990901827113703 18.6135459615113 "experimento_70" 70 2000 1000 0.95 19 0.4 1 0.8
0.983833311591297 17.6911368444591 "experimento_70" 70 2000 1000 0.95 19 0.4 1 0.8
1.03420751786938 21.5382582504647 "experimento_70" 70 2000 1000 0.95 19 0.4 1 0.8
0.990092583466321 20.3205835829891 "experimento_70" 70 2000 1000 0.95 19 0.4 1 0.8
0.947549350792542 16.4693700767662 "experimento_70" 70 2000 1000 0.95 19 0.4 1 0.8
0.962538015563041 15.9243214455084 "experimento_70" 70 2000 1000 0.95 19 0.4 1 0.8
0.98170945327729 16.1746720635511 "experimento_70" 70 2000 1000 0.95 19 0.4 1 0.8
0.996975409099832 19.390835326738 "experimento_70" 70 2000 1000 0.95 19 0.4 1 0.8
0.983927145600319 18.1606263030847 "experimento_70" 70 2000 1000 0.95 19 0.4 1 0.8
0.968158234609291 16.418605395613 "experimento_70" 70 2000 1000 0.95 19 0.4 1 0.8
0.997049739817157 21.2813585628587 "experimento_70" 70 2000 1000 0.95 19 0.4 1 0.8
0.959252891130745 20.350000596809 "experimento_70" 70 2000 1000 0.95 19 0.4 1 0.8
0.973726115887985 18.2902124278726 "experimento_70" 70 2000 1000 0.95 19 0.4 1 0.8
1.00325568216412 19.0398988245228 "experimento_70" 70 2000 1000 0.95 19 0.4 1 0.8
0.988397461362183 19.2281122934007 "experimento_70" 70 2000 1000 0.95 19 0.4 1 0.8
0.96806329395622 19.9895407777806 "experimento_70" 70 2000 1000 0.95 19 0.4 1 0.8
0.981854326557368 20.4444339799843 "experimento_70" 70 2000 1000 0.95 19 0.4 1 0.8
0.967032977379858 16.0926600300721 "experimento_70" 70 2000 1000 0.95 19 0.4 1 0.8
0.976368783274665 16.4789874527203 "experimento_70" 70 2000 1000 0.95 19 0.4 1 0.8
0.968450724380091 17.9837849043799 "experimento_70" 70 2000 1000 0.95 19 0.4 1 0.8
0.98648342420347 16.6915673341924 "experimento_70" 70 2000 1000 0.95 19 0.4 1 0.8
0.993514545494691 18.1960792929526 "experimento_70" 70 2000 1000 0.95 19 0.4 1 0.8
0.988190107513219 15.9339586939993 "experimento_70" 70 2000 1000 0.95 19 0.4 1 0.8
0.953926638234407 16.4883182392983 "experimento_70" 70 2000 1000 0.95 19 0.4 1 0.8
0.977774008642882 19.3327867411601 "experimento_70" 70 2000 1000 0.95 19 0.4 1 0.8
0.997072651050985 19.8193247591442 "experimento_70" 70 2000 1000 0.95 19 0.4 1 0.8
0.984055859735236 20.7424357189832 "experimento_70" 70 2000 1000 0.95 19 0.4 1 0.8
0.968174303416163 17.6266357004853 "experimento_70" 70 2000 1000 0.95 19 0.4 1 0.8
0.977465158095583 17.7217733345952 "experimento_70" 70 2000 1000 0.95 19 0.4 1 0.8
0.981350691989064 20.5132648803529 "experimento_70" 70 2000 1000 0.95 19 0.4 1 0.8
0.957470549736172 16.4145866811414 "experimento_70" 70 2000 1000 0.95 19 0.4 1 0.8
0.977815016871318 16.7554924259787 "experimento_70" 70 2000 1000 0.95 19 0.4 1 0.8
0.964420528849587 15.8327318281149 "experimento_70" 70 2000 1000 0.95 19 0.4 1 0.8
0.979545568814501 18.6787670091567 "experimento_70" 70 2000 1000 0.95 19 0.4 1 0.8
0.962919183075428 18.7612996520315 "experimento_70" 70 2000 1000 0.95 19 0.4 1 0.8
0.989633854478598 20.4264327181089 "experimento_70" 70 2000 1000 0.95 19 0.4 1 0.8
0.973088912433013 15.837723967711 "experimento_70" 70 2000 1000 0.95 19 0.4 1 0.8
0.975469901924953 18.0153025360549 "experimento_70" 70 2000 1000 0.95 19 0.4 1 0.8
0.982791002839804 18.3519663609877 "experimento_70" 70 2000 1000 0.95 19 0.4 1 0.8
1.00778040196364 19.07764555859 "experimento_70" 70 2000 1000 0.95 19 0.4 1 0.8
0.968456167262048 17.4418079665511 "experimento_70" 70 2000 1000 0.95 19 0.4 1 0.8
1.02304686128371 24.4191200132856 "experimento_70" 70 2000 1000 0.95 19 0.4 1 0.8
0.985256548970938 19.1375163337777 "experimento_70" 70 2000 1000 0.95 19 0.4 1 0.8
1.02526590552386 17.9113971427446 "experimento_70" 70 2000 1000 0.95 19 0.4 1 0.8
0.976805599173531 17.5770845432415 "experimento_70" 70 2000 1000 0.95 19 0.4 1 0.8
0.983830217039213 18.8007371724094 "experimento_70" 70 2000 1000 0.95 19 0.4 1 0.8
0.985924895852804 18.5994251666003 "experimento_70" 70 2000 1000 0.95 19 0.4 1 0.8
1.00139851306908 17.9229768601356 "experimento_70" 70 2000 1000 0.95 19 0.4 1 0.8
0.986339766532183 20.0315670341213 "experimento_70" 70 2000 1000 0.95 19 0.4 1 0.8
0.989863781724125 16.0459921076317 "experimento_70" 70 2000 1000 0.95 19 0.4 1 0.8
0.982304729754105 17.7650900264886 "experimento_70" 70 2000 1000 0.95 19 0.4 1 0.8
0.99401453952305 17.882205273669 "experimento_70" 70 2000 1000 0.95 19 0.4 1 0.8
0.964367963606492 16.7121377562004 "experimento_70" 70 2000 1000 0.95 19 0.4 1 0.8
0.947659262223169 15.6935041106932 "experimento_70" 70 2000 1000 0.95 19 0.4 1 0.8
0.985705439234152 18.1959006355474 "experimento_70" 70 2000 1000 0.95 19 0.4 1 0.8
0.982883119955659 20.7193496963497 "experimento_70" 70 2000 1000 0.95 19 0.4 1 0.8
0.96946849534288 17.622033613603 "experimento_70" 70 2000 1000 0.95 19 0.4 1 0.8
0.998096910072491 21.1721995989854 "experimento_70" 70 2000 1000 0.95 19 0.4 1 0.8
1.01176155369181 22.8967681836955 "experimento_70" 70 2000 1000 0.95 19 0.4 1 0.8
0.972795101813972 19.8046001752873 "experimento_70" 70 2000 1000 0.95 19 0.4 1 0.8
0.949779035057873 17.0641336630869 "experimento_70" 70 2000 1000 0.95 19 0.4 1 0.8
1.04896835892232 15.53819086418 "experimento_70" 70 2000 1000 0.95 19 0.4 1 0.8
0.992832468356937 16.7502439328944 "experimento_70" 70 2000 1000 0.95 19 0.4 1 0.8
0.975125174736604 17.7813550951977 "experimento_70" 70 2000 1000 0.95 19 0.4 1 0.8
0.991686197463423 17.7382432517932 "experimento_70" 70 2000 1000 0.95 19 0.4 1 0.8
0.987568858778104 18.4416217108791 "experimento_70" 70 2000 1000 0.95 19 0.4 1 0.8
0.993139846948907 17.9092002024579 "experimento_70" 70 2000 1000 0.95 19 0.4 1 0.8
0.989748569671065 21.0277778373378 "experimento_70" 70 2000 1000 0.95 19 0.4 1 0.8
0.990643506171182 19.8089358417968 "experimento_70" 70 2000 1000 0.95 19 0.4 1 0.8
1.00366670522399 23.3599407335993 "experimento_70" 70 2000 1000 0.95 19 0.4 1 0.8
0.982813836541027 17.0445283608805 "experimento_70" 70 2000 1000 0.95 19 0.4 1 0.8
0.949176671449095 15.7571973061324 "experimento_70" 70 2000 1000 0.95 19 0.4 1 0.8
0.98913271096535 21.7316918287797 "experimento_70" 70 2000 1000 0.95 19 0.4 1 0.8
1.02881217395004 20.3671700429199 "experimento_70" 70 2000 1000 0.95 19 0.4 1 0.8
0.971270154230297 16.4045493080931 "experimento_70" 70 2000 1000 0.95 19 0.4 1 0.8
0.941652192501351 14.3243521149472 "experimento_70" 70 2000 1000 0.95 19 0.4 1 0.8
1.00290639462909 20.2632073569769 "experimento_70" 70 2000 1000 0.95 19 0.4 1 0.8
0.979233803693205 19.0904868454493 "experimento_70" 70 2000 1000 0.95 19 0.4 1 0.8
1.00917731099635 19.9306222091643 "experimento_70" 70 2000 1000 0.95 19 0.4 1 0.8
0.98003888479434 17.1525618423532 "experimento_70" 70 2000 1000 0.95 19 0.4 1 0.8
0.987726457649842 19.6765301676573 "experimento_70" 70 2000 1000 0.95 19 0.4 1 0.8
0.96209367015399 15.6712430946872 "experimento_70" 70 2000 1000 0.95 19 0.4 1 0.8
1.01287545383859 21.2687589540241 "experimento_70" 70 2000 1000 0.95 19 0.4 1 0.8
0.961796689545736 17.2244305567743 "experimento_70" 70 2000 1000 0.95 19 0.4 1 0.8
0.975955858360976 17.2991971249285 "experimento_70" 70 2000 1000 0.95 19 0.4 1 0.8
0.963398717576638 16.2319070049301 "experimento_70" 70 2000 1000 0.95 19 0.4 1 0.8
0.984227046370506 16.3433871316284 "experimento_70" 70 2000 1000 0.95 19 0.4 1 0.8
0.974649640731514 18.0625763286842 "experimento_70" 70 2000 1000 0.95 19 0.4 1 0.8
0.972840517526492 17.5778274434369 "experimento_70" 70 2000 1000 0.95 19 0.4 1 0.8
0.979227266274393 16.7767694109017 "experimento_70" 70 2000 1000 0.95 19 0.4 1 0.8
0.97972214827314 17.6045531256626 "experimento_70" 70 2000 1000 0.95 19 0.4 1 0.8
0.989398221950978 17.9208903434838 "experimento_70" 70 2000 1000 0.95 19 0.4 1 0.8
0.963223628001288 16.3404962487248 "experimento_70" 70 2000 1000 0.95 19 0.4 1 0.8
0.993206995073706 21.5180376746889 "experimento_70" 70 2000 1000 0.95 19 0.4 1 0.8
1.00570219073837 20.0687253379076 "experimento_70" 70 2000 1000 0.95 19 0.4 1 0.8
0.982059043133631 18.7505830479688 "experimento_70" 70 2000 1000 0.95 19 0.4 1 0.8
1.00316137413641 18.8306215877113 "experimento_70" 70 2000 1000 0.95 19 0.4 1 0.8
0.999790907837451 18.669006562829 "experimento_70" 70 2000 1000 0.95 19 0.4 1 0.8
0.985838012304157 17.9119751633879 "experimento_70" 70 2000 1000 0.95 19 0.4 1 0.8
1.01346985937486 21.9089551040358 "experimento_70" 70 2000 1000 0.95 19 0.4 1 0.8
0.993460026569664 17.6405604643993 "experimento_70" 70 2000 1000 0.95 19 0.4 1 0.8
1.00171835075966 18.3942097299053 "experimento_70" 70 2000 1000 0.95 19 0.4 1 0.8
0.976720002945513 18.9301891680029 "experimento_70" 70 2000 1000 0.95 19 0.4 1 0.8
0.969300947384909 17.6472254431302 "experimento_70" 70 2000 1000 0.95 19 0.4 1 0.8
0.983671205351129 16.8316039315486 "experimento_70" 70 2000 1000 0.95 19 0.4 1 0.8
0.995067958254367 20.8151045658172 "experimento_70" 70 2000 1000 0.95 19 0.4 1 0.8
0.988155303988606 20.230199910243 "experimento_70" 70 2000 1000 0.95 19 0.4 1 0.8
0.975491256220266 16.7797401917637 "experimento_70" 70 2000 1000 0.95 19 0.4 1 0.8
1.00501028012092 17.6157291560248 "experimento_70" 70 2000 1000 0.95 19 0.4 1 0.8
0.995110487798229 20.0309455024529 "experimento_70" 70 2000 1000 0.95 19 0.4 1 0.8
0.957455313531682 17.5234167179664 "experimento_70" 70 2000 1000 0.95 19 0.4 1 0.8
0.97649990580976 17.2925407566052 "experimento_70" 70 2000 1000 0.95 19 0.4 1 0.8
1.00018537578295 18.8348340353288 "experimento_70" 70 2000 1000 0.95 19 0.4 1 0.8
0.990103240590543 20.0004363592932 "experimento_70" 70 2000 1000 0.95 19 0.4 1 0.8
0.977061265846714 18.0107524936851 "experimento_70" 70 2000 1000 0.95 19 0.4 1 0.8
0.952719933586195 17.353565016768 "experimento_70" 70 2000 1000 0.95 19 0.4 1 0.8
1.04190663664958 28.033111835346 "experimento_70" 70 2000 1000 0.95 19 0.4 1 0.8
0.998477284796536 20.4406111924529 "experimento_70" 70 2000 1000 0.95 19 0.4 1 0.8
0.988490468123928 19.3062793254773 "experimento_70" 70 2000 1000 0.95 19 0.4 1 0.8
1.01571366580595 20.2682161057769 "experimento_70" 70 2000 1000 0.95 19 0.4 1 0.8
0.991833051433787 18.7347253602203 "experimento_70" 70 2000 1000 0.95 19 0.4 1 0.8
0.977052237372845 18.8449590737558 "experimento_70" 70 2000 1000 0.95 19 0.4 1 0.8
0.997344653820619 22.5699197561703 "experimento_70" 70 2000 1000 0.95 19 0.4 1 0.8
1.00472568457454 20.34016175623 "experimento_70" 70 2000 1000 0.95 19 0.4 1 0.8
0.970623474800959 19.1519713883963 "experimento_70" 70 2000 1000 0.95 19 0.4 1 0.8
0.963570908410475 17.4954597278222 "experimento_70" 70 2000 1000 0.95 19 0.4 1 0.8
0.991067383438349 18.662802058753 "experimento_70" 70 2000 1000 0.95 19 0.4 1 0.8
0.988245584303513 17.3495739678696 "experimento_70" 70 2000 1000 0.95 19 0.4 1 0.8
0.997342127375305 18.6570646686993 "experimento_70" 70 2000 1000 0.95 19 0.4 1 0.8
0.967316308291629 19.3070037544487 "experimento_70" 70 2000 1000 0.95 19 0.4 1 0.8
0.981050779810175 19.8318712829698 "experimento_70" 70 2000 1000 0.95 19 0.4 1 0.8
0.976685859961435 21.1889067753963 "experimento_70" 70 2000 1000 0.95 19 0.4 1 0.8
0.979683869984001 16.5542830107031 "experimento_70" 70 2000 1000 0.95 19 0.4 1 0.8
1.01160492799226 24.7227374445172 "experimento_70" 70 2000 1000 0.95 19 0.4 1 0.8
0.987181455828249 19.5183846654867 "experimento_70" 70 2000 1000 0.95 19 0.4 1 0.8
1.01013393668262 18.4940682284849 "experimento_70" 70 2000 1000 0.95 19 0.4 1 0.8
0.961575454100966 14.7177033188597 "experimento_70" 70 2000 1000 0.95 19 0.4 1 0.8
0.976789882872254 19.0812420880491 "experimento_70" 70 2000 1000 0.95 19 0.4 1 0.8
0.988934811670333 20.7523600696422 "experimento_70" 70 2000 1000 0.95 19 0.4 1 0.8
0.97482435265556 16.3958848859497 "experimento_70" 70 2000 1000 0.95 19 0.4 1 0.8
0.989379619248211 19.2808381717963 "experimento_70" 70 2000 1000 0.95 19 0.4 1 0.8
0.992346828570589 21.022199705622 "experimento_70" 70 2000 1000 0.95 19 0.4 1 0.8
0.985213180538267 16.6707259297156 "experimento_70" 70 2000 1000 0.95 19 0.4 1 0.8
0.978046180680394 18.0214638957589 "experimento_70" 70 2000 1000 0.95 19 0.4 1 0.8
0.977449389174581 18.0413428829344 "experimento_70" 70 2000 1000 0.95 19 0.4 1 0.8
0.94587103347294 17.0238501431853 "experimento_70" 70 2000 1000 0.95 19 0.4 1 0.8
0.966270807897672 18.2634042082462 "experimento_70" 70 2000 1000 0.95 19 0.4 1 0.8
0.980206193169579 17.2809050393167 "experimento_70" 70 2000 1000 0.95 19 0.4 1 0.8
0.964982837904245 17.9915061599871 "experimento_70" 70 2000 1000 0.95 19 0.4 1 0.8
1.00589440135579 19.6571067883182 "experimento_70" 70 2000 1000 0.95 19 0.4 1 0.8
0.991082038497552 19.1054708426723 "experimento_70" 70 2000 1000 0.95 19 0.4 1 0.8
1.01594524347763 23.3596875157696 "experimento_70" 70 2000 1000 0.95 19 0.4 1 0.8
0.973807353526354 18.1291715743284 "experimento_70" 70 2000 1000 0.95 19 0.4 1 0.8
0.968521072296426 19.1367941011901 "experimento_70" 70 2000 1000 0.95 19 0.4 1 0.8
1.00554964786984 20.5797180245422 "experimento_70" 70 2000 1000 0.95 19 0.4 1 0.8
1.00336134043127 18.176717462798 "experimento_70" 70 2000 1000 0.95 19 0.4 1 0.8
0.958910855697468 17.0152709723962 "experimento_70" 70 2000 1000 0.95 19 0.4 1 0.8
0.994224002817646 21.3108143011135 "experimento_70" 70 2000 1000 0.95 19 0.4 1 0.8
0.989667136687785 19.1245342231907 "experimento_70" 70 2000 1000 0.95 19 0.4 1 0.8
1.00689785192279 17.9506640791194 "experimento_70" 70 2000 1000 0.95 19 0.4 1 0.8
1.00049759079947 25.3144900017298 "experimento_70" 70 2000 1000 0.95 19 0.4 1 0.8
0.99398630624637 21.1790930191869 "experimento_70" 70 2000 1000 0.95 19 0.4 1 0.8
0.991872793529183 18.6045991285563 "experimento_70" 70 2000 1000 0.95 19 0.4 1 0.8
0.992042996920645 19.0182575912482 "experimento_70" 70 2000 1000 0.95 19 0.4 1 0.8
0.986601094016805 17.865911557119 "experimento_70" 70 2000 1000 0.95 19 0.4 1 0.8
0.968600946245715 17.7807435512972 "experimento_70" 70 2000 1000 0.95 19 0.4 1 0.8
0.972577275475487 18.7817920432227 "experimento_70" 70 2000 1000 0.95 19 0.4 1 0.8
1.03159135545751 20.2477174893312 "experimento_70" 70 2000 1000 0.95 19 0.4 1 0.8
0.987271597608924 20.2473277735466 "experimento_70" 70 2000 1000 0.95 19 0.4 1 0.8
0.966071050381288 17.270276021756 "experimento_70" 70 2000 1000 0.95 19 0.4 1 0.8
1.00655178344225 15.1544761440251 "experimento_70" 70 2000 1000 0.95 19 0.4 1 0.8
0.976387277245522 17.2021260309772 "experimento_70" 70 2000 1000 0.95 19 0.4 1 0.8
0.981815651990473 19.3965755529106 "experimento_70" 70 2000 1000 0.95 19 0.4 1 0.8
1.00401851199077 18.5097450809254 "experimento_70" 70 2000 1000 0.95 19 0.4 1 0.8
0.986488280352205 18.3650259586006 "experimento_70" 70 2000 1000 0.95 19 0.4 1 0.8
0.988952480955049 20.5743114323967 "experimento_70" 70 2000 1000 0.95 19 0.4 1 0.8
0.985779251437634 19.4160135737146 "experimento_70" 70 2000 1000 0.95 19 0.4 1 0.8
0.999277250375599 19.8872924176505 "experimento_70" 70 2000 1000 0.95 19 0.4 1 0.8
0.971262791892514 18.4741798786844 "experimento_70" 70 2000 1000 0.95 19 0.4 1 0.8
0.98051926586777 19.7126748773622 "experimento_70" 70 2000 1000 0.95 19 0.4 1 0.8
0.967207097215578 15.437380169531 "experimento_70" 70 2000 1000 0.95 19 0.4 1 0.8
1.00702904433672 20.8832024083052 "experimento_70" 70 2000 1000 0.95 19 0.4 1 0.8
0.996763558825478 24.8673420267083 "experimento_70" 70 2000 1000 0.95 19 0.4 1 0.8
0.988142758142203 21.0637867619081 "experimento_70" 70 2000 1000 0.95 19 0.4 1 0.8
0.989804340526462 18.4467465100735 "experimento_70" 70 2000 1000 0.95 19 0.4 1 0.8
0.977094756904989 19.7650967615995 "experimento_70" 70 2000 1000 0.95 19 0.4 1 0.8
0.975627196487039 18.8938005855941 "experimento_70" 70 2000 1000 0.95 19 0.4 1 0.8
0.964113788679242 15.0768115707673 "experimento_70" 70 2000 1000 0.95 19 0.4 1 0.8
0.98967963969335 20.6336865088129 "experimento_70" 70 2000 1000 0.95 19 0.4 1 0.8
0.967309727333486 17.6098437069503 "experimento_70" 70 2000 1000 0.95 19 0.4 1 0.8
0.984191042836756 20.3463139175019 "experimento_70" 70 2000 1000 0.95 19 0.4 1 0.8
0.96016398514621 15.9381225252312 "experimento_70" 70 2000 1000 0.95 19 0.4 1 0.8
0.991219115909189 21.5330537253662 "experimento_70" 70 2000 1000 0.95 19 0.4 1 0.8
0.996114057023078 18.7520702331605 "experimento_70" 70 2000 1000 0.95 19 0.4 1 0.8
0.999533087247983 22.9990219980773 "experimento_70" 70 2000 1000 0.95 19 0.4 1 0.8
0.975251307478175 17.310197299889 "experimento_70" 70 2000 1000 0.95 19 0.4 1 0.8
0.961320721311495 17.1831048515581 "experimento_70" 70 2000 1000 0.95 19 0.4 1 0.8
0.984639256028458 19.6874694752847 "experimento_70" 70 2000 1000 0.95 19 0.4 1 0.8
0.971264547202736 16.6988208240167 "experimento_70" 70 2000 1000 0.95 19 0.4 1 0.8
0.995631975820288 20.328910889063 "experimento_70" 70 2000 1000 0.95 19 0.4 1 0.8
0.990054117050022 17.9672935999188 "experimento_70" 70 2000 1000 0.95 19 0.4 1 0.8
0.976927909767255 17.3898558539842 "experimento_70" 70 2000 1000 0.95 19 0.4 1 0.8
0.999137982027605 19.0227372210747 "experimento_70" 70 2000 1000 0.95 19 0.4 1 0.8
0.975582224782556 18.9876322375783 "experimento_70" 70 2000 1000 0.95 19 0.4 1 0.8
0.984383260831237 21.0173157520479 "experimento_70" 70 2000 1000 0.95 19 0.4 1 0.8
0.966813416453078 18.4166721168456 "experimento_70" 70 2000 1000 0.95 19 0.4 1 0.8
0.981571284122765 17.4174181380799 "experimento_70" 70 2000 1000 0.95 19 0.4 1 0.8
0.952057932736352 16.6085328684304 "experimento_70" 70 2000 1000 0.95 19 0.4 1 0.8
0.967483424814418 17.9140106147176 "experimento_70" 70 2000 1000 0.95 19 0.4 1 0.8
0.994300009217113 19.2634786501986 "experimento_70" 70 2000 1000 0.95 19 0.4 1 0.8
1.02047763529577 20.6535584163113 "experimento_70" 70 2000 1000 0.95 19 0.4 1 0.8
0.976114720571786 15.7239498407835 "experimento_70" 70 2000 1000 0.95 19 0.4 1 0.8
0.987785637844354 17.7623780619671 "experimento_70" 70 2000 1000 0.95 19 0.4 1 0.8
0.992406293516979 18.1705324644279 "experimento_70" 70 2000 1000 0.95 19 0.4 1 0.8
0.976563018513843 19.6871696005132 "experimento_70" 70 2000 1000 0.95 19 0.4 1 0.8
0.970167054794729 19.9748249423946 "experimento_70" 70 2000 1000 0.95 19 0.4 1 0.8
0.977857016958296 20.6609244095082 "experimento_70" 70 2000 1000 0.95 19 0.4 1 0.8
0.965739489067346 18.0981176027676 "experimento_70" 70 2000 1000 0.95 19 0.4 1 0.8
0.978088614298031 17.8410313279533 "experimento_70" 70 2000 1000 0.95 19 0.4 1 0.8
0.99848825763911 19.2318988395583 "experimento_70" 70 2000 1000 0.95 19 0.4 1 0.8
0.994021878344938 19.4865647439291 "experimento_70" 70 2000 1000 0.95 19 0.4 1 0.8
0.973719379864633 17.9821477067523 "experimento_70" 70 2000 1000 0.95 19 0.4 1 0.8
0.954723892267793 15.0233539578472 "experimento_70" 70 2000 1000 0.95 19 0.4 1 0.8
0.966331277275458 17.6179002206683 "experimento_70" 70 2000 1000 0.95 19 0.4 1 0.8
1.01017976780492 28.2060814335505 "experimento_70" 70 2000 1000 0.95 19 0.4 1 0.8
0.985165007179603 17.7955836755465 "experimento_70" 70 2000 1000 0.95 19 0.4 1 0.8
0.999051188817248 19.8410828827518 "experimento_70" 70 2000 1000 0.95 19 0.4 1 0.8
1.02499683603876 19.3416867181171 "experimento_70" 70 2000 1000 0.95 19 0.4 1 0.8
1.02453752019509 22.0999793632482 "experimento_70" 70 2000 1000 0.95 19 0.4 1 0.8
0.988946092547849 19.6215176732885 "experimento_70" 70 2000 1000 0.95 19 0.4 1 0.8
0.964073310373351 17.4644755002942 "experimento_70" 70 2000 1000 0.95 19 0.4 1 0.8
0.968225370859727 16.1036420227135 "experimento_70" 70 2000 1000 0.95 19 0.4 1 0.8
0.95445835031569 16.6692883557226 "experimento_70" 70 2000 1000 0.95 19 0.4 1 0.8
0.982115954393521 18.810786276342 "experimento_70" 70 2000 1000 0.95 19 0.4 1 0.8
0.990680472459644 19.7504527685875 "experimento_70" 70 2000 1000 0.95 19 0.4 1 0.8
0.985494642052799 19.5418863957757 "experimento_70" 70 2000 1000 0.95 19 0.4 1 0.8
0.983208532445133 17.9910557215197 "experimento_70" 70 2000 1000 0.95 19 0.4 1 0.8
0.975714243017137 18.5649118486161 "experimento_70" 70 2000 1000 0.95 19 0.4 1 0.8
1.01633236179815 16.8489592713725 "experimento_70" 70 2000 1000 0.95 19 0.4 1 0.8
0.991672636009753 19.6242591802433 "experimento_70" 70 2000 1000 0.95 19 0.4 1 0.8
0.969877022784203 16.0687922023732 "experimento_70" 70 2000 1000 0.95 19 0.4 1 0.8
1.01346387138022 19.4864748201117 "experimento_70" 70 2000 1000 0.95 19 0.4 1 0.8
0.988214274635538 19.0946776058375 "experimento_70" 70 2000 1000 0.95 19 0.4 1 0.8
0.975902379723266 16.5172257429983 "experimento_70" 70 2000 1000 0.95 19 0.4 1 0.8
0.990124911768362 21.4663704941122 "experimento_70" 70 2000 1000 0.95 19 0.4 1 0.8
0.988513985415921 19.7097281400593 "experimento_70" 70 2000 1000 0.95 19 0.4 1 0.8
0.953931190306321 16.9852698595953 "experimento_70" 70 2000 1000 0.95 19 0.4 1 0.8
0.982610148144886 18.4692476135242 "experimento_70" 70 2000 1000 0.95 19 0.4 1 0.8
0.965016626520082 15.6352080358103 "experimento_70" 70 2000 1000 0.95 19 0.4 1 0.8
0.942552723689005 15.7014058992559 "experimento_70" 70 2000 1000 0.95 19 0.4 1 0.8
1.06761436002402 16.6770979992131 "experimento_70" 70 2000 1000 0.95 19 0.4 1 0.8
0.992066303966567 20.0694401199225 "experimento_70" 70 2000 1000 0.95 19 0.4 1 0.8
0.983069327194244 22.4282396392332 "experimento_70" 70 2000 1000 0.95 19 0.4 1 0.8
0.971032395493239 17.9980737311417 "experimento_70" 70 2000 1000 0.95 19 0.4 1 0.8
0.996797963744029 17.7372132495497 "experimento_70" 70 2000 1000 0.95 19 0.4 1 0.8
0.98263435671106 17.5249104521656 "experimento_70" 70 2000 1000 0.95 19 0.4 1 0.8
1.01526603193365 14.8293447668966 "experimento_70" 70 2000 1000 0.95 19 0.4 1 0.8
0.988806118723005 18.7093787708299 "experimento_70" 70 2000 1000 0.95 19 0.4 1 0.8
1.00127371243562 20.5415946562543 "experimento_70" 70 2000 1000 0.95 19 0.4 1 0.8
0.983865862945095 21.1855584818517 "experimento_70" 70 2000 1000 0.95 19 0.4 1 0.8
1.00296476483345 20.282916393291 "experimento_70" 70 2000 1000 0.95 19 0.4 1 0.8
0.968625701731071 17.381401883049 "experimento_70" 70 2000 1000 0.95 19 0.4 1 0.8
0.994849853916094 22.9019315759802 "experimento_70" 70 2000 1000 0.95 19 0.4 1 0.8
1.00562945181317 22.625046863592 "experimento_70" 70 2000 1000 0.95 19 0.4 1 0.8
0.984332106076181 17.3008231919064 "experimento_70" 70 2000 1000 0.95 19 0.4 1 0.8
0.973016462754458 16.6200182805089 "experimento_70" 70 2000 1000 0.95 19 0.4 1 0.8
0.975353834452108 20.5451517538731 "experimento_70" 70 2000 1000 0.95 19 0.4 1 0.8
1.01184193025294 22.6367728075697 "experimento_70" 70 2000 1000 0.95 19 0.4 1 0.8
0.982219516765326 19.4294859174351 "experimento_70" 70 2000 1000 0.95 19 0.4 1 0.8
0.983226810116321 18.7288109341005 "experimento_70" 70 2000 1000 0.95 19 0.4 1 0.8
0.990089137339965 18.1945872574634 "experimento_70" 70 2000 1000 0.95 19 0.4 1 0.8
0.950739884050563 14.6990650999169 "experimento_70" 70 2000 1000 0.95 19 0.4 1 0.8
0.966376563068479 15.8109662472739 "experimento_70" 70 2000 1000 0.95 19 0.4 1 0.8
0.980710413772613 17.5476726652868 "experimento_70" 70 2000 1000 0.95 19 0.4 1 0.8
0.970813477411866 15.7515224087499 "experimento_70" 70 2000 1000 0.95 19 0.4 1 0.8
0.982241644756868 20.7565633910009 "experimento_70" 70 2000 1000 0.95 19 0.4 1 0.8
0.996822133427486 20.3509376005911 "experimento_70" 70 2000 1000 0.95 19 0.4 1 0.8
0.98993459972553 18.2635888999474 "experimento_70" 70 2000 1000 0.95 19 0.4 1 0.8
0.974960837513208 18.6462273138258 "experimento_70" 70 2000 1000 0.95 19 0.4 1 0.8
0.979473553830758 16.4116729144843 "experimento_70" 70 2000 1000 0.95 19 0.4 1 0.8
1.00265590382983 21.2343606098754 "experimento_70" 70 2000 1000 0.95 19 0.4 1 0.8
0.966489286860451 18.7696222693421 "experimento_70" 70 2000 1000 0.95 19 0.4 1 0.8
0.960632001049817 18.2140581488666 "experimento_70" 70 2000 1000 0.95 19 0.4 1 0.8
0.966529315337539 16.9102297508694 "experimento_70" 70 2000 1000 0.95 19 0.4 1 0.8
0.965657369000837 16.5389217218343 "experimento_70" 70 2000 1000 0.95 19 0.4 1 0.8
