"est.u" "est.lamb" "name" "seed" "size" "replicates" "p_umbral" "exp_lambda" "alpha_pen" "n_pen" "c"
0.976282324874774 19.496875228806 "experimento_67" 67 500 1000 0.95 19 0.4 1 0.8
0.958098710281774 20.6462196599586 "experimento_67" 67 500 1000 0.95 19 0.4 1 0.8
0.870180977741256 9.80630997844984 "experimento_67" 67 500 1000 0.95 19 0.4 1 0.8
0.571826630271971 4.5056358000564 "experimento_67" 67 500 1000 0.95 19 0.4 1 0.8
0.971952630905434 21.4276761180196 "experimento_67" 67 500 1000 0.95 19 0.4 1 0.8
0.968458968680352 17.7895665483178 "experimento_67" 67 500 1000 0.95 19 0.4 1 0.8
0.559187078149989 4.32826047423686 "experimento_67" 67 500 1000 0.95 19 0.4 1 0.8
0.967083868337795 19.6512150845555 "experimento_67" 67 500 1000 0.95 19 0.4 1 0.8
0.96951438835822 21.0858373142919 "experimento_67" 67 500 1000 0.95 19 0.4 1 0.8
0.893580617848784 13.6505746736724 "experimento_67" 67 500 1000 0.95 19 0.4 1 0.8
0.96692461357452 21.9377031513821 "experimento_67" 67 500 1000 0.95 19 0.4 1 0.8
1.00175314788756 36.155156614968 "experimento_67" 67 500 1000 0.95 19 0.4 1 0.8
0.979640753939748 26.2795292648181 "experimento_67" 67 500 1000 0.95 19 0.4 1 0.8
0.985693020746112 24.0561040927133 "experimento_67" 67 500 1000 0.95 19 0.4 1 0.8
0.978236155351624 25.9654922448633 "experimento_67" 67 500 1000 0.95 19 0.4 1 0.8
0.911511736223474 13.733443120948 "experimento_67" 67 500 1000 0.95 19 0.4 1 0.8
0.968077111290768 16.3993770766824 "experimento_67" 67 500 1000 0.95 19 0.4 1 0.8
0.884295077994466 12.1824678926072 "experimento_67" 67 500 1000 0.95 19 0.4 1 0.8
0.994646094040945 17.0431455579325 "experimento_67" 67 500 1000 0.95 19 0.4 1 0.8
0.999383273767307 22.1193735045491 "experimento_67" 67 500 1000 0.95 19 0.4 1 0.8
0.954364262521267 15.7101602579508 "experimento_67" 67 500 1000 0.95 19 0.4 1 0.8
0.968093094183132 19.9506059549274 "experimento_67" 67 500 1000 0.95 19 0.4 1 0.8
0.954628388863057 13.9585516144929 "experimento_67" 67 500 1000 0.95 19 0.4 1 0.8
0.987662760308012 24.9255997878633 "experimento_67" 67 500 1000 0.95 19 0.4 1 0.8
1.02730430880758 38.363136191045 "experimento_67" 67 500 1000 0.95 19 0.4 1 0.8
0.949546383926645 20.8146359913818 "experimento_67" 67 500 1000 0.95 19 0.4 1 0.8
0.989888442447409 21.3531670505 "experimento_67" 67 500 1000 0.95 19 0.4 1 0.8
0.93357720435597 14.1703273853913 "experimento_67" 67 500 1000 0.95 19 0.4 1 0.8
0.97547880304046 18.0096984980453 "experimento_67" 67 500 1000 0.95 19 0.4 1 0.8
0.698831598972902 5.82187958756065 "experimento_67" 67 500 1000 0.95 19 0.4 1 0.8
0.977143275085837 27.1016127278373 "experimento_67" 67 500 1000 0.95 19 0.4 1 0.8
0.968677258584648 19.4109442131471 "experimento_67" 67 500 1000 0.95 19 0.4 1 0.8
1.00517794774159 29.1606114378292 "experimento_67" 67 500 1000 0.95 19 0.4 1 0.8
0.797181755769998 7.65327576742602 "experimento_67" 67 500 1000 0.95 19 0.4 1 0.8
0.79381588823162 7.86761476357476 "experimento_67" 67 500 1000 0.95 19 0.4 1 0.8
0.523993136826903 4.14518615734317 "experimento_67" 67 500 1000 0.95 19 0.4 1 0.8
0.916847492102534 14.1603297706486 "experimento_67" 67 500 1000 0.95 19 0.4 1 0.8
0.991191701265052 21.3379016261338 "experimento_67" 67 500 1000 0.95 19 0.4 1 0.8
0.962750214384869 17.3071771792147 "experimento_67" 67 500 1000 0.95 19 0.4 1 0.8
0.902076962403953 13.1318755377566 "experimento_67" 67 500 1000 0.95 19 0.4 1 0.8
0.90849429462105 15.1068946775354 "experimento_67" 67 500 1000 0.95 19 0.4 1 0.8
0.93585936492309 15.2871003405616 "experimento_67" 67 500 1000 0.95 19 0.4 1 0.8
0.506965218344703 3.77150781262782 "experimento_67" 67 500 1000 0.95 19 0.4 1 0.8
0.976631039287895 17.8302513484675 "experimento_67" 67 500 1000 0.95 19 0.4 1 0.8
0.970121058169752 23.0308344380289 "experimento_67" 67 500 1000 0.95 19 0.4 1 0.8
0.59228204167448 4.61835349903995 "experimento_67" 67 500 1000 0.95 19 0.4 1 0.8
0.999790758825839 23.2335493500011 "experimento_67" 67 500 1000 0.95 19 0.4 1 0.8
0.925253437133506 12.9178293401032 "experimento_67" 67 500 1000 0.95 19 0.4 1 0.8
0.951927178073674 17.1934610727477 "experimento_67" 67 500 1000 0.95 19 0.4 1 0.8
0.957191617693752 17.4973285188285 "experimento_67" 67 500 1000 0.95 19 0.4 1 0.8
0.96565135801211 16.1762974049439 "experimento_67" 67 500 1000 0.95 19 0.4 1 0.8
0.969336164183915 16.9411702380858 "experimento_67" 67 500 1000 0.95 19 0.4 1 0.8
0.955276748165488 15.4414089227681 "experimento_67" 67 500 1000 0.95 19 0.4 1 0.8
0.920295317191631 13.455946812769 "experimento_67" 67 500 1000 0.95 19 0.4 1 0.8
0.911241559311748 12.6134317928064 "experimento_67" 67 500 1000 0.95 19 0.4 1 0.8
0.948005435056984 15.587146274335 "experimento_67" 67 500 1000 0.95 19 0.4 1 0.8
0.966038801940158 16.0606254160885 "experimento_67" 67 500 1000 0.95 19 0.4 1 0.8
0.966712934197858 14.5453396900618 "experimento_67" 67 500 1000 0.95 19 0.4 1 0.8
0.93156174570322 12.5447788277805 "experimento_67" 67 500 1000 0.95 19 0.4 1 0.8
0.98910734266974 22.3701004303807 "experimento_67" 67 500 1000 0.95 19 0.4 1 0.8
0.959276702720672 17.8184998546369 "experimento_67" 67 500 1000 0.95 19 0.4 1 0.8
0.837965223705396 9.26976077396643 "experimento_67" 67 500 1000 0.95 19 0.4 1 0.8
0.959607843309641 20.4451966378417 "experimento_67" 67 500 1000 0.95 19 0.4 1 0.8
0.981277799699455 21.2114637772544 "experimento_67" 67 500 1000 0.95 19 0.4 1 0.8
0.977021272061393 22.3930098815358 "experimento_67" 67 500 1000 0.95 19 0.4 1 0.8
0.964987887535244 20.4245144818605 "experimento_67" 67 500 1000 0.95 19 0.4 1 0.8
0.915594314690679 15.0621894539432 "experimento_67" 67 500 1000 0.95 19 0.4 1 0.8
0.938712773611769 16.6003735634798 "experimento_67" 67 500 1000 0.95 19 0.4 1 0.8
0.973735833540559 18.1784124726117 "experimento_67" 67 500 1000 0.95 19 0.4 1 0.8
0.946594120468944 17.4496321641657 "experimento_67" 67 500 1000 0.95 19 0.4 1 0.8
0.92247838457115 12.6589780069511 "experimento_67" 67 500 1000 0.95 19 0.4 1 0.8
0.986172248842195 19.033047577968 "experimento_67" 67 500 1000 0.95 19 0.4 1 0.8
1.02368794119378 35.6644458533482 "experimento_67" 67 500 1000 0.95 19 0.4 1 0.8
0.984205429907888 22.0629629588685 "experimento_67" 67 500 1000 0.95 19 0.4 1 0.8
0.951088774949312 15.1706222950069 "experimento_67" 67 500 1000 0.95 19 0.4 1 0.8
0.959698644466698 16.5965274013647 "experimento_67" 67 500 1000 0.95 19 0.4 1 0.8
0.923101279418916 14.4203477824502 "experimento_67" 67 500 1000 0.95 19 0.4 1 0.8
0.982854205183685 22.9124205269117 "experimento_67" 67 500 1000 0.95 19 0.4 1 0.8
0.986233345000073 17.2714744287665 "experimento_67" 67 500 1000 0.95 19 0.4 1 0.8
0.93651407933794 15.0725504347582 "experimento_67" 67 500 1000 0.95 19 0.4 1 0.8
1.04765540272953 40.3388074548052 "experimento_67" 67 500 1000 0.95 19 0.4 1 0.8
0.809905098052695 7.4836558174855 "experimento_67" 67 500 1000 0.95 19 0.4 1 0.8
0.972748848609626 19.9677864375663 "experimento_67" 67 500 1000 0.95 19 0.4 1 0.8
0.978023336268961 17.77005508927 "experimento_67" 67 500 1000 0.95 19 0.4 1 0.8
0.638683495577425 5.22128499515518 "experimento_67" 67 500 1000 0.95 19 0.4 1 0.8
0.967722013127059 19.9316520921488 "experimento_67" 67 500 1000 0.95 19 0.4 1 0.8
0.971673990599811 16.516045162376 "experimento_67" 67 500 1000 0.95 19 0.4 1 0.8
0.976553248474374 18.5719703551477 "experimento_67" 67 500 1000 0.95 19 0.4 1 0.8
0.961119699059054 18.4538270037046 "experimento_67" 67 500 1000 0.95 19 0.4 1 0.8
0.971836179727688 16.9561984223731 "experimento_67" 67 500 1000 0.95 19 0.4 1 0.8
0.959536485606804 19.5923951395968 "experimento_67" 67 500 1000 0.95 19 0.4 1 0.8
0.945965280989185 15.8936602835115 "experimento_67" 67 500 1000 0.95 19 0.4 1 0.8
0.973225166555494 18.2597964022139 "experimento_67" 67 500 1000 0.95 19 0.4 1 0.8
0.989287769189104 17.2717237897635 "experimento_67" 67 500 1000 0.95 19 0.4 1 0.8
0.966956770280376 16.1332594546541 "experimento_67" 67 500 1000 0.95 19 0.4 1 0.8
0.932748915161937 12.8304880169514 "experimento_67" 67 500 1000 0.95 19 0.4 1 0.8
0.986903415527195 16.7546542019481 "experimento_67" 67 500 1000 0.95 19 0.4 1 0.8
0.962598121259362 17.7603361228848 "experimento_67" 67 500 1000 0.95 19 0.4 1 0.8
0.96315668290481 14.8681879436335 "experimento_67" 67 500 1000 0.95 19 0.4 1 0.8
0.956041719065979 19.8728590676931 "experimento_67" 67 500 1000 0.95 19 0.4 1 0.8
0.918308245250955 15.8123815628692 "experimento_67" 67 500 1000 0.95 19 0.4 1 0.8
0.989982367260382 18.6497439419138 "experimento_67" 67 500 1000 0.95 19 0.4 1 0.8
0.956498730927706 16.8830585625695 "experimento_67" 67 500 1000 0.95 19 0.4 1 0.8
0.916439445223659 15.5358937145049 "experimento_67" 67 500 1000 0.95 19 0.4 1 0.8
0.970298482803628 23.9587689375376 "experimento_67" 67 500 1000 0.95 19 0.4 1 0.8
0.944636427098885 14.1740168176486 "experimento_67" 67 500 1000 0.95 19 0.4 1 0.8
0.97043353272602 19.1342935372884 "experimento_67" 67 500 1000 0.95 19 0.4 1 0.8
0.895915520144626 12.5939645223909 "experimento_67" 67 500 1000 0.95 19 0.4 1 0.8
0.88603260461241 11.0252491774507 "experimento_67" 67 500 1000 0.95 19 0.4 1 0.8
1.0183396213933 20.3364965044343 "experimento_67" 67 500 1000 0.95 19 0.4 1 0.8
0.928745398763567 15.1248766024513 "experimento_67" 67 500 1000 0.95 19 0.4 1 0.8
0.991970368195325 14.8460391833716 "experimento_67" 67 500 1000 0.95 19 0.4 1 0.8
0.94821637077257 17.7005612235106 "experimento_67" 67 500 1000 0.95 19 0.4 1 0.8
0.97662709467113 17.0175606889125 "experimento_67" 67 500 1000 0.95 19 0.4 1 0.8
1.00373434902806 17.4846639838657 "experimento_67" 67 500 1000 0.95 19 0.4 1 0.8
0.969196817837656 19.2631618478006 "experimento_67" 67 500 1000 0.95 19 0.4 1 0.8
0.944908567005768 15.8492456089094 "experimento_67" 67 500 1000 0.95 19 0.4 1 0.8
0.823735404293984 8.71735064198038 "experimento_67" 67 500 1000 0.95 19 0.4 1 0.8
0.985705480212346 21.4658608981515 "experimento_67" 67 500 1000 0.95 19 0.4 1 0.8
0.97111916099675 18.515365322433 "experimento_67" 67 500 1000 0.95 19 0.4 1 0.8
0.989421844016761 28.1844316844378 "experimento_67" 67 500 1000 0.95 19 0.4 1 0.8
0.852637193864211 10.1059168157055 "experimento_67" 67 500 1000 0.95 19 0.4 1 0.8
0.946668543154374 17.407793200574 "experimento_67" 67 500 1000 0.95 19 0.4 1 0.8
1.00634706221325 25.3598678216481 "experimento_67" 67 500 1000 0.95 19 0.4 1 0.8
0.958542837062851 17.2049284899594 "experimento_67" 67 500 1000 0.95 19 0.4 1 0.8
0.940797422081232 15.029898286438 "experimento_67" 67 500 1000 0.95 19 0.4 1 0.8
0.823746718000621 8.90381879422553 "experimento_67" 67 500 1000 0.95 19 0.4 1 0.8
0.761436202563345 7.34931963488915 "experimento_67" 67 500 1000 0.95 19 0.4 1 0.8
0.979416862828657 17.6359703887225 "experimento_67" 67 500 1000 0.95 19 0.4 1 0.8
0.993683046428487 25.2393214484105 "experimento_67" 67 500 1000 0.95 19 0.4 1 0.8
0.943319464335218 14.4739945796735 "experimento_67" 67 500 1000 0.95 19 0.4 1 0.8
0.967300986871123 24.0194632699095 "experimento_67" 67 500 1000 0.95 19 0.4 1 0.8
0.990998686989769 17.8647244736401 "experimento_67" 67 500 1000 0.95 19 0.4 1 0.8
0.943759084912017 15.9092454919201 "experimento_67" 67 500 1000 0.95 19 0.4 1 0.8
0.988259832141921 20.2757908295618 "experimento_67" 67 500 1000 0.95 19 0.4 1 0.8
0.997852316591889 18.0780784043422 "experimento_67" 67 500 1000 0.95 19 0.4 1 0.8
0.957360872300342 14.4717234041864 "experimento_67" 67 500 1000 0.95 19 0.4 1 0.8
0.959509810199961 17.6642619961499 "experimento_67" 67 500 1000 0.95 19 0.4 1 0.8
0.975859732367098 19.2913103182814 "experimento_67" 67 500 1000 0.95 19 0.4 1 0.8
0.963784060906619 17.67079423992 "experimento_67" 67 500 1000 0.95 19 0.4 1 0.8
0.970214710803702 19.5248106466039 "experimento_67" 67 500 1000 0.95 19 0.4 1 0.8
0.95556016289629 14.5802283796477 "experimento_67" 67 500 1000 0.95 19 0.4 1 0.8
0.825171840842813 8.32670555227767 "experimento_67" 67 500 1000 0.95 19 0.4 1 0.8
0.864733906695619 11.9744639469842 "experimento_67" 67 500 1000 0.95 19 0.4 1 0.8
0.972269396297634 14.8773052468927 "experimento_67" 67 500 1000 0.95 19 0.4 1 0.8
1.00866462479002 24.702028459501 "experimento_67" 67 500 1000 0.95 19 0.4 1 0.8
0.926568662282079 14.0006508469346 "experimento_67" 67 500 1000 0.95 19 0.4 1 0.8
1.02626076075984 30.6368828923755 "experimento_67" 67 500 1000 0.95 19 0.4 1 0.8
0.546418465906754 3.96000650707184 "experimento_67" 67 500 1000 0.95 19 0.4 1 0.8
0.776566635584459 7.19840068742124 "experimento_67" 67 500 1000 0.95 19 0.4 1 0.8
0.947290203301236 14.5341363957938 "experimento_67" 67 500 1000 0.95 19 0.4 1 0.8
0.936532794032246 16.8943924921533 "experimento_67" 67 500 1000 0.95 19 0.4 1 0.8
0.988396138185635 19.0243462294306 "experimento_67" 67 500 1000 0.95 19 0.4 1 0.8
0.992801213404164 18.3520968470321 "experimento_67" 67 500 1000 0.95 19 0.4 1 0.8
0.721408046083525 6.25535895098001 "experimento_67" 67 500 1000 0.95 19 0.4 1 0.8
0.984048168640584 25.3010888684881 "experimento_67" 67 500 1000 0.95 19 0.4 1 0.8
0.966539541259408 16.6955653890711 "experimento_67" 67 500 1000 0.95 19 0.4 1 0.8
0.690707994857803 5.9413200201668 "experimento_67" 67 500 1000 0.95 19 0.4 1 0.8
0.523491350468248 3.85595005679097 "experimento_67" 67 500 1000 0.95 19 0.4 1 0.8
1.01004277221188 16.4652473185186 "experimento_67" 67 500 1000 0.95 19 0.4 1 0.8
0.978563483804464 23.0637904890866 "experimento_67" 67 500 1000 0.95 19 0.4 1 0.8
0.987379565136507 22.003423997516 "experimento_67" 67 500 1000 0.95 19 0.4 1 0.8
0.951494467677549 14.361869652333 "experimento_67" 67 500 1000 0.95 19 0.4 1 0.8
0.963179235579446 15.5060054015123 "experimento_67" 67 500 1000 0.95 19 0.4 1 0.8
0.968714184127748 31.5531560708905 "experimento_67" 67 500 1000 0.95 19 0.4 1 0.8
0.983992164721712 19.3464751235916 "experimento_67" 67 500 1000 0.95 19 0.4 1 0.8
0.965163487242535 15.8440527247077 "experimento_67" 67 500 1000 0.95 19 0.4 1 0.8
0.943746044766158 14.5419557654739 "experimento_67" 67 500 1000 0.95 19 0.4 1 0.8
1.01784038339154 33.7649733635627 "experimento_67" 67 500 1000 0.95 19 0.4 1 0.8
0.964510306483135 19.743124584412 "experimento_67" 67 500 1000 0.95 19 0.4 1 0.8
0.953781038755551 18.1727450796054 "experimento_67" 67 500 1000 0.95 19 0.4 1 0.8
0.969065174460411 15.723177388175 "experimento_67" 67 500 1000 0.95 19 0.4 1 0.8
0.958082664990798 13.9875692666739 "experimento_67" 67 500 1000 0.95 19 0.4 1 0.8
0.943201340269297 20.1435638048866 "experimento_67" 67 500 1000 0.95 19 0.4 1 0.8
0.942043473711237 15.343623904425 "experimento_67" 67 500 1000 0.95 19 0.4 1 0.8
0.962054384406656 25.5152815554578 "experimento_67" 67 500 1000 0.95 19 0.4 1 0.8
0.581764605361968 4.64779192941115 "experimento_67" 67 500 1000 0.95 19 0.4 1 0.8
0.970623042201623 17.6107352308804 "experimento_67" 67 500 1000 0.95 19 0.4 1 0.8
1.02428135893455 31.7932706354752 "experimento_67" 67 500 1000 0.95 19 0.4 1 0.8
0.938209178159013 15.4410082553892 "experimento_67" 67 500 1000 0.95 19 0.4 1 0.8
0.953438038937747 18.9001667103258 "experimento_67" 67 500 1000 0.95 19 0.4 1 0.8
0.981112682959065 27.2716648697574 "experimento_67" 67 500 1000 0.95 19 0.4 1 0.8
0.955272427294403 17.7112570992349 "experimento_67" 67 500 1000 0.95 19 0.4 1 0.8
0.969322902848944 16.6789034282694 "experimento_67" 67 500 1000 0.95 19 0.4 1 0.8
0.892560430103913 12.758016863919 "experimento_67" 67 500 1000 0.95 19 0.4 1 0.8
0.969670291058719 17.6235567786798 "experimento_67" 67 500 1000 0.95 19 0.4 1 0.8
0.981364383362234 17.6228828406148 "experimento_67" 67 500 1000 0.95 19 0.4 1 0.8
0.961661798181012 18.7732272047722 "experimento_67" 67 500 1000 0.95 19 0.4 1 0.8
0.867790800984949 12.4139816553104 "experimento_67" 67 500 1000 0.95 19 0.4 1 0.8
0.8992494486738 12.4810693174168 "experimento_67" 67 500 1000 0.95 19 0.4 1 0.8
0.983785220654681 26.5074703079157 "experimento_67" 67 500 1000 0.95 19 0.4 1 0.8
0.953626648755744 17.9684397087352 "experimento_67" 67 500 1000 0.95 19 0.4 1 0.8
0.933755766134709 16.4307050752692 "experimento_67" 67 500 1000 0.95 19 0.4 1 0.8
0.753030538791791 7.05840931547339 "experimento_67" 67 500 1000 0.95 19 0.4 1 0.8
0.895592503249645 13.2850519715403 "experimento_67" 67 500 1000 0.95 19 0.4 1 0.8
0.964682338759303 18.6896798846824 "experimento_67" 67 500 1000 0.95 19 0.4 1 0.8
0.982202016515657 18.8155779816144 "experimento_67" 67 500 1000 0.95 19 0.4 1 0.8
0.982974502956495 18.1972554920791 "experimento_67" 67 500 1000 0.95 19 0.4 1 0.8
1.0134250261838 18.7735567369459 "experimento_67" 67 500 1000 0.95 19 0.4 1 0.8
0.86200740817003 10.2310644542514 "experimento_67" 67 500 1000 0.95 19 0.4 1 0.8
0.822303389664739 8.7651201236365 "experimento_67" 67 500 1000 0.95 19 0.4 1 0.8
0.957436928758398 17.0431395089774 "experimento_67" 67 500 1000 0.95 19 0.4 1 0.8
0.985318831866607 23.5847845390201 "experimento_67" 67 500 1000 0.95 19 0.4 1 0.8
0.85812355321832 11.1554610716783 "experimento_67" 67 500 1000 0.95 19 0.4 1 0.8
0.94229953433387 16.4348772783144 "experimento_67" 67 500 1000 0.95 19 0.4 1 0.8
0.960032085888088 19.6278998550821 "experimento_67" 67 500 1000 0.95 19 0.4 1 0.8
0.968750275671482 15.5548994350017 "experimento_67" 67 500 1000 0.95 19 0.4 1 0.8
0.9842039111536 22.6176785363908 "experimento_67" 67 500 1000 0.95 19 0.4 1 0.8
0.95462452294305 16.1994734977226 "experimento_67" 67 500 1000 0.95 19 0.4 1 0.8
0.794598159380257 8.89848021910833 "experimento_67" 67 500 1000 0.95 19 0.4 1 0.8
0.98946042614989 27.1876746829504 "experimento_67" 67 500 1000 0.95 19 0.4 1 0.8
0.97617705585435 21.082284100288 "experimento_67" 67 500 1000 0.95 19 0.4 1 0.8
1.00790726680287 13.6169836827217 "experimento_67" 67 500 1000 0.95 19 0.4 1 0.8
0.959507693303749 17.4719700932065 "experimento_67" 67 500 1000 0.95 19 0.4 1 0.8
1.00548318909326 27.8771309302729 "experimento_67" 67 500 1000 0.95 19 0.4 1 0.8
0.964836666826159 19.2068034911626 "experimento_67" 67 500 1000 0.95 19 0.4 1 0.8
0.960547792958096 13.9959594658389 "experimento_67" 67 500 1000 0.95 19 0.4 1 0.8
0.949201130308211 17.0751641845167 "experimento_67" 67 500 1000 0.95 19 0.4 1 0.8
0.641986245289445 5.44178303899065 "experimento_67" 67 500 1000 0.95 19 0.4 1 0.8
0.984895549016073 20.4965714793307 "experimento_67" 67 500 1000 0.95 19 0.4 1 0.8
0.974723802413791 20.8135867610185 "experimento_67" 67 500 1000 0.95 19 0.4 1 0.8
0.969267805106938 16.9128816719655 "experimento_67" 67 500 1000 0.95 19 0.4 1 0.8
0.946521132485941 19.4968933595824 "experimento_67" 67 500 1000 0.95 19 0.4 1 0.8
0.955117892241105 17.5098564192598 "experimento_67" 67 500 1000 0.95 19 0.4 1 0.8
0.955382667016238 17.7486015843363 "experimento_67" 67 500 1000 0.95 19 0.4 1 0.8
0.949456908041611 14.0386864069958 "experimento_67" 67 500 1000 0.95 19 0.4 1 0.8
0.984419199172407 29.3236074912174 "experimento_67" 67 500 1000 0.95 19 0.4 1 0.8
0.981399089796469 21.570283301188 "experimento_67" 67 500 1000 0.95 19 0.4 1 0.8
0.979489643825218 17.5662395012099 "experimento_67" 67 500 1000 0.95 19 0.4 1 0.8
0.953029736177996 17.4028278363169 "experimento_67" 67 500 1000 0.95 19 0.4 1 0.8
0.772791865747422 8.13344425992494 "experimento_67" 67 500 1000 0.95 19 0.4 1 0.8
0.972150732763112 20.6013957311775 "experimento_67" 67 500 1000 0.95 19 0.4 1 0.8
0.869632786372676 11.4566483345033 "experimento_67" 67 500 1000 0.95 19 0.4 1 0.8
0.581708109937608 4.34300249337774 "experimento_67" 67 500 1000 0.95 19 0.4 1 0.8
0.961145668989047 15.7881398689859 "experimento_67" 67 500 1000 0.95 19 0.4 1 0.8
0.941444182768464 14.4059758457305 "experimento_67" 67 500 1000 0.95 19 0.4 1 0.8
0.95093544642441 17.9014550495049 "experimento_67" 67 500 1000 0.95 19 0.4 1 0.8
0.96367145050317 16.7928016316019 "experimento_67" 67 500 1000 0.95 19 0.4 1 0.8
0.973420368740335 21.961838529169 "experimento_67" 67 500 1000 0.95 19 0.4 1 0.8
1.0116677709463 21.8391723552168 "experimento_67" 67 500 1000 0.95 19 0.4 1 0.8
0.750162481563166 6.73810133589182 "experimento_67" 67 500 1000 0.95 19 0.4 1 0.8
0.9725869349204 19.6844412611043 "experimento_67" 67 500 1000 0.95 19 0.4 1 0.8
0.956814042758197 18.1306801187644 "experimento_67" 67 500 1000 0.95 19 0.4 1 0.8
0.977946539176628 18.0973763051656 "experimento_67" 67 500 1000 0.95 19 0.4 1 0.8
0.980901848524809 22.4366928439799 "experimento_67" 67 500 1000 0.95 19 0.4 1 0.8
0.944651962490752 21.3106442360624 "experimento_67" 67 500 1000 0.95 19 0.4 1 0.8
0.936327876523137 15.2186650731157 "experimento_67" 67 500 1000 0.95 19 0.4 1 0.8
0.930177015950903 14.7103199898661 "experimento_67" 67 500 1000 0.95 19 0.4 1 0.8
0.949725777143613 13.9580037927148 "experimento_67" 67 500 1000 0.95 19 0.4 1 0.8
0.844024613499641 9.70627787544104 "experimento_67" 67 500 1000 0.95 19 0.4 1 0.8
0.991087443195283 22.3237215805407 "experimento_67" 67 500 1000 0.95 19 0.4 1 0.8
0.990984864765778 21.5834027907331 "experimento_67" 67 500 1000 0.95 19 0.4 1 0.8
0.95640462404117 18.2984666207447 "experimento_67" 67 500 1000 0.95 19 0.4 1 0.8
0.967567913001403 13.8160856168075 "experimento_67" 67 500 1000 0.95 19 0.4 1 0.8
0.977422674186528 27.0716285581752 "experimento_67" 67 500 1000 0.95 19 0.4 1 0.8
0.93280051718466 13.9389387408046 "experimento_67" 67 500 1000 0.95 19 0.4 1 0.8
0.953290470177308 15.3822605910319 "experimento_67" 67 500 1000 0.95 19 0.4 1 0.8
0.997772113420069 26.8025076258852 "experimento_67" 67 500 1000 0.95 19 0.4 1 0.8
0.924817082472146 15.301001934731 "experimento_67" 67 500 1000 0.95 19 0.4 1 0.8
0.81050882791169 8.89640669687887 "experimento_67" 67 500 1000 0.95 19 0.4 1 0.8
0.98878260795027 16.4346240793794 "experimento_67" 67 500 1000 0.95 19 0.4 1 0.8
0.958229219308123 16.4110177966266 "experimento_67" 67 500 1000 0.95 19 0.4 1 0.8
1.02102637839945 31.3211957781448 "experimento_67" 67 500 1000 0.95 19 0.4 1 0.8
0.739502986194566 6.45984273089828 "experimento_67" 67 500 1000 0.95 19 0.4 1 0.8
0.979268476366997 16.9953034280945 "experimento_67" 67 500 1000 0.95 19 0.4 1 0.8
0.974413366289809 22.8422062564936 "experimento_67" 67 500 1000 0.95 19 0.4 1 0.8
0.966180216521025 18.7650237700062 "experimento_67" 67 500 1000 0.95 19 0.4 1 0.8
0.959395016776398 23.2747174626492 "experimento_67" 67 500 1000 0.95 19 0.4 1 0.8
0.939510824391618 11.1941351193349 "experimento_67" 67 500 1000 0.95 19 0.4 1 0.8
0.954125232063234 16.0883447057309 "experimento_67" 67 500 1000 0.95 19 0.4 1 0.8
1.01430567395628 9.81604941711224 "experimento_67" 67 500 1000 0.95 19 0.4 1 0.8
0.973479170585051 23.720976858349 "experimento_67" 67 500 1000 0.95 19 0.4 1 0.8
0.990033814916387 16.8770208817765 "experimento_67" 67 500 1000 0.95 19 0.4 1 0.8
0.981747001875192 21.406176944344 "experimento_67" 67 500 1000 0.95 19 0.4 1 0.8
0.976952395401895 11.6728613015484 "experimento_67" 67 500 1000 0.95 19 0.4 1 0.8
0.979360436322168 15.7971378572888 "experimento_67" 67 500 1000 0.95 19 0.4 1 0.8
0.962548856157809 17.824685109703 "experimento_67" 67 500 1000 0.95 19 0.4 1 0.8
0.472870378056541 3.65146937193666 "experimento_67" 67 500 1000 0.95 19 0.4 1 0.8
0.882176018552855 12.4455850490701 "experimento_67" 67 500 1000 0.95 19 0.4 1 0.8
0.95574890775606 19.422599930946 "experimento_67" 67 500 1000 0.95 19 0.4 1 0.8
0.927016398869455 11.3490361269676 "experimento_67" 67 500 1000 0.95 19 0.4 1 0.8
0.949247506679967 13.7894859386854 "experimento_67" 67 500 1000 0.95 19 0.4 1 0.8
1.00394529591683 25.4082425164012 "experimento_67" 67 500 1000 0.95 19 0.4 1 0.8
0.870197694981471 10.2606381875176 "experimento_67" 67 500 1000 0.95 19 0.4 1 0.8
0.882363576442003 10.2252472153185 "experimento_67" 67 500 1000 0.95 19 0.4 1 0.8
0.96005504601635 17.7672156357052 "experimento_67" 67 500 1000 0.95 19 0.4 1 0.8
1.00754634687971 13.6885782936275 "experimento_67" 67 500 1000 0.95 19 0.4 1 0.8
0.96702885790728 22.9094411334372 "experimento_67" 67 500 1000 0.95 19 0.4 1 0.8
0.959725759457797 17.3601966891435 "experimento_67" 67 500 1000 0.95 19 0.4 1 0.8
0.985199655173346 21.5296632347876 "experimento_67" 67 500 1000 0.95 19 0.4 1 0.8
0.967522358056158 19.9471499171595 "experimento_67" 67 500 1000 0.95 19 0.4 1 0.8
0.945936457021162 15.9855120771672 "experimento_67" 67 500 1000 0.95 19 0.4 1 0.8
0.98263714206405 24.6676726270269 "experimento_67" 67 500 1000 0.95 19 0.4 1 0.8
0.957033830927685 18.5036270815798 "experimento_67" 67 500 1000 0.95 19 0.4 1 0.8
0.965400981716812 14.7343909656748 "experimento_67" 67 500 1000 0.95 19 0.4 1 0.8
0.981866046786308 20.9861580339123 "experimento_67" 67 500 1000 0.95 19 0.4 1 0.8
0.843896453734487 9.86998925013603 "experimento_67" 67 500 1000 0.95 19 0.4 1 0.8
0.945374966599047 16.9168354475263 "experimento_67" 67 500 1000 0.95 19 0.4 1 0.8
0.992847866611555 23.9825562575761 "experimento_67" 67 500 1000 0.95 19 0.4 1 0.8
1.0176664337908 23.4813306447543 "experimento_67" 67 500 1000 0.95 19 0.4 1 0.8
0.967302770819515 22.9106648207872 "experimento_67" 67 500 1000 0.95 19 0.4 1 0.8
0.674356104107574 6.03759837513092 "experimento_67" 67 500 1000 0.95 19 0.4 1 0.8
0.991421892074868 21.521573409459 "experimento_67" 67 500 1000 0.95 19 0.4 1 0.8
0.976529375184327 20.9462696960456 "experimento_67" 67 500 1000 0.95 19 0.4 1 0.8
0.965944010997191 20.1727326005095 "experimento_67" 67 500 1000 0.95 19 0.4 1 0.8
0.956335116876289 17.7443592155638 "experimento_67" 67 500 1000 0.95 19 0.4 1 0.8
0.96500680828467 17.2298198784537 "experimento_67" 67 500 1000 0.95 19 0.4 1 0.8
1.00916030288416 24.9364505645378 "experimento_67" 67 500 1000 0.95 19 0.4 1 0.8
0.497524322941899 3.71450908641643 "experimento_67" 67 500 1000 0.95 19 0.4 1 0.8
0.983627806417644 20.8315757478684 "experimento_67" 67 500 1000 0.95 19 0.4 1 0.8
1.05305944877995 36.7595040046418 "experimento_67" 67 500 1000 0.95 19 0.4 1 0.8
0.792329783784226 8.38351183259221 "experimento_67" 67 500 1000 0.95 19 0.4 1 0.8
0.852352820103988 10.0041571595214 "experimento_67" 67 500 1000 0.95 19 0.4 1 0.8
0.996142676565796 25.6302060764215 "experimento_67" 67 500 1000 0.95 19 0.4 1 0.8
0.955569862853736 17.4214804661648 "experimento_67" 67 500 1000 0.95 19 0.4 1 0.8
0.938126640859991 17.7564630144961 "experimento_67" 67 500 1000 0.95 19 0.4 1 0.8
0.944419897394255 12.969825334629 "experimento_67" 67 500 1000 0.95 19 0.4 1 0.8
0.992175003513694 20.2871100720232 "experimento_67" 67 500 1000 0.95 19 0.4 1 0.8
0.932905425783247 16.0336771201888 "experimento_67" 67 500 1000 0.95 19 0.4 1 0.8
0.962571848416701 19.8962915133569 "experimento_67" 67 500 1000 0.95 19 0.4 1 0.8
0.95994614996016 14.2434514456203 "experimento_67" 67 500 1000 0.95 19 0.4 1 0.8
0.933046217774972 15.24158694189 "experimento_67" 67 500 1000 0.95 19 0.4 1 0.8
0.97099791560322 15.4837221791969 "experimento_67" 67 500 1000 0.95 19 0.4 1 0.8
0.905097540235147 13.6800672538266 "experimento_67" 67 500 1000 0.95 19 0.4 1 0.8
0.991114896722138 24.5755892786024 "experimento_67" 67 500 1000 0.95 19 0.4 1 0.8
0.994133007247001 16.3994179985061 "experimento_67" 67 500 1000 0.95 19 0.4 1 0.8
0.955340623855591 15.0598860751823 "experimento_67" 67 500 1000 0.95 19 0.4 1 0.8
0.984458418330178 25.754865221345 "experimento_67" 67 500 1000 0.95 19 0.4 1 0.8
0.884475877741352 11.3928387304537 "experimento_67" 67 500 1000 0.95 19 0.4 1 0.8
0.999843269819394 19.5971548893775 "experimento_67" 67 500 1000 0.95 19 0.4 1 0.8
0.931607764679939 13.4147737177092 "experimento_67" 67 500 1000 0.95 19 0.4 1 0.8
0.982656198786572 19.6415581677442 "experimento_67" 67 500 1000 0.95 19 0.4 1 0.8
0.99722975329496 22.2266983816102 "experimento_67" 67 500 1000 0.95 19 0.4 1 0.8
0.752511689206585 7.46504809530071 "experimento_67" 67 500 1000 0.95 19 0.4 1 0.8
0.948917665751651 13.6548302007103 "experimento_67" 67 500 1000 0.95 19 0.4 1 0.8
0.980828866828233 18.8293096858542 "experimento_67" 67 500 1000 0.95 19 0.4 1 0.8
0.961312404368073 14.5872749513415 "experimento_67" 67 500 1000 0.95 19 0.4 1 0.8
0.873967883875594 10.8345943565941 "experimento_67" 67 500 1000 0.95 19 0.4 1 0.8
0.948253121692687 14.5829020837445 "experimento_67" 67 500 1000 0.95 19 0.4 1 0.8
0.995103877270594 23.4887261061475 "experimento_67" 67 500 1000 0.95 19 0.4 1 0.8
0.735490957973525 6.93776238987207 "experimento_67" 67 500 1000 0.95 19 0.4 1 0.8
0.969921116018668 19.0636604438333 "experimento_67" 67 500 1000 0.95 19 0.4 1 0.8
1.06140613889003 77.2164434354591 "experimento_67" 67 500 1000 0.95 19 0.4 1 0.8
0.794121622573584 9.19633588898679 "experimento_67" 67 500 1000 0.95 19 0.4 1 0.8
0.968547906028107 18.3026983976932 "experimento_67" 67 500 1000 0.95 19 0.4 1 0.8
0.988694497616962 23.334537857212 "experimento_67" 67 500 1000 0.95 19 0.4 1 0.8
0.931652558967471 16.0097744303698 "experimento_67" 67 500 1000 0.95 19 0.4 1 0.8
0.917316226521507 13.7505461901424 "experimento_67" 67 500 1000 0.95 19 0.4 1 0.8
0.969598769908771 23.407037160568 "experimento_67" 67 500 1000 0.95 19 0.4 1 0.8
0.940502633573487 15.7116929794984 "experimento_67" 67 500 1000 0.95 19 0.4 1 0.8
0.971279869321734 19.9897626685086 "experimento_67" 67 500 1000 0.95 19 0.4 1 0.8
0.650608435506001 5.3799944613023 "experimento_67" 67 500 1000 0.95 19 0.4 1 0.8
0.990175871178508 14.0950980073962 "experimento_67" 67 500 1000 0.95 19 0.4 1 0.8
0.98107004002668 19.7640388675728 "experimento_67" 67 500 1000 0.95 19 0.4 1 0.8
0.96553923911415 22.3571487007349 "experimento_67" 67 500 1000 0.95 19 0.4 1 0.8
0.985307710245252 18.9141827672856 "experimento_67" 67 500 1000 0.95 19 0.4 1 0.8
0.984270924003795 21.8870427063018 "experimento_67" 67 500 1000 0.95 19 0.4 1 0.8
0.966014962410554 22.57374324887 "experimento_67" 67 500 1000 0.95 19 0.4 1 0.8
0.963659443426877 17.354929148466 "experimento_67" 67 500 1000 0.95 19 0.4 1 0.8
0.975073388079181 18.1782432543121 "experimento_67" 67 500 1000 0.95 19 0.4 1 0.8
0.949961309786886 19.3177660351226 "experimento_67" 67 500 1000 0.95 19 0.4 1 0.8
0.975365017540753 20.8471651963865 "experimento_67" 67 500 1000 0.95 19 0.4 1 0.8
0.965968973468989 18.6358408281066 "experimento_67" 67 500 1000 0.95 19 0.4 1 0.8
1.00120504428387 14.9071918869372 "experimento_67" 67 500 1000 0.95 19 0.4 1 0.8
0.959989346330985 17.281279372159 "experimento_67" 67 500 1000 0.95 19 0.4 1 0.8
0.94575384655036 13.6919126118434 "experimento_67" 67 500 1000 0.95 19 0.4 1 0.8
0.990639476105571 17.1637202942399 "experimento_67" 67 500 1000 0.95 19 0.4 1 0.8
0.918778798542917 14.968539385947 "experimento_67" 67 500 1000 0.95 19 0.4 1 0.8
0.919471985194832 13.8619827029763 "experimento_67" 67 500 1000 0.95 19 0.4 1 0.8
0.995306618744507 21.4320218027117 "experimento_67" 67 500 1000 0.95 19 0.4 1 0.8
0.932585721602663 17.2970513494426 "experimento_67" 67 500 1000 0.95 19 0.4 1 0.8
0.992583567975089 26.8852826665538 "experimento_67" 67 500 1000 0.95 19 0.4 1 0.8
0.885330652119592 10.4048913247521 "experimento_67" 67 500 1000 0.95 19 0.4 1 0.8
0.964860949665308 16.8617399108823 "experimento_67" 67 500 1000 0.95 19 0.4 1 0.8
0.926075992407277 17.503539406224 "experimento_67" 67 500 1000 0.95 19 0.4 1 0.8
0.931938861031085 16.0073696045557 "experimento_67" 67 500 1000 0.95 19 0.4 1 0.8
0.940939499298111 16.387442883826 "experimento_67" 67 500 1000 0.95 19 0.4 1 0.8
0.978072095895186 17.2815439833039 "experimento_67" 67 500 1000 0.95 19 0.4 1 0.8
0.973721664166078 16.5978022375029 "experimento_67" 67 500 1000 0.95 19 0.4 1 0.8
0.990439047804102 23.5086549944797 "experimento_67" 67 500 1000 0.95 19 0.4 1 0.8
0.969008344225585 19.6227745120909 "experimento_67" 67 500 1000 0.95 19 0.4 1 0.8
0.807996323797852 8.5085601056759 "experimento_67" 67 500 1000 0.95 19 0.4 1 0.8
0.986795174423605 22.2394422269955 "experimento_67" 67 500 1000 0.95 19 0.4 1 0.8
0.946083714952692 15.8401676110465 "experimento_67" 67 500 1000 0.95 19 0.4 1 0.8
0.998324322979897 18.6850848061922 "experimento_67" 67 500 1000 0.95 19 0.4 1 0.8
0.980709739495069 16.7739635223873 "experimento_67" 67 500 1000 0.95 19 0.4 1 0.8
0.966166979400441 15.0841488162268 "experimento_67" 67 500 1000 0.95 19 0.4 1 0.8
0.962650678120553 16.1270414054452 "experimento_67" 67 500 1000 0.95 19 0.4 1 0.8
0.662264856509864 5.09613945740743 "experimento_67" 67 500 1000 0.95 19 0.4 1 0.8
0.963760773418471 17.7432998531559 "experimento_67" 67 500 1000 0.95 19 0.4 1 0.8
0.987715929979458 23.9295862426811 "experimento_67" 67 500 1000 0.95 19 0.4 1 0.8
0.765941759105772 6.91891518290632 "experimento_67" 67 500 1000 0.95 19 0.4 1 0.8
0.959526726743206 21.1407128456538 "experimento_67" 67 500 1000 0.95 19 0.4 1 0.8
0.818127345759422 8.8269250006723 "experimento_67" 67 500 1000 0.95 19 0.4 1 0.8
1.009963370492 20.6800593679638 "experimento_67" 67 500 1000 0.95 19 0.4 1 0.8
0.976410705596209 25.2778749010413 "experimento_67" 67 500 1000 0.95 19 0.4 1 0.8
0.858001950895414 9.51909711866306 "experimento_67" 67 500 1000 0.95 19 0.4 1 0.8
0.744013172807172 7.61621550050456 "experimento_67" 67 500 1000 0.95 19 0.4 1 0.8
0.978042305214331 17.6624538184168 "experimento_67" 67 500 1000 0.95 19 0.4 1 0.8
0.981719274073839 18.3511505412281 "experimento_67" 67 500 1000 0.95 19 0.4 1 0.8
0.882009499706328 11.3783019085855 "experimento_67" 67 500 1000 0.95 19 0.4 1 0.8
0.954728875309229 14.1520897444633 "experimento_67" 67 500 1000 0.95 19 0.4 1 0.8
0.983094759518281 22.5085755453721 "experimento_67" 67 500 1000 0.95 19 0.4 1 0.8
0.970804568845779 17.324264943362 "experimento_67" 67 500 1000 0.95 19 0.4 1 0.8
1.00498861285221 31.8231085857625 "experimento_67" 67 500 1000 0.95 19 0.4 1 0.8
0.962949912296608 16.636490007903 "experimento_67" 67 500 1000 0.95 19 0.4 1 0.8
0.963059218367562 14.1843838810492 "experimento_67" 67 500 1000 0.95 19 0.4 1 0.8
0.949092856608331 18.1673114167684 "experimento_67" 67 500 1000 0.95 19 0.4 1 0.8
0.931350372266024 14.8512310313291 "experimento_67" 67 500 1000 0.95 19 0.4 1 0.8
0.858669985784218 10.1268965839486 "experimento_67" 67 500 1000 0.95 19 0.4 1 0.8
0.926598507445306 14.8680632171278 "experimento_67" 67 500 1000 0.95 19 0.4 1 0.8
0.98195530148223 22.3699582986202 "experimento_67" 67 500 1000 0.95 19 0.4 1 0.8
0.716650451067835 6.39371935802463 "experimento_67" 67 500 1000 0.95 19 0.4 1 0.8
0.988056008005515 17.5700244748449 "experimento_67" 67 500 1000 0.95 19 0.4 1 0.8
0.991936683654785 22.6140563189821 "experimento_67" 67 500 1000 0.95 19 0.4 1 0.8
0.744145811768249 6.75829621857175 "experimento_67" 67 500 1000 0.95 19 0.4 1 0.8
0.968861650442705 23.3184359814456 "experimento_67" 67 500 1000 0.95 19 0.4 1 0.8
0.558809623820707 4.04519829839355 "experimento_67" 67 500 1000 0.95 19 0.4 1 0.8
0.964494504034519 17.0872149761933 "experimento_67" 67 500 1000 0.95 19 0.4 1 0.8
0.867869898444042 11.9785080107116 "experimento_67" 67 500 1000 0.95 19 0.4 1 0.8
0.892275967635214 12.1131557420792 "experimento_67" 67 500 1000 0.95 19 0.4 1 0.8
0.969563257414848 15.0636508688817 "experimento_67" 67 500 1000 0.95 19 0.4 1 0.8
0.977775417035446 15.6340934466056 "experimento_67" 67 500 1000 0.95 19 0.4 1 0.8
0.978345953393728 26.3030152489962 "experimento_67" 67 500 1000 0.95 19 0.4 1 0.8
0.903767435112968 12.6910429851134 "experimento_67" 67 500 1000 0.95 19 0.4 1 0.8
1.00278202310865 20.2685914951132 "experimento_67" 67 500 1000 0.95 19 0.4 1 0.8
0.634045485639945 4.67385046106366 "experimento_67" 67 500 1000 0.95 19 0.4 1 0.8
0.963143970351666 16.8169041407308 "experimento_67" 67 500 1000 0.95 19 0.4 1 0.8
0.995402389904484 22.3246642127299 "experimento_67" 67 500 1000 0.95 19 0.4 1 0.8
0.941904645878822 15.995964281561 "experimento_67" 67 500 1000 0.95 19 0.4 1 0.8
0.978579866001382 17.8230518361607 "experimento_67" 67 500 1000 0.95 19 0.4 1 0.8
0.928817697335035 13.225060509828 "experimento_67" 67 500 1000 0.95 19 0.4 1 0.8
1.00479721546199 17.3227342179679 "experimento_67" 67 500 1000 0.95 19 0.4 1 0.8
0.976473406190053 20.1969956980354 "experimento_67" 67 500 1000 0.95 19 0.4 1 0.8
0.681898175505921 6.06034810049306 "experimento_67" 67 500 1000 0.95 19 0.4 1 0.8
0.894089346053079 11.8500549535105 "experimento_67" 67 500 1000 0.95 19 0.4 1 0.8
0.980864807032049 15.3397810585491 "experimento_67" 67 500 1000 0.95 19 0.4 1 0.8
0.959167513297871 18.6526514076274 "experimento_67" 67 500 1000 0.95 19 0.4 1 0.8
0.961134411627427 24.1130310396294 "experimento_67" 67 500 1000 0.95 19 0.4 1 0.8
0.943845738423988 16.3273977472771 "experimento_67" 67 500 1000 0.95 19 0.4 1 0.8
0.976135035976768 16.2959721555294 "experimento_67" 67 500 1000 0.95 19 0.4 1 0.8
0.956842205254361 20.5319213143031 "experimento_67" 67 500 1000 0.95 19 0.4 1 0.8
0.962994097266346 22.4844040709094 "experimento_67" 67 500 1000 0.95 19 0.4 1 0.8
0.691413176944479 5.89437764471296 "experimento_67" 67 500 1000 0.95 19 0.4 1 0.8
0.975020492682233 22.9878797643779 "experimento_67" 67 500 1000 0.95 19 0.4 1 0.8
0.946339329238981 20.1893418968111 "experimento_67" 67 500 1000 0.95 19 0.4 1 0.8
0.926036583958194 14.0183959991078 "experimento_67" 67 500 1000 0.95 19 0.4 1 0.8
0.88657564134337 11.1891342725516 "experimento_67" 67 500 1000 0.95 19 0.4 1 0.8
0.596345592290163 4.85398645857045 "experimento_67" 67 500 1000 0.95 19 0.4 1 0.8
1.00353591023993 24.8692029380952 "experimento_67" 67 500 1000 0.95 19 0.4 1 0.8
0.990926882252097 23.3260311182625 "experimento_67" 67 500 1000 0.95 19 0.4 1 0.8
0.878988992189988 10.2567446359644 "experimento_67" 67 500 1000 0.95 19 0.4 1 0.8
0.981568789342418 15.4839572260271 "experimento_67" 67 500 1000 0.95 19 0.4 1 0.8
1.00084584871708 35.1088260294385 "experimento_67" 67 500 1000 0.95 19 0.4 1 0.8
0.852526829577982 10.1045853762546 "experimento_67" 67 500 1000 0.95 19 0.4 1 0.8
1.00776292530722 22.655882587934 "experimento_67" 67 500 1000 0.95 19 0.4 1 0.8
0.950334847904742 16.6180814352603 "experimento_67" 67 500 1000 0.95 19 0.4 1 0.8
0.947248198557645 19.6159673472629 "experimento_67" 67 500 1000 0.95 19 0.4 1 0.8
0.974183486541733 19.6265354197445 "experimento_67" 67 500 1000 0.95 19 0.4 1 0.8
0.962921627564356 17.172688127397 "experimento_67" 67 500 1000 0.95 19 0.4 1 0.8
0.904645930975676 14.3659895370723 "experimento_67" 67 500 1000 0.95 19 0.4 1 0.8
1.00317955803812 21.2622081439266 "experimento_67" 67 500 1000 0.95 19 0.4 1 0.8
1.02138356761517 24.5875076448995 "experimento_67" 67 500 1000 0.95 19 0.4 1 0.8
0.630018432391807 5.07270907580679 "experimento_67" 67 500 1000 0.95 19 0.4 1 0.8
0.965675944695249 19.0642886928758 "experimento_67" 67 500 1000 0.95 19 0.4 1 0.8
0.951899607200176 14.4950222506671 "experimento_67" 67 500 1000 0.95 19 0.4 1 0.8
0.954287415603176 17.1987540436227 "experimento_67" 67 500 1000 0.95 19 0.4 1 0.8
0.981868842616677 23.801846590776 "experimento_67" 67 500 1000 0.95 19 0.4 1 0.8
0.946718065533787 15.0076513929681 "experimento_67" 67 500 1000 0.95 19 0.4 1 0.8
0.975648774765432 23.411014235427 "experimento_67" 67 500 1000 0.95 19 0.4 1 0.8
1.00047739548182 27.2149058294347 "experimento_67" 67 500 1000 0.95 19 0.4 1 0.8
0.952627633931115 19.7877855155494 "experimento_67" 67 500 1000 0.95 19 0.4 1 0.8
0.981182689080015 20.5275194230005 "experimento_67" 67 500 1000 0.95 19 0.4 1 0.8
0.96052789199166 15.0731014430914 "experimento_67" 67 500 1000 0.95 19 0.4 1 0.8
0.966356757096946 21.9139821083653 "experimento_67" 67 500 1000 0.95 19 0.4 1 0.8
0.952508023707196 17.0857431130738 "experimento_67" 67 500 1000 0.95 19 0.4 1 0.8
0.988579293945804 30.5255818688512 "experimento_67" 67 500 1000 0.95 19 0.4 1 0.8
0.964396011549979 22.3479015579819 "experimento_67" 67 500 1000 0.95 19 0.4 1 0.8
0.86419876315631 12.3066048464866 "experimento_67" 67 500 1000 0.95 19 0.4 1 0.8
0.967141215922311 17.9497215391598 "experimento_67" 67 500 1000 0.95 19 0.4 1 0.8
0.93619550880976 17.5498934786756 "experimento_67" 67 500 1000 0.95 19 0.4 1 0.8
0.984259782359004 23.322386091588 "experimento_67" 67 500 1000 0.95 19 0.4 1 0.8
0.984772764146328 19.8127912309131 "experimento_67" 67 500 1000 0.95 19 0.4 1 0.8
0.977697997353971 24.3900741072269 "experimento_67" 67 500 1000 0.95 19 0.4 1 0.8
0.852798082632944 10.0631718783099 "experimento_67" 67 500 1000 0.95 19 0.4 1 0.8
0.976308716693893 24.0149963649337 "experimento_67" 67 500 1000 0.95 19 0.4 1 0.8
0.97199901775457 21.2393701089357 "experimento_67" 67 500 1000 0.95 19 0.4 1 0.8
0.973822292406112 25.2799605711784 "experimento_67" 67 500 1000 0.95 19 0.4 1 0.8
0.99627478281036 20.7469582606716 "experimento_67" 67 500 1000 0.95 19 0.4 1 0.8
1.00652329177645 22.2552504600768 "experimento_67" 67 500 1000 0.95 19 0.4 1 0.8
0.977054967079312 22.0507735390547 "experimento_67" 67 500 1000 0.95 19 0.4 1 0.8
0.976298125693575 24.2988978576456 "experimento_67" 67 500 1000 0.95 19 0.4 1 0.8
0.915239585796371 11.5094598567206 "experimento_67" 67 500 1000 0.95 19 0.4 1 0.8
1.0014070826642 23.5466783962211 "experimento_67" 67 500 1000 0.95 19 0.4 1 0.8
0.971826841821894 21.4839930890231 "experimento_67" 67 500 1000 0.95 19 0.4 1 0.8
1.0141750733172 23.4400464569078 "experimento_67" 67 500 1000 0.95 19 0.4 1 0.8
0.925844037672505 15.0745546919588 "experimento_67" 67 500 1000 0.95 19 0.4 1 0.8
0.93988971458748 17.2038349988639 "experimento_67" 67 500 1000 0.95 19 0.4 1 0.8
0.973848382243887 15.1315679652341 "experimento_67" 67 500 1000 0.95 19 0.4 1 0.8
1.01139698398152 24.8739361338624 "experimento_67" 67 500 1000 0.95 19 0.4 1 0.8
0.972788424231112 14.5205611529605 "experimento_67" 67 500 1000 0.95 19 0.4 1 0.8
0.965514446143061 16.7602868990801 "experimento_67" 67 500 1000 0.95 19 0.4 1 0.8
0.884993707993999 11.9693017456861 "experimento_67" 67 500 1000 0.95 19 0.4 1 0.8
0.855857911519706 10.4974650140687 "experimento_67" 67 500 1000 0.95 19 0.4 1 0.8
0.902377169113606 12.5655312666314 "experimento_67" 67 500 1000 0.95 19 0.4 1 0.8
0.866294468287379 10.7850189039584 "experimento_67" 67 500 1000 0.95 19 0.4 1 0.8
0.978049563942477 18.0649999706246 "experimento_67" 67 500 1000 0.95 19 0.4 1 0.8
0.962384252808988 15.0308761706756 "experimento_67" 67 500 1000 0.95 19 0.4 1 0.8
0.966847656993195 15.0386211445903 "experimento_67" 67 500 1000 0.95 19 0.4 1 0.8
0.531938754022121 4.15903105396349 "experimento_67" 67 500 1000 0.95 19 0.4 1 0.8
0.944430345203727 14.47795789977 "experimento_67" 67 500 1000 0.95 19 0.4 1 0.8
0.90897794207558 15.45008499839 "experimento_67" 67 500 1000 0.95 19 0.4 1 0.8
0.983737381873652 24.6687047600542 "experimento_67" 67 500 1000 0.95 19 0.4 1 0.8
0.977524589980021 17.0892792801165 "experimento_67" 67 500 1000 0.95 19 0.4 1 0.8
0.957376907812431 20.6506452588401 "experimento_67" 67 500 1000 0.95 19 0.4 1 0.8
0.952790547395125 15.7388837970529 "experimento_67" 67 500 1000 0.95 19 0.4 1 0.8
0.97841229964979 17.0017794711425 "experimento_67" 67 500 1000 0.95 19 0.4 1 0.8
0.89246178092435 11.9948455641095 "experimento_67" 67 500 1000 0.95 19 0.4 1 0.8
1.00771919713895 20.4137456954657 "experimento_67" 67 500 1000 0.95 19 0.4 1 0.8
0.982944874325767 17.8438541709806 "experimento_67" 67 500 1000 0.95 19 0.4 1 0.8
0.831236914265901 8.68951601961227 "experimento_67" 67 500 1000 0.95 19 0.4 1 0.8
0.990053828805685 28.9850962341423 "experimento_67" 67 500 1000 0.95 19 0.4 1 0.8
0.968591805780306 19.3590120859715 "experimento_67" 67 500 1000 0.95 19 0.4 1 0.8
0.968540315516293 21.2167420676601 "experimento_67" 67 500 1000 0.95 19 0.4 1 0.8
0.957342847250402 14.0480063593223 "experimento_67" 67 500 1000 0.95 19 0.4 1 0.8
0.520111263729632 3.87264604768853 "experimento_67" 67 500 1000 0.95 19 0.4 1 0.8
0.947161970194429 18.0141788891896 "experimento_67" 67 500 1000 0.95 19 0.4 1 0.8
0.997713360469788 31.1280189944955 "experimento_67" 67 500 1000 0.95 19 0.4 1 0.8
0.956702795345336 19.7727564629208 "experimento_67" 67 500 1000 0.95 19 0.4 1 0.8
0.976472904207185 21.1241695077762 "experimento_67" 67 500 1000 0.95 19 0.4 1 0.8
0.994831739692017 21.6060463399957 "experimento_67" 67 500 1000 0.95 19 0.4 1 0.8
0.933118761749938 12.6329819477069 "experimento_67" 67 500 1000 0.95 19 0.4 1 0.8
0.994095969712362 17.5020205576338 "experimento_67" 67 500 1000 0.95 19 0.4 1 0.8
0.982476321514696 20.1050433699864 "experimento_67" 67 500 1000 0.95 19 0.4 1 0.8
0.976381617132574 28.0833335779614 "experimento_67" 67 500 1000 0.95 19 0.4 1 0.8
0.988242728635669 36.0310715964733 "experimento_67" 67 500 1000 0.95 19 0.4 1 0.8
1.01492783318978 19.1800037621816 "experimento_67" 67 500 1000 0.95 19 0.4 1 0.8
0.992254685377702 20.9554700256717 "experimento_67" 67 500 1000 0.95 19 0.4 1 0.8
0.973013958660886 21.5629374974407 "experimento_67" 67 500 1000 0.95 19 0.4 1 0.8
0.968832190614194 22.5994323940862 "experimento_67" 67 500 1000 0.95 19 0.4 1 0.8
0.571893624728546 4.55545644813388 "experimento_67" 67 500 1000 0.95 19 0.4 1 0.8
0.975470508215949 26.8270440566263 "experimento_67" 67 500 1000 0.95 19 0.4 1 0.8
0.967028327286243 17.5379606261189 "experimento_67" 67 500 1000 0.95 19 0.4 1 0.8
0.509599282639101 4.01677841258933 "experimento_67" 67 500 1000 0.95 19 0.4 1 0.8
0.959933642763644 17.3945687349579 "experimento_67" 67 500 1000 0.95 19 0.4 1 0.8
0.990062344120815 18.6441432329925 "experimento_67" 67 500 1000 0.95 19 0.4 1 0.8
1.00637984351794 18.5147770817658 "experimento_67" 67 500 1000 0.95 19 0.4 1 0.8
0.960729929152876 17.4349258134026 "experimento_67" 67 500 1000 0.95 19 0.4 1 0.8
0.987172609195113 20.1012703839135 "experimento_67" 67 500 1000 0.95 19 0.4 1 0.8
0.963837291346863 17.920227393762 "experimento_67" 67 500 1000 0.95 19 0.4 1 0.8
0.934502715943381 14.9928296497131 "experimento_67" 67 500 1000 0.95 19 0.4 1 0.8
0.879365999717265 12.5011111606783 "experimento_67" 67 500 1000 0.95 19 0.4 1 0.8
0.961596757639199 22.9648715005618 "experimento_67" 67 500 1000 0.95 19 0.4 1 0.8
0.526736557716504 4.1759819945829 "experimento_67" 67 500 1000 0.95 19 0.4 1 0.8
0.983872363576666 17.2445501916135 "experimento_67" 67 500 1000 0.95 19 0.4 1 0.8
0.918140831403434 15.1093506424985 "experimento_67" 67 500 1000 0.95 19 0.4 1 0.8
0.91581296431832 13.4667564979388 "experimento_67" 67 500 1000 0.95 19 0.4 1 0.8
0.999289994128048 22.9700221743139 "experimento_67" 67 500 1000 0.95 19 0.4 1 0.8
0.76747652865015 7.15381174365615 "experimento_67" 67 500 1000 0.95 19 0.4 1 0.8
0.928358876146376 15.9429188876361 "experimento_67" 67 500 1000 0.95 19 0.4 1 0.8
0.985207985155284 26.077248060907 "experimento_67" 67 500 1000 0.95 19 0.4 1 0.8
0.93758110399358 18.9131464907981 "experimento_67" 67 500 1000 0.95 19 0.4 1 0.8
0.538295398466289 3.94892611973329 "experimento_67" 67 500 1000 0.95 19 0.4 1 0.8
0.946667458629236 14.2073150602465 "experimento_67" 67 500 1000 0.95 19 0.4 1 0.8
0.929345585172996 15.4769111154472 "experimento_67" 67 500 1000 0.95 19 0.4 1 0.8
0.956412851810455 18.6345360654105 "experimento_67" 67 500 1000 0.95 19 0.4 1 0.8
0.978252342436463 25.8244683618563 "experimento_67" 67 500 1000 0.95 19 0.4 1 0.8
0.969380884198472 23.1769369595614 "experimento_67" 67 500 1000 0.95 19 0.4 1 0.8
0.981584904249758 26.4894372375285 "experimento_67" 67 500 1000 0.95 19 0.4 1 0.8
0.932033021235839 13.683373367057 "experimento_67" 67 500 1000 0.95 19 0.4 1 0.8
0.936919890111312 12.976047803767 "experimento_67" 67 500 1000 0.95 19 0.4 1 0.8
0.985834531718865 28.2785109496605 "experimento_67" 67 500 1000 0.95 19 0.4 1 0.8
0.96831265441142 18.0690382482928 "experimento_67" 67 500 1000 0.95 19 0.4 1 0.8
0.93919735122472 15.821392458546 "experimento_67" 67 500 1000 0.95 19 0.4 1 0.8
0.88741419906728 10.9845420047734 "experimento_67" 67 500 1000 0.95 19 0.4 1 0.8
0.918337042676285 17.5494948690959 "experimento_67" 67 500 1000 0.95 19 0.4 1 0.8
0.967170303221792 21.8597530293895 "experimento_67" 67 500 1000 0.95 19 0.4 1 0.8
0.964196155080572 23.6322621443447 "experimento_67" 67 500 1000 0.95 19 0.4 1 0.8
0.91079524368979 12.9986635714321 "experimento_67" 67 500 1000 0.95 19 0.4 1 0.8
0.970864553004503 17.4830296143306 "experimento_67" 67 500 1000 0.95 19 0.4 1 0.8
0.908556947484612 12.2722850274455 "experimento_67" 67 500 1000 0.95 19 0.4 1 0.8
0.929794018855318 17.0246908854292 "experimento_67" 67 500 1000 0.95 19 0.4 1 0.8
0.984821426915005 19.5988189367032 "experimento_67" 67 500 1000 0.95 19 0.4 1 0.8
0.939530928619206 16.1625968654258 "experimento_67" 67 500 1000 0.95 19 0.4 1 0.8
0.966547078220174 16.0262790291651 "experimento_67" 67 500 1000 0.95 19 0.4 1 0.8
0.932001541834325 16.6336342255838 "experimento_67" 67 500 1000 0.95 19 0.4 1 0.8
0.886016638949513 11.8629933234471 "experimento_67" 67 500 1000 0.95 19 0.4 1 0.8
0.946260754717514 15.9264629361388 "experimento_67" 67 500 1000 0.95 19 0.4 1 0.8
0.928541688248515 14.8663933403179 "experimento_67" 67 500 1000 0.95 19 0.4 1 0.8
0.884444510098547 14.1685436701102 "experimento_67" 67 500 1000 0.95 19 0.4 1 0.8
0.959920582361519 18.7395487489378 "experimento_67" 67 500 1000 0.95 19 0.4 1 0.8
0.970159333897755 19.6372612000095 "experimento_67" 67 500 1000 0.95 19 0.4 1 0.8
0.945029868278652 14.8549660371106 "experimento_67" 67 500 1000 0.95 19 0.4 1 0.8
0.932320931693539 13.6414332548443 "experimento_67" 67 500 1000 0.95 19 0.4 1 0.8
0.574440293945372 4.46507650805235 "experimento_67" 67 500 1000 0.95 19 0.4 1 0.8
0.906416474608704 13.3922151506682 "experimento_67" 67 500 1000 0.95 19 0.4 1 0.8
1.01027603962116 25.079679709937 "experimento_67" 67 500 1000 0.95 19 0.4 1 0.8
0.897124996641651 13.7612744133822 "experimento_67" 67 500 1000 0.95 19 0.4 1 0.8
0.864662366919219 10.0087391918835 "experimento_67" 67 500 1000 0.95 19 0.4 1 0.8
0.93828112562187 18.5137157394975 "experimento_67" 67 500 1000 0.95 19 0.4 1 0.8
0.992150305537507 26.1886279420315 "experimento_67" 67 500 1000 0.95 19 0.4 1 0.8
1.01010704052129 19.8437695852782 "experimento_67" 67 500 1000 0.95 19 0.4 1 0.8
0.960596377961338 18.2448931840921 "experimento_67" 67 500 1000 0.95 19 0.4 1 0.8
0.910369060235098 13.1007919981657 "experimento_67" 67 500 1000 0.95 19 0.4 1 0.8
0.980859917588532 16.9717131664787 "experimento_67" 67 500 1000 0.95 19 0.4 1 0.8
0.963316360721365 21.3806979014585 "experimento_67" 67 500 1000 0.95 19 0.4 1 0.8
0.921143660321832 12.5002927771096 "experimento_67" 67 500 1000 0.95 19 0.4 1 0.8
0.672293901443481 5.24516987802063 "experimento_67" 67 500 1000 0.95 19 0.4 1 0.8
0.968291728990152 20.2124226774916 "experimento_67" 67 500 1000 0.95 19 0.4 1 0.8
0.985946887405589 25.5312712463975 "experimento_67" 67 500 1000 0.95 19 0.4 1 0.8
0.860972872236744 12.2241598068155 "experimento_67" 67 500 1000 0.95 19 0.4 1 0.8
0.938434111420065 15.9874272484142 "experimento_67" 67 500 1000 0.95 19 0.4 1 0.8
0.963490718510002 16.2241823846638 "experimento_67" 67 500 1000 0.95 19 0.4 1 0.8
0.986835383344442 18.1156879183885 "experimento_67" 67 500 1000 0.95 19 0.4 1 0.8
0.98081459547393 23.0362690375397 "experimento_67" 67 500 1000 0.95 19 0.4 1 0.8
0.960191099205986 17.2245911552053 "experimento_67" 67 500 1000 0.95 19 0.4 1 0.8
0.899129651719704 13.9213729803077 "experimento_67" 67 500 1000 0.95 19 0.4 1 0.8
0.953639821149409 16.5671067881283 "experimento_67" 67 500 1000 0.95 19 0.4 1 0.8
0.987447868799791 26.1303687957039 "experimento_67" 67 500 1000 0.95 19 0.4 1 0.8
0.836075599072501 9.93082600616958 "experimento_67" 67 500 1000 0.95 19 0.4 1 0.8
0.977641101460904 24.9156687209548 "experimento_67" 67 500 1000 0.95 19 0.4 1 0.8
0.959820972522721 14.7261094985538 "experimento_67" 67 500 1000 0.95 19 0.4 1 0.8
0.981609957758337 18.9836581239451 "experimento_67" 67 500 1000 0.95 19 0.4 1 0.8
0.860868998337537 9.08431780456307 "experimento_67" 67 500 1000 0.95 19 0.4 1 0.8
0.921162740327418 13.3813020837527 "experimento_67" 67 500 1000 0.95 19 0.4 1 0.8
0.838384458329529 10.4187841972609 "experimento_67" 67 500 1000 0.95 19 0.4 1 0.8
0.941779141779989 18.0815876556021 "experimento_67" 67 500 1000 0.95 19 0.4 1 0.8
0.981203680392355 17.1981071814588 "experimento_67" 67 500 1000 0.95 19 0.4 1 0.8
0.958457079948857 18.2008207855945 "experimento_67" 67 500 1000 0.95 19 0.4 1 0.8
0.918633939232677 13.1101936926809 "experimento_67" 67 500 1000 0.95 19 0.4 1 0.8
0.980872301850468 21.0188037358396 "experimento_67" 67 500 1000 0.95 19 0.4 1 0.8
0.981180037604645 16.9252633949466 "experimento_67" 67 500 1000 0.95 19 0.4 1 0.8
0.893824145430699 11.6041181442839 "experimento_67" 67 500 1000 0.95 19 0.4 1 0.8
0.519402176141739 4.02374543876887 "experimento_67" 67 500 1000 0.95 19 0.4 1 0.8
0.950554781826213 18.957730545252 "experimento_67" 67 500 1000 0.95 19 0.4 1 0.8
0.972670628689229 20.8588591062767 "experimento_67" 67 500 1000 0.95 19 0.4 1 0.8
0.958364982157946 16.5067452721262 "experimento_67" 67 500 1000 0.95 19 0.4 1 0.8
0.965181620558724 20.1022610406079 "experimento_67" 67 500 1000 0.95 19 0.4 1 0.8
0.958306343527511 15.457331302543 "experimento_67" 67 500 1000 0.95 19 0.4 1 0.8
0.999229355948046 28.624991721732 "experimento_67" 67 500 1000 0.95 19 0.4 1 0.8
0.922493626363575 13.4170504167069 "experimento_67" 67 500 1000 0.95 19 0.4 1 0.8
0.968284673755988 18.7754143925801 "experimento_67" 67 500 1000 0.95 19 0.4 1 0.8
1.02582924151303 34.1802425464863 "experimento_67" 67 500 1000 0.95 19 0.4 1 0.8
0.890468278201297 10.7799349383311 "experimento_67" 67 500 1000 0.95 19 0.4 1 0.8
0.945739191258326 13.240095470616 "experimento_67" 67 500 1000 0.95 19 0.4 1 0.8
0.971159759676084 26.8814183551605 "experimento_67" 67 500 1000 0.95 19 0.4 1 0.8
0.960568196605891 23.2930268650539 "experimento_67" 67 500 1000 0.95 19 0.4 1 0.8
0.569102292414755 4.4970423314938 "experimento_67" 67 500 1000 0.95 19 0.4 1 0.8
0.969663844676688 22.2446681271216 "experimento_67" 67 500 1000 0.95 19 0.4 1 0.8
0.993372404715046 19.058061568565 "experimento_67" 67 500 1000 0.95 19 0.4 1 0.8
0.982364429160953 26.063032252693 "experimento_67" 67 500 1000 0.95 19 0.4 1 0.8
0.850716418353841 10.1124936084558 "experimento_67" 67 500 1000 0.95 19 0.4 1 0.8
0.944336318643764 17.4638376604964 "experimento_67" 67 500 1000 0.95 19 0.4 1 0.8
0.98553721094504 22.7205247511194 "experimento_67" 67 500 1000 0.95 19 0.4 1 0.8
0.980010104132816 17.134974081643 "experimento_67" 67 500 1000 0.95 19 0.4 1 0.8
0.971425934229046 20.5622695843452 "experimento_67" 67 500 1000 0.95 19 0.4 1 0.8
0.971663266187534 20.7920351162264 "experimento_67" 67 500 1000 0.95 19 0.4 1 0.8
0.960126706631854 16.7901865925237 "experimento_67" 67 500 1000 0.95 19 0.4 1 0.8
0.957537653855979 15.3553607943892 "experimento_67" 67 500 1000 0.95 19 0.4 1 0.8
0.883538950467482 12.9715121825186 "experimento_67" 67 500 1000 0.95 19 0.4 1 0.8
0.834241061005741 9.03878017132519 "experimento_67" 67 500 1000 0.95 19 0.4 1 0.8
0.963606751058251 17.8563092694075 "experimento_67" 67 500 1000 0.95 19 0.4 1 0.8
0.960948339896277 17.7844087391024 "experimento_67" 67 500 1000 0.95 19 0.4 1 0.8
0.922299440950155 13.6874582853598 "experimento_67" 67 500 1000 0.95 19 0.4 1 0.8
0.988817519741133 17.7746265907415 "experimento_67" 67 500 1000 0.95 19 0.4 1 0.8
0.987373698037118 24.8018424739444 "experimento_67" 67 500 1000 0.95 19 0.4 1 0.8
0.992054741131142 26.4231883721724 "experimento_67" 67 500 1000 0.95 19 0.4 1 0.8
0.941062476253137 14.6507580372717 "experimento_67" 67 500 1000 0.95 19 0.4 1 0.8
0.96060891658999 18.2357793441079 "experimento_67" 67 500 1000 0.95 19 0.4 1 0.8
0.855700663058087 10.2510275364294 "experimento_67" 67 500 1000 0.95 19 0.4 1 0.8
0.969820802100003 17.8263778618221 "experimento_67" 67 500 1000 0.95 19 0.4 1 0.8
0.95857197092846 18.0508547177999 "experimento_67" 67 500 1000 0.95 19 0.4 1 0.8
0.981686204439029 24.3176460261109 "experimento_67" 67 500 1000 0.95 19 0.4 1 0.8
0.962040620390326 18.0689612307483 "experimento_67" 67 500 1000 0.95 19 0.4 1 0.8
0.977491204161197 25.9118292075311 "experimento_67" 67 500 1000 0.95 19 0.4 1 0.8
0.961557098198682 20.4160610105639 "experimento_67" 67 500 1000 0.95 19 0.4 1 0.8
0.932753560133278 15.5787252124962 "experimento_67" 67 500 1000 0.95 19 0.4 1 0.8
0.953271897276863 16.6459605248487 "experimento_67" 67 500 1000 0.95 19 0.4 1 0.8
0.969749526353553 16.544155820626 "experimento_67" 67 500 1000 0.95 19 0.4 1 0.8
0.889919757377356 11.8606683524744 "experimento_67" 67 500 1000 0.95 19 0.4 1 0.8
0.975068994797766 19.3501207174992 "experimento_67" 67 500 1000 0.95 19 0.4 1 0.8
0.777153313159943 8.05786929834349 "experimento_67" 67 500 1000 0.95 19 0.4 1 0.8
0.926860850537196 13.0940638425922 "experimento_67" 67 500 1000 0.95 19 0.4 1 0.8
0.946876074885949 13.3689364580735 "experimento_67" 67 500 1000 0.95 19 0.4 1 0.8
0.952394366730005 15.894004130194 "experimento_67" 67 500 1000 0.95 19 0.4 1 0.8
0.832134104566649 9.44659612657936 "experimento_67" 67 500 1000 0.95 19 0.4 1 0.8
0.962672450579703 19.9264039089736 "experimento_67" 67 500 1000 0.95 19 0.4 1 0.8
0.987293146550655 28.1923042973171 "experimento_67" 67 500 1000 0.95 19 0.4 1 0.8
1.0005147916657 22.3694267417242 "experimento_67" 67 500 1000 0.95 19 0.4 1 0.8
0.967393096769229 24.6354429272897 "experimento_67" 67 500 1000 0.95 19 0.4 1 0.8
0.984468480339274 25.2993266420112 "experimento_67" 67 500 1000 0.95 19 0.4 1 0.8
0.529599669855088 4.02317130709231 "experimento_67" 67 500 1000 0.95 19 0.4 1 0.8
0.803000759333372 7.60245460566488 "experimento_67" 67 500 1000 0.95 19 0.4 1 0.8
0.979553397046402 21.3144118659033 "experimento_67" 67 500 1000 0.95 19 0.4 1 0.8
0.975290296366438 21.9629133314423 "experimento_67" 67 500 1000 0.95 19 0.4 1 0.8
0.616625685943291 4.91115762679215 "experimento_67" 67 500 1000 0.95 19 0.4 1 0.8
0.963831116678193 23.9343749394328 "experimento_67" 67 500 1000 0.95 19 0.4 1 0.8
0.993880188558251 17.4269625171907 "experimento_67" 67 500 1000 0.95 19 0.4 1 0.8
0.954756117193028 16.1908989334612 "experimento_67" 67 500 1000 0.95 19 0.4 1 0.8
0.917499618371949 12.2705250605623 "experimento_67" 67 500 1000 0.95 19 0.4 1 0.8
0.980448091868311 18.0932505525357 "experimento_67" 67 500 1000 0.95 19 0.4 1 0.8
0.961992467753589 13.6493056131444 "experimento_67" 67 500 1000 0.95 19 0.4 1 0.8
0.957021347014233 17.9169385600308 "experimento_67" 67 500 1000 0.95 19 0.4 1 0.8
0.957119648111984 17.3205654723142 "experimento_67" 67 500 1000 0.95 19 0.4 1 0.8
1.00710178487947 22.3374429009409 "experimento_67" 67 500 1000 0.95 19 0.4 1 0.8
0.948895087465644 14.5983204042222 "experimento_67" 67 500 1000 0.95 19 0.4 1 0.8
0.930020059458911 15.8737659611511 "experimento_67" 67 500 1000 0.95 19 0.4 1 0.8
0.898969014873728 13.0774462819502 "experimento_67" 67 500 1000 0.95 19 0.4 1 0.8
0.96257868828252 18.6077447167515 "experimento_67" 67 500 1000 0.95 19 0.4 1 0.8
0.93111990368925 14.8447881928605 "experimento_67" 67 500 1000 0.95 19 0.4 1 0.8
0.983617013553157 14.8370540119115 "experimento_67" 67 500 1000 0.95 19 0.4 1 0.8
0.936555721797049 20.1602043164708 "experimento_67" 67 500 1000 0.95 19 0.4 1 0.8
0.883563511772081 11.4643157911271 "experimento_67" 67 500 1000 0.95 19 0.4 1 0.8
0.954725683899596 15.7074565333461 "experimento_67" 67 500 1000 0.95 19 0.4 1 0.8
0.952649626415223 16.4427955829905 "experimento_67" 67 500 1000 0.95 19 0.4 1 0.8
0.992875636788085 19.9501370189526 "experimento_67" 67 500 1000 0.95 19 0.4 1 0.8
0.99871836649254 20.020749973972 "experimento_67" 67 500 1000 0.95 19 0.4 1 0.8
0.985907609574497 23.8673093521644 "experimento_67" 67 500 1000 0.95 19 0.4 1 0.8
0.548798973206431 3.91627365156386 "experimento_67" 67 500 1000 0.95 19 0.4 1 0.8
0.984958982095122 21.3119163773068 "experimento_67" 67 500 1000 0.95 19 0.4 1 0.8
0.915306596085429 13.8211717062282 "experimento_67" 67 500 1000 0.95 19 0.4 1 0.8
0.964111539069563 18.8344965183848 "experimento_67" 67 500 1000 0.95 19 0.4 1 0.8
0.946445608511567 14.679827973806 "experimento_67" 67 500 1000 0.95 19 0.4 1 0.8
0.947012041928247 17.9896060448311 "experimento_67" 67 500 1000 0.95 19 0.4 1 0.8
0.947777756722644 18.0894488121352 "experimento_67" 67 500 1000 0.95 19 0.4 1 0.8
0.913893646094948 13.9341547000713 "experimento_67" 67 500 1000 0.95 19 0.4 1 0.8
0.956776413600892 17.0638452377995 "experimento_67" 67 500 1000 0.95 19 0.4 1 0.8
0.966746118385345 19.2837858256308 "experimento_67" 67 500 1000 0.95 19 0.4 1 0.8
0.919175430899486 14.1381663858715 "experimento_67" 67 500 1000 0.95 19 0.4 1 0.8
0.979181642876938 23.2702334848 "experimento_67" 67 500 1000 0.95 19 0.4 1 0.8
0.795240517007187 8.21100673662368 "experimento_67" 67 500 1000 0.95 19 0.4 1 0.8
0.496021481230855 3.89324361121623 "experimento_67" 67 500 1000 0.95 19 0.4 1 0.8
0.949472267879173 15.7598652641802 "experimento_67" 67 500 1000 0.95 19 0.4 1 0.8
0.957296039443463 14.6687233600736 "experimento_67" 67 500 1000 0.95 19 0.4 1 0.8
0.97055775928311 16.7875971145569 "experimento_67" 67 500 1000 0.95 19 0.4 1 0.8
0.983092777663842 22.5762214407933 "experimento_67" 67 500 1000 0.95 19 0.4 1 0.8
0.911547616356984 14.8960247687476 "experimento_67" 67 500 1000 0.95 19 0.4 1 0.8
0.981740503106266 15.703375606171 "experimento_67" 67 500 1000 0.95 19 0.4 1 0.8
0.954957932699472 15.6715905626449 "experimento_67" 67 500 1000 0.95 19 0.4 1 0.8
0.951773032313213 15.302560570676 "experimento_67" 67 500 1000 0.95 19 0.4 1 0.8
0.965585123747587 17.1411723752433 "experimento_67" 67 500 1000 0.95 19 0.4 1 0.8
0.97523350152187 19.691098132524 "experimento_67" 67 500 1000 0.95 19 0.4 1 0.8
0.894287450704724 12.6716063726168 "experimento_67" 67 500 1000 0.95 19 0.4 1 0.8
0.949707784689963 15.8068800670238 "experimento_67" 67 500 1000 0.95 19 0.4 1 0.8
0.98363776342012 21.5466587104935 "experimento_67" 67 500 1000 0.95 19 0.4 1 0.8
0.88935176236555 10.498428469971 "experimento_67" 67 500 1000 0.95 19 0.4 1 0.8
0.948266620980576 17.1576535510306 "experimento_67" 67 500 1000 0.95 19 0.4 1 0.8
0.964512427337468 17.6633731746803 "experimento_67" 67 500 1000 0.95 19 0.4 1 0.8
0.998697460861877 29.1129771832024 "experimento_67" 67 500 1000 0.95 19 0.4 1 0.8
1.00421983505052 19.7597735821068 "experimento_67" 67 500 1000 0.95 19 0.4 1 0.8
0.983697222080082 20.9956274377636 "experimento_67" 67 500 1000 0.95 19 0.4 1 0.8
0.963527371175587 20.4201527641769 "experimento_67" 67 500 1000 0.95 19 0.4 1 0.8
0.989694656105712 19.9801111673084 "experimento_67" 67 500 1000 0.95 19 0.4 1 0.8
0.984159252373502 16.2041542798834 "experimento_67" 67 500 1000 0.95 19 0.4 1 0.8
0.946335056331009 14.2087483107054 "experimento_67" 67 500 1000 0.95 19 0.4 1 0.8
0.991258556721732 25.4321140351031 "experimento_67" 67 500 1000 0.95 19 0.4 1 0.8
0.660274666035548 5.52900305885101 "experimento_67" 67 500 1000 0.95 19 0.4 1 0.8
0.918086203513667 14.4505520838197 "experimento_67" 67 500 1000 0.95 19 0.4 1 0.8
0.575647524092346 4.43075088058019 "experimento_67" 67 500 1000 0.95 19 0.4 1 0.8
0.921308637829497 15.1159056375144 "experimento_67" 67 500 1000 0.95 19 0.4 1 0.8
0.999289994360879 25.7833882839979 "experimento_67" 67 500 1000 0.95 19 0.4 1 0.8
1.0101178640963 38.5700012924028 "experimento_67" 67 500 1000 0.95 19 0.4 1 0.8
0.933684396790341 15.732102561182 "experimento_67" 67 500 1000 0.95 19 0.4 1 0.8
0.979621354490519 24.8970862637347 "experimento_67" 67 500 1000 0.95 19 0.4 1 0.8
0.953119531041011 14.8661340572277 "experimento_67" 67 500 1000 0.95 19 0.4 1 0.8
0.963009294122458 19.7219675801415 "experimento_67" 67 500 1000 0.95 19 0.4 1 0.8
1.00343500487016 33.4429076912686 "experimento_67" 67 500 1000 0.95 19 0.4 1 0.8
0.967492131749168 23.8076752888805 "experimento_67" 67 500 1000 0.95 19 0.4 1 0.8
0.941768981516361 19.2618689459833 "experimento_67" 67 500 1000 0.95 19 0.4 1 0.8
1.00804255233685 21.6987760850022 "experimento_67" 67 500 1000 0.95 19 0.4 1 0.8
0.995404973858967 19.6886688997173 "experimento_67" 67 500 1000 0.95 19 0.4 1 0.8
0.976647777948529 21.0435531967655 "experimento_67" 67 500 1000 0.95 19 0.4 1 0.8
0.962645977502689 16.1108586655338 "experimento_67" 67 500 1000 0.95 19 0.4 1 0.8
0.977580962935463 19.8404068693961 "experimento_67" 67 500 1000 0.95 19 0.4 1 0.8
0.988990471232682 26.6906254311359 "experimento_67" 67 500 1000 0.95 19 0.4 1 0.8
0.944026211742312 18.6059041655767 "experimento_67" 67 500 1000 0.95 19 0.4 1 0.8
0.970731223933399 16.0802923632385 "experimento_67" 67 500 1000 0.95 19 0.4 1 0.8
0.949729125248268 14.1555990972645 "experimento_67" 67 500 1000 0.95 19 0.4 1 0.8
1.00754111015091 24.4817369011319 "experimento_67" 67 500 1000 0.95 19 0.4 1 0.8
0.958268363261595 17.5482118217086 "experimento_67" 67 500 1000 0.95 19 0.4 1 0.8
0.53318563150242 3.95173372908978 "experimento_67" 67 500 1000 0.95 19 0.4 1 0.8
0.921131418319419 15.2063736674645 "experimento_67" 67 500 1000 0.95 19 0.4 1 0.8
0.682490553706884 5.80782120898649 "experimento_67" 67 500 1000 0.95 19 0.4 1 0.8
0.4707278420683 3.68020191365548 "experimento_67" 67 500 1000 0.95 19 0.4 1 0.8
0.970329556148499 20.4464597502439 "experimento_67" 67 500 1000 0.95 19 0.4 1 0.8
0.9035338612739 12.7684439957266 "experimento_67" 67 500 1000 0.95 19 0.4 1 0.8
0.996308108093217 26.5270738505185 "experimento_67" 67 500 1000 0.95 19 0.4 1 0.8
0.952992163132876 14.4666266960656 "experimento_67" 67 500 1000 0.95 19 0.4 1 0.8
0.97519588842988 20.4707819354824 "experimento_67" 67 500 1000 0.95 19 0.4 1 0.8
0.954852779395878 16.88798171489 "experimento_67" 67 500 1000 0.95 19 0.4 1 0.8
0.933657835237682 12.19977850198 "experimento_67" 67 500 1000 0.95 19 0.4 1 0.8
0.991709797643125 20.1218577614367 "experimento_67" 67 500 1000 0.95 19 0.4 1 0.8
1.03085999131987 26.3819306826069 "experimento_67" 67 500 1000 0.95 19 0.4 1 0.8
0.960267324000597 14.3868757017682 "experimento_67" 67 500 1000 0.95 19 0.4 1 0.8
0.966143362224102 18.1749514199104 "experimento_67" 67 500 1000 0.95 19 0.4 1 0.8
0.958564399043098 19.9414427578721 "experimento_67" 67 500 1000 0.95 19 0.4 1 0.8
0.975017275428399 20.1957615505856 "experimento_67" 67 500 1000 0.95 19 0.4 1 0.8
0.940092994133011 18.7999736000978 "experimento_67" 67 500 1000 0.95 19 0.4 1 0.8
0.964706688653678 16.3817338093657 "experimento_67" 67 500 1000 0.95 19 0.4 1 0.8
0.893407841911539 12.9688276634626 "experimento_67" 67 500 1000 0.95 19 0.4 1 0.8
0.990530763054267 15.5345453041317 "experimento_67" 67 500 1000 0.95 19 0.4 1 0.8
0.86620871629566 11.9785272294434 "experimento_67" 67 500 1000 0.95 19 0.4 1 0.8
0.947783898329362 16.6111134236665 "experimento_67" 67 500 1000 0.95 19 0.4 1 0.8
0.966736768139526 17.1888142034427 "experimento_67" 67 500 1000 0.95 19 0.4 1 0.8
0.982042414369062 17.8720919411766 "experimento_67" 67 500 1000 0.95 19 0.4 1 0.8
0.977785516297445 22.3284613185329 "experimento_67" 67 500 1000 0.95 19 0.4 1 0.8
0.953195373760536 21.9300735837877 "experimento_67" 67 500 1000 0.95 19 0.4 1 0.8
0.958252241369337 20.2334453513315 "experimento_67" 67 500 1000 0.95 19 0.4 1 0.8
0.971751938806847 17.8633811024252 "experimento_67" 67 500 1000 0.95 19 0.4 1 0.8
0.970209592720494 21.9736438077284 "experimento_67" 67 500 1000 0.95 19 0.4 1 0.8
0.982894257642329 18.5580696633385 "experimento_67" 67 500 1000 0.95 19 0.4 1 0.8
0.98265756899491 16.0920918307635 "experimento_67" 67 500 1000 0.95 19 0.4 1 0.8
0.923917336389422 10.597632266904 "experimento_67" 67 500 1000 0.95 19 0.4 1 0.8
1.00958672406054 27.1979090819455 "experimento_67" 67 500 1000 0.95 19 0.4 1 0.8
0.995874542510137 28.0157073745843 "experimento_67" 67 500 1000 0.95 19 0.4 1 0.8
0.999323064694181 34.6455474493398 "experimento_67" 67 500 1000 0.95 19 0.4 1 0.8
0.985922973835841 23.0139884713686 "experimento_67" 67 500 1000 0.95 19 0.4 1 0.8
0.97747538308613 20.5236506461593 "experimento_67" 67 500 1000 0.95 19 0.4 1 0.8
1.00206688046455 21.6261898109478 "experimento_67" 67 500 1000 0.95 19 0.4 1 0.8
0.98236616468057 19.7172068509794 "experimento_67" 67 500 1000 0.95 19 0.4 1 0.8
1.00577351751882 29.6071165308623 "experimento_67" 67 500 1000 0.95 19 0.4 1 0.8
0.809442583937198 8.22509457117956 "experimento_67" 67 500 1000 0.95 19 0.4 1 0.8
0.936157349264249 16.1586217838211 "experimento_67" 67 500 1000 0.95 19 0.4 1 0.8
0.960249961353838 18.8466733186603 "experimento_67" 67 500 1000 0.95 19 0.4 1 0.8
0.913256458006799 15.6237493852406 "experimento_67" 67 500 1000 0.95 19 0.4 1 0.8
0.984655151842162 22.3214587197048 "experimento_67" 67 500 1000 0.95 19 0.4 1 0.8
1.02711473652897 31.4000835041562 "experimento_67" 67 500 1000 0.95 19 0.4 1 0.8
0.858205369673669 9.54011350803329 "experimento_67" 67 500 1000 0.95 19 0.4 1 0.8
0.95815708884038 16.497206348962 "experimento_67" 67 500 1000 0.95 19 0.4 1 0.8
0.960362274665385 18.5093078340981 "experimento_67" 67 500 1000 0.95 19 0.4 1 0.8
1.03212890876947 29.3762905410732 "experimento_67" 67 500 1000 0.95 19 0.4 1 0.8
1.02203394737291 33.7063631458565 "experimento_67" 67 500 1000 0.95 19 0.4 1 0.8
0.967188804410398 15.2896105489064 "experimento_67" 67 500 1000 0.95 19 0.4 1 0.8
0.958715312648565 18.9061721773829 "experimento_67" 67 500 1000 0.95 19 0.4 1 0.8
0.896393162198365 12.5087935362223 "experimento_67" 67 500 1000 0.95 19 0.4 1 0.8
1.01241456109442 27.4232399270265 "experimento_67" 67 500 1000 0.95 19 0.4 1 0.8
0.797331241657957 9.89904392576276 "experimento_67" 67 500 1000 0.95 19 0.4 1 0.8
0.995682108215988 19.978050973238 "experimento_67" 67 500 1000 0.95 19 0.4 1 0.8
0.966349769383669 17.1832815903915 "experimento_67" 67 500 1000 0.95 19 0.4 1 0.8
0.964797164546326 18.3575390439184 "experimento_67" 67 500 1000 0.95 19 0.4 1 0.8
0.990474079968408 22.2503736436387 "experimento_67" 67 500 1000 0.95 19 0.4 1 0.8
0.947356699733064 16.4691989407025 "experimento_67" 67 500 1000 0.95 19 0.4 1 0.8
0.9295853395015 13.4383491375571 "experimento_67" 67 500 1000 0.95 19 0.4 1 0.8
0.97334264498204 21.144134510781 "experimento_67" 67 500 1000 0.95 19 0.4 1 0.8
0.964828691445291 19.7548978272195 "experimento_67" 67 500 1000 0.95 19 0.4 1 0.8
0.899328611791134 10.4461916482647 "experimento_67" 67 500 1000 0.95 19 0.4 1 0.8
0.98555860389024 16.212608129579 "experimento_67" 67 500 1000 0.95 19 0.4 1 0.8
0.966467549325898 15.0704049583667 "experimento_67" 67 500 1000 0.95 19 0.4 1 0.8
0.497825373895466 3.84865658577568 "experimento_67" 67 500 1000 0.95 19 0.4 1 0.8
0.955883170245215 14.8725933456255 "experimento_67" 67 500 1000 0.95 19 0.4 1 0.8
0.98067669570446 21.334579517566 "experimento_67" 67 500 1000 0.95 19 0.4 1 0.8
0.976081732427701 18.4507475674805 "experimento_67" 67 500 1000 0.95 19 0.4 1 0.8
0.936207073740661 14.0363498776164 "experimento_67" 67 500 1000 0.95 19 0.4 1 0.8
0.967173577751964 19.4332246997395 "experimento_67" 67 500 1000 0.95 19 0.4 1 0.8
0.979933998081833 21.5773096440868 "experimento_67" 67 500 1000 0.95 19 0.4 1 0.8
0.964393044123426 17.9626659663619 "experimento_67" 67 500 1000 0.95 19 0.4 1 0.8
0.97191056702286 15.8661521406274 "experimento_67" 67 500 1000 0.95 19 0.4 1 0.8
0.961191071430221 19.3294999300782 "experimento_67" 67 500 1000 0.95 19 0.4 1 0.8
0.984947446500883 21.5490491920283 "experimento_67" 67 500 1000 0.95 19 0.4 1 0.8
0.937751796562225 15.8316704268663 "experimento_67" 67 500 1000 0.95 19 0.4 1 0.8
0.977900765137747 17.0456052656796 "experimento_67" 67 500 1000 0.95 19 0.4 1 0.8
1.00536879920606 21.3488423484296 "experimento_67" 67 500 1000 0.95 19 0.4 1 0.8
0.937224220717326 13.5347533993001 "experimento_67" 67 500 1000 0.95 19 0.4 1 0.8
0.978375968756154 21.5010962371674 "experimento_67" 67 500 1000 0.95 19 0.4 1 0.8
0.89222753723152 13.0175435238145 "experimento_67" 67 500 1000 0.95 19 0.4 1 0.8
0.505019466159865 3.80294540480269 "experimento_67" 67 500 1000 0.95 19 0.4 1 0.8
0.664615452289581 5.4242417649185 "experimento_67" 67 500 1000 0.95 19 0.4 1 0.8
0.97489874297753 18.7269701012768 "experimento_67" 67 500 1000 0.95 19 0.4 1 0.8
0.934165643062443 16.4089838055274 "experimento_67" 67 500 1000 0.95 19 0.4 1 0.8
0.934806460980326 18.7813590916536 "experimento_67" 67 500 1000 0.95 19 0.4 1 0.8
1.00187366586803 19.4715065129636 "experimento_67" 67 500 1000 0.95 19 0.4 1 0.8
0.973630700493231 16.21830139301 "experimento_67" 67 500 1000 0.95 19 0.4 1 0.8
0.910013920860365 14.1886248122811 "experimento_67" 67 500 1000 0.95 19 0.4 1 0.8
0.991008187178522 19.2015785512769 "experimento_67" 67 500 1000 0.95 19 0.4 1 0.8
0.981684213271365 17.9059491329772 "experimento_67" 67 500 1000 0.95 19 0.4 1 0.8
0.967648246325552 18.1305582820416 "experimento_67" 67 500 1000 0.95 19 0.4 1 0.8
0.978877924848348 22.3692911512485 "experimento_67" 67 500 1000 0.95 19 0.4 1 0.8
0.987814156338573 18.7074124142409 "experimento_67" 67 500 1000 0.95 19 0.4 1 0.8
0.978335597552359 17.814749869355 "experimento_67" 67 500 1000 0.95 19 0.4 1 0.8
0.995337538421154 31.2280342241746 "experimento_67" 67 500 1000 0.95 19 0.4 1 0.8
0.678175940178335 5.65765059456751 "experimento_67" 67 500 1000 0.95 19 0.4 1 0.8
0.698140524327755 6.03663610577779 "experimento_67" 67 500 1000 0.95 19 0.4 1 0.8
0.901890788692981 16.9413275158756 "experimento_67" 67 500 1000 0.95 19 0.4 1 0.8
0.980496585834771 28.4764685197805 "experimento_67" 67 500 1000 0.95 19 0.4 1 0.8
0.955336922779679 14.2225864926664 "experimento_67" 67 500 1000 0.95 19 0.4 1 0.8
0.949795756023377 18.8067159813383 "experimento_67" 67 500 1000 0.95 19 0.4 1 0.8
0.994961589807644 19.8709733462377 "experimento_67" 67 500 1000 0.95 19 0.4 1 0.8
0.990520339692011 17.6015003463369 "experimento_67" 67 500 1000 0.95 19 0.4 1 0.8
0.953906500479206 18.0228980249856 "experimento_67" 67 500 1000 0.95 19 0.4 1 0.8
0.985790715320036 20.3501922725076 "experimento_67" 67 500 1000 0.95 19 0.4 1 0.8
0.960519349901006 20.6311491044583 "experimento_67" 67 500 1000 0.95 19 0.4 1 0.8
0.945053980220109 16.4083346053733 "experimento_67" 67 500 1000 0.95 19 0.4 1 0.8
0.817900813417509 8.48609603158927 "experimento_67" 67 500 1000 0.95 19 0.4 1 0.8
0.986276195384562 20.8857058252308 "experimento_67" 67 500 1000 0.95 19 0.4 1 0.8
0.974218056770042 16.839418074301 "experimento_67" 67 500 1000 0.95 19 0.4 1 0.8
0.945733581436798 22.1673565535764 "experimento_67" 67 500 1000 0.95 19 0.4 1 0.8
0.97806298150681 17.3792402155544 "experimento_67" 67 500 1000 0.95 19 0.4 1 0.8
0.97452510939911 18.3919079283139 "experimento_67" 67 500 1000 0.95 19 0.4 1 0.8
0.945197886787355 15.8305345949349 "experimento_67" 67 500 1000 0.95 19 0.4 1 0.8
0.99323621368967 23.3582797258768 "experimento_67" 67 500 1000 0.95 19 0.4 1 0.8
0.986845468869433 22.7972979000423 "experimento_67" 67 500 1000 0.95 19 0.4 1 0.8
0.965560680953786 21.5927408310643 "experimento_67" 67 500 1000 0.95 19 0.4 1 0.8
0.895198312122375 12.0123118199601 "experimento_67" 67 500 1000 0.95 19 0.4 1 0.8
1.00272924010741 15.9065411951019 "experimento_67" 67 500 1000 0.95 19 0.4 1 0.8
0.937981200870126 15.0522426022189 "experimento_67" 67 500 1000 0.95 19 0.4 1 0.8
0.955849735997617 16.6254125971491 "experimento_67" 67 500 1000 0.95 19 0.4 1 0.8
0.939594582188874 13.8249283454794 "experimento_67" 67 500 1000 0.95 19 0.4 1 0.8
0.941868713125587 18.007659157422 "experimento_67" 67 500 1000 0.95 19 0.4 1 0.8
1.0154624449776 25.5336507228025 "experimento_67" 67 500 1000 0.95 19 0.4 1 0.8
0.946804298320785 18.4762519113849 "experimento_67" 67 500 1000 0.95 19 0.4 1 0.8
0.913603086723015 12.7892081937752 "experimento_67" 67 500 1000 0.95 19 0.4 1 0.8
0.975346226943657 17.3279421161353 "experimento_67" 67 500 1000 0.95 19 0.4 1 0.8
0.965395465726033 21.5820604678877 "experimento_67" 67 500 1000 0.95 19 0.4 1 0.8
0.99212008737959 23.933816113458 "experimento_67" 67 500 1000 0.95 19 0.4 1 0.8
0.968836428131908 19.5341437694344 "experimento_67" 67 500 1000 0.95 19 0.4 1 0.8
0.940827109850943 17.5370297026881 "experimento_67" 67 500 1000 0.95 19 0.4 1 0.8
0.941752343205735 13.657187051777 "experimento_67" 67 500 1000 0.95 19 0.4 1 0.8
0.969200415536761 22.6320379994582 "experimento_67" 67 500 1000 0.95 19 0.4 1 0.8
0.943470220314339 13.0108937806209 "experimento_67" 67 500 1000 0.95 19 0.4 1 0.8
0.996067092986777 24.6730464568569 "experimento_67" 67 500 1000 0.95 19 0.4 1 0.8
0.925636689411476 13.1560185347029 "experimento_67" 67 500 1000 0.95 19 0.4 1 0.8
0.988284814404324 25.0941977751913 "experimento_67" 67 500 1000 0.95 19 0.4 1 0.8
0.962028639856726 15.9549589250741 "experimento_67" 67 500 1000 0.95 19 0.4 1 0.8
0.614917772822082 5.00404448022352 "experimento_67" 67 500 1000 0.95 19 0.4 1 0.8
0.96388053172268 16.9665335876918 "experimento_67" 67 500 1000 0.95 19 0.4 1 0.8
0.967284043319523 23.4716586687861 "experimento_67" 67 500 1000 0.95 19 0.4 1 0.8
0.939709286903962 14.841495166233 "experimento_67" 67 500 1000 0.95 19 0.4 1 0.8
0.935650815954432 13.4545506416886 "experimento_67" 67 500 1000 0.95 19 0.4 1 0.8
0.936434609116986 16.8655579194627 "experimento_67" 67 500 1000 0.95 19 0.4 1 0.8
0.944226459367201 18.0775514801003 "experimento_67" 67 500 1000 0.95 19 0.4 1 0.8
1.00432595057199 34.8977886791573 "experimento_67" 67 500 1000 0.95 19 0.4 1 0.8
0.984256469877437 19.3103053023067 "experimento_67" 67 500 1000 0.95 19 0.4 1 0.8
0.987945886095986 19.4095413963847 "experimento_67" 67 500 1000 0.95 19 0.4 1 0.8
0.993471565190703 21.803980746527 "experimento_67" 67 500 1000 0.95 19 0.4 1 0.8
0.978387613082305 17.2185308602941 "experimento_67" 67 500 1000 0.95 19 0.4 1 0.8
0.926556721096858 17.5783697758843 "experimento_67" 67 500 1000 0.95 19 0.4 1 0.8
0.903641619952396 12.5135455068998 "experimento_67" 67 500 1000 0.95 19 0.4 1 0.8
1.0044422225586 22.738371314614 "experimento_67" 67 500 1000 0.95 19 0.4 1 0.8
1.00911122537123 18.3551118537586 "experimento_67" 67 500 1000 0.95 19 0.4 1 0.8
0.726893030107021 7.17032828615254 "experimento_67" 67 500 1000 0.95 19 0.4 1 0.8
0.88952041300945 11.1914543932614 "experimento_67" 67 500 1000 0.95 19 0.4 1 0.8
0.950307225808501 16.4630821056219 "experimento_67" 67 500 1000 0.95 19 0.4 1 0.8
0.980785945663229 16.8302028739621 "experimento_67" 67 500 1000 0.95 19 0.4 1 0.8
1.02832934865728 21.931206678236 "experimento_67" 67 500 1000 0.95 19 0.4 1 0.8
0.988246056251228 22.9602961437304 "experimento_67" 67 500 1000 0.95 19 0.4 1 0.8
1.00696326547223 21.6624833462109 "experimento_67" 67 500 1000 0.95 19 0.4 1 0.8
0.990848764777184 22.8290582912388 "experimento_67" 67 500 1000 0.95 19 0.4 1 0.8
0.980926603311673 20.6085020658963 "experimento_67" 67 500 1000 0.95 19 0.4 1 0.8
0.950954491039738 17.1595044631239 "experimento_67" 67 500 1000 0.95 19 0.4 1 0.8
0.951307067647576 14.0294843572877 "experimento_67" 67 500 1000 0.95 19 0.4 1 0.8
0.971602502744645 15.9096499048201 "experimento_67" 67 500 1000 0.95 19 0.4 1 0.8
0.977669419487938 18.5681840211237 "experimento_67" 67 500 1000 0.95 19 0.4 1 0.8
0.954416081542149 16.7828846063516 "experimento_67" 67 500 1000 0.95 19 0.4 1 0.8
0.956698696129024 19.9259377544608 "experimento_67" 67 500 1000 0.95 19 0.4 1 0.8
0.966361238155514 16.4081232871423 "experimento_67" 67 500 1000 0.95 19 0.4 1 0.8
0.894028402399272 10.6779442805318 "experimento_67" 67 500 1000 0.95 19 0.4 1 0.8
0.957820133771747 14.041274046738 "experimento_67" 67 500 1000 0.95 19 0.4 1 0.8
0.941744199022651 15.9780529239821 "experimento_67" 67 500 1000 0.95 19 0.4 1 0.8
0.966878220206127 13.9127624796795 "experimento_67" 67 500 1000 0.95 19 0.4 1 0.8
0.931189389899373 15.6255628025978 "experimento_67" 67 500 1000 0.95 19 0.4 1 0.8
0.7823553935159 7.7872953614247 "experimento_67" 67 500 1000 0.95 19 0.4 1 0.8
0.955605022376403 15.9471487175084 "experimento_67" 67 500 1000 0.95 19 0.4 1 0.8
0.711358407279477 6.17041065877795 "experimento_67" 67 500 1000 0.95 19 0.4 1 0.8
0.963777356781065 24.3921611482901 "experimento_67" 67 500 1000 0.95 19 0.4 1 0.8
0.725822673644871 6.84392896585811 "experimento_67" 67 500 1000 0.95 19 0.4 1 0.8
0.984331450425088 22.3267324866029 "experimento_67" 67 500 1000 0.95 19 0.4 1 0.8
0.906223863130435 13.0053416313988 "experimento_67" 67 500 1000 0.95 19 0.4 1 0.8
0.95628483989276 15.5652116933932 "experimento_67" 67 500 1000 0.95 19 0.4 1 0.8
0.952732102014124 16.8922500572604 "experimento_67" 67 500 1000 0.95 19 0.4 1 0.8
0.988466023467481 21.2928364256514 "experimento_67" 67 500 1000 0.95 19 0.4 1 0.8
0.954128887970001 14.9749123744072 "experimento_67" 67 500 1000 0.95 19 0.4 1 0.8
0.928545408882201 12.3736016090888 "experimento_67" 67 500 1000 0.95 19 0.4 1 0.8
0.951308849500492 18.8905563638654 "experimento_67" 67 500 1000 0.95 19 0.4 1 0.8
0.960039145080373 18.0781560543838 "experimento_67" 67 500 1000 0.95 19 0.4 1 0.8
0.987153286347166 19.206992660576 "experimento_67" 67 500 1000 0.95 19 0.4 1 0.8
0.993786584120244 22.477183141093 "experimento_67" 67 500 1000 0.95 19 0.4 1 0.8
0.950372786493972 14.5901930464507 "experimento_67" 67 500 1000 0.95 19 0.4 1 0.8
1.01230152588534 25.58035413046 "experimento_67" 67 500 1000 0.95 19 0.4 1 0.8
0.771955581614748 7.22599866503831 "experimento_67" 67 500 1000 0.95 19 0.4 1 0.8
1.00080033728903 28.2287218353487 "experimento_67" 67 500 1000 0.95 19 0.4 1 0.8
0.870998206082731 13.0705632906877 "experimento_67" 67 500 1000 0.95 19 0.4 1 0.8
0.923495224444196 16.0652629291441 "experimento_67" 67 500 1000 0.95 19 0.4 1 0.8
0.971673562191427 18.9584533228049 "experimento_67" 67 500 1000 0.95 19 0.4 1 0.8
0.975912743713707 20.7385334180454 "experimento_67" 67 500 1000 0.95 19 0.4 1 0.8
0.969805113738403 17.0127161940657 "experimento_67" 67 500 1000 0.95 19 0.4 1 0.8
0.905292448354885 13.2012000741578 "experimento_67" 67 500 1000 0.95 19 0.4 1 0.8
0.99386652582325 25.4834032645336 "experimento_67" 67 500 1000 0.95 19 0.4 1 0.8
0.996102680219337 28.5818153715535 "experimento_67" 67 500 1000 0.95 19 0.4 1 0.8
0.952831773320213 17.0493708438342 "experimento_67" 67 500 1000 0.95 19 0.4 1 0.8
0.945127469021827 15.6434121338211 "experimento_67" 67 500 1000 0.95 19 0.4 1 0.8
0.983748462283984 25.3952783434142 "experimento_67" 67 500 1000 0.95 19 0.4 1 0.8
0.973118206253275 21.6615443198629 "experimento_67" 67 500 1000 0.95 19 0.4 1 0.8
1.02726936183478 32.2293960451015 "experimento_67" 67 500 1000 0.95 19 0.4 1 0.8
0.915546773932874 13.1193690274872 "experimento_67" 67 500 1000 0.95 19 0.4 1 0.8
0.94237542944029 19.0418408531729 "experimento_67" 67 500 1000 0.95 19 0.4 1 0.8
0.956069874111563 16.6491933283349 "experimento_67" 67 500 1000 0.95 19 0.4 1 0.8
0.975009644404054 17.5739628535854 "experimento_67" 67 500 1000 0.95 19 0.4 1 0.8
0.972927821567282 27.0693387986194 "experimento_67" 67 500 1000 0.95 19 0.4 1 0.8
0.959869501413777 19.2959592490674 "experimento_67" 67 500 1000 0.95 19 0.4 1 0.8
0.971626205136999 22.0830905290729 "experimento_67" 67 500 1000 0.95 19 0.4 1 0.8
