"est.u" "est.lamb" "name" "seed" "size" "replicates" "p_umbral" "exp_lambda" "alpha_pen" "n_pen" "c"
0.988445208407938 18.1833386426692 "experimento_72" 72 10000 1000 0.95 19 0.4 1 0.8
1.00075529215581 18.9583511632964 "experimento_72" 72 10000 1000 0.95 19 0.4 1 0.8
0.989263257477432 18.8873119471077 "experimento_72" 72 10000 1000 0.95 19 0.4 1 0.8
1.01481930477067 18.7871538697244 "experimento_72" 72 10000 1000 0.95 19 0.4 1 0.8
0.986218863865361 18.6843117907407 "experimento_72" 72 10000 1000 0.95 19 0.4 1 0.8
0.992582414997742 19.222574836388 "experimento_72" 72 10000 1000 0.95 19 0.4 1 0.8
1.00398806053981 20.0619542238004 "experimento_72" 72 10000 1000 0.95 19 0.4 1 0.8
0.990166440140456 19.5046199928654 "experimento_72" 72 10000 1000 0.95 19 0.4 1 0.8
0.98327549174428 18.3513935207036 "experimento_72" 72 10000 1000 0.95 19 0.4 1 0.8
0.987373244715855 18.8188513026458 "experimento_72" 72 10000 1000 0.95 19 0.4 1 0.8
0.979020521976054 18.0873075888406 "experimento_72" 72 10000 1000 0.95 19 0.4 1 0.8
0.987065968103707 19.0235656673563 "experimento_72" 72 10000 1000 0.95 19 0.4 1 0.8
0.998445818666369 19.557137392129 "experimento_72" 72 10000 1000 0.95 19 0.4 1 0.8
0.988060334930196 18.8167677859314 "experimento_72" 72 10000 1000 0.95 19 0.4 1 0.8
0.987270969897509 19.3644648661126 "experimento_72" 72 10000 1000 0.95 19 0.4 1 0.8
1.00902569352611 18.5437536249879 "experimento_72" 72 10000 1000 0.95 19 0.4 1 0.8
0.986045743105933 17.8755321796374 "experimento_72" 72 10000 1000 0.95 19 0.4 1 0.8
0.983406053856015 17.5890459735901 "experimento_72" 72 10000 1000 0.95 19 0.4 1 0.8
1.03847767909193 16.3439237014608 "experimento_72" 72 10000 1000 0.95 19 0.4 1 0.8
0.998102250043303 18.7241572154071 "experimento_72" 72 10000 1000 0.95 19 0.4 1 0.8
0.997066268930212 20.478810676838 "experimento_72" 72 10000 1000 0.95 19 0.4 1 0.8
1.01353028362715 21.2486300166846 "experimento_72" 72 10000 1000 0.95 19 0.4 1 0.8
1.00359286941392 19.8753040327603 "experimento_72" 72 10000 1000 0.95 19 0.4 1 0.8
0.98337063845247 19.5406567513257 "experimento_72" 72 10000 1000 0.95 19 0.4 1 0.8
0.997478271601722 19.9159441223985 "experimento_72" 72 10000 1000 0.95 19 0.4 1 0.8
0.984481389401481 18.6344232994934 "experimento_72" 72 10000 1000 0.95 19 0.4 1 0.8
1.02820073025907 17.4455198276341 "experimento_72" 72 10000 1000 0.95 19 0.4 1 0.8
0.998405861668289 20.5040639926922 "experimento_72" 72 10000 1000 0.95 19 0.4 1 0.8
0.985880598891526 18.3130016101399 "experimento_72" 72 10000 1000 0.95 19 0.4 1 0.8
0.971066977130249 16.9191160747461 "experimento_72" 72 10000 1000 0.95 19 0.4 1 0.8
0.980518567375839 18.3172323185812 "experimento_72" 72 10000 1000 0.95 19 0.4 1 0.8
0.988097475143149 18.4110840122418 "experimento_72" 72 10000 1000 0.95 19 0.4 1 0.8
0.988917937502265 19.4258679116777 "experimento_72" 72 10000 1000 0.95 19 0.4 1 0.8
0.998576410114765 20.0050810977687 "experimento_72" 72 10000 1000 0.95 19 0.4 1 0.8
0.980696876067668 17.7161259763758 "experimento_72" 72 10000 1000 0.95 19 0.4 1 0.8
0.996543479617685 20.0901244576753 "experimento_72" 72 10000 1000 0.95 19 0.4 1 0.8
0.99536405922845 19.6608959427235 "experimento_72" 72 10000 1000 0.95 19 0.4 1 0.8
0.992263215593994 18.9580630953311 "experimento_72" 72 10000 1000 0.95 19 0.4 1 0.8
0.995327806100249 20.3733074766152 "experimento_72" 72 10000 1000 0.95 19 0.4 1 0.8
0.983639027224854 18.7151792138064 "experimento_72" 72 10000 1000 0.95 19 0.4 1 0.8
0.984042074531317 19.4628774736755 "experimento_72" 72 10000 1000 0.95 19 0.4 1 0.8
0.993332650046796 20.091809338289 "experimento_72" 72 10000 1000 0.95 19 0.4 1 0.8
1.00207665981725 20.8369825929107 "experimento_72" 72 10000 1000 0.95 19 0.4 1 0.8
0.981310857925564 17.6889423336427 "experimento_72" 72 10000 1000 0.95 19 0.4 1 0.8
0.988710014382377 19.2212448312795 "experimento_72" 72 10000 1000 0.95 19 0.4 1 0.8
1.0321552216899 21.3466924438718 "experimento_72" 72 10000 1000 0.95 19 0.4 1 0.8
0.975077491719276 18.2264442483191 "experimento_72" 72 10000 1000 0.95 19 0.4 1 0.8
0.989014342427254 18.9341643445206 "experimento_72" 72 10000 1000 0.95 19 0.4 1 0.8
1.00827526453067 20.6855749827855 "experimento_72" 72 10000 1000 0.95 19 0.4 1 0.8
1.0097154133561 21.486799245491 "experimento_72" 72 10000 1000 0.95 19 0.4 1 0.8
1.00083240423057 19.5368701640259 "experimento_72" 72 10000 1000 0.95 19 0.4 1 0.8
0.990966544020921 19.2106541881375 "experimento_72" 72 10000 1000 0.95 19 0.4 1 0.8
0.980357668129727 18.3002350309011 "experimento_72" 72 10000 1000 0.95 19 0.4 1 0.8
1.0079951390477 19.1500186131843 "experimento_72" 72 10000 1000 0.95 19 0.4 1 0.8
0.995823113946244 19.8257919856087 "experimento_72" 72 10000 1000 0.95 19 0.4 1 0.8
0.984233782859519 19.5056014980381 "experimento_72" 72 10000 1000 0.95 19 0.4 1 0.8
0.999190174043179 19.0543448409723 "experimento_72" 72 10000 1000 0.95 19 0.4 1 0.8
0.98769897967577 18.8422481347906 "experimento_72" 72 10000 1000 0.95 19 0.4 1 0.8
0.987262707902119 18.1663259049273 "experimento_72" 72 10000 1000 0.95 19 0.4 1 0.8
0.980230416171253 18.0833419656971 "experimento_72" 72 10000 1000 0.95 19 0.4 1 0.8
0.982579827541485 19.0209578094807 "experimento_72" 72 10000 1000 0.95 19 0.4 1 0.8
1.06248022904889 20.5716808702307 "experimento_72" 72 10000 1000 0.95 19 0.4 1 0.8
0.985693399095908 18.9860779966828 "experimento_72" 72 10000 1000 0.95 19 0.4 1 0.8
0.987831681966782 19.3313192602419 "experimento_72" 72 10000 1000 0.95 19 0.4 1 0.8
0.993809605017304 18.5531478968227 "experimento_72" 72 10000 1000 0.95 19 0.4 1 0.8
1.00541641931933 18.8012594470578 "experimento_72" 72 10000 1000 0.95 19 0.4 1 0.8
0.995402815518901 18.987121007118 "experimento_72" 72 10000 1000 0.95 19 0.4 1 0.8
0.986703884787858 18.8660532014271 "experimento_72" 72 10000 1000 0.95 19 0.4 1 0.8
0.983284803805873 18.9854389245562 "experimento_72" 72 10000 1000 0.95 19 0.4 1 0.8
1.01877789978722 17.9339716959196 "experimento_72" 72 10000 1000 0.95 19 0.4 1 0.8
0.987120233941823 18.9042611895879 "experimento_72" 72 10000 1000 0.95 19 0.4 1 0.8
0.989934520563111 18.8096713246463 "experimento_72" 72 10000 1000 0.95 19 0.4 1 0.8
0.990099516231567 18.5515385875767 "experimento_72" 72 10000 1000 0.95 19 0.4 1 0.8
0.989513534121215 18.7472076493341 "experimento_72" 72 10000 1000 0.95 19 0.4 1 0.8
0.990963498130441 20.3589902991739 "experimento_72" 72 10000 1000 0.95 19 0.4 1 0.8
0.980246945517138 17.8665918499678 "experimento_72" 72 10000 1000 0.95 19 0.4 1 0.8
1.00947996790178 20.0423939103499 "experimento_72" 72 10000 1000 0.95 19 0.4 1 0.8
0.993618676904589 20.6575830430942 "experimento_72" 72 10000 1000 0.95 19 0.4 1 0.8
0.978329207515344 16.3617275668424 "experimento_72" 72 10000 1000 0.95 19 0.4 1 0.8
0.9931932145264 18.0357612227363 "experimento_72" 72 10000 1000 0.95 19 0.4 1 0.8
0.985771923093125 19.4059382427024 "experimento_72" 72 10000 1000 0.95 19 0.4 1 0.8
0.99571246188134 19.3752765931765 "experimento_72" 72 10000 1000 0.95 19 0.4 1 0.8
0.98394524003379 17.4395710055655 "experimento_72" 72 10000 1000 0.95 19 0.4 1 0.8
0.979675051290542 18.641418555005 "experimento_72" 72 10000 1000 0.95 19 0.4 1 0.8
0.994725097436458 18.3875229872728 "experimento_72" 72 10000 1000 0.95 19 0.4 1 0.8
0.985719836549833 21.1251848799819 "experimento_72" 72 10000 1000 0.95 19 0.4 1 0.8
1.0092863642764 19.7624877217245 "experimento_72" 72 10000 1000 0.95 19 0.4 1 0.8
1.0051163321508 19.4849858868874 "experimento_72" 72 10000 1000 0.95 19 0.4 1 0.8
1.0180860709301 18.8256671922347 "experimento_72" 72 10000 1000 0.95 19 0.4 1 0.8
0.983215400483459 18.172236859746 "experimento_72" 72 10000 1000 0.95 19 0.4 1 0.8
0.990713800070807 20.0386688367105 "experimento_72" 72 10000 1000 0.95 19 0.4 1 0.8
1.00260980466828 18.3920038277878 "experimento_72" 72 10000 1000 0.95 19 0.4 1 0.8
1.00675713555201 20.6789627675527 "experimento_72" 72 10000 1000 0.95 19 0.4 1 0.8
0.993043877184391 19.1456778792936 "experimento_72" 72 10000 1000 0.95 19 0.4 1 0.8
0.98392099654302 17.5853415017988 "experimento_72" 72 10000 1000 0.95 19 0.4 1 0.8
0.983885816531256 19.2475893765948 "experimento_72" 72 10000 1000 0.95 19 0.4 1 0.8
1.00039865069189 20.1742768475538 "experimento_72" 72 10000 1000 0.95 19 0.4 1 0.8
0.987365240929648 20.6261031971879 "experimento_72" 72 10000 1000 0.95 19 0.4 1 0.8
0.972633746219799 17.973232639517 "experimento_72" 72 10000 1000 0.95 19 0.4 1 0.8
0.990505538647994 18.3781522913707 "experimento_72" 72 10000 1000 0.95 19 0.4 1 0.8
0.988799129612744 18.6502316758078 "experimento_72" 72 10000 1000 0.95 19 0.4 1 0.8
1.00964862523645 22.2495366733946 "experimento_72" 72 10000 1000 0.95 19 0.4 1 0.8
0.996312311151996 19.0621979074591 "experimento_72" 72 10000 1000 0.95 19 0.4 1 0.8
0.997405277565122 20.2044299532747 "experimento_72" 72 10000 1000 0.95 19 0.4 1 0.8
0.991317553212866 18.6647925856489 "experimento_72" 72 10000 1000 0.95 19 0.4 1 0.8
0.98621949297376 18.6344486458432 "experimento_72" 72 10000 1000 0.95 19 0.4 1 0.8
1.00602653416887 17.739184384621 "experimento_72" 72 10000 1000 0.95 19 0.4 1 0.8
0.987311373464763 18.7422953752394 "experimento_72" 72 10000 1000 0.95 19 0.4 1 0.8
0.994088125647977 20.5342493204259 "experimento_72" 72 10000 1000 0.95 19 0.4 1 0.8
0.990781614789739 20.0575055776156 "experimento_72" 72 10000 1000 0.95 19 0.4 1 0.8
0.990577188786119 19.3845010115454 "experimento_72" 72 10000 1000 0.95 19 0.4 1 0.8
0.986265789717436 17.4374362146468 "experimento_72" 72 10000 1000 0.95 19 0.4 1 0.8
1.03548415858102 17.2171514370055 "experimento_72" 72 10000 1000 0.95 19 0.4 1 0.8
1.01999545173327 19.6289954765265 "experimento_72" 72 10000 1000 0.95 19 0.4 1 0.8
0.985754302702844 18.7579132259713 "experimento_72" 72 10000 1000 0.95 19 0.4 1 0.8
0.986664735013619 18.6568190143839 "experimento_72" 72 10000 1000 0.95 19 0.4 1 0.8
1.00247536670711 21.052847828756 "experimento_72" 72 10000 1000 0.95 19 0.4 1 0.8
0.982837741961703 18.0685983346216 "experimento_72" 72 10000 1000 0.95 19 0.4 1 0.8
0.985585196875036 18.893479507262 "experimento_72" 72 10000 1000 0.95 19 0.4 1 0.8
0.99486471270211 19.9392950032901 "experimento_72" 72 10000 1000 0.95 19 0.4 1 0.8
0.983298630220816 17.4548593845872 "experimento_72" 72 10000 1000 0.95 19 0.4 1 0.8
0.994766390649602 18.4451567012462 "experimento_72" 72 10000 1000 0.95 19 0.4 1 0.8
0.984993708552793 17.9064243065049 "experimento_72" 72 10000 1000 0.95 19 0.4 1 0.8
0.988268346292898 17.9155600838912 "experimento_72" 72 10000 1000 0.95 19 0.4 1 0.8
0.999794979812577 19.0785346260835 "experimento_72" 72 10000 1000 0.95 19 0.4 1 0.8
1.01659368755492 19.796459560633 "experimento_72" 72 10000 1000 0.95 19 0.4 1 0.8
0.986564697697759 17.9806470679121 "experimento_72" 72 10000 1000 0.95 19 0.4 1 0.8
0.985362925101072 18.3434729878882 "experimento_72" 72 10000 1000 0.95 19 0.4 1 0.8
0.989846530137584 19.7111393359683 "experimento_72" 72 10000 1000 0.95 19 0.4 1 0.8
0.994319481775165 19.515664988265 "experimento_72" 72 10000 1000 0.95 19 0.4 1 0.8
1.00153860721835 18.8267272607371 "experimento_72" 72 10000 1000 0.95 19 0.4 1 0.8
1.00360175651057 18.3040402359079 "experimento_72" 72 10000 1000 0.95 19 0.4 1 0.8
0.987063099863008 18.3837204400019 "experimento_72" 72 10000 1000 0.95 19 0.4 1 0.8
0.986535971751437 18.0838099858576 "experimento_72" 72 10000 1000 0.95 19 0.4 1 0.8
0.982536144321784 17.8049643148946 "experimento_72" 72 10000 1000 0.95 19 0.4 1 0.8
0.981701035518199 17.6452544658994 "experimento_72" 72 10000 1000 0.95 19 0.4 1 0.8
0.99302148562856 18.6654662657013 "experimento_72" 72 10000 1000 0.95 19 0.4 1 0.8
0.983396713389084 17.0008820440587 "experimento_72" 72 10000 1000 0.95 19 0.4 1 0.8
1.01563509570827 19.1428572705978 "experimento_72" 72 10000 1000 0.95 19 0.4 1 0.8
0.990350045962259 17.9451206616927 "experimento_72" 72 10000 1000 0.95 19 0.4 1 0.8
0.986196715151891 17.7151263083963 "experimento_72" 72 10000 1000 0.95 19 0.4 1 0.8
0.991917832288891 18.562936169822 "experimento_72" 72 10000 1000 0.95 19 0.4 1 0.8
0.988474494311959 17.8947341084765 "experimento_72" 72 10000 1000 0.95 19 0.4 1 0.8
0.984627343248576 17.954219216481 "experimento_72" 72 10000 1000 0.95 19 0.4 1 0.8
1.00262172346749 19.0542781994656 "experimento_72" 72 10000 1000 0.95 19 0.4 1 0.8
0.990422881906852 18.9881774158035 "experimento_72" 72 10000 1000 0.95 19 0.4 1 0.8
0.99272134131752 19.0925067176394 "experimento_72" 72 10000 1000 0.95 19 0.4 1 0.8
0.983199833193794 18.604955056456 "experimento_72" 72 10000 1000 0.95 19 0.4 1 0.8
0.984296286012977 19.6347359894097 "experimento_72" 72 10000 1000 0.95 19 0.4 1 0.8
0.986337774200365 18.8598189761589 "experimento_72" 72 10000 1000 0.95 19 0.4 1 0.8
1.02421939431837 18.9082768530347 "experimento_72" 72 10000 1000 0.95 19 0.4 1 0.8
0.9964455710724 18.342701133462 "experimento_72" 72 10000 1000 0.95 19 0.4 1 0.8
0.985310919582844 17.7313247506679 "experimento_72" 72 10000 1000 0.95 19 0.4 1 0.8
0.997609662124887 20.7060822439171 "experimento_72" 72 10000 1000 0.95 19 0.4 1 0.8
0.993035326944664 19.6226527792355 "experimento_72" 72 10000 1000 0.95 19 0.4 1 0.8
0.998411599779502 18.6276271079496 "experimento_72" 72 10000 1000 0.95 19 0.4 1 0.8
1.02878196037521 22.1639504594323 "experimento_72" 72 10000 1000 0.95 19 0.4 1 0.8
0.993717455072328 19.0216969795655 "experimento_72" 72 10000 1000 0.95 19 0.4 1 0.8
0.992515123914927 19.9520850829288 "experimento_72" 72 10000 1000 0.95 19 0.4 1 0.8
1.07163110835943 20.286117185006 "experimento_72" 72 10000 1000 0.95 19 0.4 1 0.8
0.986076365690678 16.9601625319705 "experimento_72" 72 10000 1000 0.95 19 0.4 1 0.8
0.981154564768076 18.1642783682256 "experimento_72" 72 10000 1000 0.95 19 0.4 1 0.8
0.981866731774062 17.3139982546583 "experimento_72" 72 10000 1000 0.95 19 0.4 1 0.8
1.01514963980205 18.6410231662008 "experimento_72" 72 10000 1000 0.95 19 0.4 1 0.8
0.996042800135911 20.5415662990251 "experimento_72" 72 10000 1000 0.95 19 0.4 1 0.8
0.994329633656889 20.0007929117818 "experimento_72" 72 10000 1000 0.95 19 0.4 1 0.8
0.999638629378751 19.3880440457951 "experimento_72" 72 10000 1000 0.95 19 0.4 1 0.8
0.982078280998394 18.9754612337626 "experimento_72" 72 10000 1000 0.95 19 0.4 1 0.8
0.991214679786935 18.8975343409894 "experimento_72" 72 10000 1000 0.95 19 0.4 1 0.8
0.988113463390619 18.1490684965798 "experimento_72" 72 10000 1000 0.95 19 0.4 1 0.8
0.985391683410853 18.7152322161505 "experimento_72" 72 10000 1000 0.95 19 0.4 1 0.8
0.988961645169184 19.5205804636978 "experimento_72" 72 10000 1000 0.95 19 0.4 1 0.8
0.987426781095564 19.1317692067047 "experimento_72" 72 10000 1000 0.95 19 0.4 1 0.8
0.992567110573873 18.9993547791388 "experimento_72" 72 10000 1000 0.95 19 0.4 1 0.8
0.988923636963591 18.4206110245184 "experimento_72" 72 10000 1000 0.95 19 0.4 1 0.8
1.04652105938226 15.9822625381452 "experimento_72" 72 10000 1000 0.95 19 0.4 1 0.8
0.980975482845679 17.6448589541835 "experimento_72" 72 10000 1000 0.95 19 0.4 1 0.8
0.98646305501461 17.9616163513896 "experimento_72" 72 10000 1000 0.95 19 0.4 1 0.8
0.983970667701215 17.6952352485383 "experimento_72" 72 10000 1000 0.95 19 0.4 1 0.8
0.994037071010098 18.9729988124644 "experimento_72" 72 10000 1000 0.95 19 0.4 1 0.8
0.979941196972504 18.0644075270019 "experimento_72" 72 10000 1000 0.95 19 0.4 1 0.8
1.04988155802981 19.3232020282767 "experimento_72" 72 10000 1000 0.95 19 0.4 1 0.8
1.01519780020279 20.8063006333299 "experimento_72" 72 10000 1000 0.95 19 0.4 1 0.8
1.02233977610932 20.2719938140199 "experimento_72" 72 10000 1000 0.95 19 0.4 1 0.8
0.976955451304093 17.5600186400127 "experimento_72" 72 10000 1000 0.95 19 0.4 1 0.8
0.982483372557908 18.8406429871388 "experimento_72" 72 10000 1000 0.95 19 0.4 1 0.8
0.990110078826547 19.2731025274167 "experimento_72" 72 10000 1000 0.95 19 0.4 1 0.8
0.984625543933362 19.3578186512387 "experimento_72" 72 10000 1000 0.95 19 0.4 1 0.8
0.990341651719064 17.9997008174087 "experimento_72" 72 10000 1000 0.95 19 0.4 1 0.8
1.0461182824657 22.1811560948436 "experimento_72" 72 10000 1000 0.95 19 0.4 1 0.8
0.986636464018375 20.2058827837728 "experimento_72" 72 10000 1000 0.95 19 0.4 1 0.8
0.981176486937329 19.4856913153772 "experimento_72" 72 10000 1000 0.95 19 0.4 1 0.8
1.03350774615415 20.6281955693492 "experimento_72" 72 10000 1000 0.95 19 0.4 1 0.8
0.986943050986156 19.2768606913559 "experimento_72" 72 10000 1000 0.95 19 0.4 1 0.8
0.990164276910946 19.6308935904758 "experimento_72" 72 10000 1000 0.95 19 0.4 1 0.8
1.02123606254004 19.0742680893706 "experimento_72" 72 10000 1000 0.95 19 0.4 1 0.8
1.0073660443733 20.1136773344571 "experimento_72" 72 10000 1000 0.95 19 0.4 1 0.8
1.0089234846252 17.8470822934701 "experimento_72" 72 10000 1000 0.95 19 0.4 1 0.8
0.989899010164663 20.0622538421257 "experimento_72" 72 10000 1000 0.95 19 0.4 1 0.8
0.995302617084235 17.6269750263293 "experimento_72" 72 10000 1000 0.95 19 0.4 1 0.8
0.981526543619111 19.5433335732371 "experimento_72" 72 10000 1000 0.95 19 0.4 1 0.8
0.983233867678791 18.2772873632827 "experimento_72" 72 10000 1000 0.95 19 0.4 1 0.8
0.984253811184317 18.2460673691374 "experimento_72" 72 10000 1000 0.95 19 0.4 1 0.8
0.980871368199587 18.1777689973643 "experimento_72" 72 10000 1000 0.95 19 0.4 1 0.8
0.988147977273911 19.6194349223229 "experimento_72" 72 10000 1000 0.95 19 0.4 1 0.8
0.99108193651773 19.2563203454039 "experimento_72" 72 10000 1000 0.95 19 0.4 1 0.8
1.00823495268463 20.5410158635641 "experimento_72" 72 10000 1000 0.95 19 0.4 1 0.8
0.986006410326809 18.8597349064796 "experimento_72" 72 10000 1000 0.95 19 0.4 1 0.8
0.992086415877566 20.3450254545276 "experimento_72" 72 10000 1000 0.95 19 0.4 1 0.8
0.979673061287031 17.8390550333645 "experimento_72" 72 10000 1000 0.95 19 0.4 1 0.8
0.988480777014047 20.1270040367154 "experimento_72" 72 10000 1000 0.95 19 0.4 1 0.8
0.985487424302846 19.5738060508839 "experimento_72" 72 10000 1000 0.95 19 0.4 1 0.8
0.988671688130125 18.8297985848383 "experimento_72" 72 10000 1000 0.95 19 0.4 1 0.8
0.981559472391382 19.0644919148222 "experimento_72" 72 10000 1000 0.95 19 0.4 1 0.8
1.0280645574247 20.6710520411911 "experimento_72" 72 10000 1000 0.95 19 0.4 1 0.8
0.981547113973647 18.6224282261942 "experimento_72" 72 10000 1000 0.95 19 0.4 1 0.8
0.992976675508544 18.7039508652329 "experimento_72" 72 10000 1000 0.95 19 0.4 1 0.8
1.0353532789128 17.8003946001507 "experimento_72" 72 10000 1000 0.95 19 0.4 1 0.8
1.00551013315195 20.6023872145036 "experimento_72" 72 10000 1000 0.95 19 0.4 1 0.8
1.04763169847537 17.615548983906 "experimento_72" 72 10000 1000 0.95 19 0.4 1 0.8
0.981285454705358 18.4818823440367 "experimento_72" 72 10000 1000 0.95 19 0.4 1 0.8
1.03351396964373 20.3082122832577 "experimento_72" 72 10000 1000 0.95 19 0.4 1 0.8
0.984154037665576 17.8015280801447 "experimento_72" 72 10000 1000 0.95 19 0.4 1 0.8
1.00732226239387 17.9097012868185 "experimento_72" 72 10000 1000 0.95 19 0.4 1 0.8
0.991165157873183 20.3607523595042 "experimento_72" 72 10000 1000 0.95 19 0.4 1 0.8
1.00778875362716 17.8726868608146 "experimento_72" 72 10000 1000 0.95 19 0.4 1 0.8
0.975879662903026 17.9819718121046 "experimento_72" 72 10000 1000 0.95 19 0.4 1 0.8
0.983317055739462 18.1923357015192 "experimento_72" 72 10000 1000 0.95 19 0.4 1 0.8
0.989945019828156 18.8470707779418 "experimento_72" 72 10000 1000 0.95 19 0.4 1 0.8
0.994555631186813 19.7389254686981 "experimento_72" 72 10000 1000 0.95 19 0.4 1 0.8
1.03455948591919 21.5766819632601 "experimento_72" 72 10000 1000 0.95 19 0.4 1 0.8
1.00608955714819 18.5890675612251 "experimento_72" 72 10000 1000 0.95 19 0.4 1 0.8
0.996923315571621 19.2811457115195 "experimento_72" 72 10000 1000 0.95 19 0.4 1 0.8
1.01281376950149 18.7916802763229 "experimento_72" 72 10000 1000 0.95 19 0.4 1 0.8
0.994665528414771 19.0101792178359 "experimento_72" 72 10000 1000 0.95 19 0.4 1 0.8
1.00279800791529 20.0625553807182 "experimento_72" 72 10000 1000 0.95 19 0.4 1 0.8
1.019501485974 17.3230733909409 "experimento_72" 72 10000 1000 0.95 19 0.4 1 0.8
0.981658611446619 18.3568250371788 "experimento_72" 72 10000 1000 0.95 19 0.4 1 0.8
0.985278078354895 18.2010720351597 "experimento_72" 72 10000 1000 0.95 19 0.4 1 0.8
0.991392337484285 18.0008532184297 "experimento_72" 72 10000 1000 0.95 19 0.4 1 0.8
0.991857223212719 17.3587913852737 "experimento_72" 72 10000 1000 0.95 19 0.4 1 0.8
0.996848254697397 18.7004954723359 "experimento_72" 72 10000 1000 0.95 19 0.4 1 0.8
0.986770428717136 18.4024218796964 "experimento_72" 72 10000 1000 0.95 19 0.4 1 0.8
1.03765661783973 16.124209783897 "experimento_72" 72 10000 1000 0.95 19 0.4 1 0.8
0.990871244575828 18.7314691359898 "experimento_72" 72 10000 1000 0.95 19 0.4 1 0.8
0.987551262136549 19.010763882393 "experimento_72" 72 10000 1000 0.95 19 0.4 1 0.8
0.984897731570527 18.0249756247226 "experimento_72" 72 10000 1000 0.95 19 0.4 1 0.8
0.984974648104981 17.837654770094 "experimento_72" 72 10000 1000 0.95 19 0.4 1 0.8
0.980584209319204 18.8866376916099 "experimento_72" 72 10000 1000 0.95 19 0.4 1 0.8
1.01688874235965 20.8721728667694 "experimento_72" 72 10000 1000 0.95 19 0.4 1 0.8
0.983458790462464 19.8425415295221 "experimento_72" 72 10000 1000 0.95 19 0.4 1 0.8
1.01353724606765 20.0725618276226 "experimento_72" 72 10000 1000 0.95 19 0.4 1 0.8
0.993622061330825 19.1667530735053 "experimento_72" 72 10000 1000 0.95 19 0.4 1 0.8
0.988919310737401 19.2995266764618 "experimento_72" 72 10000 1000 0.95 19 0.4 1 0.8
0.980301557807252 18.5446065049866 "experimento_72" 72 10000 1000 0.95 19 0.4 1 0.8
0.985005284892395 18.0549590621519 "experimento_72" 72 10000 1000 0.95 19 0.4 1 0.8
0.990890799090266 18.9336244571082 "experimento_72" 72 10000 1000 0.95 19 0.4 1 0.8
0.987985166488215 19.6662498146498 "experimento_72" 72 10000 1000 0.95 19 0.4 1 0.8
0.998174919746816 20.6147552334494 "experimento_72" 72 10000 1000 0.95 19 0.4 1 0.8
0.985812253318727 19.9917495060732 "experimento_72" 72 10000 1000 0.95 19 0.4 1 0.8
0.98820301075466 19.0186600087223 "experimento_72" 72 10000 1000 0.95 19 0.4 1 0.8
0.986466830829158 19.7011077436551 "experimento_72" 72 10000 1000 0.95 19 0.4 1 0.8
0.99121885956265 20.1153657960378 "experimento_72" 72 10000 1000 0.95 19 0.4 1 0.8
1.01797596468149 16.8612929454674 "experimento_72" 72 10000 1000 0.95 19 0.4 1 0.8
1.00086078371691 18.619820383672 "experimento_72" 72 10000 1000 0.95 19 0.4 1 0.8
0.99254701891914 18.8350388748147 "experimento_72" 72 10000 1000 0.95 19 0.4 1 0.8
0.995188833214343 19.6434979364703 "experimento_72" 72 10000 1000 0.95 19 0.4 1 0.8
0.995352800935507 18.8157745535591 "experimento_72" 72 10000 1000 0.95 19 0.4 1 0.8
0.992154315114021 20.5866999602887 "experimento_72" 72 10000 1000 0.95 19 0.4 1 0.8
0.999134307261556 19.1005510123352 "experimento_72" 72 10000 1000 0.95 19 0.4 1 0.8
0.983954197727144 17.7428921474214 "experimento_72" 72 10000 1000 0.95 19 0.4 1 0.8
0.98826148849912 19.0532141792968 "experimento_72" 72 10000 1000 0.95 19 0.4 1 0.8
0.999052181607112 18.5905759601059 "experimento_72" 72 10000 1000 0.95 19 0.4 1 0.8
0.984135305741802 18.8192843853535 "experimento_72" 72 10000 1000 0.95 19 0.4 1 0.8
0.996614873874933 18.5823216639335 "experimento_72" 72 10000 1000 0.95 19 0.4 1 0.8
0.985045546898618 18.4748273799125 "experimento_72" 72 10000 1000 0.95 19 0.4 1 0.8
1.0020269117024 19.0388792240422 "experimento_72" 72 10000 1000 0.95 19 0.4 1 0.8
0.999014473520219 20.5456437483761 "experimento_72" 72 10000 1000 0.95 19 0.4 1 0.8
1.01110506004142 19.472845845863 "experimento_72" 72 10000 1000 0.95 19 0.4 1 0.8
0.986648075049743 19.5300989751712 "experimento_72" 72 10000 1000 0.95 19 0.4 1 0.8
1.03231655347994 20.9166756809208 "experimento_72" 72 10000 1000 0.95 19 0.4 1 0.8
0.988718098960817 18.7206560827337 "experimento_72" 72 10000 1000 0.95 19 0.4 1 0.8
0.976797503652051 18.6383745239076 "experimento_72" 72 10000 1000 0.95 19 0.4 1 0.8
0.983161666663364 18.1137922171954 "experimento_72" 72 10000 1000 0.95 19 0.4 1 0.8
0.983451969223097 18.7954375638494 "experimento_72" 72 10000 1000 0.95 19 0.4 1 0.8
0.992213072488084 18.6686429532181 "experimento_72" 72 10000 1000 0.95 19 0.4 1 0.8
0.982545768143609 17.6109438538129 "experimento_72" 72 10000 1000 0.95 19 0.4 1 0.8
0.986304236808792 18.4338654834383 "experimento_72" 72 10000 1000 0.95 19 0.4 1 0.8
1.04070785073728 21.1644475609605 "experimento_72" 72 10000 1000 0.95 19 0.4 1 0.8
0.985833502141759 18.4804549171634 "experimento_72" 72 10000 1000 0.95 19 0.4 1 0.8
1.00830534965682 17.5806087257318 "experimento_72" 72 10000 1000 0.95 19 0.4 1 0.8
0.998362511396408 20.579840409284 "experimento_72" 72 10000 1000 0.95 19 0.4 1 0.8
0.986168976407498 18.518896926481 "experimento_72" 72 10000 1000 0.95 19 0.4 1 0.8
1.0077866195505 19.2931963638994 "experimento_72" 72 10000 1000 0.95 19 0.4 1 0.8
0.994594039395452 19.4757929115329 "experimento_72" 72 10000 1000 0.95 19 0.4 1 0.8
0.989084211643785 19.3474797092634 "experimento_72" 72 10000 1000 0.95 19 0.4 1 0.8
0.98471390362829 18.1194962986171 "experimento_72" 72 10000 1000 0.95 19 0.4 1 0.8
0.993974203476682 19.8175511551345 "experimento_72" 72 10000 1000 0.95 19 0.4 1 0.8
0.982427144888788 19.4480520919859 "experimento_72" 72 10000 1000 0.95 19 0.4 1 0.8
1.04068512062468 17.5276717051595 "experimento_72" 72 10000 1000 0.95 19 0.4 1 0.8
0.981774478917941 19.0269128524507 "experimento_72" 72 10000 1000 0.95 19 0.4 1 0.8
1.00012714812245 18.8776485087993 "experimento_72" 72 10000 1000 0.95 19 0.4 1 0.8
0.986082448624074 18.788607274954 "experimento_72" 72 10000 1000 0.95 19 0.4 1 0.8
1.03701176749027 21.4253434368106 "experimento_72" 72 10000 1000 0.95 19 0.4 1 0.8
0.984927892452106 18.2096013611568 "experimento_72" 72 10000 1000 0.95 19 0.4 1 0.8
0.99561271793209 19.3934408716614 "experimento_72" 72 10000 1000 0.95 19 0.4 1 0.8
1.00327726426152 18.8706540896192 "experimento_72" 72 10000 1000 0.95 19 0.4 1 0.8
0.992753727827221 19.1087213082839 "experimento_72" 72 10000 1000 0.95 19 0.4 1 0.8
0.983219787245616 18.9159030644062 "experimento_72" 72 10000 1000 0.95 19 0.4 1 0.8
1.025557607878 19.9415422056109 "experimento_72" 72 10000 1000 0.95 19 0.4 1 0.8
1.00269418334784 20.0991338202504 "experimento_72" 72 10000 1000 0.95 19 0.4 1 0.8
0.987210280494764 20.5681806470555 "experimento_72" 72 10000 1000 0.95 19 0.4 1 0.8
0.996037371456623 20.1573500204451 "experimento_72" 72 10000 1000 0.95 19 0.4 1 0.8
0.988521045306697 18.7255346980578 "experimento_72" 72 10000 1000 0.95 19 0.4 1 0.8
0.993330014869571 19.9004073029743 "experimento_72" 72 10000 1000 0.95 19 0.4 1 0.8
0.991465210681781 18.3149888085102 "experimento_72" 72 10000 1000 0.95 19 0.4 1 0.8
0.992164581082761 20.5169253322155 "experimento_72" 72 10000 1000 0.95 19 0.4 1 0.8
0.983588794479147 17.8768851036867 "experimento_72" 72 10000 1000 0.95 19 0.4 1 0.8
0.989677952136844 18.7524858593704 "experimento_72" 72 10000 1000 0.95 19 0.4 1 0.8
1.03490175515119 20.2109922947056 "experimento_72" 72 10000 1000 0.95 19 0.4 1 0.8
1.01076299586873 21.2739077157877 "experimento_72" 72 10000 1000 0.95 19 0.4 1 0.8
0.995530135231093 20.0854049809846 "experimento_72" 72 10000 1000 0.95 19 0.4 1 0.8
0.994070454034954 18.9786713681934 "experimento_72" 72 10000 1000 0.95 19 0.4 1 0.8
1.00005594523329 20.3430565754927 "experimento_72" 72 10000 1000 0.95 19 0.4 1 0.8
0.998649409972131 19.6281616557096 "experimento_72" 72 10000 1000 0.95 19 0.4 1 0.8
0.985075476579368 19.2274403422075 "experimento_72" 72 10000 1000 0.95 19 0.4 1 0.8
0.980334831634536 17.6331488497992 "experimento_72" 72 10000 1000 0.95 19 0.4 1 0.8
0.995842228177935 18.5896480113275 "experimento_72" 72 10000 1000 0.95 19 0.4 1 0.8
0.987685907166451 18.9757239230546 "experimento_72" 72 10000 1000 0.95 19 0.4 1 0.8
0.991762402933091 19.0171411206182 "experimento_72" 72 10000 1000 0.95 19 0.4 1 0.8
0.982611116487533 18.0361636010279 "experimento_72" 72 10000 1000 0.95 19 0.4 1 0.8
1.01173690481495 18.7773495864083 "experimento_72" 72 10000 1000 0.95 19 0.4 1 0.8
0.987008168594912 17.7234911889113 "experimento_72" 72 10000 1000 0.95 19 0.4 1 0.8
1.0167505543826 20.421682564426 "experimento_72" 72 10000 1000 0.95 19 0.4 1 0.8
0.990386083023623 18.4348379536171 "experimento_72" 72 10000 1000 0.95 19 0.4 1 0.8
0.983100687386468 18.9455579330092 "experimento_72" 72 10000 1000 0.95 19 0.4 1 0.8
0.99331282498315 18.726533259673 "experimento_72" 72 10000 1000 0.95 19 0.4 1 0.8
0.983621181920171 18.6406499459256 "experimento_72" 72 10000 1000 0.95 19 0.4 1 0.8
1.00270767853056 21.2814178195041 "experimento_72" 72 10000 1000 0.95 19 0.4 1 0.8
0.988558697514236 18.9827741888082 "experimento_72" 72 10000 1000 0.95 19 0.4 1 0.8
0.994147840421647 18.4832856453132 "experimento_72" 72 10000 1000 0.95 19 0.4 1 0.8
1.00587259236787 18.7906812127736 "experimento_72" 72 10000 1000 0.95 19 0.4 1 0.8
1.01780219229036 18.0344111801627 "experimento_72" 72 10000 1000 0.95 19 0.4 1 0.8
1.01921740208605 17.4151012072626 "experimento_72" 72 10000 1000 0.95 19 0.4 1 0.8
0.983738880371675 17.8392847351739 "experimento_72" 72 10000 1000 0.95 19 0.4 1 0.8
1.00143082116318 18.935463858356 "experimento_72" 72 10000 1000 0.95 19 0.4 1 0.8
0.979586768196896 17.8823083627875 "experimento_72" 72 10000 1000 0.95 19 0.4 1 0.8
0.977826156187803 18.4196302917599 "experimento_72" 72 10000 1000 0.95 19 0.4 1 0.8
1.00398180699956 21.4373303689016 "experimento_72" 72 10000 1000 0.95 19 0.4 1 0.8
0.992420395603403 18.4573537409341 "experimento_72" 72 10000 1000 0.95 19 0.4 1 0.8
0.990054150810465 19.1154239549699 "experimento_72" 72 10000 1000 0.95 19 0.4 1 0.8
0.976842623669654 18.966152951615 "experimento_72" 72 10000 1000 0.95 19 0.4 1 0.8
0.987964036874473 18.6964334131524 "experimento_72" 72 10000 1000 0.95 19 0.4 1 0.8
0.982916322071105 17.5798470793698 "experimento_72" 72 10000 1000 0.95 19 0.4 1 0.8
0.979444566648453 18.9463812168829 "experimento_72" 72 10000 1000 0.95 19 0.4 1 0.8
0.986642595613375 19.2326129216777 "experimento_72" 72 10000 1000 0.95 19 0.4 1 0.8
0.983212064485997 19.0712230272819 "experimento_72" 72 10000 1000 0.95 19 0.4 1 0.8
1.00851709385844 18.7210166782492 "experimento_72" 72 10000 1000 0.95 19 0.4 1 0.8
0.987530760699883 19.6833652352365 "experimento_72" 72 10000 1000 0.95 19 0.4 1 0.8
0.979720720555633 19.1806823357099 "experimento_72" 72 10000 1000 0.95 19 0.4 1 0.8
0.987037576269358 18.1300385989272 "experimento_72" 72 10000 1000 0.95 19 0.4 1 0.8
1.00922902789929 18.109764785072 "experimento_72" 72 10000 1000 0.95 19 0.4 1 0.8
1.01473226949671 20.2956901680276 "experimento_72" 72 10000 1000 0.95 19 0.4 1 0.8
0.983977808849886 16.966934441244 "experimento_72" 72 10000 1000 0.95 19 0.4 1 0.8
0.992444094736129 19.8692609882524 "experimento_72" 72 10000 1000 0.95 19 0.4 1 0.8
0.998502041678876 18.9946771759839 "experimento_72" 72 10000 1000 0.95 19 0.4 1 0.8
0.978843105491251 17.9022200387731 "experimento_72" 72 10000 1000 0.95 19 0.4 1 0.8
0.98447004146874 18.3432274653605 "experimento_72" 72 10000 1000 0.95 19 0.4 1 0.8
0.995573806576431 20.3293938968414 "experimento_72" 72 10000 1000 0.95 19 0.4 1 0.8
0.975217958213761 17.8371775191176 "experimento_72" 72 10000 1000 0.95 19 0.4 1 0.8
1.00004834778532 19.2624055022114 "experimento_72" 72 10000 1000 0.95 19 0.4 1 0.8
0.990619018441066 19.5166502898626 "experimento_72" 72 10000 1000 0.95 19 0.4 1 0.8
1.04140972383603 19.5884796278871 "experimento_72" 72 10000 1000 0.95 19 0.4 1 0.8
0.984572834568098 18.3901783345894 "experimento_72" 72 10000 1000 0.95 19 0.4 1 0.8
0.994924867292866 19.8492235800769 "experimento_72" 72 10000 1000 0.95 19 0.4 1 0.8
0.995080482214689 18.4835347002299 "experimento_72" 72 10000 1000 0.95 19 0.4 1 0.8
1.03731886022043 20.4244709364677 "experimento_72" 72 10000 1000 0.95 19 0.4 1 0.8
0.99735191068612 20.3815170041195 "experimento_72" 72 10000 1000 0.95 19 0.4 1 0.8
0.991525524063036 19.197918690053 "experimento_72" 72 10000 1000 0.95 19 0.4 1 0.8
0.999496294185519 18.9492828885516 "experimento_72" 72 10000 1000 0.95 19 0.4 1 0.8
1.0254416898089 20.928054043135 "experimento_72" 72 10000 1000 0.95 19 0.4 1 0.8
0.992264485917985 19.2675033522323 "experimento_72" 72 10000 1000 0.95 19 0.4 1 0.8
0.980410338146612 18.168011558153 "experimento_72" 72 10000 1000 0.95 19 0.4 1 0.8
0.99101893720217 18.9633221650561 "experimento_72" 72 10000 1000 0.95 19 0.4 1 0.8
0.992772698868066 18.8457376431757 "experimento_72" 72 10000 1000 0.95 19 0.4 1 0.8
0.980337341781706 18.6402946596029 "experimento_72" 72 10000 1000 0.95 19 0.4 1 0.8
0.993408934213221 19.8653681094399 "experimento_72" 72 10000 1000 0.95 19 0.4 1 0.8
1.04495767489051 18.0414050108774 "experimento_72" 72 10000 1000 0.95 19 0.4 1 0.8
0.984164114110172 19.4532660207347 "experimento_72" 72 10000 1000 0.95 19 0.4 1 0.8
0.997530245920643 18.493159851747 "experimento_72" 72 10000 1000 0.95 19 0.4 1 0.8
0.98038473748602 17.3818085692313 "experimento_72" 72 10000 1000 0.95 19 0.4 1 0.8
0.991227409103885 18.6750798993841 "experimento_72" 72 10000 1000 0.95 19 0.4 1 0.8
0.984742440050468 18.6086855438988 "experimento_72" 72 10000 1000 0.95 19 0.4 1 0.8
0.999939119908959 19.3313179059333 "experimento_72" 72 10000 1000 0.95 19 0.4 1 0.8
0.983238846994936 17.6237208779427 "experimento_72" 72 10000 1000 0.95 19 0.4 1 0.8
0.982612832682207 18.0949737211602 "experimento_72" 72 10000 1000 0.95 19 0.4 1 0.8
0.98416616092436 19.81832959419 "experimento_72" 72 10000 1000 0.95 19 0.4 1 0.8
1.03035760170927 20.5401088255316 "experimento_72" 72 10000 1000 0.95 19 0.4 1 0.8
0.993123296881095 20.4712086483527 "experimento_72" 72 10000 1000 0.95 19 0.4 1 0.8
0.999850084539503 20.0620441919735 "experimento_72" 72 10000 1000 0.95 19 0.4 1 0.8
0.991179641801864 19.7154280961663 "experimento_72" 72 10000 1000 0.95 19 0.4 1 0.8
0.987878950778395 18.6406863735156 "experimento_72" 72 10000 1000 0.95 19 0.4 1 0.8
0.982528422959149 18.9123712081202 "experimento_72" 72 10000 1000 0.95 19 0.4 1 0.8
0.986644792836159 17.9763081073335 "experimento_72" 72 10000 1000 0.95 19 0.4 1 0.8
1.01882239703187 20.4089840505957 "experimento_72" 72 10000 1000 0.95 19 0.4 1 0.8
0.99108647252433 17.1047179221708 "experimento_72" 72 10000 1000 0.95 19 0.4 1 0.8
0.989627256290987 19.7234271242131 "experimento_72" 72 10000 1000 0.95 19 0.4 1 0.8
0.983718119561672 18.0500693887795 "experimento_72" 72 10000 1000 0.95 19 0.4 1 0.8
1.00067433617017 19.4871850913115 "experimento_72" 72 10000 1000 0.95 19 0.4 1 0.8
0.988801024621353 18.9147153293006 "experimento_72" 72 10000 1000 0.95 19 0.4 1 0.8
0.99835428618826 19.2679576189151 "experimento_72" 72 10000 1000 0.95 19 0.4 1 0.8
0.986071355640888 20.3760104376647 "experimento_72" 72 10000 1000 0.95 19 0.4 1 0.8
0.97938315756619 17.4550196481829 "experimento_72" 72 10000 1000 0.95 19 0.4 1 0.8
1.0028020965847 18.3579060805535 "experimento_72" 72 10000 1000 0.95 19 0.4 1 0.8
0.992520322557539 19.9392240850284 "experimento_72" 72 10000 1000 0.95 19 0.4 1 0.8
0.988628365565091 19.8328588109172 "experimento_72" 72 10000 1000 0.95 19 0.4 1 0.8
0.991785495076329 21.3034088104751 "experimento_72" 72 10000 1000 0.95 19 0.4 1 0.8
0.982925175921991 19.1846964986471 "experimento_72" 72 10000 1000 0.95 19 0.4 1 0.8
0.985271606594324 19.2935304136584 "experimento_72" 72 10000 1000 0.95 19 0.4 1 0.8
1.0106137289887 17.8831922283164 "experimento_72" 72 10000 1000 0.95 19 0.4 1 0.8
0.984061190858483 19.4583355407744 "experimento_72" 72 10000 1000 0.95 19 0.4 1 0.8
0.992781534558162 17.9918955988895 "experimento_72" 72 10000 1000 0.95 19 0.4 1 0.8
0.981587902409956 17.8119946640686 "experimento_72" 72 10000 1000 0.95 19 0.4 1 0.8
0.997123340377584 19.8826653455805 "experimento_72" 72 10000 1000 0.95 19 0.4 1 0.8
0.986910365987569 17.6173903462212 "experimento_72" 72 10000 1000 0.95 19 0.4 1 0.8
1.00924708521522 20.7975330956987 "experimento_72" 72 10000 1000 0.95 19 0.4 1 0.8
0.99583527375944 19.4097109858996 "experimento_72" 72 10000 1000 0.95 19 0.4 1 0.8
0.98427807004191 18.9133426915381 "experimento_72" 72 10000 1000 0.95 19 0.4 1 0.8
0.987599523738027 17.9395854785585 "experimento_72" 72 10000 1000 0.95 19 0.4 1 0.8
0.982638878049329 17.1045611661226 "experimento_72" 72 10000 1000 0.95 19 0.4 1 0.8
0.989841930335388 18.0752863765941 "experimento_72" 72 10000 1000 0.95 19 0.4 1 0.8
0.985075592529029 18.1750429042292 "experimento_72" 72 10000 1000 0.95 19 0.4 1 0.8
0.989461981458589 18.6040309505593 "experimento_72" 72 10000 1000 0.95 19 0.4 1 0.8
0.990109945181757 18.0334176827836 "experimento_72" 72 10000 1000 0.95 19 0.4 1 0.8
0.986686348449439 19.3639070840892 "experimento_72" 72 10000 1000 0.95 19 0.4 1 0.8
1.01517740661211 20.0815131958112 "experimento_72" 72 10000 1000 0.95 19 0.4 1 0.8
1.03004980307857 19.6174892357251 "experimento_72" 72 10000 1000 0.95 19 0.4 1 0.8
0.975525027606636 17.9631170409663 "experimento_72" 72 10000 1000 0.95 19 0.4 1 0.8
1.04307019626991 20.9541924983057 "experimento_72" 72 10000 1000 0.95 19 0.4 1 0.8
0.98696258966811 17.2526045392341 "experimento_72" 72 10000 1000 0.95 19 0.4 1 0.8
0.982413227669895 18.0661860674035 "experimento_72" 72 10000 1000 0.95 19 0.4 1 0.8
0.982230683090165 19.4936900322006 "experimento_72" 72 10000 1000 0.95 19 0.4 1 0.8
0.99215322942473 20.0055705295021 "experimento_72" 72 10000 1000 0.95 19 0.4 1 0.8
1.01027149460087 20.1534974420023 "experimento_72" 72 10000 1000 0.95 19 0.4 1 0.8
0.986395163461566 17.7023659541632 "experimento_72" 72 10000 1000 0.95 19 0.4 1 0.8
1.01496692332753 19.9355776546359 "experimento_72" 72 10000 1000 0.95 19 0.4 1 0.8
0.981291719013825 18.6103658691083 "experimento_72" 72 10000 1000 0.95 19 0.4 1 0.8
0.984022966818884 17.6814054417902 "experimento_72" 72 10000 1000 0.95 19 0.4 1 0.8
1.0186060869233 20.2722464537053 "experimento_72" 72 10000 1000 0.95 19 0.4 1 0.8
0.994228317635134 18.4267940975008 "experimento_72" 72 10000 1000 0.95 19 0.4 1 0.8
0.992096230853349 18.1521667000528 "experimento_72" 72 10000 1000 0.95 19 0.4 1 0.8
1.03682618654741 20.6383489074831 "experimento_72" 72 10000 1000 0.95 19 0.4 1 0.8
0.978239567251876 19.7313195140362 "experimento_72" 72 10000 1000 0.95 19 0.4 1 0.8
0.986530267866328 19.220725823345 "experimento_72" 72 10000 1000 0.95 19 0.4 1 0.8
0.989338761894032 19.5088221515374 "experimento_72" 72 10000 1000 0.95 19 0.4 1 0.8
1.00607915411938 20.6265677360557 "experimento_72" 72 10000 1000 0.95 19 0.4 1 0.8
1.02470684830884 16.2987059451428 "experimento_72" 72 10000 1000 0.95 19 0.4 1 0.8
1.02466042494205 17.4842365766046 "experimento_72" 72 10000 1000 0.95 19 0.4 1 0.8
0.992722099646926 19.9861813196884 "experimento_72" 72 10000 1000 0.95 19 0.4 1 0.8
0.998038013000041 18.5845744562685 "experimento_72" 72 10000 1000 0.95 19 0.4 1 0.8
0.978615615516901 17.7722950562272 "experimento_72" 72 10000 1000 0.95 19 0.4 1 0.8
0.982365011237562 17.5613430996571 "experimento_72" 72 10000 1000 0.95 19 0.4 1 0.8
0.994416029192507 18.5340137178349 "experimento_72" 72 10000 1000 0.95 19 0.4 1 0.8
0.992603433784097 19.747835661259 "experimento_72" 72 10000 1000 0.95 19 0.4 1 0.8
0.983561987290159 17.5108089590328 "experimento_72" 72 10000 1000 0.95 19 0.4 1 0.8
0.986860017059371 20.1129146585294 "experimento_72" 72 10000 1000 0.95 19 0.4 1 0.8
0.986121684778482 19.5607327511283 "experimento_72" 72 10000 1000 0.95 19 0.4 1 0.8
0.985394390299916 18.5274397978937 "experimento_72" 72 10000 1000 0.95 19 0.4 1 0.8
0.988503875210881 18.9676809231284 "experimento_72" 72 10000 1000 0.95 19 0.4 1 0.8
0.974617421161383 17.5604645483258 "experimento_72" 72 10000 1000 0.95 19 0.4 1 0.8
1.00077168395939 18.1061741067685 "experimento_72" 72 10000 1000 0.95 19 0.4 1 0.8
1.00449155432809 18.0216314213566 "experimento_72" 72 10000 1000 0.95 19 0.4 1 0.8
0.988948912359774 17.9937573458409 "experimento_72" 72 10000 1000 0.95 19 0.4 1 0.8
0.979906562017277 18.4530301277137 "experimento_72" 72 10000 1000 0.95 19 0.4 1 0.8
0.985557099571452 18.2294768809294 "experimento_72" 72 10000 1000 0.95 19 0.4 1 0.8
1.00501122693122 17.9449194523424 "experimento_72" 72 10000 1000 0.95 19 0.4 1 0.8
0.989120333222672 20.0292090720677 "experimento_72" 72 10000 1000 0.95 19 0.4 1 0.8
1.00215226295685 20.4588574724621 "experimento_72" 72 10000 1000 0.95 19 0.4 1 0.8
0.992059979820624 19.0225070154475 "experimento_72" 72 10000 1000 0.95 19 0.4 1 0.8
0.989206482889131 18.6773787469279 "experimento_72" 72 10000 1000 0.95 19 0.4 1 0.8
1.00393433948725 18.83564908947 "experimento_72" 72 10000 1000 0.95 19 0.4 1 0.8
0.978850906947628 17.881057338902 "experimento_72" 72 10000 1000 0.95 19 0.4 1 0.8
0.983516883570701 17.4995480367868 "experimento_72" 72 10000 1000 0.95 19 0.4 1 0.8
0.996257280698046 19.9037793610415 "experimento_72" 72 10000 1000 0.95 19 0.4 1 0.8
0.988910011248663 18.7656875921489 "experimento_72" 72 10000 1000 0.95 19 0.4 1 0.8
0.982232614187524 18.8905984904102 "experimento_72" 72 10000 1000 0.95 19 0.4 1 0.8
1.0183171731861 21.2932230131564 "experimento_72" 72 10000 1000 0.95 19 0.4 1 0.8
0.984362846938893 18.4473143522995 "experimento_72" 72 10000 1000 0.95 19 0.4 1 0.8
1.00640351303216 18.894517060501 "experimento_72" 72 10000 1000 0.95 19 0.4 1 0.8
0.997026442782953 18.6239542252562 "experimento_72" 72 10000 1000 0.95 19 0.4 1 0.8
0.990929698571563 20.7216501468265 "experimento_72" 72 10000 1000 0.95 19 0.4 1 0.8
0.980987526243553 18.1382214982515 "experimento_72" 72 10000 1000 0.95 19 0.4 1 0.8
1.02950629410579 19.0449512034037 "experimento_72" 72 10000 1000 0.95 19 0.4 1 0.8
0.979767407523468 17.7077538943572 "experimento_72" 72 10000 1000 0.95 19 0.4 1 0.8
1.00073523214087 19.2557950175053 "experimento_72" 72 10000 1000 0.95 19 0.4 1 0.8
1.00435780253495 19.4961659933158 "experimento_72" 72 10000 1000 0.95 19 0.4 1 0.8
0.99201815132983 17.8816631423927 "experimento_72" 72 10000 1000 0.95 19 0.4 1 0.8
0.993481101235375 19.4943599909017 "experimento_72" 72 10000 1000 0.95 19 0.4 1 0.8
0.98536359751597 19.607457025054 "experimento_72" 72 10000 1000 0.95 19 0.4 1 0.8
0.984395219013095 18.0673059103221 "experimento_72" 72 10000 1000 0.95 19 0.4 1 0.8
0.992958473740146 18.5976374783575 "experimento_72" 72 10000 1000 0.95 19 0.4 1 0.8
0.998799261869863 20.181185288322 "experimento_72" 72 10000 1000 0.95 19 0.4 1 0.8
1.0023020681738 18.7682704755347 "experimento_72" 72 10000 1000 0.95 19 0.4 1 0.8
0.984714559279382 17.7419230104727 "experimento_72" 72 10000 1000 0.95 19 0.4 1 0.8
1.01262513258936 19.4777740239043 "experimento_72" 72 10000 1000 0.95 19 0.4 1 0.8
1.04603602526194 18.6048502391481 "experimento_72" 72 10000 1000 0.95 19 0.4 1 0.8
0.990995123516768 19.2217859375625 "experimento_72" 72 10000 1000 0.95 19 0.4 1 0.8
1.00017614365983 19.3417065999548 "experimento_72" 72 10000 1000 0.95 19 0.4 1 0.8
1.03566382038652 20.8024344052203 "experimento_72" 72 10000 1000 0.95 19 0.4 1 0.8
0.999375256942585 20.2937117507037 "experimento_72" 72 10000 1000 0.95 19 0.4 1 0.8
0.984864539001137 19.0690884964469 "experimento_72" 72 10000 1000 0.95 19 0.4 1 0.8
0.987227721139789 19.2313137498172 "experimento_72" 72 10000 1000 0.95 19 0.4 1 0.8
0.994698083493859 18.6220814445587 "experimento_72" 72 10000 1000 0.95 19 0.4 1 0.8
0.992609813343734 19.382468070646 "experimento_72" 72 10000 1000 0.95 19 0.4 1 0.8
0.998480373993516 18.6738575925455 "experimento_72" 72 10000 1000 0.95 19 0.4 1 0.8
0.996129655279219 21.7206541806685 "experimento_72" 72 10000 1000 0.95 19 0.4 1 0.8
0.98229198763147 18.1640310072694 "experimento_72" 72 10000 1000 0.95 19 0.4 1 0.8
0.992643633624539 18.7368531815027 "experimento_72" 72 10000 1000 0.95 19 0.4 1 0.8
0.990642149234191 18.4019806383908 "experimento_72" 72 10000 1000 0.95 19 0.4 1 0.8
1.00357236003518 19.3505595784567 "experimento_72" 72 10000 1000 0.95 19 0.4 1 0.8
1.00506047321983 19.2853161699209 "experimento_72" 72 10000 1000 0.95 19 0.4 1 0.8
1.02665183558374 19.5844505539444 "experimento_72" 72 10000 1000 0.95 19 0.4 1 0.8
1.03595294754364 20.1769107058764 "experimento_72" 72 10000 1000 0.95 19 0.4 1 0.8
1.01591990846454 18.9877206243364 "experimento_72" 72 10000 1000 0.95 19 0.4 1 0.8
1.00271424330085 19.0606770255617 "experimento_72" 72 10000 1000 0.95 19 0.4 1 0.8
0.991863865405321 19.3273846137328 "experimento_72" 72 10000 1000 0.95 19 0.4 1 0.8
1.00170716480362 19.534903469289 "experimento_72" 72 10000 1000 0.95 19 0.4 1 0.8
1.01365987073007 17.9469031886894 "experimento_72" 72 10000 1000 0.95 19 0.4 1 0.8
0.973835184238851 17.6357516493835 "experimento_72" 72 10000 1000 0.95 19 0.4 1 0.8
0.997090499848127 20.1215217595719 "experimento_72" 72 10000 1000 0.95 19 0.4 1 0.8
0.989921364700422 19.175417656966 "experimento_72" 72 10000 1000 0.95 19 0.4 1 0.8
0.984233834082261 19.5011413191665 "experimento_72" 72 10000 1000 0.95 19 0.4 1 0.8
0.979942913400009 18.3488348508125 "experimento_72" 72 10000 1000 0.95 19 0.4 1 0.8
1.025859264951 20.3834541635667 "experimento_72" 72 10000 1000 0.95 19 0.4 1 0.8
0.99269618280232 19.6675803265288 "experimento_72" 72 10000 1000 0.95 19 0.4 1 0.8
0.990986634977162 17.7763522136757 "experimento_72" 72 10000 1000 0.95 19 0.4 1 0.8
1.02867689123377 20.9385224694362 "experimento_72" 72 10000 1000 0.95 19 0.4 1 0.8
1.0189160399237 19.9422736061597 "experimento_72" 72 10000 1000 0.95 19 0.4 1 0.8
0.987880984786898 18.3782727628953 "experimento_72" 72 10000 1000 0.95 19 0.4 1 0.8
1.00557407530907 18.1210952354852 "experimento_72" 72 10000 1000 0.95 19 0.4 1 0.8
0.987098746700212 20.4128199450732 "experimento_72" 72 10000 1000 0.95 19 0.4 1 0.8
0.994092479813844 20.147456833592 "experimento_72" 72 10000 1000 0.95 19 0.4 1 0.8
0.989660295424983 19.1241220228239 "experimento_72" 72 10000 1000 0.95 19 0.4 1 0.8
0.995212399400771 20.9092785973478 "experimento_72" 72 10000 1000 0.95 19 0.4 1 0.8
1.00672577872443 18.1445821673042 "experimento_72" 72 10000 1000 0.95 19 0.4 1 0.8
1.00214980702013 19.518703378458 "experimento_72" 72 10000 1000 0.95 19 0.4 1 0.8
1.03767313963673 22.0993337142812 "experimento_72" 72 10000 1000 0.95 19 0.4 1 0.8
1.03932164947245 19.4465783871724 "experimento_72" 72 10000 1000 0.95 19 0.4 1 0.8
1.00015891603733 20.8651792576194 "experimento_72" 72 10000 1000 0.95 19 0.4 1 0.8
0.99037361308001 18.8563590015163 "experimento_72" 72 10000 1000 0.95 19 0.4 1 0.8
0.993844343814999 18.9377098620376 "experimento_72" 72 10000 1000 0.95 19 0.4 1 0.8
1.0135128676141 17.1472399222257 "experimento_72" 72 10000 1000 0.95 19 0.4 1 0.8
0.993406374705955 19.7325868873512 "experimento_72" 72 10000 1000 0.95 19 0.4 1 0.8
0.988113309722394 18.8898529097221 "experimento_72" 72 10000 1000 0.95 19 0.4 1 0.8
1.00035100556733 19.2472455135816 "experimento_72" 72 10000 1000 0.95 19 0.4 1 0.8
1.01146117222839 19.3085699056873 "experimento_72" 72 10000 1000 0.95 19 0.4 1 0.8
0.984976772917435 19.107946839475 "experimento_72" 72 10000 1000 0.95 19 0.4 1 0.8
1.0183720749269 20.1602598495145 "experimento_72" 72 10000 1000 0.95 19 0.4 1 0.8
0.990263650892302 19.5539433037517 "experimento_72" 72 10000 1000 0.95 19 0.4 1 0.8
0.976899415720254 19.0111306357071 "experimento_72" 72 10000 1000 0.95 19 0.4 1 0.8
0.990927405189723 18.5122274344945 "experimento_72" 72 10000 1000 0.95 19 0.4 1 0.8
1.00059077939972 19.5959409821931 "experimento_72" 72 10000 1000 0.95 19 0.4 1 0.8
0.988997860811651 18.7121927213511 "experimento_72" 72 10000 1000 0.95 19 0.4 1 0.8
1.02971909871619 21.3012402219472 "experimento_72" 72 10000 1000 0.95 19 0.4 1 0.8
0.99049299932085 17.4799143836483 "experimento_72" 72 10000 1000 0.95 19 0.4 1 0.8
0.985960628138855 18.5250148770036 "experimento_72" 72 10000 1000 0.95 19 0.4 1 0.8
1.00576743908862 19.7371633502183 "experimento_72" 72 10000 1000 0.95 19 0.4 1 0.8
0.982120752101764 17.7928611394955 "experimento_72" 72 10000 1000 0.95 19 0.4 1 0.8
0.991751383524388 18.5702957401388 "experimento_72" 72 10000 1000 0.95 19 0.4 1 0.8
1.02675863286774 20.1892894539141 "experimento_72" 72 10000 1000 0.95 19 0.4 1 0.8
0.994473317405209 19.1191944583013 "experimento_72" 72 10000 1000 0.95 19 0.4 1 0.8
0.992228104732931 18.0629726704891 "experimento_72" 72 10000 1000 0.95 19 0.4 1 0.8
0.993311858968809 19.5627597579308 "experimento_72" 72 10000 1000 0.95 19 0.4 1 0.8
0.984755159588531 18.5150547346635 "experimento_72" 72 10000 1000 0.95 19 0.4 1 0.8
1.01131049607341 20.9641992771743 "experimento_72" 72 10000 1000 0.95 19 0.4 1 0.8
1.01018750066998 21.1643035677954 "experimento_72" 72 10000 1000 0.95 19 0.4 1 0.8
0.981158977374434 19.8698190131105 "experimento_72" 72 10000 1000 0.95 19 0.4 1 0.8
1.01943563218964 19.8645878224119 "experimento_72" 72 10000 1000 0.95 19 0.4 1 0.8
0.979384678183123 18.7450537199355 "experimento_72" 72 10000 1000 0.95 19 0.4 1 0.8
0.998485713964328 19.2683878366004 "experimento_72" 72 10000 1000 0.95 19 0.4 1 0.8
0.981244599912316 20.0103917062445 "experimento_72" 72 10000 1000 0.95 19 0.4 1 0.8
1.00390292197515 19.0650648433719 "experimento_72" 72 10000 1000 0.95 19 0.4 1 0.8
0.984911291627213 18.2965016175591 "experimento_72" 72 10000 1000 0.95 19 0.4 1 0.8
0.991472765104845 18.7157673103818 "experimento_72" 72 10000 1000 0.95 19 0.4 1 0.8
0.993736480129883 19.2626558599214 "experimento_72" 72 10000 1000 0.95 19 0.4 1 0.8
0.987369007896632 18.9794436567908 "experimento_72" 72 10000 1000 0.95 19 0.4 1 0.8
0.99711719318293 18.145302232392 "experimento_72" 72 10000 1000 0.95 19 0.4 1 0.8
0.999120058491826 18.4172652070129 "experimento_72" 72 10000 1000 0.95 19 0.4 1 0.8
0.988690237281844 17.0281501005439 "experimento_72" 72 10000 1000 0.95 19 0.4 1 0.8
0.993600221350789 19.9604436463452 "experimento_72" 72 10000 1000 0.95 19 0.4 1 0.8
0.997577248606831 19.1322595420771 "experimento_72" 72 10000 1000 0.95 19 0.4 1 0.8
1.00888859374573 18.8307524728217 "experimento_72" 72 10000 1000 0.95 19 0.4 1 0.8
0.984970445279032 17.7868459302025 "experimento_72" 72 10000 1000 0.95 19 0.4 1 0.8
0.982635035878047 18.1271961436498 "experimento_72" 72 10000 1000 0.95 19 0.4 1 0.8
0.981083761900663 18.2533414082823 "experimento_72" 72 10000 1000 0.95 19 0.4 1 0.8
0.988205077126622 19.7586319664502 "experimento_72" 72 10000 1000 0.95 19 0.4 1 0.8
0.992065146099776 17.6324343527958 "experimento_72" 72 10000 1000 0.95 19 0.4 1 0.8
0.991652017459273 17.5480038384628 "experimento_72" 72 10000 1000 0.95 19 0.4 1 0.8
0.991227493155748 18.1105340992142 "experimento_72" 72 10000 1000 0.95 19 0.4 1 0.8
0.990098411682993 19.538061808369 "experimento_72" 72 10000 1000 0.95 19 0.4 1 0.8
0.988122695824131 17.9092471440224 "experimento_72" 72 10000 1000 0.95 19 0.4 1 0.8
0.992966046324 18.0880080777814 "experimento_72" 72 10000 1000 0.95 19 0.4 1 0.8
0.989038445986807 18.5474591582466 "experimento_72" 72 10000 1000 0.95 19 0.4 1 0.8
0.975457355147228 18.1610491619824 "experimento_72" 72 10000 1000 0.95 19 0.4 1 0.8
1.04377014302477 24.5784501790894 "experimento_72" 72 10000 1000 0.95 19 0.4 1 0.8
0.981937750941142 17.4129921538803 "experimento_72" 72 10000 1000 0.95 19 0.4 1 0.8
0.985710639739409 18.8817542505865 "experimento_72" 72 10000 1000 0.95 19 0.4 1 0.8
0.996318088844419 20.0832172523615 "experimento_72" 72 10000 1000 0.95 19 0.4 1 0.8
0.989943393273279 20.0095380225186 "experimento_72" 72 10000 1000 0.95 19 0.4 1 0.8
1.00857958510562 18.2657461092562 "experimento_72" 72 10000 1000 0.95 19 0.4 1 0.8
0.999257457209751 19.4343181329075 "experimento_72" 72 10000 1000 0.95 19 0.4 1 0.8
0.990518085192889 18.9724365573737 "experimento_72" 72 10000 1000 0.95 19 0.4 1 0.8
0.984516681404784 19.0208681569978 "experimento_72" 72 10000 1000 0.95 19 0.4 1 0.8
0.989823994925246 19.0229965923519 "experimento_72" 72 10000 1000 0.95 19 0.4 1 0.8
0.993995177326724 19.6772051862506 "experimento_72" 72 10000 1000 0.95 19 0.4 1 0.8
0.985185748199001 18.838277469062 "experimento_72" 72 10000 1000 0.95 19 0.4 1 0.8
0.986800334649161 18.028925005798 "experimento_72" 72 10000 1000 0.95 19 0.4 1 0.8
1.00737713735649 20.0480306143304 "experimento_72" 72 10000 1000 0.95 19 0.4 1 0.8
0.983345279935747 17.5592150577256 "experimento_72" 72 10000 1000 0.95 19 0.4 1 0.8
0.987077037803829 17.4281515242705 "experimento_72" 72 10000 1000 0.95 19 0.4 1 0.8
0.989496238064021 18.494111478828 "experimento_72" 72 10000 1000 0.95 19 0.4 1 0.8
0.982841860270128 18.2735738085645 "experimento_72" 72 10000 1000 0.95 19 0.4 1 0.8
0.989479968091473 19.0168952493805 "experimento_72" 72 10000 1000 0.95 19 0.4 1 0.8
0.977771120145917 18.1347197390904 "experimento_72" 72 10000 1000 0.95 19 0.4 1 0.8
0.993949428899214 18.7978377010429 "experimento_72" 72 10000 1000 0.95 19 0.4 1 0.8
0.975935434689745 17.8324241714539 "experimento_72" 72 10000 1000 0.95 19 0.4 1 0.8
1.00504387552898 19.7703352451114 "experimento_72" 72 10000 1000 0.95 19 0.4 1 0.8
0.993023485643789 18.9044995227239 "experimento_72" 72 10000 1000 0.95 19 0.4 1 0.8
0.992706242948771 18.2494313559222 "experimento_72" 72 10000 1000 0.95 19 0.4 1 0.8
0.990411577979103 18.4955647036933 "experimento_72" 72 10000 1000 0.95 19 0.4 1 0.8
0.995345710776746 19.6028797128144 "experimento_72" 72 10000 1000 0.95 19 0.4 1 0.8
1.05254222055382 23.0524628749745 "experimento_72" 72 10000 1000 0.95 19 0.4 1 0.8
0.985497110290453 19.715205451977 "experimento_72" 72 10000 1000 0.95 19 0.4 1 0.8
0.989270047051832 19.5438690868807 "experimento_72" 72 10000 1000 0.95 19 0.4 1 0.8
1.01286528977614 18.2034455589332 "experimento_72" 72 10000 1000 0.95 19 0.4 1 0.8
1.00014598067164 20.2668041815095 "experimento_72" 72 10000 1000 0.95 19 0.4 1 0.8
0.995003918884322 20.0613179264945 "experimento_72" 72 10000 1000 0.95 19 0.4 1 0.8
0.988129235105589 18.7952964345926 "experimento_72" 72 10000 1000 0.95 19 0.4 1 0.8
0.991754626622424 19.8900260322878 "experimento_72" 72 10000 1000 0.95 19 0.4 1 0.8
0.99144097790122 20.5098661781929 "experimento_72" 72 10000 1000 0.95 19 0.4 1 0.8
1.02753184213744 18.2594100594543 "experimento_72" 72 10000 1000 0.95 19 0.4 1 0.8
0.987789022037759 17.8909451556824 "experimento_72" 72 10000 1000 0.95 19 0.4 1 0.8
0.975837385980412 17.9877494768975 "experimento_72" 72 10000 1000 0.95 19 0.4 1 0.8
0.978014319669455 17.7675347349428 "experimento_72" 72 10000 1000 0.95 19 0.4 1 0.8
1.01272362051532 18.0102366255234 "experimento_72" 72 10000 1000 0.95 19 0.4 1 0.8
0.993496948853135 18.7512734088239 "experimento_72" 72 10000 1000 0.95 19 0.4 1 0.8
0.989747131010517 17.9245898330887 "experimento_72" 72 10000 1000 0.95 19 0.4 1 0.8
0.990839090431109 19.1591490463825 "experimento_72" 72 10000 1000 0.95 19 0.4 1 0.8
0.983754776418209 17.9589510730769 "experimento_72" 72 10000 1000 0.95 19 0.4 1 0.8
0.998710768064484 19.456257782274 "experimento_72" 72 10000 1000 0.95 19 0.4 1 0.8
0.985188804101199 19.2143336204158 "experimento_72" 72 10000 1000 0.95 19 0.4 1 0.8
0.987417659023777 17.8674773009065 "experimento_72" 72 10000 1000 0.95 19 0.4 1 0.8
0.996961964061484 20.3827499801208 "experimento_72" 72 10000 1000 0.95 19 0.4 1 0.8
1.0147471184058 19.1999880968825 "experimento_72" 72 10000 1000 0.95 19 0.4 1 0.8
0.974400906357914 17.3979742126204 "experimento_72" 72 10000 1000 0.95 19 0.4 1 0.8
0.975985388504341 17.2139801864114 "experimento_72" 72 10000 1000 0.95 19 0.4 1 0.8
0.978256671689451 17.3470353295032 "experimento_72" 72 10000 1000 0.95 19 0.4 1 0.8
0.985302958171815 18.5900091591419 "experimento_72" 72 10000 1000 0.95 19 0.4 1 0.8
0.988637554459274 18.3940214697697 "experimento_72" 72 10000 1000 0.95 19 0.4 1 0.8
1.02320132669257 18.8374172893785 "experimento_72" 72 10000 1000 0.95 19 0.4 1 0.8
0.995220449287444 19.3792489681843 "experimento_72" 72 10000 1000 0.95 19 0.4 1 0.8
1.00712063781133 18.0727877479432 "experimento_72" 72 10000 1000 0.95 19 0.4 1 0.8
0.985030236886814 19.3073617511844 "experimento_72" 72 10000 1000 0.95 19 0.4 1 0.8
1.02923190417258 16.5814524801902 "experimento_72" 72 10000 1000 0.95 19 0.4 1 0.8
0.982185751898214 18.9191782694686 "experimento_72" 72 10000 1000 0.95 19 0.4 1 0.8
0.992935036541894 18.5465974267383 "experimento_72" 72 10000 1000 0.95 19 0.4 1 0.8
0.988604487385601 19.3200278862031 "experimento_72" 72 10000 1000 0.95 19 0.4 1 0.8
0.979368298081681 17.7293649663109 "experimento_72" 72 10000 1000 0.95 19 0.4 1 0.8
1.00800383078719 20.9857238080837 "experimento_72" 72 10000 1000 0.95 19 0.4 1 0.8
0.981612174306065 18.2484542417342 "experimento_72" 72 10000 1000 0.95 19 0.4 1 0.8
0.994441256159917 19.9741344693372 "experimento_72" 72 10000 1000 0.95 19 0.4 1 0.8
0.993949073832482 19.3505870195954 "experimento_72" 72 10000 1000 0.95 19 0.4 1 0.8
1.00469327938919 19.4094151812531 "experimento_72" 72 10000 1000 0.95 19 0.4 1 0.8
1.04649997673887 20.4950112958807 "experimento_72" 72 10000 1000 0.95 19 0.4 1 0.8
1.00013339423918 20.6053909503123 "experimento_72" 72 10000 1000 0.95 19 0.4 1 0.8
0.999817345524207 18.7665925952339 "experimento_72" 72 10000 1000 0.95 19 0.4 1 0.8
0.995365077396855 20.3724024056502 "experimento_72" 72 10000 1000 0.95 19 0.4 1 0.8
1.00020932257167 19.6152063269493 "experimento_72" 72 10000 1000 0.95 19 0.4 1 0.8
0.995187429478392 19.7766700103007 "experimento_72" 72 10000 1000 0.95 19 0.4 1 0.8
0.978289370192215 19.1936162303034 "experimento_72" 72 10000 1000 0.95 19 0.4 1 0.8
1.04292519620742 16.8181849154587 "experimento_72" 72 10000 1000 0.95 19 0.4 1 0.8
0.987900919979438 18.9014309793507 "experimento_72" 72 10000 1000 0.95 19 0.4 1 0.8
0.995443558786064 18.6230780693851 "experimento_72" 72 10000 1000 0.95 19 0.4 1 0.8
0.990592602174729 18.7817284674721 "experimento_72" 72 10000 1000 0.95 19 0.4 1 0.8
1.02626579757065 19.5133245752875 "experimento_72" 72 10000 1000 0.95 19 0.4 1 0.8
0.986706178635359 19.4325927695105 "experimento_72" 72 10000 1000 0.95 19 0.4 1 0.8
1.00970308793905 20.1688168391353 "experimento_72" 72 10000 1000 0.95 19 0.4 1 0.8
0.997654836857691 20.0686199757101 "experimento_72" 72 10000 1000 0.95 19 0.4 1 0.8
0.991090358002111 18.8531009026376 "experimento_72" 72 10000 1000 0.95 19 0.4 1 0.8
0.986537310760468 20.0276099406205 "experimento_72" 72 10000 1000 0.95 19 0.4 1 0.8
0.980412820121273 17.9779645869764 "experimento_72" 72 10000 1000 0.95 19 0.4 1 0.8
0.989327230490744 18.3570605485083 "experimento_72" 72 10000 1000 0.95 19 0.4 1 0.8
0.986567640444264 19.0935455902403 "experimento_72" 72 10000 1000 0.95 19 0.4 1 0.8
0.987640884704888 18.4909287777622 "experimento_72" 72 10000 1000 0.95 19 0.4 1 0.8
0.995920948684216 17.9950483582173 "experimento_72" 72 10000 1000 0.95 19 0.4 1 0.8
0.987145430408418 18.8860004578714 "experimento_72" 72 10000 1000 0.95 19 0.4 1 0.8
1.00527500424975 19.6977408521969 "experimento_72" 72 10000 1000 0.95 19 0.4 1 0.8
0.993564660660923 19.1583910661658 "experimento_72" 72 10000 1000 0.95 19 0.4 1 0.8
0.992789487354457 18.0697104759921 "experimento_72" 72 10000 1000 0.95 19 0.4 1 0.8
0.991402967367321 19.4646016036191 "experimento_72" 72 10000 1000 0.95 19 0.4 1 0.8
1.02794205625296 17.0076110204778 "experimento_72" 72 10000 1000 0.95 19 0.4 1 0.8
0.991665725596249 20.4354673325972 "experimento_72" 72 10000 1000 0.95 19 0.4 1 0.8
0.987473665736616 18.8476202116798 "experimento_72" 72 10000 1000 0.95 19 0.4 1 0.8
1.01520874552078 20.7129785888297 "experimento_72" 72 10000 1000 0.95 19 0.4 1 0.8
0.99244498857297 20.2491640149513 "experimento_72" 72 10000 1000 0.95 19 0.4 1 0.8
0.997604719363153 18.8251113730788 "experimento_72" 72 10000 1000 0.95 19 0.4 1 0.8
1.0590052003705 20.1614221095345 "experimento_72" 72 10000 1000 0.95 19 0.4 1 0.8
0.994793799705803 19.9107245291328 "experimento_72" 72 10000 1000 0.95 19 0.4 1 0.8
1.01159948019899 19.1137817229855 "experimento_72" 72 10000 1000 0.95 19 0.4 1 0.8
0.992145613301545 20.4368132246492 "experimento_72" 72 10000 1000 0.95 19 0.4 1 0.8
0.98798734950833 18.8828365774699 "experimento_72" 72 10000 1000 0.95 19 0.4 1 0.8
1.00464528277026 18.8483707594257 "experimento_72" 72 10000 1000 0.95 19 0.4 1 0.8
0.988090004771948 18.4031424755978 "experimento_72" 72 10000 1000 0.95 19 0.4 1 0.8
0.984431857941672 18.6435295577924 "experimento_72" 72 10000 1000 0.95 19 0.4 1 0.8
0.997550872154534 17.5624068052813 "experimento_72" 72 10000 1000 0.95 19 0.4 1 0.8
0.998180858790874 18.920609923267 "experimento_72" 72 10000 1000 0.95 19 0.4 1 0.8
0.989984252955765 20.1259653654033 "experimento_72" 72 10000 1000 0.95 19 0.4 1 0.8
0.99296778999269 18.9941311668455 "experimento_72" 72 10000 1000 0.95 19 0.4 1 0.8
0.99204154801555 19.0179669080008 "experimento_72" 72 10000 1000 0.95 19 0.4 1 0.8
0.994332852074876 19.1701361892815 "experimento_72" 72 10000 1000 0.95 19 0.4 1 0.8
0.995862547075376 19.2055739722657 "experimento_72" 72 10000 1000 0.95 19 0.4 1 0.8
0.979538001818582 17.7842807943345 "experimento_72" 72 10000 1000 0.95 19 0.4 1 0.8
0.985831269761547 19.5965751414741 "experimento_72" 72 10000 1000 0.95 19 0.4 1 0.8
0.992676400346681 19.0108433227303 "experimento_72" 72 10000 1000 0.95 19 0.4 1 0.8
0.997112434357405 19.9567204307277 "experimento_72" 72 10000 1000 0.95 19 0.4 1 0.8
0.981802667491138 19.3234461618677 "experimento_72" 72 10000 1000 0.95 19 0.4 1 0.8
0.982172525022179 18.1075011638148 "experimento_72" 72 10000 1000 0.95 19 0.4 1 0.8
1.03179949492608 19.4498697943832 "experimento_72" 72 10000 1000 0.95 19 0.4 1 0.8
0.98516834480688 18.7228529290027 "experimento_72" 72 10000 1000 0.95 19 0.4 1 0.8
1.00346078395255 21.5699225486383 "experimento_72" 72 10000 1000 0.95 19 0.4 1 0.8
1.03596546429847 17.2877469022004 "experimento_72" 72 10000 1000 0.95 19 0.4 1 0.8
0.999446809990332 19.8771833412577 "experimento_72" 72 10000 1000 0.95 19 0.4 1 0.8
0.982892486499622 17.5638156567042 "experimento_72" 72 10000 1000 0.95 19 0.4 1 0.8
0.994227755116299 19.5251612154676 "experimento_72" 72 10000 1000 0.95 19 0.4 1 0.8
0.991310376906767 19.8114845671453 "experimento_72" 72 10000 1000 0.95 19 0.4 1 0.8
0.988250913331285 18.6759409715359 "experimento_72" 72 10000 1000 0.95 19 0.4 1 0.8
0.996987041318789 20.3101586653891 "experimento_72" 72 10000 1000 0.95 19 0.4 1 0.8
1.00992143010022 19.6414652953765 "experimento_72" 72 10000 1000 0.95 19 0.4 1 0.8
0.989885309711099 18.7513303526637 "experimento_72" 72 10000 1000 0.95 19 0.4 1 0.8
0.99637740268372 18.9706507219213 "experimento_72" 72 10000 1000 0.95 19 0.4 1 0.8
0.979926980799064 18.2039318163774 "experimento_72" 72 10000 1000 0.95 19 0.4 1 0.8
0.979854342993349 18.2324304161415 "experimento_72" 72 10000 1000 0.95 19 0.4 1 0.8
1.04401192137456 17.9638492114623 "experimento_72" 72 10000 1000 0.95 19 0.4 1 0.8
1.03715998144893 22.0356065031894 "experimento_72" 72 10000 1000 0.95 19 0.4 1 0.8
0.998040424427018 17.6341573941912 "experimento_72" 72 10000 1000 0.95 19 0.4 1 0.8
0.999636742752045 18.809020841947 "experimento_72" 72 10000 1000 0.95 19 0.4 1 0.8
0.98296138481237 17.2482192636274 "experimento_72" 72 10000 1000 0.95 19 0.4 1 0.8
0.995216163806617 19.0252280749706 "experimento_72" 72 10000 1000 0.95 19 0.4 1 0.8
0.984646189957857 18.2853673387842 "experimento_72" 72 10000 1000 0.95 19 0.4 1 0.8
1.00449077552487 18.2983252347547 "experimento_72" 72 10000 1000 0.95 19 0.4 1 0.8
0.990645611425862 19.7775099204523 "experimento_72" 72 10000 1000 0.95 19 0.4 1 0.8
0.983545873546973 17.365391830482 "experimento_72" 72 10000 1000 0.95 19 0.4 1 0.8
1.00339427717814 17.8448418519778 "experimento_72" 72 10000 1000 0.95 19 0.4 1 0.8
0.983413826208562 19.6193365249028 "experimento_72" 72 10000 1000 0.95 19 0.4 1 0.8
0.988457305589691 19.0038368267833 "experimento_72" 72 10000 1000 0.95 19 0.4 1 0.8
0.996854190714657 19.5076402602103 "experimento_72" 72 10000 1000 0.95 19 0.4 1 0.8
0.987783485325053 20.4266297882061 "experimento_72" 72 10000 1000 0.95 19 0.4 1 0.8
0.995701145380735 18.485824292476 "experimento_72" 72 10000 1000 0.95 19 0.4 1 0.8
0.983638492180035 18.659978552448 "experimento_72" 72 10000 1000 0.95 19 0.4 1 0.8
0.998640198726207 19.9996894858473 "experimento_72" 72 10000 1000 0.95 19 0.4 1 0.8
0.982320522656664 17.6943232762603 "experimento_72" 72 10000 1000 0.95 19 0.4 1 0.8
0.986842254875228 18.6044085544445 "experimento_72" 72 10000 1000 0.95 19 0.4 1 0.8
0.991079992149025 20.2076468847604 "experimento_72" 72 10000 1000 0.95 19 0.4 1 0.8
1.00325933628366 20.1131413003102 "experimento_72" 72 10000 1000 0.95 19 0.4 1 0.8
0.983926922082901 20.2831946257869 "experimento_72" 72 10000 1000 0.95 19 0.4 1 0.8
0.992680647643283 19.5910389740086 "experimento_72" 72 10000 1000 0.95 19 0.4 1 0.8
0.995952855329961 20.4210089747193 "experimento_72" 72 10000 1000 0.95 19 0.4 1 0.8
0.992516613565385 19.1605239913678 "experimento_72" 72 10000 1000 0.95 19 0.4 1 0.8
0.9863861578051 18.72571792116 "experimento_72" 72 10000 1000 0.95 19 0.4 1 0.8
1.01836243377214 19.8596358690248 "experimento_72" 72 10000 1000 0.95 19 0.4 1 0.8
0.984334490960464 18.9805654393562 "experimento_72" 72 10000 1000 0.95 19 0.4 1 0.8
0.982672582147643 17.6421731492703 "experimento_72" 72 10000 1000 0.95 19 0.4 1 0.8
0.990282606566325 20.6947922929955 "experimento_72" 72 10000 1000 0.95 19 0.4 1 0.8
0.989625605754554 19.3279757685333 "experimento_72" 72 10000 1000 0.95 19 0.4 1 0.8
0.993761821649969 20.2501795273769 "experimento_72" 72 10000 1000 0.95 19 0.4 1 0.8
1.00096375811355 19.6556484585718 "experimento_72" 72 10000 1000 0.95 19 0.4 1 0.8
0.991135481279343 18.9851996001223 "experimento_72" 72 10000 1000 0.95 19 0.4 1 0.8
1.00332546546598 18.9795298102172 "experimento_72" 72 10000 1000 0.95 19 0.4 1 0.8
0.985592700308189 19.0465362271392 "experimento_72" 72 10000 1000 0.95 19 0.4 1 0.8
1.02291139128012 19.262112818248 "experimento_72" 72 10000 1000 0.95 19 0.4 1 0.8
0.9914869107306 17.8770469317195 "experimento_72" 72 10000 1000 0.95 19 0.4 1 0.8
1.01799276098609 17.9921143143653 "experimento_72" 72 10000 1000 0.95 19 0.4 1 0.8
1.00719412893403 16.6574273331879 "experimento_72" 72 10000 1000 0.95 19 0.4 1 0.8
1.00402611056239 17.3453600907868 "experimento_72" 72 10000 1000 0.95 19 0.4 1 0.8
0.988915860420093 17.8630713327662 "experimento_72" 72 10000 1000 0.95 19 0.4 1 0.8
0.986489475239068 18.0387255406941 "experimento_72" 72 10000 1000 0.95 19 0.4 1 0.8
1.02475292662061 19.3855767919241 "experimento_72" 72 10000 1000 0.95 19 0.4 1 0.8
0.984997282968834 19.1781681647182 "experimento_72" 72 10000 1000 0.95 19 0.4 1 0.8
0.984411653131247 17.8596648300728 "experimento_72" 72 10000 1000 0.95 19 0.4 1 0.8
0.975001297192648 18.1917265554499 "experimento_72" 72 10000 1000 0.95 19 0.4 1 0.8
1.0076600958005 19.7948565175656 "experimento_72" 72 10000 1000 0.95 19 0.4 1 0.8
1.01450679588475 18.9207808217901 "experimento_72" 72 10000 1000 0.95 19 0.4 1 0.8
0.989010125631467 18.2211600005386 "experimento_72" 72 10000 1000 0.95 19 0.4 1 0.8
0.986141987610608 18.2052694485099 "experimento_72" 72 10000 1000 0.95 19 0.4 1 0.8
0.985783059615642 18.6205432270122 "experimento_72" 72 10000 1000 0.95 19 0.4 1 0.8
0.998791913269088 19.7976970871334 "experimento_72" 72 10000 1000 0.95 19 0.4 1 0.8
0.989112975075841 19.0296909241787 "experimento_72" 72 10000 1000 0.95 19 0.4 1 0.8
0.980576555710286 19.2480185572223 "experimento_72" 72 10000 1000 0.95 19 0.4 1 0.8
0.992534442804754 19.004996278375 "experimento_72" 72 10000 1000 0.95 19 0.4 1 0.8
1.01435516662274 20.7616994758643 "experimento_72" 72 10000 1000 0.95 19 0.4 1 0.8
1.00343188222698 18.2996710012885 "experimento_72" 72 10000 1000 0.95 19 0.4 1 0.8
1.06276514191934 19.7113263770938 "experimento_72" 72 10000 1000 0.95 19 0.4 1 0.8
0.991912398487329 19.7490469130584 "experimento_72" 72 10000 1000 0.95 19 0.4 1 0.8
0.987715038005263 17.955861231823 "experimento_72" 72 10000 1000 0.95 19 0.4 1 0.8
0.986889461986721 18.1877001016955 "experimento_72" 72 10000 1000 0.95 19 0.4 1 0.8
0.990325837628916 20.4635716786925 "experimento_72" 72 10000 1000 0.95 19 0.4 1 0.8
1.01457547352306 19.33105392444 "experimento_72" 72 10000 1000 0.95 19 0.4 1 0.8
0.988346312660724 19.0013998409624 "experimento_72" 72 10000 1000 0.95 19 0.4 1 0.8
0.987921960186213 17.5967285006029 "experimento_72" 72 10000 1000 0.95 19 0.4 1 0.8
0.991627371637151 18.9564887038353 "experimento_72" 72 10000 1000 0.95 19 0.4 1 0.8
0.997013104148209 19.051187700401 "experimento_72" 72 10000 1000 0.95 19 0.4 1 0.8
0.991804650286213 17.7868863113482 "experimento_72" 72 10000 1000 0.95 19 0.4 1 0.8
0.989242331590503 19.3115995967096 "experimento_72" 72 10000 1000 0.95 19 0.4 1 0.8
0.989533771993592 18.9148390579498 "experimento_72" 72 10000 1000 0.95 19 0.4 1 0.8
0.984258560463786 18.2807116156196 "experimento_72" 72 10000 1000 0.95 19 0.4 1 0.8
0.985190074658021 17.4186854613473 "experimento_72" 72 10000 1000 0.95 19 0.4 1 0.8
0.981992688262835 18.0120613166943 "experimento_72" 72 10000 1000 0.95 19 0.4 1 0.8
0.982350707286969 18.4453632471797 "experimento_72" 72 10000 1000 0.95 19 0.4 1 0.8
1.00406551394169 19.5628430042326 "experimento_72" 72 10000 1000 0.95 19 0.4 1 0.8
1.02142628402685 19.4152446234834 "experimento_72" 72 10000 1000 0.95 19 0.4 1 0.8
1.00523835760501 17.7907164970801 "experimento_72" 72 10000 1000 0.95 19 0.4 1 0.8
1.01666146428569 17.7577768933259 "experimento_72" 72 10000 1000 0.95 19 0.4 1 0.8
0.994448132347316 19.4877881930165 "experimento_72" 72 10000 1000 0.95 19 0.4 1 0.8
1.00560709769947 18.8316622116409 "experimento_72" 72 10000 1000 0.95 19 0.4 1 0.8
1.01707736821845 20.0864431545075 "experimento_72" 72 10000 1000 0.95 19 0.4 1 0.8
0.983866973314434 17.6416258108055 "experimento_72" 72 10000 1000 0.95 19 0.4 1 0.8
0.976308383746073 17.45570374382 "experimento_72" 72 10000 1000 0.95 19 0.4 1 0.8
0.996335959294811 20.3769374825314 "experimento_72" 72 10000 1000 0.95 19 0.4 1 0.8
0.987431766698137 18.9439620156254 "experimento_72" 72 10000 1000 0.95 19 0.4 1 0.8
0.99892418156378 21.9605192015378 "experimento_72" 72 10000 1000 0.95 19 0.4 1 0.8
1.01644816756935 19.1911849259406 "experimento_72" 72 10000 1000 0.95 19 0.4 1 0.8
0.992978495080024 18.9618928921166 "experimento_72" 72 10000 1000 0.95 19 0.4 1 0.8
0.999431061092764 19.6300737716961 "experimento_72" 72 10000 1000 0.95 19 0.4 1 0.8
0.996320541715249 19.3488486532781 "experimento_72" 72 10000 1000 0.95 19 0.4 1 0.8
1.00270422018672 21.8492618137473 "experimento_72" 72 10000 1000 0.95 19 0.4 1 0.8
1.00953869335454 19.7287394455468 "experimento_72" 72 10000 1000 0.95 19 0.4 1 0.8
0.988793308148161 18.8518018871295 "experimento_72" 72 10000 1000 0.95 19 0.4 1 0.8
0.978911304613575 18.2163384038776 "experimento_72" 72 10000 1000 0.95 19 0.4 1 0.8
0.983247465221211 18.5820211289631 "experimento_72" 72 10000 1000 0.95 19 0.4 1 0.8
1.02653215943198 20.1189949253099 "experimento_72" 72 10000 1000 0.95 19 0.4 1 0.8
1.02540596175057 20.3263806416196 "experimento_72" 72 10000 1000 0.95 19 0.4 1 0.8
1.01706446322465 17.2661197432756 "experimento_72" 72 10000 1000 0.95 19 0.4 1 0.8
1.00192378943342 20.5335380809199 "experimento_72" 72 10000 1000 0.95 19 0.4 1 0.8
1.02034431945925 20.3715193815414 "experimento_72" 72 10000 1000 0.95 19 0.4 1 0.8
0.992294118041173 18.701123983749 "experimento_72" 72 10000 1000 0.95 19 0.4 1 0.8
0.993880245136097 21.0555662227707 "experimento_72" 72 10000 1000 0.95 19 0.4 1 0.8
0.982601201394573 17.5471586285465 "experimento_72" 72 10000 1000 0.95 19 0.4 1 0.8
1.0075188608546 19.3455408242778 "experimento_72" 72 10000 1000 0.95 19 0.4 1 0.8
0.985171295935288 18.990382087679 "experimento_72" 72 10000 1000 0.95 19 0.4 1 0.8
0.98802015511319 18.7119259389179 "experimento_72" 72 10000 1000 0.95 19 0.4 1 0.8
0.991715583950281 19.0773476019364 "experimento_72" 72 10000 1000 0.95 19 0.4 1 0.8
0.986981136957183 18.4219926009152 "experimento_72" 72 10000 1000 0.95 19 0.4 1 0.8
0.986152181634679 19.2311240040798 "experimento_72" 72 10000 1000 0.95 19 0.4 1 0.8
0.986101661808789 19.8252644841951 "experimento_72" 72 10000 1000 0.95 19 0.4 1 0.8
0.986717005493119 19.4818919385642 "experimento_72" 72 10000 1000 0.95 19 0.4 1 0.8
0.991202851524577 19.3533756689502 "experimento_72" 72 10000 1000 0.95 19 0.4 1 0.8
0.99892348702997 19.8657013008924 "experimento_72" 72 10000 1000 0.95 19 0.4 1 0.8
0.988221689593047 18.9998753056411 "experimento_72" 72 10000 1000 0.95 19 0.4 1 0.8
0.990425910102203 18.7152919018344 "experimento_72" 72 10000 1000 0.95 19 0.4 1 0.8
0.986481610219926 20.1038485920443 "experimento_72" 72 10000 1000 0.95 19 0.4 1 0.8
0.985908378614113 18.1324937027179 "experimento_72" 72 10000 1000 0.95 19 0.4 1 0.8
0.990917473332956 20.2805813368326 "experimento_72" 72 10000 1000 0.95 19 0.4 1 0.8
0.991856855573133 19.0607326148328 "experimento_72" 72 10000 1000 0.95 19 0.4 1 0.8
0.993521930649877 18.9634323568006 "experimento_72" 72 10000 1000 0.95 19 0.4 1 0.8
0.985952137270942 18.2586522116656 "experimento_72" 72 10000 1000 0.95 19 0.4 1 0.8
0.980075361439958 17.9756829039429 "experimento_72" 72 10000 1000 0.95 19 0.4 1 0.8
0.985729677136987 18.7689512891478 "experimento_72" 72 10000 1000 0.95 19 0.4 1 0.8
0.996118108043447 19.6898499545231 "experimento_72" 72 10000 1000 0.95 19 0.4 1 0.8
0.987272439524531 18.8957917243774 "experimento_72" 72 10000 1000 0.95 19 0.4 1 0.8
1.02412495867178 21.1931627551773 "experimento_72" 72 10000 1000 0.95 19 0.4 1 0.8
1.0253907410722 18.2052889391419 "experimento_72" 72 10000 1000 0.95 19 0.4 1 0.8
1.04366928971539 20.3007753269182 "experimento_72" 72 10000 1000 0.95 19 0.4 1 0.8
0.985910908319056 18.0850013097056 "experimento_72" 72 10000 1000 0.95 19 0.4 1 0.8
0.99457734497264 18.0015888246977 "experimento_72" 72 10000 1000 0.95 19 0.4 1 0.8
0.990798978833482 19.5827271863552 "experimento_72" 72 10000 1000 0.95 19 0.4 1 0.8
0.987706871237606 18.3846992975125 "experimento_72" 72 10000 1000 0.95 19 0.4 1 0.8
0.990580957382917 19.5307370464426 "experimento_72" 72 10000 1000 0.95 19 0.4 1 0.8
0.994079157477245 19.6499772767819 "experimento_72" 72 10000 1000 0.95 19 0.4 1 0.8
0.98978199949488 18.9742945913559 "experimento_72" 72 10000 1000 0.95 19 0.4 1 0.8
0.978743162704632 18.1366872743869 "experimento_72" 72 10000 1000 0.95 19 0.4 1 0.8
0.994004632346332 19.1234409558474 "experimento_72" 72 10000 1000 0.95 19 0.4 1 0.8
1.00617767612828 20.8239946684715 "experimento_72" 72 10000 1000 0.95 19 0.4 1 0.8
0.997045592870563 20.6512468185931 "experimento_72" 72 10000 1000 0.95 19 0.4 1 0.8
0.974553690059111 17.5834233954904 "experimento_72" 72 10000 1000 0.95 19 0.4 1 0.8
0.987547352910042 19.0596137868976 "experimento_72" 72 10000 1000 0.95 19 0.4 1 0.8
0.983050481416285 18.335759553263 "experimento_72" 72 10000 1000 0.95 19 0.4 1 0.8
1.00277678928289 19.6143388670941 "experimento_72" 72 10000 1000 0.95 19 0.4 1 0.8
0.997075654333457 19.742581508132 "experimento_72" 72 10000 1000 0.95 19 0.4 1 0.8
0.987807004246861 19.3323964781484 "experimento_72" 72 10000 1000 0.95 19 0.4 1 0.8
0.981353858020157 19.5877871407618 "experimento_72" 72 10000 1000 0.95 19 0.4 1 0.8
0.998509216587991 20.1279122246383 "experimento_72" 72 10000 1000 0.95 19 0.4 1 0.8
0.985986379906535 19.3461629952805 "experimento_72" 72 10000 1000 0.95 19 0.4 1 0.8
0.995548545150086 19.086970678454 "experimento_72" 72 10000 1000 0.95 19 0.4 1 0.8
0.990005269180983 18.485730431098 "experimento_72" 72 10000 1000 0.95 19 0.4 1 0.8
0.997589722275734 19.0496395224862 "experimento_72" 72 10000 1000 0.95 19 0.4 1 0.8
0.989200139883906 19.8346959745721 "experimento_72" 72 10000 1000 0.95 19 0.4 1 0.8
0.98950478900224 18.6053064279715 "experimento_72" 72 10000 1000 0.95 19 0.4 1 0.8
1.00986732681789 18.480827577718 "experimento_72" 72 10000 1000 0.95 19 0.4 1 0.8
0.992247908841819 19.0791628012188 "experimento_72" 72 10000 1000 0.95 19 0.4 1 0.8
0.990277430973947 18.052505281787 "experimento_72" 72 10000 1000 0.95 19 0.4 1 0.8
0.981077434960753 17.8892157626188 "experimento_72" 72 10000 1000 0.95 19 0.4 1 0.8
0.989906524773687 20.6433727296044 "experimento_72" 72 10000 1000 0.95 19 0.4 1 0.8
0.982874967856333 18.4338832580196 "experimento_72" 72 10000 1000 0.95 19 0.4 1 0.8
0.996664404403418 18.7112537504466 "experimento_72" 72 10000 1000 0.95 19 0.4 1 0.8
0.984111367492005 18.2349861440678 "experimento_72" 72 10000 1000 0.95 19 0.4 1 0.8
1.03348577809275 21.0024408637316 "experimento_72" 72 10000 1000 0.95 19 0.4 1 0.8
0.986604359932244 18.9198292303321 "experimento_72" 72 10000 1000 0.95 19 0.4 1 0.8
1.02119630699837 20.2046811862171 "experimento_72" 72 10000 1000 0.95 19 0.4 1 0.8
1.01438677382018 20.4604045008463 "experimento_72" 72 10000 1000 0.95 19 0.4 1 0.8
0.989786603022367 17.7470122579296 "experimento_72" 72 10000 1000 0.95 19 0.4 1 0.8
0.97993981000036 16.922051798878 "experimento_72" 72 10000 1000 0.95 19 0.4 1 0.8
0.984101227717474 19.2224056513734 "experimento_72" 72 10000 1000 0.95 19 0.4 1 0.8
0.995380288222805 20.2212643767199 "experimento_72" 72 10000 1000 0.95 19 0.4 1 0.8
1.01717557149544 19.8704303760229 "experimento_72" 72 10000 1000 0.95 19 0.4 1 0.8
1.00967342302153 18.1435392365428 "experimento_72" 72 10000 1000 0.95 19 0.4 1 0.8
0.993502028984949 19.1291861369412 "experimento_72" 72 10000 1000 0.95 19 0.4 1 0.8
0.993620330700651 20.1579330517201 "experimento_72" 72 10000 1000 0.95 19 0.4 1 0.8
0.990863004466519 18.3059765304959 "experimento_72" 72 10000 1000 0.95 19 0.4 1 0.8
0.978258908493444 17.2734571149607 "experimento_72" 72 10000 1000 0.95 19 0.4 1 0.8
0.994058002717793 18.1932072104222 "experimento_72" 72 10000 1000 0.95 19 0.4 1 0.8
0.999841576209292 19.5431539328958 "experimento_72" 72 10000 1000 0.95 19 0.4 1 0.8
1.00553851680196 19.7016826154665 "experimento_72" 72 10000 1000 0.95 19 0.4 1 0.8
0.999086585594341 19.8320629196824 "experimento_72" 72 10000 1000 0.95 19 0.4 1 0.8
0.993604524061084 19.9180161684798 "experimento_72" 72 10000 1000 0.95 19 0.4 1 0.8
1.02800799406281 18.2607363321428 "experimento_72" 72 10000 1000 0.95 19 0.4 1 0.8
1.00094332352379 18.1769595076278 "experimento_72" 72 10000 1000 0.95 19 0.4 1 0.8
0.983191126724705 18.9563469713768 "experimento_72" 72 10000 1000 0.95 19 0.4 1 0.8
1.03036164666379 20.8090733660132 "experimento_72" 72 10000 1000 0.95 19 0.4 1 0.8
1.03277729061971 23.054810587361 "experimento_72" 72 10000 1000 0.95 19 0.4 1 0.8
0.998179877409711 19.1883768507425 "experimento_72" 72 10000 1000 0.95 19 0.4 1 0.8
0.988684192067012 19.0105606372811 "experimento_72" 72 10000 1000 0.95 19 0.4 1 0.8
0.985730494605377 17.9460695155894 "experimento_72" 72 10000 1000 0.95 19 0.4 1 0.8
0.985458098351955 18.4817625097259 "experimento_72" 72 10000 1000 0.95 19 0.4 1 0.8
0.999446232104674 19.9071933512426 "experimento_72" 72 10000 1000 0.95 19 0.4 1 0.8
0.99139902042225 17.3741908092151 "experimento_72" 72 10000 1000 0.95 19 0.4 1 0.8
1.03646149478951 17.8247834710413 "experimento_72" 72 10000 1000 0.95 19 0.4 1 0.8
0.984866986051202 18.1126131555521 "experimento_72" 72 10000 1000 0.95 19 0.4 1 0.8
0.988155132858083 16.8339574775388 "experimento_72" 72 10000 1000 0.95 19 0.4 1 0.8
0.992141521535814 19.4297450264628 "experimento_72" 72 10000 1000 0.95 19 0.4 1 0.8
0.995007189223543 19.9741729942721 "experimento_72" 72 10000 1000 0.95 19 0.4 1 0.8
0.986344171687961 18.4309019708923 "experimento_72" 72 10000 1000 0.95 19 0.4 1 0.8
0.990765003254637 19.0823965548213 "experimento_72" 72 10000 1000 0.95 19 0.4 1 0.8
0.987933381693438 20.1867489224014 "experimento_72" 72 10000 1000 0.95 19 0.4 1 0.8
0.99231195403263 16.9844019960116 "experimento_72" 72 10000 1000 0.95 19 0.4 1 0.8
1.01699621899446 20.105827975061 "experimento_72" 72 10000 1000 0.95 19 0.4 1 0.8
0.989357615821064 19.1543864109578 "experimento_72" 72 10000 1000 0.95 19 0.4 1 0.8
1.02977908012996 18.5191632515399 "experimento_72" 72 10000 1000 0.95 19 0.4 1 0.8
0.977019483922049 18.3105619580906 "experimento_72" 72 10000 1000 0.95 19 0.4 1 0.8
0.984000709140673 18.8588034782137 "experimento_72" 72 10000 1000 0.95 19 0.4 1 0.8
0.991165298735723 18.3648348718919 "experimento_72" 72 10000 1000 0.95 19 0.4 1 0.8
1.01988102723599 19.059045723385 "experimento_72" 72 10000 1000 0.95 19 0.4 1 0.8
0.98736148327589 19.0970338643384 "experimento_72" 72 10000 1000 0.95 19 0.4 1 0.8
0.991541958646849 18.5558432231233 "experimento_72" 72 10000 1000 0.95 19 0.4 1 0.8
0.989957648329437 19.8371365879493 "experimento_72" 72 10000 1000 0.95 19 0.4 1 0.8
0.990908671403304 18.9908100590334 "experimento_72" 72 10000 1000 0.95 19 0.4 1 0.8
0.996497329324484 18.4929334156165 "experimento_72" 72 10000 1000 0.95 19 0.4 1 0.8
0.976946176029742 17.7118100706733 "experimento_72" 72 10000 1000 0.95 19 0.4 1 0.8
0.985655216732994 17.8783766917552 "experimento_72" 72 10000 1000 0.95 19 0.4 1 0.8
0.98671571421437 18.8824728357824 "experimento_72" 72 10000 1000 0.95 19 0.4 1 0.8
1.00472213090152 18.8739083740382 "experimento_72" 72 10000 1000 0.95 19 0.4 1 0.8
0.997204568935558 18.2520539473522 "experimento_72" 72 10000 1000 0.95 19 0.4 1 0.8
0.998527794377878 19.8811421157644 "experimento_72" 72 10000 1000 0.95 19 0.4 1 0.8
0.99892130936496 20.4850915796606 "experimento_72" 72 10000 1000 0.95 19 0.4 1 0.8
0.996921919286251 19.1569942325535 "experimento_72" 72 10000 1000 0.95 19 0.4 1 0.8
0.991644863504916 18.581527051489 "experimento_72" 72 10000 1000 0.95 19 0.4 1 0.8
0.991782950470224 19.0064276195256 "experimento_72" 72 10000 1000 0.95 19 0.4 1 0.8
0.979788599070162 19.2199798677086 "experimento_72" 72 10000 1000 0.95 19 0.4 1 0.8
0.987258261069655 20.3248337760855 "experimento_72" 72 10000 1000 0.95 19 0.4 1 0.8
0.986213297583163 18.6592439617281 "experimento_72" 72 10000 1000 0.95 19 0.4 1 0.8
0.99029052327387 19.0208709562467 "experimento_72" 72 10000 1000 0.95 19 0.4 1 0.8
0.990769373252988 18.7969500835823 "experimento_72" 72 10000 1000 0.95 19 0.4 1 0.8
0.986031752312556 19.2819655303593 "experimento_72" 72 10000 1000 0.95 19 0.4 1 0.8
0.988340975483879 20.6332624097069 "experimento_72" 72 10000 1000 0.95 19 0.4 1 0.8
1.00971967002956 19.4816966375152 "experimento_72" 72 10000 1000 0.95 19 0.4 1 0.8
1.02775215833007 22.115875305034 "experimento_72" 72 10000 1000 0.95 19 0.4 1 0.8
0.994378018658608 18.1952495240671 "experimento_72" 72 10000 1000 0.95 19 0.4 1 0.8
0.984820947051048 19.026290880084 "experimento_72" 72 10000 1000 0.95 19 0.4 1 0.8
0.981543821748346 18.7907931014145 "experimento_72" 72 10000 1000 0.95 19 0.4 1 0.8
0.984431500080973 18.6760152776249 "experimento_72" 72 10000 1000 0.95 19 0.4 1 0.8
1.00299849086686 18.7074724744812 "experimento_72" 72 10000 1000 0.95 19 0.4 1 0.8
0.994129542959854 20.1204768759447 "experimento_72" 72 10000 1000 0.95 19 0.4 1 0.8
0.997693922370672 18.842434545979 "experimento_72" 72 10000 1000 0.95 19 0.4 1 0.8
1.00257574521789 19.6892056587062 "experimento_72" 72 10000 1000 0.95 19 0.4 1 0.8
0.995580093469471 17.6629880105662 "experimento_72" 72 10000 1000 0.95 19 0.4 1 0.8
1.00102208325417 21.2823222358432 "experimento_72" 72 10000 1000 0.95 19 0.4 1 0.8
0.987498245900497 18.2376151160754 "experimento_72" 72 10000 1000 0.95 19 0.4 1 0.8
1.0418639606529 21.5681999305133 "experimento_72" 72 10000 1000 0.95 19 0.4 1 0.8
0.988384484546259 18.7324783880402 "experimento_72" 72 10000 1000 0.95 19 0.4 1 0.8
0.995660722255707 19.4650351189226 "experimento_72" 72 10000 1000 0.95 19 0.4 1 0.8
1.0246181744641 19.3943122661732 "experimento_72" 72 10000 1000 0.95 19 0.4 1 0.8
0.997329756617546 17.8701510286082 "experimento_72" 72 10000 1000 0.95 19 0.4 1 0.8
1.02016784814431 20.5708317250463 "experimento_72" 72 10000 1000 0.95 19 0.4 1 0.8
1.04208194376133 19.9750271751974 "experimento_72" 72 10000 1000 0.95 19 0.4 1 0.8
0.986501725623384 18.9285030706488 "experimento_72" 72 10000 1000 0.95 19 0.4 1 0.8
0.978807049570605 18.8584739434061 "experimento_72" 72 10000 1000 0.95 19 0.4 1 0.8
0.988468363881111 18.3350797340358 "experimento_72" 72 10000 1000 0.95 19 0.4 1 0.8
1.03766915922328 19.1827710690983 "experimento_72" 72 10000 1000 0.95 19 0.4 1 0.8
0.989805010147393 19.4342085012896 "experimento_72" 72 10000 1000 0.95 19 0.4 1 0.8
0.991259515285492 17.9183498273372 "experimento_72" 72 10000 1000 0.95 19 0.4 1 0.8
0.989449076354504 18.3926184908237 "experimento_72" 72 10000 1000 0.95 19 0.4 1 0.8
