"est.u" "est.lamb" "name" "seed" "size" "replicates" "p_umbral" "exp_lambda" "alpha_pen" "n_pen" "c"
1.00045756744179 47.4011087848656 "experimento_51" 51 1500 1000 0.8 50 0.4 1 0.8
1.00002346865427 48.3994777095994 "experimento_51" 51 1500 1000 0.8 50 0.4 1 0.8
0.999507918721065 53.68951876842 "experimento_51" 51 1500 1000 0.8 50 0.4 1 0.8
1.00483603582791 44.6362648380343 "experimento_51" 51 1500 1000 0.8 50 0.4 1 0.8
1.00196674402052 45.278125861578 "experimento_51" 51 1500 1000 0.8 50 0.4 1 0.8
0.999639848945662 55.4566684740762 "experimento_51" 51 1500 1000 0.8 50 0.4 1 0.8
1.00003361683339 54.1756306495766 "experimento_51" 51 1500 1000 0.8 50 0.4 1 0.8
1.00304561197758 50.9779903245774 "experimento_51" 51 1500 1000 0.8 50 0.4 1 0.8
1.01335037237033 43.4323746520908 "experimento_51" 51 1500 1000 0.8 50 0.4 1 0.8
1.01518637724137 50.9803576190886 "experimento_51" 51 1500 1000 0.8 50 0.4 1 0.8
0.99959218967706 47.1097531939621 "experimento_51" 51 1500 1000 0.8 50 0.4 1 0.8
1.00000325604342 55.1899851019004 "experimento_51" 51 1500 1000 0.8 50 0.4 1 0.8
1.00030762842352 56.1697663957203 "experimento_51" 51 1500 1000 0.8 50 0.4 1 0.8
1.02272284328854 59.660343372231 "experimento_51" 51 1500 1000 0.8 50 0.4 1 0.8
1.00864923877642 51.3309609320895 "experimento_51" 51 1500 1000 0.8 50 0.4 1 0.8
1.01721290387129 43.4667065459347 "experimento_51" 51 1500 1000 0.8 50 0.4 1 0.8
0.999751356896013 46.1356151792374 "experimento_51" 51 1500 1000 0.8 50 0.4 1 0.8
1.00002983225217 50.8726581560666 "experimento_51" 51 1500 1000 0.8 50 0.4 1 0.8
1.00001829198191 52.3308059629842 "experimento_51" 51 1500 1000 0.8 50 0.4 1 0.8
1.00301222378388 52.8621604124485 "experimento_51" 51 1500 1000 0.8 50 0.4 1 0.8
0.999746707966551 53.6870877726722 "experimento_51" 51 1500 1000 0.8 50 0.4 1 0.8
1.00472769788466 48.4918697243906 "experimento_51" 51 1500 1000 0.8 50 0.4 1 0.8
1.00258455324918 46.4018645609388 "experimento_51" 51 1500 1000 0.8 50 0.4 1 0.8
1.00734837168828 47.9055561862443 "experimento_51" 51 1500 1000 0.8 50 0.4 1 0.8
0.99933226685971 50.530769538769 "experimento_51" 51 1500 1000 0.8 50 0.4 1 0.8
1.00324563097209 53.6228913760493 "experimento_51" 51 1500 1000 0.8 50 0.4 1 0.8
0.999415742466226 49.4962411986234 "experimento_51" 51 1500 1000 0.8 50 0.4 1 0.8
0.999685339396819 47.2916949206044 "experimento_51" 51 1500 1000 0.8 50 0.4 1 0.8
1.00029603744903 47.782609824011 "experimento_51" 51 1500 1000 0.8 50 0.4 1 0.8
1.00015888016855 50.0357341103278 "experimento_51" 51 1500 1000 0.8 50 0.4 1 0.8
1.00008656885475 50.9205663906996 "experimento_51" 51 1500 1000 0.8 50 0.4 1 0.8
1.03617071918975 44.539382204771 "experimento_51" 51 1500 1000 0.8 50 0.4 1 0.8
1.00657274863063 50.6132366963052 "experimento_51" 51 1500 1000 0.8 50 0.4 1 0.8
1.00281077069312 47.3302790481743 "experimento_51" 51 1500 1000 0.8 50 0.4 1 0.8
1.00008057741593 51.1933252493162 "experimento_51" 51 1500 1000 0.8 50 0.4 1 0.8
0.999412858858705 49.3605951221745 "experimento_51" 51 1500 1000 0.8 50 0.4 1 0.8
1.00765102761454 40.6119840926489 "experimento_51" 51 1500 1000 0.8 50 0.4 1 0.8
1.00321662384085 53.476166311046 "experimento_51" 51 1500 1000 0.8 50 0.4 1 0.8
1.00295789277181 46.4197982638748 "experimento_51" 51 1500 1000 0.8 50 0.4 1 0.8
1.00050053260289 50.9331403492746 "experimento_51" 51 1500 1000 0.8 50 0.4 1 0.8
1.00003230183385 53.2049708309222 "experimento_51" 51 1500 1000 0.8 50 0.4 1 0.8
1.01518848141571 58.0959763500343 "experimento_51" 51 1500 1000 0.8 50 0.4 1 0.8
1.00185817248188 52.2877135704591 "experimento_51" 51 1500 1000 0.8 50 0.4 1 0.8
1.00745999190956 49.0691725202332 "experimento_51" 51 1500 1000 0.8 50 0.4 1 0.8
1.00001087242737 52.7280800027429 "experimento_51" 51 1500 1000 0.8 50 0.4 1 0.8
1.00007201210596 50.4131847571747 "experimento_51" 51 1500 1000 0.8 50 0.4 1 0.8
1.00051518015353 52.4887328806652 "experimento_51" 51 1500 1000 0.8 50 0.4 1 0.8
1.00311409508809 44.6143424487153 "experimento_51" 51 1500 1000 0.8 50 0.4 1 0.8
0.999936686828732 52.629801685793 "experimento_51" 51 1500 1000 0.8 50 0.4 1 0.8
1.00126173198326 48.4990743011107 "experimento_51" 51 1500 1000 0.8 50 0.4 1 0.8
1.01244869915769 48.7252918080144 "experimento_51" 51 1500 1000 0.8 50 0.4 1 0.8
0.99974933732301 44.6031865120491 "experimento_51" 51 1500 1000 0.8 50 0.4 1 0.8
1.00305493817997 45.5304357374943 "experimento_51" 51 1500 1000 0.8 50 0.4 1 0.8
1.00090329368599 49.6217844989916 "experimento_51" 51 1500 1000 0.8 50 0.4 1 0.8
1.00001822520047 54.7338043840137 "experimento_51" 51 1500 1000 0.8 50 0.4 1 0.8
1.02954591492686 59.7534683103842 "experimento_51" 51 1500 1000 0.8 50 0.4 1 0.8
1.00013657822274 51.9910846475488 "experimento_51" 51 1500 1000 0.8 50 0.4 1 0.8
1.00905976426788 55.1341966372345 "experimento_51" 51 1500 1000 0.8 50 0.4 1 0.8
1.00323356779292 52.5236326175296 "experimento_51" 51 1500 1000 0.8 50 0.4 1 0.8
1.00568068947643 55.9421765494319 "experimento_51" 51 1500 1000 0.8 50 0.4 1 0.8
1.00059703980306 53.2917444151288 "experimento_51" 51 1500 1000 0.8 50 0.4 1 0.8
0.999809022760019 44.9221251492534 "experimento_51" 51 1500 1000 0.8 50 0.4 1 0.8
1.00008272874168 43.9337542846992 "experimento_51" 51 1500 1000 0.8 50 0.4 1 0.8
0.999728417489678 49.7379255935574 "experimento_51" 51 1500 1000 0.8 50 0.4 1 0.8
1.00579212315381 51.4016778013371 "experimento_51" 51 1500 1000 0.8 50 0.4 1 0.8
1.00856513416395 49.3001270819948 "experimento_51" 51 1500 1000 0.8 50 0.4 1 0.8
0.999692105222493 44.0690250089949 "experimento_51" 51 1500 1000 0.8 50 0.4 1 0.8
1.01839618140748 54.5359213132771 "experimento_51" 51 1500 1000 0.8 50 0.4 1 0.8
0.999684485141188 45.6571281446528 "experimento_51" 51 1500 1000 0.8 50 0.4 1 0.8
0.999509708723053 49.6310634172111 "experimento_51" 51 1500 1000 0.8 50 0.4 1 0.8
1.00304901089519 55.0159527770832 "experimento_51" 51 1500 1000 0.8 50 0.4 1 0.8
0.999658470507711 49.7091620014722 "experimento_51" 51 1500 1000 0.8 50 0.4 1 0.8
1.00228682898923 53.9797319847504 "experimento_51" 51 1500 1000 0.8 50 0.4 1 0.8
0.999715455342084 50.4845201472324 "experimento_51" 51 1500 1000 0.8 50 0.4 1 0.8
1.01446299399729 54.0574080757045 "experimento_51" 51 1500 1000 0.8 50 0.4 1 0.8
1.00002431168259 49.2483711570652 "experimento_51" 51 1500 1000 0.8 50 0.4 1 0.8
1.00849493515678 44.8353758349688 "experimento_51" 51 1500 1000 0.8 50 0.4 1 0.8
1.00014951951802 55.4805757977293 "experimento_51" 51 1500 1000 0.8 50 0.4 1 0.8
1.01549811249661 62.1391140201679 "experimento_51" 51 1500 1000 0.8 50 0.4 1 0.8
1.00005470625125 50.8720354684872 "experimento_51" 51 1500 1000 0.8 50 0.4 1 0.8
1.00008303183131 53.7804667797785 "experimento_51" 51 1500 1000 0.8 50 0.4 1 0.8
1.00893499546684 43.0294448596099 "experimento_51" 51 1500 1000 0.8 50 0.4 1 0.8
0.999957282328978 49.7770112973398 "experimento_51" 51 1500 1000 0.8 50 0.4 1 0.8
1.02935785047542 55.5304362909831 "experimento_51" 51 1500 1000 0.8 50 0.4 1 0.8
1.00010241000768 47.2430112342724 "experimento_51" 51 1500 1000 0.8 50 0.4 1 0.8
1.00022275798023 48.6740731132973 "experimento_51" 51 1500 1000 0.8 50 0.4 1 0.8
1.00033021890558 50.2034669466887 "experimento_51" 51 1500 1000 0.8 50 0.4 1 0.8
0.999707770999521 52.7451830434883 "experimento_51" 51 1500 1000 0.8 50 0.4 1 0.8
1.00856436160393 57.594114081622 "experimento_51" 51 1500 1000 0.8 50 0.4 1 0.8
1.00494355508126 42.5342097043729 "experimento_51" 51 1500 1000 0.8 50 0.4 1 0.8
1.00063684590161 48.1578731170384 "experimento_51" 51 1500 1000 0.8 50 0.4 1 0.8
1.00009493735616 50.7524452767583 "experimento_51" 51 1500 1000 0.8 50 0.4 1 0.8
0.999048974597827 47.7776915252432 "experimento_51" 51 1500 1000 0.8 50 0.4 1 0.8
1.00328494788825 52.3905348215058 "experimento_51" 51 1500 1000 0.8 50 0.4 1 0.8
1.00573758477345 45.0621534520199 "experimento_51" 51 1500 1000 0.8 50 0.4 1 0.8
0.999535435345024 56.0805703890406 "experimento_51" 51 1500 1000 0.8 50 0.4 1 0.8
1.00042505636811 53.7793853611693 "experimento_51" 51 1500 1000 0.8 50 0.4 1 0.8
1.01771094974128 50.9116559285941 "experimento_51" 51 1500 1000 0.8 50 0.4 1 0.8
1.00088705615381 51.5616205276249 "experimento_51" 51 1500 1000 0.8 50 0.4 1 0.8
1.00221031732857 52.9253975333593 "experimento_51" 51 1500 1000 0.8 50 0.4 1 0.8
0.99877074174583 43.732728410057 "experimento_51" 51 1500 1000 0.8 50 0.4 1 0.8
1.01034194345586 48.7833040145175 "experimento_51" 51 1500 1000 0.8 50 0.4 1 0.8
1.00325300795554 44.7761858458765 "experimento_51" 51 1500 1000 0.8 50 0.4 1 0.8
0.999906127806753 50.4355933822394 "experimento_51" 51 1500 1000 0.8 50 0.4 1 0.8
1.00074316622782 44.8328540108656 "experimento_51" 51 1500 1000 0.8 50 0.4 1 0.8
0.999782546423376 52.1431369408558 "experimento_51" 51 1500 1000 0.8 50 0.4 1 0.8
0.999561910983175 48.1107061426021 "experimento_51" 51 1500 1000 0.8 50 0.4 1 0.8
1.0128079081513 60.10972004132 "experimento_51" 51 1500 1000 0.8 50 0.4 1 0.8
1.0000566175643 48.1709535466952 "experimento_51" 51 1500 1000 0.8 50 0.4 1 0.8
0.999075688887388 47.576445763717 "experimento_51" 51 1500 1000 0.8 50 0.4 1 0.8
1.00056338437833 50.1736798553973 "experimento_51" 51 1500 1000 0.8 50 0.4 1 0.8
1.00023267643605 47.2091103296001 "experimento_51" 51 1500 1000 0.8 50 0.4 1 0.8
0.999791572336107 50.2573765648461 "experimento_51" 51 1500 1000 0.8 50 0.4 1 0.8
1.00819711357355 41.6630506618533 "experimento_51" 51 1500 1000 0.8 50 0.4 1 0.8
0.999893525848165 48.6011309205007 "experimento_51" 51 1500 1000 0.8 50 0.4 1 0.8
0.999940693611279 54.2996632917433 "experimento_51" 51 1500 1000 0.8 50 0.4 1 0.8
1.00002741030417 50.6685484751016 "experimento_51" 51 1500 1000 0.8 50 0.4 1 0.8
1.00120992601849 51.7342269886373 "experimento_51" 51 1500 1000 0.8 50 0.4 1 0.8
1.00051985735911 47.9449951244866 "experimento_51" 51 1500 1000 0.8 50 0.4 1 0.8
1.00120440834202 50.9203281202798 "experimento_51" 51 1500 1000 0.8 50 0.4 1 0.8
1.00003153024814 49.5275222540721 "experimento_51" 51 1500 1000 0.8 50 0.4 1 0.8
1.0123067227006 54.9505919756197 "experimento_51" 51 1500 1000 0.8 50 0.4 1 0.8
1.00089390887879 47.1285381442526 "experimento_51" 51 1500 1000 0.8 50 0.4 1 0.8
1.01928831412393 59.4002700564008 "experimento_51" 51 1500 1000 0.8 50 0.4 1 0.8
1.00388130792417 44.1732301239598 "experimento_51" 51 1500 1000 0.8 50 0.4 1 0.8
1.00013913400471 52.8179194199801 "experimento_51" 51 1500 1000 0.8 50 0.4 1 0.8
1.00334011235274 51.7708363630962 "experimento_51" 51 1500 1000 0.8 50 0.4 1 0.8
1.00004317160731 48.9046245493763 "experimento_51" 51 1500 1000 0.8 50 0.4 1 0.8
1.01147571766749 55.0629575748856 "experimento_51" 51 1500 1000 0.8 50 0.4 1 0.8
1.00472254697233 45.6628315723041 "experimento_51" 51 1500 1000 0.8 50 0.4 1 0.8
1.00250938303993 45.3928720006511 "experimento_51" 51 1500 1000 0.8 50 0.4 1 0.8
1.00020696751773 47.0702245661862 "experimento_51" 51 1500 1000 0.8 50 0.4 1 0.8
0.999251194531098 52.3472057482554 "experimento_51" 51 1500 1000 0.8 50 0.4 1 0.8
1.00669097345322 54.2465885420635 "experimento_51" 51 1500 1000 0.8 50 0.4 1 0.8
1.00798730192706 55.8948653035578 "experimento_51" 51 1500 1000 0.8 50 0.4 1 0.8
1.00001001646742 50.7212854775655 "experimento_51" 51 1500 1000 0.8 50 0.4 1 0.8
1.01617865748184 56.9572380745999 "experimento_51" 51 1500 1000 0.8 50 0.4 1 0.8
0.999902048381045 52.4923970715672 "experimento_51" 51 1500 1000 0.8 50 0.4 1 0.8
1.00008913205005 46.9630452489856 "experimento_51" 51 1500 1000 0.8 50 0.4 1 0.8
1.00031573713757 48.9668332893176 "experimento_51" 51 1500 1000 0.8 50 0.4 1 0.8
1.01340972611681 45.211475174068 "experimento_51" 51 1500 1000 0.8 50 0.4 1 0.8
1.02068054696461 65.8364981226364 "experimento_51" 51 1500 1000 0.8 50 0.4 1 0.8
1.00207603030394 57.1892696506518 "experimento_51" 51 1500 1000 0.8 50 0.4 1 0.8
1.00006472645327 51.5627995607871 "experimento_51" 51 1500 1000 0.8 50 0.4 1 0.8
0.999853944405913 54.2247019013589 "experimento_51" 51 1500 1000 0.8 50 0.4 1 0.8
1.00010414717719 50.3797128694824 "experimento_51" 51 1500 1000 0.8 50 0.4 1 0.8
1.00005197209687 52.6843478803962 "experimento_51" 51 1500 1000 0.8 50 0.4 1 0.8
1.01478177502923 56.9077833292955 "experimento_51" 51 1500 1000 0.8 50 0.4 1 0.8
1.00017077871875 45.730572489841 "experimento_51" 51 1500 1000 0.8 50 0.4 1 0.8
1.0004970176518 52.5529666073818 "experimento_51" 51 1500 1000 0.8 50 0.4 1 0.8
0.999600497772917 50.3265276213063 "experimento_51" 51 1500 1000 0.8 50 0.4 1 0.8
1.00934493279004 52.0798416336155 "experimento_51" 51 1500 1000 0.8 50 0.4 1 0.8
1.00273171005771 53.4400230394614 "experimento_51" 51 1500 1000 0.8 50 0.4 1 0.8
1.00107044129361 52.6333114091268 "experimento_51" 51 1500 1000 0.8 50 0.4 1 0.8
1.00029093266763 48.7131469591858 "experimento_51" 51 1500 1000 0.8 50 0.4 1 0.8
1.00001467604035 49.7954826826033 "experimento_51" 51 1500 1000 0.8 50 0.4 1 0.8
1.00308235011805 49.7858516973752 "experimento_51" 51 1500 1000 0.8 50 0.4 1 0.8
1.00047631924972 52.2787594596341 "experimento_51" 51 1500 1000 0.8 50 0.4 1 0.8
0.999127612682059 48.2988928191377 "experimento_51" 51 1500 1000 0.8 50 0.4 1 0.8
1.00159757354196 46.730362553221 "experimento_51" 51 1500 1000 0.8 50 0.4 1 0.8
1.01924286596393 41.9907472156506 "experimento_51" 51 1500 1000 0.8 50 0.4 1 0.8
1.00293846814893 47.0973241125399 "experimento_51" 51 1500 1000 0.8 50 0.4 1 0.8
0.999666285701096 52.3034854824692 "experimento_51" 51 1500 1000 0.8 50 0.4 1 0.8
1.00001013374887 50.6198440111641 "experimento_51" 51 1500 1000 0.8 50 0.4 1 0.8
1.00007575972937 45.9251760010141 "experimento_51" 51 1500 1000 0.8 50 0.4 1 0.8
1.00010315692984 50.3832803740712 "experimento_51" 51 1500 1000 0.8 50 0.4 1 0.8
1.00005592935719 47.8448209718888 "experimento_51" 51 1500 1000 0.8 50 0.4 1 0.8
1.00077403269708 52.185228851472 "experimento_51" 51 1500 1000 0.8 50 0.4 1 0.8
0.999329198617488 49.3260586519581 "experimento_51" 51 1500 1000 0.8 50 0.4 1 0.8
1.00132584265959 49.3369460956092 "experimento_51" 51 1500 1000 0.8 50 0.4 1 0.8
1.00110963456409 54.4826712000068 "experimento_51" 51 1500 1000 0.8 50 0.4 1 0.8
0.999351436272264 49.5329344865919 "experimento_51" 51 1500 1000 0.8 50 0.4 1 0.8
1.00004501118325 47.9126024995056 "experimento_51" 51 1500 1000 0.8 50 0.4 1 0.8
1.00054395606072 51.5978770579426 "experimento_51" 51 1500 1000 0.8 50 0.4 1 0.8
1.00113144625314 45.1755912650339 "experimento_51" 51 1500 1000 0.8 50 0.4 1 0.8
1.00353181775659 45.7564842412588 "experimento_51" 51 1500 1000 0.8 50 0.4 1 0.8
0.999590871157125 50.1830673466363 "experimento_51" 51 1500 1000 0.8 50 0.4 1 0.8
1.00038791199215 53.2904860655062 "experimento_51" 51 1500 1000 0.8 50 0.4 1 0.8
1.00004423827864 46.5940241974693 "experimento_51" 51 1500 1000 0.8 50 0.4 1 0.8
1.00911990737567 49.2499101644287 "experimento_51" 51 1500 1000 0.8 50 0.4 1 0.8
1.01152183358665 50.6909652784409 "experimento_51" 51 1500 1000 0.8 50 0.4 1 0.8
1.0027104202006 49.7821091274416 "experimento_51" 51 1500 1000 0.8 50 0.4 1 0.8
1.00353226362676 44.0336292089701 "experimento_51" 51 1500 1000 0.8 50 0.4 1 0.8
1.00029042209427 51.5419764984871 "experimento_51" 51 1500 1000 0.8 50 0.4 1 0.8
0.999825961655006 50.3448781253981 "experimento_51" 51 1500 1000 0.8 50 0.4 1 0.8
0.999430730706081 47.0067898486564 "experimento_51" 51 1500 1000 0.8 50 0.4 1 0.8
1.00895443892106 44.8116870695762 "experimento_51" 51 1500 1000 0.8 50 0.4 1 0.8
1.00073311215267 56.4074680661358 "experimento_51" 51 1500 1000 0.8 50 0.4 1 0.8
1.00072534344159 50.8078805576978 "experimento_51" 51 1500 1000 0.8 50 0.4 1 0.8
0.999751672148705 51.1027867328469 "experimento_51" 51 1500 1000 0.8 50 0.4 1 0.8
1.00299754027932 47.3220073625324 "experimento_51" 51 1500 1000 0.8 50 0.4 1 0.8
1.00001007969878 51.3713356093411 "experimento_51" 51 1500 1000 0.8 50 0.4 1 0.8
0.999781523598358 48.5037349089637 "experimento_51" 51 1500 1000 0.8 50 0.4 1 0.8
1.00584667666569 52.9915995950112 "experimento_51" 51 1500 1000 0.8 50 0.4 1 0.8
1.00001880020548 52.3368722359948 "experimento_51" 51 1500 1000 0.8 50 0.4 1 0.8
1.00714983996004 50.0961302732805 "experimento_51" 51 1500 1000 0.8 50 0.4 1 0.8
1.00268515906297 53.3916249602528 "experimento_51" 51 1500 1000 0.8 50 0.4 1 0.8
1.00005992176011 51.7273917630046 "experimento_51" 51 1500 1000 0.8 50 0.4 1 0.8
1.00017928560861 45.4279997895797 "experimento_51" 51 1500 1000 0.8 50 0.4 1 0.8
1.00002816609107 54.0345966482317 "experimento_51" 51 1500 1000 0.8 50 0.4 1 0.8
0.999394342070445 52.1801393815318 "experimento_51" 51 1500 1000 0.8 50 0.4 1 0.8
0.999619741691276 48.3075705530351 "experimento_51" 51 1500 1000 0.8 50 0.4 1 0.8
1.00001456577331 49.5404343718333 "experimento_51" 51 1500 1000 0.8 50 0.4 1 0.8
1.00221468671099 52.5974080666975 "experimento_51" 51 1500 1000 0.8 50 0.4 1 0.8
1.00177239010111 51.1848468662057 "experimento_51" 51 1500 1000 0.8 50 0.4 1 0.8
1.00011631035246 45.2488799994083 "experimento_51" 51 1500 1000 0.8 50 0.4 1 0.8
1.00177896806039 56.6425076005239 "experimento_51" 51 1500 1000 0.8 50 0.4 1 0.8
0.999632800230756 47.681879003448 "experimento_51" 51 1500 1000 0.8 50 0.4 1 0.8
1.01730043210005 42.4794845056959 "experimento_51" 51 1500 1000 0.8 50 0.4 1 0.8
1.00003425695002 48.8444756539936 "experimento_51" 51 1500 1000 0.8 50 0.4 1 0.8
1.00013486223736 52.3179214167159 "experimento_51" 51 1500 1000 0.8 50 0.4 1 0.8
1.00674588021062 51.7802171519739 "experimento_51" 51 1500 1000 0.8 50 0.4 1 0.8
1.00060201323591 52.7114939282584 "experimento_51" 51 1500 1000 0.8 50 0.4 1 0.8
1.00046333059053 47.1244519892989 "experimento_51" 51 1500 1000 0.8 50 0.4 1 0.8
1.01343405418098 51.2504084793297 "experimento_51" 51 1500 1000 0.8 50 0.4 1 0.8
1.00004134214483 49.865404139887 "experimento_51" 51 1500 1000 0.8 50 0.4 1 0.8
1.00069022131152 50.2999054093321 "experimento_51" 51 1500 1000 0.8 50 0.4 1 0.8
1.00053334950469 51.3353797061527 "experimento_51" 51 1500 1000 0.8 50 0.4 1 0.8
1.00547139703296 46.8327960265557 "experimento_51" 51 1500 1000 0.8 50 0.4 1 0.8
1.01600534222533 58.4646894704744 "experimento_51" 51 1500 1000 0.8 50 0.4 1 0.8
1.00019255388617 48.2607991958539 "experimento_51" 51 1500 1000 0.8 50 0.4 1 0.8
1.00038358395919 57.8123572147377 "experimento_51" 51 1500 1000 0.8 50 0.4 1 0.8
1.0011717803638 52.6816063518584 "experimento_51" 51 1500 1000 0.8 50 0.4 1 0.8
1.00046901192516 45.6634551793975 "experimento_51" 51 1500 1000 0.8 50 0.4 1 0.8
0.999752239324152 46.1297312589429 "experimento_51" 51 1500 1000 0.8 50 0.4 1 0.8
1.00132839275699 49.2137145747023 "experimento_51" 51 1500 1000 0.8 50 0.4 1 0.8
1.00089922395702 49.8215369867108 "experimento_51" 51 1500 1000 0.8 50 0.4 1 0.8
1.02747164612552 38.0403899023492 "experimento_51" 51 1500 1000 0.8 50 0.4 1 0.8
1.00000404831953 49.4091234342254 "experimento_51" 51 1500 1000 0.8 50 0.4 1 0.8
1.00135416333587 49.7528668868281 "experimento_51" 51 1500 1000 0.8 50 0.4 1 0.8
0.999734871089458 47.8205071519605 "experimento_51" 51 1500 1000 0.8 50 0.4 1 0.8
1.00032098664144 49.8478331447994 "experimento_51" 51 1500 1000 0.8 50 0.4 1 0.8
0.99985690927133 46.8891036864723 "experimento_51" 51 1500 1000 0.8 50 0.4 1 0.8
1.00028798793443 57.8679494868196 "experimento_51" 51 1500 1000 0.8 50 0.4 1 0.8
1.00121228233911 49.0757673997599 "experimento_51" 51 1500 1000 0.8 50 0.4 1 0.8
1.00036788106896 48.9638128140442 "experimento_51" 51 1500 1000 0.8 50 0.4 1 0.8
1.01471379114231 59.850056920088 "experimento_51" 51 1500 1000 0.8 50 0.4 1 0.8
1.00005021494328 48.7893752409981 "experimento_51" 51 1500 1000 0.8 50 0.4 1 0.8
1.00007980294526 45.9865356958936 "experimento_51" 51 1500 1000 0.8 50 0.4 1 0.8
1.00008529385765 53.9282332753382 "experimento_51" 51 1500 1000 0.8 50 0.4 1 0.8
1.00001787823625 47.1123113578931 "experimento_51" 51 1500 1000 0.8 50 0.4 1 0.8
1.0000227488344 55.1506648163536 "experimento_51" 51 1500 1000 0.8 50 0.4 1 0.8
0.999669651966542 48.710235157851 "experimento_51" 51 1500 1000 0.8 50 0.4 1 0.8
1.03164214312213 68.9915290806206 "experimento_51" 51 1500 1000 0.8 50 0.4 1 0.8
1.0008527480637 52.3761685188353 "experimento_51" 51 1500 1000 0.8 50 0.4 1 0.8
1.00004985148087 60.9619477394979 "experimento_51" 51 1500 1000 0.8 50 0.4 1 0.8
1.00009700261988 55.067890559766 "experimento_51" 51 1500 1000 0.8 50 0.4 1 0.8
1.00027633113787 55.0201049692477 "experimento_51" 51 1500 1000 0.8 50 0.4 1 0.8
1.01013443061282 45.0833695059907 "experimento_51" 51 1500 1000 0.8 50 0.4 1 0.8
1.00113502057269 52.7331064133917 "experimento_51" 51 1500 1000 0.8 50 0.4 1 0.8
1.01514977719551 53.0321206010757 "experimento_51" 51 1500 1000 0.8 50 0.4 1 0.8
1.00040984428488 52.790423036986 "experimento_51" 51 1500 1000 0.8 50 0.4 1 0.8
1.0000274165279 49.2069130162201 "experimento_51" 51 1500 1000 0.8 50 0.4 1 0.8
1.00027309845039 47.6113591253813 "experimento_51" 51 1500 1000 0.8 50 0.4 1 0.8
1.01328159569763 49.8305452436554 "experimento_51" 51 1500 1000 0.8 50 0.4 1 0.8
1.00078428904526 50.9905550582934 "experimento_51" 51 1500 1000 0.8 50 0.4 1 0.8
1.00005902567878 50.9137450352941 "experimento_51" 51 1500 1000 0.8 50 0.4 1 0.8
1.00003938992566 45.3120188676232 "experimento_51" 51 1500 1000 0.8 50 0.4 1 0.8
1.0001581733112 57.6986369824052 "experimento_51" 51 1500 1000 0.8 50 0.4 1 0.8
1.00004955953576 45.6015240163538 "experimento_51" 51 1500 1000 0.8 50 0.4 1 0.8
1.00014746345856 52.6815766544568 "experimento_51" 51 1500 1000 0.8 50 0.4 1 0.8
1.00034420610406 50.9780482149944 "experimento_51" 51 1500 1000 0.8 50 0.4 1 0.8
0.999354663072154 51.5160060488703 "experimento_51" 51 1500 1000 0.8 50 0.4 1 0.8
1.0012414478045 54.8422646366696 "experimento_51" 51 1500 1000 0.8 50 0.4 1 0.8
1.00115083155676 51.3145245190152 "experimento_51" 51 1500 1000 0.8 50 0.4 1 0.8
0.999504110775888 54.4112991218959 "experimento_51" 51 1500 1000 0.8 50 0.4 1 0.8
1.00095138493995 50.061059624442 "experimento_51" 51 1500 1000 0.8 50 0.4 1 0.8
1.01392349412416 46.6395973780797 "experimento_51" 51 1500 1000 0.8 50 0.4 1 0.8
1.00879723701626 48.4492255376012 "experimento_51" 51 1500 1000 0.8 50 0.4 1 0.8
0.999845123849809 47.6263497362549 "experimento_51" 51 1500 1000 0.8 50 0.4 1 0.8
1.00009809899144 52.6927881156021 "experimento_51" 51 1500 1000 0.8 50 0.4 1 0.8
1.01278315535747 54.8718475354192 "experimento_51" 51 1500 1000 0.8 50 0.4 1 0.8
1.00906350611709 51.6953463686086 "experimento_51" 51 1500 1000 0.8 50 0.4 1 0.8
1.00731367121451 52.3312089132474 "experimento_51" 51 1500 1000 0.8 50 0.4 1 0.8
1.02128683976745 37.2577352287896 "experimento_51" 51 1500 1000 0.8 50 0.4 1 0.8
1.00185129390098 47.0019933044786 "experimento_51" 51 1500 1000 0.8 50 0.4 1 0.8
1.0061389595007 50.8667305077554 "experimento_51" 51 1500 1000 0.8 50 0.4 1 0.8
1.00849447152265 55.932879177872 "experimento_51" 51 1500 1000 0.8 50 0.4 1 0.8
0.999665458220989 48.3255436611465 "experimento_51" 51 1500 1000 0.8 50 0.4 1 0.8
0.999218730255961 46.6989370306021 "experimento_51" 51 1500 1000 0.8 50 0.4 1 0.8
1.01311075562611 55.1067379748873 "experimento_51" 51 1500 1000 0.8 50 0.4 1 0.8
0.999974934617057 48.9065676638721 "experimento_51" 51 1500 1000 0.8 50 0.4 1 0.8
1.00182923134416 48.1665703953362 "experimento_51" 51 1500 1000 0.8 50 0.4 1 0.8
1.00004389371886 50.2520336524804 "experimento_51" 51 1500 1000 0.8 50 0.4 1 0.8
1.02371473967945 59.8758869121007 "experimento_51" 51 1500 1000 0.8 50 0.4 1 0.8
1.00034763710273 48.8127632559299 "experimento_51" 51 1500 1000 0.8 50 0.4 1 0.8
1.00357070675296 50.6904980688529 "experimento_51" 51 1500 1000 0.8 50 0.4 1 0.8
1.00648874758382 56.7800664804935 "experimento_51" 51 1500 1000 0.8 50 0.4 1 0.8
1.00035573512316 46.0417126427753 "experimento_51" 51 1500 1000 0.8 50 0.4 1 0.8
1.00111295086044 50.9467245669405 "experimento_51" 51 1500 1000 0.8 50 0.4 1 0.8
1.00000444588148 49.8327019684423 "experimento_51" 51 1500 1000 0.8 50 0.4 1 0.8
1.00000459643517 50.5910530267856 "experimento_51" 51 1500 1000 0.8 50 0.4 1 0.8
1.00335341930389 51.8751745913894 "experimento_51" 51 1500 1000 0.8 50 0.4 1 0.8
1.02754524538209 56.489563230009 "experimento_51" 51 1500 1000 0.8 50 0.4 1 0.8
1.00094673925079 51.872923078774 "experimento_51" 51 1500 1000 0.8 50 0.4 1 0.8
1.00053886110773 45.1946823680869 "experimento_51" 51 1500 1000 0.8 50 0.4 1 0.8
1.00000239879166 49.7826507562932 "experimento_51" 51 1500 1000 0.8 50 0.4 1 0.8
1.00852567003109 56.2432521283275 "experimento_51" 51 1500 1000 0.8 50 0.4 1 0.8
1.00298525646546 47.5717878138537 "experimento_51" 51 1500 1000 0.8 50 0.4 1 0.8
1.0002744014468 52.3110960491292 "experimento_51" 51 1500 1000 0.8 50 0.4 1 0.8
0.9993951395154 46.7100566088775 "experimento_51" 51 1500 1000 0.8 50 0.4 1 0.8
1.0005840510875 51.1900449807362 "experimento_51" 51 1500 1000 0.8 50 0.4 1 0.8
1.00004405672185 47.6965696074421 "experimento_51" 51 1500 1000 0.8 50 0.4 1 0.8
1.0003093638923 50.2268563937278 "experimento_51" 51 1500 1000 0.8 50 0.4 1 0.8
1.00072390167974 51.2896551574871 "experimento_51" 51 1500 1000 0.8 50 0.4 1 0.8
1.00009868660942 50.3950154299322 "experimento_51" 51 1500 1000 0.8 50 0.4 1 0.8
1.01350701515563 59.6959192007691 "experimento_51" 51 1500 1000 0.8 50 0.4 1 0.8
0.99994963244535 50.7637948670729 "experimento_51" 51 1500 1000 0.8 50 0.4 1 0.8
1.00996744852513 47.3623366840354 "experimento_51" 51 1500 1000 0.8 50 0.4 1 0.8
1.00314619353041 44.1425372718405 "experimento_51" 51 1500 1000 0.8 50 0.4 1 0.8
1.00142692953525 45.861139565255 "experimento_51" 51 1500 1000 0.8 50 0.4 1 0.8
1.00593808230437 51.21418107047 "experimento_51" 51 1500 1000 0.8 50 0.4 1 0.8
1.00064546425043 50.2347693818903 "experimento_51" 51 1500 1000 0.8 50 0.4 1 0.8
1.00594874793664 55.8989263826261 "experimento_51" 51 1500 1000 0.8 50 0.4 1 0.8
1.00003726175879 55.0025573647062 "experimento_51" 51 1500 1000 0.8 50 0.4 1 0.8
1.00588904230855 48.3581404251254 "experimento_51" 51 1500 1000 0.8 50 0.4 1 0.8
1.00020353004492 50.9673671487996 "experimento_51" 51 1500 1000 0.8 50 0.4 1 0.8
1.00024773409596 52.956129369434 "experimento_51" 51 1500 1000 0.8 50 0.4 1 0.8
1.00050395263359 50.0117054476721 "experimento_51" 51 1500 1000 0.8 50 0.4 1 0.8
1.0116519419197 54.1314827983736 "experimento_51" 51 1500 1000 0.8 50 0.4 1 0.8
1.0019759655185 46.6685110684858 "experimento_51" 51 1500 1000 0.8 50 0.4 1 0.8
1.00497974109937 53.8574109502294 "experimento_51" 51 1500 1000 0.8 50 0.4 1 0.8
1.00274806743488 50.2832019178408 "experimento_51" 51 1500 1000 0.8 50 0.4 1 0.8
1.0195099467217 51.3475485885206 "experimento_51" 51 1500 1000 0.8 50 0.4 1 0.8
0.998486108379439 45.0289149080738 "experimento_51" 51 1500 1000 0.8 50 0.4 1 0.8
0.999899846501648 48.4536451586778 "experimento_51" 51 1500 1000 0.8 50 0.4 1 0.8
0.999754806514829 48.0537465447076 "experimento_51" 51 1500 1000 0.8 50 0.4 1 0.8
0.999836987582967 52.8381115944954 "experimento_51" 51 1500 1000 0.8 50 0.4 1 0.8
1.02322299513882 60.3553503851058 "experimento_51" 51 1500 1000 0.8 50 0.4 1 0.8
1.00007708352407 53.357917841155 "experimento_51" 51 1500 1000 0.8 50 0.4 1 0.8
1.00306896267637 45.0863029546502 "experimento_51" 51 1500 1000 0.8 50 0.4 1 0.8
0.999856987968087 49.6240814579631 "experimento_51" 51 1500 1000 0.8 50 0.4 1 0.8
1.00001906340942 50.5708156351837 "experimento_51" 51 1500 1000 0.8 50 0.4 1 0.8
1.00021843443018 47.8485693862346 "experimento_51" 51 1500 1000 0.8 50 0.4 1 0.8
1.00010358636267 48.3283271177627 "experimento_51" 51 1500 1000 0.8 50 0.4 1 0.8
1.0000283265952 50.7234101344951 "experimento_51" 51 1500 1000 0.8 50 0.4 1 0.8
1.00910414567217 52.7823042432876 "experimento_51" 51 1500 1000 0.8 50 0.4 1 0.8
1.00704233793542 58.1373846728347 "experimento_51" 51 1500 1000 0.8 50 0.4 1 0.8
0.999279080657288 46.0009639903344 "experimento_51" 51 1500 1000 0.8 50 0.4 1 0.8
1.00558005113279 44.2647787040673 "experimento_51" 51 1500 1000 0.8 50 0.4 1 0.8
1.01197923681828 56.970087649032 "experimento_51" 51 1500 1000 0.8 50 0.4 1 0.8
1.00211775451531 50.6360619512403 "experimento_51" 51 1500 1000 0.8 50 0.4 1 0.8
1.00317355973096 47.4360077983783 "experimento_51" 51 1500 1000 0.8 50 0.4 1 0.8
1.00895689984784 47.5094790516161 "experimento_51" 51 1500 1000 0.8 50 0.4 1 0.8
1.00011595938355 49.1916273396794 "experimento_51" 51 1500 1000 0.8 50 0.4 1 0.8
1.00570978452934 50.2177428106037 "experimento_51" 51 1500 1000 0.8 50 0.4 1 0.8
1.00002383416519 50.9522443281108 "experimento_51" 51 1500 1000 0.8 50 0.4 1 0.8
0.999261962482706 50.3650732070226 "experimento_51" 51 1500 1000 0.8 50 0.4 1 0.8
1.0000059686866 46.7143423108381 "experimento_51" 51 1500 1000 0.8 50 0.4 1 0.8
1.00764300098643 54.1993755435371 "experimento_51" 51 1500 1000 0.8 50 0.4 1 0.8
1.00006414310075 45.0510721256604 "experimento_51" 51 1500 1000 0.8 50 0.4 1 0.8
1.00012069762684 48.9096829558232 "experimento_51" 51 1500 1000 0.8 50 0.4 1 0.8
1.00001458168769 49.1239775310323 "experimento_51" 51 1500 1000 0.8 50 0.4 1 0.8
0.999324462376535 46.4336641650137 "experimento_51" 51 1500 1000 0.8 50 0.4 1 0.8
1.00023954794122 50.1447868883016 "experimento_51" 51 1500 1000 0.8 50 0.4 1 0.8
0.999553984496742 49.5677469939769 "experimento_51" 51 1500 1000 0.8 50 0.4 1 0.8
1.0000184391439 50.8692844168394 "experimento_51" 51 1500 1000 0.8 50 0.4 1 0.8
1.00972743794322 47.5143135388988 "experimento_51" 51 1500 1000 0.8 50 0.4 1 0.8
0.999484759755433 50.9680753995888 "experimento_51" 51 1500 1000 0.8 50 0.4 1 0.8
1.00823531525217 44.1142501193393 "experimento_51" 51 1500 1000 0.8 50 0.4 1 0.8
1.0000331135762 49.6702953452164 "experimento_51" 51 1500 1000 0.8 50 0.4 1 0.8
1.00769529815763 46.7602174834474 "experimento_51" 51 1500 1000 0.8 50 0.4 1 0.8
1.00004639528692 48.867226523911 "experimento_51" 51 1500 1000 0.8 50 0.4 1 0.8
1.00020209606984 50.308812119056 "experimento_51" 51 1500 1000 0.8 50 0.4 1 0.8
1.00113522562698 46.3674736963362 "experimento_51" 51 1500 1000 0.8 50 0.4 1 0.8
1.00006182812447 47.2009626953528 "experimento_51" 51 1500 1000 0.8 50 0.4 1 0.8
1.0009116277032 54.1907541090144 "experimento_51" 51 1500 1000 0.8 50 0.4 1 0.8
1.00000826296397 54.7063247227832 "experimento_51" 51 1500 1000 0.8 50 0.4 1 0.8
1.00833454765379 52.4996424516937 "experimento_51" 51 1500 1000 0.8 50 0.4 1 0.8
1.00012928575401 48.9571346948054 "experimento_51" 51 1500 1000 0.8 50 0.4 1 0.8
1.00541739647277 48.8150384584039 "experimento_51" 51 1500 1000 0.8 50 0.4 1 0.8
1.00002060683353 47.8620137183845 "experimento_51" 51 1500 1000 0.8 50 0.4 1 0.8
1.00004053122418 48.4699330903911 "experimento_51" 51 1500 1000 0.8 50 0.4 1 0.8
1.00557716650888 62.5003693990236 "experimento_51" 51 1500 1000 0.8 50 0.4 1 0.8
0.999435720732436 53.1242551201595 "experimento_51" 51 1500 1000 0.8 50 0.4 1 0.8
1.02117688413625 52.1408692110417 "experimento_51" 51 1500 1000 0.8 50 0.4 1 0.8
1.00013058816083 48.2261351770105 "experimento_51" 51 1500 1000 0.8 50 0.4 1 0.8
1.0051290489406 45.6140894308834 "experimento_51" 51 1500 1000 0.8 50 0.4 1 0.8
1.00059307398332 50.3977513893231 "experimento_51" 51 1500 1000 0.8 50 0.4 1 0.8
1.00286364637353 50.1872043469713 "experimento_51" 51 1500 1000 0.8 50 0.4 1 0.8
1.0000480636023 51.3128358635775 "experimento_51" 51 1500 1000 0.8 50 0.4 1 0.8
1.01059907183051 54.8517504849509 "experimento_51" 51 1500 1000 0.8 50 0.4 1 0.8
1.01251955314539 47.0108430575458 "experimento_51" 51 1500 1000 0.8 50 0.4 1 0.8
1.00022128401324 49.3982259989296 "experimento_51" 51 1500 1000 0.8 50 0.4 1 0.8
1.00238823985678 49.4464878243058 "experimento_51" 51 1500 1000 0.8 50 0.4 1 0.8
1.00729230654082 49.9679812064456 "experimento_51" 51 1500 1000 0.8 50 0.4 1 0.8
1.0000227300749 48.0852769568798 "experimento_51" 51 1500 1000 0.8 50 0.4 1 0.8
1.00194551653229 53.8212489706288 "experimento_51" 51 1500 1000 0.8 50 0.4 1 0.8
1.00008536888596 44.817737134634 "experimento_51" 51 1500 1000 0.8 50 0.4 1 0.8
1.00050948124284 53.1228765124502 "experimento_51" 51 1500 1000 0.8 50 0.4 1 0.8
1.00291749116033 48.6706731272571 "experimento_51" 51 1500 1000 0.8 50 0.4 1 0.8
0.999116070801392 44.8164414052371 "experimento_51" 51 1500 1000 0.8 50 0.4 1 0.8
1.02067922271704 51.8492725386876 "experimento_51" 51 1500 1000 0.8 50 0.4 1 0.8
1.0001064198371 50.5424535041147 "experimento_51" 51 1500 1000 0.8 50 0.4 1 0.8
0.999957288615406 41.8931483173159 "experimento_51" 51 1500 1000 0.8 50 0.4 1 0.8
1.00053164962679 45.207816900045 "experimento_51" 51 1500 1000 0.8 50 0.4 1 0.8
1.01285297267139 47.5168888955342 "experimento_51" 51 1500 1000 0.8 50 0.4 1 0.8
1.01656259122015 60.0582771071375 "experimento_51" 51 1500 1000 0.8 50 0.4 1 0.8
1.00044253841819 49.6439901721501 "experimento_51" 51 1500 1000 0.8 50 0.4 1 0.8
0.999150541611016 45.9810636943401 "experimento_51" 51 1500 1000 0.8 50 0.4 1 0.8
1.00019179989584 52.0295847187609 "experimento_51" 51 1500 1000 0.8 50 0.4 1 0.8
1.01352346891537 59.0617262040529 "experimento_51" 51 1500 1000 0.8 50 0.4 1 0.8
1.00393726754934 60.2525564698695 "experimento_51" 51 1500 1000 0.8 50 0.4 1 0.8
1.00069086795673 48.1329657312526 "experimento_51" 51 1500 1000 0.8 50 0.4 1 0.8
0.999477024655789 47.3085510914909 "experimento_51" 51 1500 1000 0.8 50 0.4 1 0.8
1.00267639196478 50.3282581648923 "experimento_51" 51 1500 1000 0.8 50 0.4 1 0.8
1.00907997216098 40.0773543323102 "experimento_51" 51 1500 1000 0.8 50 0.4 1 0.8
1.00041816307232 52.3619040978621 "experimento_51" 51 1500 1000 0.8 50 0.4 1 0.8
1.00000445190118 50.6513057302837 "experimento_51" 51 1500 1000 0.8 50 0.4 1 0.8
0.999738013604656 49.0910122122826 "experimento_51" 51 1500 1000 0.8 50 0.4 1 0.8
1.02812290431261 60.413751251473 "experimento_51" 51 1500 1000 0.8 50 0.4 1 0.8
1.00005934966728 50.8830764089524 "experimento_51" 51 1500 1000 0.8 50 0.4 1 0.8
1.00005386262622 52.5753650344097 "experimento_51" 51 1500 1000 0.8 50 0.4 1 0.8
1.00262804764323 53.1356336553711 "experimento_51" 51 1500 1000 0.8 50 0.4 1 0.8
1.0008429678907 49.4796441009804 "experimento_51" 51 1500 1000 0.8 50 0.4 1 0.8
1.00013310053386 51.4448196342193 "experimento_51" 51 1500 1000 0.8 50 0.4 1 0.8
1.00867535378784 48.0674004454657 "experimento_51" 51 1500 1000 0.8 50 0.4 1 0.8
0.999338318826631 49.2777504089084 "experimento_51" 51 1500 1000 0.8 50 0.4 1 0.8
1.00581047189422 52.1248627519806 "experimento_51" 51 1500 1000 0.8 50 0.4 1 0.8
1.00159453915773 52.8618680337198 "experimento_51" 51 1500 1000 0.8 50 0.4 1 0.8
1.00013998577502 51.3891411395346 "experimento_51" 51 1500 1000 0.8 50 0.4 1 0.8
0.99950588401407 51.4069703761471 "experimento_51" 51 1500 1000 0.8 50 0.4 1 0.8
1.00560379431094 51.0430101084869 "experimento_51" 51 1500 1000 0.8 50 0.4 1 0.8
1.00564132013358 44.5538385655948 "experimento_51" 51 1500 1000 0.8 50 0.4 1 0.8
1.00257042106241 48.2033344004746 "experimento_51" 51 1500 1000 0.8 50 0.4 1 0.8
0.999173708027229 47.2487161517808 "experimento_51" 51 1500 1000 0.8 50 0.4 1 0.8
1.00432953658343 51.9813320361374 "experimento_51" 51 1500 1000 0.8 50 0.4 1 0.8
1.00029292571358 52.026056296285 "experimento_51" 51 1500 1000 0.8 50 0.4 1 0.8
1.00023903972469 48.0566967681509 "experimento_51" 51 1500 1000 0.8 50 0.4 1 0.8
1.0004445681332 48.4046984734278 "experimento_51" 51 1500 1000 0.8 50 0.4 1 0.8
1.00093821639565 50.5017881871847 "experimento_51" 51 1500 1000 0.8 50 0.4 1 0.8
1.00311213494278 48.841996679167 "experimento_51" 51 1500 1000 0.8 50 0.4 1 0.8
1.00742420747876 53.4023437246991 "experimento_51" 51 1500 1000 0.8 50 0.4 1 0.8
1.00019510949031 53.1736155743394 "experimento_51" 51 1500 1000 0.8 50 0.4 1 0.8
0.999605329940096 50.6418247382939 "experimento_51" 51 1500 1000 0.8 50 0.4 1 0.8
1.00691211016849 46.663761724974 "experimento_51" 51 1500 1000 0.8 50 0.4 1 0.8
1.01720286044541 43.7120976469847 "experimento_51" 51 1500 1000 0.8 50 0.4 1 0.8
1.0001012713369 54.8404333549059 "experimento_51" 51 1500 1000 0.8 50 0.4 1 0.8
1.00016093023755 52.2713781572868 "experimento_51" 51 1500 1000 0.8 50 0.4 1 0.8
0.999753279378638 45.6908020244886 "experimento_51" 51 1500 1000 0.8 50 0.4 1 0.8
1.00224702992477 51.1387840516185 "experimento_51" 51 1500 1000 0.8 50 0.4 1 0.8
1.00004020616069 46.3285505656354 "experimento_51" 51 1500 1000 0.8 50 0.4 1 0.8
1.00012549024481 48.8604154256264 "experimento_51" 51 1500 1000 0.8 50 0.4 1 0.8
0.999850445659831 49.1453248620499 "experimento_51" 51 1500 1000 0.8 50 0.4 1 0.8
1.00512218611315 50.1664212834725 "experimento_51" 51 1500 1000 0.8 50 0.4 1 0.8
1.00289975791561 44.0312491525689 "experimento_51" 51 1500 1000 0.8 50 0.4 1 0.8
1.01907264238139 59.5202742835929 "experimento_51" 51 1500 1000 0.8 50 0.4 1 0.8
1.01142702267505 56.9621201889121 "experimento_51" 51 1500 1000 0.8 50 0.4 1 0.8
1.02354822224698 67.6272185921281 "experimento_51" 51 1500 1000 0.8 50 0.4 1 0.8
1.00013982524164 45.4667371435949 "experimento_51" 51 1500 1000 0.8 50 0.4 1 0.8
0.999841017881408 46.619436001131 "experimento_51" 51 1500 1000 0.8 50 0.4 1 0.8
1.00277121426563 52.2544436646831 "experimento_51" 51 1500 1000 0.8 50 0.4 1 0.8
1.0000792984385 49.7766092055019 "experimento_51" 51 1500 1000 0.8 50 0.4 1 0.8
1.00330242297612 47.8737464308161 "experimento_51" 51 1500 1000 0.8 50 0.4 1 0.8
0.999878064962104 43.3967316351943 "experimento_51" 51 1500 1000 0.8 50 0.4 1 0.8
1.00007158236578 55.2194877546575 "experimento_51" 51 1500 1000 0.8 50 0.4 1 0.8
1.00094012085348 53.7131177004669 "experimento_51" 51 1500 1000 0.8 50 0.4 1 0.8
1.00065402686684 50.023732627968 "experimento_51" 51 1500 1000 0.8 50 0.4 1 0.8
1.01456810910171 52.1810114073875 "experimento_51" 51 1500 1000 0.8 50 0.4 1 0.8
1.00001236829938 47.3187246209697 "experimento_51" 51 1500 1000 0.8 50 0.4 1 0.8
1.00026717560366 53.3154664172993 "experimento_51" 51 1500 1000 0.8 50 0.4 1 0.8
0.999436237849295 48.7576445000374 "experimento_51" 51 1500 1000 0.8 50 0.4 1 0.8
1.0105359786842 44.591083582429 "experimento_51" 51 1500 1000 0.8 50 0.4 1 0.8
0.99940038472414 47.3110564687406 "experimento_51" 51 1500 1000 0.8 50 0.4 1 0.8
1.0131609173771 53.690686075125 "experimento_51" 51 1500 1000 0.8 50 0.4 1 0.8
1.00010889446104 49.636194134829 "experimento_51" 51 1500 1000 0.8 50 0.4 1 0.8
1.00866902641952 44.8096120956652 "experimento_51" 51 1500 1000 0.8 50 0.4 1 0.8
1.00007722418157 53.5284414877892 "experimento_51" 51 1500 1000 0.8 50 0.4 1 0.8
1.0078383193817 46.6105448780992 "experimento_51" 51 1500 1000 0.8 50 0.4 1 0.8
0.999661543406546 49.6199750724899 "experimento_51" 51 1500 1000 0.8 50 0.4 1 0.8
1.00226319623778 53.1914417144151 "experimento_51" 51 1500 1000 0.8 50 0.4 1 0.8
0.999805230647326 48.6019139511052 "experimento_51" 51 1500 1000 0.8 50 0.4 1 0.8
1.00343750173904 49.9653780087941 "experimento_51" 51 1500 1000 0.8 50 0.4 1 0.8
1.01327012312599 59.7259649428158 "experimento_51" 51 1500 1000 0.8 50 0.4 1 0.8
1.00013797990962 50.2805664424908 "experimento_51" 51 1500 1000 0.8 50 0.4 1 0.8
0.999909265199676 53.9867742814452 "experimento_51" 51 1500 1000 0.8 50 0.4 1 0.8
0.999650697456673 51.5924968645594 "experimento_51" 51 1500 1000 0.8 50 0.4 1 0.8
1.00724084115374 54.323373297956 "experimento_51" 51 1500 1000 0.8 50 0.4 1 0.8
1.01896846635054 49.2166058459329 "experimento_51" 51 1500 1000 0.8 50 0.4 1 0.8
1.00109547019936 49.0830746579939 "experimento_51" 51 1500 1000 0.8 50 0.4 1 0.8
1.00028841056861 52.3514437531956 "experimento_51" 51 1500 1000 0.8 50 0.4 1 0.8
1.00666275261901 50.589384204283 "experimento_51" 51 1500 1000 0.8 50 0.4 1 0.8
0.999068567762151 46.3313632051932 "experimento_51" 51 1500 1000 0.8 50 0.4 1 0.8
1.0082005807478 56.7973994626057 "experimento_51" 51 1500 1000 0.8 50 0.4 1 0.8
1.00571974330489 52.0464494783712 "experimento_51" 51 1500 1000 0.8 50 0.4 1 0.8
1.0000177719707 48.102777843202 "experimento_51" 51 1500 1000 0.8 50 0.4 1 0.8
1.0098019027058 49.544813111859 "experimento_51" 51 1500 1000 0.8 50 0.4 1 0.8
1.0222389830268 59.2435473407337 "experimento_51" 51 1500 1000 0.8 50 0.4 1 0.8
1.00002464775927 46.2575391939403 "experimento_51" 51 1500 1000 0.8 50 0.4 1 0.8
1.00381120953388 54.5461101576373 "experimento_51" 51 1500 1000 0.8 50 0.4 1 0.8
1.00139875339344 50.0743299927287 "experimento_51" 51 1500 1000 0.8 50 0.4 1 0.8
1.00002426030114 48.4796381862959 "experimento_51" 51 1500 1000 0.8 50 0.4 1 0.8
0.999843729892746 49.5280917944745 "experimento_51" 51 1500 1000 0.8 50 0.4 1 0.8
1.02176600017503 55.652980183782 "experimento_51" 51 1500 1000 0.8 50 0.4 1 0.8
1.01986988626336 47.6305840957202 "experimento_51" 51 1500 1000 0.8 50 0.4 1 0.8
1.0001951386525 48.3367023555742 "experimento_51" 51 1500 1000 0.8 50 0.4 1 0.8
1.00012355471139 51.0479577302966 "experimento_51" 51 1500 1000 0.8 50 0.4 1 0.8
0.999456385150552 46.708414608555 "experimento_51" 51 1500 1000 0.8 50 0.4 1 0.8
1.00004998961464 45.9645812545825 "experimento_51" 51 1500 1000 0.8 50 0.4 1 0.8
1.00039620214142 49.807562820384 "experimento_51" 51 1500 1000 0.8 50 0.4 1 0.8
1.00673771532252 49.7031394684822 "experimento_51" 51 1500 1000 0.8 50 0.4 1 0.8
1.00046928172479 51.0555321100494 "experimento_51" 51 1500 1000 0.8 50 0.4 1 0.8
1.00001083762385 48.1483259343925 "experimento_51" 51 1500 1000 0.8 50 0.4 1 0.8
1.00138843328692 49.0182834517556 "experimento_51" 51 1500 1000 0.8 50 0.4 1 0.8
1.00035906559788 52.5126831751419 "experimento_51" 51 1500 1000 0.8 50 0.4 1 0.8
1.00672896764241 48.4558600509644 "experimento_51" 51 1500 1000 0.8 50 0.4 1 0.8
1.0034917795305 54.4319078170711 "experimento_51" 51 1500 1000 0.8 50 0.4 1 0.8
1.00045689813793 50.7505167400632 "experimento_51" 51 1500 1000 0.8 50 0.4 1 0.8
1.01439710618844 46.1727950788515 "experimento_51" 51 1500 1000 0.8 50 0.4 1 0.8
1.00002478997223 50.0024550645749 "experimento_51" 51 1500 1000 0.8 50 0.4 1 0.8
1.00462412596839 45.3051035678465 "experimento_51" 51 1500 1000 0.8 50 0.4 1 0.8
1.00144006920115 52.9392518390013 "experimento_51" 51 1500 1000 0.8 50 0.4 1 0.8
1.0010401918847 52.7000316557641 "experimento_51" 51 1500 1000 0.8 50 0.4 1 0.8
1.01353583843447 46.1483085754969 "experimento_51" 51 1500 1000 0.8 50 0.4 1 0.8
1.00037353369819 42.0522984223379 "experimento_51" 51 1500 1000 0.8 50 0.4 1 0.8
1.00506912985321 49.2954588082017 "experimento_51" 51 1500 1000 0.8 50 0.4 1 0.8
1.00721019424498 48.4035718086493 "experimento_51" 51 1500 1000 0.8 50 0.4 1 0.8
1.00843969389645 47.0149154359292 "experimento_51" 51 1500 1000 0.8 50 0.4 1 0.8
1.00275445166975 51.8114672630839 "experimento_51" 51 1500 1000 0.8 50 0.4 1 0.8
1.00321598358452 53.5330870993204 "experimento_51" 51 1500 1000 0.8 50 0.4 1 0.8
1.00001055006869 51.4021970699706 "experimento_51" 51 1500 1000 0.8 50 0.4 1 0.8
1.00906332907267 50.1697106536097 "experimento_51" 51 1500 1000 0.8 50 0.4 1 0.8
0.999786787200719 45.5215020023422 "experimento_51" 51 1500 1000 0.8 50 0.4 1 0.8
1.00920164652803 50.3132305825158 "experimento_51" 51 1500 1000 0.8 50 0.4 1 0.8
1.00106743622571 48.0430463731739 "experimento_51" 51 1500 1000 0.8 50 0.4 1 0.8
1.0012540167429 55.5230205542715 "experimento_51" 51 1500 1000 0.8 50 0.4 1 0.8
1.03156193978916 71.9985544407359 "experimento_51" 51 1500 1000 0.8 50 0.4 1 0.8
1.0000034489717 48.4477100578274 "experimento_51" 51 1500 1000 0.8 50 0.4 1 0.8
0.999620691174641 55.2582085455116 "experimento_51" 51 1500 1000 0.8 50 0.4 1 0.8
1.00061203724666 53.1574422478835 "experimento_51" 51 1500 1000 0.8 50 0.4 1 0.8
1.00000931680502 50.9678395060055 "experimento_51" 51 1500 1000 0.8 50 0.4 1 0.8
1.00204744366929 51.3356940883078 "experimento_51" 51 1500 1000 0.8 50 0.4 1 0.8
1.0093659346085 46.8347428811045 "experimento_51" 51 1500 1000 0.8 50 0.4 1 0.8
0.999045372009277 44.8374177406886 "experimento_51" 51 1500 1000 0.8 50 0.4 1 0.8
1.00016941873357 49.5999422761882 "experimento_51" 51 1500 1000 0.8 50 0.4 1 0.8
1.0000398425066 49.7242885425751 "experimento_51" 51 1500 1000 0.8 50 0.4 1 0.8
1.00710850148462 50.8849562069154 "experimento_51" 51 1500 1000 0.8 50 0.4 1 0.8
1.00081808260387 54.5754634209918 "experimento_51" 51 1500 1000 0.8 50 0.4 1 0.8
0.999890341656283 48.6627564342312 "experimento_51" 51 1500 1000 0.8 50 0.4 1 0.8
1.00972392498516 49.633119226365 "experimento_51" 51 1500 1000 0.8 50 0.4 1 0.8
1.00514768246349 53.8857486825291 "experimento_51" 51 1500 1000 0.8 50 0.4 1 0.8
1.0001752091106 51.0252995901487 "experimento_51" 51 1500 1000 0.8 50 0.4 1 0.8
1.00809148951434 51.408129426237 "experimento_51" 51 1500 1000 0.8 50 0.4 1 0.8
1.01005527731962 43.1289878594842 "experimento_51" 51 1500 1000 0.8 50 0.4 1 0.8
1.02042532067662 54.4333779382763 "experimento_51" 51 1500 1000 0.8 50 0.4 1 0.8
1.00156310251341 49.6953682148313 "experimento_51" 51 1500 1000 0.8 50 0.4 1 0.8
1.00425423054025 48.6801263915754 "experimento_51" 51 1500 1000 0.8 50 0.4 1 0.8
1.00094697835855 55.1526684899951 "experimento_51" 51 1500 1000 0.8 50 0.4 1 0.8
1.00005547056906 55.5539797817287 "experimento_51" 51 1500 1000 0.8 50 0.4 1 0.8
1.02134915801106 53.7818140868725 "experimento_51" 51 1500 1000 0.8 50 0.4 1 0.8
0.999732097610831 50.7289384340987 "experimento_51" 51 1500 1000 0.8 50 0.4 1 0.8
1.02588687870567 44.9344080427997 "experimento_51" 51 1500 1000 0.8 50 0.4 1 0.8
1.000029197799 54.2438990338809 "experimento_51" 51 1500 1000 0.8 50 0.4 1 0.8
1.00339282209665 52.9951930472512 "experimento_51" 51 1500 1000 0.8 50 0.4 1 0.8
1.00015151404141 48.5206019690472 "experimento_51" 51 1500 1000 0.8 50 0.4 1 0.8
1.00701381989755 53.9873540553535 "experimento_51" 51 1500 1000 0.8 50 0.4 1 0.8
1.01044548223726 50.7345832894061 "experimento_51" 51 1500 1000 0.8 50 0.4 1 0.8
1.00378784652605 44.1193973745902 "experimento_51" 51 1500 1000 0.8 50 0.4 1 0.8
1.0001521521993 51.4046725875723 "experimento_51" 51 1500 1000 0.8 50 0.4 1 0.8
1.004574404452 52.4364056464554 "experimento_51" 51 1500 1000 0.8 50 0.4 1 0.8
1.00003200830892 49.7008095359732 "experimento_51" 51 1500 1000 0.8 50 0.4 1 0.8
1.0001851620432 48.8652941149035 "experimento_51" 51 1500 1000 0.8 50 0.4 1 0.8
1.01324717090465 47.498479066181 "experimento_51" 51 1500 1000 0.8 50 0.4 1 0.8
1.00066705240063 51.5472655037646 "experimento_51" 51 1500 1000 0.8 50 0.4 1 0.8
0.999719179235399 49.9402230985499 "experimento_51" 51 1500 1000 0.8 50 0.4 1 0.8
1.0000594325643 51.7970784849179 "experimento_51" 51 1500 1000 0.8 50 0.4 1 0.8
1.00005405749324 51.2470158281588 "experimento_51" 51 1500 1000 0.8 50 0.4 1 0.8
1.00006256292574 46.8628129517181 "experimento_51" 51 1500 1000 0.8 50 0.4 1 0.8
1.01574581638436 55.7711606916754 "experimento_51" 51 1500 1000 0.8 50 0.4 1 0.8
0.999901827657595 52.8039649344311 "experimento_51" 51 1500 1000 0.8 50 0.4 1 0.8
1.00014953738078 46.8432262709802 "experimento_51" 51 1500 1000 0.8 50 0.4 1 0.8
1.00045437899858 50.0375677406656 "experimento_51" 51 1500 1000 0.8 50 0.4 1 0.8
1.01187387597747 62.1101388960529 "experimento_51" 51 1500 1000 0.8 50 0.4 1 0.8
1.00057629625313 49.1104723305192 "experimento_51" 51 1500 1000 0.8 50 0.4 1 0.8
1.00005783857777 52.6602713598674 "experimento_51" 51 1500 1000 0.8 50 0.4 1 0.8
0.999279027571902 48.9905862000602 "experimento_51" 51 1500 1000 0.8 50 0.4 1 0.8
1.0092733403213 47.0789558898527 "experimento_51" 51 1500 1000 0.8 50 0.4 1 0.8
1.00099199526012 49.5391652320697 "experimento_51" 51 1500 1000 0.8 50 0.4 1 0.8
1.01320618096739 53.3638801445554 "experimento_51" 51 1500 1000 0.8 50 0.4 1 0.8
1.00378536172211 48.3191192415421 "experimento_51" 51 1500 1000 0.8 50 0.4 1 0.8
1.00015109556727 48.4177103950961 "experimento_51" 51 1500 1000 0.8 50 0.4 1 0.8
0.999344054609537 44.2455264073138 "experimento_51" 51 1500 1000 0.8 50 0.4 1 0.8
1.0017426820565 46.5833915680801 "experimento_51" 51 1500 1000 0.8 50 0.4 1 0.8
1.00212151829153 52.0673226913618 "experimento_51" 51 1500 1000 0.8 50 0.4 1 0.8
1.01626390924593 55.8816790150555 "experimento_51" 51 1500 1000 0.8 50 0.4 1 0.8
1.00099849124439 51.5354922795944 "experimento_51" 51 1500 1000 0.8 50 0.4 1 0.8
0.999841384124011 50.1900977475471 "experimento_51" 51 1500 1000 0.8 50 0.4 1 0.8
1.00063449521549 45.6192583502769 "experimento_51" 51 1500 1000 0.8 50 0.4 1 0.8
0.999343315605074 48.0537692597756 "experimento_51" 51 1500 1000 0.8 50 0.4 1 0.8
1.00051788875771 48.9970185415139 "experimento_51" 51 1500 1000 0.8 50 0.4 1 0.8
0.999199511716142 51.1461855403691 "experimento_51" 51 1500 1000 0.8 50 0.4 1 0.8
1.0001669279252 48.9113199090647 "experimento_51" 51 1500 1000 0.8 50 0.4 1 0.8
1.00001317931842 53.2177885420148 "experimento_51" 51 1500 1000 0.8 50 0.4 1 0.8
0.999339787987992 45.3336705884238 "experimento_51" 51 1500 1000 0.8 50 0.4 1 0.8
1.00892356450669 54.8823048252 "experimento_51" 51 1500 1000 0.8 50 0.4 1 0.8
1.00004138698801 53.9055884143982 "experimento_51" 51 1500 1000 0.8 50 0.4 1 0.8
1.00526864238083 45.9777239124892 "experimento_51" 51 1500 1000 0.8 50 0.4 1 0.8
1.00526467841622 43.5384019989539 "experimento_51" 51 1500 1000 0.8 50 0.4 1 0.8
1.00159457596019 50.9436937873987 "experimento_51" 51 1500 1000 0.8 50 0.4 1 0.8
1.00290002979276 47.1816805974123 "experimento_51" 51 1500 1000 0.8 50 0.4 1 0.8
1.00052079252899 53.8229753499211 "experimento_51" 51 1500 1000 0.8 50 0.4 1 0.8
1.00031927597991 53.0808591210252 "experimento_51" 51 1500 1000 0.8 50 0.4 1 0.8
1.0026725619752 50.1226340839658 "experimento_51" 51 1500 1000 0.8 50 0.4 1 0.8
1.00295576544479 46.0759838537998 "experimento_51" 51 1500 1000 0.8 50 0.4 1 0.8
1.0210362949034 51.5846471088993 "experimento_51" 51 1500 1000 0.8 50 0.4 1 0.8
1.00118213819182 46.272086677977 "experimento_51" 51 1500 1000 0.8 50 0.4 1 0.8
1.00012210206718 49.7619389846011 "experimento_51" 51 1500 1000 0.8 50 0.4 1 0.8
1.00019362231573 47.0402298271462 "experimento_51" 51 1500 1000 0.8 50 0.4 1 0.8
1.00040120546706 46.7911385346307 "experimento_51" 51 1500 1000 0.8 50 0.4 1 0.8
1.00028104962781 55.7940929534505 "experimento_51" 51 1500 1000 0.8 50 0.4 1 0.8
1.01575477693146 49.5706570262165 "experimento_51" 51 1500 1000 0.8 50 0.4 1 0.8
1.00995747237466 52.211030032077 "experimento_51" 51 1500 1000 0.8 50 0.4 1 0.8
1.00016840762459 50.410676305264 "experimento_51" 51 1500 1000 0.8 50 0.4 1 0.8
0.999863845063373 50.5255463431076 "experimento_51" 51 1500 1000 0.8 50 0.4 1 0.8
1.00294293781493 46.7255390926915 "experimento_51" 51 1500 1000 0.8 50 0.4 1 0.8
1.00000935260206 54.7750551958638 "experimento_51" 51 1500 1000 0.8 50 0.4 1 0.8
1.00125789722428 49.7265082568517 "experimento_51" 51 1500 1000 0.8 50 0.4 1 0.8
1.00616920078868 49.3791210909436 "experimento_51" 51 1500 1000 0.8 50 0.4 1 0.8
1.0000343648689 50.0548154682609 "experimento_51" 51 1500 1000 0.8 50 0.4 1 0.8
1.02107981413519 56.2310817837173 "experimento_51" 51 1500 1000 0.8 50 0.4 1 0.8
1.01744330186095 51.5544423612451 "experimento_51" 51 1500 1000 0.8 50 0.4 1 0.8
1.0107953170035 52.1398192780509 "experimento_51" 51 1500 1000 0.8 50 0.4 1 0.8
0.999974793056026 46.5148957314894 "experimento_51" 51 1500 1000 0.8 50 0.4 1 0.8
1.01090845788829 57.2296568250714 "experimento_51" 51 1500 1000 0.8 50 0.4 1 0.8
1.0040792177245 51.831498000868 "experimento_51" 51 1500 1000 0.8 50 0.4 1 0.8
1.00025649310288 49.6927621017861 "experimento_51" 51 1500 1000 0.8 50 0.4 1 0.8
0.99963344191201 51.1427027710262 "experimento_51" 51 1500 1000 0.8 50 0.4 1 0.8
1.00099953403069 50.3471907532872 "experimento_51" 51 1500 1000 0.8 50 0.4 1 0.8
0.999807612737641 49.6979456295284 "experimento_51" 51 1500 1000 0.8 50 0.4 1 0.8
1.00098125642504 48.2732731776004 "experimento_51" 51 1500 1000 0.8 50 0.4 1 0.8
1.00006722387858 47.9275557098882 "experimento_51" 51 1500 1000 0.8 50 0.4 1 0.8
1.00798456555232 53.1811595015149 "experimento_51" 51 1500 1000 0.8 50 0.4 1 0.8
0.999938191846013 52.3228243485527 "experimento_51" 51 1500 1000 0.8 50 0.4 1 0.8
1.00031274015084 55.568689902454 "experimento_51" 51 1500 1000 0.8 50 0.4 1 0.8
1.00026517152337 51.1343899124105 "experimento_51" 51 1500 1000 0.8 50 0.4 1 0.8
1.00376407479867 46.7870637218289 "experimento_51" 51 1500 1000 0.8 50 0.4 1 0.8
0.999433655524626 49.3079484176068 "experimento_51" 51 1500 1000 0.8 50 0.4 1 0.8
1.00293291622773 47.0494063871902 "experimento_51" 51 1500 1000 0.8 50 0.4 1 0.8
1.01084563983604 48.3157138989106 "experimento_51" 51 1500 1000 0.8 50 0.4 1 0.8
1.00120261362173 51.86807281814 "experimento_51" 51 1500 1000 0.8 50 0.4 1 0.8
1.00034990692511 52.1634516462754 "experimento_51" 51 1500 1000 0.8 50 0.4 1 0.8
1.00035848085403 49.6891246840881 "experimento_51" 51 1500 1000 0.8 50 0.4 1 0.8
1.01672921270256 60.033763948323 "experimento_51" 51 1500 1000 0.8 50 0.4 1 0.8
1.00228579890819 44.8501408551876 "experimento_51" 51 1500 1000 0.8 50 0.4 1 0.8
1.00109240354039 46.5437129178732 "experimento_51" 51 1500 1000 0.8 50 0.4 1 0.8
0.999525339342654 47.9562452681737 "experimento_51" 51 1500 1000 0.8 50 0.4 1 0.8
1.00231912382878 52.00482841189 "experimento_51" 51 1500 1000 0.8 50 0.4 1 0.8
1.00001412922294 49.9994284323657 "experimento_51" 51 1500 1000 0.8 50 0.4 1 0.8
1.01037218621932 49.0278613213937 "experimento_51" 51 1500 1000 0.8 50 0.4 1 0.8
1.00018823499791 45.8698613596894 "experimento_51" 51 1500 1000 0.8 50 0.4 1 0.8
1.00009974137233 54.0142042693564 "experimento_51" 51 1500 1000 0.8 50 0.4 1 0.8
0.999167646514252 46.5518256220204 "experimento_51" 51 1500 1000 0.8 50 0.4 1 0.8
1.00156136010773 45.6110198751386 "experimento_51" 51 1500 1000 0.8 50 0.4 1 0.8
1.02027465382507 41.5244021153114 "experimento_51" 51 1500 1000 0.8 50 0.4 1 0.8
1.01769995894199 57.8136960791341 "experimento_51" 51 1500 1000 0.8 50 0.4 1 0.8
1.0228880362763 50.0269502593867 "experimento_51" 51 1500 1000 0.8 50 0.4 1 0.8
1.00025321846828 51.1960798377029 "experimento_51" 51 1500 1000 0.8 50 0.4 1 0.8
1.01944865640169 51.6944791533205 "experimento_51" 51 1500 1000 0.8 50 0.4 1 0.8
1.00338165225222 49.7746353285506 "experimento_51" 51 1500 1000 0.8 50 0.4 1 0.8
1.00855735113844 50.3670769069446 "experimento_51" 51 1500 1000 0.8 50 0.4 1 0.8
1.01281895327382 53.3316648211375 "experimento_51" 51 1500 1000 0.8 50 0.4 1 0.8
1.00624098484404 50.8274607535211 "experimento_51" 51 1500 1000 0.8 50 0.4 1 0.8
1.00186407846399 46.4489928822407 "experimento_51" 51 1500 1000 0.8 50 0.4 1 0.8
1.00003638200872 51.3625688587827 "experimento_51" 51 1500 1000 0.8 50 0.4 1 0.8
1.00414308893494 44.2138741309566 "experimento_51" 51 1500 1000 0.8 50 0.4 1 0.8
1.00053510711528 49.2422023239754 "experimento_51" 51 1500 1000 0.8 50 0.4 1 0.8
1.0001390383042 49.6734625444442 "experimento_51" 51 1500 1000 0.8 50 0.4 1 0.8
0.999669686658308 51.53620598456 "experimento_51" 51 1500 1000 0.8 50 0.4 1 0.8
0.99952340289019 48.2066317559958 "experimento_51" 51 1500 1000 0.8 50 0.4 1 0.8
1.0152624449498 61.62214707606 "experimento_51" 51 1500 1000 0.8 50 0.4 1 0.8
0.999334098072723 47.2569656059321 "experimento_51" 51 1500 1000 0.8 50 0.4 1 0.8
0.999400466214865 53.7123355020246 "experimento_51" 51 1500 1000 0.8 50 0.4 1 0.8
1.00024589457747 51.7201923321457 "experimento_51" 51 1500 1000 0.8 50 0.4 1 0.8
0.999480081954971 48.7608315189453 "experimento_51" 51 1500 1000 0.8 50 0.4 1 0.8
0.999527909560129 46.9944462016374 "experimento_51" 51 1500 1000 0.8 50 0.4 1 0.8
1.00536460123796 56.1389376708877 "experimento_51" 51 1500 1000 0.8 50 0.4 1 0.8
0.999512822600082 44.8665857255312 "experimento_51" 51 1500 1000 0.8 50 0.4 1 0.8
1.00279306060635 50.2964157692876 "experimento_51" 51 1500 1000 0.8 50 0.4 1 0.8
1.00295749203302 50.9555370481858 "experimento_51" 51 1500 1000 0.8 50 0.4 1 0.8
1.00009458240723 52.749643200943 "experimento_51" 51 1500 1000 0.8 50 0.4 1 0.8
1.0084057945665 50.1854477022906 "experimento_51" 51 1500 1000 0.8 50 0.4 1 0.8
1.0001307443114 50.6829353676836 "experimento_51" 51 1500 1000 0.8 50 0.4 1 0.8
1.00738743861206 47.0304656740086 "experimento_51" 51 1500 1000 0.8 50 0.4 1 0.8
1.00039513392329 46.03814132315 "experimento_51" 51 1500 1000 0.8 50 0.4 1 0.8
0.999009973369539 44.9762613754313 "experimento_51" 51 1500 1000 0.8 50 0.4 1 0.8
1.00006658152677 52.9645844161516 "experimento_51" 51 1500 1000 0.8 50 0.4 1 0.8
1.0000825300369 45.5769387346643 "experimento_51" 51 1500 1000 0.8 50 0.4 1 0.8
1.00251225433724 51.1421385670666 "experimento_51" 51 1500 1000 0.8 50 0.4 1 0.8
0.999220751458779 48.7666249612615 "experimento_51" 51 1500 1000 0.8 50 0.4 1 0.8
0.999641794944182 47.040819297202 "experimento_51" 51 1500 1000 0.8 50 0.4 1 0.8
0.998850005678833 46.2784618162877 "experimento_51" 51 1500 1000 0.8 50 0.4 1 0.8
1.00453711240552 54.3197517455697 "experimento_51" 51 1500 1000 0.8 50 0.4 1 0.8
1.00466734845099 53.1776877786589 "experimento_51" 51 1500 1000 0.8 50 0.4 1 0.8
1.00027410521116 49.3439016896076 "experimento_51" 51 1500 1000 0.8 50 0.4 1 0.8
1.00040434991699 48.1747661624878 "experimento_51" 51 1500 1000 0.8 50 0.4 1 0.8
1.00082222514786 51.3898664945166 "experimento_51" 51 1500 1000 0.8 50 0.4 1 0.8
1.00998499174602 56.4768008750234 "experimento_51" 51 1500 1000 0.8 50 0.4 1 0.8
1.0195600121675 64.5507654875472 "experimento_51" 51 1500 1000 0.8 50 0.4 1 0.8
1.000528456013 49.0400832581284 "experimento_51" 51 1500 1000 0.8 50 0.4 1 0.8
0.99958935030736 51.8762847035257 "experimento_51" 51 1500 1000 0.8 50 0.4 1 0.8
1.01790965486234 53.5569441228775 "experimento_51" 51 1500 1000 0.8 50 0.4 1 0.8
1.01664305195084 47.3285327285574 "experimento_51" 51 1500 1000 0.8 50 0.4 1 0.8
1.00037272363901 43.7681927178538 "experimento_51" 51 1500 1000 0.8 50 0.4 1 0.8
0.999543613055721 54.2506700967909 "experimento_51" 51 1500 1000 0.8 50 0.4 1 0.8
1.00003906128928 46.588119050524 "experimento_51" 51 1500 1000 0.8 50 0.4 1 0.8
1.0064266587887 50.0337666777268 "experimento_51" 51 1500 1000 0.8 50 0.4 1 0.8
1.01651746792468 49.0463479627558 "experimento_51" 51 1500 1000 0.8 50 0.4 1 0.8
1.00000469458289 45.9523703013336 "experimento_51" 51 1500 1000 0.8 50 0.4 1 0.8
1.00821532608941 47.4417543224943 "experimento_51" 51 1500 1000 0.8 50 0.4 1 0.8
1.00195409633219 51.1464375289857 "experimento_51" 51 1500 1000 0.8 50 0.4 1 0.8
1.01618577605029 48.4788690438003 "experimento_51" 51 1500 1000 0.8 50 0.4 1 0.8
1.00501586272807 50.6448979072103 "experimento_51" 51 1500 1000 0.8 50 0.4 1 0.8
0.999580342089757 51.4446790711974 "experimento_51" 51 1500 1000 0.8 50 0.4 1 0.8
1.00034690005331 41.5800914607105 "experimento_51" 51 1500 1000 0.8 50 0.4 1 0.8
1.00207888961673 54.2441436553555 "experimento_51" 51 1500 1000 0.8 50 0.4 1 0.8
1.00045640570858 51.9675679916717 "experimento_51" 51 1500 1000 0.8 50 0.4 1 0.8
1.00322748706001 49.3293065414061 "experimento_51" 51 1500 1000 0.8 50 0.4 1 0.8
0.999435804784298 51.2007168659125 "experimento_51" 51 1500 1000 0.8 50 0.4 1 0.8
1.00369128765538 53.2052207277459 "experimento_51" 51 1500 1000 0.8 50 0.4 1 0.8
1.00220197668341 49.2910745316292 "experimento_51" 51 1500 1000 0.8 50 0.4 1 0.8
1.0027092993632 58.0159178859098 "experimento_51" 51 1500 1000 0.8 50 0.4 1 0.8
1.00369252255059 51.9044643595153 "experimento_51" 51 1500 1000 0.8 50 0.4 1 0.8
1.01292426934466 50.5406185554009 "experimento_51" 51 1500 1000 0.8 50 0.4 1 0.8
0.999876189278439 45.9877683051716 "experimento_51" 51 1500 1000 0.8 50 0.4 1 0.8
1.00827371153049 53.9843370639842 "experimento_51" 51 1500 1000 0.8 50 0.4 1 0.8
1.0121455179248 45.8723075110712 "experimento_51" 51 1500 1000 0.8 50 0.4 1 0.8
1.00171704539098 42.3153617576099 "experimento_51" 51 1500 1000 0.8 50 0.4 1 0.8
1.01573820949849 46.26688084444 "experimento_51" 51 1500 1000 0.8 50 0.4 1 0.8
1.00812743380666 53.5182414064454 "experimento_51" 51 1500 1000 0.8 50 0.4 1 0.8
1.00495230220338 49.9250968381708 "experimento_51" 51 1500 1000 0.8 50 0.4 1 0.8
1.01766768878104 48.2465836542541 "experimento_51" 51 1500 1000 0.8 50 0.4 1 0.8
0.999929692596197 52.642431381682 "experimento_51" 51 1500 1000 0.8 50 0.4 1 0.8
1.00180878617564 53.3483755894147 "experimento_51" 51 1500 1000 0.8 50 0.4 1 0.8
0.999043644871563 51.4900121408974 "experimento_51" 51 1500 1000 0.8 50 0.4 1 0.8
0.999630030943081 48.2957171428812 "experimento_51" 51 1500 1000 0.8 50 0.4 1 0.8
1.00020422177396 51.2823721121861 "experimento_51" 51 1500 1000 0.8 50 0.4 1 0.8
1.00101586267883 45.9361672491728 "experimento_51" 51 1500 1000 0.8 50 0.4 1 0.8
0.999692414654419 47.2910186544956 "experimento_51" 51 1500 1000 0.8 50 0.4 1 0.8
1.00002973789952 50.3695905817414 "experimento_51" 51 1500 1000 0.8 50 0.4 1 0.8
1.00006666989066 49.9571696199497 "experimento_51" 51 1500 1000 0.8 50 0.4 1 0.8
1.00082891453204 47.4566955088423 "experimento_51" 51 1500 1000 0.8 50 0.4 1 0.8
1.02720118375411 60.5483752969025 "experimento_51" 51 1500 1000 0.8 50 0.4 1 0.8
0.999833714915439 49.131902835287 "experimento_51" 51 1500 1000 0.8 50 0.4 1 0.8
1.00420460432768 47.4448939573281 "experimento_51" 51 1500 1000 0.8 50 0.4 1 0.8
1.00063267349762 51.6131757189916 "experimento_51" 51 1500 1000 0.8 50 0.4 1 0.8
1.0000598575122 50.417636967707 "experimento_51" 51 1500 1000 0.8 50 0.4 1 0.8
1.01090998329265 43.2068902203589 "experimento_51" 51 1500 1000 0.8 50 0.4 1 0.8
1.00029163109139 45.9472031705259 "experimento_51" 51 1500 1000 0.8 50 0.4 1 0.8
1.00004742043093 49.7499333790713 "experimento_51" 51 1500 1000 0.8 50 0.4 1 0.8
1.02560866800984 56.8590847648461 "experimento_51" 51 1500 1000 0.8 50 0.4 1 0.8
1.00018698773347 53.7662373846806 "experimento_51" 51 1500 1000 0.8 50 0.4 1 0.8
1.00379989801845 51.7463878943443 "experimento_51" 51 1500 1000 0.8 50 0.4 1 0.8
0.999611039413139 50.0523661187123 "experimento_51" 51 1500 1000 0.8 50 0.4 1 0.8
1.00003988751713 51.11089306821 "experimento_51" 51 1500 1000 0.8 50 0.4 1 0.8
1.01684881450185 52.9049887113858 "experimento_51" 51 1500 1000 0.8 50 0.4 1 0.8
1.00220256297849 48.0440146383645 "experimento_51" 51 1500 1000 0.8 50 0.4 1 0.8
1.00024981866591 49.3441172843754 "experimento_51" 51 1500 1000 0.8 50 0.4 1 0.8
1.01749847437909 64.8503208692675 "experimento_51" 51 1500 1000 0.8 50 0.4 1 0.8
1.01162606385304 54.534781526552 "experimento_51" 51 1500 1000 0.8 50 0.4 1 0.8
1.00011535149999 48.5221190741088 "experimento_51" 51 1500 1000 0.8 50 0.4 1 0.8
1.00081149185076 50.0789792648309 "experimento_51" 51 1500 1000 0.8 50 0.4 1 0.8
1.00534798988044 50.102074947875 "experimento_51" 51 1500 1000 0.8 50 0.4 1 0.8
1.00144149416768 44.8934477912223 "experimento_51" 51 1500 1000 0.8 50 0.4 1 0.8
1.0009736744035 52.0490457115112 "experimento_51" 51 1500 1000 0.8 50 0.4 1 0.8
0.999991954769939 52.8637854368004 "experimento_51" 51 1500 1000 0.8 50 0.4 1 0.8
1.0011727946613 48.5978419117221 "experimento_51" 51 1500 1000 0.8 50 0.4 1 0.8
1.00441757326946 52.0497063154067 "experimento_51" 51 1500 1000 0.8 50 0.4 1 0.8
1.00015225189738 47.9274963003792 "experimento_51" 51 1500 1000 0.8 50 0.4 1 0.8
1.00002810268663 47.5144278098549 "experimento_51" 51 1500 1000 0.8 50 0.4 1 0.8
1.00613607604057 53.5346592368726 "experimento_51" 51 1500 1000 0.8 50 0.4 1 0.8
1.00004338680767 51.7728238757426 "experimento_51" 51 1500 1000 0.8 50 0.4 1 0.8
1.0002918402019 45.2733933891147 "experimento_51" 51 1500 1000 0.8 50 0.4 1 0.8
1.00385458501056 53.5448027642869 "experimento_51" 51 1500 1000 0.8 50 0.4 1 0.8
1.00118546647951 49.145104327379 "experimento_51" 51 1500 1000 0.8 50 0.4 1 0.8
0.998883280903101 42.5993420073331 "experimento_51" 51 1500 1000 0.8 50 0.4 1 0.8
1.00044345667586 43.4544531118835 "experimento_51" 51 1500 1000 0.8 50 0.4 1 0.8
0.999720070278272 50.3003965976708 "experimento_51" 51 1500 1000 0.8 50 0.4 1 0.8
1.00143373516388 45.4908190141693 "experimento_51" 51 1500 1000 0.8 50 0.4 1 0.8
1.00512755668906 56.8351968258493 "experimento_51" 51 1500 1000 0.8 50 0.4 1 0.8
1.00830290207639 52.8185943688843 "experimento_51" 51 1500 1000 0.8 50 0.4 1 0.8
1.00196783830412 58.5749431869775 "experimento_51" 51 1500 1000 0.8 50 0.4 1 0.8
1.00006002704613 53.216068370669 "experimento_51" 51 1500 1000 0.8 50 0.4 1 0.8
1.00232648891351 60.7622630014443 "experimento_51" 51 1500 1000 0.8 50 0.4 1 0.8
1.01073030803353 58.7608767436341 "experimento_51" 51 1500 1000 0.8 50 0.4 1 0.8
1.00012660243254 44.3565069454856 "experimento_51" 51 1500 1000 0.8 50 0.4 1 0.8
1.00033060153946 51.7364394637569 "experimento_51" 51 1500 1000 0.8 50 0.4 1 0.8
1.00038647446781 49.863747515765 "experimento_51" 51 1500 1000 0.8 50 0.4 1 0.8
1.00113700344119 52.2941996378453 "experimento_51" 51 1500 1000 0.8 50 0.4 1 0.8
1.00096626016601 52.3734257371264 "experimento_51" 51 1500 1000 0.8 50 0.4 1 0.8
1.00012792824768 45.6458412295929 "experimento_51" 51 1500 1000 0.8 50 0.4 1 0.8
1.00679790440608 50.8931288925121 "experimento_51" 51 1500 1000 0.8 50 0.4 1 0.8
1.0001697088033 50.1511627254329 "experimento_51" 51 1500 1000 0.8 50 0.4 1 0.8
1.00002533712862 54.3294500314846 "experimento_51" 51 1500 1000 0.8 50 0.4 1 0.8
1.00081784009002 50.3217656490179 "experimento_51" 51 1500 1000 0.8 50 0.4 1 0.8
1.0000515675731 50.2015700009334 "experimento_51" 51 1500 1000 0.8 50 0.4 1 0.8
1.01808558597309 47.1038847710472 "experimento_51" 51 1500 1000 0.8 50 0.4 1 0.8
1.00289949049242 51.5386396870868 "experimento_51" 51 1500 1000 0.8 50 0.4 1 0.8
1.01857778423483 46.313906155353 "experimento_51" 51 1500 1000 0.8 50 0.4 1 0.8
1.00669211691245 51.6982760641041 "experimento_51" 51 1500 1000 0.8 50 0.4 1 0.8
1.00005282271355 48.4186637344818 "experimento_51" 51 1500 1000 0.8 50 0.4 1 0.8
1.00001909654588 52.5729618567073 "experimento_51" 51 1500 1000 0.8 50 0.4 1 0.8
1.00017756002534 49.1297014967074 "experimento_51" 51 1500 1000 0.8 50 0.4 1 0.8
1.00011515716091 49.6091175266832 "experimento_51" 51 1500 1000 0.8 50 0.4 1 0.8
1.00025781642856 51.0346541526081 "experimento_51" 51 1500 1000 0.8 50 0.4 1 0.8
1.0014580756519 48.4006904823947 "experimento_51" 51 1500 1000 0.8 50 0.4 1 0.8
1.00010045216419 50.9968943968571 "experimento_51" 51 1500 1000 0.8 50 0.4 1 0.8
1.00302491671573 48.8877521192696 "experimento_51" 51 1500 1000 0.8 50 0.4 1 0.8
1.00013279647566 46.9174388852483 "experimento_51" 51 1500 1000 0.8 50 0.4 1 0.8
1.019251236103 40.4000430425371 "experimento_51" 51 1500 1000 0.8 50 0.4 1 0.8
1.0000411987195 53.5680030390962 "experimento_51" 51 1500 1000 0.8 50 0.4 1 0.8
0.999290463048965 54.0300488868119 "experimento_51" 51 1500 1000 0.8 50 0.4 1 0.8
1.00019268576987 46.8268703145969 "experimento_51" 51 1500 1000 0.8 50 0.4 1 0.8
1.00725621452555 49.7855129507565 "experimento_51" 51 1500 1000 0.8 50 0.4 1 0.8
1.00069916991271 50.8259251186345 "experimento_51" 51 1500 1000 0.8 50 0.4 1 0.8
1.01181246932596 53.7040666024475 "experimento_51" 51 1500 1000 0.8 50 0.4 1 0.8
1.00001548870467 48.236659362054 "experimento_51" 51 1500 1000 0.8 50 0.4 1 0.8
1.00403831684031 45.0277725191643 "experimento_51" 51 1500 1000 0.8 50 0.4 1 0.8
0.999365916708484 48.3845507079072 "experimento_51" 51 1500 1000 0.8 50 0.4 1 0.8
1.01307395669632 50.0753327335705 "experimento_51" 51 1500 1000 0.8 50 0.4 1 0.8
1.0072641174309 56.2135597438052 "experimento_51" 51 1500 1000 0.8 50 0.4 1 0.8
1.00151090098545 51.691384833956 "experimento_51" 51 1500 1000 0.8 50 0.4 1 0.8
1.00059597610857 53.0653974612403 "experimento_51" 51 1500 1000 0.8 50 0.4 1 0.8
1.01004622196779 46.1421466218598 "experimento_51" 51 1500 1000 0.8 50 0.4 1 0.8
0.999618092086166 53.0989079283772 "experimento_51" 51 1500 1000 0.8 50 0.4 1 0.8
1.00033651814651 43.5998072413724 "experimento_51" 51 1500 1000 0.8 50 0.4 1 0.8
1.00678650436403 53.7677809288049 "experimento_51" 51 1500 1000 0.8 50 0.4 1 0.8
1.00006585853174 47.4129227883581 "experimento_51" 51 1500 1000 0.8 50 0.4 1 0.8
1.00000001193956 51.5098369721233 "experimento_51" 51 1500 1000 0.8 50 0.4 1 0.8
1.002840418294 45.2545647211536 "experimento_51" 51 1500 1000 0.8 50 0.4 1 0.8
1.00047567533402 45.0264544233904 "experimento_51" 51 1500 1000 0.8 50 0.4 1 0.8
1.0019843201817 51.7322713444315 "experimento_51" 51 1500 1000 0.8 50 0.4 1 0.8
1.00660554951196 53.1208393859105 "experimento_51" 51 1500 1000 0.8 50 0.4 1 0.8
1.02148007161831 57.0058608662844 "experimento_51" 51 1500 1000 0.8 50 0.4 1 0.8
1.00070633317344 57.8205181468266 "experimento_51" 51 1500 1000 0.8 50 0.4 1 0.8
1.00349635050542 51.7782743487211 "experimento_51" 51 1500 1000 0.8 50 0.4 1 0.8
1.00008096215024 48.0910636940883 "experimento_51" 51 1500 1000 0.8 50 0.4 1 0.8
0.999750094721094 45.9015909282921 "experimento_51" 51 1500 1000 0.8 50 0.4 1 0.8
1.00020035412849 47.8259507653488 "experimento_51" 51 1500 1000 0.8 50 0.4 1 0.8
1.00451052461967 52.2922028467466 "experimento_51" 51 1500 1000 0.8 50 0.4 1 0.8
1.00046947597209 50.3695637154747 "experimento_51" 51 1500 1000 0.8 50 0.4 1 0.8
0.999852031935006 49.7375125955096 "experimento_51" 51 1500 1000 0.8 50 0.4 1 0.8
1.00061106409612 50.6703707246267 "experimento_51" 51 1500 1000 0.8 50 0.4 1 0.8
1.00748639539815 43.8980691212807 "experimento_51" 51 1500 1000 0.8 50 0.4 1 0.8
1.00008894720115 46.529513744694 "experimento_51" 51 1500 1000 0.8 50 0.4 1 0.8
1.00015145461075 51.7076871232926 "experimento_51" 51 1500 1000 0.8 50 0.4 1 0.8
1.0000302236259 51.2280375886796 "experimento_51" 51 1500 1000 0.8 50 0.4 1 0.8
1.00275461912155 44.8274872008499 "experimento_51" 51 1500 1000 0.8 50 0.4 1 0.8
1.00047030312009 51.2335578594114 "experimento_51" 51 1500 1000 0.8 50 0.4 1 0.8
1.01007645050995 44.5549952564525 "experimento_51" 51 1500 1000 0.8 50 0.4 1 0.8
0.999394763959572 47.9461022266023 "experimento_51" 51 1500 1000 0.8 50 0.4 1 0.8
0.999573493376374 50.9746799469443 "experimento_51" 51 1500 1000 0.8 50 0.4 1 0.8
0.998919033445418 56.2925965465674 "experimento_51" 51 1500 1000 0.8 50 0.4 1 0.8
1.00094953141961 48.8931297886854 "experimento_51" 51 1500 1000 0.8 50 0.4 1 0.8
1.00955473699607 47.6962634124761 "experimento_51" 51 1500 1000 0.8 50 0.4 1 0.8
1.00116155812517 50.215493908145 "experimento_51" 51 1500 1000 0.8 50 0.4 1 0.8
1.00067841221887 53.8684225969232 "experimento_51" 51 1500 1000 0.8 50 0.4 1 0.8
1.0002960657794 54.7985584774301 "experimento_51" 51 1500 1000 0.8 50 0.4 1 0.8
1.00073588626461 49.2724531904478 "experimento_51" 51 1500 1000 0.8 50 0.4 1 0.8
1.00994256904349 44.3239773806953 "experimento_51" 51 1500 1000 0.8 50 0.4 1 0.8
1.03675790253859 94.7167849983283 "experimento_51" 51 1500 1000 0.8 50 0.4 1 0.8
1.00160283844077 54.6529613456535 "experimento_51" 51 1500 1000 0.8 50 0.4 1 0.8
0.999195371521637 48.6785840038335 "experimento_51" 51 1500 1000 0.8 50 0.4 1 0.8
1.00224706600069 51.0589649004766 "experimento_51" 51 1500 1000 0.8 50 0.4 1 0.8
1.00000703876552 49.0243670018141 "experimento_51" 51 1500 1000 0.8 50 0.4 1 0.8
1.00012903530151 45.3386768323296 "experimento_51" 51 1500 1000 0.8 50 0.4 1 0.8
1.00005192596309 47.0372471320478 "experimento_51" 51 1500 1000 0.8 50 0.4 1 0.8
1.01243955298327 59.7240656690776 "experimento_51" 51 1500 1000 0.8 50 0.4 1 0.8
1.00041796365721 50.3090265911424 "experimento_51" 51 1500 1000 0.8 50 0.4 1 0.8
1.00325592619367 46.59318465332 "experimento_51" 51 1500 1000 0.8 50 0.4 1 0.8
1.00043295910609 43.8296439149348 "experimento_51" 51 1500 1000 0.8 50 0.4 1 0.8
1.00230795550797 46.1925168169151 "experimento_51" 51 1500 1000 0.8 50 0.4 1 0.8
1.01406300272709 46.3142434360097 "experimento_51" 51 1500 1000 0.8 50 0.4 1 0.8
1.00004504624015 48.2191416459256 "experimento_51" 51 1500 1000 0.8 50 0.4 1 0.8
1.00001338507577 56.1264046895803 "experimento_51" 51 1500 1000 0.8 50 0.4 1 0.8
1.01196392960846 56.6128802012309 "experimento_51" 51 1500 1000 0.8 50 0.4 1 0.8
1.00614903280512 48.8265844602214 "experimento_51" 51 1500 1000 0.8 50 0.4 1 0.8
1.00017966109328 47.8606538460133 "experimento_51" 51 1500 1000 0.8 50 0.4 1 0.8
1.00170341366902 47.5117469620068 "experimento_51" 51 1500 1000 0.8 50 0.4 1 0.8
1.00490577187389 47.7036416285361 "experimento_51" 51 1500 1000 0.8 50 0.4 1 0.8
1.00001924688928 54.3836053117916 "experimento_51" 51 1500 1000 0.8 50 0.4 1 0.8
1.0000705986027 52.3378451606436 "experimento_51" 51 1500 1000 0.8 50 0.4 1 0.8
1.00597870518453 50.8433319896968 "experimento_51" 51 1500 1000 0.8 50 0.4 1 0.8
1.00185296772048 51.087891339401 "experimento_51" 51 1500 1000 0.8 50 0.4 1 0.8
1.00274509918876 49.7345821883007 "experimento_51" 51 1500 1000 0.8 50 0.4 1 0.8
1.00504180775955 50.8824746313941 "experimento_51" 51 1500 1000 0.8 50 0.4 1 0.8
1.00002305976115 54.011762498591 "experimento_51" 51 1500 1000 0.8 50 0.4 1 0.8
1.00104528791898 50.4781464164246 "experimento_51" 51 1500 1000 0.8 50 0.4 1 0.8
1.01485795795833 45.2007482377827 "experimento_51" 51 1500 1000 0.8 50 0.4 1 0.8
1.00643176365415 51.5199834600544 "experimento_51" 51 1500 1000 0.8 50 0.4 1 0.8
1.00426693276502 45.7727973330562 "experimento_51" 51 1500 1000 0.8 50 0.4 1 0.8
0.999571358086541 46.8073966604449 "experimento_51" 51 1500 1000 0.8 50 0.4 1 0.8
1.00002858185033 57.4990720313566 "experimento_51" 51 1500 1000 0.8 50 0.4 1 0.8
0.999002158176154 47.062018079266 "experimento_51" 51 1500 1000 0.8 50 0.4 1 0.8
1.00005323107354 54.5029252121814 "experimento_51" 51 1500 1000 0.8 50 0.4 1 0.8
1.02886219040046 64.362239275575 "experimento_51" 51 1500 1000 0.8 50 0.4 1 0.8
1.00892815225289 47.9161086406757 "experimento_51" 51 1500 1000 0.8 50 0.4 1 0.8
1.00095697642304 50.5316497905453 "experimento_51" 51 1500 1000 0.8 50 0.4 1 0.8
1.0006770461984 52.7349421380664 "experimento_51" 51 1500 1000 0.8 50 0.4 1 0.8
1.00975097121671 56.3746989587807 "experimento_51" 51 1500 1000 0.8 50 0.4 1 0.8
0.999843815807253 49.5421999917292 "experimento_51" 51 1500 1000 0.8 50 0.4 1 0.8
1.00242416149607 45.7600143319615 "experimento_51" 51 1500 1000 0.8 50 0.4 1 0.8
1.02158776481101 53.9456686467553 "experimento_51" 51 1500 1000 0.8 50 0.4 1 0.8
1.00002430559136 52.365983105657 "experimento_51" 51 1500 1000 0.8 50 0.4 1 0.8
1.00246835266206 43.6483677931642 "experimento_51" 51 1500 1000 0.8 50 0.4 1 0.8
1.00010602465815 47.5098007242324 "experimento_51" 51 1500 1000 0.8 50 0.4 1 0.8
1.00005668957791 49.1871484630691 "experimento_51" 51 1500 1000 0.8 50 0.4 1 0.8
1.00487516197376 56.056636071187 "experimento_51" 51 1500 1000 0.8 50 0.4 1 0.8
1.0088189943907 51.7685900321904 "experimento_51" 51 1500 1000 0.8 50 0.4 1 0.8
1.00167516996012 47.2124898119551 "experimento_51" 51 1500 1000 0.8 50 0.4 1 0.8
0.99986976897344 49.3184069592334 "experimento_51" 51 1500 1000 0.8 50 0.4 1 0.8
1.00000829786284 49.231524104103 "experimento_51" 51 1500 1000 0.8 50 0.4 1 0.8
1.00007587978616 53.5934040192494 "experimento_51" 51 1500 1000 0.8 50 0.4 1 0.8
1.00681046122685 52.404370691215 "experimento_51" 51 1500 1000 0.8 50 0.4 1 0.8
1.00016569366517 52.1667373174316 "experimento_51" 51 1500 1000 0.8 50 0.4 1 0.8
1.0000738935832 53.0709092986181 "experimento_51" 51 1500 1000 0.8 50 0.4 1 0.8
1.00165983885527 54.3887309940144 "experimento_51" 51 1500 1000 0.8 50 0.4 1 0.8
0.999869730789214 49.432520948971 "experimento_51" 51 1500 1000 0.8 50 0.4 1 0.8
1.00028461200185 48.1943265497161 "experimento_51" 51 1500 1000 0.8 50 0.4 1 0.8
1.00002905360423 49.8160302519517 "experimento_51" 51 1500 1000 0.8 50 0.4 1 0.8
1.00017376561649 48.3773458149906 "experimento_51" 51 1500 1000 0.8 50 0.4 1 0.8
1.00011291847654 47.5843890377883 "experimento_51" 51 1500 1000 0.8 50 0.4 1 0.8
1.0031451819092 53.5569113551853 "experimento_51" 51 1500 1000 0.8 50 0.4 1 0.8
1.00217764335575 49.0687088545486 "experimento_51" 51 1500 1000 0.8 50 0.4 1 0.8
1.02118689734405 53.06576820682 "experimento_51" 51 1500 1000 0.8 50 0.4 1 0.8
1.00785750233568 54.6279358465229 "experimento_51" 51 1500 1000 0.8 50 0.4 1 0.8
1.00858735494316 54.3049766243932 "experimento_51" 51 1500 1000 0.8 50 0.4 1 0.8
1.00008986063302 46.3185118379338 "experimento_51" 51 1500 1000 0.8 50 0.4 1 0.8
1.00140863119625 49.8759466834466 "experimento_51" 51 1500 1000 0.8 50 0.4 1 0.8
1.00005799317256 51.0553486553855 "experimento_51" 51 1500 1000 0.8 50 0.4 1 0.8
1.00358217423496 53.8384692466801 "experimento_51" 51 1500 1000 0.8 50 0.4 1 0.8
0.999959595734254 55.3171857114627 "experimento_51" 51 1500 1000 0.8 50 0.4 1 0.8
1.00004854829814 50.827105338535 "experimento_51" 51 1500 1000 0.8 50 0.4 1 0.8
1.00942124032415 65.9811126157036 "experimento_51" 51 1500 1000 0.8 50 0.4 1 0.8
0.999712669756263 50.3637153430556 "experimento_51" 51 1500 1000 0.8 50 0.4 1 0.8
1.00038309884061 53.5529170915965 "experimento_51" 51 1500 1000 0.8 50 0.4 1 0.8
1.00864941934124 44.119918830753 "experimento_51" 51 1500 1000 0.8 50 0.4 1 0.8
1.01453017933654 44.5922282288603 "experimento_51" 51 1500 1000 0.8 50 0.4 1 0.8
1.00000991905108 53.7721788584651 "experimento_51" 51 1500 1000 0.8 50 0.4 1 0.8
1.00007969925067 48.8848962012022 "experimento_51" 51 1500 1000 0.8 50 0.4 1 0.8
1.00113193782978 49.6942308716111 "experimento_51" 51 1500 1000 0.8 50 0.4 1 0.8
1.00011409206316 54.8711679049017 "experimento_51" 51 1500 1000 0.8 50 0.4 1 0.8
1.00113121607488 48.4411915442988 "experimento_51" 51 1500 1000 0.8 50 0.4 1 0.8
1.00162879860029 49.2327337087437 "experimento_51" 51 1500 1000 0.8 50 0.4 1 0.8
1.0017196216248 44.6195419262442 "experimento_51" 51 1500 1000 0.8 50 0.4 1 0.8
1.0000200404413 53.9689975181876 "experimento_51" 51 1500 1000 0.8 50 0.4 1 0.8
0.999127862975001 54.4419552977712 "experimento_51" 51 1500 1000 0.8 50 0.4 1 0.8
1.0011409281043 50.0354268362334 "experimento_51" 51 1500 1000 0.8 50 0.4 1 0.8
1.03761239506136 50.3321420741945 "experimento_51" 51 1500 1000 0.8 50 0.4 1 0.8
0.999398341169581 43.8458300883085 "experimento_51" 51 1500 1000 0.8 50 0.4 1 0.8
1.04367006111638 55.0227837054591 "experimento_51" 51 1500 1000 0.8 50 0.4 1 0.8
0.999594273744151 49.9558247188993 "experimento_51" 51 1500 1000 0.8 50 0.4 1 0.8
1.0001274209883 47.8120705259836 "experimento_51" 51 1500 1000 0.8 50 0.4 1 0.8
1.00960941730998 54.4555487015975 "experimento_51" 51 1500 1000 0.8 50 0.4 1 0.8
1.00974013951128 44.3358630041898 "experimento_51" 51 1500 1000 0.8 50 0.4 1 0.8
1.00255367441042 53.4994446510252 "experimento_51" 51 1500 1000 0.8 50 0.4 1 0.8
1.00024928678758 46.1370948753846 "experimento_51" 51 1500 1000 0.8 50 0.4 1 0.8
1.00023224657178 47.3057154716803 "experimento_51" 51 1500 1000 0.8 50 0.4 1 0.8
1.00033807974309 51.5216126916464 "experimento_51" 51 1500 1000 0.8 50 0.4 1 0.8
0.999466034118086 49.5743939585481 "experimento_51" 51 1500 1000 0.8 50 0.4 1 0.8
1.00018353831954 54.330022516785 "experimento_51" 51 1500 1000 0.8 50 0.4 1 0.8
1.00442458525068 45.1963812563648 "experimento_51" 51 1500 1000 0.8 50 0.4 1 0.8
1.0001828743238 46.93559515049 "experimento_51" 51 1500 1000 0.8 50 0.4 1 0.8
1.00073046670324 49.982255952632 "experimento_51" 51 1500 1000 0.8 50 0.4 1 0.8
1.00863909808919 49.4580921822216 "experimento_51" 51 1500 1000 0.8 50 0.4 1 0.8
1.00779691336676 52.2078352771047 "experimento_51" 51 1500 1000 0.8 50 0.4 1 0.8
0.999849499203265 47.389788686788 "experimento_51" 51 1500 1000 0.8 50 0.4 1 0.8
1.00146066990681 48.9996563184096 "experimento_51" 51 1500 1000 0.8 50 0.4 1 0.8
0.998978348448873 46.751391801634 "experimento_51" 51 1500 1000 0.8 50 0.4 1 0.8
1.0070176147949 51.0631272602667 "experimento_51" 51 1500 1000 0.8 50 0.4 1 0.8
1.00018496141207 54.7630125507596 "experimento_51" 51 1500 1000 0.8 50 0.4 1 0.8
1.00062276930548 47.8934409263984 "experimento_51" 51 1500 1000 0.8 50 0.4 1 0.8
1.00143952146708 49.3057466061456 "experimento_51" 51 1500 1000 0.8 50 0.4 1 0.8
1.02789282464354 61.7482703913908 "experimento_51" 51 1500 1000 0.8 50 0.4 1 0.8
1.01044916784391 45.562446758957 "experimento_51" 51 1500 1000 0.8 50 0.4 1 0.8
1.00328949422576 46.2023451401896 "experimento_51" 51 1500 1000 0.8 50 0.4 1 0.8
1.00170799667947 43.9870330163901 "experimento_51" 51 1500 1000 0.8 50 0.4 1 0.8
1.00145776900653 48.0317664493263 "experimento_51" 51 1500 1000 0.8 50 0.4 1 0.8
1.01210808184929 46.505580604989 "experimento_51" 51 1500 1000 0.8 50 0.4 1 0.8
1.00003487360664 49.8417572859248 "experimento_51" 51 1500 1000 0.8 50 0.4 1 0.8
0.999581682495773 49.2038398899668 "experimento_51" 51 1500 1000 0.8 50 0.4 1 0.8
1.00216717584018 51.3896947031649 "experimento_51" 51 1500 1000 0.8 50 0.4 1 0.8
1.00005760860608 46.6011174067241 "experimento_51" 51 1500 1000 0.8 50 0.4 1 0.8
1.00762036745436 53.60995892596 "experimento_51" 51 1500 1000 0.8 50 0.4 1 0.8
1.00010238204273 48.6890883185947 "experimento_51" 51 1500 1000 0.8 50 0.4 1 0.8
0.999634760664776 50.1729116266598 "experimento_51" 51 1500 1000 0.8 50 0.4 1 0.8
1.00070725089872 49.0064413899933 "experimento_51" 51 1500 1000 0.8 50 0.4 1 0.8
1.00654742478084 46.1091977502715 "experimento_51" 51 1500 1000 0.8 50 0.4 1 0.8
0.999716867925599 54.9807728269141 "experimento_51" 51 1500 1000 0.8 50 0.4 1 0.8
1.00059394628741 52.3530480588069 "experimento_51" 51 1500 1000 0.8 50 0.4 1 0.8
0.999926928896457 49.6032982391388 "experimento_51" 51 1500 1000 0.8 50 0.4 1 0.8
1.0000081218686 51.577425568326 "experimento_51" 51 1500 1000 0.8 50 0.4 1 0.8
1.00012029254809 47.6272289093143 "experimento_51" 51 1500 1000 0.8 50 0.4 1 0.8
1.01364435321651 40.9886027392523 "experimento_51" 51 1500 1000 0.8 50 0.4 1 0.8
1.00117011779919 47.0739616081406 "experimento_51" 51 1500 1000 0.8 50 0.4 1 0.8
1.00097287982202 49.1743318267628 "experimento_51" 51 1500 1000 0.8 50 0.4 1 0.8
1.00179310914129 52.4792103927823 "experimento_51" 51 1500 1000 0.8 50 0.4 1 0.8
1.00000775114633 48.7238228997334 "experimento_51" 51 1500 1000 0.8 50 0.4 1 0.8
0.9998335163109 51.5208600070975 "experimento_51" 51 1500 1000 0.8 50 0.4 1 0.8
1.00007452742197 45.2915412281674 "experimento_51" 51 1500 1000 0.8 50 0.4 1 0.8
1.00028589727249 50.9523763589272 "experimento_51" 51 1500 1000 0.8 50 0.4 1 0.8
