"est.u" "est.lamb" "name" "seed" "size" "replicates" "p_umbral" "exp_lambda" "alpha_pen" "n_pen" "c"
1.00000500221743 50.3001079460902 "experimento_53" 53 5000 1000 0.8 50 0.4 1 0.8
1.00167481251293 49.0785424607267 "experimento_53" 53 5000 1000 0.8 50 0.4 1 0.8
1.00399614281021 50.7854274385225 "experimento_53" 53 5000 1000 0.8 50 0.4 1 0.8
1.00005690286553 51.5781329079276 "experimento_53" 53 5000 1000 0.8 50 0.4 1 0.8
0.999840136617422 48.4770791451998 "experimento_53" 53 5000 1000 0.8 50 0.4 1 0.8
1.00018937045884 50.1521048780674 "experimento_53" 53 5000 1000 0.8 50 0.4 1 0.8
0.999887652695179 50.2143599681768 "experimento_53" 53 5000 1000 0.8 50 0.4 1 0.8
0.999722626525909 52.375576699784 "experimento_53" 53 5000 1000 0.8 50 0.4 1 0.8
1.0069476980716 52.8829156050584 "experimento_53" 53 5000 1000 0.8 50 0.4 1 0.8
0.99983176169917 50.7126309729344 "experimento_53" 53 5000 1000 0.8 50 0.4 1 0.8
1.00004439995416 51.0465458691884 "experimento_53" 53 5000 1000 0.8 50 0.4 1 0.8
1.00240512603835 50.3965602617554 "experimento_53" 53 5000 1000 0.8 50 0.4 1 0.8
1.00032486678787 53.4966290614191 "experimento_53" 53 5000 1000 0.8 50 0.4 1 0.8
1.00638195352629 47.9405752055108 "experimento_53" 53 5000 1000 0.8 50 0.4 1 0.8
1.00013555486692 49.362914979212 "experimento_53" 53 5000 1000 0.8 50 0.4 1 0.8
1.0030982367415 52.6591242018363 "experimento_53" 53 5000 1000 0.8 50 0.4 1 0.8
1.00001858678646 49.6421216479072 "experimento_53" 53 5000 1000 0.8 50 0.4 1 0.8
0.999700661050156 48.2663160337521 "experimento_53" 53 5000 1000 0.8 50 0.4 1 0.8
1.00097193425232 49.9098992193837 "experimento_53" 53 5000 1000 0.8 50 0.4 1 0.8
1.00014169590548 50.7334499528969 "experimento_53" 53 5000 1000 0.8 50 0.4 1 0.8
1.00281090473756 46.8945136735079 "experimento_53" 53 5000 1000 0.8 50 0.4 1 0.8
0.999991939635947 50.7332224417728 "experimento_53" 53 5000 1000 0.8 50 0.4 1 0.8
1.00068119163919 49.6831683743286 "experimento_53" 53 5000 1000 0.8 50 0.4 1 0.8
1.0116585691238 46.9922815969236 "experimento_53" 53 5000 1000 0.8 50 0.4 1 0.8
1.00958327032407 50.7641508989643 "experimento_53" 53 5000 1000 0.8 50 0.4 1 0.8
0.999654942424968 51.4692941614334 "experimento_53" 53 5000 1000 0.8 50 0.4 1 0.8
1.00018695394509 49.9808149071924 "experimento_53" 53 5000 1000 0.8 50 0.4 1 0.8
1.01517575887879 49.0483085818904 "experimento_53" 53 5000 1000 0.8 50 0.4 1 0.8
1.00002257679589 50.7914472649246 "experimento_53" 53 5000 1000 0.8 50 0.4 1 0.8
1.00000536041667 50.1221038928416 "experimento_53" 53 5000 1000 0.8 50 0.4 1 0.8
1.00255434584357 49.627377625118 "experimento_53" 53 5000 1000 0.8 50 0.4 1 0.8
1.00670796426013 54.5199987300506 "experimento_53" 53 5000 1000 0.8 50 0.4 1 0.8
1.00154749933687 51.157715025012 "experimento_53" 53 5000 1000 0.8 50 0.4 1 0.8
1.0000081803739 49.8749262025021 "experimento_53" 53 5000 1000 0.8 50 0.4 1 0.8
1.00536738875339 49.5489535339845 "experimento_53" 53 5000 1000 0.8 50 0.4 1 0.8
1.01010844857432 48.5977331591438 "experimento_53" 53 5000 1000 0.8 50 0.4 1 0.8
1.00836430403998 53.1501474053115 "experimento_53" 53 5000 1000 0.8 50 0.4 1 0.8
1.00047481138259 51.0058828170914 "experimento_53" 53 5000 1000 0.8 50 0.4 1 0.8
1.01242513231933 46.1969228867218 "experimento_53" 53 5000 1000 0.8 50 0.4 1 0.8
1.00700666594319 49.526129470941 "experimento_53" 53 5000 1000 0.8 50 0.4 1 0.8
0.999703770969063 49.6604623786986 "experimento_53" 53 5000 1000 0.8 50 0.4 1 0.8
1.01811731266338 49.5311432146927 "experimento_53" 53 5000 1000 0.8 50 0.4 1 0.8
1.01628551052799 53.4181187015424 "experimento_53" 53 5000 1000 0.8 50 0.4 1 0.8
1.00655584017746 50.2974968860635 "experimento_53" 53 5000 1000 0.8 50 0.4 1 0.8
1.00076724069895 50.8446566729027 "experimento_53" 53 5000 1000 0.8 50 0.4 1 0.8
1.01482184939896 52.0791661995488 "experimento_53" 53 5000 1000 0.8 50 0.4 1 0.8
1.02401395013472 56.1342803077619 "experimento_53" 53 5000 1000 0.8 50 0.4 1 0.8
1.00036079790443 49.6658829407002 "experimento_53" 53 5000 1000 0.8 50 0.4 1 0.8
1.00252524744719 50.6751440404183 "experimento_53" 53 5000 1000 0.8 50 0.4 1 0.8
0.999780163168907 46.8364055931891 "experimento_53" 53 5000 1000 0.8 50 0.4 1 0.8
1.00002726374194 47.0775815278775 "experimento_53" 53 5000 1000 0.8 50 0.4 1 0.8
0.999977587955073 48.6362332655968 "experimento_53" 53 5000 1000 0.8 50 0.4 1 0.8
1.01236923010089 44.5054740446539 "experimento_53" 53 5000 1000 0.8 50 0.4 1 0.8
1.00395666002296 51.4164340921395 "experimento_53" 53 5000 1000 0.8 50 0.4 1 0.8
1.00009335369803 50.4571457073535 "experimento_53" 53 5000 1000 0.8 50 0.4 1 0.8
1.00221543207765 46.6035561727219 "experimento_53" 53 5000 1000 0.8 50 0.4 1 0.8
1.00002264747396 46.2652933203058 "experimento_53" 53 5000 1000 0.8 50 0.4 1 0.8
1.00178584572859 48.6568406322925 "experimento_53" 53 5000 1000 0.8 50 0.4 1 0.8
1.00514691499062 51.3428103716765 "experimento_53" 53 5000 1000 0.8 50 0.4 1 0.8
0.999842110555619 49.7889449396692 "experimento_53" 53 5000 1000 0.8 50 0.4 1 0.8
1.01612400317481 45.8464298804379 "experimento_53" 53 5000 1000 0.8 50 0.4 1 0.8
0.999774427618831 49.6640598471938 "experimento_53" 53 5000 1000 0.8 50 0.4 1 0.8
1.000107538132 53.8580233489317 "experimento_53" 53 5000 1000 0.8 50 0.4 1 0.8
1.0146872149772 45.4766469163972 "experimento_53" 53 5000 1000 0.8 50 0.4 1 0.8
1.00009413369632 51.0679158231711 "experimento_53" 53 5000 1000 0.8 50 0.4 1 0.8
1.00082270522602 51.9697009582368 "experimento_53" 53 5000 1000 0.8 50 0.4 1 0.8
1.00060580732147 48.8518799327383 "experimento_53" 53 5000 1000 0.8 50 0.4 1 0.8
1.00034612886754 50.3128573123013 "experimento_53" 53 5000 1000 0.8 50 0.4 1 0.8
0.999994198326021 48.4702342097235 "experimento_53" 53 5000 1000 0.8 50 0.4 1 0.8
1.0000148193478 50.9178797158443 "experimento_53" 53 5000 1000 0.8 50 0.4 1 0.8
1.00106952094473 51.6743630944932 "experimento_53" 53 5000 1000 0.8 50 0.4 1 0.8
1.00000384082636 52.320287143373 "experimento_53" 53 5000 1000 0.8 50 0.4 1 0.8
0.999935627216473 49.1566521682885 "experimento_53" 53 5000 1000 0.8 50 0.4 1 0.8
1.00537513554147 49.3788112573254 "experimento_53" 53 5000 1000 0.8 50 0.4 1 0.8
1.0000460795941 49.8587922063256 "experimento_53" 53 5000 1000 0.8 50 0.4 1 0.8
1.00974178043194 48.0282379009732 "experimento_53" 53 5000 1000 0.8 50 0.4 1 0.8
1.00412007731386 48.4656819016254 "experimento_53" 53 5000 1000 0.8 50 0.4 1 0.8
1.00065184056877 51.7147143286156 "experimento_53" 53 5000 1000 0.8 50 0.4 1 0.8
1.0016175414487 51.4349151359386 "experimento_53" 53 5000 1000 0.8 50 0.4 1 0.8
0.999864287441596 46.9741857617699 "experimento_53" 53 5000 1000 0.8 50 0.4 1 0.8
1.00005776984029 49.7705078369381 "experimento_53" 53 5000 1000 0.8 50 0.4 1 0.8
1.03135111600824 52.9222876175662 "experimento_53" 53 5000 1000 0.8 50 0.4 1 0.8
1.00966848784126 46.7837784770025 "experimento_53" 53 5000 1000 0.8 50 0.4 1 0.8
1.00005602623666 48.3802565785192 "experimento_53" 53 5000 1000 0.8 50 0.4 1 0.8
0.999634455190971 49.2088791567321 "experimento_53" 53 5000 1000 0.8 50 0.4 1 0.8
1.0001369197946 46.706473033335 "experimento_53" 53 5000 1000 0.8 50 0.4 1 0.8
1.01555841858093 53.9218981849693 "experimento_53" 53 5000 1000 0.8 50 0.4 1 0.8
1.00084344919511 49.2989846951967 "experimento_53" 53 5000 1000 0.8 50 0.4 1 0.8
0.999732454074547 48.8949105771304 "experimento_53" 53 5000 1000 0.8 50 0.4 1 0.8
1.00361852691509 48.0450304103836 "experimento_53" 53 5000 1000 0.8 50 0.4 1 0.8
1.00763679085299 48.2309639404138 "experimento_53" 53 5000 1000 0.8 50 0.4 1 0.8
1.00000685034425 50.5097702129866 "experimento_53" 53 5000 1000 0.8 50 0.4 1 0.8
0.999680172884837 50.1908335243738 "experimento_53" 53 5000 1000 0.8 50 0.4 1 0.8
1.00825222140363 47.0080790398089 "experimento_53" 53 5000 1000 0.8 50 0.4 1 0.8
1.00344412965478 50.9407831181535 "experimento_53" 53 5000 1000 0.8 50 0.4 1 0.8
1.02745942231184 47.6362425885904 "experimento_53" 53 5000 1000 0.8 50 0.4 1 0.8
1.00204164619139 49.6239291035979 "experimento_53" 53 5000 1000 0.8 50 0.4 1 0.8
0.99980330769904 49.6174997207045 "experimento_53" 53 5000 1000 0.8 50 0.4 1 0.8
1.00557839018134 50.2537640374461 "experimento_53" 53 5000 1000 0.8 50 0.4 1 0.8
0.999626143835485 49.8516207589061 "experimento_53" 53 5000 1000 0.8 50 0.4 1 0.8
1.00008309287346 51.9636994688674 "experimento_53" 53 5000 1000 0.8 50 0.4 1 0.8
0.999923018040136 49.2171152059876 "experimento_53" 53 5000 1000 0.8 50 0.4 1 0.8
1.00000834385137 49.1843704599467 "experimento_53" 53 5000 1000 0.8 50 0.4 1 0.8
0.999907211167738 49.9255864335539 "experimento_53" 53 5000 1000 0.8 50 0.4 1 0.8
1.01543027464216 48.0461577094518 "experimento_53" 53 5000 1000 0.8 50 0.4 1 0.8
1.00007338185795 51.2926311378647 "experimento_53" 53 5000 1000 0.8 50 0.4 1 0.8
0.9998963708058 47.1545105168888 "experimento_53" 53 5000 1000 0.8 50 0.4 1 0.8
0.999549015657976 47.8981205934729 "experimento_53" 53 5000 1000 0.8 50 0.4 1 0.8
1.00090963297666 47.9733008844908 "experimento_53" 53 5000 1000 0.8 50 0.4 1 0.8
1.0064885020256 55.3572349194057 "experimento_53" 53 5000 1000 0.8 50 0.4 1 0.8
1.00116820705123 50.8924891797671 "experimento_53" 53 5000 1000 0.8 50 0.4 1 0.8
1.00536716540344 48.3232106141711 "experimento_53" 53 5000 1000 0.8 50 0.4 1 0.8
1.00007373620612 50.0721268329473 "experimento_53" 53 5000 1000 0.8 50 0.4 1 0.8
1.00000630248429 51.1435409571641 "experimento_53" 53 5000 1000 0.8 50 0.4 1 0.8
1.0003042591922 49.9624551253243 "experimento_53" 53 5000 1000 0.8 50 0.4 1 0.8
1.00079936735516 50.6253346418195 "experimento_53" 53 5000 1000 0.8 50 0.4 1 0.8
0.999868733808398 47.7226966633817 "experimento_53" 53 5000 1000 0.8 50 0.4 1 0.8
0.999729060567915 47.9069457378273 "experimento_53" 53 5000 1000 0.8 50 0.4 1 0.8
1.00017032776457 53.2564039573182 "experimento_53" 53 5000 1000 0.8 50 0.4 1 0.8
1.00000835672021 52.04030339053 "experimento_53" 53 5000 1000 0.8 50 0.4 1 0.8
0.999876998364925 52.9726829021953 "experimento_53" 53 5000 1000 0.8 50 0.4 1 0.8
1.0012211884518 48.5908851360657 "experimento_53" 53 5000 1000 0.8 50 0.4 1 0.8
0.999751745490357 49.2493974907807 "experimento_53" 53 5000 1000 0.8 50 0.4 1 0.8
1.01479700094005 52.9608664907572 "experimento_53" 53 5000 1000 0.8 50 0.4 1 0.8
1.00511017225433 47.3377582011153 "experimento_53" 53 5000 1000 0.8 50 0.4 1 0.8
1.03590170144867 52.880836927676 "experimento_53" 53 5000 1000 0.8 50 0.4 1 0.8
1.00958465083502 51.675983690296 "experimento_53" 53 5000 1000 0.8 50 0.4 1 0.8
1.0193657828114 55.5197587579533 "experimento_53" 53 5000 1000 0.8 50 0.4 1 0.8
1.00132453768025 51.399569039011 "experimento_53" 53 5000 1000 0.8 50 0.4 1 0.8
1.00012300026688 49.8090987092056 "experimento_53" 53 5000 1000 0.8 50 0.4 1 0.8
1.00148645319976 52.0095485749651 "experimento_53" 53 5000 1000 0.8 50 0.4 1 0.8
1.00641540512443 52.0244393611239 "experimento_53" 53 5000 1000 0.8 50 0.4 1 0.8
1.00708444359712 48.3469584173328 "experimento_53" 53 5000 1000 0.8 50 0.4 1 0.8
1.00002227197401 52.4193878875847 "experimento_53" 53 5000 1000 0.8 50 0.4 1 0.8
1.0004076864291 49.6193391285348 "experimento_53" 53 5000 1000 0.8 50 0.4 1 0.8
0.999739305581897 49.5508888878782 "experimento_53" 53 5000 1000 0.8 50 0.4 1 0.8
1.00012877418974 49.579287657389 "experimento_53" 53 5000 1000 0.8 50 0.4 1 0.8
1.0000723208001 51.0222990801046 "experimento_53" 53 5000 1000 0.8 50 0.4 1 0.8
1.00001815724404 50.9935611921089 "experimento_53" 53 5000 1000 0.8 50 0.4 1 0.8
1.00007793298922 52.2069018267339 "experimento_53" 53 5000 1000 0.8 50 0.4 1 0.8
1.00475633956492 50.7690866103015 "experimento_53" 53 5000 1000 0.8 50 0.4 1 0.8
1.00064670942014 52.2226246356575 "experimento_53" 53 5000 1000 0.8 50 0.4 1 0.8
1.01492464143699 46.5568186589633 "experimento_53" 53 5000 1000 0.8 50 0.4 1 0.8
1.0003384926869 50.5300653431793 "experimento_53" 53 5000 1000 0.8 50 0.4 1 0.8
1.00001646959936 51.3070252361075 "experimento_53" 53 5000 1000 0.8 50 0.4 1 0.8
1.00004166445986 52.1172300410701 "experimento_53" 53 5000 1000 0.8 50 0.4 1 0.8
0.999476477736607 48.8951432867813 "experimento_53" 53 5000 1000 0.8 50 0.4 1 0.8
1.00010807100237 50.5058630375705 "experimento_53" 53 5000 1000 0.8 50 0.4 1 0.8
1.00646647948575 53.244571514207 "experimento_53" 53 5000 1000 0.8 50 0.4 1 0.8
1.00415087515488 45.9113726487902 "experimento_53" 53 5000 1000 0.8 50 0.4 1 0.8
0.999948656186461 48.9968072754649 "experimento_53" 53 5000 1000 0.8 50 0.4 1 0.8
1.00000272217207 49.5944992438207 "experimento_53" 53 5000 1000 0.8 50 0.4 1 0.8
1.00007597595198 51.9909945420265 "experimento_53" 53 5000 1000 0.8 50 0.4 1 0.8
1.00023933617398 50.6059910129802 "experimento_53" 53 5000 1000 0.8 50 0.4 1 0.8
1.00007508004084 50.3031702256535 "experimento_53" 53 5000 1000 0.8 50 0.4 1 0.8
1.00761936491355 48.159415953739 "experimento_53" 53 5000 1000 0.8 50 0.4 1 0.8
1.00023849164136 49.879105673923 "experimento_53" 53 5000 1000 0.8 50 0.4 1 0.8
1.00004379519261 54.1735246388469 "experimento_53" 53 5000 1000 0.8 50 0.4 1 0.8
1.0140949375174 45.3578755683435 "experimento_53" 53 5000 1000 0.8 50 0.4 1 0.8
1.00476505245082 49.6132059947644 "experimento_53" 53 5000 1000 0.8 50 0.4 1 0.8
1.00001983675174 52.1218087684763 "experimento_53" 53 5000 1000 0.8 50 0.4 1 0.8
1.00005797111429 46.6690120638364 "experimento_53" 53 5000 1000 0.8 50 0.4 1 0.8
1.02127595821312 47.9985297053508 "experimento_53" 53 5000 1000 0.8 50 0.4 1 0.8
1.01413821821948 54.3341868512945 "experimento_53" 53 5000 1000 0.8 50 0.4 1 0.8
1.00024611711249 50.8997697603717 "experimento_53" 53 5000 1000 0.8 50 0.4 1 0.8
1.01233504763804 50.9527733362377 "experimento_53" 53 5000 1000 0.8 50 0.4 1 0.8
1.00004886395298 49.1514384930414 "experimento_53" 53 5000 1000 0.8 50 0.4 1 0.8
1.00009207254656 50.0590015804103 "experimento_53" 53 5000 1000 0.8 50 0.4 1 0.8
1.00093312060991 49.5572602327283 "experimento_53" 53 5000 1000 0.8 50 0.4 1 0.8
1.00710023493506 52.992252582362 "experimento_53" 53 5000 1000 0.8 50 0.4 1 0.8
1.02658083232036 56.3099973811436 "experimento_53" 53 5000 1000 0.8 50 0.4 1 0.8
0.999627746175975 47.5800189702372 "experimento_53" 53 5000 1000 0.8 50 0.4 1 0.8
1.0002533627674 50.8841114134012 "experimento_53" 53 5000 1000 0.8 50 0.4 1 0.8
1.00011098869145 48.5891825379711 "experimento_53" 53 5000 1000 0.8 50 0.4 1 0.8
1.00001987005524 51.1152816758327 "experimento_53" 53 5000 1000 0.8 50 0.4 1 0.8
1.01266005149111 48.9707935449195 "experimento_53" 53 5000 1000 0.8 50 0.4 1 0.8
1.00040629367141 50.9332819947216 "experimento_53" 53 5000 1000 0.8 50 0.4 1 0.8
1.00011282279156 48.9359413937579 "experimento_53" 53 5000 1000 0.8 50 0.4 1 0.8
1.00275493903086 49.3813770791874 "experimento_53" 53 5000 1000 0.8 50 0.4 1 0.8
1.00004305378534 51.6404123356363 "experimento_53" 53 5000 1000 0.8 50 0.4 1 0.8
1.00939710923471 49.3710695070189 "experimento_53" 53 5000 1000 0.8 50 0.4 1 0.8
1.00156948843971 51.2705199074728 "experimento_53" 53 5000 1000 0.8 50 0.4 1 0.8
0.999901683069766 49.2617272845989 "experimento_53" 53 5000 1000 0.8 50 0.4 1 0.8
1.00823581992649 47.4706938708008 "experimento_53" 53 5000 1000 0.8 50 0.4 1 0.8
0.999998988350853 49.5492355577092 "experimento_53" 53 5000 1000 0.8 50 0.4 1 0.8
1.00473306813277 47.2938249556135 "experimento_53" 53 5000 1000 0.8 50 0.4 1 0.8
1.01175505081192 48.4524667468804 "experimento_53" 53 5000 1000 0.8 50 0.4 1 0.8
1.00323099617846 54.7787887892833 "experimento_53" 53 5000 1000 0.8 50 0.4 1 0.8
0.999785571126267 51.1651390529715 "experimento_53" 53 5000 1000 0.8 50 0.4 1 0.8
1.00120556828566 47.1508408554192 "experimento_53" 53 5000 1000 0.8 50 0.4 1 0.8
1.00081683731638 51.1795034316778 "experimento_53" 53 5000 1000 0.8 50 0.4 1 0.8
1.00172568537295 49.8475956227412 "experimento_53" 53 5000 1000 0.8 50 0.4 1 0.8
0.999867245787755 48.0774353634184 "experimento_53" 53 5000 1000 0.8 50 0.4 1 0.8
0.99966583494097 49.0144079197356 "experimento_53" 53 5000 1000 0.8 50 0.4 1 0.8
1.00630521122366 53.4540548745891 "experimento_53" 53 5000 1000 0.8 50 0.4 1 0.8
1.00038164895287 51.7805377635035 "experimento_53" 53 5000 1000 0.8 50 0.4 1 0.8
1.00044046877631 49.7689443590983 "experimento_53" 53 5000 1000 0.8 50 0.4 1 0.8
1.00613783515058 49.8712895475613 "experimento_53" 53 5000 1000 0.8 50 0.4 1 0.8
1.00004848529953 48.8616997297529 "experimento_53" 53 5000 1000 0.8 50 0.4 1 0.8
1.00007470519282 53.1269434103461 "experimento_53" 53 5000 1000 0.8 50 0.4 1 0.8
1.00130132479359 51.0710117515357 "experimento_53" 53 5000 1000 0.8 50 0.4 1 0.8
0.999526422005147 47.766289341623 "experimento_53" 53 5000 1000 0.8 50 0.4 1 0.8
1.00727310322225 48.5962253478681 "experimento_53" 53 5000 1000 0.8 50 0.4 1 0.8
1.01150451497175 45.2344489304617 "experimento_53" 53 5000 1000 0.8 50 0.4 1 0.8
1.00163567033596 50.2849892216134 "experimento_53" 53 5000 1000 0.8 50 0.4 1 0.8
1.0000047366973 47.6170691034261 "experimento_53" 53 5000 1000 0.8 50 0.4 1 0.8
1.02368532793512 51.844566245401 "experimento_53" 53 5000 1000 0.8 50 0.4 1 0.8
1.00336166913325 52.0086552108716 "experimento_53" 53 5000 1000 0.8 50 0.4 1 0.8
1.00010535413523 50.0435179750167 "experimento_53" 53 5000 1000 0.8 50 0.4 1 0.8
1.01035426896481 50.4549356034811 "experimento_53" 53 5000 1000 0.8 50 0.4 1 0.8
0.999567886814475 49.3707462570932 "experimento_53" 53 5000 1000 0.8 50 0.4 1 0.8
1.0000518736802 49.4895612982454 "experimento_53" 53 5000 1000 0.8 50 0.4 1 0.8
1.00104676594958 49.9103820286623 "experimento_53" 53 5000 1000 0.8 50 0.4 1 0.8
0.999534994363785 49.2557837511347 "experimento_53" 53 5000 1000 0.8 50 0.4 1 0.8
1.00098698595539 50.9118080449162 "experimento_53" 53 5000 1000 0.8 50 0.4 1 0.8
1.00002519435249 49.4576729331812 "experimento_53" 53 5000 1000 0.8 50 0.4 1 0.8
1.0000180348102 49.2914083593479 "experimento_53" 53 5000 1000 0.8 50 0.4 1 0.8
1.01483495818367 45.1917639103779 "experimento_53" 53 5000 1000 0.8 50 0.4 1 0.8
1.0000131940376 49.7143835818758 "experimento_53" 53 5000 1000 0.8 50 0.4 1 0.8
1.00000059290276 51.1742138401504 "experimento_53" 53 5000 1000 0.8 50 0.4 1 0.8
1.00189820986953 52.0960960636161 "experimento_53" 53 5000 1000 0.8 50 0.4 1 0.8
1.00163582843087 51.6805996948837 "experimento_53" 53 5000 1000 0.8 50 0.4 1 0.8
1.00056923176162 52.5885012686651 "experimento_53" 53 5000 1000 0.8 50 0.4 1 0.8
1.00012323821895 50.7730090325514 "experimento_53" 53 5000 1000 0.8 50 0.4 1 0.8
1.0043287018314 50.9388917155178 "experimento_53" 53 5000 1000 0.8 50 0.4 1 0.8
1.00004195887595 53.4685162774213 "experimento_53" 53 5000 1000 0.8 50 0.4 1 0.8
1.00000324272551 51.6021916624951 "experimento_53" 53 5000 1000 0.8 50 0.4 1 0.8
1.0000876553724 50.7673271366803 "experimento_53" 53 5000 1000 0.8 50 0.4 1 0.8
1.00094858600758 48.0069726418809 "experimento_53" 53 5000 1000 0.8 50 0.4 1 0.8
1.00007827282883 51.6140532405267 "experimento_53" 53 5000 1000 0.8 50 0.4 1 0.8
0.99990490754135 50.3488915185035 "experimento_53" 53 5000 1000 0.8 50 0.4 1 0.8
1.00869620255195 48.4173211417331 "experimento_53" 53 5000 1000 0.8 50 0.4 1 0.8
1.00641827339306 50.3223565232607 "experimento_53" 53 5000 1000 0.8 50 0.4 1 0.8
0.999748215079308 47.3681490973845 "experimento_53" 53 5000 1000 0.8 50 0.4 1 0.8
1.00842414017767 52.4593709401071 "experimento_53" 53 5000 1000 0.8 50 0.4 1 0.8
1.00013293065143 52.0071630046596 "experimento_53" 53 5000 1000 0.8 50 0.4 1 0.8
1.00017416190633 48.1969360105217 "experimento_53" 53 5000 1000 0.8 50 0.4 1 0.8
0.999678699066862 48.2734359667519 "experimento_53" 53 5000 1000 0.8 50 0.4 1 0.8
1.00162356589921 50.5320530342735 "experimento_53" 53 5000 1000 0.8 50 0.4 1 0.8
1.00012670347467 51.3073848886932 "experimento_53" 53 5000 1000 0.8 50 0.4 1 0.8
1.00015030684579 51.7575725193804 "experimento_53" 53 5000 1000 0.8 50 0.4 1 0.8
1.01676800636491 44.2800491358883 "experimento_53" 53 5000 1000 0.8 50 0.4 1 0.8
0.999852784676477 48.1925217997623 "experimento_53" 53 5000 1000 0.8 50 0.4 1 0.8
1.00019818458706 51.9102384276915 "experimento_53" 53 5000 1000 0.8 50 0.4 1 0.8
1.00001309846528 48.3905819417569 "experimento_53" 53 5000 1000 0.8 50 0.4 1 0.8
1.0061970904097 50.1384414116486 "experimento_53" 53 5000 1000 0.8 50 0.4 1 0.8
1.00275418146496 48.6806797898188 "experimento_53" 53 5000 1000 0.8 50 0.4 1 0.8
1.00242817540653 49.2786451894531 "experimento_53" 53 5000 1000 0.8 50 0.4 1 0.8
0.999967768322676 48.7368797742082 "experimento_53" 53 5000 1000 0.8 50 0.4 1 0.8
1.00007885041647 49.1357070210473 "experimento_53" 53 5000 1000 0.8 50 0.4 1 0.8
0.999522624770179 48.3653835171185 "experimento_53" 53 5000 1000 0.8 50 0.4 1 0.8
1.00041162203066 50.9770718183765 "experimento_53" 53 5000 1000 0.8 50 0.4 1 0.8
1.00146813701801 52.1852787158731 "experimento_53" 53 5000 1000 0.8 50 0.4 1 0.8
1.00003302727826 49.2267917855535 "experimento_53" 53 5000 1000 0.8 50 0.4 1 0.8
1.00478024272287 49.923374644192 "experimento_53" 53 5000 1000 0.8 50 0.4 1 0.8
1.00707866892219 53.3811114055923 "experimento_53" 53 5000 1000 0.8 50 0.4 1 0.8
1.00219147729687 52.231634068629 "experimento_53" 53 5000 1000 0.8 50 0.4 1 0.8
0.999621644383296 49.7065717490116 "experimento_53" 53 5000 1000 0.8 50 0.4 1 0.8
1.0000325666368 49.3125455920111 "experimento_53" 53 5000 1000 0.8 50 0.4 1 0.8
1.01137383284979 49.8311447228818 "experimento_53" 53 5000 1000 0.8 50 0.4 1 0.8
1.00665766402148 46.7297273728536 "experimento_53" 53 5000 1000 0.8 50 0.4 1 0.8
1.00050951469491 48.7736850218223 "experimento_53" 53 5000 1000 0.8 50 0.4 1 0.8
1.0010409244895 52.4457815440757 "experimento_53" 53 5000 1000 0.8 50 0.4 1 0.8
1.00427139432169 50.3314686990526 "experimento_53" 53 5000 1000 0.8 50 0.4 1 0.8
1.00862788529247 53.2041854656124 "experimento_53" 53 5000 1000 0.8 50 0.4 1 0.8
1.01007008499466 53.9594983013712 "experimento_53" 53 5000 1000 0.8 50 0.4 1 0.8
0.999611684586853 48.6154253132489 "experimento_53" 53 5000 1000 0.8 50 0.4 1 0.8
1.00049326677807 52.0852278815322 "experimento_53" 53 5000 1000 0.8 50 0.4 1 0.8
0.999637233559042 49.5168986951592 "experimento_53" 53 5000 1000 0.8 50 0.4 1 0.8
1.00851854274049 45.7981629903699 "experimento_53" 53 5000 1000 0.8 50 0.4 1 0.8
1.00618023846451 48.6662819447567 "experimento_53" 53 5000 1000 0.8 50 0.4 1 0.8
1.0000036006514 47.9528898218172 "experimento_53" 53 5000 1000 0.8 50 0.4 1 0.8
0.999871077248827 48.0308392803523 "experimento_53" 53 5000 1000 0.8 50 0.4 1 0.8
1.00000144733784 48.5119268538328 "experimento_53" 53 5000 1000 0.8 50 0.4 1 0.8
1.00121078439639 48.0215219416628 "experimento_53" 53 5000 1000 0.8 50 0.4 1 0.8
1.01748511787186 45.8723111573888 "experimento_53" 53 5000 1000 0.8 50 0.4 1 0.8
1.00133984265849 50.367443662558 "experimento_53" 53 5000 1000 0.8 50 0.4 1 0.8
1.00010339364409 48.0782461756948 "experimento_53" 53 5000 1000 0.8 50 0.4 1 0.8
1.00385974727738 47.7262416451345 "experimento_53" 53 5000 1000 0.8 50 0.4 1 0.8
1.00007400334498 51.4548405223709 "experimento_53" 53 5000 1000 0.8 50 0.4 1 0.8
1.00015153762884 51.0482028322585 "experimento_53" 53 5000 1000 0.8 50 0.4 1 0.8
0.999925772659481 51.6917552081148 "experimento_53" 53 5000 1000 0.8 50 0.4 1 0.8
1.00625684547238 51.3201992649941 "experimento_53" 53 5000 1000 0.8 50 0.4 1 0.8
0.9996348307468 48.0656536527919 "experimento_53" 53 5000 1000 0.8 50 0.4 1 0.8
1.00305446979934 51.7120012791611 "experimento_53" 53 5000 1000 0.8 50 0.4 1 0.8
1.00013726026728 49.3589946656258 "experimento_53" 53 5000 1000 0.8 50 0.4 1 0.8
1.00052282724062 48.7036573407325 "experimento_53" 53 5000 1000 0.8 50 0.4 1 0.8
1.00051404555575 51.3037879002668 "experimento_53" 53 5000 1000 0.8 50 0.4 1 0.8
1.00302727124654 54.8591986979161 "experimento_53" 53 5000 1000 0.8 50 0.4 1 0.8
1.00002734983033 48.251167214659 "experimento_53" 53 5000 1000 0.8 50 0.4 1 0.8
1.00000983160669 50.6809755281043 "experimento_53" 53 5000 1000 0.8 50 0.4 1 0.8
1.00162882078378 53.0375057243427 "experimento_53" 53 5000 1000 0.8 50 0.4 1 0.8
1.00000507075157 49.7418308955049 "experimento_53" 53 5000 1000 0.8 50 0.4 1 0.8
0.999845788814127 48.8100455088107 "experimento_53" 53 5000 1000 0.8 50 0.4 1 0.8
1.00007587116734 47.01461728217 "experimento_53" 53 5000 1000 0.8 50 0.4 1 0.8
1.00006270698272 48.6202824244123 "experimento_53" 53 5000 1000 0.8 50 0.4 1 0.8
0.999930755933747 49.2926678232927 "experimento_53" 53 5000 1000 0.8 50 0.4 1 0.8
1.00470018197746 47.3208863316177 "experimento_53" 53 5000 1000 0.8 50 0.4 1 0.8
1.00386625008658 53.3591834040851 "experimento_53" 53 5000 1000 0.8 50 0.4 1 0.8
0.999806165229529 49.2070305531011 "experimento_53" 53 5000 1000 0.8 50 0.4 1 0.8
1.00282450316474 50.526270561709 "experimento_53" 53 5000 1000 0.8 50 0.4 1 0.8
1.00680683471446 53.1329039655833 "experimento_53" 53 5000 1000 0.8 50 0.4 1 0.8
1.0000112109445 49.7805648753857 "experimento_53" 53 5000 1000 0.8 50 0.4 1 0.8
1.00113429370336 53.8982800140048 "experimento_53" 53 5000 1000 0.8 50 0.4 1 0.8
1.00215371455997 53.1670558601261 "experimento_53" 53 5000 1000 0.8 50 0.4 1 0.8
1.00091169391984 52.1753918290831 "experimento_53" 53 5000 1000 0.8 50 0.4 1 0.8
1.01148158223368 52.184479218814 "experimento_53" 53 5000 1000 0.8 50 0.4 1 0.8
1.00092105807549 49.948697140979 "experimento_53" 53 5000 1000 0.8 50 0.4 1 0.8
0.999849740648642 49.1241141061589 "experimento_53" 53 5000 1000 0.8 50 0.4 1 0.8
1.00000445693731 50.4942519809672 "experimento_53" 53 5000 1000 0.8 50 0.4 1 0.8
1.00438167942336 45.8832883468375 "experimento_53" 53 5000 1000 0.8 50 0.4 1 0.8
1.00942254623119 55.3888655762486 "experimento_53" 53 5000 1000 0.8 50 0.4 1 0.8
0.999957215739414 48.379777454103 "experimento_53" 53 5000 1000 0.8 50 0.4 1 0.8
0.999658382264897 52.7827403601286 "experimento_53" 53 5000 1000 0.8 50 0.4 1 0.8
1.00279913294129 47.4105656080496 "experimento_53" 53 5000 1000 0.8 50 0.4 1 0.8
1.00085068009794 50.6842750301917 "experimento_53" 53 5000 1000 0.8 50 0.4 1 0.8
1.00794010383077 48.2706262194201 "experimento_53" 53 5000 1000 0.8 50 0.4 1 0.8
1.00076491195709 50.1893272614928 "experimento_53" 53 5000 1000 0.8 50 0.4 1 0.8
1.00057803662494 51.6603592513671 "experimento_53" 53 5000 1000 0.8 50 0.4 1 0.8
1.00502689395492 47.0420060587494 "experimento_53" 53 5000 1000 0.8 50 0.4 1 0.8
1.00339268997312 48.5553532766309 "experimento_53" 53 5000 1000 0.8 50 0.4 1 0.8
1.02178948366066 59.0775674658142 "experimento_53" 53 5000 1000 0.8 50 0.4 1 0.8
1.00042244859971 50.8900190995653 "experimento_53" 53 5000 1000 0.8 50 0.4 1 0.8
1.00089184006676 49.5821351248169 "experimento_53" 53 5000 1000 0.8 50 0.4 1 0.8
1.00001121598296 50.5681469408853 "experimento_53" 53 5000 1000 0.8 50 0.4 1 0.8
1.00045621777885 47.4669822308505 "experimento_53" 53 5000 1000 0.8 50 0.4 1 0.8
1.01146570027806 49.8445453223701 "experimento_53" 53 5000 1000 0.8 50 0.4 1 0.8
1.0000131490166 50.1119985467442 "experimento_53" 53 5000 1000 0.8 50 0.4 1 0.8
1.01139955449849 51.8715866566636 "experimento_53" 53 5000 1000 0.8 50 0.4 1 0.8
1.01281026544757 49.5152465082649 "experimento_53" 53 5000 1000 0.8 50 0.4 1 0.8
1.01719143501735 52.540559638984 "experimento_53" 53 5000 1000 0.8 50 0.4 1 0.8
1.00103007037728 48.5013608054394 "experimento_53" 53 5000 1000 0.8 50 0.4 1 0.8
1.01386278753169 51.1304039649445 "experimento_53" 53 5000 1000 0.8 50 0.4 1 0.8
1.03281508385381 46.7685166810383 "experimento_53" 53 5000 1000 0.8 50 0.4 1 0.8
0.999740145169199 49.3323756498078 "experimento_53" 53 5000 1000 0.8 50 0.4 1 0.8
1.00013430180959 49.6341810114568 "experimento_53" 53 5000 1000 0.8 50 0.4 1 0.8
1.02860488056548 53.096970056784 "experimento_53" 53 5000 1000 0.8 50 0.4 1 0.8
0.999894037144259 50.2495066641011 "experimento_53" 53 5000 1000 0.8 50 0.4 1 0.8
0.999860391253605 47.7347105779495 "experimento_53" 53 5000 1000 0.8 50 0.4 1 0.8
1.00202233226039 49.6999379523405 "experimento_53" 53 5000 1000 0.8 50 0.4 1 0.8
1.00000479705721 50.5255539592272 "experimento_53" 53 5000 1000 0.8 50 0.4 1 0.8
1.01096605475992 51.1184823043687 "experimento_53" 53 5000 1000 0.8 50 0.4 1 0.8
1.01444884521115 45.8298597887299 "experimento_53" 53 5000 1000 0.8 50 0.4 1 0.8
1.00000761377625 47.7128496766802 "experimento_53" 53 5000 1000 0.8 50 0.4 1 0.8
1.00619617088766 47.3301273907486 "experimento_53" 53 5000 1000 0.8 50 0.4 1 0.8
1.00002568476354 52.89102654804 "experimento_53" 53 5000 1000 0.8 50 0.4 1 0.8
1.00589088729583 51.6827231213278 "experimento_53" 53 5000 1000 0.8 50 0.4 1 0.8
1.00007498391904 49.3809225799716 "experimento_53" 53 5000 1000 0.8 50 0.4 1 0.8
1.0013185386546 49.5872572623624 "experimento_53" 53 5000 1000 0.8 50 0.4 1 0.8
1.0008578892611 49.6340928429635 "experimento_53" 53 5000 1000 0.8 50 0.4 1 0.8
1.00105805745348 51.7743980439565 "experimento_53" 53 5000 1000 0.8 50 0.4 1 0.8
1.01024691027589 51.9451417638936 "experimento_53" 53 5000 1000 0.8 50 0.4 1 0.8
1.0000060477205 51.1619299406976 "experimento_53" 53 5000 1000 0.8 50 0.4 1 0.8
1.00636859356426 52.0431025976615 "experimento_53" 53 5000 1000 0.8 50 0.4 1 0.8
1.0087789704185 52.8475158990765 "experimento_53" 53 5000 1000 0.8 50 0.4 1 0.8
1.00071963088587 48.1437655471346 "experimento_53" 53 5000 1000 0.8 50 0.4 1 0.8
0.999922970077023 50.0046826470956 "experimento_53" 53 5000 1000 0.8 50 0.4 1 0.8
1.0000250311119 50.7568860574237 "experimento_53" 53 5000 1000 0.8 50 0.4 1 0.8
0.999739019200206 48.8320530355835 "experimento_53" 53 5000 1000 0.8 50 0.4 1 0.8
1.01119787789881 49.5201727302811 "experimento_53" 53 5000 1000 0.8 50 0.4 1 0.8
1.00145327939593 47.7613065757243 "experimento_53" 53 5000 1000 0.8 50 0.4 1 0.8
1.00880881491117 52.6617341908525 "experimento_53" 53 5000 1000 0.8 50 0.4 1 0.8
1.0003543586933 53.3631442489385 "experimento_53" 53 5000 1000 0.8 50 0.4 1 0.8
1.00058641650491 51.0870880339313 "experimento_53" 53 5000 1000 0.8 50 0.4 1 0.8
1.01043472585268 54.2516147982805 "experimento_53" 53 5000 1000 0.8 50 0.4 1 0.8
1.00312882872589 48.8298874257707 "experimento_53" 53 5000 1000 0.8 50 0.4 1 0.8
1.00127613789402 49.3557487131986 "experimento_53" 53 5000 1000 0.8 50 0.4 1 0.8
0.999750732211396 50.9680520821856 "experimento_53" 53 5000 1000 0.8 50 0.4 1 0.8
1.00605583627708 49.8370948977975 "experimento_53" 53 5000 1000 0.8 50 0.4 1 0.8
1.00004809725098 51.7562049813545 "experimento_53" 53 5000 1000 0.8 50 0.4 1 0.8
1.00131857198663 51.6921842637718 "experimento_53" 53 5000 1000 0.8 50 0.4 1 0.8
1.00010071315803 48.0665233973816 "experimento_53" 53 5000 1000 0.8 50 0.4 1 0.8
1.000510846942 48.6614915421946 "experimento_53" 53 5000 1000 0.8 50 0.4 1 0.8
1.00065162782341 50.5340894150911 "experimento_53" 53 5000 1000 0.8 50 0.4 1 0.8
1.00001229784451 52.4873317618381 "experimento_53" 53 5000 1000 0.8 50 0.4 1 0.8
0.999905806500465 48.1696426931114 "experimento_53" 53 5000 1000 0.8 50 0.4 1 0.8
1.00225812873803 53.5059041392337 "experimento_53" 53 5000 1000 0.8 50 0.4 1 0.8
1.00329924947582 50.5459329995936 "experimento_53" 53 5000 1000 0.8 50 0.4 1 0.8
1.0003508360777 51.4648523300084 "experimento_53" 53 5000 1000 0.8 50 0.4 1 0.8
1.0003549652945 49.4919995771863 "experimento_53" 53 5000 1000 0.8 50 0.4 1 0.8
1.00011316485703 49.706069425257 "experimento_53" 53 5000 1000 0.8 50 0.4 1 0.8
1.00370088645257 50.8598096899206 "experimento_53" 53 5000 1000 0.8 50 0.4 1 0.8
0.999843759229407 49.2903246276068 "experimento_53" 53 5000 1000 0.8 50 0.4 1 0.8
1.00136546186942 50.0114824568483 "experimento_53" 53 5000 1000 0.8 50 0.4 1 0.8
1.01941288011065 54.168532089773 "experimento_53" 53 5000 1000 0.8 50 0.4 1 0.8
0.999970894074067 47.7895291100976 "experimento_53" 53 5000 1000 0.8 50 0.4 1 0.8
1.00625153112988 47.6625851349949 "experimento_53" 53 5000 1000 0.8 50 0.4 1 0.8
0.999864488374442 51.9029105878066 "experimento_53" 53 5000 1000 0.8 50 0.4 1 0.8
1.02315372355198 55.2944768236656 "experimento_53" 53 5000 1000 0.8 50 0.4 1 0.8
0.999976011458784 50.4131584152357 "experimento_53" 53 5000 1000 0.8 50 0.4 1 0.8
1.00000643402338 48.6717209002401 "experimento_53" 53 5000 1000 0.8 50 0.4 1 0.8
1.004766085677 48.8664071998753 "experimento_53" 53 5000 1000 0.8 50 0.4 1 0.8
1.01837677609642 43.88196477665 "experimento_53" 53 5000 1000 0.8 50 0.4 1 0.8
1.00546044632792 49.8460398958443 "experimento_53" 53 5000 1000 0.8 50 0.4 1 0.8
1.00013520214707 50.457916830709 "experimento_53" 53 5000 1000 0.8 50 0.4 1 0.8
1.0008144587544 51.8878300983464 "experimento_53" 53 5000 1000 0.8 50 0.4 1 0.8
1.00331215879114 47.2372783116739 "experimento_53" 53 5000 1000 0.8 50 0.4 1 0.8
1.00003731048666 50.2058778604811 "experimento_53" 53 5000 1000 0.8 50 0.4 1 0.8
1.00661976277828 49.0207481839548 "experimento_53" 53 5000 1000 0.8 50 0.4 1 0.8
1.00006314577535 49.1411665604275 "experimento_53" 53 5000 1000 0.8 50 0.4 1 0.8
1.00389267651364 50.1235958632378 "experimento_53" 53 5000 1000 0.8 50 0.4 1 0.8
1.00276249527 52.2917265682638 "experimento_53" 53 5000 1000 0.8 50 0.4 1 0.8
1.00337651244365 47.9637739548546 "experimento_53" 53 5000 1000 0.8 50 0.4 1 0.8
1.00724131443538 48.0463491465601 "experimento_53" 53 5000 1000 0.8 50 0.4 1 0.8
1.00229408286602 49.785915871576 "experimento_53" 53 5000 1000 0.8 50 0.4 1 0.8
1.00006046080962 50.7731547418043 "experimento_53" 53 5000 1000 0.8 50 0.4 1 0.8
1.00018289328399 47.2058520196365 "experimento_53" 53 5000 1000 0.8 50 0.4 1 0.8
1.00117968089879 50.2908437314173 "experimento_53" 53 5000 1000 0.8 50 0.4 1 0.8
0.999865833902732 53.0243843463422 "experimento_53" 53 5000 1000 0.8 50 0.4 1 0.8
1.00429977642372 50.6791918926914 "experimento_53" 53 5000 1000 0.8 50 0.4 1 0.8
1.00908660061657 52.0211942921934 "experimento_53" 53 5000 1000 0.8 50 0.4 1 0.8
1.00016243824681 50.2033911367951 "experimento_53" 53 5000 1000 0.8 50 0.4 1 0.8
1.00850492250174 54.0016178920824 "experimento_53" 53 5000 1000 0.8 50 0.4 1 0.8
0.999694481724873 48.8940645380224 "experimento_53" 53 5000 1000 0.8 50 0.4 1 0.8
1.00033129925882 47.6993289602621 "experimento_53" 53 5000 1000 0.8 50 0.4 1 0.8
1.00167748659345 49.3943135933879 "experimento_53" 53 5000 1000 0.8 50 0.4 1 0.8
0.999715956160799 48.3207246243572 "experimento_53" 53 5000 1000 0.8 50 0.4 1 0.8
1.01306798632257 51.1276075431037 "experimento_53" 53 5000 1000 0.8 50 0.4 1 0.8
1.00683652580716 49.5740954050011 "experimento_53" 53 5000 1000 0.8 50 0.4 1 0.8
1.00000242863782 48.8000299344576 "experimento_53" 53 5000 1000 0.8 50 0.4 1 0.8
1.01359900452197 54.1597760870434 "experimento_53" 53 5000 1000 0.8 50 0.4 1 0.8
1.00070269671116 51.2604476112337 "experimento_53" 53 5000 1000 0.8 50 0.4 1 0.8
1.00018252081238 48.5782754787506 "experimento_53" 53 5000 1000 0.8 50 0.4 1 0.8
1.00031525329687 48.6163270983084 "experimento_53" 53 5000 1000 0.8 50 0.4 1 0.8
1.00249097098596 50.785939876121 "experimento_53" 53 5000 1000 0.8 50 0.4 1 0.8
1.00008005006239 48.8063938871394 "experimento_53" 53 5000 1000 0.8 50 0.4 1 0.8
1.00000649463035 49.2755436074929 "experimento_53" 53 5000 1000 0.8 50 0.4 1 0.8
1.00587928680824 49.3221136806684 "experimento_53" 53 5000 1000 0.8 50 0.4 1 0.8
1.00001584134065 50.465843561545 "experimento_53" 53 5000 1000 0.8 50 0.4 1 0.8
1.00023396426974 51.1331049065815 "experimento_53" 53 5000 1000 0.8 50 0.4 1 0.8
1.0014846920583 48.4210123847159 "experimento_53" 53 5000 1000 0.8 50 0.4 1 0.8
0.999658389016986 51.0225009051621 "experimento_53" 53 5000 1000 0.8 50 0.4 1 0.8
1.00396888495343 50.6377961960713 "experimento_53" 53 5000 1000 0.8 50 0.4 1 0.8
1.00144386881962 46.6333664476746 "experimento_53" 53 5000 1000 0.8 50 0.4 1 0.8
1.00096249046735 51.0468168640053 "experimento_53" 53 5000 1000 0.8 50 0.4 1 0.8
0.999915417516604 50.0344907971428 "experimento_53" 53 5000 1000 0.8 50 0.4 1 0.8
1.00169723222661 50.2506498732407 "experimento_53" 53 5000 1000 0.8 50 0.4 1 0.8
1.00033739967272 51.8639993455676 "experimento_53" 53 5000 1000 0.8 50 0.4 1 0.8
1.0201981354869 58.0897658258619 "experimento_53" 53 5000 1000 0.8 50 0.4 1 0.8
1.0025357062649 50.8185613386599 "experimento_53" 53 5000 1000 0.8 50 0.4 1 0.8
1.01295929299667 47.379332899512 "experimento_53" 53 5000 1000 0.8 50 0.4 1 0.8
1.00029903434008 49.5684638015565 "experimento_53" 53 5000 1000 0.8 50 0.4 1 0.8
1.00005121187243 52.9076481890297 "experimento_53" 53 5000 1000 0.8 50 0.4 1 0.8
1.04179857048885 44.4457707409271 "experimento_53" 53 5000 1000 0.8 50 0.4 1 0.8
1.00018797298893 50.7457474295043 "experimento_53" 53 5000 1000 0.8 50 0.4 1 0.8
0.999938605353236 48.4549751515012 "experimento_53" 53 5000 1000 0.8 50 0.4 1 0.8
1.00023766383825 48.1428186184452 "experimento_53" 53 5000 1000 0.8 50 0.4 1 0.8
1.00014440608211 50.3625254638722 "experimento_53" 53 5000 1000 0.8 50 0.4 1 0.8
1.00066566409776 51.8837492195387 "experimento_53" 53 5000 1000 0.8 50 0.4 1 0.8
1.00026607467439 49.1040978340686 "experimento_53" 53 5000 1000 0.8 50 0.4 1 0.8
1.00019316500295 49.8714064802462 "experimento_53" 53 5000 1000 0.8 50 0.4 1 0.8
1.00957187390886 47.6297781580304 "experimento_53" 53 5000 1000 0.8 50 0.4 1 0.8
0.999750365037471 45.5828416542357 "experimento_53" 53 5000 1000 0.8 50 0.4 1 0.8
1.00012246627361 46.7072825743733 "experimento_53" 53 5000 1000 0.8 50 0.4 1 0.8
1.00041024259292 50.9700660939709 "experimento_53" 53 5000 1000 0.8 50 0.4 1 0.8
0.999816816300154 51.3748526827132 "experimento_53" 53 5000 1000 0.8 50 0.4 1 0.8
1.02542629603212 53.9450314284569 "experimento_53" 53 5000 1000 0.8 50 0.4 1 0.8
1.00150960157625 47.7060165128042 "experimento_53" 53 5000 1000 0.8 50 0.4 1 0.8
1.00449132137932 51.8470137079703 "experimento_53" 53 5000 1000 0.8 50 0.4 1 0.8
1.00128668588586 50.2653341937291 "experimento_53" 53 5000 1000 0.8 50 0.4 1 0.8
1.01027327139862 51.0110423333815 "experimento_53" 53 5000 1000 0.8 50 0.4 1 0.8
1.0000047324039 51.4460132220167 "experimento_53" 53 5000 1000 0.8 50 0.4 1 0.8
1.00367525153465 48.4134689513857 "experimento_53" 53 5000 1000 0.8 50 0.4 1 0.8
1.00281887618825 54.8634556396399 "experimento_53" 53 5000 1000 0.8 50 0.4 1 0.8
1.01860497957011 46.1799099004493 "experimento_53" 53 5000 1000 0.8 50 0.4 1 0.8
1.01171833265573 50.8519825951743 "experimento_53" 53 5000 1000 0.8 50 0.4 1 0.8
1.00015446677804 54.3372900186367 "experimento_53" 53 5000 1000 0.8 50 0.4 1 0.8
1.00058652755132 50.1392609885844 "experimento_53" 53 5000 1000 0.8 50 0.4 1 0.8
1.00026534930803 49.4411610386571 "experimento_53" 53 5000 1000 0.8 50 0.4 1 0.8
1.00004891167141 50.3552149567683 "experimento_53" 53 5000 1000 0.8 50 0.4 1 0.8
1.00002783977534 50.8257929443521 "experimento_53" 53 5000 1000 0.8 50 0.4 1 0.8
1.00225894747627 55.8020494875807 "experimento_53" 53 5000 1000 0.8 50 0.4 1 0.8
1.00016769371099 52.5144645766909 "experimento_53" 53 5000 1000 0.8 50 0.4 1 0.8
1.00432977881283 50.8642379078203 "experimento_53" 53 5000 1000 0.8 50 0.4 1 0.8
1.00197312504984 51.5429346389177 "experimento_53" 53 5000 1000 0.8 50 0.4 1 0.8
1.00227793361992 50.6473472007458 "experimento_53" 53 5000 1000 0.8 50 0.4 1 0.8
1.00437506913207 46.7879857548313 "experimento_53" 53 5000 1000 0.8 50 0.4 1 0.8
1.00000932297669 50.622706638252 "experimento_53" 53 5000 1000 0.8 50 0.4 1 0.8
0.999825153499842 49.9422786253362 "experimento_53" 53 5000 1000 0.8 50 0.4 1 0.8
1.00001209720969 53.405148745988 "experimento_53" 53 5000 1000 0.8 50 0.4 1 0.8
0.999760566512123 50.6946568158804 "experimento_53" 53 5000 1000 0.8 50 0.4 1 0.8
1.00000557309948 47.6778744245555 "experimento_53" 53 5000 1000 0.8 50 0.4 1 0.8
1.00006334374468 49.8733010281812 "experimento_53" 53 5000 1000 0.8 50 0.4 1 0.8
1.00140806335521 50.4326328236101 "experimento_53" 53 5000 1000 0.8 50 0.4 1 0.8
1.00263119332492 50.2962526618265 "experimento_53" 53 5000 1000 0.8 50 0.4 1 0.8
1.00059449040607 49.0662418668661 "experimento_53" 53 5000 1000 0.8 50 0.4 1 0.8
1.01298537990078 55.8854358943239 "experimento_53" 53 5000 1000 0.8 50 0.4 1 0.8
1.00006573629071 50.5044231065649 "experimento_53" 53 5000 1000 0.8 50 0.4 1 0.8
1.0000092096813 52.4855882436205 "experimento_53" 53 5000 1000 0.8 50 0.4 1 0.8
1.00822007297538 49.6465030775342 "experimento_53" 53 5000 1000 0.8 50 0.4 1 0.8
1.00451653372496 48.2434897865954 "experimento_53" 53 5000 1000 0.8 50 0.4 1 0.8
0.999737811507657 50.3828711838479 "experimento_53" 53 5000 1000 0.8 50 0.4 1 0.8
0.99991813977249 51.108783966591 "experimento_53" 53 5000 1000 0.8 50 0.4 1 0.8
1.01322153357789 48.3470968207791 "experimento_53" 53 5000 1000 0.8 50 0.4 1 0.8
1.00036833539366 49.416294551561 "experimento_53" 53 5000 1000 0.8 50 0.4 1 0.8
1.00001427483745 50.8684166571636 "experimento_53" 53 5000 1000 0.8 50 0.4 1 0.8
1.00746501531879 50.2126494365001 "experimento_53" 53 5000 1000 0.8 50 0.4 1 0.8
1.00003411373124 49.9866544136714 "experimento_53" 53 5000 1000 0.8 50 0.4 1 0.8
1.00042015440308 51.7868858841617 "experimento_53" 53 5000 1000 0.8 50 0.4 1 0.8
1.00173633278411 51.6666444533297 "experimento_53" 53 5000 1000 0.8 50 0.4 1 0.8
1.0045731739793 48.9872331517884 "experimento_53" 53 5000 1000 0.8 50 0.4 1 0.8
0.999796540709212 47.569674849316 "experimento_53" 53 5000 1000 0.8 50 0.4 1 0.8
1.00000345432003 52.8435410409576 "experimento_53" 53 5000 1000 0.8 50 0.4 1 0.8
0.999664678005502 50.0214603131344 "experimento_53" 53 5000 1000 0.8 50 0.4 1 0.8
1.0010221902281 51.4315048525415 "experimento_53" 53 5000 1000 0.8 50 0.4 1 0.8
0.999600502895191 49.5373904416934 "experimento_53" 53 5000 1000 0.8 50 0.4 1 0.8
1.00001771478199 48.8897315160088 "experimento_53" 53 5000 1000 0.8 50 0.4 1 0.8
1.00019154277443 50.87331246253 "experimento_53" 53 5000 1000 0.8 50 0.4 1 0.8
1.00002331585623 51.9323347166282 "experimento_53" 53 5000 1000 0.8 50 0.4 1 0.8
1.00006579472855 49.316429774788 "experimento_53" 53 5000 1000 0.8 50 0.4 1 0.8
0.999559524236247 50.7767610314954 "experimento_53" 53 5000 1000 0.8 50 0.4 1 0.8
1.00306428598077 48.1387224214354 "experimento_53" 53 5000 1000 0.8 50 0.4 1 0.8
1.0001018751167 47.8932297298843 "experimento_53" 53 5000 1000 0.8 50 0.4 1 0.8
1.00001023229212 49.7408101611752 "experimento_53" 53 5000 1000 0.8 50 0.4 1 0.8
1.00024334045832 48.0374254927237 "experimento_53" 53 5000 1000 0.8 50 0.4 1 0.8
1.00238558763438 52.7816207005312 "experimento_53" 53 5000 1000 0.8 50 0.4 1 0.8
1.00015194972046 49.6162083814138 "experimento_53" 53 5000 1000 0.8 50 0.4 1 0.8
1.00001937507499 50.902210440093 "experimento_53" 53 5000 1000 0.8 50 0.4 1 0.8
1.00165969722904 51.0290697436559 "experimento_53" 53 5000 1000 0.8 50 0.4 1 0.8
1.00126068734564 50.9914465537299 "experimento_53" 53 5000 1000 0.8 50 0.4 1 0.8
1.0266353176712 46.8879083079965 "experimento_53" 53 5000 1000 0.8 50 0.4 1 0.8
1.00000404462218 50.9746939958275 "experimento_53" 53 5000 1000 0.8 50 0.4 1 0.8
1.00219969861209 48.9009249709298 "experimento_53" 53 5000 1000 0.8 50 0.4 1 0.8
1.00287762244232 51.3835456082541 "experimento_53" 53 5000 1000 0.8 50 0.4 1 0.8
1.00348066923101 49.2608469080635 "experimento_53" 53 5000 1000 0.8 50 0.4 1 0.8
1.01209503603168 49.2005874254265 "experimento_53" 53 5000 1000 0.8 50 0.4 1 0.8
0.999590975232422 48.8551141872685 "experimento_53" 53 5000 1000 0.8 50 0.4 1 0.8
1.00041385850869 51.3612053643345 "experimento_53" 53 5000 1000 0.8 50 0.4 1 0.8
1.00264142582193 51.8020578588889 "experimento_53" 53 5000 1000 0.8 50 0.4 1 0.8
1.02664334494537 60.3961101862085 "experimento_53" 53 5000 1000 0.8 50 0.4 1 0.8
0.999625826487318 49.467000376436 "experimento_53" 53 5000 1000 0.8 50 0.4 1 0.8
1.00394431833178 52.5357389891076 "experimento_53" 53 5000 1000 0.8 50 0.4 1 0.8
1.02367331957361 59.0559775779058 "experimento_53" 53 5000 1000 0.8 50 0.4 1 0.8
1.00001524173655 51.3757559898284 "experimento_53" 53 5000 1000 0.8 50 0.4 1 0.8
1.01062301096732 51.4660131296072 "experimento_53" 53 5000 1000 0.8 50 0.4 1 0.8
1.00001138324178 50.7332490534161 "experimento_53" 53 5000 1000 0.8 50 0.4 1 0.8
1.00001362376846 50.1691425811108 "experimento_53" 53 5000 1000 0.8 50 0.4 1 0.8
1.00140882645734 47.0861199364742 "experimento_53" 53 5000 1000 0.8 50 0.4 1 0.8
1.02579650793141 48.1056378805957 "experimento_53" 53 5000 1000 0.8 50 0.4 1 0.8
1.00196351724677 47.5655971088838 "experimento_53" 53 5000 1000 0.8 50 0.4 1 0.8
0.999813864473253 52.2604624930427 "experimento_53" 53 5000 1000 0.8 50 0.4 1 0.8
1.00615397060401 47.8766481207885 "experimento_53" 53 5000 1000 0.8 50 0.4 1 0.8
1.00562742767856 51.6165090318025 "experimento_53" 53 5000 1000 0.8 50 0.4 1 0.8
1.00659103548692 50.3575728104274 "experimento_53" 53 5000 1000 0.8 50 0.4 1 0.8
1.00527926367708 53.4443907095885 "experimento_53" 53 5000 1000 0.8 50 0.4 1 0.8
1.00040016112002 48.5546161445326 "experimento_53" 53 5000 1000 0.8 50 0.4 1 0.8
1.00917301684618 51.3003497897778 "experimento_53" 53 5000 1000 0.8 50 0.4 1 0.8
1.00814351807348 53.9661170460645 "experimento_53" 53 5000 1000 0.8 50 0.4 1 0.8
1.00390807954594 51.1368434637714 "experimento_53" 53 5000 1000 0.8 50 0.4 1 0.8
0.999782079365104 49.0013307404549 "experimento_53" 53 5000 1000 0.8 50 0.4 1 0.8
1.00606742923148 48.0264717076106 "experimento_53" 53 5000 1000 0.8 50 0.4 1 0.8
0.99999461369589 51.2436306162247 "experimento_53" 53 5000 1000 0.8 50 0.4 1 0.8
1.01673943290714 53.4811192221669 "experimento_53" 53 5000 1000 0.8 50 0.4 1 0.8
1.00032603727141 50.1682701674261 "experimento_53" 53 5000 1000 0.8 50 0.4 1 0.8
1.00042429732159 51.6580830568262 "experimento_53" 53 5000 1000 0.8 50 0.4 1 0.8
0.999922619666904 51.0458335323134 "experimento_53" 53 5000 1000 0.8 50 0.4 1 0.8
1.00566157159396 48.213198493717 "experimento_53" 53 5000 1000 0.8 50 0.4 1 0.8
1.00316507236233 48.4309138626221 "experimento_53" 53 5000 1000 0.8 50 0.4 1 0.8
1.00000221394002 51.5148458072554 "experimento_53" 53 5000 1000 0.8 50 0.4 1 0.8
0.999658803921193 45.968837126078 "experimento_53" 53 5000 1000 0.8 50 0.4 1 0.8
1.00665036209859 50.5894947178974 "experimento_53" 53 5000 1000 0.8 50 0.4 1 0.8
1.00032647279091 50.1628131773012 "experimento_53" 53 5000 1000 0.8 50 0.4 1 0.8
0.999730818206444 49.3123399150995 "experimento_53" 53 5000 1000 0.8 50 0.4 1 0.8
1.00063083077781 50.8465529928735 "experimento_53" 53 5000 1000 0.8 50 0.4 1 0.8
1.00281154436991 49.1408222237462 "experimento_53" 53 5000 1000 0.8 50 0.4 1 0.8
1.0005238677956 52.8358785639913 "experimento_53" 53 5000 1000 0.8 50 0.4 1 0.8
1.00301628720164 48.4255140109532 "experimento_53" 53 5000 1000 0.8 50 0.4 1 0.8
0.999894754728302 48.5951178128527 "experimento_53" 53 5000 1000 0.8 50 0.4 1 0.8
1.00264508291148 49.5832061429423 "experimento_53" 53 5000 1000 0.8 50 0.4 1 0.8
1.00000730681233 50.4253288594112 "experimento_53" 53 5000 1000 0.8 50 0.4 1 0.8
1.00004461639561 48.9561690935944 "experimento_53" 53 5000 1000 0.8 50 0.4 1 0.8
0.999823949299753 49.6604484723319 "experimento_53" 53 5000 1000 0.8 50 0.4 1 0.8
0.999629889149219 47.4818889559213 "experimento_53" 53 5000 1000 0.8 50 0.4 1 0.8
1.00009396540932 52.9257239501054 "experimento_53" 53 5000 1000 0.8 50 0.4 1 0.8
1.00186115084049 49.1100595302731 "experimento_53" 53 5000 1000 0.8 50 0.4 1 0.8
1.01669331792658 50.1517603784215 "experimento_53" 53 5000 1000 0.8 50 0.4 1 0.8
1.000650591515 48.8313067383486 "experimento_53" 53 5000 1000 0.8 50 0.4 1 0.8
0.999975038925186 50.350984171574 "experimento_53" 53 5000 1000 0.8 50 0.4 1 0.8
1.00008270735852 50.0657348755818 "experimento_53" 53 5000 1000 0.8 50 0.4 1 0.8
0.999686557799578 52.7677569641926 "experimento_53" 53 5000 1000 0.8 50 0.4 1 0.8
1.02474293468436 47.4942021608965 "experimento_53" 53 5000 1000 0.8 50 0.4 1 0.8
1.00589364494095 49.4467813063767 "experimento_53" 53 5000 1000 0.8 50 0.4 1 0.8
1.00147939083166 47.0208644679669 "experimento_53" 53 5000 1000 0.8 50 0.4 1 0.8
1.00000201511604 50.4524183426718 "experimento_53" 53 5000 1000 0.8 50 0.4 1 0.8
0.999855734873563 51.0452013378353 "experimento_53" 53 5000 1000 0.8 50 0.4 1 0.8
0.99982169829309 52.6723833976786 "experimento_53" 53 5000 1000 0.8 50 0.4 1 0.8
1.00002820708789 49.3419748584259 "experimento_53" 53 5000 1000 0.8 50 0.4 1 0.8
1.00848679935942 48.6017331585492 "experimento_53" 53 5000 1000 0.8 50 0.4 1 0.8
0.999879886861891 50.6239107446864 "experimento_53" 53 5000 1000 0.8 50 0.4 1 0.8
1.00480154668218 54.7215861177918 "experimento_53" 53 5000 1000 0.8 50 0.4 1 0.8
1.00098672633991 53.0882210370177 "experimento_53" 53 5000 1000 0.8 50 0.4 1 0.8
0.999958753352985 47.2663561134263 "experimento_53" 53 5000 1000 0.8 50 0.4 1 0.8
1.00079203610996 52.2213346321403 "experimento_53" 53 5000 1000 0.8 50 0.4 1 0.8
1.00289943129636 52.558093608161 "experimento_53" 53 5000 1000 0.8 50 0.4 1 0.8
1.01347730701789 48.5551186159698 "experimento_53" 53 5000 1000 0.8 50 0.4 1 0.8
1.0008548767399 50.5536941689976 "experimento_53" 53 5000 1000 0.8 50 0.4 1 0.8
1.00005992777963 47.9308288109574 "experimento_53" 53 5000 1000 0.8 50 0.4 1 0.8
0.999863079050556 48.9845561931701 "experimento_53" 53 5000 1000 0.8 50 0.4 1 0.8
1.00034936948035 47.3506034640133 "experimento_53" 53 5000 1000 0.8 50 0.4 1 0.8
1.00400153631071 49.6731236681139 "experimento_53" 53 5000 1000 0.8 50 0.4 1 0.8
1.0058783805457 52.8891799508304 "experimento_53" 53 5000 1000 0.8 50 0.4 1 0.8
0.999695848673582 51.7624579289791 "experimento_53" 53 5000 1000 0.8 50 0.4 1 0.8
1.00909473117441 47.3897176636868 "experimento_53" 53 5000 1000 0.8 50 0.4 1 0.8
1.00207363827154 50.0827368013841 "experimento_53" 53 5000 1000 0.8 50 0.4 1 0.8
1.00137324746698 49.439599550829 "experimento_53" 53 5000 1000 0.8 50 0.4 1 0.8
1.00056356626851 50.882628132888 "experimento_53" 53 5000 1000 0.8 50 0.4 1 0.8
0.999554357724264 48.7846232735535 "experimento_53" 53 5000 1000 0.8 50 0.4 1 0.8
1.00950819732621 50.9533966822692 "experimento_53" 53 5000 1000 0.8 50 0.4 1 0.8
0.999629591591656 48.815427054459 "experimento_53" 53 5000 1000 0.8 50 0.4 1 0.8
1.00347457121126 54.7750340234063 "experimento_53" 53 5000 1000 0.8 50 0.4 1 0.8
1.00002019038424 49.2495587377116 "experimento_53" 53 5000 1000 0.8 50 0.4 1 0.8
1.00033690667711 48.5409388513295 "experimento_53" 53 5000 1000 0.8 50 0.4 1 0.8
1.00003824416548 48.529353095363 "experimento_53" 53 5000 1000 0.8 50 0.4 1 0.8
1.00009622543193 48.2570038612862 "experimento_53" 53 5000 1000 0.8 50 0.4 1 0.8
1.00000119105379 49.7576381641319 "experimento_53" 53 5000 1000 0.8 50 0.4 1 0.8
1.01228784634732 53.5194205073146 "experimento_53" 53 5000 1000 0.8 50 0.4 1 0.8
1.00025079925545 50.3229751642792 "experimento_53" 53 5000 1000 0.8 50 0.4 1 0.8
0.999971146462485 51.5166271590643 "experimento_53" 53 5000 1000 0.8 50 0.4 1 0.8
1.01457788056202 51.9199671145977 "experimento_53" 53 5000 1000 0.8 50 0.4 1 0.8
0.999746860703453 48.536996101327 "experimento_53" 53 5000 1000 0.8 50 0.4 1 0.8
1.00906255857507 48.9705900025109 "experimento_53" 53 5000 1000 0.8 50 0.4 1 0.8
1.00543941355883 51.0369046018743 "experimento_53" 53 5000 1000 0.8 50 0.4 1 0.8
1.00844101413644 53.9722903488159 "experimento_53" 53 5000 1000 0.8 50 0.4 1 0.8
1.00005077432841 50.7945231308476 "experimento_53" 53 5000 1000 0.8 50 0.4 1 0.8
1.00067822014913 49.5048992753904 "experimento_53" 53 5000 1000 0.8 50 0.4 1 0.8
1.00084840998477 47.6105903215663 "experimento_53" 53 5000 1000 0.8 50 0.4 1 0.8
1.00524386288598 48.05774940326 "experimento_53" 53 5000 1000 0.8 50 0.4 1 0.8
1.00537423138985 52.2551556106654 "experimento_53" 53 5000 1000 0.8 50 0.4 1 0.8
1.00561549972417 45.4792901513332 "experimento_53" 53 5000 1000 0.8 50 0.4 1 0.8
1.01175223314518 50.2683154206213 "experimento_53" 53 5000 1000 0.8 50 0.4 1 0.8
0.999653622275218 48.6989749663617 "experimento_53" 53 5000 1000 0.8 50 0.4 1 0.8
0.999891798011959 48.2018230435962 "experimento_53" 53 5000 1000 0.8 50 0.4 1 0.8
1.00642608660479 50.115227401191 "experimento_53" 53 5000 1000 0.8 50 0.4 1 0.8
0.999873172491789 50.6755356056719 "experimento_53" 53 5000 1000 0.8 50 0.4 1 0.8
1.00092559084714 48.0568887570177 "experimento_53" 53 5000 1000 0.8 50 0.4 1 0.8
1.00011596698314 51.6530217137309 "experimento_53" 53 5000 1000 0.8 50 0.4 1 0.8
1.00041437708773 51.2854105142 "experimento_53" 53 5000 1000 0.8 50 0.4 1 0.8
1.01018313620239 55.8385294523217 "experimento_53" 53 5000 1000 0.8 50 0.4 1 0.8
1.00092370336798 52.1625816244724 "experimento_53" 53 5000 1000 0.8 50 0.4 1 0.8
1.01338197291829 51.7923026561724 "experimento_53" 53 5000 1000 0.8 50 0.4 1 0.8
1.00097015701264 50.5052452528413 "experimento_53" 53 5000 1000 0.8 50 0.4 1 0.8
1.00590184369124 48.9430076229616 "experimento_53" 53 5000 1000 0.8 50 0.4 1 0.8
1.00022924154066 48.7668659922746 "experimento_53" 53 5000 1000 0.8 50 0.4 1 0.8
1.01048783966628 51.841818687208 "experimento_53" 53 5000 1000 0.8 50 0.4 1 0.8
1.00179967545904 48.5632820441223 "experimento_53" 53 5000 1000 0.8 50 0.4 1 0.8
1.0073291106429 49.7221505141633 "experimento_53" 53 5000 1000 0.8 50 0.4 1 0.8
0.999560133554041 46.0281747793734 "experimento_53" 53 5000 1000 0.8 50 0.4 1 0.8
1.00002959810059 53.30795013108 "experimento_53" 53 5000 1000 0.8 50 0.4 1 0.8
1.00694037684417 54.7480409864777 "experimento_53" 53 5000 1000 0.8 50 0.4 1 0.8
1.00006736686934 50.9207065511818 "experimento_53" 53 5000 1000 0.8 50 0.4 1 0.8
0.999972745310515 48.4832206715257 "experimento_53" 53 5000 1000 0.8 50 0.4 1 0.8
1.00076288005337 51.6865710388069 "experimento_53" 53 5000 1000 0.8 50 0.4 1 0.8
1.01197608534247 47.4087822220176 "experimento_53" 53 5000 1000 0.8 50 0.4 1 0.8
1.02105278257153 43.4931708958658 "experimento_53" 53 5000 1000 0.8 50 0.4 1 0.8
0.999724108027294 48.3064149045309 "experimento_53" 53 5000 1000 0.8 50 0.4 1 0.8
1.0089811101649 46.882431221743 "experimento_53" 53 5000 1000 0.8 50 0.4 1 0.8
1.00100615585223 51.3109292296019 "experimento_53" 53 5000 1000 0.8 50 0.4 1 0.8
1.01566445625325 55.0600406452846 "experimento_53" 53 5000 1000 0.8 50 0.4 1 0.8
1.00022945141634 51.2080868553206 "experimento_53" 53 5000 1000 0.8 50 0.4 1 0.8
0.999480880331248 51.3242108291351 "experimento_53" 53 5000 1000 0.8 50 0.4 1 0.8
1.00026233168016 48.4031812101206 "experimento_53" 53 5000 1000 0.8 50 0.4 1 0.8
1.00012190007013 47.8497794947984 "experimento_53" 53 5000 1000 0.8 50 0.4 1 0.8
0.999937439570203 48.5635489863495 "experimento_53" 53 5000 1000 0.8 50 0.4 1 0.8
1.01212974134833 51.2118877869654 "experimento_53" 53 5000 1000 0.8 50 0.4 1 0.8
1.0001057365723 50.9898488539063 "experimento_53" 53 5000 1000 0.8 50 0.4 1 0.8
1.00000327259302 50.4148956172094 "experimento_53" 53 5000 1000 0.8 50 0.4 1 0.8
0.999647145159543 51.2470314696749 "experimento_53" 53 5000 1000 0.8 50 0.4 1 0.8
0.999747537076473 48.7337582632195 "experimento_53" 53 5000 1000 0.8 50 0.4 1 0.8
1.00003078932546 48.6141487513274 "experimento_53" 53 5000 1000 0.8 50 0.4 1 0.8
1.00030503732152 48.0271474631305 "experimento_53" 53 5000 1000 0.8 50 0.4 1 0.8
1.00004727885127 50.5637114148492 "experimento_53" 53 5000 1000 0.8 50 0.4 1 0.8
1.03202366742699 59.170775756288 "experimento_53" 53 5000 1000 0.8 50 0.4 1 0.8
0.999708642950282 48.3665494494559 "experimento_53" 53 5000 1000 0.8 50 0.4 1 0.8
0.99972085072659 47.8868502879142 "experimento_53" 53 5000 1000 0.8 50 0.4 1 0.8
1.00000442733057 51.1754786771337 "experimento_53" 53 5000 1000 0.8 50 0.4 1 0.8
0.999542366014794 49.4466850461525 "experimento_53" 53 5000 1000 0.8 50 0.4 1 0.8
0.999630094505847 48.9362053557175 "experimento_53" 53 5000 1000 0.8 50 0.4 1 0.8
1.00123741188087 51.1734430872856 "experimento_53" 53 5000 1000 0.8 50 0.4 1 0.8
1.01155801005661 49.1196318087991 "experimento_53" 53 5000 1000 0.8 50 0.4 1 0.8
1.00008440712467 50.2433101846514 "experimento_53" 53 5000 1000 0.8 50 0.4 1 0.8
1.00000397827476 51.8149210712799 "experimento_53" 53 5000 1000 0.8 50 0.4 1 0.8
1.00505514135584 55.2660810215704 "experimento_53" 53 5000 1000 0.8 50 0.4 1 0.8
1.00006302722174 49.0380440598117 "experimento_53" 53 5000 1000 0.8 50 0.4 1 0.8
1.00970665518194 50.1056578089875 "experimento_53" 53 5000 1000 0.8 50 0.4 1 0.8
1.00002566869371 49.2492716464145 "experimento_53" 53 5000 1000 0.8 50 0.4 1 0.8
0.999742046464235 51.9671355717121 "experimento_53" 53 5000 1000 0.8 50 0.4 1 0.8
1.0172894802561 51.0539606948462 "experimento_53" 53 5000 1000 0.8 50 0.4 1 0.8
1.00001195057456 51.9503918959012 "experimento_53" 53 5000 1000 0.8 50 0.4 1 0.8
0.999705396126956 49.0847124817963 "experimento_53" 53 5000 1000 0.8 50 0.4 1 0.8
1.02229214334776 49.3928080714386 "experimento_53" 53 5000 1000 0.8 50 0.4 1 0.8
1.00498254246495 48.4977567192124 "experimento_53" 53 5000 1000 0.8 50 0.4 1 0.8
0.999995511258021 51.1730883862078 "experimento_53" 53 5000 1000 0.8 50 0.4 1 0.8
1.00036907075176 51.3826384239374 "experimento_53" 53 5000 1000 0.8 50 0.4 1 0.8
0.999809077940881 49.0320082601954 "experimento_53" 53 5000 1000 0.8 50 0.4 1 0.8
0.999941864050925 52.074421825656 "experimento_53" 53 5000 1000 0.8 50 0.4 1 0.8
1.00049020088847 50.2225293153016 "experimento_53" 53 5000 1000 0.8 50 0.4 1 0.8
1.00002205299214 50.5386074346359 "experimento_53" 53 5000 1000 0.8 50 0.4 1 0.8
1.00129275545478 50.1620649838204 "experimento_53" 53 5000 1000 0.8 50 0.4 1 0.8
1.00014171052878 52.0102597675326 "experimento_53" 53 5000 1000 0.8 50 0.4 1 0.8
1.01693546760743 53.81275711209 "experimento_53" 53 5000 1000 0.8 50 0.4 1 0.8
0.999976985389367 51.3841510197601 "experimento_53" 53 5000 1000 0.8 50 0.4 1 0.8
1.00033236024526 51.9569110977858 "experimento_53" 53 5000 1000 0.8 50 0.4 1 0.8
1.00418360256295 51.3996779978841 "experimento_53" 53 5000 1000 0.8 50 0.4 1 0.8
0.999885916477069 47.4679637570814 "experimento_53" 53 5000 1000 0.8 50 0.4 1 0.8
1.0010993280471 48.2450678878506 "experimento_53" 53 5000 1000 0.8 50 0.4 1 0.8
1.00015823546797 53.0678000168485 "experimento_53" 53 5000 1000 0.8 50 0.4 1 0.8
0.999647695804015 50.0627480485703 "experimento_53" 53 5000 1000 0.8 50 0.4 1 0.8
1.00115208364092 52.1730031631466 "experimento_53" 53 5000 1000 0.8 50 0.4 1 0.8
0.999254277674481 50.2690158910263 "experimento_53" 53 5000 1000 0.8 50 0.4 1 0.8
0.999450485222042 45.8059145351768 "experimento_53" 53 5000 1000 0.8 50 0.4 1 0.8
1.00239469637424 48.2534378805744 "experimento_53" 53 5000 1000 0.8 50 0.4 1 0.8
1.01780528255875 52.2374563357816 "experimento_53" 53 5000 1000 0.8 50 0.4 1 0.8
0.999830564484 49.0737487546751 "experimento_53" 53 5000 1000 0.8 50 0.4 1 0.8
1.00767795178956 48.3141087070324 "experimento_53" 53 5000 1000 0.8 50 0.4 1 0.8
0.999930285848677 50.7888326628695 "experimento_53" 53 5000 1000 0.8 50 0.4 1 0.8
1.02514790797522 51.8001508857174 "experimento_53" 53 5000 1000 0.8 50 0.4 1 0.8
1.0004718072433 48.0621773889746 "experimento_53" 53 5000 1000 0.8 50 0.4 1 0.8
1.00000073849224 49.0830653370625 "experimento_53" 53 5000 1000 0.8 50 0.4 1 0.8
1.00014186060798 47.9922094098464 "experimento_53" 53 5000 1000 0.8 50 0.4 1 0.8
1.00298524526528 51.2296487106568 "experimento_53" 53 5000 1000 0.8 50 0.4 1 0.8
1.00412511257455 48.1364235520138 "experimento_53" 53 5000 1000 0.8 50 0.4 1 0.8
1.00006262631156 50.630302195705 "experimento_53" 53 5000 1000 0.8 50 0.4 1 0.8
1.01075607269071 50.7342271478458 "experimento_53" 53 5000 1000 0.8 50 0.4 1 0.8
1.00008537346497 48.6983262834267 "experimento_53" 53 5000 1000 0.8 50 0.4 1 0.8
0.999960204819217 50.7604939169201 "experimento_53" 53 5000 1000 0.8 50 0.4 1 0.8
1.00183072268701 50.1963712126386 "experimento_53" 53 5000 1000 0.8 50 0.4 1 0.8
0.999837372917682 49.0798315313852 "experimento_53" 53 5000 1000 0.8 50 0.4 1 0.8
1.00861991320737 45.1534177087608 "experimento_53" 53 5000 1000 0.8 50 0.4 1 0.8
1.01556857116436 52.872756987952 "experimento_53" 53 5000 1000 0.8 50 0.4 1 0.8
0.999677883228287 51.1680017744395 "experimento_53" 53 5000 1000 0.8 50 0.4 1 0.8
1.0049333677534 52.0252138084452 "experimento_53" 53 5000 1000 0.8 50 0.4 1 0.8
0.999531063018367 49.5819515514695 "experimento_53" 53 5000 1000 0.8 50 0.4 1 0.8
1.00117498501661 49.3747851046057 "experimento_53" 53 5000 1000 0.8 50 0.4 1 0.8
1.00000001603853 51.5465714932166 "experimento_53" 53 5000 1000 0.8 50 0.4 1 0.8
0.99981094058603 50.9931888090388 "experimento_53" 53 5000 1000 0.8 50 0.4 1 0.8
0.999887392390519 52.1852230843775 "experimento_53" 53 5000 1000 0.8 50 0.4 1 0.8
1.0014364368096 49.9503910092141 "experimento_53" 53 5000 1000 0.8 50 0.4 1 0.8
1.00066715203226 52.3824443627087 "experimento_53" 53 5000 1000 0.8 50 0.4 1 0.8
1.00196299615316 52.3159783930401 "experimento_53" 53 5000 1000 0.8 50 0.4 1 0.8
1.00018413822453 50.2828432744783 "experimento_53" 53 5000 1000 0.8 50 0.4 1 0.8
1.02057773323646 53.9089765292935 "experimento_53" 53 5000 1000 0.8 50 0.4 1 0.8
1.0035438549798 51.9393428748042 "experimento_53" 53 5000 1000 0.8 50 0.4 1 0.8
1.00000122591853 49.3506571028995 "experimento_53" 53 5000 1000 0.8 50 0.4 1 0.8
0.999711962183937 48.9771079378545 "experimento_53" 53 5000 1000 0.8 50 0.4 1 0.8
0.999833043199033 47.351551639359 "experimento_53" 53 5000 1000 0.8 50 0.4 1 0.8
1.0004790115729 51.4071665000514 "experimento_53" 53 5000 1000 0.8 50 0.4 1 0.8
1.00006921823679 49.1308149881453 "experimento_53" 53 5000 1000 0.8 50 0.4 1 0.8
0.999834292335436 49.3065875387343 "experimento_53" 53 5000 1000 0.8 50 0.4 1 0.8
1.02193235089918 56.4792310031277 "experimento_53" 53 5000 1000 0.8 50 0.4 1 0.8
1.00576005474664 51.0120314752575 "experimento_53" 53 5000 1000 0.8 50 0.4 1 0.8
1.00881584845483 50.6198883853791 "experimento_53" 53 5000 1000 0.8 50 0.4 1 0.8
1.02297122431059 54.8439685304525 "experimento_53" 53 5000 1000 0.8 50 0.4 1 0.8
1.00004708434078 49.8620811585681 "experimento_53" 53 5000 1000 0.8 50 0.4 1 0.8
1.0105818849802 53.2714714600938 "experimento_53" 53 5000 1000 0.8 50 0.4 1 0.8
1.00364335744522 48.7995769938838 "experimento_53" 53 5000 1000 0.8 50 0.4 1 0.8
1.0007828064727 48.6401455665787 "experimento_53" 53 5000 1000 0.8 50 0.4 1 0.8
1.0163051819424 50.5829090630965 "experimento_53" 53 5000 1000 0.8 50 0.4 1 0.8
1.02534818313932 53.627746349948 "experimento_53" 53 5000 1000 0.8 50 0.4 1 0.8
0.999681371962652 51.2424994839801 "experimento_53" 53 5000 1000 0.8 50 0.4 1 0.8
0.999977136030793 49.4383699041916 "experimento_53" 53 5000 1000 0.8 50 0.4 1 0.8
1.00404587712139 50.8004836791006 "experimento_53" 53 5000 1000 0.8 50 0.4 1 0.8
1.00059752656147 48.7092180503821 "experimento_53" 53 5000 1000 0.8 50 0.4 1 0.8
0.999944745795801 49.0086199873819 "experimento_53" 53 5000 1000 0.8 50 0.4 1 0.8
0.999736684141681 50.6864622131907 "experimento_53" 53 5000 1000 0.8 50 0.4 1 0.8
1.00061770289205 50.044916130603 "experimento_53" 53 5000 1000 0.8 50 0.4 1 0.8
0.999941982794553 49.048169768216 "experimento_53" 53 5000 1000 0.8 50 0.4 1 0.8
1.01036324289627 51.8188778161665 "experimento_53" 53 5000 1000 0.8 50 0.4 1 0.8
1.00089682033669 50.2474078670787 "experimento_53" 53 5000 1000 0.8 50 0.4 1 0.8
1.00120401147865 48.6263010195591 "experimento_53" 53 5000 1000 0.8 50 0.4 1 0.8
0.999739093938842 49.944774057651 "experimento_53" 53 5000 1000 0.8 50 0.4 1 0.8
1.0080150073953 49.0210382571939 "experimento_53" 53 5000 1000 0.8 50 0.4 1 0.8
0.999736722093076 49.4980304438595 "experimento_53" 53 5000 1000 0.8 50 0.4 1 0.8
1.01052339700051 47.1920842169309 "experimento_53" 53 5000 1000 0.8 50 0.4 1 0.8
1.00002012269571 47.1514186877505 "experimento_53" 53 5000 1000 0.8 50 0.4 1 0.8
1.00001040303544 49.2996950145663 "experimento_53" 53 5000 1000 0.8 50 0.4 1 0.8
1.00774587097578 52.0271014022732 "experimento_53" 53 5000 1000 0.8 50 0.4 1 0.8
0.999728008639067 48.349508305093 "experimento_53" 53 5000 1000 0.8 50 0.4 1 0.8
1.0000045355875 49.4561926239092 "experimento_53" 53 5000 1000 0.8 50 0.4 1 0.8
1.01222687361468 52.7236392014339 "experimento_53" 53 5000 1000 0.8 50 0.4 1 0.8
1.00310639061034 50.8323640675282 "experimento_53" 53 5000 1000 0.8 50 0.4 1 0.8
1.0106508355774 54.0313382924321 "experimento_53" 53 5000 1000 0.8 50 0.4 1 0.8
1.03197320405226 61.2914520537523 "experimento_53" 53 5000 1000 0.8 50 0.4 1 0.8
1.01302017985843 57.0601047759741 "experimento_53" 53 5000 1000 0.8 50 0.4 1 0.8
1.00007574593648 49.537086888743 "experimento_53" 53 5000 1000 0.8 50 0.4 1 0.8
1.0006105207356 49.4074319027636 "experimento_53" 53 5000 1000 0.8 50 0.4 1 0.8
1.00008000270136 49.9608913368312 "experimento_53" 53 5000 1000 0.8 50 0.4 1 0.8
1.01230304525234 53.8035695746095 "experimento_53" 53 5000 1000 0.8 50 0.4 1 0.8
1.0000081627667 51.9926386184998 "experimento_53" 53 5000 1000 0.8 50 0.4 1 0.8
1.00044077039696 51.0027945052311 "experimento_53" 53 5000 1000 0.8 50 0.4 1 0.8
1.00159028350376 50.2568217329871 "experimento_53" 53 5000 1000 0.8 50 0.4 1 0.8
0.999883037060499 48.9575794935338 "experimento_53" 53 5000 1000 0.8 50 0.4 1 0.8
1.00050808005035 49.2598428327774 "experimento_53" 53 5000 1000 0.8 50 0.4 1 0.8
1.00281557976268 50.0684844700629 "experimento_53" 53 5000 1000 0.8 50 0.4 1 0.8
1.00441039696336 48.2405869467527 "experimento_53" 53 5000 1000 0.8 50 0.4 1 0.8
1.00020657633943 49.892566720965 "experimento_53" 53 5000 1000 0.8 50 0.4 1 0.8
0.999949347227812 47.8836232461747 "experimento_53" 53 5000 1000 0.8 50 0.4 1 0.8
0.999615600565448 48.9690048792058 "experimento_53" 53 5000 1000 0.8 50 0.4 1 0.8
1.00104951186106 54.5981115954302 "experimento_53" 53 5000 1000 0.8 50 0.4 1 0.8
0.99976704781875 48.9254110932113 "experimento_53" 53 5000 1000 0.8 50 0.4 1 0.8
1.00253810873255 50.7307035340886 "experimento_53" 53 5000 1000 0.8 50 0.4 1 0.8
1.00049114405351 50.0237481933711 "experimento_53" 53 5000 1000 0.8 50 0.4 1 0.8
1.00033732363023 48.7056749651811 "experimento_53" 53 5000 1000 0.8 50 0.4 1 0.8
1.01256818277761 45.9571333391573 "experimento_53" 53 5000 1000 0.8 50 0.4 1 0.8
1.00004539385438 48.7660344829559 "experimento_53" 53 5000 1000 0.8 50 0.4 1 0.8
1.00968499643639 52.9369538624427 "experimento_53" 53 5000 1000 0.8 50 0.4 1 0.8
1.00495275503024 48.5452897160296 "experimento_53" 53 5000 1000 0.8 50 0.4 1 0.8
0.999836613656953 48.5908776692301 "experimento_53" 53 5000 1000 0.8 50 0.4 1 0.8
1.00407885461114 48.3438509049596 "experimento_53" 53 5000 1000 0.8 50 0.4 1 0.8
1.00195070648566 54.7064133529308 "experimento_53" 53 5000 1000 0.8 50 0.4 1 0.8
0.999586697435006 48.7934000815066 "experimento_53" 53 5000 1000 0.8 50 0.4 1 0.8
1.00023964786492 51.3639778221455 "experimento_53" 53 5000 1000 0.8 50 0.4 1 0.8
1.0163747721157 50.1963775377379 "experimento_53" 53 5000 1000 0.8 50 0.4 1 0.8
1.01857940556397 46.1013055586138 "experimento_53" 53 5000 1000 0.8 50 0.4 1 0.8
1.02304576311464 59.5913551249488 "experimento_53" 53 5000 1000 0.8 50 0.4 1 0.8
1.00003102543764 52.5507607725411 "experimento_53" 53 5000 1000 0.8 50 0.4 1 0.8
1.00001457407139 50.7763473804559 "experimento_53" 53 5000 1000 0.8 50 0.4 1 0.8
0.999772580573335 48.9535872510959 "experimento_53" 53 5000 1000 0.8 50 0.4 1 0.8
1.00003098242916 50.6078720838341 "experimento_53" 53 5000 1000 0.8 50 0.4 1 0.8
1.00291406836201 51.4568067384094 "experimento_53" 53 5000 1000 0.8 50 0.4 1 0.8
1.00708145701326 51.1197631815363 "experimento_53" 53 5000 1000 0.8 50 0.4 1 0.8
1.00369065563194 48.684573502016 "experimento_53" 53 5000 1000 0.8 50 0.4 1 0.8
1.00842085393146 46.7495669472904 "experimento_53" 53 5000 1000 0.8 50 0.4 1 0.8
0.999892855063081 48.118090429242 "experimento_53" 53 5000 1000 0.8 50 0.4 1 0.8
1.00016627113335 52.2885631954538 "experimento_53" 53 5000 1000 0.8 50 0.4 1 0.8
0.999728178372607 50.710155993594 "experimento_53" 53 5000 1000 0.8 50 0.4 1 0.8
1.00675088322721 47.8391327557424 "experimento_53" 53 5000 1000 0.8 50 0.4 1 0.8
1.00317229058594 52.5080351626696 "experimento_53" 53 5000 1000 0.8 50 0.4 1 0.8
0.999569832114503 49.068525247545 "experimento_53" 53 5000 1000 0.8 50 0.4 1 0.8
1.01230295294896 49.665998152998 "experimento_53" 53 5000 1000 0.8 50 0.4 1 0.8
1.00005224912868 51.9352062388771 "experimento_53" 53 5000 1000 0.8 50 0.4 1 0.8
1.00927668629214 47.5455129140381 "experimento_53" 53 5000 1000 0.8 50 0.4 1 0.8
0.999943582573906 50.1599764295677 "experimento_53" 53 5000 1000 0.8 50 0.4 1 0.8
1.00001940711401 47.6818516726816 "experimento_53" 53 5000 1000 0.8 50 0.4 1 0.8
1.01048028840683 48.5178883547122 "experimento_53" 53 5000 1000 0.8 50 0.4 1 0.8
1.00079877511408 50.4985870443803 "experimento_53" 53 5000 1000 0.8 50 0.4 1 0.8
1.00075236365199 50.0822954370786 "experimento_53" 53 5000 1000 0.8 50 0.4 1 0.8
1.00637451903895 53.1268808415479 "experimento_53" 53 5000 1000 0.8 50 0.4 1 0.8
1.0041911095567 48.7147357344988 "experimento_53" 53 5000 1000 0.8 50 0.4 1 0.8
1.00016839433239 52.1827670255816 "experimento_53" 53 5000 1000 0.8 50 0.4 1 0.8
1.000173204327 49.9403105064343 "experimento_53" 53 5000 1000 0.8 50 0.4 1 0.8
1.00000038797817 50.6448519426379 "experimento_53" 53 5000 1000 0.8 50 0.4 1 0.8
1.00269331343815 48.8332282827512 "experimento_53" 53 5000 1000 0.8 50 0.4 1 0.8
1.01354152879678 48.8762362714354 "experimento_53" 53 5000 1000 0.8 50 0.4 1 0.8
1.00279005223542 50.9033241380068 "experimento_53" 53 5000 1000 0.8 50 0.4 1 0.8
1.00000222423114 48.5855882140048 "experimento_53" 53 5000 1000 0.8 50 0.4 1 0.8
1.00039460880682 45.7443577166806 "experimento_53" 53 5000 1000 0.8 50 0.4 1 0.8
1.00030566028319 52.8606748155496 "experimento_53" 53 5000 1000 0.8 50 0.4 1 0.8
1.00000599156789 51.4706578813549 "experimento_53" 53 5000 1000 0.8 50 0.4 1 0.8
1.01671977525493 53.7479896043414 "experimento_53" 53 5000 1000 0.8 50 0.4 1 0.8
1.00669316849671 52.3923821216493 "experimento_53" 53 5000 1000 0.8 50 0.4 1 0.8
1.01591794500043 52.73136915112 "experimento_53" 53 5000 1000 0.8 50 0.4 1 0.8
0.999995338730514 49.7369904537431 "experimento_53" 53 5000 1000 0.8 50 0.4 1 0.8
1.0019772554189 49.8996032239054 "experimento_53" 53 5000 1000 0.8 50 0.4 1 0.8
1.00294285410084 50.1886055511206 "experimento_53" 53 5000 1000 0.8 50 0.4 1 0.8
1.00012937691768 47.2812001798389 "experimento_53" 53 5000 1000 0.8 50 0.4 1 0.8
1.01021813595667 48.4229793431973 "experimento_53" 53 5000 1000 0.8 50 0.4 1 0.8
0.999848250998184 52.3743661897226 "experimento_53" 53 5000 1000 0.8 50 0.4 1 0.8
1.00024601727724 49.4925681218958 "experimento_53" 53 5000 1000 0.8 50 0.4 1 0.8
1.00004824696806 50.391469894869 "experimento_53" 53 5000 1000 0.8 50 0.4 1 0.8
1.00712923959829 47.9620032144823 "experimento_53" 53 5000 1000 0.8 50 0.4 1 0.8
1.00519917556085 47.487224080625 "experimento_53" 53 5000 1000 0.8 50 0.4 1 0.8
1.00102297169156 49.3485391655735 "experimento_53" 53 5000 1000 0.8 50 0.4 1 0.8
1.00051319541354 48.2411661554787 "experimento_53" 53 5000 1000 0.8 50 0.4 1 0.8
0.999730817507952 51.1159663728827 "experimento_53" 53 5000 1000 0.8 50 0.4 1 0.8
0.999949263874441 50.1255414405728 "experimento_53" 53 5000 1000 0.8 50 0.4 1 0.8
1.0011307722237 48.9598682345099 "experimento_53" 53 5000 1000 0.8 50 0.4 1 0.8
1.0123039159365 46.3591304874949 "experimento_53" 53 5000 1000 0.8 50 0.4 1 0.8
0.999707591254264 49.7973875823315 "experimento_53" 53 5000 1000 0.8 50 0.4 1 0.8
1.01700289670294 46.7356564088942 "experimento_53" 53 5000 1000 0.8 50 0.4 1 0.8
0.999787016073242 48.6232192404146 "experimento_53" 53 5000 1000 0.8 50 0.4 1 0.8
1.00248601673983 48.9588191180819 "experimento_53" 53 5000 1000 0.8 50 0.4 1 0.8
1.0003136728052 51.0716494124805 "experimento_53" 53 5000 1000 0.8 50 0.4 1 0.8
1.00030887659639 51.128826189454 "experimento_53" 53 5000 1000 0.8 50 0.4 1 0.8
1.00014784421772 47.6686706514798 "experimento_53" 53 5000 1000 0.8 50 0.4 1 0.8
1.00369408106431 52.0911644627955 "experimento_53" 53 5000 1000 0.8 50 0.4 1 0.8
1.00036278425758 45.9562214825212 "experimento_53" 53 5000 1000 0.8 50 0.4 1 0.8
0.999776389217004 50.8538404667568 "experimento_53" 53 5000 1000 0.8 50 0.4 1 0.8
1.00421811985438 51.3545453829757 "experimento_53" 53 5000 1000 0.8 50 0.4 1 0.8
1.00001841631718 50.1147317057788 "experimento_53" 53 5000 1000 0.8 50 0.4 1 0.8
1.00004835371859 50.3031286122837 "experimento_53" 53 5000 1000 0.8 50 0.4 1 0.8
1.00294061872531 48.6273870493127 "experimento_53" 53 5000 1000 0.8 50 0.4 1 0.8
1.00017973528784 51.0871898642984 "experimento_53" 53 5000 1000 0.8 50 0.4 1 0.8
1.00486856691539 53.3358788691905 "experimento_53" 53 5000 1000 0.8 50 0.4 1 0.8
0.999840939883143 50.2127647168777 "experimento_53" 53 5000 1000 0.8 50 0.4 1 0.8
1.0076345144771 51.0905522267452 "experimento_53" 53 5000 1000 0.8 50 0.4 1 0.8
1.00095955354162 50.1041512733456 "experimento_53" 53 5000 1000 0.8 50 0.4 1 0.8
1.02089193839496 56.1236754251838 "experimento_53" 53 5000 1000 0.8 50 0.4 1 0.8
1.00024870757945 51.4301277511297 "experimento_53" 53 5000 1000 0.8 50 0.4 1 0.8
1.001196484198 54.3020192046672 "experimento_53" 53 5000 1000 0.8 50 0.4 1 0.8
1.01255543452688 44.9893393449952 "experimento_53" 53 5000 1000 0.8 50 0.4 1 0.8
1.00953327934258 46.5122433281056 "experimento_53" 53 5000 1000 0.8 50 0.4 1 0.8
1.00410882836788 49.9568544154535 "experimento_53" 53 5000 1000 0.8 50 0.4 1 0.8
0.999580103438348 47.8076417098096 "experimento_53" 53 5000 1000 0.8 50 0.4 1 0.8
1.0028834815789 46.8290323073942 "experimento_53" 53 5000 1000 0.8 50 0.4 1 0.8
0.999752113129944 47.6914320107309 "experimento_53" 53 5000 1000 0.8 50 0.4 1 0.8
1.0000074147398 48.4326312700095 "experimento_53" 53 5000 1000 0.8 50 0.4 1 0.8
1.00002910736017 52.3991010456383 "experimento_53" 53 5000 1000 0.8 50 0.4 1 0.8
1.00400978291407 48.9334669213666 "experimento_53" 53 5000 1000 0.8 50 0.4 1 0.8
1.0055863424018 51.3005058097545 "experimento_53" 53 5000 1000 0.8 50 0.4 1 0.8
1.0000286224066 49.6251807961463 "experimento_53" 53 5000 1000 0.8 50 0.4 1 0.8
1.00055242937058 49.5810212068877 "experimento_53" 53 5000 1000 0.8 50 0.4 1 0.8
1.00298454964039 50.5423958364054 "experimento_53" 53 5000 1000 0.8 50 0.4 1 0.8
1.00126965777017 50.6128922350589 "experimento_53" 53 5000 1000 0.8 50 0.4 1 0.8
1.01237098236568 47.1643783157333 "experimento_53" 53 5000 1000 0.8 50 0.4 1 0.8
0.999956579878926 51.0954819500982 "experimento_53" 53 5000 1000 0.8 50 0.4 1 0.8
1.00051437934861 50.8440488064087 "experimento_53" 53 5000 1000 0.8 50 0.4 1 0.8
0.999944872921333 48.7762290673976 "experimento_53" 53 5000 1000 0.8 50 0.4 1 0.8
1.01179586369544 53.2069976572947 "experimento_53" 53 5000 1000 0.8 50 0.4 1 0.8
1.00002533279359 49.0455739527209 "experimento_53" 53 5000 1000 0.8 50 0.4 1 0.8
1.00245793104172 51.1380456594124 "experimento_53" 53 5000 1000 0.8 50 0.4 1 0.8
1.01588147006845 48.1512985290542 "experimento_53" 53 5000 1000 0.8 50 0.4 1 0.8
1.01072974181734 54.6628609031509 "experimento_53" 53 5000 1000 0.8 50 0.4 1 0.8
1.02010191952726 49.5471898394858 "experimento_53" 53 5000 1000 0.8 50 0.4 1 0.8
1.00669983434491 50.5341515985835 "experimento_53" 53 5000 1000 0.8 50 0.4 1 0.8
0.999873348278925 48.2512069804279 "experimento_53" 53 5000 1000 0.8 50 0.4 1 0.8
1.00159056580625 51.045464108479 "experimento_53" 53 5000 1000 0.8 50 0.4 1 0.8
1.02332319391807 55.0994347886933 "experimento_53" 53 5000 1000 0.8 50 0.4 1 0.8
1.01120127504392 47.3464561749061 "experimento_53" 53 5000 1000 0.8 50 0.4 1 0.8
1.00029993103567 48.9785671784968 "experimento_53" 53 5000 1000 0.8 50 0.4 1 0.8
1.00617377383634 50.3833898051984 "experimento_53" 53 5000 1000 0.8 50 0.4 1 0.8
1.00086679897271 47.7755441777927 "experimento_53" 53 5000 1000 0.8 50 0.4 1 0.8
1.00051784524694 52.2532099733103 "experimento_53" 53 5000 1000 0.8 50 0.4 1 0.8
1.00000389303081 49.0584499963706 "experimento_53" 53 5000 1000 0.8 50 0.4 1 0.8
1.00358937325345 48.8808344009942 "experimento_53" 53 5000 1000 0.8 50 0.4 1 0.8
1.00174799557533 46.8586774974531 "experimento_53" 53 5000 1000 0.8 50 0.4 1 0.8
1.00131264404394 51.7648723166789 "experimento_53" 53 5000 1000 0.8 50 0.4 1 0.8
1.00012992323376 50.9685297775721 "experimento_53" 53 5000 1000 0.8 50 0.4 1 0.8
1.01414734269315 49.4141311577447 "experimento_53" 53 5000 1000 0.8 50 0.4 1 0.8
0.999704441521317 50.5769529629929 "experimento_53" 53 5000 1000 0.8 50 0.4 1 0.8
1.0096721407774 52.5260488671663 "experimento_53" 53 5000 1000 0.8 50 0.4 1 0.8
1.00134782108287 51.1483361174883 "experimento_53" 53 5000 1000 0.8 50 0.4 1 0.8
0.999607610981911 47.2288870450978 "experimento_53" 53 5000 1000 0.8 50 0.4 1 0.8
1.01096087993123 48.1004820800769 "experimento_53" 53 5000 1000 0.8 50 0.4 1 0.8
1.0002562338952 50.7456787392484 "experimento_53" 53 5000 1000 0.8 50 0.4 1 0.8
1.00506712649898 45.9148224452096 "experimento_53" 53 5000 1000 0.8 50 0.4 1 0.8
1.00060131696526 47.5731022202345 "experimento_53" 53 5000 1000 0.8 50 0.4 1 0.8
0.999842594144866 47.8754070887717 "experimento_53" 53 5000 1000 0.8 50 0.4 1 0.8
1.00109525305947 52.718509177025 "experimento_53" 53 5000 1000 0.8 50 0.4 1 0.8
1.0004925277736 51.7627617989216 "experimento_53" 53 5000 1000 0.8 50 0.4 1 0.8
0.99971819575876 50.5355819013734 "experimento_53" 53 5000 1000 0.8 50 0.4 1 0.8
1.00010624081828 48.9937595146728 "experimento_53" 53 5000 1000 0.8 50 0.4 1 0.8
1.0145686065956 44.936824189223 "experimento_53" 53 5000 1000 0.8 50 0.4 1 0.8
1.0043247261364 46.4172815660271 "experimento_53" 53 5000 1000 0.8 50 0.4 1 0.8
1.00454213042744 47.195666744433 "experimento_53" 53 5000 1000 0.8 50 0.4 1 0.8
1.00264173334464 52.5026424378543 "experimento_53" 53 5000 1000 0.8 50 0.4 1 0.8
1.00871241036803 52.9465180533939 "experimento_53" 53 5000 1000 0.8 50 0.4 1 0.8
1.0000124994386 49.9334584339556 "experimento_53" 53 5000 1000 0.8 50 0.4 1 0.8
1.00397717269138 49.2995801010591 "experimento_53" 53 5000 1000 0.8 50 0.4 1 0.8
1.00070228120378 53.1769323972122 "experimento_53" 53 5000 1000 0.8 50 0.4 1 0.8
1.00391109044664 47.5784417585921 "experimento_53" 53 5000 1000 0.8 50 0.4 1 0.8
1.00116702333352 51.0487178346027 "experimento_53" 53 5000 1000 0.8 50 0.4 1 0.8
1.00432079521939 50.6174791939535 "experimento_53" 53 5000 1000 0.8 50 0.4 1 0.8
1.00000256681698 50.2404682364676 "experimento_53" 53 5000 1000 0.8 50 0.4 1 0.8
0.999665237264708 47.5824849265285 "experimento_53" 53 5000 1000 0.8 50 0.4 1 0.8
1.00902188050263 49.2900721185613 "experimento_53" 53 5000 1000 0.8 50 0.4 1 0.8
0.999887936050072 48.6807866473655 "experimento_53" 53 5000 1000 0.8 50 0.4 1 0.8
1.00961765701883 48.0218595653132 "experimento_53" 53 5000 1000 0.8 50 0.4 1 0.8
1.00002862633151 46.2612692949507 "experimento_53" 53 5000 1000 0.8 50 0.4 1 0.8
1.00016603848897 49.7329002684574 "experimento_53" 53 5000 1000 0.8 50 0.4 1 0.8
1.01228630669415 50.4120380758061 "experimento_53" 53 5000 1000 0.8 50 0.4 1 0.8
0.999958998057991 49.4513303988356 "experimento_53" 53 5000 1000 0.8 50 0.4 1 0.8
0.999606346478686 47.879239284518 "experimento_53" 53 5000 1000 0.8 50 0.4 1 0.8
1.00051243252121 50.7555119734006 "experimento_53" 53 5000 1000 0.8 50 0.4 1 0.8
1.00436076904647 49.2528237426431 "experimento_53" 53 5000 1000 0.8 50 0.4 1 0.8
1.00484576523536 54.100190666573 "experimento_53" 53 5000 1000 0.8 50 0.4 1 0.8
1.00920735741679 53.2041910074309 "experimento_53" 53 5000 1000 0.8 50 0.4 1 0.8
1.00354786572047 46.5137837560002 "experimento_53" 53 5000 1000 0.8 50 0.4 1 0.8
1.0020949875605 50.295856404836 "experimento_53" 53 5000 1000 0.8 50 0.4 1 0.8
1.00000839165387 52.574797303681 "experimento_53" 53 5000 1000 0.8 50 0.4 1 0.8
1.00848888974907 51.3640472392305 "experimento_53" 53 5000 1000 0.8 50 0.4 1 0.8
0.999687616247684 48.9715954615037 "experimento_53" 53 5000 1000 0.8 50 0.4 1 0.8
0.99976297118701 48.5437512159055 "experimento_53" 53 5000 1000 0.8 50 0.4 1 0.8
1.01511995630255 47.5595543496129 "experimento_53" 53 5000 1000 0.8 50 0.4 1 0.8
0.999722976703197 48.1960418811989 "experimento_53" 53 5000 1000 0.8 50 0.4 1 0.8
1.00051306603476 52.5503542634184 "experimento_53" 53 5000 1000 0.8 50 0.4 1 0.8
1.00057002080092 50.1518008570035 "experimento_53" 53 5000 1000 0.8 50 0.4 1 0.8
1.00012278415502 51.1307411007775 "experimento_53" 53 5000 1000 0.8 50 0.4 1 0.8
1.00004021456465 50.9246024347517 "experimento_53" 53 5000 1000 0.8 50 0.4 1 0.8
1.00033842433352 47.3944678685052 "experimento_53" 53 5000 1000 0.8 50 0.4 1 0.8
1.00165181746174 52.9613173269683 "experimento_53" 53 5000 1000 0.8 50 0.4 1 0.8
1.00414725983515 50.8780779077194 "experimento_53" 53 5000 1000 0.8 50 0.4 1 0.8
1.00181873823109 51.3791738307668 "experimento_53" 53 5000 1000 0.8 50 0.4 1 0.8
1.01272144476883 46.8221997040486 "experimento_53" 53 5000 1000 0.8 50 0.4 1 0.8
1.00734516513534 52.1865943391607 "experimento_53" 53 5000 1000 0.8 50 0.4 1 0.8
1.00002661132254 48.1095482433299 "experimento_53" 53 5000 1000 0.8 50 0.4 1 0.8
1.00252434253525 50.3835456211891 "experimento_53" 53 5000 1000 0.8 50 0.4 1 0.8
1.00006165143273 50.0251837010445 "experimento_53" 53 5000 1000 0.8 50 0.4 1 0.8
1.00774053898617 51.3172795242237 "experimento_53" 53 5000 1000 0.8 50 0.4 1 0.8
1.00012105906382 51.2269894195488 "experimento_53" 53 5000 1000 0.8 50 0.4 1 0.8
1.00000178806484 50.4962034765974 "experimento_53" 53 5000 1000 0.8 50 0.4 1 0.8
1.00305332780041 47.8795114945417 "experimento_53" 53 5000 1000 0.8 50 0.4 1 0.8
0.999928332399577 50.3758463265138 "experimento_53" 53 5000 1000 0.8 50 0.4 1 0.8
0.999628328252584 48.4862876528724 "experimento_53" 53 5000 1000 0.8 50 0.4 1 0.8
1.00470945053734 51.3573199956118 "experimento_53" 53 5000 1000 0.8 50 0.4 1 0.8
1.01587268871223 50.6050514527956 "experimento_53" 53 5000 1000 0.8 50 0.4 1 0.8
1.00705531644635 49.9108615872369 "experimento_53" 53 5000 1000 0.8 50 0.4 1 0.8
1.00460854597977 49.8553560559155 "experimento_53" 53 5000 1000 0.8 50 0.4 1 0.8
1.00037832005881 51.3377957976431 "experimento_53" 53 5000 1000 0.8 50 0.4 1 0.8
1.0000017114263 50.4025680332283 "experimento_53" 53 5000 1000 0.8 50 0.4 1 0.8
1.01472173886605 53.2060610525004 "experimento_53" 53 5000 1000 0.8 50 0.4 1 0.8
