"est.u" "est.lamb" "name" "seed" "size" "replicates" "p_umbral" "exp_lambda" "alpha_pen" "n_pen" "c"
1.00000681350939 29.9093251905458 "experimento_39" 39 1500 1000 0.8 30 0.4 1 0.8
1.02610898871456 33.2925628244922 "experimento_39" 39 1500 1000 0.8 30 0.4 1 0.8
1.00105101604325 25.94622461499 "experimento_39" 39 1500 1000 0.8 30 0.4 1 0.8
0.999796809861436 31.7556320974854 "experimento_39" 39 1500 1000 0.8 30 0.4 1 0.8
1.0019466505534 29.6700149558327 "experimento_39" 39 1500 1000 0.8 30 0.4 1 0.8
1.01037765702543 27.2745752704812 "experimento_39" 39 1500 1000 0.8 30 0.4 1 0.8
1.01084199723167 27.1659119639207 "experimento_39" 39 1500 1000 0.8 30 0.4 1 0.8
1.01984376924423 27.1152877946585 "experimento_39" 39 1500 1000 0.8 30 0.4 1 0.8
1.00106822598415 28.7295794407885 "experimento_39" 39 1500 1000 0.8 30 0.4 1 0.8
1.03901273670156 30.2257770409695 "experimento_39" 39 1500 1000 0.8 30 0.4 1 0.8
1.01907199948254 31.8929086482401 "experimento_39" 39 1500 1000 0.8 30 0.4 1 0.8
1.00864825377551 31.5626536805583 "experimento_39" 39 1500 1000 0.8 30 0.4 1 0.8
1.01165526439436 29.9637778972776 "experimento_39" 39 1500 1000 0.8 30 0.4 1 0.8
1.02868498175575 31.4712018454429 "experimento_39" 39 1500 1000 0.8 30 0.4 1 0.8
0.999799485085532 29.7973657841583 "experimento_39" 39 1500 1000 0.8 30 0.4 1 0.8
1.00729546567115 30.2046135023942 "experimento_39" 39 1500 1000 0.8 30 0.4 1 0.8
0.999734666198492 30.0751717366559 "experimento_39" 39 1500 1000 0.8 30 0.4 1 0.8
1.00010379683979 31.1227224563325 "experimento_39" 39 1500 1000 0.8 30 0.4 1 0.8
1.00040039544805 28.7132832526037 "experimento_39" 39 1500 1000 0.8 30 0.4 1 0.8
1.02275841523272 27.1775002674251 "experimento_39" 39 1500 1000 0.8 30 0.4 1 0.8
1.00030506580758 31.7355241325821 "experimento_39" 39 1500 1000 0.8 30 0.4 1 0.8
1.00271109438812 28.42452952739 "experimento_39" 39 1500 1000 0.8 30 0.4 1 0.8
1.02844937965134 26.4042275520103 "experimento_39" 39 1500 1000 0.8 30 0.4 1 0.8
1.01389261177049 27.1150244619193 "experimento_39" 39 1500 1000 0.8 30 0.4 1 0.8
1.01891974669178 26.9085042794524 "experimento_39" 39 1500 1000 0.8 30 0.4 1 0.8
0.999803189886734 31.2275913927261 "experimento_39" 39 1500 1000 0.8 30 0.4 1 0.8
1.0236278206745 34.652039800839 "experimento_39" 39 1500 1000 0.8 30 0.4 1 0.8
0.999691774602979 28.3788068617688 "experimento_39" 39 1500 1000 0.8 30 0.4 1 0.8
0.999595361063257 29.240394157359 "experimento_39" 39 1500 1000 0.8 30 0.4 1 0.8
1.00384856712384 32.1918193905187 "experimento_39" 39 1500 1000 0.8 30 0.4 1 0.8
1.00408930100593 35.0940015963956 "experimento_39" 39 1500 1000 0.8 30 0.4 1 0.8
1.00005288562285 30.7829384381571 "experimento_39" 39 1500 1000 0.8 30 0.4 1 0.8
1.00250181572822 33.2731674321345 "experimento_39" 39 1500 1000 0.8 30 0.4 1 0.8
0.99922768259421 28.9943424343108 "experimento_39" 39 1500 1000 0.8 30 0.4 1 0.8
0.999467226909474 30.102547434182 "experimento_39" 39 1500 1000 0.8 30 0.4 1 0.8
1.00284943464581 30.6900212223447 "experimento_39" 39 1500 1000 0.8 30 0.4 1 0.8
1.0143905848212 31.0199277914819 "experimento_39" 39 1500 1000 0.8 30 0.4 1 0.8
1.00000231377357 30.2124678043048 "experimento_39" 39 1500 1000 0.8 30 0.4 1 0.8
1.00547371577127 29.7480960825834 "experimento_39" 39 1500 1000 0.8 30 0.4 1 0.8
0.999135118443519 29.5378683659962 "experimento_39" 39 1500 1000 0.8 30 0.4 1 0.8
1.00024074111134 34.9204935072269 "experimento_39" 39 1500 1000 0.8 30 0.4 1 0.8
0.999657320557162 27.4138949132327 "experimento_39" 39 1500 1000 0.8 30 0.4 1 0.8
1.00127137988976 31.0309897581913 "experimento_39" 39 1500 1000 0.8 30 0.4 1 0.8
1.00604841226401 30.9402505513999 "experimento_39" 39 1500 1000 0.8 30 0.4 1 0.8
1.00734494564434 26.6490656474797 "experimento_39" 39 1500 1000 0.8 30 0.4 1 0.8
1.00002152685386 28.3025296295406 "experimento_39" 39 1500 1000 0.8 30 0.4 1 0.8
1.00122832851484 31.6886394746432 "experimento_39" 39 1500 1000 0.8 30 0.4 1 0.8
1.00050789080089 31.7900329289453 "experimento_39" 39 1500 1000 0.8 30 0.4 1 0.8
1.001536869832 34.8500802775192 "experimento_39" 39 1500 1000 0.8 30 0.4 1 0.8
1.01929780592521 26.9719948695529 "experimento_39" 39 1500 1000 0.8 30 0.4 1 0.8
0.998629303416237 30.4839635072264 "experimento_39" 39 1500 1000 0.8 30 0.4 1 0.8
0.998987527098507 30.1431166699047 "experimento_39" 39 1500 1000 0.8 30 0.4 1 0.8
1.00090013604301 30.3355923802447 "experimento_39" 39 1500 1000 0.8 30 0.4 1 0.8
1.00856582381142 29.4892965082852 "experimento_39" 39 1500 1000 0.8 30 0.4 1 0.8
1.0523121116034 28.7542045643734 "experimento_39" 39 1500 1000 0.8 30 0.4 1 0.8
1.00527896377788 29.1056286187865 "experimento_39" 39 1500 1000 0.8 30 0.4 1 0.8
0.999076449079439 33.3922974781506 "experimento_39" 39 1500 1000 0.8 30 0.4 1 0.8
1.0120953019398 29.5900728741001 "experimento_39" 39 1500 1000 0.8 30 0.4 1 0.8
1.00009227446722 30.6956480577711 "experimento_39" 39 1500 1000 0.8 30 0.4 1 0.8
1.011527436149 29.0951465086677 "experimento_39" 39 1500 1000 0.8 30 0.4 1 0.8
1.00114629844405 32.3402692924502 "experimento_39" 39 1500 1000 0.8 30 0.4 1 0.8
1.00014294929147 31.7883470418672 "experimento_39" 39 1500 1000 0.8 30 0.4 1 0.8
0.999240728328004 28.5349565850583 "experimento_39" 39 1500 1000 0.8 30 0.4 1 0.8
1.00006821344917 28.9561826943353 "experimento_39" 39 1500 1000 0.8 30 0.4 1 0.8
1.00017947160328 31.5971856450159 "experimento_39" 39 1500 1000 0.8 30 0.4 1 0.8
1.00562104736786 29.2488363798719 "experimento_39" 39 1500 1000 0.8 30 0.4 1 0.8
0.998303780099377 28.4556441665172 "experimento_39" 39 1500 1000 0.8 30 0.4 1 0.8
1.0005874228988 28.9513391840225 "experimento_39" 39 1500 1000 0.8 30 0.4 1 0.8
1.00008941339329 31.8025989264457 "experimento_39" 39 1500 1000 0.8 30 0.4 1 0.8
0.999049861216918 29.6904501655435 "experimento_39" 39 1500 1000 0.8 30 0.4 1 0.8
1.0021514905151 28.2254021228169 "experimento_39" 39 1500 1000 0.8 30 0.4 1 0.8
1.00537154947782 29.9567670037436 "experimento_39" 39 1500 1000 0.8 30 0.4 1 0.8
0.999294894747436 29.2722250024868 "experimento_39" 39 1500 1000 0.8 30 0.4 1 0.8
1.00657443793801 27.1554816853381 "experimento_39" 39 1500 1000 0.8 30 0.4 1 0.8
0.999290106585249 31.4411126970726 "experimento_39" 39 1500 1000 0.8 30 0.4 1 0.8
1.00009407245864 29.5149289269212 "experimento_39" 39 1500 1000 0.8 30 0.4 1 0.8
1.00158024161037 31.1568162790284 "experimento_39" 39 1500 1000 0.8 30 0.4 1 0.8
1.01541423549255 26.9473880713826 "experimento_39" 39 1500 1000 0.8 30 0.4 1 0.8
1.00009348957489 28.8727107976529 "experimento_39" 39 1500 1000 0.8 30 0.4 1 0.8
1.00008202507977 29.5228994878253 "experimento_39" 39 1500 1000 0.8 30 0.4 1 0.8
1.0002561039154 28.5215710407621 "experimento_39" 39 1500 1000 0.8 30 0.4 1 0.8
1.00005176379345 30.9550912718634 "experimento_39" 39 1500 1000 0.8 30 0.4 1 0.8
0.99811700778082 25.9614770542993 "experimento_39" 39 1500 1000 0.8 30 0.4 1 0.8
1.00023023317396 27.0831286593634 "experimento_39" 39 1500 1000 0.8 30 0.4 1 0.8
0.999571864958853 28.5326520900631 "experimento_39" 39 1500 1000 0.8 30 0.4 1 0.8
1.00157666705784 29.7192275167478 "experimento_39" 39 1500 1000 0.8 30 0.4 1 0.8
1.00036520005502 30.9067921189205 "experimento_39" 39 1500 1000 0.8 30 0.4 1 0.8
1.00051487161157 31.5891682535507 "experimento_39" 39 1500 1000 0.8 30 0.4 1 0.8
1.00534332798392 27.8352409703638 "experimento_39" 39 1500 1000 0.8 30 0.4 1 0.8
1.0000773814662 32.848265034014 "experimento_39" 39 1500 1000 0.8 30 0.4 1 0.8
1.00034119926083 32.0758478453753 "experimento_39" 39 1500 1000 0.8 30 0.4 1 0.8
1.02241661992545 27.015821483188 "experimento_39" 39 1500 1000 0.8 30 0.4 1 0.8
1.01242100613502 29.8577063792382 "experimento_39" 39 1500 1000 0.8 30 0.4 1 0.8
1.00007199576745 30.2022418006981 "experimento_39" 39 1500 1000 0.8 30 0.4 1 0.8
1.00046064161385 26.7838150292637 "experimento_39" 39 1500 1000 0.8 30 0.4 1 0.8
1.00007601659648 30.6611345407573 "experimento_39" 39 1500 1000 0.8 30 0.4 1 0.8
1.00026088346106 30.3847991257314 "experimento_39" 39 1500 1000 0.8 30 0.4 1 0.8
0.998734581982717 28.9428840436399 "experimento_39" 39 1500 1000 0.8 30 0.4 1 0.8
0.999902952229604 33.6432323120488 "experimento_39" 39 1500 1000 0.8 30 0.4 1 0.8
1.00640310583015 28.8149183202877 "experimento_39" 39 1500 1000 0.8 30 0.4 1 0.8
1.01898606580993 32.4200967903047 "experimento_39" 39 1500 1000 0.8 30 0.4 1 0.8
1.00928807434005 29.4540966268747 "experimento_39" 39 1500 1000 0.8 30 0.4 1 0.8
1.01614081044681 29.3350033214989 "experimento_39" 39 1500 1000 0.8 30 0.4 1 0.8
1.00151493153535 26.8516274677738 "experimento_39" 39 1500 1000 0.8 30 0.4 1 0.8
1.00629042012983 30.6881374376474 "experimento_39" 39 1500 1000 0.8 30 0.4 1 0.8
0.999539227224886 31.6408311780254 "experimento_39" 39 1500 1000 0.8 30 0.4 1 0.8
1.00577209310917 28.2717400606658 "experimento_39" 39 1500 1000 0.8 30 0.4 1 0.8
0.998593120835721 25.3768518602824 "experimento_39" 39 1500 1000 0.8 30 0.4 1 0.8
1.02299467007009 31.6029112891494 "experimento_39" 39 1500 1000 0.8 30 0.4 1 0.8
1.00000670050892 31.8068705550688 "experimento_39" 39 1500 1000 0.8 30 0.4 1 0.8
0.999547448242083 27.4557202059266 "experimento_39" 39 1500 1000 0.8 30 0.4 1 0.8
1.03961927652824 32.0778578073657 "experimento_39" 39 1500 1000 0.8 30 0.4 1 0.8
0.999541612109169 29.9076554955965 "experimento_39" 39 1500 1000 0.8 30 0.4 1 0.8
1.00013034091549 33.324261988212 "experimento_39" 39 1500 1000 0.8 30 0.4 1 0.8
1.00583824658146 33.0077018795259 "experimento_39" 39 1500 1000 0.8 30 0.4 1 0.8
0.999735996359959 31.0929090782852 "experimento_39" 39 1500 1000 0.8 30 0.4 1 0.8
1.00004232774178 30.3328726318311 "experimento_39" 39 1500 1000 0.8 30 0.4 1 0.8
1.00036492297156 29.36478349935 "experimento_39" 39 1500 1000 0.8 30 0.4 1 0.8
1.009539039076 31.7654184804241 "experimento_39" 39 1500 1000 0.8 30 0.4 1 0.8
0.998324058717117 30.7582371173253 "experimento_39" 39 1500 1000 0.8 30 0.4 1 0.8
1.00632779430598 33.1540020722327 "experimento_39" 39 1500 1000 0.8 30 0.4 1 0.8
1.00105737022748 29.2037821577959 "experimento_39" 39 1500 1000 0.8 30 0.4 1 0.8
1.00037976723785 29.8595484982542 "experimento_39" 39 1500 1000 0.8 30 0.4 1 0.8
1.03147234863772 29.4504555704246 "experimento_39" 39 1500 1000 0.8 30 0.4 1 0.8
1.00197608099448 31.4233477560047 "experimento_39" 39 1500 1000 0.8 30 0.4 1 0.8
1.0001946551995 27.9688795233745 "experimento_39" 39 1500 1000 0.8 30 0.4 1 0.8
0.999602843075991 28.2315663032358 "experimento_39" 39 1500 1000 0.8 30 0.4 1 0.8
1.00759947177333 29.8081953543109 "experimento_39" 39 1500 1000 0.8 30 0.4 1 0.8
1.03092273545001 34.1473910422776 "experimento_39" 39 1500 1000 0.8 30 0.4 1 0.8
1.00048160666289 32.0484114428342 "experimento_39" 39 1500 1000 0.8 30 0.4 1 0.8
1.00006850479792 28.3192429006344 "experimento_39" 39 1500 1000 0.8 30 0.4 1 0.8
1.00030723575225 28.7769443529532 "experimento_39" 39 1500 1000 0.8 30 0.4 1 0.8
1.02379231268174 31.2151096958598 "experimento_39" 39 1500 1000 0.8 30 0.4 1 0.8
1.00001376553749 30.2328516702413 "experimento_39" 39 1500 1000 0.8 30 0.4 1 0.8
0.999300119932741 28.8664475153502 "experimento_39" 39 1500 1000 0.8 30 0.4 1 0.8
1.03852072112743 30.7838853467474 "experimento_39" 39 1500 1000 0.8 30 0.4 1 0.8
1.03356581737415 24.2692628137237 "experimento_39" 39 1500 1000 0.8 30 0.4 1 0.8
1.0010674282598 29.5060444062235 "experimento_39" 39 1500 1000 0.8 30 0.4 1 0.8
1.00922740577332 27.6290211272544 "experimento_39" 39 1500 1000 0.8 30 0.4 1 0.8
1.0017244900732 27.5943248321789 "experimento_39" 39 1500 1000 0.8 30 0.4 1 0.8
0.998646189458668 28.00399988336 "experimento_39" 39 1500 1000 0.8 30 0.4 1 0.8
1.00059995537934 29.1626842900393 "experimento_39" 39 1500 1000 0.8 30 0.4 1 0.8
1.00126458965242 29.8409530786291 "experimento_39" 39 1500 1000 0.8 30 0.4 1 0.8
0.999703313456848 29.9710230629786 "experimento_39" 39 1500 1000 0.8 30 0.4 1 0.8
0.999595428584144 30.0596014786761 "experimento_39" 39 1500 1000 0.8 30 0.4 1 0.8
1.00783073455549 29.92576906973 "experimento_39" 39 1500 1000 0.8 30 0.4 1 0.8
1.00008371472359 34.1761978141446 "experimento_39" 39 1500 1000 0.8 30 0.4 1 0.8
1.00034015676938 31.7644107718923 "experimento_39" 39 1500 1000 0.8 30 0.4 1 0.8
0.999383369227871 28.780715012283 "experimento_39" 39 1500 1000 0.8 30 0.4 1 0.8
0.999273068271577 30.1741771961245 "experimento_39" 39 1500 1000 0.8 30 0.4 1 0.8
1.00125404227738 29.6040961924956 "experimento_39" 39 1500 1000 0.8 30 0.4 1 0.8
1.00032105621706 32.7724832421914 "experimento_39" 39 1500 1000 0.8 30 0.4 1 0.8
1.00020584356971 27.6915232575491 "experimento_39" 39 1500 1000 0.8 30 0.4 1 0.8
0.998688048450276 30.8436895631439 "experimento_39" 39 1500 1000 0.8 30 0.4 1 0.8
0.999891519546509 31.0279899865454 "experimento_39" 39 1500 1000 0.8 30 0.4 1 0.8
1.00139487472374 30.1681936020862 "experimento_39" 39 1500 1000 0.8 30 0.4 1 0.8
0.999533377122134 28.5744796884091 "experimento_39" 39 1500 1000 0.8 30 0.4 1 0.8
1.00019657717113 29.0083321399593 "experimento_39" 39 1500 1000 0.8 30 0.4 1 0.8
1.00473323742891 29.7123533828646 "experimento_39" 39 1500 1000 0.8 30 0.4 1 0.8
1.00144373399423 32.1934275482809 "experimento_39" 39 1500 1000 0.8 30 0.4 1 0.8
1.01799769864107 35.575132301641 "experimento_39" 39 1500 1000 0.8 30 0.4 1 0.8
1.00837350599311 31.8993922112063 "experimento_39" 39 1500 1000 0.8 30 0.4 1 0.8
1.00138050660801 31.2559658195337 "experimento_39" 39 1500 1000 0.8 30 0.4 1 0.8
1.01762119592167 29.339134366362 "experimento_39" 39 1500 1000 0.8 30 0.4 1 0.8
1.00026617098519 30.4801152585243 "experimento_39" 39 1500 1000 0.8 30 0.4 1 0.8
1.00027706881045 32.9074473415436 "experimento_39" 39 1500 1000 0.8 30 0.4 1 0.8
1.01484366425624 32.2231446171669 "experimento_39" 39 1500 1000 0.8 30 0.4 1 0.8
0.999434729805216 28.5251512523373 "experimento_39" 39 1500 1000 0.8 30 0.4 1 0.8
1.00124623574532 30.6511360042157 "experimento_39" 39 1500 1000 0.8 30 0.4 1 0.8
1.02210381321299 28.8694733369864 "experimento_39" 39 1500 1000 0.8 30 0.4 1 0.8
1.00566425722403 31.8635415740728 "experimento_39" 39 1500 1000 0.8 30 0.4 1 0.8
1.00000943907847 27.3595625097355 "experimento_39" 39 1500 1000 0.8 30 0.4 1 0.8
0.999354208586738 28.80749890036 "experimento_39" 39 1500 1000 0.8 30 0.4 1 0.8
0.999357670079917 30.6218571825735 "experimento_39" 39 1500 1000 0.8 30 0.4 1 0.8
1.00232319766656 33.1220066421482 "experimento_39" 39 1500 1000 0.8 30 0.4 1 0.8
1.00370773736702 28.693574944349 "experimento_39" 39 1500 1000 0.8 30 0.4 1 0.8
0.998423458309844 28.6026950266558 "experimento_39" 39 1500 1000 0.8 30 0.4 1 0.8
1.01345935684512 27.9564173259441 "experimento_39" 39 1500 1000 0.8 30 0.4 1 0.8
0.998762586619705 28.1010772012252 "experimento_39" 39 1500 1000 0.8 30 0.4 1 0.8
1.00000293607224 28.3946095820426 "experimento_39" 39 1500 1000 0.8 30 0.4 1 0.8
0.999510885681957 28.9364183748905 "experimento_39" 39 1500 1000 0.8 30 0.4 1 0.8
1.00008031861211 34.4315926984974 "experimento_39" 39 1500 1000 0.8 30 0.4 1 0.8
1.00008493817101 33.5846385975048 "experimento_39" 39 1500 1000 0.8 30 0.4 1 0.8
1.00009728470876 29.8258192494183 "experimento_39" 39 1500 1000 0.8 30 0.4 1 0.8
1.00878098437873 35.6657879357452 "experimento_39" 39 1500 1000 0.8 30 0.4 1 0.8
1.03659526932224 34.7936080002653 "experimento_39" 39 1500 1000 0.8 30 0.4 1 0.8
1.00014423276298 28.8078244524555 "experimento_39" 39 1500 1000 0.8 30 0.4 1 0.8
0.999067973578349 28.84752852901 "experimento_39" 39 1500 1000 0.8 30 0.4 1 0.8
0.999312682077289 29.0721706203661 "experimento_39" 39 1500 1000 0.8 30 0.4 1 0.8
0.998343898449093 28.3380882506974 "experimento_39" 39 1500 1000 0.8 30 0.4 1 0.8
1.030184627584 34.9634843078518 "experimento_39" 39 1500 1000 0.8 30 0.4 1 0.8
1.02865379511279 35.0253134178018 "experimento_39" 39 1500 1000 0.8 30 0.4 1 0.8
0.999134852318093 33.2250319275122 "experimento_39" 39 1500 1000 0.8 30 0.4 1 0.8
1.00001866756938 27.8045583724771 "experimento_39" 39 1500 1000 0.8 30 0.4 1 0.8
1.00020299784478 30.4296240221974 "experimento_39" 39 1500 1000 0.8 30 0.4 1 0.8
1.00099332085811 27.5875721622002 "experimento_39" 39 1500 1000 0.8 30 0.4 1 0.8
1.00430043027411 33.417880562037 "experimento_39" 39 1500 1000 0.8 30 0.4 1 0.8
0.999834520043805 28.4102351576715 "experimento_39" 39 1500 1000 0.8 30 0.4 1 0.8
1.0165143304194 31.0358592501477 "experimento_39" 39 1500 1000 0.8 30 0.4 1 0.8
1.00567764419944 29.2677600024178 "experimento_39" 39 1500 1000 0.8 30 0.4 1 0.8
1.00010421241944 33.5332349154866 "experimento_39" 39 1500 1000 0.8 30 0.4 1 0.8
1.00357862719657 35.424010906079 "experimento_39" 39 1500 1000 0.8 30 0.4 1 0.8
0.999678495340049 26.7381839539531 "experimento_39" 39 1500 1000 0.8 30 0.4 1 0.8
1.01325753182173 31.2666282881292 "experimento_39" 39 1500 1000 0.8 30 0.4 1 0.8
0.999057885957882 30.9432433521801 "experimento_39" 39 1500 1000 0.8 30 0.4 1 0.8
0.999324471689761 28.1479193526816 "experimento_39" 39 1500 1000 0.8 30 0.4 1 0.8
1.00021721489931 28.8240504343746 "experimento_39" 39 1500 1000 0.8 30 0.4 1 0.8
1.00162546566336 31.2904453552541 "experimento_39" 39 1500 1000 0.8 30 0.4 1 0.8
1.00893291755474 31.6256122285985 "experimento_39" 39 1500 1000 0.8 30 0.4 1 0.8
1.00004699475442 30.6415054511667 "experimento_39" 39 1500 1000 0.8 30 0.4 1 0.8
1.02167425450558 26.5459108004577 "experimento_39" 39 1500 1000 0.8 30 0.4 1 0.8
1.00066829555047 29.3119538349968 "experimento_39" 39 1500 1000 0.8 30 0.4 1 0.8
1.00932538526443 25.8167701935064 "experimento_39" 39 1500 1000 0.8 30 0.4 1 0.8
1.00312696959202 33.0252844309615 "experimento_39" 39 1500 1000 0.8 30 0.4 1 0.8
1.00199555339807 27.394730669995 "experimento_39" 39 1500 1000 0.8 30 0.4 1 0.8
1.00903421808034 25.5381898534488 "experimento_39" 39 1500 1000 0.8 30 0.4 1 0.8
1.0196858727218 36.5993949614202 "experimento_39" 39 1500 1000 0.8 30 0.4 1 0.8
1.01758539161334 33.49744212865 "experimento_39" 39 1500 1000 0.8 30 0.4 1 0.8
1.01400050089384 30.2611763717825 "experimento_39" 39 1500 1000 0.8 30 0.4 1 0.8
1.00564596491555 29.6948305911579 "experimento_39" 39 1500 1000 0.8 30 0.4 1 0.8
1.03583765700629 44.7352798108947 "experimento_39" 39 1500 1000 0.8 30 0.4 1 0.8
1.00004567595509 26.7943493382465 "experimento_39" 39 1500 1000 0.8 30 0.4 1 0.8
1.03008639768868 25.862161719782 "experimento_39" 39 1500 1000 0.8 30 0.4 1 0.8
1.00211101383924 31.8439189127361 "experimento_39" 39 1500 1000 0.8 30 0.4 1 0.8
1.0059955466073 31.6682740266709 "experimento_39" 39 1500 1000 0.8 30 0.4 1 0.8
1.00379778317486 28.7764748465545 "experimento_39" 39 1500 1000 0.8 30 0.4 1 0.8
1.00406959618752 24.9811718058575 "experimento_39" 39 1500 1000 0.8 30 0.4 1 0.8
1.00005047068722 29.4298438276107 "experimento_39" 39 1500 1000 0.8 30 0.4 1 0.8
1.02662411622953 26.2548645861196 "experimento_39" 39 1500 1000 0.8 30 0.4 1 0.8
1.01593775382886 29.4118560316279 "experimento_39" 39 1500 1000 0.8 30 0.4 1 0.8
1.00006516758973 30.1086879294871 "experimento_39" 39 1500 1000 0.8 30 0.4 1 0.8
1.00014516572244 27.9096384870454 "experimento_39" 39 1500 1000 0.8 30 0.4 1 0.8
1.0008665266564 27.6656784914537 "experimento_39" 39 1500 1000 0.8 30 0.4 1 0.8
1.00292005428734 27.4800016455624 "experimento_39" 39 1500 1000 0.8 30 0.4 1 0.8
1.00081688579398 32.1599572963683 "experimento_39" 39 1500 1000 0.8 30 0.4 1 0.8
0.998879406601191 25.8729776804772 "experimento_39" 39 1500 1000 0.8 30 0.4 1 0.8
1.00035388097167 29.9077490557805 "experimento_39" 39 1500 1000 0.8 30 0.4 1 0.8
1.00331091298722 29.1487358434643 "experimento_39" 39 1500 1000 0.8 30 0.4 1 0.8
0.999116871273145 29.4779474544277 "experimento_39" 39 1500 1000 0.8 30 0.4 1 0.8
1.0031477227807 29.3266086996074 "experimento_39" 39 1500 1000 0.8 30 0.4 1 0.8
1.02701679041645 32.7746505188015 "experimento_39" 39 1500 1000 0.8 30 0.4 1 0.8
0.999036846449599 29.8891077656333 "experimento_39" 39 1500 1000 0.8 30 0.4 1 0.8
1.00707807617148 27.6400936720277 "experimento_39" 39 1500 1000 0.8 30 0.4 1 0.8
1.00031870356761 30.7543058400406 "experimento_39" 39 1500 1000 0.8 30 0.4 1 0.8
1.00002537538892 30.4764319933154 "experimento_39" 39 1500 1000 0.8 30 0.4 1 0.8
1.00053604048056 30.5583046872891 "experimento_39" 39 1500 1000 0.8 30 0.4 1 0.8
1.00002289006213 32.7373199907795 "experimento_39" 39 1500 1000 0.8 30 0.4 1 0.8
1.01023300755769 32.6532341678226 "experimento_39" 39 1500 1000 0.8 30 0.4 1 0.8
1.00008672284591 34.0073237657867 "experimento_39" 39 1500 1000 0.8 30 0.4 1 0.8
0.99921574187465 29.4500911984772 "experimento_39" 39 1500 1000 0.8 30 0.4 1 0.8
1.0262251736527 35.1735041055667 "experimento_39" 39 1500 1000 0.8 30 0.4 1 0.8
0.999609901104122 29.9358171916431 "experimento_39" 39 1500 1000 0.8 30 0.4 1 0.8
1.00008196478399 27.5936215462394 "experimento_39" 39 1500 1000 0.8 30 0.4 1 0.8
1.02115798088101 30.4406094624911 "experimento_39" 39 1500 1000 0.8 30 0.4 1 0.8
1.01333041074686 34.0517696408645 "experimento_39" 39 1500 1000 0.8 30 0.4 1 0.8
1.00005768022592 29.085869512002 "experimento_39" 39 1500 1000 0.8 30 0.4 1 0.8
1.01121327787308 29.3756767952744 "experimento_39" 39 1500 1000 0.8 30 0.4 1 0.8
0.999704954680055 27.6252640109694 "experimento_39" 39 1500 1000 0.8 30 0.4 1 0.8
1.00265397480689 30.183590762477 "experimento_39" 39 1500 1000 0.8 30 0.4 1 0.8
1.00052730765504 29.2682847116513 "experimento_39" 39 1500 1000 0.8 30 0.4 1 0.8
0.998926135944203 28.0671952645766 "experimento_39" 39 1500 1000 0.8 30 0.4 1 0.8
1.03078346305076 32.2646258078462 "experimento_39" 39 1500 1000 0.8 30 0.4 1 0.8
1.00007945351923 28.4462024477718 "experimento_39" 39 1500 1000 0.8 30 0.4 1 0.8
1.01392195010558 29.4132357606511 "experimento_39" 39 1500 1000 0.8 30 0.4 1 0.8
0.998177483910695 31.3125210293779 "experimento_39" 39 1500 1000 0.8 30 0.4 1 0.8
1.01979102203695 32.0350169932642 "experimento_39" 39 1500 1000 0.8 30 0.4 1 0.8
1.01943214197767 32.3166226542403 "experimento_39" 39 1500 1000 0.8 30 0.4 1 0.8
1.00010985103436 29.4183530805405 "experimento_39" 39 1500 1000 0.8 30 0.4 1 0.8
0.999247567262501 29.9527923550566 "experimento_39" 39 1500 1000 0.8 30 0.4 1 0.8
0.999245884595439 31.6917802963869 "experimento_39" 39 1500 1000 0.8 30 0.4 1 0.8
1.00092807810518 28.9956278061159 "experimento_39" 39 1500 1000 0.8 30 0.4 1 0.8
1.00017933262463 27.854444197491 "experimento_39" 39 1500 1000 0.8 30 0.4 1 0.8
1.00834380749923 26.9657240825897 "experimento_39" 39 1500 1000 0.8 30 0.4 1 0.8
1.00036883442663 29.5163841240213 "experimento_39" 39 1500 1000 0.8 30 0.4 1 0.8
1.00053311761794 29.1320944185096 "experimento_39" 39 1500 1000 0.8 30 0.4 1 0.8
1.00526902231698 29.4116406775342 "experimento_39" 39 1500 1000 0.8 30 0.4 1 0.8
0.999040870461613 27.2327531932392 "experimento_39" 39 1500 1000 0.8 30 0.4 1 0.8
1.02758814419169 24.7708105104552 "experimento_39" 39 1500 1000 0.8 30 0.4 1 0.8
0.999588437844068 28.7282479515457 "experimento_39" 39 1500 1000 0.8 30 0.4 1 0.8
1.00006159584348 29.4105193008607 "experimento_39" 39 1500 1000 0.8 30 0.4 1 0.8
0.999700328800827 29.225854649161 "experimento_39" 39 1500 1000 0.8 30 0.4 1 0.8
1.00581588991918 31.1195599363852 "experimento_39" 39 1500 1000 0.8 30 0.4 1 0.8
1.00065797038066 29.8779994353957 "experimento_39" 39 1500 1000 0.8 30 0.4 1 0.8
1.00017399535608 28.8770648986048 "experimento_39" 39 1500 1000 0.8 30 0.4 1 0.8
1.00033407388255 30.7600616375112 "experimento_39" 39 1500 1000 0.8 30 0.4 1 0.8
1.00011962718852 29.6669214979843 "experimento_39" 39 1500 1000 0.8 30 0.4 1 0.8
1.00009297121859 29.9189565316001 "experimento_39" 39 1500 1000 0.8 30 0.4 1 0.8
0.998600283171982 26.6805333962386 "experimento_39" 39 1500 1000 0.8 30 0.4 1 0.8
1.0028411226968 31.6672417968888 "experimento_39" 39 1500 1000 0.8 30 0.4 1 0.8
1.03413292877236 36.857203241344 "experimento_39" 39 1500 1000 0.8 30 0.4 1 0.8
0.999896776862442 32.2082184130786 "experimento_39" 39 1500 1000 0.8 30 0.4 1 0.8
1.0000144121858 29.672627649322 "experimento_39" 39 1500 1000 0.8 30 0.4 1 0.8
1.00028596874815 33.2579430052257 "experimento_39" 39 1500 1000 0.8 30 0.4 1 0.8
1.00871219566713 31.5332531956123 "experimento_39" 39 1500 1000 0.8 30 0.4 1 0.8
1.00125830473068 28.4790934326983 "experimento_39" 39 1500 1000 0.8 30 0.4 1 0.8
1.00409947511119 28.8022525536795 "experimento_39" 39 1500 1000 0.8 30 0.4 1 0.8
1.00961219347082 30.7882721534122 "experimento_39" 39 1500 1000 0.8 30 0.4 1 0.8
1.00466862752413 29.750274695746 "experimento_39" 39 1500 1000 0.8 30 0.4 1 0.8
1.00570400759287 28.9383834847934 "experimento_39" 39 1500 1000 0.8 30 0.4 1 0.8
1.00983343129046 30.7976924615268 "experimento_39" 39 1500 1000 0.8 30 0.4 1 0.8
1.01975019572613 32.8966035574749 "experimento_39" 39 1500 1000 0.8 30 0.4 1 0.8
0.999668922973797 32.3169444475143 "experimento_39" 39 1500 1000 0.8 30 0.4 1 0.8
1.00533625393485 28.5658390448061 "experimento_39" 39 1500 1000 0.8 30 0.4 1 0.8
1.00153830970609 31.3025476184093 "experimento_39" 39 1500 1000 0.8 30 0.4 1 0.8
0.999596332665533 30.6866246386661 "experimento_39" 39 1500 1000 0.8 30 0.4 1 0.8
1.00005866621848 29.3150338280792 "experimento_39" 39 1500 1000 0.8 30 0.4 1 0.8
1.01921016494744 32.3762625468891 "experimento_39" 39 1500 1000 0.8 30 0.4 1 0.8
1.00046302487936 31.5462058356221 "experimento_39" 39 1500 1000 0.8 30 0.4 1 0.8
0.999532376648858 30.1773778928859 "experimento_39" 39 1500 1000 0.8 30 0.4 1 0.8
1.00177437779494 29.3969417566382 "experimento_39" 39 1500 1000 0.8 30 0.4 1 0.8
0.999349500518292 26.7988940714907 "experimento_39" 39 1500 1000 0.8 30 0.4 1 0.8
0.999656777596101 27.6153276811598 "experimento_39" 39 1500 1000 0.8 30 0.4 1 0.8
0.998474782099947 25.5522527065217 "experimento_39" 39 1500 1000 0.8 30 0.4 1 0.8
0.99907264416106 31.6309034413575 "experimento_39" 39 1500 1000 0.8 30 0.4 1 0.8
1.00011577862315 30.7376541661911 "experimento_39" 39 1500 1000 0.8 30 0.4 1 0.8
1.0010318879659 31.9876842749791 "experimento_39" 39 1500 1000 0.8 30 0.4 1 0.8
1.0114896216466 29.2342306792055 "experimento_39" 39 1500 1000 0.8 30 0.4 1 0.8
1.0091061673748 33.5828805139597 "experimento_39" 39 1500 1000 0.8 30 0.4 1 0.8
1.02381019760751 31.5410915055953 "experimento_39" 39 1500 1000 0.8 30 0.4 1 0.8
1.00081877297101 28.0971666475997 "experimento_39" 39 1500 1000 0.8 30 0.4 1 0.8
1.00896183859735 30.4561252103173 "experimento_39" 39 1500 1000 0.8 30 0.4 1 0.8
1.00759768493784 32.585750049168 "experimento_39" 39 1500 1000 0.8 30 0.4 1 0.8
0.998960508499295 28.5178304572556 "experimento_39" 39 1500 1000 0.8 30 0.4 1 0.8
0.999500676058233 32.0707914933618 "experimento_39" 39 1500 1000 0.8 30 0.4 1 0.8
1.00329494260562 30.3139771574716 "experimento_39" 39 1500 1000 0.8 30 0.4 1 0.8
1.0197454781582 28.1163824541844 "experimento_39" 39 1500 1000 0.8 30 0.4 1 0.8
1.00495487946707 34.8330382668075 "experimento_39" 39 1500 1000 0.8 30 0.4 1 0.8
0.999079288449138 31.8827214153264 "experimento_39" 39 1500 1000 0.8 30 0.4 1 0.8
1.00000932035036 32.0680408457238 "experimento_39" 39 1500 1000 0.8 30 0.4 1 0.8
1.00284091426086 29.512576257522 "experimento_39" 39 1500 1000 0.8 30 0.4 1 0.8
1.00001632953146 31.1307465563397 "experimento_39" 39 1500 1000 0.8 30 0.4 1 0.8
1.00206743616921 32.4422633066331 "experimento_39" 39 1500 1000 0.8 30 0.4 1 0.8
1.0149713876502 28.811957351676 "experimento_39" 39 1500 1000 0.8 30 0.4 1 0.8
1.00054808659479 28.2206710195251 "experimento_39" 39 1500 1000 0.8 30 0.4 1 0.8
0.999101049033925 31.1159193701488 "experimento_39" 39 1500 1000 0.8 30 0.4 1 0.8
1.01363732772879 31.2185491546957 "experimento_39" 39 1500 1000 0.8 30 0.4 1 0.8
1.00564249339513 30.9266003580277 "experimento_39" 39 1500 1000 0.8 30 0.4 1 0.8
0.999862225959077 29.7549409838012 "experimento_39" 39 1500 1000 0.8 30 0.4 1 0.8
1.00040855975822 29.8445004672159 "experimento_39" 39 1500 1000 0.8 30 0.4 1 0.8
1.01790423622976 31.5319150294393 "experimento_39" 39 1500 1000 0.8 30 0.4 1 0.8
1.00261939728322 29.9501305838924 "experimento_39" 39 1500 1000 0.8 30 0.4 1 0.8
1.00782137960196 28.262695052097 "experimento_39" 39 1500 1000 0.8 30 0.4 1 0.8
1.03147472963732 29.8609129001183 "experimento_39" 39 1500 1000 0.8 30 0.4 1 0.8
1.01839130066025 26.3333227980257 "experimento_39" 39 1500 1000 0.8 30 0.4 1 0.8
1.00011152198228 30.6873530672458 "experimento_39" 39 1500 1000 0.8 30 0.4 1 0.8
1.02523793491084 27.5023782357546 "experimento_39" 39 1500 1000 0.8 30 0.4 1 0.8
1.0235519234077 33.0730033274333 "experimento_39" 39 1500 1000 0.8 30 0.4 1 0.8
0.999564012046903 28.3515590531833 "experimento_39" 39 1500 1000 0.8 30 0.4 1 0.8
1.0006252865872 28.9013224133483 "experimento_39" 39 1500 1000 0.8 30 0.4 1 0.8
1.00013477435305 28.5290402127754 "experimento_39" 39 1500 1000 0.8 30 0.4 1 0.8
1.02021459640625 30.8434424800541 "experimento_39" 39 1500 1000 0.8 30 0.4 1 0.8
1.00319599454912 33.3150035090564 "experimento_39" 39 1500 1000 0.8 30 0.4 1 0.8
1.00118870954029 30.6265152533326 "experimento_39" 39 1500 1000 0.8 30 0.4 1 0.8
1.01922801982922 29.4645100143343 "experimento_39" 39 1500 1000 0.8 30 0.4 1 0.8
1.00581758160455 32.6681595911107 "experimento_39" 39 1500 1000 0.8 30 0.4 1 0.8
1.0200052189175 34.4358731069952 "experimento_39" 39 1500 1000 0.8 30 0.4 1 0.8
0.998981657670811 29.9579897843726 "experimento_39" 39 1500 1000 0.8 30 0.4 1 0.8
1.00562822114055 31.0599645146354 "experimento_39" 39 1500 1000 0.8 30 0.4 1 0.8
0.999817779520527 29.2066905800088 "experimento_39" 39 1500 1000 0.8 30 0.4 1 0.8
0.998263834509999 29.560197901526 "experimento_39" 39 1500 1000 0.8 30 0.4 1 0.8
0.998736122157425 31.594028634965 "experimento_39" 39 1500 1000 0.8 30 0.4 1 0.8
1.00066929997155 28.9376093040672 "experimento_39" 39 1500 1000 0.8 30 0.4 1 0.8
1.0010711892508 31.1214714076933 "experimento_39" 39 1500 1000 0.8 30 0.4 1 0.8
0.999336782842875 29.9046312064903 "experimento_39" 39 1500 1000 0.8 30 0.4 1 0.8
0.998313010437414 26.7000094507472 "experimento_39" 39 1500 1000 0.8 30 0.4 1 0.8
0.998866435606033 28.6195412524758 "experimento_39" 39 1500 1000 0.8 30 0.4 1 0.8
0.999611775390804 30.93383777185 "experimento_39" 39 1500 1000 0.8 30 0.4 1 0.8
1.00007762482316 29.6302040245236 "experimento_39" 39 1500 1000 0.8 30 0.4 1 0.8
1.00102686470685 31.723551162208 "experimento_39" 39 1500 1000 0.8 30 0.4 1 0.8
0.999455534620211 31.8082902237825 "experimento_39" 39 1500 1000 0.8 30 0.4 1 0.8
0.999485335545614 30.5632878159203 "experimento_39" 39 1500 1000 0.8 30 0.4 1 0.8
0.999522316036746 29.4289724623661 "experimento_39" 39 1500 1000 0.8 30 0.4 1 0.8
1.00271702924122 33.404181067204 "experimento_39" 39 1500 1000 0.8 30 0.4 1 0.8
1.00447154976428 32.5517261983407 "experimento_39" 39 1500 1000 0.8 30 0.4 1 0.8
1.0195066836973 33.5657435307513 "experimento_39" 39 1500 1000 0.8 30 0.4 1 0.8
1.00048807792683 29.6700148839603 "experimento_39" 39 1500 1000 0.8 30 0.4 1 0.8
1.00001718189257 28.7048988499315 "experimento_39" 39 1500 1000 0.8 30 0.4 1 0.8
1.00023620912495 27.6238211050853 "experimento_39" 39 1500 1000 0.8 30 0.4 1 0.8
1.00006700876693 31.7214130462216 "experimento_39" 39 1500 1000 0.8 30 0.4 1 0.8
1.00014877152466 28.8933629607594 "experimento_39" 39 1500 1000 0.8 30 0.4 1 0.8
1.0139176229015 24.3337283784864 "experimento_39" 39 1500 1000 0.8 30 0.4 1 0.8
0.999504332663491 28.8191167121929 "experimento_39" 39 1500 1000 0.8 30 0.4 1 0.8
0.999828909290954 31.284959680438 "experimento_39" 39 1500 1000 0.8 30 0.4 1 0.8
1.00049436407474 28.2268646534503 "experimento_39" 39 1500 1000 0.8 30 0.4 1 0.8
1.00542461811228 32.8119291352438 "experimento_39" 39 1500 1000 0.8 30 0.4 1 0.8
1.0283950456413 35.3673935405021 "experimento_39" 39 1500 1000 0.8 30 0.4 1 0.8
1.00369490863134 33.5601717757003 "experimento_39" 39 1500 1000 0.8 30 0.4 1 0.8
0.998809091513976 25.1718610495801 "experimento_39" 39 1500 1000 0.8 30 0.4 1 0.8
1.00114706045449 30.5025958448384 "experimento_39" 39 1500 1000 0.8 30 0.4 1 0.8
1.01084150915355 28.198526951477 "experimento_39" 39 1500 1000 0.8 30 0.4 1 0.8
0.999887563521042 29.8268842354804 "experimento_39" 39 1500 1000 0.8 30 0.4 1 0.8
0.9988945920486 27.4998863585435 "experimento_39" 39 1500 1000 0.8 30 0.4 1 0.8
1.03117731430738 30.1965058313408 "experimento_39" 39 1500 1000 0.8 30 0.4 1 0.8
1.00000682319514 28.950466337928 "experimento_39" 39 1500 1000 0.8 30 0.4 1 0.8
1.01723060156219 29.3810340540076 "experimento_39" 39 1500 1000 0.8 30 0.4 1 0.8
1.00133992903866 31.1819102996474 "experimento_39" 39 1500 1000 0.8 30 0.4 1 0.8
1.00077679113795 33.6405528159597 "experimento_39" 39 1500 1000 0.8 30 0.4 1 0.8
0.999867102364078 30.0338826331223 "experimento_39" 39 1500 1000 0.8 30 0.4 1 0.8
1.00551810440474 28.3473099049191 "experimento_39" 39 1500 1000 0.8 30 0.4 1 0.8
1.00056090871715 30.7398934005499 "experimento_39" 39 1500 1000 0.8 30 0.4 1 0.8
1.01641541246014 27.6666886092628 "experimento_39" 39 1500 1000 0.8 30 0.4 1 0.8
1.00852931903761 32.6928304221853 "experimento_39" 39 1500 1000 0.8 30 0.4 1 0.8
1.00005200873254 30.5366881463414 "experimento_39" 39 1500 1000 0.8 30 0.4 1 0.8
1.00963018201851 30.5658631269671 "experimento_39" 39 1500 1000 0.8 30 0.4 1 0.8
1.01061809860791 30.7343559156019 "experimento_39" 39 1500 1000 0.8 30 0.4 1 0.8
0.99897400662303 31.9308498886971 "experimento_39" 39 1500 1000 0.8 30 0.4 1 0.8
0.998431844171137 28.8961586125197 "experimento_39" 39 1500 1000 0.8 30 0.4 1 0.8
1.0128958961757 25.5954197770249 "experimento_39" 39 1500 1000 0.8 30 0.4 1 0.8
1.00370721034521 27.3830588651135 "experimento_39" 39 1500 1000 0.8 30 0.4 1 0.8
1.00001963459105 28.4867136478128 "experimento_39" 39 1500 1000 0.8 30 0.4 1 0.8
1.01875261172676 29.607479243313 "experimento_39" 39 1500 1000 0.8 30 0.4 1 0.8
1.01702275280841 30.6006458537654 "experimento_39" 39 1500 1000 0.8 30 0.4 1 0.8
1.02243393425209 29.8794517545199 "experimento_39" 39 1500 1000 0.8 30 0.4 1 0.8
0.999017207184806 29.6419381703313 "experimento_39" 39 1500 1000 0.8 30 0.4 1 0.8
1.0115702003551 31.5951194544987 "experimento_39" 39 1500 1000 0.8 30 0.4 1 0.8
1.0026035229365 33.7111838686599 "experimento_39" 39 1500 1000 0.8 30 0.4 1 0.8
1.01159221780217 27.2082360662063 "experimento_39" 39 1500 1000 0.8 30 0.4 1 0.8
1.00013626481643 31.1012154438263 "experimento_39" 39 1500 1000 0.8 30 0.4 1 0.8
1.01509704199822 33.1563601048029 "experimento_39" 39 1500 1000 0.8 30 0.4 1 0.8
1.0011958684617 29.5591873547624 "experimento_39" 39 1500 1000 0.8 30 0.4 1 0.8
1.0004016034323 29.7113723921691 "experimento_39" 39 1500 1000 0.8 30 0.4 1 0.8
1.00007088094734 29.6696153360821 "experimento_39" 39 1500 1000 0.8 30 0.4 1 0.8
0.999154828721657 29.2529372577115 "experimento_39" 39 1500 1000 0.8 30 0.4 1 0.8
1.00002270440917 28.5592455007784 "experimento_39" 39 1500 1000 0.8 30 0.4 1 0.8
1.00155097367242 29.7840016620369 "experimento_39" 39 1500 1000 0.8 30 0.4 1 0.8
1.00111585132157 31.3749527639644 "experimento_39" 39 1500 1000 0.8 30 0.4 1 0.8
1.04128007938324 39.0331862546088 "experimento_39" 39 1500 1000 0.8 30 0.4 1 0.8
1.00082521106427 28.8013944665921 "experimento_39" 39 1500 1000 0.8 30 0.4 1 0.8
1.00241645486094 30.7941558628346 "experimento_39" 39 1500 1000 0.8 30 0.4 1 0.8
0.999226495157927 26.3669414096428 "experimento_39" 39 1500 1000 0.8 30 0.4 1 0.8
1.0002537462879 31.4751658385992 "experimento_39" 39 1500 1000 0.8 30 0.4 1 0.8
1.00034166853233 30.3914835510684 "experimento_39" 39 1500 1000 0.8 30 0.4 1 0.8
0.998719315044582 29.7446035562123 "experimento_39" 39 1500 1000 0.8 30 0.4 1 0.8
1.00594240456509 30.2191770517731 "experimento_39" 39 1500 1000 0.8 30 0.4 1 0.8
1.00054938085377 30.4590466120981 "experimento_39" 39 1500 1000 0.8 30 0.4 1 0.8
1.01907061093176 31.6645047794792 "experimento_39" 39 1500 1000 0.8 30 0.4 1 0.8
1.00098548494279 29.4157213895408 "experimento_39" 39 1500 1000 0.8 30 0.4 1 0.8
1.00099116872686 31.860010029187 "experimento_39" 39 1500 1000 0.8 30 0.4 1 0.8
1.00031586329744 30.3054961817558 "experimento_39" 39 1500 1000 0.8 30 0.4 1 0.8
1.00001150517104 30.3554009785315 "experimento_39" 39 1500 1000 0.8 30 0.4 1 0.8
1.00049241906963 33.3628074223166 "experimento_39" 39 1500 1000 0.8 30 0.4 1 0.8
0.998181226663291 27.7754521778319 "experimento_39" 39 1500 1000 0.8 30 0.4 1 0.8
1.00003284995555 33.608777712119 "experimento_39" 39 1500 1000 0.8 30 0.4 1 0.8
1.03244572002301 36.5680214931387 "experimento_39" 39 1500 1000 0.8 30 0.4 1 0.8
1.00434369553501 30.5754621459639 "experimento_39" 39 1500 1000 0.8 30 0.4 1 0.8
1.04453749122579 29.7154648814912 "experimento_39" 39 1500 1000 0.8 30 0.4 1 0.8
1.01253015622497 28.2297706378965 "experimento_39" 39 1500 1000 0.8 30 0.4 1 0.8
1.01506952211882 28.7339912598426 "experimento_39" 39 1500 1000 0.8 30 0.4 1 0.8
1.00125527822723 32.3026621155333 "experimento_39" 39 1500 1000 0.8 30 0.4 1 0.8
1.00254487122099 34.8310256300109 "experimento_39" 39 1500 1000 0.8 30 0.4 1 0.8
1.00081161971514 30.0551772234597 "experimento_39" 39 1500 1000 0.8 30 0.4 1 0.8
1.02095074709505 26.6020880710605 "experimento_39" 39 1500 1000 0.8 30 0.4 1 0.8
1.00007260305186 30.9329686733467 "experimento_39" 39 1500 1000 0.8 30 0.4 1 0.8
0.999746416462585 30.9755246220143 "experimento_39" 39 1500 1000 0.8 30 0.4 1 0.8
1.00435147938992 28.3323534348912 "experimento_39" 39 1500 1000 0.8 30 0.4 1 0.8
1.00013633014945 30.5286746269634 "experimento_39" 39 1500 1000 0.8 30 0.4 1 0.8
1.00487076414862 32.7612818566521 "experimento_39" 39 1500 1000 0.8 30 0.4 1 0.8
0.999189023859799 26.8790015586819 "experimento_39" 39 1500 1000 0.8 30 0.4 1 0.8
1.00112918104666 27.5690176753499 "experimento_39" 39 1500 1000 0.8 30 0.4 1 0.8
1.02301560755198 37.0048744622656 "experimento_39" 39 1500 1000 0.8 30 0.4 1 0.8
1.01132876296326 29.1549125607496 "experimento_39" 39 1500 1000 0.8 30 0.4 1 0.8
0.998576672980562 28.3725487381351 "experimento_39" 39 1500 1000 0.8 30 0.4 1 0.8
1.02667499945049 36.5702666862834 "experimento_39" 39 1500 1000 0.8 30 0.4 1 0.8
1.00016970257172 28.235421376408 "experimento_39" 39 1500 1000 0.8 30 0.4 1 0.8
1.00103826092602 29.4348173883295 "experimento_39" 39 1500 1000 0.8 30 0.4 1 0.8
1.00031102355473 29.9858811549391 "experimento_39" 39 1500 1000 0.8 30 0.4 1 0.8
1.00018682205118 31.4371059848532 "experimento_39" 39 1500 1000 0.8 30 0.4 1 0.8
0.999574892921373 28.6652748067618 "experimento_39" 39 1500 1000 0.8 30 0.4 1 0.8
1.00036994287123 31.3005542580936 "experimento_39" 39 1500 1000 0.8 30 0.4 1 0.8
0.999293168075383 30.2235773044042 "experimento_39" 39 1500 1000 0.8 30 0.4 1 0.8
0.999367702752352 30.3645647376414 "experimento_39" 39 1500 1000 0.8 30 0.4 1 0.8
0.998760708607733 29.6838361411903 "experimento_39" 39 1500 1000 0.8 30 0.4 1 0.8
1.00006596934982 31.0489330319363 "experimento_39" 39 1500 1000 0.8 30 0.4 1 0.8
0.999742631101981 30.2594487065545 "experimento_39" 39 1500 1000 0.8 30 0.4 1 0.8
0.999815887073055 27.4598693482987 "experimento_39" 39 1500 1000 0.8 30 0.4 1 0.8
0.998417482478544 25.4871875036594 "experimento_39" 39 1500 1000 0.8 30 0.4 1 0.8
0.999060173518956 30.0605118023933 "experimento_39" 39 1500 1000 0.8 30 0.4 1 0.8
1.00055612775808 35.6542419439601 "experimento_39" 39 1500 1000 0.8 30 0.4 1 0.8
1.00031110896553 29.5895580131927 "experimento_39" 39 1500 1000 0.8 30 0.4 1 0.8
1.00516186504004 28.1664064946159 "experimento_39" 39 1500 1000 0.8 30 0.4 1 0.8
1.00351373551683 29.8492481365205 "experimento_39" 39 1500 1000 0.8 30 0.4 1 0.8
1.00069332603986 30.2104787873867 "experimento_39" 39 1500 1000 0.8 30 0.4 1 0.8
1.02991317060326 27.6172350665905 "experimento_39" 39 1500 1000 0.8 30 0.4 1 0.8
1.00082709303436 31.7852527454378 "experimento_39" 39 1500 1000 0.8 30 0.4 1 0.8
1.00134669989347 29.8785807072504 "experimento_39" 39 1500 1000 0.8 30 0.4 1 0.8
1.04634442492378 28.3483028545108 "experimento_39" 39 1500 1000 0.8 30 0.4 1 0.8
1.02125867566404 30.7013257843363 "experimento_39" 39 1500 1000 0.8 30 0.4 1 0.8
1.00665806097289 29.846697493718 "experimento_39" 39 1500 1000 0.8 30 0.4 1 0.8
1.01512074737656 28.4901561836278 "experimento_39" 39 1500 1000 0.8 30 0.4 1 0.8
1.00032033058837 29.5022095302098 "experimento_39" 39 1500 1000 0.8 30 0.4 1 0.8
1.0090365380204 26.3093283059924 "experimento_39" 39 1500 1000 0.8 30 0.4 1 0.8
1.00841601787445 31.7649220686526 "experimento_39" 39 1500 1000 0.8 30 0.4 1 0.8
1.00751765327668 30.394466300951 "experimento_39" 39 1500 1000 0.8 30 0.4 1 0.8
0.999397111358121 32.3451678635002 "experimento_39" 39 1500 1000 0.8 30 0.4 1 0.8
1.00010383317314 30.0098454930395 "experimento_39" 39 1500 1000 0.8 30 0.4 1 0.8
1.02243274864741 36.1874059299004 "experimento_39" 39 1500 1000 0.8 30 0.4 1 0.8
1.00239715221474 33.3371412984551 "experimento_39" 39 1500 1000 0.8 30 0.4 1 0.8
1.01824528512855 30.7078017390241 "experimento_39" 39 1500 1000 0.8 30 0.4 1 0.8
1.00081699320706 31.0294516058967 "experimento_39" 39 1500 1000 0.8 30 0.4 1 0.8
0.999283693963662 28.9281001431022 "experimento_39" 39 1500 1000 0.8 30 0.4 1 0.8
1.00075572603382 28.0927869130435 "experimento_39" 39 1500 1000 0.8 30 0.4 1 0.8
1.00324947265908 27.745633934619 "experimento_39" 39 1500 1000 0.8 30 0.4 1 0.8
1.00112132809071 29.8569881321202 "experimento_39" 39 1500 1000 0.8 30 0.4 1 0.8
1.00028640294137 28.8215507336894 "experimento_39" 39 1500 1000 0.8 30 0.4 1 0.8
1.00002008296951 30.2662858749624 "experimento_39" 39 1500 1000 0.8 30 0.4 1 0.8
1.00009431627889 31.4111684165139 "experimento_39" 39 1500 1000 0.8 30 0.4 1 0.8
1.00425838003631 28.5702857446794 "experimento_39" 39 1500 1000 0.8 30 0.4 1 0.8
1.02060601223881 31.0226947397185 "experimento_39" 39 1500 1000 0.8 30 0.4 1 0.8
1.0286594906187 35.6573893006236 "experimento_39" 39 1500 1000 0.8 30 0.4 1 0.8
1.00500884418528 33.4486988913678 "experimento_39" 39 1500 1000 0.8 30 0.4 1 0.8
1.00072764808623 31.2916344727311 "experimento_39" 39 1500 1000 0.8 30 0.4 1 0.8
0.998779463814571 27.0289082446669 "experimento_39" 39 1500 1000 0.8 30 0.4 1 0.8
1.00979925350596 35.6665674606838 "experimento_39" 39 1500 1000 0.8 30 0.4 1 0.8
1.00000989918287 29.6220104667128 "experimento_39" 39 1500 1000 0.8 30 0.4 1 0.8
1.0002209693756 31.1673664481907 "experimento_39" 39 1500 1000 0.8 30 0.4 1 0.8
1.00065585000751 29.8693141443529 "experimento_39" 39 1500 1000 0.8 30 0.4 1 0.8
1.00235040755686 29.4349549900843 "experimento_39" 39 1500 1000 0.8 30 0.4 1 0.8
1.00006146781767 28.870120754223 "experimento_39" 39 1500 1000 0.8 30 0.4 1 0.8
1.02661584732685 36.20499694382 "experimento_39" 39 1500 1000 0.8 30 0.4 1 0.8
1.01400326125634 33.2622555364819 "experimento_39" 39 1500 1000 0.8 30 0.4 1 0.8
0.998700163094327 28.9485374474629 "experimento_39" 39 1500 1000 0.8 30 0.4 1 0.8
1.02336482445129 28.8370522164166 "experimento_39" 39 1500 1000 0.8 30 0.4 1 0.8
1.00006138597443 31.3077776601701 "experimento_39" 39 1500 1000 0.8 30 0.4 1 0.8
0.99893710273318 26.6360591188049 "experimento_39" 39 1500 1000 0.8 30 0.4 1 0.8
1.01218060649339 36.2957572201243 "experimento_39" 39 1500 1000 0.8 30 0.4 1 0.8
1.00024451448893 28.7808228968611 "experimento_39" 39 1500 1000 0.8 30 0.4 1 0.8
1.00143904856717 28.0830648001397 "experimento_39" 39 1500 1000 0.8 30 0.4 1 0.8
1.00415273684387 28.0817596103214 "experimento_39" 39 1500 1000 0.8 30 0.4 1 0.8
1.00004585897204 33.2468820473779 "experimento_39" 39 1500 1000 0.8 30 0.4 1 0.8
1.00015021996853 28.2620248880285 "experimento_39" 39 1500 1000 0.8 30 0.4 1 0.8
1.00018090933264 30.8431022603087 "experimento_39" 39 1500 1000 0.8 30 0.4 1 0.8
0.999471843708307 30.3112128123205 "experimento_39" 39 1500 1000 0.8 30 0.4 1 0.8
1.00651678492671 32.3820450703269 "experimento_39" 39 1500 1000 0.8 30 0.4 1 0.8
1.00568350019554 29.1770545883585 "experimento_39" 39 1500 1000 0.8 30 0.4 1 0.8
1.01968603014636 23.9362028624789 "experimento_39" 39 1500 1000 0.8 30 0.4 1 0.8
1.00003667145541 30.4716087981193 "experimento_39" 39 1500 1000 0.8 30 0.4 1 0.8
1.00089196028411 31.1496157168176 "experimento_39" 39 1500 1000 0.8 30 0.4 1 0.8
1.00010077712124 29.9292260965625 "experimento_39" 39 1500 1000 0.8 30 0.4 1 0.8
1.00121826588487 28.179454274822 "experimento_39" 39 1500 1000 0.8 30 0.4 1 0.8
1.00015648488576 33.3261887710444 "experimento_39" 39 1500 1000 0.8 30 0.4 1 0.8
0.999251767061651 27.9894274886383 "experimento_39" 39 1500 1000 0.8 30 0.4 1 0.8
1.00909085230281 31.1201216952792 "experimento_39" 39 1500 1000 0.8 30 0.4 1 0.8
1.00004987889049 25.2996313727659 "experimento_39" 39 1500 1000 0.8 30 0.4 1 0.8
1.00611715158448 31.5604885287296 "experimento_39" 39 1500 1000 0.8 30 0.4 1 0.8
0.999032658990473 31.1876611571333 "experimento_39" 39 1500 1000 0.8 30 0.4 1 0.8
1.00049647353896 27.794588934147 "experimento_39" 39 1500 1000 0.8 30 0.4 1 0.8
1.00468372525647 31.414108125849 "experimento_39" 39 1500 1000 0.8 30 0.4 1 0.8
1.00826341604503 27.402377599612 "experimento_39" 39 1500 1000 0.8 30 0.4 1 0.8
0.999737218255177 31.5975637281948 "experimento_39" 39 1500 1000 0.8 30 0.4 1 0.8
0.999150365125388 30.9793485589343 "experimento_39" 39 1500 1000 0.8 30 0.4 1 0.8
1.0001763485616 28.6531737883156 "experimento_39" 39 1500 1000 0.8 30 0.4 1 0.8
1.0012097535034 28.1671905384509 "experimento_39" 39 1500 1000 0.8 30 0.4 1 0.8
1.00035754903441 32.8847945947417 "experimento_39" 39 1500 1000 0.8 30 0.4 1 0.8
1.00041700430835 28.988508912399 "experimento_39" 39 1500 1000 0.8 30 0.4 1 0.8
0.999756351113319 31.0749023299656 "experimento_39" 39 1500 1000 0.8 30 0.4 1 0.8
0.999742994783446 31.4699807430164 "experimento_39" 39 1500 1000 0.8 30 0.4 1 0.8
1.01959998210271 30.684345387063 "experimento_39" 39 1500 1000 0.8 30 0.4 1 0.8
1.01112545722475 28.9680819026807 "experimento_39" 39 1500 1000 0.8 30 0.4 1 0.8
1.00009848794826 32.8492573830175 "experimento_39" 39 1500 1000 0.8 30 0.4 1 0.8
1.00876791696064 29.2782856627139 "experimento_39" 39 1500 1000 0.8 30 0.4 1 0.8
1.00023093201841 28.3704407419454 "experimento_39" 39 1500 1000 0.8 30 0.4 1 0.8
1.0037770305605 31.3892017829048 "experimento_39" 39 1500 1000 0.8 30 0.4 1 0.8
1.00507812428599 32.772228932642 "experimento_39" 39 1500 1000 0.8 30 0.4 1 0.8
1.00062764487229 27.8508641668182 "experimento_39" 39 1500 1000 0.8 30 0.4 1 0.8
1.0060311532659 30.8361162763044 "experimento_39" 39 1500 1000 0.8 30 0.4 1 0.8
1.00008689436751 33.9942200739408 "experimento_39" 39 1500 1000 0.8 30 0.4 1 0.8
1.00025607069644 32.3052245403869 "experimento_39" 39 1500 1000 0.8 30 0.4 1 0.8
1.00985973761417 30.7026746066926 "experimento_39" 39 1500 1000 0.8 30 0.4 1 0.8
1.00026573410279 28.0537441165092 "experimento_39" 39 1500 1000 0.8 30 0.4 1 0.8
1.00021133874543 31.1473391160963 "experimento_39" 39 1500 1000 0.8 30 0.4 1 0.8
1.00059955819352 27.3740403572244 "experimento_39" 39 1500 1000 0.8 30 0.4 1 0.8
0.999805044615641 29.5850940075645 "experimento_39" 39 1500 1000 0.8 30 0.4 1 0.8
1.00298771828723 31.1508115851782 "experimento_39" 39 1500 1000 0.8 30 0.4 1 0.8
1.00100835152924 30.4951788424624 "experimento_39" 39 1500 1000 0.8 30 0.4 1 0.8
1.00001258691165 30.2897456619589 "experimento_39" 39 1500 1000 0.8 30 0.4 1 0.8
1.01345180972476 33.9940114949437 "experimento_39" 39 1500 1000 0.8 30 0.4 1 0.8
1.02409621063996 28.0931655943083 "experimento_39" 39 1500 1000 0.8 30 0.4 1 0.8
0.999528906075284 29.9469143197069 "experimento_39" 39 1500 1000 0.8 30 0.4 1 0.8
1.00011890386227 30.726948396138 "experimento_39" 39 1500 1000 0.8 30 0.4 1 0.8
1.00245857874545 34.1150684464288 "experimento_39" 39 1500 1000 0.8 30 0.4 1 0.8
1.00007625951742 30.8234216514792 "experimento_39" 39 1500 1000 0.8 30 0.4 1 0.8
0.999174223979935 31.1992133273628 "experimento_39" 39 1500 1000 0.8 30 0.4 1 0.8
1.00039758904216 27.7884750116218 "experimento_39" 39 1500 1000 0.8 30 0.4 1 0.8
1.00656509993908 28.7491512708012 "experimento_39" 39 1500 1000 0.8 30 0.4 1 0.8
0.999711335403845 33.1987911405665 "experimento_39" 39 1500 1000 0.8 30 0.4 1 0.8
1.02373407554362 33.4579843519597 "experimento_39" 39 1500 1000 0.8 30 0.4 1 0.8
1.00383385896102 29.6080315511177 "experimento_39" 39 1500 1000 0.8 30 0.4 1 0.8
1.00105191956381 30.0167429898621 "experimento_39" 39 1500 1000 0.8 30 0.4 1 0.8
1.03650138806412 37.5150425780703 "experimento_39" 39 1500 1000 0.8 30 0.4 1 0.8
1.03207626452842 33.4399467540309 "experimento_39" 39 1500 1000 0.8 30 0.4 1 0.8
1.01613915014702 28.1104211670428 "experimento_39" 39 1500 1000 0.8 30 0.4 1 0.8
0.99970072391443 31.2248584727898 "experimento_39" 39 1500 1000 0.8 30 0.4 1 0.8
1.00515437380721 30.2979022139655 "experimento_39" 39 1500 1000 0.8 30 0.4 1 0.8
0.998569474089891 27.1090301571494 "experimento_39" 39 1500 1000 0.8 30 0.4 1 0.8
0.999859327683225 26.985911554002 "experimento_39" 39 1500 1000 0.8 30 0.4 1 0.8
1.01744398182879 29.3721335309004 "experimento_39" 39 1500 1000 0.8 30 0.4 1 0.8
0.99895895132795 29.8279285997457 "experimento_39" 39 1500 1000 0.8 30 0.4 1 0.8
0.999495303723961 27.1485855707433 "experimento_39" 39 1500 1000 0.8 30 0.4 1 0.8
0.998945098603144 28.0628482303763 "experimento_39" 39 1500 1000 0.8 30 0.4 1 0.8
1.00024425086311 27.7976037533566 "experimento_39" 39 1500 1000 0.8 30 0.4 1 0.8
1.00481051774696 31.8473829386894 "experimento_39" 39 1500 1000 0.8 30 0.4 1 0.8
1.00407993306095 30.7945645087285 "experimento_39" 39 1500 1000 0.8 30 0.4 1 0.8
1.00237460032601 31.9192238792314 "experimento_39" 39 1500 1000 0.8 30 0.4 1 0.8
1.00138092125543 31.1271358950119 "experimento_39" 39 1500 1000 0.8 30 0.4 1 0.8
0.999988029478118 31.30829768884 "experimento_39" 39 1500 1000 0.8 30 0.4 1 0.8
1.02043160959147 28.578420186819 "experimento_39" 39 1500 1000 0.8 30 0.4 1 0.8
1.00001126774587 30.1308113686353 "experimento_39" 39 1500 1000 0.8 30 0.4 1 0.8
0.999526157043874 28.2474199220343 "experimento_39" 39 1500 1000 0.8 30 0.4 1 0.8
1.01652604434639 27.4552613597747 "experimento_39" 39 1500 1000 0.8 30 0.4 1 0.8
1.00217992725472 32.9357197998412 "experimento_39" 39 1500 1000 0.8 30 0.4 1 0.8
1.00772731954399 27.1049338837794 "experimento_39" 39 1500 1000 0.8 30 0.4 1 0.8
1.0011188787745 28.3825384459139 "experimento_39" 39 1500 1000 0.8 30 0.4 1 0.8
0.998021671781316 30.2087635009003 "experimento_39" 39 1500 1000 0.8 30 0.4 1 0.8
0.999483053339645 32.354575934261 "experimento_39" 39 1500 1000 0.8 30 0.4 1 0.8
1.00082034860291 30.7007446726008 "experimento_39" 39 1500 1000 0.8 30 0.4 1 0.8
1.00091100498103 29.3032943538827 "experimento_39" 39 1500 1000 0.8 30 0.4 1 0.8
1.0008947929057 27.9408091419091 "experimento_39" 39 1500 1000 0.8 30 0.4 1 0.8
1.00694821419505 27.395681555523 "experimento_39" 39 1500 1000 0.8 30 0.4 1 0.8
1.00010806116106 28.6342015807932 "experimento_39" 39 1500 1000 0.8 30 0.4 1 0.8
1.00345026108747 27.3842989759009 "experimento_39" 39 1500 1000 0.8 30 0.4 1 0.8
1.0429762375527 24.0281583387725 "experimento_39" 39 1500 1000 0.8 30 0.4 1 0.8
1.03682149643209 31.8565934159242 "experimento_39" 39 1500 1000 0.8 30 0.4 1 0.8
1.00732511996829 32.6100920718093 "experimento_39" 39 1500 1000 0.8 30 0.4 1 0.8
1.00012259252002 31.4523337976535 "experimento_39" 39 1500 1000 0.8 30 0.4 1 0.8
1.00479435902089 30.1911339075827 "experimento_39" 39 1500 1000 0.8 30 0.4 1 0.8
1.00127278556636 33.1776436533443 "experimento_39" 39 1500 1000 0.8 30 0.4 1 0.8
0.999998101964593 30.1091457381633 "experimento_39" 39 1500 1000 0.8 30 0.4 1 0.8
1.02258560179422 35.9033361919012 "experimento_39" 39 1500 1000 0.8 30 0.4 1 0.8
1.01766458709414 36.1511716883337 "experimento_39" 39 1500 1000 0.8 30 0.4 1 0.8
0.999295085202903 31.3309106055007 "experimento_39" 39 1500 1000 0.8 30 0.4 1 0.8
0.999891008948907 33.1145884608531 "experimento_39" 39 1500 1000 0.8 30 0.4 1 0.8
1.00422616961102 31.1727875149637 "experimento_39" 39 1500 1000 0.8 30 0.4 1 0.8
1.00026376610928 29.649917071451 "experimento_39" 39 1500 1000 0.8 30 0.4 1 0.8
1.00033348090947 28.4112720255172 "experimento_39" 39 1500 1000 0.8 30 0.4 1 0.8
1.00404240006271 29.0223139217226 "experimento_39" 39 1500 1000 0.8 30 0.4 1 0.8
1.00765581348448 32.4964731489991 "experimento_39" 39 1500 1000 0.8 30 0.4 1 0.8
1.01035441596371 28.6674993300431 "experimento_39" 39 1500 1000 0.8 30 0.4 1 0.8
1.01135748233646 29.2666261109611 "experimento_39" 39 1500 1000 0.8 30 0.4 1 0.8
0.999181551393121 28.6947392689755 "experimento_39" 39 1500 1000 0.8 30 0.4 1 0.8
1.00009973325456 29.1552598834122 "experimento_39" 39 1500 1000 0.8 30 0.4 1 0.8
1.00067076960889 33.0893575448189 "experimento_39" 39 1500 1000 0.8 30 0.4 1 0.8
1.01412897009092 28.4777230282198 "experimento_39" 39 1500 1000 0.8 30 0.4 1 0.8
0.999987520510331 31.4515842496254 "experimento_39" 39 1500 1000 0.8 30 0.4 1 0.8
1.00205410647966 30.2933023760783 "experimento_39" 39 1500 1000 0.8 30 0.4 1 0.8
1.00022057342605 30.521452045595 "experimento_39" 39 1500 1000 0.8 30 0.4 1 0.8
0.998699090443552 29.638852472061 "experimento_39" 39 1500 1000 0.8 30 0.4 1 0.8
1.00324577187809 28.7782535521984 "experimento_39" 39 1500 1000 0.8 30 0.4 1 0.8
1.03354375874484 27.9757124799509 "experimento_39" 39 1500 1000 0.8 30 0.4 1 0.8
1.00622106176167 28.0445224888702 "experimento_39" 39 1500 1000 0.8 30 0.4 1 0.8
1.00450640075579 29.7384129870859 "experimento_39" 39 1500 1000 0.8 30 0.4 1 0.8
1.00001260534239 32.2349403919297 "experimento_39" 39 1500 1000 0.8 30 0.4 1 0.8
0.999714358011261 34.0033039103499 "experimento_39" 39 1500 1000 0.8 30 0.4 1 0.8
0.999741605250165 30.9738926588685 "experimento_39" 39 1500 1000 0.8 30 0.4 1 0.8
1.02931486864745 33.4223227999643 "experimento_39" 39 1500 1000 0.8 30 0.4 1 0.8
1.00021346732974 31.1584986055323 "experimento_39" 39 1500 1000 0.8 30 0.4 1 0.8
1.00349087240615 30.5475007831197 "experimento_39" 39 1500 1000 0.8 30 0.4 1 0.8
1.00025241083155 33.02655881879 "experimento_39" 39 1500 1000 0.8 30 0.4 1 0.8
1.01572320158593 31.191425270428 "experimento_39" 39 1500 1000 0.8 30 0.4 1 0.8
1.01369925906282 29.2396522125534 "experimento_39" 39 1500 1000 0.8 30 0.4 1 0.8
1.03645826036821 35.8374340077897 "experimento_39" 39 1500 1000 0.8 30 0.4 1 0.8
1.00152575594063 30.6991932249515 "experimento_39" 39 1500 1000 0.8 30 0.4 1 0.8
1.01952962602178 25.7811646718357 "experimento_39" 39 1500 1000 0.8 30 0.4 1 0.8
1.0001219468036 31.1555907019829 "experimento_39" 39 1500 1000 0.8 30 0.4 1 0.8
1.00357674150728 31.9534030810254 "experimento_39" 39 1500 1000 0.8 30 0.4 1 0.8
0.999057312030345 26.6273918394574 "experimento_39" 39 1500 1000 0.8 30 0.4 1 0.8
1.01031714131435 31.8551723488327 "experimento_39" 39 1500 1000 0.8 30 0.4 1 0.8
1.00313275492217 28.2702371935972 "experimento_39" 39 1500 1000 0.8 30 0.4 1 0.8
1.00010026514841 31.4525388366472 "experimento_39" 39 1500 1000 0.8 30 0.4 1 0.8
1.00288271835695 33.6206996972888 "experimento_39" 39 1500 1000 0.8 30 0.4 1 0.8
1.00001465509025 31.8688133241332 "experimento_39" 39 1500 1000 0.8 30 0.4 1 0.8
0.999897165922448 32.2745838943076 "experimento_39" 39 1500 1000 0.8 30 0.4 1 0.8
1.00036980558912 28.7582098458709 "experimento_39" 39 1500 1000 0.8 30 0.4 1 0.8
1.01054266272113 32.2570652646946 "experimento_39" 39 1500 1000 0.8 30 0.4 1 0.8
0.999835602706298 29.793427864117 "experimento_39" 39 1500 1000 0.8 30 0.4 1 0.8
1.00115378397416 28.2269082383035 "experimento_39" 39 1500 1000 0.8 30 0.4 1 0.8
1.00014524234769 29.0695522384506 "experimento_39" 39 1500 1000 0.8 30 0.4 1 0.8
1.01088709124985 28.908522449884 "experimento_39" 39 1500 1000 0.8 30 0.4 1 0.8
1.01767349066213 33.8808843047948 "experimento_39" 39 1500 1000 0.8 30 0.4 1 0.8
1.0000349736462 32.1029140645399 "experimento_39" 39 1500 1000 0.8 30 0.4 1 0.8
0.998540445230901 28.0702946166486 "experimento_39" 39 1500 1000 0.8 30 0.4 1 0.8
1.00001015620861 29.2684814943269 "experimento_39" 39 1500 1000 0.8 30 0.4 1 0.8
1.00007304496555 31.2983455781979 "experimento_39" 39 1500 1000 0.8 30 0.4 1 0.8
1.00005435878411 34.0462051233406 "experimento_39" 39 1500 1000 0.8 30 0.4 1 0.8
1.00191383526354 30.6688066028806 "experimento_39" 39 1500 1000 0.8 30 0.4 1 0.8
1.00138132336239 31.2593363053786 "experimento_39" 39 1500 1000 0.8 30 0.4 1 0.8
0.999342885566875 26.6845236795004 "experimento_39" 39 1500 1000 0.8 30 0.4 1 0.8
0.999670366523787 29.4382638236208 "experimento_39" 39 1500 1000 0.8 30 0.4 1 0.8
1.00121661204224 29.4939206576821 "experimento_39" 39 1500 1000 0.8 30 0.4 1 0.8
1.00000371942328 27.9923900923709 "experimento_39" 39 1500 1000 0.8 30 0.4 1 0.8
0.999288677237928 28.2538402542984 "experimento_39" 39 1500 1000 0.8 30 0.4 1 0.8
1.00002741926608 30.7257085521531 "experimento_39" 39 1500 1000 0.8 30 0.4 1 0.8
1.00923894682589 29.6007372851602 "experimento_39" 39 1500 1000 0.8 30 0.4 1 0.8
1.00008105279963 29.4062926039875 "experimento_39" 39 1500 1000 0.8 30 0.4 1 0.8
1.00130734033883 27.59476139156 "experimento_39" 39 1500 1000 0.8 30 0.4 1 0.8
0.998997037298977 26.9458848196493 "experimento_39" 39 1500 1000 0.8 30 0.4 1 0.8
1.00800831149515 29.9224031839944 "experimento_39" 39 1500 1000 0.8 30 0.4 1 0.8
0.998364397790283 29.5187828745091 "experimento_39" 39 1500 1000 0.8 30 0.4 1 0.8
1.00063153505325 30.1706383218315 "experimento_39" 39 1500 1000 0.8 30 0.4 1 0.8
0.999973634723574 30.0725247243865 "experimento_39" 39 1500 1000 0.8 30 0.4 1 0.8
1.00249673884596 32.7486839276845 "experimento_39" 39 1500 1000 0.8 30 0.4 1 0.8
0.998671942856163 28.0355402140551 "experimento_39" 39 1500 1000 0.8 30 0.4 1 0.8
1.00927926745887 35.6069530452887 "experimento_39" 39 1500 1000 0.8 30 0.4 1 0.8
1.00078961964076 28.1990882942018 "experimento_39" 39 1500 1000 0.8 30 0.4 1 0.8
1.00263534520442 34.0951115430746 "experimento_39" 39 1500 1000 0.8 30 0.4 1 0.8
0.99948578258045 29.4307448219598 "experimento_39" 39 1500 1000 0.8 30 0.4 1 0.8
1.01532173329033 33.8608506880957 "experimento_39" 39 1500 1000 0.8 30 0.4 1 0.8
1.01875686063431 26.0300136239571 "experimento_39" 39 1500 1000 0.8 30 0.4 1 0.8
1.01224693047504 31.263099838743 "experimento_39" 39 1500 1000 0.8 30 0.4 1 0.8
0.999533079797402 33.3073568873747 "experimento_39" 39 1500 1000 0.8 30 0.4 1 0.8
1.00430474621244 29.3648331168368 "experimento_39" 39 1500 1000 0.8 30 0.4 1 0.8
0.999969443306327 31.8805351633412 "experimento_39" 39 1500 1000 0.8 30 0.4 1 0.8
1.00057691833333 32.2968021473872 "experimento_39" 39 1500 1000 0.8 30 0.4 1 0.8
0.999857623362914 31.2630518581024 "experimento_39" 39 1500 1000 0.8 30 0.4 1 0.8
1.00216313240429 32.3070878782014 "experimento_39" 39 1500 1000 0.8 30 0.4 1 0.8
1.00213342891075 28.8279869246511 "experimento_39" 39 1500 1000 0.8 30 0.4 1 0.8
1.00004977946601 31.8128008820316 "experimento_39" 39 1500 1000 0.8 30 0.4 1 0.8
0.99982088431716 30.9634666634266 "experimento_39" 39 1500 1000 0.8 30 0.4 1 0.8
0.999076969688758 30.1522582755832 "experimento_39" 39 1500 1000 0.8 30 0.4 1 0.8
0.999178991885856 29.9336114565935 "experimento_39" 39 1500 1000 0.8 30 0.4 1 0.8
1.01240583563534 29.6835878551347 "experimento_39" 39 1500 1000 0.8 30 0.4 1 0.8
1.01089484828214 32.2336059088221 "experimento_39" 39 1500 1000 0.8 30 0.4 1 0.8
1.02985306012615 30.9917471897162 "experimento_39" 39 1500 1000 0.8 30 0.4 1 0.8
1.00036403609684 29.8934663613962 "experimento_39" 39 1500 1000 0.8 30 0.4 1 0.8
1.00409815197376 29.1242179434994 "experimento_39" 39 1500 1000 0.8 30 0.4 1 0.8
1.00737392905479 27.2577899826428 "experimento_39" 39 1500 1000 0.8 30 0.4 1 0.8
1.00046002304492 26.7350735790903 "experimento_39" 39 1500 1000 0.8 30 0.4 1 0.8
1.03045926171525 26.4764472627118 "experimento_39" 39 1500 1000 0.8 30 0.4 1 0.8
1.00420960829078 32.2009543466774 "experimento_39" 39 1500 1000 0.8 30 0.4 1 0.8
1.00097891080788 32.5195120495888 "experimento_39" 39 1500 1000 0.8 30 0.4 1 0.8
1.00824096914265 29.065785299224 "experimento_39" 39 1500 1000 0.8 30 0.4 1 0.8
1.0000017574057 30.4143754363814 "experimento_39" 39 1500 1000 0.8 30 0.4 1 0.8
1.01302740224637 31.0596703053385 "experimento_39" 39 1500 1000 0.8 30 0.4 1 0.8
0.999823366524652 30.3307023391962 "experimento_39" 39 1500 1000 0.8 30 0.4 1 0.8
1.00801289801796 27.2077205129763 "experimento_39" 39 1500 1000 0.8 30 0.4 1 0.8
1.00569664333016 30.6200524705132 "experimento_39" 39 1500 1000 0.8 30 0.4 1 0.8
1.0000349258463 28.725323952121 "experimento_39" 39 1500 1000 0.8 30 0.4 1 0.8
1.0083884744873 32.2940083446583 "experimento_39" 39 1500 1000 0.8 30 0.4 1 0.8
1.02931514009877 25.0221037686334 "experimento_39" 39 1500 1000 0.8 30 0.4 1 0.8
1.00008791127557 30.3717032296504 "experimento_39" 39 1500 1000 0.8 30 0.4 1 0.8
1.01868875084134 33.2496767328254 "experimento_39" 39 1500 1000 0.8 30 0.4 1 0.8
1.00070683445423 27.6309832126234 "experimento_39" 39 1500 1000 0.8 30 0.4 1 0.8
0.999359056120738 29.5977529816785 "experimento_39" 39 1500 1000 0.8 30 0.4 1 0.8
1.00003137460327 27.9097879937776 "experimento_39" 39 1500 1000 0.8 30 0.4 1 0.8
1.00110216541216 29.8446504988482 "experimento_39" 39 1500 1000 0.8 30 0.4 1 0.8
1.02117684106342 29.0130907867621 "experimento_39" 39 1500 1000 0.8 30 0.4 1 0.8
1.00110605761098 32.0206657345351 "experimento_39" 39 1500 1000 0.8 30 0.4 1 0.8
1.00188489886932 31.4447234515089 "experimento_39" 39 1500 1000 0.8 30 0.4 1 0.8
1.00011052567444 32.6079762835972 "experimento_39" 39 1500 1000 0.8 30 0.4 1 0.8
0.998155296314508 28.0821791118614 "experimento_39" 39 1500 1000 0.8 30 0.4 1 0.8
1.00038187194516 30.1878013502389 "experimento_39" 39 1500 1000 0.8 30 0.4 1 0.8
1.03176816558946 36.5406543158063 "experimento_39" 39 1500 1000 0.8 30 0.4 1 0.8
0.998985474696383 29.2688901049147 "experimento_39" 39 1500 1000 0.8 30 0.4 1 0.8
1.00058347205631 30.6189389188166 "experimento_39" 39 1500 1000 0.8 30 0.4 1 0.8
1.00107374760943 30.6755529407989 "experimento_39" 39 1500 1000 0.8 30 0.4 1 0.8
1.0012367954012 27.0139728247008 "experimento_39" 39 1500 1000 0.8 30 0.4 1 0.8
1.00220191655318 29.7715154635794 "experimento_39" 39 1500 1000 0.8 30 0.4 1 0.8
1.00765728571664 27.2675137784711 "experimento_39" 39 1500 1000 0.8 30 0.4 1 0.8
1.00099463672377 31.9482824474687 "experimento_39" 39 1500 1000 0.8 30 0.4 1 0.8
1.01902433973737 26.6015521269404 "experimento_39" 39 1500 1000 0.8 30 0.4 1 0.8
1.01083589627718 29.4839643203937 "experimento_39" 39 1500 1000 0.8 30 0.4 1 0.8
1.00022092078192 29.7711365495234 "experimento_39" 39 1500 1000 0.8 30 0.4 1 0.8
0.999410265590996 26.8024098959646 "experimento_39" 39 1500 1000 0.8 30 0.4 1 0.8
1.00153622109276 29.7259781206418 "experimento_39" 39 1500 1000 0.8 30 0.4 1 0.8
1.02740047862547 27.925798816856 "experimento_39" 39 1500 1000 0.8 30 0.4 1 0.8
1.02118931834896 24.5417073672644 "experimento_39" 39 1500 1000 0.8 30 0.4 1 0.8
1.00006578718312 32.5537553059723 "experimento_39" 39 1500 1000 0.8 30 0.4 1 0.8
1.01682696781742 33.2518185102579 "experimento_39" 39 1500 1000 0.8 30 0.4 1 0.8
1.00095587169441 30.3980307943005 "experimento_39" 39 1500 1000 0.8 30 0.4 1 0.8
1.00286774888324 31.1676178140175 "experimento_39" 39 1500 1000 0.8 30 0.4 1 0.8
1.00013365469252 31.8859821846875 "experimento_39" 39 1500 1000 0.8 30 0.4 1 0.8
1.00071906037251 26.6851946305874 "experimento_39" 39 1500 1000 0.8 30 0.4 1 0.8
1.00582780549303 28.6293947189421 "experimento_39" 39 1500 1000 0.8 30 0.4 1 0.8
0.998710925225168 29.7289455101542 "experimento_39" 39 1500 1000 0.8 30 0.4 1 0.8
1.00062075696575 26.7768156160081 "experimento_39" 39 1500 1000 0.8 30 0.4 1 0.8
1.00386006306118 29.0067013963772 "experimento_39" 39 1500 1000 0.8 30 0.4 1 0.8
1.00009820219129 32.5068042341637 "experimento_39" 39 1500 1000 0.8 30 0.4 1 0.8
1.00114220118461 28.8208722424864 "experimento_39" 39 1500 1000 0.8 30 0.4 1 0.8
1.00639802363812 30.5080167757073 "experimento_39" 39 1500 1000 0.8 30 0.4 1 0.8
1.00610597010881 28.1923033089273 "experimento_39" 39 1500 1000 0.8 30 0.4 1 0.8
1.00013323685465 30.7440728153231 "experimento_39" 39 1500 1000 0.8 30 0.4 1 0.8
1.02301000032264 34.5109576337062 "experimento_39" 39 1500 1000 0.8 30 0.4 1 0.8
1.0002409571937 29.4091352266618 "experimento_39" 39 1500 1000 0.8 30 0.4 1 0.8
1.02048093085177 29.6523184423602 "experimento_39" 39 1500 1000 0.8 30 0.4 1 0.8
1.01184089585181 27.26180347678 "experimento_39" 39 1500 1000 0.8 30 0.4 1 0.8
1.00071254566622 29.146204412744 "experimento_39" 39 1500 1000 0.8 30 0.4 1 0.8
1.00359081481798 29.0255171163203 "experimento_39" 39 1500 1000 0.8 30 0.4 1 0.8
1.00629168182301 32.7938240720428 "experimento_39" 39 1500 1000 0.8 30 0.4 1 0.8
1.02068979105291 26.8076421418349 "experimento_39" 39 1500 1000 0.8 30 0.4 1 0.8
1.00053424211219 32.5960139419353 "experimento_39" 39 1500 1000 0.8 30 0.4 1 0.8
1.00428514756155 28.2728999621783 "experimento_39" 39 1500 1000 0.8 30 0.4 1 0.8
0.999055873835459 29.7699118018685 "experimento_39" 39 1500 1000 0.8 30 0.4 1 0.8
1.00770015491483 30.3131528176704 "experimento_39" 39 1500 1000 0.8 30 0.4 1 0.8
0.999668661039323 28.7209961692684 "experimento_39" 39 1500 1000 0.8 30 0.4 1 0.8
0.9999073673971 31.9435174439815 "experimento_39" 39 1500 1000 0.8 30 0.4 1 0.8
1.0010426795731 30.9040327050786 "experimento_39" 39 1500 1000 0.8 30 0.4 1 0.8
1.03670745557034 26.9084843360178 "experimento_39" 39 1500 1000 0.8 30 0.4 1 0.8
1.00130102336407 36.8535063350769 "experimento_39" 39 1500 1000 0.8 30 0.4 1 0.8
0.999320275615901 28.6100781530843 "experimento_39" 39 1500 1000 0.8 30 0.4 1 0.8
1.00071891192438 28.9501917809295 "experimento_39" 39 1500 1000 0.8 30 0.4 1 0.8
1.00001994875561 30.1724154024461 "experimento_39" 39 1500 1000 0.8 30 0.4 1 0.8
1.00038905548863 32.5074003768186 "experimento_39" 39 1500 1000 0.8 30 0.4 1 0.8
1.02771932688432 28.0168740576908 "experimento_39" 39 1500 1000 0.8 30 0.4 1 0.8
0.999742020852864 29.5043603581073 "experimento_39" 39 1500 1000 0.8 30 0.4 1 0.8
1.00305008475604 37.745441389901 "experimento_39" 39 1500 1000 0.8 30 0.4 1 0.8
1.00013316854214 29.4399155423098 "experimento_39" 39 1500 1000 0.8 30 0.4 1 0.8
1.04450642264619 30.2720982923143 "experimento_39" 39 1500 1000 0.8 30 0.4 1 0.8
1.00147221977822 28.8081889795916 "experimento_39" 39 1500 1000 0.8 30 0.4 1 0.8
1.01975678713061 29.1157279138772 "experimento_39" 39 1500 1000 0.8 30 0.4 1 0.8
1.00085246960523 31.9061101574192 "experimento_39" 39 1500 1000 0.8 30 0.4 1 0.8
1.0024856883722 31.7248296207309 "experimento_39" 39 1500 1000 0.8 30 0.4 1 0.8
0.999510319437832 30.4433611901043 "experimento_39" 39 1500 1000 0.8 30 0.4 1 0.8
1.02895173415471 30.8450517283775 "experimento_39" 39 1500 1000 0.8 30 0.4 1 0.8
1.00835178462852 32.6941951207322 "experimento_39" 39 1500 1000 0.8 30 0.4 1 0.8
1.0000114775557 27.1179908897247 "experimento_39" 39 1500 1000 0.8 30 0.4 1 0.8
0.999445974593982 27.9748958655719 "experimento_39" 39 1500 1000 0.8 30 0.4 1 0.8
1.00044527364274 28.4394168390224 "experimento_39" 39 1500 1000 0.8 30 0.4 1 0.8
1.00779218951551 32.7471607129636 "experimento_39" 39 1500 1000 0.8 30 0.4 1 0.8
1.00028537589166 31.2689631227397 "experimento_39" 39 1500 1000 0.8 30 0.4 1 0.8
1.06291332145252 45.4000915661765 "experimento_39" 39 1500 1000 0.8 30 0.4 1 0.8
1.01451389368934 29.8499575250337 "experimento_39" 39 1500 1000 0.8 30 0.4 1 0.8
1.00267112581059 29.9112206526848 "experimento_39" 39 1500 1000 0.8 30 0.4 1 0.8
1.00028919994141 31.215275515046 "experimento_39" 39 1500 1000 0.8 30 0.4 1 0.8
0.999604359734803 32.5090602758837 "experimento_39" 39 1500 1000 0.8 30 0.4 1 0.8
1.00008754574188 31.9971076525325 "experimento_39" 39 1500 1000 0.8 30 0.4 1 0.8
1.00007257120063 30.7169218025526 "experimento_39" 39 1500 1000 0.8 30 0.4 1 0.8
1.01103227964292 28.6133196523278 "experimento_39" 39 1500 1000 0.8 30 0.4 1 0.8
1.0008911954239 28.5063131409461 "experimento_39" 39 1500 1000 0.8 30 0.4 1 0.8
1.0053349465287 29.1417743293204 "experimento_39" 39 1500 1000 0.8 30 0.4 1 0.8
0.999980585183948 29.5561608570399 "experimento_39" 39 1500 1000 0.8 30 0.4 1 0.8
1.01548363938928 29.2236499407975 "experimento_39" 39 1500 1000 0.8 30 0.4 1 0.8
1.02458622804879 24.3150570927149 "experimento_39" 39 1500 1000 0.8 30 0.4 1 0.8
1.03646178683126 23.8363735531365 "experimento_39" 39 1500 1000 0.8 30 0.4 1 0.8
1.00031026469131 31.0701681646739 "experimento_39" 39 1500 1000 0.8 30 0.4 1 0.8
0.999576661037281 29.6198352337541 "experimento_39" 39 1500 1000 0.8 30 0.4 1 0.8
1.00092507504548 27.5366317655507 "experimento_39" 39 1500 1000 0.8 30 0.4 1 0.8
1.00024276442515 29.2121824303248 "experimento_39" 39 1500 1000 0.8 30 0.4 1 0.8
1.00001666918962 30.5957512191003 "experimento_39" 39 1500 1000 0.8 30 0.4 1 0.8
1.00010897784183 28.410612938693 "experimento_39" 39 1500 1000 0.8 30 0.4 1 0.8
1.02408332380637 30.1959879158605 "experimento_39" 39 1500 1000 0.8 30 0.4 1 0.8
1.00785650994475 28.6739539274834 "experimento_39" 39 1500 1000 0.8 30 0.4 1 0.8
1.00708976765163 30.9423428130944 "experimento_39" 39 1500 1000 0.8 30 0.4 1 0.8
0.999686444411054 30.0407956513077 "experimento_39" 39 1500 1000 0.8 30 0.4 1 0.8
1.00802750627733 34.1251541688311 "experimento_39" 39 1500 1000 0.8 30 0.4 1 0.8
1.00369371663306 34.2824000173168 "experimento_39" 39 1500 1000 0.8 30 0.4 1 0.8
0.999858666444197 29.3322364005466 "experimento_39" 39 1500 1000 0.8 30 0.4 1 0.8
1.01071343204627 30.0701507377581 "experimento_39" 39 1500 1000 0.8 30 0.4 1 0.8
1.0001344151672 31.318410281999 "experimento_39" 39 1500 1000 0.8 30 0.4 1 0.8
1.00834951259506 27.9598114554522 "experimento_39" 39 1500 1000 0.8 30 0.4 1 0.8
0.999887642683461 28.370925384739 "experimento_39" 39 1500 1000 0.8 30 0.4 1 0.8
1.0018164939675 27.0287030207633 "experimento_39" 39 1500 1000 0.8 30 0.4 1 0.8
1.00248642030465 31.2925906538667 "experimento_39" 39 1500 1000 0.8 30 0.4 1 0.8
1.00053141684721 27.5093669809168 "experimento_39" 39 1500 1000 0.8 30 0.4 1 0.8
1.01084917640934 28.4043710260207 "experimento_39" 39 1500 1000 0.8 30 0.4 1 0.8
1.00043104159301 31.291194511454 "experimento_39" 39 1500 1000 0.8 30 0.4 1 0.8
1.00009256744719 27.5394940647616 "experimento_39" 39 1500 1000 0.8 30 0.4 1 0.8
1.0122053078531 33.5263871446815 "experimento_39" 39 1500 1000 0.8 30 0.4 1 0.8
1.00006215982139 27.6118397792551 "experimento_39" 39 1500 1000 0.8 30 0.4 1 0.8
1.00146264544732 31.7176860961166 "experimento_39" 39 1500 1000 0.8 30 0.4 1 0.8
0.999003866221756 31.3892363943851 "experimento_39" 39 1500 1000 0.8 30 0.4 1 0.8
1.03655560410752 37.0679131502221 "experimento_39" 39 1500 1000 0.8 30 0.4 1 0.8
1.00370832490735 32.3246526900553 "experimento_39" 39 1500 1000 0.8 30 0.4 1 0.8
0.999258363386616 29.0667284301621 "experimento_39" 39 1500 1000 0.8 30 0.4 1 0.8
1.0050784114406 32.1609714915214 "experimento_39" 39 1500 1000 0.8 30 0.4 1 0.8
1.0031719850704 32.5054162696392 "experimento_39" 39 1500 1000 0.8 30 0.4 1 0.8
1.00051200914507 32.1940440549897 "experimento_39" 39 1500 1000 0.8 30 0.4 1 0.8
1.00119134268413 30.8111007590291 "experimento_39" 39 1500 1000 0.8 30 0.4 1 0.8
1.00016865497455 30.2781970203878 "experimento_39" 39 1500 1000 0.8 30 0.4 1 0.8
1.00008931102542 29.7608510931135 "experimento_39" 39 1500 1000 0.8 30 0.4 1 0.8
1.03983710684363 33.4769716670168 "experimento_39" 39 1500 1000 0.8 30 0.4 1 0.8
0.999357676599175 31.9833769354224 "experimento_39" 39 1500 1000 0.8 30 0.4 1 0.8
1.01764230706795 31.7207023981853 "experimento_39" 39 1500 1000 0.8 30 0.4 1 0.8
1.04193033081019 34.1627332180509 "experimento_39" 39 1500 1000 0.8 30 0.4 1 0.8
1.00922829878206 32.4678552189337 "experimento_39" 39 1500 1000 0.8 30 0.4 1 0.8
1.01004980370824 31.389506054567 "experimento_39" 39 1500 1000 0.8 30 0.4 1 0.8
1.02009533566112 27.5007495709895 "experimento_39" 39 1500 1000 0.8 30 0.4 1 0.8
1.00001358588537 30.4328444429105 "experimento_39" 39 1500 1000 0.8 30 0.4 1 0.8
1.00029836100151 29.6856807199189 "experimento_39" 39 1500 1000 0.8 30 0.4 1 0.8
0.998747740639374 31.0452550927255 "experimento_39" 39 1500 1000 0.8 30 0.4 1 0.8
1.00157146078224 28.9407755529628 "experimento_39" 39 1500 1000 0.8 30 0.4 1 0.8
1.00006361434547 30.1690477807123 "experimento_39" 39 1500 1000 0.8 30 0.4 1 0.8
1.00403526337821 28.3507859752408 "experimento_39" 39 1500 1000 0.8 30 0.4 1 0.8
1.0000962249469 28.5141149758611 "experimento_39" 39 1500 1000 0.8 30 0.4 1 0.8
1.02132936841808 30.6920916775603 "experimento_39" 39 1500 1000 0.8 30 0.4 1 0.8
1.03663563576076 33.4460945661752 "experimento_39" 39 1500 1000 0.8 30 0.4 1 0.8
0.998615630669519 29.8166493850067 "experimento_39" 39 1500 1000 0.8 30 0.4 1 0.8
1.0000326506601 29.8758998468439 "experimento_39" 39 1500 1000 0.8 30 0.4 1 0.8
1.00015102233738 29.1938802109028 "experimento_39" 39 1500 1000 0.8 30 0.4 1 0.8
1.00011630314402 27.9211805537419 "experimento_39" 39 1500 1000 0.8 30 0.4 1 0.8
1.00113142530202 30.3118170251871 "experimento_39" 39 1500 1000 0.8 30 0.4 1 0.8
1.00522083051813 28.0737889761373 "experimento_39" 39 1500 1000 0.8 30 0.4 1 0.8
1.00073494574366 30.7303557169558 "experimento_39" 39 1500 1000 0.8 30 0.4 1 0.8
1.01559445634484 25.405719170978 "experimento_39" 39 1500 1000 0.8 30 0.4 1 0.8
1.00005046112152 31.430799847266 "experimento_39" 39 1500 1000 0.8 30 0.4 1 0.8
1.01626900786844 28.2630517814718 "experimento_39" 39 1500 1000 0.8 30 0.4 1 0.8
1.00028118745734 31.3893153448914 "experimento_39" 39 1500 1000 0.8 30 0.4 1 0.8
1.00569034254489 31.3330243679718 "experimento_39" 39 1500 1000 0.8 30 0.4 1 0.8
0.999443445587531 31.6481055471919 "experimento_39" 39 1500 1000 0.8 30 0.4 1 0.8
1.00089496255146 31.7777065604696 "experimento_39" 39 1500 1000 0.8 30 0.4 1 0.8
1.01500964262523 31.3480238538414 "experimento_39" 39 1500 1000 0.8 30 0.4 1 0.8
1.01866969913749 38.796328405228 "experimento_39" 39 1500 1000 0.8 30 0.4 1 0.8
1.00047138041399 26.1943235639171 "experimento_39" 39 1500 1000 0.8 30 0.4 1 0.8
1.02767074291144 25.7749709201803 "experimento_39" 39 1500 1000 0.8 30 0.4 1 0.8
0.999671512981877 31.192227138603 "experimento_39" 39 1500 1000 0.8 30 0.4 1 0.8
1.00012302037557 31.277666127498 "experimento_39" 39 1500 1000 0.8 30 0.4 1 0.8
0.998991132713854 28.8841296921169 "experimento_39" 39 1500 1000 0.8 30 0.4 1 0.8
0.999965170165524 30.8816681573434 "experimento_39" 39 1500 1000 0.8 30 0.4 1 0.8
0.999672908801585 27.7327627276497 "experimento_39" 39 1500 1000 0.8 30 0.4 1 0.8
1.00188773655376 31.0303312886925 "experimento_39" 39 1500 1000 0.8 30 0.4 1 0.8
1.00691323638894 30.6924616771989 "experimento_39" 39 1500 1000 0.8 30 0.4 1 0.8
1.00419803590824 26.626340073638 "experimento_39" 39 1500 1000 0.8 30 0.4 1 0.8
1.00324046358413 29.1576406678982 "experimento_39" 39 1500 1000 0.8 30 0.4 1 0.8
1.00714933041518 30.3471822377718 "experimento_39" 39 1500 1000 0.8 30 0.4 1 0.8
1.00261101206249 29.0833181320134 "experimento_39" 39 1500 1000 0.8 30 0.4 1 0.8
1.01136715197354 30.2150285149237 "experimento_39" 39 1500 1000 0.8 30 0.4 1 0.8
1.00751690142788 31.4095185216128 "experimento_39" 39 1500 1000 0.8 30 0.4 1 0.8
1.00173730509437 30.2409192247774 "experimento_39" 39 1500 1000 0.8 30 0.4 1 0.8
1.00040422882592 29.4588677302657 "experimento_39" 39 1500 1000 0.8 30 0.4 1 0.8
1.00006297139728 32.4524117866347 "experimento_39" 39 1500 1000 0.8 30 0.4 1 0.8
1.00017661078212 30.7856330713588 "experimento_39" 39 1500 1000 0.8 30 0.4 1 0.8
1.00263769831508 30.7066377176755 "experimento_39" 39 1500 1000 0.8 30 0.4 1 0.8
1.00115198311396 33.0819855228597 "experimento_39" 39 1500 1000 0.8 30 0.4 1 0.8
1.00099374878531 32.66821547615 "experimento_39" 39 1500 1000 0.8 30 0.4 1 0.8
1.00004002968781 28.3398412189772 "experimento_39" 39 1500 1000 0.8 30 0.4 1 0.8
1.00425030039623 31.1658832590331 "experimento_39" 39 1500 1000 0.8 30 0.4 1 0.8
0.999665768584237 28.602615779857 "experimento_39" 39 1500 1000 0.8 30 0.4 1 0.8
1.02808627697189 34.1113507515823 "experimento_39" 39 1500 1000 0.8 30 0.4 1 0.8
0.998722211224958 30.5975060753366 "experimento_39" 39 1500 1000 0.8 30 0.4 1 0.8
1.00888585659663 33.3162999475668 "experimento_39" 39 1500 1000 0.8 30 0.4 1 0.8
1.00201686746441 31.032186247795 "experimento_39" 39 1500 1000 0.8 30 0.4 1 0.8
0.999096666229889 32.7299535154207 "experimento_39" 39 1500 1000 0.8 30 0.4 1 0.8
1.00000162405325 29.7663153382227 "experimento_39" 39 1500 1000 0.8 30 0.4 1 0.8
1.00662359072206 30.5317931392933 "experimento_39" 39 1500 1000 0.8 30 0.4 1 0.8
1.00728019054141 30.3935607537596 "experimento_39" 39 1500 1000 0.8 30 0.4 1 0.8
1.0000376168648 30.3808640607958 "experimento_39" 39 1500 1000 0.8 30 0.4 1 0.8
1.00021597522621 33.9068312261731 "experimento_39" 39 1500 1000 0.8 30 0.4 1 0.8
1.00024531124919 28.7176425282444 "experimento_39" 39 1500 1000 0.8 30 0.4 1 0.8
0.999912308994681 30.4465771609036 "experimento_39" 39 1500 1000 0.8 30 0.4 1 0.8
1.00343248544446 30.3318474900804 "experimento_39" 39 1500 1000 0.8 30 0.4 1 0.8
1.00020750214688 30.6506377816348 "experimento_39" 39 1500 1000 0.8 30 0.4 1 0.8
0.998413662193343 27.9562937433498 "experimento_39" 39 1500 1000 0.8 30 0.4 1 0.8
1.01487427972205 27.9659706277711 "experimento_39" 39 1500 1000 0.8 30 0.4 1 0.8
1.02708420883724 31.4402397683393 "experimento_39" 39 1500 1000 0.8 30 0.4 1 0.8
1.00004291180521 29.7776479033899 "experimento_39" 39 1500 1000 0.8 30 0.4 1 0.8
1.01225105069267 27.6605922787215 "experimento_39" 39 1500 1000 0.8 30 0.4 1 0.8
1.00003102532652 29.7804926044567 "experimento_39" 39 1500 1000 0.8 30 0.4 1 0.8
0.999925737734884 29.0524306832711 "experimento_39" 39 1500 1000 0.8 30 0.4 1 0.8
1.00014284783353 27.8301460564687 "experimento_39" 39 1500 1000 0.8 30 0.4 1 0.8
1.00226358929649 26.731427875458 "experimento_39" 39 1500 1000 0.8 30 0.4 1 0.8
1.00001598824331 29.0274673597482 "experimento_39" 39 1500 1000 0.8 30 0.4 1 0.8
1.00289190462145 30.5325803906292 "experimento_39" 39 1500 1000 0.8 30 0.4 1 0.8
1.00005837948415 28.2778923456258 "experimento_39" 39 1500 1000 0.8 30 0.4 1 0.8
1.00026399886541 28.0754369667533 "experimento_39" 39 1500 1000 0.8 30 0.4 1 0.8
0.999783319188282 29.8211468141873 "experimento_39" 39 1500 1000 0.8 30 0.4 1 0.8
0.999198294710368 30.637777736899 "experimento_39" 39 1500 1000 0.8 30 0.4 1 0.8
0.998750938801095 28.1104821450686 "experimento_39" 39 1500 1000 0.8 30 0.4 1 0.8
0.998887053225189 28.0989545731523 "experimento_39" 39 1500 1000 0.8 30 0.4 1 0.8
1.03395682783917 29.2959412113961 "experimento_39" 39 1500 1000 0.8 30 0.4 1 0.8
0.999519255710766 30.4718302886649 "experimento_39" 39 1500 1000 0.8 30 0.4 1 0.8
0.99912704853341 26.5371806450567 "experimento_39" 39 1500 1000 0.8 30 0.4 1 0.8
1.00491553619197 28.6887424096729 "experimento_39" 39 1500 1000 0.8 30 0.4 1 0.8
1.00332567854784 30.0748297504681 "experimento_39" 39 1500 1000 0.8 30 0.4 1 0.8
1.01155701949881 26.1906143442111 "experimento_39" 39 1500 1000 0.8 30 0.4 1 0.8
1.0004562242267 31.9403527792152 "experimento_39" 39 1500 1000 0.8 30 0.4 1 0.8
1.00275938799802 31.1413976439493 "experimento_39" 39 1500 1000 0.8 30 0.4 1 0.8
0.999807813903317 28.4290443680763 "experimento_39" 39 1500 1000 0.8 30 0.4 1 0.8
1.00128767179678 26.9699992173896 "experimento_39" 39 1500 1000 0.8 30 0.4 1 0.8
0.999902280513197 30.2584879382145 "experimento_39" 39 1500 1000 0.8 30 0.4 1 0.8
1.00689339155021 27.3778864167257 "experimento_39" 39 1500 1000 0.8 30 0.4 1 0.8
1.00458928814734 35.4729023440434 "experimento_39" 39 1500 1000 0.8 30 0.4 1 0.8
0.999387324322015 29.558623365311 "experimento_39" 39 1500 1000 0.8 30 0.4 1 0.8
1.0103320193465 30.6976013450918 "experimento_39" 39 1500 1000 0.8 30 0.4 1 0.8
1.0276904952226 26.9446832262382 "experimento_39" 39 1500 1000 0.8 30 0.4 1 0.8
1.00023967949674 32.5470695592957 "experimento_39" 39 1500 1000 0.8 30 0.4 1 0.8
1.00002888502128 30.4429296489316 "experimento_39" 39 1500 1000 0.8 30 0.4 1 0.8
1.00836377586238 27.2542606861869 "experimento_39" 39 1500 1000 0.8 30 0.4 1 0.8
1.02172153758196 33.2496150416597 "experimento_39" 39 1500 1000 0.8 30 0.4 1 0.8
1.02799239067762 29.882939390184 "experimento_39" 39 1500 1000 0.8 30 0.4 1 0.8
1.01995857517437 23.3961841586434 "experimento_39" 39 1500 1000 0.8 30 0.4 1 0.8
0.999466152861714 32.2725939722153 "experimento_39" 39 1500 1000 0.8 30 0.4 1 0.8
0.99862580629997 28.8826918980425 "experimento_39" 39 1500 1000 0.8 30 0.4 1 0.8
1.02337869844243 32.8383887451112 "experimento_39" 39 1500 1000 0.8 30 0.4 1 0.8
1.02986969823499 33.0044946847682 "experimento_39" 39 1500 1000 0.8 30 0.4 1 0.8
1.0004737711822 30.3404647587149 "experimento_39" 39 1500 1000 0.8 30 0.4 1 0.8
0.999817445874214 31.784008821419 "experimento_39" 39 1500 1000 0.8 30 0.4 1 0.8
1.02081235699976 35.8058241470317 "experimento_39" 39 1500 1000 0.8 30 0.4 1 0.8
1.00481702860755 28.0231274305927 "experimento_39" 39 1500 1000 0.8 30 0.4 1 0.8
0.999639270594344 30.7950372389108 "experimento_39" 39 1500 1000 0.8 30 0.4 1 0.8
0.999421810964122 27.9689443967741 "experimento_39" 39 1500 1000 0.8 30 0.4 1 0.8
0.999418806983158 30.3569375950982 "experimento_39" 39 1500 1000 0.8 30 0.4 1 0.8
1.00005642868361 28.7312000252173 "experimento_39" 39 1500 1000 0.8 30 0.4 1 0.8
0.998862052569166 29.4283326589579 "experimento_39" 39 1500 1000 0.8 30 0.4 1 0.8
0.999796727439389 30.0589019171848 "experimento_39" 39 1500 1000 0.8 30 0.4 1 0.8
0.999596668872982 30.8256355148071 "experimento_39" 39 1500 1000 0.8 30 0.4 1 0.8
1.0011030650232 31.5603871620931 "experimento_39" 39 1500 1000 0.8 30 0.4 1 0.8
0.999853977467865 29.5897612163837 "experimento_39" 39 1500 1000 0.8 30 0.4 1 0.8
1.00012246567445 29.4780622322036 "experimento_39" 39 1500 1000 0.8 30 0.4 1 0.8
1.00522152030508 31.7447077808982 "experimento_39" 39 1500 1000 0.8 30 0.4 1 0.8
1.00027834826714 30.4751406608543 "experimento_39" 39 1500 1000 0.8 30 0.4 1 0.8
1.00018225071641 31.1108448952919 "experimento_39" 39 1500 1000 0.8 30 0.4 1 0.8
1.00004265469809 27.0856481934081 "experimento_39" 39 1500 1000 0.8 30 0.4 1 0.8
