"est.u" "est.lamb" "name" "seed" "size" "replicates" "p_umbral" "exp_lambda" "alpha_pen" "n_pen" "c"
1.0005826909565 30.8580725404261 "experimento_46" 46 2000 1000 0.95 30 0.4 1 0.8
0.997622999129817 31.1672375943363 "experimento_46" 46 2000 1000 0.95 30 0.4 1 0.8
0.997558316914365 30.2710622361782 "experimento_46" 46 2000 1000 0.95 30 0.4 1 0.8
0.999888627557084 27.8840598085324 "experimento_46" 46 2000 1000 0.95 30 0.4 1 0.8
0.999981229193509 34.4116113985478 "experimento_46" 46 2000 1000 0.95 30 0.4 1 0.8
1.01237753202828 31.0316165372949 "experimento_46" 46 2000 1000 0.95 30 0.4 1 0.8
0.999917288310826 34.4930005262541 "experimento_46" 46 2000 1000 0.95 30 0.4 1 0.8
0.999270899686962 31.3404410404295 "experimento_46" 46 2000 1000 0.95 30 0.4 1 0.8
1.03828822161285 25.667743031797 "experimento_46" 46 2000 1000 0.95 30 0.4 1 0.8
0.99726743879728 30.8387076067635 "experimento_46" 46 2000 1000 0.95 30 0.4 1 0.8
1.0027409284686 31.7251750882502 "experimento_46" 46 2000 1000 0.95 30 0.4 1 0.8
0.992164613446221 25.1427749392807 "experimento_46" 46 2000 1000 0.95 30 0.4 1 0.8
0.996346939122304 25.0331697373866 "experimento_46" 46 2000 1000 0.95 30 0.4 1 0.8
1.01689415350556 30.0434479898745 "experimento_46" 46 2000 1000 0.95 30 0.4 1 0.8
1.00088997753455 29.645227401004 "experimento_46" 46 2000 1000 0.95 30 0.4 1 0.8
0.994872116949409 31.1414196950376 "experimento_46" 46 2000 1000 0.95 30 0.4 1 0.8
1.00636175066854 35.7425196110018 "experimento_46" 46 2000 1000 0.95 30 0.4 1 0.8
0.999771970324218 30.3100727562037 "experimento_46" 46 2000 1000 0.95 30 0.4 1 0.8
0.992224668618292 24.2867024651584 "experimento_46" 46 2000 1000 0.95 30 0.4 1 0.8
1.0037800302729 31.6327076258949 "experimento_46" 46 2000 1000 0.95 30 0.4 1 0.8
0.994711205363274 30.3587581318821 "experimento_46" 46 2000 1000 0.95 30 0.4 1 0.8
0.996780751971528 37.0426811206083 "experimento_46" 46 2000 1000 0.95 30 0.4 1 0.8
1.00944397943094 35.7198306044737 "experimento_46" 46 2000 1000 0.95 30 0.4 1 0.8
1.00015046577901 32.7812698134255 "experimento_46" 46 2000 1000 0.95 30 0.4 1 0.8
0.993129775626585 29.7944772025879 "experimento_46" 46 2000 1000 0.95 30 0.4 1 0.8
0.997745095053688 36.5876856528627 "experimento_46" 46 2000 1000 0.95 30 0.4 1 0.8
0.993274550884962 28.0430162786771 "experimento_46" 46 2000 1000 0.95 30 0.4 1 0.8
1.00052454783581 33.8885336354237 "experimento_46" 46 2000 1000 0.95 30 0.4 1 0.8
0.994684955570847 29.7847559136735 "experimento_46" 46 2000 1000 0.95 30 0.4 1 0.8
0.999002937227488 30.8851755521089 "experimento_46" 46 2000 1000 0.95 30 0.4 1 0.8
1.00424909619614 26.6487456737994 "experimento_46" 46 2000 1000 0.95 30 0.4 1 0.8
1.00931227021751 34.3528788050484 "experimento_46" 46 2000 1000 0.95 30 0.4 1 0.8
1.01871428129574 34.1826181141603 "experimento_46" 46 2000 1000 0.95 30 0.4 1 0.8
0.991019726032391 26.9785537520271 "experimento_46" 46 2000 1000 0.95 30 0.4 1 0.8
1.02277521961369 37.3530337373672 "experimento_46" 46 2000 1000 0.95 30 0.4 1 0.8
0.999980671796948 27.3934800124865 "experimento_46" 46 2000 1000 0.95 30 0.4 1 0.8
0.999752421863377 31.8423796679891 "experimento_46" 46 2000 1000 0.95 30 0.4 1 0.8
0.997631103731692 27.5147087501944 "experimento_46" 46 2000 1000 0.95 30 0.4 1 0.8
1.01081850480599 33.3928679733786 "experimento_46" 46 2000 1000 0.95 30 0.4 1 0.8
1.01451813896808 33.8652320360353 "experimento_46" 46 2000 1000 0.95 30 0.4 1 0.8
1.00519932243042 29.7809299576157 "experimento_46" 46 2000 1000 0.95 30 0.4 1 0.8
1.01629999921036 30.9116804295147 "experimento_46" 46 2000 1000 0.95 30 0.4 1 0.8
0.981399769196287 22.5937940121017 "experimento_46" 46 2000 1000 0.95 30 0.4 1 0.8
0.995115750003606 26.5647506360984 "experimento_46" 46 2000 1000 0.95 30 0.4 1 0.8
0.995994647499174 27.8845356860594 "experimento_46" 46 2000 1000 0.95 30 0.4 1 0.8
1.02190793120923 30.9591181817283 "experimento_46" 46 2000 1000 0.95 30 0.4 1 0.8
1.00514804782967 27.7010182523867 "experimento_46" 46 2000 1000 0.95 30 0.4 1 0.8
1.02745435992116 38.0607454095496 "experimento_46" 46 2000 1000 0.95 30 0.4 1 0.8
0.988975164247677 26.2077640109496 "experimento_46" 46 2000 1000 0.95 30 0.4 1 0.8
0.998110126936808 28.0479610054145 "experimento_46" 46 2000 1000 0.95 30 0.4 1 0.8
0.991963175358251 24.7338471710522 "experimento_46" 46 2000 1000 0.95 30 0.4 1 0.8
1.00354254729581 37.2744922370382 "experimento_46" 46 2000 1000 0.95 30 0.4 1 0.8
1.01469859117642 29.1444124722508 "experimento_46" 46 2000 1000 0.95 30 0.4 1 0.8
1.000675376479 28.5443000631459 "experimento_46" 46 2000 1000 0.95 30 0.4 1 0.8
1.00643304703144 29.4486672248348 "experimento_46" 46 2000 1000 0.95 30 0.4 1 0.8
1.01542445595066 28.009006458266 "experimento_46" 46 2000 1000 0.95 30 0.4 1 0.8
1.00492325389447 27.5297662656895 "experimento_46" 46 2000 1000 0.95 30 0.4 1 0.8
1.02029863119436 31.0114698104228 "experimento_46" 46 2000 1000 0.95 30 0.4 1 0.8
0.986236770171672 25.7613963374649 "experimento_46" 46 2000 1000 0.95 30 0.4 1 0.8
0.997310929233208 32.0435981622936 "experimento_46" 46 2000 1000 0.95 30 0.4 1 0.8
1.02692644493514 34.6156153272629 "experimento_46" 46 2000 1000 0.95 30 0.4 1 0.8
0.996383441612124 32.7957597909225 "experimento_46" 46 2000 1000 0.95 30 0.4 1 0.8
0.999204341555014 28.6541561518945 "experimento_46" 46 2000 1000 0.95 30 0.4 1 0.8
0.997068222146481 26.2997672401808 "experimento_46" 46 2000 1000 0.95 30 0.4 1 0.8
0.991205760277808 27.6060819620757 "experimento_46" 46 2000 1000 0.95 30 0.4 1 0.8
0.996484661009163 29.4459752595344 "experimento_46" 46 2000 1000 0.95 30 0.4 1 0.8
0.994776124600321 31.7901175497334 "experimento_46" 46 2000 1000 0.95 30 0.4 1 0.8
0.998212885810062 29.5061110174487 "experimento_46" 46 2000 1000 0.95 30 0.4 1 0.8
0.974739300552756 21.1695149324157 "experimento_46" 46 2000 1000 0.95 30 0.4 1 0.8
0.998357655713335 39.7921843160324 "experimento_46" 46 2000 1000 0.95 30 0.4 1 0.8
1.01253418927081 26.5493794965214 "experimento_46" 46 2000 1000 0.95 30 0.4 1 0.8
1.00659953827113 30.5461511563869 "experimento_46" 46 2000 1000 0.95 30 0.4 1 0.8
0.992670858744532 28.5572794669765 "experimento_46" 46 2000 1000 0.95 30 0.4 1 0.8
0.99720688117668 29.9280954992794 "experimento_46" 46 2000 1000 0.95 30 0.4 1 0.8
0.998975170077756 24.8824189051964 "experimento_46" 46 2000 1000 0.95 30 0.4 1 0.8
0.987997126067057 25.8837519308696 "experimento_46" 46 2000 1000 0.95 30 0.4 1 0.8
0.995728281093761 32.5208851858566 "experimento_46" 46 2000 1000 0.95 30 0.4 1 0.8
0.995564268203452 29.3429281239348 "experimento_46" 46 2000 1000 0.95 30 0.4 1 0.8
1.00130240796522 35.148688239746 "experimento_46" 46 2000 1000 0.95 30 0.4 1 0.8
0.985508619109169 27.207492680718 "experimento_46" 46 2000 1000 0.95 30 0.4 1 0.8
1.00302597756984 31.9810229426659 "experimento_46" 46 2000 1000 0.95 30 0.4 1 0.8
1.01920635763866 27.9003908415433 "experimento_46" 46 2000 1000 0.95 30 0.4 1 0.8
1.00297981025651 32.3626111714413 "experimento_46" 46 2000 1000 0.95 30 0.4 1 0.8
1.00058227491875 29.7775991319563 "experimento_46" 46 2000 1000 0.95 30 0.4 1 0.8
1.00581547607047 41.782563468411 "experimento_46" 46 2000 1000 0.95 30 0.4 1 0.8
1.0308950303236 21.7563974025691 "experimento_46" 46 2000 1000 0.95 30 0.4 1 0.8
1.03379382627379 38.9884189798581 "experimento_46" 46 2000 1000 0.95 30 0.4 1 0.8
0.992160348687321 29.4951911708682 "experimento_46" 46 2000 1000 0.95 30 0.4 1 0.8
0.998496359447017 34.9844493171806 "experimento_46" 46 2000 1000 0.95 30 0.4 1 0.8
1.01782106375322 39.0841553149748 "experimento_46" 46 2000 1000 0.95 30 0.4 1 0.8
1.00227696874515 33.8224654897937 "experimento_46" 46 2000 1000 0.95 30 0.4 1 0.8
0.988482230342925 27.4575825159661 "experimento_46" 46 2000 1000 0.95 30 0.4 1 0.8
1.0220045077304 28.553661795414 "experimento_46" 46 2000 1000 0.95 30 0.4 1 0.8
1.00795990180535 46.5553961534926 "experimento_46" 46 2000 1000 0.95 30 0.4 1 0.8
0.998851533746347 29.7109957964238 "experimento_46" 46 2000 1000 0.95 30 0.4 1 0.8
0.991743200924248 28.0586951775409 "experimento_46" 46 2000 1000 0.95 30 0.4 1 0.8
0.993561210576445 31.7497673261908 "experimento_46" 46 2000 1000 0.95 30 0.4 1 0.8
0.995794121874496 30.5981056539873 "experimento_46" 46 2000 1000 0.95 30 0.4 1 0.8
0.992184817558154 33.8825774977701 "experimento_46" 46 2000 1000 0.95 30 0.4 1 0.8
1.01999982794126 33.6078659640227 "experimento_46" 46 2000 1000 0.95 30 0.4 1 0.8
0.993019668385386 24.9681170952325 "experimento_46" 46 2000 1000 0.95 30 0.4 1 0.8
0.9917183436919 32.872890090471 "experimento_46" 46 2000 1000 0.95 30 0.4 1 0.8
0.999768354929984 40.2578362981568 "experimento_46" 46 2000 1000 0.95 30 0.4 1 0.8
0.995532755972818 31.8686909135852 "experimento_46" 46 2000 1000 0.95 30 0.4 1 0.8
0.993884779745713 26.413570608405 "experimento_46" 46 2000 1000 0.95 30 0.4 1 0.8
1.00055698080299 29.248728248017 "experimento_46" 46 2000 1000 0.95 30 0.4 1 0.8
0.996997856302187 28.2540325563813 "experimento_46" 46 2000 1000 0.95 30 0.4 1 0.8
1.00390902725048 34.3068780740407 "experimento_46" 46 2000 1000 0.95 30 0.4 1 0.8
0.991152337286621 26.6026965656635 "experimento_46" 46 2000 1000 0.95 30 0.4 1 0.8
1.00641991682351 25.286090314332 "experimento_46" 46 2000 1000 0.95 30 0.4 1 0.8
1.01741894407508 35.2977629502701 "experimento_46" 46 2000 1000 0.95 30 0.4 1 0.8
1.02028098460287 31.364669770442 "experimento_46" 46 2000 1000 0.95 30 0.4 1 0.8
0.995300263632089 26.7120016032514 "experimento_46" 46 2000 1000 0.95 30 0.4 1 0.8
1.0187859135059 34.4890954462896 "experimento_46" 46 2000 1000 0.95 30 0.4 1 0.8
0.987919862149283 25.9504761921419 "experimento_46" 46 2000 1000 0.95 30 0.4 1 0.8
1.02244742669476 38.4495289584231 "experimento_46" 46 2000 1000 0.95 30 0.4 1 0.8
1.04363446865712 28.3062444998458 "experimento_46" 46 2000 1000 0.95 30 0.4 1 0.8
0.987948521273211 23.1815915682406 "experimento_46" 46 2000 1000 0.95 30 0.4 1 0.8
1.01205045698696 31.5893887300379 "experimento_46" 46 2000 1000 0.95 30 0.4 1 0.8
1.0022780270655 28.8860165855002 "experimento_46" 46 2000 1000 0.95 30 0.4 1 0.8
1.00987933434856 34.6800359093933 "experimento_46" 46 2000 1000 0.95 30 0.4 1 0.8
0.999133972451091 29.5892503573084 "experimento_46" 46 2000 1000 0.95 30 0.4 1 0.8
1.00166088845581 26.9918266170937 "experimento_46" 46 2000 1000 0.95 30 0.4 1 0.8
0.983118685428053 28.8412276580335 "experimento_46" 46 2000 1000 0.95 30 0.4 1 0.8
1.02102659347778 40.7432810359902 "experimento_46" 46 2000 1000 0.95 30 0.4 1 0.8
1.00786376443481 24.935323109181 "experimento_46" 46 2000 1000 0.95 30 0.4 1 0.8
1.00476877233014 27.2878433516056 "experimento_46" 46 2000 1000 0.95 30 0.4 1 0.8
0.997897277120501 29.458697395408 "experimento_46" 46 2000 1000 0.95 30 0.4 1 0.8
0.992868604371324 25.2672787184381 "experimento_46" 46 2000 1000 0.95 30 0.4 1 0.8
0.998399619245902 30.2391252310768 "experimento_46" 46 2000 1000 0.95 30 0.4 1 0.8
0.996094380039722 32.3253502053265 "experimento_46" 46 2000 1000 0.95 30 0.4 1 0.8
1.00032487288117 34.2869476310957 "experimento_46" 46 2000 1000 0.95 30 0.4 1 0.8
0.996817220933735 27.073587511644 "experimento_46" 46 2000 1000 0.95 30 0.4 1 0.8
0.99635135079734 24.5042681131727 "experimento_46" 46 2000 1000 0.95 30 0.4 1 0.8
1.00327969865563 29.9745935811958 "experimento_46" 46 2000 1000 0.95 30 0.4 1 0.8
0.989952156553045 23.6615724587995 "experimento_46" 46 2000 1000 0.95 30 0.4 1 0.8
1.0216528381221 36.0184123259139 "experimento_46" 46 2000 1000 0.95 30 0.4 1 0.8
0.997003433294594 29.1095710098026 "experimento_46" 46 2000 1000 0.95 30 0.4 1 0.8
1.01060676180066 32.1821921183612 "experimento_46" 46 2000 1000 0.95 30 0.4 1 0.8
0.991659751627594 27.2414376322906 "experimento_46" 46 2000 1000 0.95 30 0.4 1 0.8
0.99855328258127 30.7824963986093 "experimento_46" 46 2000 1000 0.95 30 0.4 1 0.8
0.986302813515067 31.3676184658361 "experimento_46" 46 2000 1000 0.95 30 0.4 1 0.8
1.00322009909843 32.004928735911 "experimento_46" 46 2000 1000 0.95 30 0.4 1 0.8
0.998790842946619 30.1329127146816 "experimento_46" 46 2000 1000 0.95 30 0.4 1 0.8
1.00043657468632 31.3842254821614 "experimento_46" 46 2000 1000 0.95 30 0.4 1 0.8
0.993000968825072 28.5231385754195 "experimento_46" 46 2000 1000 0.95 30 0.4 1 0.8
1.00210765087439 36.2395427293066 "experimento_46" 46 2000 1000 0.95 30 0.4 1 0.8
1.00485329059884 30.536960727017 "experimento_46" 46 2000 1000 0.95 30 0.4 1 0.8
0.997118083527312 30.0917147818023 "experimento_46" 46 2000 1000 0.95 30 0.4 1 0.8
0.995450436370447 32.0057003460162 "experimento_46" 46 2000 1000 0.95 30 0.4 1 0.8
0.994902475271374 27.723544677638 "experimento_46" 46 2000 1000 0.95 30 0.4 1 0.8
1.00785369173802 27.0023385055824 "experimento_46" 46 2000 1000 0.95 30 0.4 1 0.8
0.991082780528814 25.4162775858513 "experimento_46" 46 2000 1000 0.95 30 0.4 1 0.8
0.992522572400048 26.7875676944402 "experimento_46" 46 2000 1000 0.95 30 0.4 1 0.8
0.998270800570026 29.3165092561674 "experimento_46" 46 2000 1000 0.95 30 0.4 1 0.8
0.997706027003005 30.7176487755236 "experimento_46" 46 2000 1000 0.95 30 0.4 1 0.8
0.983386372914538 27.6585293043076 "experimento_46" 46 2000 1000 0.95 30 0.4 1 0.8
0.994439561851323 27.9962103432067 "experimento_46" 46 2000 1000 0.95 30 0.4 1 0.8
0.991888782940805 29.0800649909334 "experimento_46" 46 2000 1000 0.95 30 0.4 1 0.8
0.999517244752496 30.4044701707246 "experimento_46" 46 2000 1000 0.95 30 0.4 1 0.8
1.00658494760282 34.4431799655091 "experimento_46" 46 2000 1000 0.95 30 0.4 1 0.8
0.994615640258417 26.8087972964574 "experimento_46" 46 2000 1000 0.95 30 0.4 1 0.8
1.00512658819396 25.2080981140902 "experimento_46" 46 2000 1000 0.95 30 0.4 1 0.8
1.00000558958078 34.2828864826189 "experimento_46" 46 2000 1000 0.95 30 0.4 1 0.8
0.995624906849116 31.4344148910371 "experimento_46" 46 2000 1000 0.95 30 0.4 1 0.8
1.01335557461716 36.8180357033134 "experimento_46" 46 2000 1000 0.95 30 0.4 1 0.8
0.986786767374724 28.1190494564364 "experimento_46" 46 2000 1000 0.95 30 0.4 1 0.8
1.04328600863476 51.1460003517307 "experimento_46" 46 2000 1000 0.95 30 0.4 1 0.8
1.00234301513992 35.6552042000581 "experimento_46" 46 2000 1000 0.95 30 0.4 1 0.8
0.992268158122897 26.2891265092114 "experimento_46" 46 2000 1000 0.95 30 0.4 1 0.8
1.00239605008004 35.6205642545141 "experimento_46" 46 2000 1000 0.95 30 0.4 1 0.8
0.983861848246306 23.328599798185 "experimento_46" 46 2000 1000 0.95 30 0.4 1 0.8
1.02991543691465 45.3454829611328 "experimento_46" 46 2000 1000 0.95 30 0.4 1 0.8
0.998644903069362 33.1004863228993 "experimento_46" 46 2000 1000 0.95 30 0.4 1 0.8
0.981766260927543 27.0857501512317 "experimento_46" 46 2000 1000 0.95 30 0.4 1 0.8
0.997047058539465 31.3016660599129 "experimento_46" 46 2000 1000 0.95 30 0.4 1 0.8
0.993126393994316 31.3951339993638 "experimento_46" 46 2000 1000 0.95 30 0.4 1 0.8
0.994872255949304 29.2116276790847 "experimento_46" 46 2000 1000 0.95 30 0.4 1 0.8
0.999009244609624 32.7346078811416 "experimento_46" 46 2000 1000 0.95 30 0.4 1 0.8
0.983290834818035 24.7641862058604 "experimento_46" 46 2000 1000 0.95 30 0.4 1 0.8
1.00480015847184 30.3487042729544 "experimento_46" 46 2000 1000 0.95 30 0.4 1 0.8
1.00791586488485 35.9897892494749 "experimento_46" 46 2000 1000 0.95 30 0.4 1 0.8
1.0051638164868 36.6016206972924 "experimento_46" 46 2000 1000 0.95 30 0.4 1 0.8
1.00828422705332 32.9406305937565 "experimento_46" 46 2000 1000 0.95 30 0.4 1 0.8
1.01327589321882 30.5940765587513 "experimento_46" 46 2000 1000 0.95 30 0.4 1 0.8
1.00020426418632 29.7952736533043 "experimento_46" 46 2000 1000 0.95 30 0.4 1 0.8
1.00182969155721 32.7535831427865 "experimento_46" 46 2000 1000 0.95 30 0.4 1 0.8
0.998557654907927 34.2630653555172 "experimento_46" 46 2000 1000 0.95 30 0.4 1 0.8
1.01716424224885 25.9922468608422 "experimento_46" 46 2000 1000 0.95 30 0.4 1 0.8
1.01464471469323 31.9965555423137 "experimento_46" 46 2000 1000 0.95 30 0.4 1 0.8
0.993555781431496 27.3466860461009 "experimento_46" 46 2000 1000 0.95 30 0.4 1 0.8
0.994208719581366 27.2284024964315 "experimento_46" 46 2000 1000 0.95 30 0.4 1 0.8
0.998346586944535 27.7893440984532 "experimento_46" 46 2000 1000 0.95 30 0.4 1 0.8
1.00407506842166 26.21393163931 "experimento_46" 46 2000 1000 0.95 30 0.4 1 0.8
1.00805218347038 35.502106435844 "experimento_46" 46 2000 1000 0.95 30 0.4 1 0.8
1.00599804822916 30.0041862768534 "experimento_46" 46 2000 1000 0.95 30 0.4 1 0.8
0.997769810725003 27.9983466185412 "experimento_46" 46 2000 1000 0.95 30 0.4 1 0.8
0.994552938966081 30.206696044565 "experimento_46" 46 2000 1000 0.95 30 0.4 1 0.8
0.991050951415673 22.051988817881 "experimento_46" 46 2000 1000 0.95 30 0.4 1 0.8
0.996321593644097 28.138694095616 "experimento_46" 46 2000 1000 0.95 30 0.4 1 0.8
0.995509654516354 28.3900745359101 "experimento_46" 46 2000 1000 0.95 30 0.4 1 0.8
0.996186437550932 32.5174066192803 "experimento_46" 46 2000 1000 0.95 30 0.4 1 0.8
0.998959926422685 28.1423733325014 "experimento_46" 46 2000 1000 0.95 30 0.4 1 0.8
0.997597404988483 31.6480449720957 "experimento_46" 46 2000 1000 0.95 30 0.4 1 0.8
0.98926233430393 29.981776434808 "experimento_46" 46 2000 1000 0.95 30 0.4 1 0.8
1.00040417279427 31.933548942786 "experimento_46" 46 2000 1000 0.95 30 0.4 1 0.8
1.01431498461111 33.6746142512225 "experimento_46" 46 2000 1000 0.95 30 0.4 1 0.8
1.01675526018308 34.0555568270472 "experimento_46" 46 2000 1000 0.95 30 0.4 1 0.8
1.0051280664996 27.4804228794775 "experimento_46" 46 2000 1000 0.95 30 0.4 1 0.8
0.990859223064035 31.7535074178252 "experimento_46" 46 2000 1000 0.95 30 0.4 1 0.8
1.01015043137595 29.039577459077 "experimento_46" 46 2000 1000 0.95 30 0.4 1 0.8
0.995459276018664 24.9928889493255 "experimento_46" 46 2000 1000 0.95 30 0.4 1 0.8
0.99981218483299 31.8881484244822 "experimento_46" 46 2000 1000 0.95 30 0.4 1 0.8
0.996209775563329 29.06065558415 "experimento_46" 46 2000 1000 0.95 30 0.4 1 0.8
1.00568429526562 32.5383989589486 "experimento_46" 46 2000 1000 0.95 30 0.4 1 0.8
0.997725405730307 29.7294633799812 "experimento_46" 46 2000 1000 0.95 30 0.4 1 0.8
1.01576244679724 26.4827023386679 "experimento_46" 46 2000 1000 0.95 30 0.4 1 0.8
0.999884402146563 31.4492093425871 "experimento_46" 46 2000 1000 0.95 30 0.4 1 0.8
0.998963356949389 26.972147193021 "experimento_46" 46 2000 1000 0.95 30 0.4 1 0.8
0.983942075865343 26.7164331865944 "experimento_46" 46 2000 1000 0.95 30 0.4 1 0.8
1.01369803292804 26.4304130772133 "experimento_46" 46 2000 1000 0.95 30 0.4 1 0.8
0.984296375187114 27.2637516373092 "experimento_46" 46 2000 1000 0.95 30 0.4 1 0.8
0.991685900138691 25.6959556407274 "experimento_46" 46 2000 1000 0.95 30 0.4 1 0.8
0.996099089737982 33.2978295450888 "experimento_46" 46 2000 1000 0.95 30 0.4 1 0.8
1.01690022237599 23.7466726523068 "experimento_46" 46 2000 1000 0.95 30 0.4 1 0.8
0.980748637579381 23.0980086747395 "experimento_46" 46 2000 1000 0.95 30 0.4 1 0.8
0.989404764259234 25.1492538053635 "experimento_46" 46 2000 1000 0.95 30 0.4 1 0.8
1.00033199602417 29.6085118741266 "experimento_46" 46 2000 1000 0.95 30 0.4 1 0.8
0.988725965376943 25.8171401982801 "experimento_46" 46 2000 1000 0.95 30 0.4 1 0.8
0.990013950038701 25.9289459375486 "experimento_46" 46 2000 1000 0.95 30 0.4 1 0.8
1.03297642047067 31.838535590534 "experimento_46" 46 2000 1000 0.95 30 0.4 1 0.8
0.992185711860657 28.5518866824206 "experimento_46" 46 2000 1000 0.95 30 0.4 1 0.8
0.997844633413479 26.3446969390628 "experimento_46" 46 2000 1000 0.95 30 0.4 1 0.8
0.994163140654564 31.5153624694866 "experimento_46" 46 2000 1000 0.95 30 0.4 1 0.8
1.00197073958504 29.067021743252 "experimento_46" 46 2000 1000 0.95 30 0.4 1 0.8
1.00409350542074 35.9124139957844 "experimento_46" 46 2000 1000 0.95 30 0.4 1 0.8
1.00091613210537 31.0481782521158 "experimento_46" 46 2000 1000 0.95 30 0.4 1 0.8
0.998883434338495 30.5944818976882 "experimento_46" 46 2000 1000 0.95 30 0.4 1 0.8
0.992904313839972 33.1489699688326 "experimento_46" 46 2000 1000 0.95 30 0.4 1 0.8
0.99815389001742 28.8439999656137 "experimento_46" 46 2000 1000 0.95 30 0.4 1 0.8
1.00101527658602 31.4875862364028 "experimento_46" 46 2000 1000 0.95 30 0.4 1 0.8
0.99492194224149 29.1709869471475 "experimento_46" 46 2000 1000 0.95 30 0.4 1 0.8
0.994547942886129 29.4700727892011 "experimento_46" 46 2000 1000 0.95 30 0.4 1 0.8
0.994325865525752 30.9242026339373 "experimento_46" 46 2000 1000 0.95 30 0.4 1 0.8
0.983364629326388 26.4426857032687 "experimento_46" 46 2000 1000 0.95 30 0.4 1 0.8
1.00137596807132 27.7870538502321 "experimento_46" 46 2000 1000 0.95 30 0.4 1 0.8
0.995235220296308 32.3926410907027 "experimento_46" 46 2000 1000 0.95 30 0.4 1 0.8
0.988958116620779 30.215653286537 "experimento_46" 46 2000 1000 0.95 30 0.4 1 0.8
0.991888096090406 25.7785094629284 "experimento_46" 46 2000 1000 0.95 30 0.4 1 0.8
0.999765426386148 28.6208691949087 "experimento_46" 46 2000 1000 0.95 30 0.4 1 0.8
1.02150145329845 30.7428107012753 "experimento_46" 46 2000 1000 0.95 30 0.4 1 0.8
0.996564476983622 26.2347831934426 "experimento_46" 46 2000 1000 0.95 30 0.4 1 0.8
0.994347737170756 26.4809165287948 "experimento_46" 46 2000 1000 0.95 30 0.4 1 0.8
0.984276689589024 26.0891716605107 "experimento_46" 46 2000 1000 0.95 30 0.4 1 0.8
1.0054610658437 32.2651541909071 "experimento_46" 46 2000 1000 0.95 30 0.4 1 0.8
0.997907493729144 39.6847626062193 "experimento_46" 46 2000 1000 0.95 30 0.4 1 0.8
0.994481787318364 25.8411172506551 "experimento_46" 46 2000 1000 0.95 30 0.4 1 0.8
0.997932827100158 33.2224713004385 "experimento_46" 46 2000 1000 0.95 30 0.4 1 0.8
0.974433803930879 24.4363826193273 "experimento_46" 46 2000 1000 0.95 30 0.4 1 0.8
0.99760884186253 32.7156369594081 "experimento_46" 46 2000 1000 0.95 30 0.4 1 0.8
1.02096308108109 26.5653415117134 "experimento_46" 46 2000 1000 0.95 30 0.4 1 0.8
0.999565814388916 28.8058273883103 "experimento_46" 46 2000 1000 0.95 30 0.4 1 0.8
1.01975136071754 28.4924951849806 "experimento_46" 46 2000 1000 0.95 30 0.4 1 0.8
0.994416227564216 27.6666216998376 "experimento_46" 46 2000 1000 0.95 30 0.4 1 0.8
0.991028358461335 29.36523283162 "experimento_46" 46 2000 1000 0.95 30 0.4 1 0.8
0.990637919399887 29.213146992794 "experimento_46" 46 2000 1000 0.95 30 0.4 1 0.8
1.00862138429657 25.3277538875467 "experimento_46" 46 2000 1000 0.95 30 0.4 1 0.8
0.99885514122434 36.0135605655525 "experimento_46" 46 2000 1000 0.95 30 0.4 1 0.8
1.0194631522987 32.902742883591 "experimento_46" 46 2000 1000 0.95 30 0.4 1 0.8
1.00975850031137 35.1058281129194 "experimento_46" 46 2000 1000 0.95 30 0.4 1 0.8
0.998625483829528 32.3453365355817 "experimento_46" 46 2000 1000 0.95 30 0.4 1 0.8
0.992098205490038 29.9618054207036 "experimento_46" 46 2000 1000 0.95 30 0.4 1 0.8
1.01948550877472 32.4728266309286 "experimento_46" 46 2000 1000 0.95 30 0.4 1 0.8
1.01173480240007 34.9145046987311 "experimento_46" 46 2000 1000 0.95 30 0.4 1 0.8
0.985776379937306 26.4564296174306 "experimento_46" 46 2000 1000 0.95 30 0.4 1 0.8
0.994015309261158 29.9929126721215 "experimento_46" 46 2000 1000 0.95 30 0.4 1 0.8
1.00052036748578 30.3763867941774 "experimento_46" 46 2000 1000 0.95 30 0.4 1 0.8
1.00099196430917 34.490178459551 "experimento_46" 46 2000 1000 0.95 30 0.4 1 0.8
0.989821764407679 31.7731729984408 "experimento_46" 46 2000 1000 0.95 30 0.4 1 0.8
1.00209406719853 27.8210664462774 "experimento_46" 46 2000 1000 0.95 30 0.4 1 0.8
0.99359128344804 25.3686713220415 "experimento_46" 46 2000 1000 0.95 30 0.4 1 0.8
1.0047535235241 35.8325118566834 "experimento_46" 46 2000 1000 0.95 30 0.4 1 0.8
0.997027324745432 27.0782060426839 "experimento_46" 46 2000 1000 0.95 30 0.4 1 0.8
0.989344966132194 29.0924737079971 "experimento_46" 46 2000 1000 0.95 30 0.4 1 0.8
0.994628337910399 33.3430067517446 "experimento_46" 46 2000 1000 0.95 30 0.4 1 0.8
1.00006992267012 33.604934446248 "experimento_46" 46 2000 1000 0.95 30 0.4 1 0.8
1.00626925912996 34.1922186345065 "experimento_46" 46 2000 1000 0.95 30 0.4 1 0.8
0.997831473127007 30.4546805751558 "experimento_46" 46 2000 1000 0.95 30 0.4 1 0.8
1.00254592866016 33.3580876649487 "experimento_46" 46 2000 1000 0.95 30 0.4 1 0.8
0.994441547663882 30.1991089624245 "experimento_46" 46 2000 1000 0.95 30 0.4 1 0.8
0.994318169774488 28.640640500345 "experimento_46" 46 2000 1000 0.95 30 0.4 1 0.8
0.996834620367736 28.046399286738 "experimento_46" 46 2000 1000 0.95 30 0.4 1 0.8
0.997611701488495 34.2331250263614 "experimento_46" 46 2000 1000 0.95 30 0.4 1 0.8
1.00457520366957 30.7953732441149 "experimento_46" 46 2000 1000 0.95 30 0.4 1 0.8
0.98951960192062 26.4478836891643 "experimento_46" 46 2000 1000 0.95 30 0.4 1 0.8
0.996047491207719 33.6024411340806 "experimento_46" 46 2000 1000 0.95 30 0.4 1 0.8
0.991333958227187 25.8527329784537 "experimento_46" 46 2000 1000 0.95 30 0.4 1 0.8
1.00324385121951 31.2880490166001 "experimento_46" 46 2000 1000 0.95 30 0.4 1 0.8
0.98779768589884 22.9053275910507 "experimento_46" 46 2000 1000 0.95 30 0.4 1 0.8
1.02098055646444 37.0377471626082 "experimento_46" 46 2000 1000 0.95 30 0.4 1 0.8
0.994029370136559 27.1810644824069 "experimento_46" 46 2000 1000 0.95 30 0.4 1 0.8
1.00166831087736 35.6035466079104 "experimento_46" 46 2000 1000 0.95 30 0.4 1 0.8
1.0094416620763 25.098026855644 "experimento_46" 46 2000 1000 0.95 30 0.4 1 0.8
1.00246069227139 30.484007447063 "experimento_46" 46 2000 1000 0.95 30 0.4 1 0.8
1.01909629966443 30.761840788153 "experimento_46" 46 2000 1000 0.95 30 0.4 1 0.8
1.02167866473707 35.6371969275411 "experimento_46" 46 2000 1000 0.95 30 0.4 1 0.8
0.995852410094813 27.0775405839708 "experimento_46" 46 2000 1000 0.95 30 0.4 1 0.8
0.992976201232523 25.9759542219633 "experimento_46" 46 2000 1000 0.95 30 0.4 1 0.8
0.995854744454846 27.7169649481934 "experimento_46" 46 2000 1000 0.95 30 0.4 1 0.8
0.986741572618484 27.5366276740759 "experimento_46" 46 2000 1000 0.95 30 0.4 1 0.8
1.01020937827416 28.19224795331 "experimento_46" 46 2000 1000 0.95 30 0.4 1 0.8
0.988588815089315 25.5928608116518 "experimento_46" 46 2000 1000 0.95 30 0.4 1 0.8
0.990455854451284 28.1439248879562 "experimento_46" 46 2000 1000 0.95 30 0.4 1 0.8
1.010427682369 37.3471549206297 "experimento_46" 46 2000 1000 0.95 30 0.4 1 0.8
0.997651693178341 32.9315510210595 "experimento_46" 46 2000 1000 0.95 30 0.4 1 0.8
0.997819062089548 27.4420936605445 "experimento_46" 46 2000 1000 0.95 30 0.4 1 0.8
1.00467736236888 33.1932743662402 "experimento_46" 46 2000 1000 0.95 30 0.4 1 0.8
1.00491368694541 31.2005386609487 "experimento_46" 46 2000 1000 0.95 30 0.4 1 0.8
1.00010387346459 30.2008685216824 "experimento_46" 46 2000 1000 0.95 30 0.4 1 0.8
1.00996282626875 31.5386214929206 "experimento_46" 46 2000 1000 0.95 30 0.4 1 0.8
0.995210045250133 27.6708883144247 "experimento_46" 46 2000 1000 0.95 30 0.4 1 0.8
1.00173604932303 32.2230330759853 "experimento_46" 46 2000 1000 0.95 30 0.4 1 0.8
1.00068106477459 33.402034081707 "experimento_46" 46 2000 1000 0.95 30 0.4 1 0.8
0.991109511582181 24.7557610882974 "experimento_46" 46 2000 1000 0.95 30 0.4 1 0.8
1.00284353862698 33.7764625164145 "experimento_46" 46 2000 1000 0.95 30 0.4 1 0.8
1.0090409200949 30.0433988031325 "experimento_46" 46 2000 1000 0.95 30 0.4 1 0.8
0.998096599243581 31.1436857951782 "experimento_46" 46 2000 1000 0.95 30 0.4 1 0.8
0.994860617211089 28.2409208013604 "experimento_46" 46 2000 1000 0.95 30 0.4 1 0.8
0.997796972747892 28.0901677647857 "experimento_46" 46 2000 1000 0.95 30 0.4 1 0.8
0.988386108539999 28.8835019037848 "experimento_46" 46 2000 1000 0.95 30 0.4 1 0.8
1.01721271088657 30.0535689183738 "experimento_46" 46 2000 1000 0.95 30 0.4 1 0.8
1.00730446343328 31.4057520752188 "experimento_46" 46 2000 1000 0.95 30 0.4 1 0.8
1.01048891021249 33.1154257505988 "experimento_46" 46 2000 1000 0.95 30 0.4 1 0.8
1.01819610092075 32.9215594053229 "experimento_46" 46 2000 1000 0.95 30 0.4 1 0.8
0.996618928620592 31.0033233070558 "experimento_46" 46 2000 1000 0.95 30 0.4 1 0.8
0.99779734108597 27.1893934663724 "experimento_46" 46 2000 1000 0.95 30 0.4 1 0.8
0.985769529594108 28.5097998402059 "experimento_46" 46 2000 1000 0.95 30 0.4 1 0.8
0.994801010470837 27.501831756214 "experimento_46" 46 2000 1000 0.95 30 0.4 1 0.8
1.00049356222332 33.2764127777092 "experimento_46" 46 2000 1000 0.95 30 0.4 1 0.8
1.00015511608993 30.893720763801 "experimento_46" 46 2000 1000 0.95 30 0.4 1 0.8
0.992764333728701 27.6766573015845 "experimento_46" 46 2000 1000 0.95 30 0.4 1 0.8
1.01251239258175 28.8831299957358 "experimento_46" 46 2000 1000 0.95 30 0.4 1 0.8
0.989454550901428 26.7820660601961 "experimento_46" 46 2000 1000 0.95 30 0.4 1 0.8
1.01206409755784 35.9740984081206 "experimento_46" 46 2000 1000 0.95 30 0.4 1 0.8
1.01789683688742 31.1628269525535 "experimento_46" 46 2000 1000 0.95 30 0.4 1 0.8
0.987406091531739 24.3647482364565 "experimento_46" 46 2000 1000 0.95 30 0.4 1 0.8
0.992911615874618 25.8187429419971 "experimento_46" 46 2000 1000 0.95 30 0.4 1 0.8
0.981512785889208 24.4564847947412 "experimento_46" 46 2000 1000 0.95 30 0.4 1 0.8
0.997577015776187 27.6269200891553 "experimento_46" 46 2000 1000 0.95 30 0.4 1 0.8
0.997317207977176 29.8174890449818 "experimento_46" 46 2000 1000 0.95 30 0.4 1 0.8
1.00722974489133 29.2122711371346 "experimento_46" 46 2000 1000 0.95 30 0.4 1 0.8
1.01623858535722 33.8392366025774 "experimento_46" 46 2000 1000 0.95 30 0.4 1 0.8
0.995668034767732 30.4720294625461 "experimento_46" 46 2000 1000 0.95 30 0.4 1 0.8
1.01797621858617 34.680430476881 "experimento_46" 46 2000 1000 0.95 30 0.4 1 0.8
1.01448281006888 24.042599481436 "experimento_46" 46 2000 1000 0.95 30 0.4 1 0.8
1.00656213650169 31.1644677969405 "experimento_46" 46 2000 1000 0.95 30 0.4 1 0.8
1.03046968898906 35.0244804113007 "experimento_46" 46 2000 1000 0.95 30 0.4 1 0.8
1.00499906522843 26.3811436863281 "experimento_46" 46 2000 1000 0.95 30 0.4 1 0.8
1.02589781246939 25.0021207216423 "experimento_46" 46 2000 1000 0.95 30 0.4 1 0.8
0.999780795304105 30.6499888764229 "experimento_46" 46 2000 1000 0.95 30 0.4 1 0.8
0.999592957086861 29.3578790689344 "experimento_46" 46 2000 1000 0.95 30 0.4 1 0.8
1.01731825533013 29.7857734540487 "experimento_46" 46 2000 1000 0.95 30 0.4 1 0.8
0.994742619572207 25.7398226747315 "experimento_46" 46 2000 1000 0.95 30 0.4 1 0.8
0.999819094315171 28.4666365168005 "experimento_46" 46 2000 1000 0.95 30 0.4 1 0.8
1.00687512896645 30.6410710950747 "experimento_46" 46 2000 1000 0.95 30 0.4 1 0.8
1.00723855219161 24.3315699806146 "experimento_46" 46 2000 1000 0.95 30 0.4 1 0.8
1.0170300068489 38.5218145760764 "experimento_46" 46 2000 1000 0.95 30 0.4 1 0.8
0.990634590154514 32.3350302323431 "experimento_46" 46 2000 1000 0.95 30 0.4 1 0.8
1.0214215281109 34.0644527375737 "experimento_46" 46 2000 1000 0.95 30 0.4 1 0.8
1.00817771581933 35.0587436946125 "experimento_46" 46 2000 1000 0.95 30 0.4 1 0.8
0.989441743353382 25.6000868412449 "experimento_46" 46 2000 1000 0.95 30 0.4 1 0.8
1.01856971263575 25.3530262436815 "experimento_46" 46 2000 1000 0.95 30 0.4 1 0.8
0.993130077375099 28.6368388399182 "experimento_46" 46 2000 1000 0.95 30 0.4 1 0.8
0.989686493063346 28.2040988411403 "experimento_46" 46 2000 1000 0.95 30 0.4 1 0.8
1.01128800573856 39.9805575911277 "experimento_46" 46 2000 1000 0.95 30 0.4 1 0.8
0.997404273832217 30.794085545263 "experimento_46" 46 2000 1000 0.95 30 0.4 1 0.8
0.983723966171965 26.5375958783327 "experimento_46" 46 2000 1000 0.95 30 0.4 1 0.8
0.987209997605532 26.509962848007 "experimento_46" 46 2000 1000 0.95 30 0.4 1 0.8
1.00644231058347 37.4057076872518 "experimento_46" 46 2000 1000 0.95 30 0.4 1 0.8
1.01837495948809 31.6104973571637 "experimento_46" 46 2000 1000 0.95 30 0.4 1 0.8
1.03227138435328 34.0870460958214 "experimento_46" 46 2000 1000 0.95 30 0.4 1 0.8
1.02226609600087 30.7110629229536 "experimento_46" 46 2000 1000 0.95 30 0.4 1 0.8
1.01039506609862 30.3260179762568 "experimento_46" 46 2000 1000 0.95 30 0.4 1 0.8
0.998742774827406 33.3889229432713 "experimento_46" 46 2000 1000 0.95 30 0.4 1 0.8
1.01741951272512 43.3130792086375 "experimento_46" 46 2000 1000 0.95 30 0.4 1 0.8
1.00536494414943 31.9990689944208 "experimento_46" 46 2000 1000 0.95 30 0.4 1 0.8
0.998987203463912 31.3619332587645 "experimento_46" 46 2000 1000 0.95 30 0.4 1 0.8
1.00064738313636 28.0710627472453 "experimento_46" 46 2000 1000 0.95 30 0.4 1 0.8
1.02951540494857 33.7833489553806 "experimento_46" 46 2000 1000 0.95 30 0.4 1 0.8
0.99226236436516 28.125311120328 "experimento_46" 46 2000 1000 0.95 30 0.4 1 0.8
0.991555465385318 26.343632572011 "experimento_46" 46 2000 1000 0.95 30 0.4 1 0.8
1.0088024530284 40.4418141046662 "experimento_46" 46 2000 1000 0.95 30 0.4 1 0.8
0.994710183702409 30.0729527789168 "experimento_46" 46 2000 1000 0.95 30 0.4 1 0.8
1.02639854025577 45.110584562365 "experimento_46" 46 2000 1000 0.95 30 0.4 1 0.8
0.978611000115052 24.6360573215291 "experimento_46" 46 2000 1000 0.95 30 0.4 1 0.8
0.998580797342584 35.8495909783892 "experimento_46" 46 2000 1000 0.95 30 0.4 1 0.8
1.00124573620657 27.9558361650316 "experimento_46" 46 2000 1000 0.95 30 0.4 1 0.8
0.993940219050273 30.0935473720213 "experimento_46" 46 2000 1000 0.95 30 0.4 1 0.8
0.999096845276654 32.2766194232118 "experimento_46" 46 2000 1000 0.95 30 0.4 1 0.8
0.996821988606825 33.0111172730367 "experimento_46" 46 2000 1000 0.95 30 0.4 1 0.8
0.995920350076631 29.6065948455851 "experimento_46" 46 2000 1000 0.95 30 0.4 1 0.8
1.01579707881899 36.5145049603461 "experimento_46" 46 2000 1000 0.95 30 0.4 1 0.8
0.989484560443088 24.6170555553996 "experimento_46" 46 2000 1000 0.95 30 0.4 1 0.8
0.999538578093052 36.0522597496221 "experimento_46" 46 2000 1000 0.95 30 0.4 1 0.8
0.993451593909413 30.412057008019 "experimento_46" 46 2000 1000 0.95 30 0.4 1 0.8
0.999462197069079 34.515376278521 "experimento_46" 46 2000 1000 0.95 30 0.4 1 0.8
0.992925258819014 30.9739929965966 "experimento_46" 46 2000 1000 0.95 30 0.4 1 0.8
0.995849736733362 30.0433282721719 "experimento_46" 46 2000 1000 0.95 30 0.4 1 0.8
1.00142761867804 30.4149698497081 "experimento_46" 46 2000 1000 0.95 30 0.4 1 0.8
0.998058861354366 31.1612914053907 "experimento_46" 46 2000 1000 0.95 30 0.4 1 0.8
0.993608162738383 32.1827007086754 "experimento_46" 46 2000 1000 0.95 30 0.4 1 0.8
0.980441480409354 22.3142639281329 "experimento_46" 46 2000 1000 0.95 30 0.4 1 0.8
1.02913753563205 39.1335440196167 "experimento_46" 46 2000 1000 0.95 30 0.4 1 0.8
0.99701820500195 34.3220220080218 "experimento_46" 46 2000 1000 0.95 30 0.4 1 0.8
0.99592155078426 37.9007780043464 "experimento_46" 46 2000 1000 0.95 30 0.4 1 0.8
0.994483483722433 28.1056857598478 "experimento_46" 46 2000 1000 0.95 30 0.4 1 0.8
1.00890274991361 34.0943531572168 "experimento_46" 46 2000 1000 0.95 30 0.4 1 0.8
1.02149411764306 26.7321028493041 "experimento_46" 46 2000 1000 0.95 30 0.4 1 0.8
1.0040170081115 35.1417795568055 "experimento_46" 46 2000 1000 0.95 30 0.4 1 0.8
0.993144885869697 27.0728173523437 "experimento_46" 46 2000 1000 0.95 30 0.4 1 0.8
1.00017418121347 30.3660294730361 "experimento_46" 46 2000 1000 0.95 30 0.4 1 0.8
0.993059877771884 28.071979952794 "experimento_46" 46 2000 1000 0.95 30 0.4 1 0.8
1.01659385847549 28.3137199351871 "experimento_46" 46 2000 1000 0.95 30 0.4 1 0.8
0.994414500892162 27.2604974642213 "experimento_46" 46 2000 1000 0.95 30 0.4 1 0.8
1.02305396709902 34.52612142609 "experimento_46" 46 2000 1000 0.95 30 0.4 1 0.8
1.01664536885607 27.5819317833327 "experimento_46" 46 2000 1000 0.95 30 0.4 1 0.8
0.991304961265996 24.6799844735759 "experimento_46" 46 2000 1000 0.95 30 0.4 1 0.8
0.999901136383414 28.436225132387 "experimento_46" 46 2000 1000 0.95 30 0.4 1 0.8
1.00300401573487 32.4662293944423 "experimento_46" 46 2000 1000 0.95 30 0.4 1 0.8
1.02501927361899 37.9322455557889 "experimento_46" 46 2000 1000 0.95 30 0.4 1 0.8
0.99696417665109 28.4919306173119 "experimento_46" 46 2000 1000 0.95 30 0.4 1 0.8
0.998200362781063 25.9965450310155 "experimento_46" 46 2000 1000 0.95 30 0.4 1 0.8
0.999692192068323 31.1887922265755 "experimento_46" 46 2000 1000 0.95 30 0.4 1 0.8
0.999590330990031 30.6463013602781 "experimento_46" 46 2000 1000 0.95 30 0.4 1 0.8
0.999224147293717 25.3811628775388 "experimento_46" 46 2000 1000 0.95 30 0.4 1 0.8
0.995959630934522 33.9244154167078 "experimento_46" 46 2000 1000 0.95 30 0.4 1 0.8
0.995547187281772 27.4737440797989 "experimento_46" 46 2000 1000 0.95 30 0.4 1 0.8
0.991006233962253 32.6580998342946 "experimento_46" 46 2000 1000 0.95 30 0.4 1 0.8
0.993670049356297 28.1430707624962 "experimento_46" 46 2000 1000 0.95 30 0.4 1 0.8
1.00200977887337 32.3572662754974 "experimento_46" 46 2000 1000 0.95 30 0.4 1 0.8
1.00159158555468 33.4906396685869 "experimento_46" 46 2000 1000 0.95 30 0.4 1 0.8
0.981710862368345 27.8567582707998 "experimento_46" 46 2000 1000 0.95 30 0.4 1 0.8
1.03238651592692 21.1609442548295 "experimento_46" 46 2000 1000 0.95 30 0.4 1 0.8
1.00670326719992 27.9407350738687 "experimento_46" 46 2000 1000 0.95 30 0.4 1 0.8
0.983414997346699 24.6297415637197 "experimento_46" 46 2000 1000 0.95 30 0.4 1 0.8
1.00247694654323 34.4909971039197 "experimento_46" 46 2000 1000 0.95 30 0.4 1 0.8
0.999005480669439 33.3175389765322 "experimento_46" 46 2000 1000 0.95 30 0.4 1 0.8
1.0323612723796 33.8848536113213 "experimento_46" 46 2000 1000 0.95 30 0.4 1 0.8
1.02023690547794 35.0706118334651 "experimento_46" 46 2000 1000 0.95 30 0.4 1 0.8
0.999659152003005 34.2436864130191 "experimento_46" 46 2000 1000 0.95 30 0.4 1 0.8
1.00214814979893 29.6923614997518 "experimento_46" 46 2000 1000 0.95 30 0.4 1 0.8
0.994277629768476 26.4653346610797 "experimento_46" 46 2000 1000 0.95 30 0.4 1 0.8
0.997571003390476 30.412324354877 "experimento_46" 46 2000 1000 0.95 30 0.4 1 0.8
0.996680376352742 26.9507777771201 "experimento_46" 46 2000 1000 0.95 30 0.4 1 0.8
0.999177476391196 27.9887883673357 "experimento_46" 46 2000 1000 0.95 30 0.4 1 0.8
0.991881270194426 27.9423026288499 "experimento_46" 46 2000 1000 0.95 30 0.4 1 0.8
1.00083765472906 27.7934028487113 "experimento_46" 46 2000 1000 0.95 30 0.4 1 0.8
1.02186380087708 27.4483284177312 "experimento_46" 46 2000 1000 0.95 30 0.4 1 0.8
0.996018399484456 24.8064103084282 "experimento_46" 46 2000 1000 0.95 30 0.4 1 0.8
1.0164335947639 28.2496714330656 "experimento_46" 46 2000 1000 0.95 30 0.4 1 0.8
0.996495322557166 32.0392644896847 "experimento_46" 46 2000 1000 0.95 30 0.4 1 0.8
1.00011798537647 34.07782257575 "experimento_46" 46 2000 1000 0.95 30 0.4 1 0.8
0.998923283303156 32.4482561396824 "experimento_46" 46 2000 1000 0.95 30 0.4 1 0.8
0.995144243584946 33.6089098143545 "experimento_46" 46 2000 1000 0.95 30 0.4 1 0.8
1.01058582758221 25.1227661760762 "experimento_46" 46 2000 1000 0.95 30 0.4 1 0.8
0.970294740051031 20.2328658726452 "experimento_46" 46 2000 1000 0.95 30 0.4 1 0.8
1.00375468883018 30.5911633134142 "experimento_46" 46 2000 1000 0.95 30 0.4 1 0.8
1.023402108499 44.3088912966945 "experimento_46" 46 2000 1000 0.95 30 0.4 1 0.8
0.998106991639361 30.3303407091057 "experimento_46" 46 2000 1000 0.95 30 0.4 1 0.8
1.00675130756572 35.5046311047183 "experimento_46" 46 2000 1000 0.95 30 0.4 1 0.8
0.993995077209547 30.7153480877277 "experimento_46" 46 2000 1000 0.95 30 0.4 1 0.8
0.99925321387127 30.6482652546198 "experimento_46" 46 2000 1000 0.95 30 0.4 1 0.8
1.00200252806111 33.6368470107959 "experimento_46" 46 2000 1000 0.95 30 0.4 1 0.8
0.995279632508755 27.7765815476677 "experimento_46" 46 2000 1000 0.95 30 0.4 1 0.8
0.992854858282954 31.4514091425624 "experimento_46" 46 2000 1000 0.95 30 0.4 1 0.8
0.995357279432938 35.1552697630524 "experimento_46" 46 2000 1000 0.95 30 0.4 1 0.8
0.999705027556047 28.5866825607743 "experimento_46" 46 2000 1000 0.95 30 0.4 1 0.8
0.988549496978521 30.6490409554619 "experimento_46" 46 2000 1000 0.95 30 0.4 1 0.8
1.00424800594596 35.5578077911121 "experimento_46" 46 2000 1000 0.95 30 0.4 1 0.8
1.0062790400297 23.5997212765626 "experimento_46" 46 2000 1000 0.95 30 0.4 1 0.8
1.01908702460739 40.7383939994454 "experimento_46" 46 2000 1000 0.95 30 0.4 1 0.8
0.991646870039403 29.1714802125465 "experimento_46" 46 2000 1000 0.95 30 0.4 1 0.8
1.01214021927278 37.8930402305303 "experimento_46" 46 2000 1000 0.95 30 0.4 1 0.8
1.01665947494718 27.456133384027 "experimento_46" 46 2000 1000 0.95 30 0.4 1 0.8
0.99912923690863 31.0238670181158 "experimento_46" 46 2000 1000 0.95 30 0.4 1 0.8
1.01005145542304 29.4206524949807 "experimento_46" 46 2000 1000 0.95 30 0.4 1 0.8
0.994939004536718 31.2931339071986 "experimento_46" 46 2000 1000 0.95 30 0.4 1 0.8
0.996858698315918 25.2019705511282 "experimento_46" 46 2000 1000 0.95 30 0.4 1 0.8
0.998285241890699 27.1404912559986 "experimento_46" 46 2000 1000 0.95 30 0.4 1 0.8
0.995340219466016 26.2820410085573 "experimento_46" 46 2000 1000 0.95 30 0.4 1 0.8
1.00903005312818 35.0835028731627 "experimento_46" 46 2000 1000 0.95 30 0.4 1 0.8
0.995949687901884 34.6340236725082 "experimento_46" 46 2000 1000 0.95 30 0.4 1 0.8
0.997006936697289 29.243379315189 "experimento_46" 46 2000 1000 0.95 30 0.4 1 0.8
0.999413439072669 31.5639888283078 "experimento_46" 46 2000 1000 0.95 30 0.4 1 0.8
1.01503984240505 21.4369780671928 "experimento_46" 46 2000 1000 0.95 30 0.4 1 0.8
1.0062276805903 31.8213883614789 "experimento_46" 46 2000 1000 0.95 30 0.4 1 0.8
0.989220559364185 24.201508225341 "experimento_46" 46 2000 1000 0.95 30 0.4 1 0.8
0.997235440416262 30.9828506982353 "experimento_46" 46 2000 1000 0.95 30 0.4 1 0.8
0.999748668400571 33.2302750080042 "experimento_46" 46 2000 1000 0.95 30 0.4 1 0.8
0.989779145922512 29.02877902943 "experimento_46" 46 2000 1000 0.95 30 0.4 1 0.8
0.98220057040453 23.2595730148206 "experimento_46" 46 2000 1000 0.95 30 0.4 1 0.8
1.00023817939994 31.454955551707 "experimento_46" 46 2000 1000 0.95 30 0.4 1 0.8
0.99993592640385 33.2921943010022 "experimento_46" 46 2000 1000 0.95 30 0.4 1 0.8
1.00129039512637 35.1331217511634 "experimento_46" 46 2000 1000 0.95 30 0.4 1 0.8
0.992700557690114 25.5251413216345 "experimento_46" 46 2000 1000 0.95 30 0.4 1 0.8
0.998664686689153 27.8999653309624 "experimento_46" 46 2000 1000 0.95 30 0.4 1 0.8
1.00699396497986 32.4253611138357 "experimento_46" 46 2000 1000 0.95 30 0.4 1 0.8
0.99725084961392 29.561757734353 "experimento_46" 46 2000 1000 0.95 30 0.4 1 0.8
0.997847682097927 29.6996479850338 "experimento_46" 46 2000 1000 0.95 30 0.4 1 0.8
1.0273625658811 28.4135664284192 "experimento_46" 46 2000 1000 0.95 30 0.4 1 0.8
1.03511536915957 42.3360772915201 "experimento_46" 46 2000 1000 0.95 30 0.4 1 0.8
1.00014698978125 27.0477181463002 "experimento_46" 46 2000 1000 0.95 30 0.4 1 0.8
0.983543577603996 25.6399252222885 "experimento_46" 46 2000 1000 0.95 30 0.4 1 0.8
0.997736864257604 26.3795044067141 "experimento_46" 46 2000 1000 0.95 30 0.4 1 0.8
1.01818722281605 32.3932110797178 "experimento_46" 46 2000 1000 0.95 30 0.4 1 0.8
1.03677021345605 28.3839979547087 "experimento_46" 46 2000 1000 0.95 30 0.4 1 0.8
0.990773977478966 25.1009527681838 "experimento_46" 46 2000 1000 0.95 30 0.4 1 0.8
0.996888233581558 30.4864781705669 "experimento_46" 46 2000 1000 0.95 30 0.4 1 0.8
1.00779945206591 40.6164688480733 "experimento_46" 46 2000 1000 0.95 30 0.4 1 0.8
0.998530086362734 31.9794194390052 "experimento_46" 46 2000 1000 0.95 30 0.4 1 0.8
0.999446717090905 34.2797888528479 "experimento_46" 46 2000 1000 0.95 30 0.4 1 0.8
0.999596229521558 28.9555087370141 "experimento_46" 46 2000 1000 0.95 30 0.4 1 0.8
0.990083453478292 24.7728553185975 "experimento_46" 46 2000 1000 0.95 30 0.4 1 0.8
0.998709324048832 31.5398649779133 "experimento_46" 46 2000 1000 0.95 30 0.4 1 0.8
0.997914387378842 28.8585068117544 "experimento_46" 46 2000 1000 0.95 30 0.4 1 0.8
1.00932295617536 40.3665478759439 "experimento_46" 46 2000 1000 0.95 30 0.4 1 0.8
0.989011968486011 24.2295369418876 "experimento_46" 46 2000 1000 0.95 30 0.4 1 0.8
0.991040699183941 29.4424636425801 "experimento_46" 46 2000 1000 0.95 30 0.4 1 0.8
0.993611384183168 25.2476858524578 "experimento_46" 46 2000 1000 0.95 30 0.4 1 0.8
0.988694122293964 24.5496607603666 "experimento_46" 46 2000 1000 0.95 30 0.4 1 0.8
0.99521762970835 32.8220611348183 "experimento_46" 46 2000 1000 0.95 30 0.4 1 0.8
1.03248578499242 35.2271065422825 "experimento_46" 46 2000 1000 0.95 30 0.4 1 0.8
0.994965216843411 32.3986743163587 "experimento_46" 46 2000 1000 0.95 30 0.4 1 0.8
0.993788605555892 30.0092109527029 "experimento_46" 46 2000 1000 0.95 30 0.4 1 0.8
1.00225537307329 29.7003235130079 "experimento_46" 46 2000 1000 0.95 30 0.4 1 0.8
0.996930225519463 31.5645430124126 "experimento_46" 46 2000 1000 0.95 30 0.4 1 0.8
1.00046148724288 27.153953533567 "experimento_46" 46 2000 1000 0.95 30 0.4 1 0.8
1.00437572109513 24.6850957188413 "experimento_46" 46 2000 1000 0.95 30 0.4 1 0.8
0.989537474932149 25.9237465836995 "experimento_46" 46 2000 1000 0.95 30 0.4 1 0.8
1.00165275339969 26.9784055213343 "experimento_46" 46 2000 1000 0.95 30 0.4 1 0.8
0.997145031113178 35.7201900537958 "experimento_46" 46 2000 1000 0.95 30 0.4 1 0.8
1.04061653685306 29.2377657455834 "experimento_46" 46 2000 1000 0.95 30 0.4 1 0.8
0.99892714060843 30.9298924480312 "experimento_46" 46 2000 1000 0.95 30 0.4 1 0.8
0.994209603173658 34.9072225719499 "experimento_46" 46 2000 1000 0.95 30 0.4 1 0.8
0.992944702040404 27.9743174375903 "experimento_46" 46 2000 1000 0.95 30 0.4 1 0.8
0.996605902211741 28.898455897506 "experimento_46" 46 2000 1000 0.95 30 0.4 1 0.8
0.998914289986715 29.2599166670082 "experimento_46" 46 2000 1000 0.95 30 0.4 1 0.8
1.00975030480574 32.4968932826136 "experimento_46" 46 2000 1000 0.95 30 0.4 1 0.8
1.01883483350587 32.3592286896295 "experimento_46" 46 2000 1000 0.95 30 0.4 1 0.8
0.994683792581782 27.2600656252046 "experimento_46" 46 2000 1000 0.95 30 0.4 1 0.8
1.00037448196672 28.4815641810841 "experimento_46" 46 2000 1000 0.95 30 0.4 1 0.8
0.997870857361704 30.3063040796993 "experimento_46" 46 2000 1000 0.95 30 0.4 1 0.8
1.00613704671462 29.5406568293507 "experimento_46" 46 2000 1000 0.95 30 0.4 1 0.8
1.01094735469669 28.8439732847882 "experimento_46" 46 2000 1000 0.95 30 0.4 1 0.8
0.99236640939489 28.9467386573693 "experimento_46" 46 2000 1000 0.95 30 0.4 1 0.8
0.991297260159627 24.4489385679845 "experimento_46" 46 2000 1000 0.95 30 0.4 1 0.8
1.03613243369866 28.5074693845191 "experimento_46" 46 2000 1000 0.95 30 0.4 1 0.8
0.988925585988909 28.1736652452294 "experimento_46" 46 2000 1000 0.95 30 0.4 1 0.8
0.989305251277983 27.5972279231734 "experimento_46" 46 2000 1000 0.95 30 0.4 1 0.8
1.01820480730385 39.600268423863 "experimento_46" 46 2000 1000 0.95 30 0.4 1 0.8
0.995051891542971 28.2048046572378 "experimento_46" 46 2000 1000 0.95 30 0.4 1 0.8
0.993524898774922 28.330931762681 "experimento_46" 46 2000 1000 0.95 30 0.4 1 0.8
0.991041695699096 26.88883218846 "experimento_46" 46 2000 1000 0.95 30 0.4 1 0.8
0.982885107863694 22.3526682435401 "experimento_46" 46 2000 1000 0.95 30 0.4 1 0.8
0.988702120259404 29.1865752361914 "experimento_46" 46 2000 1000 0.95 30 0.4 1 0.8
0.993028986267745 26.1173350547222 "experimento_46" 46 2000 1000 0.95 30 0.4 1 0.8
0.997286531608552 30.2339808348435 "experimento_46" 46 2000 1000 0.95 30 0.4 1 0.8
0.996353115420789 30.4119940322747 "experimento_46" 46 2000 1000 0.95 30 0.4 1 0.8
1.04100731074049 37.0512707646903 "experimento_46" 46 2000 1000 0.95 30 0.4 1 0.8
0.994051655521616 28.610206154062 "experimento_46" 46 2000 1000 0.95 30 0.4 1 0.8
1.00965929326291 37.6906859511562 "experimento_46" 46 2000 1000 0.95 30 0.4 1 0.8
0.992115310626104 31.3930013600591 "experimento_46" 46 2000 1000 0.95 30 0.4 1 0.8
0.998099894495681 33.6960981350678 "experimento_46" 46 2000 1000 0.95 30 0.4 1 0.8
1.00423831921071 31.2709399876052 "experimento_46" 46 2000 1000 0.95 30 0.4 1 0.8
0.999237849842757 31.4255120996202 "experimento_46" 46 2000 1000 0.95 30 0.4 1 0.8
0.993997319834307 28.1763548659557 "experimento_46" 46 2000 1000 0.95 30 0.4 1 0.8
0.994622610509396 32.1666913903381 "experimento_46" 46 2000 1000 0.95 30 0.4 1 0.8
1.00195944080591 32.2875737283536 "experimento_46" 46 2000 1000 0.95 30 0.4 1 0.8
1.01085479167911 34.1732757277885 "experimento_46" 46 2000 1000 0.95 30 0.4 1 0.8
1.00569330920293 27.7030095779143 "experimento_46" 46 2000 1000 0.95 30 0.4 1 0.8
0.999013355234638 29.0008955923032 "experimento_46" 46 2000 1000 0.95 30 0.4 1 0.8
0.993157689692453 28.2688034073506 "experimento_46" 46 2000 1000 0.95 30 0.4 1 0.8
0.999113746918738 35.7360859861092 "experimento_46" 46 2000 1000 0.95 30 0.4 1 0.8
0.998302349587902 31.2664872848009 "experimento_46" 46 2000 1000 0.95 30 0.4 1 0.8
1.0091773492905 30.7707022550303 "experimento_46" 46 2000 1000 0.95 30 0.4 1 0.8
1.0146433504853 30.5866308451572 "experimento_46" 46 2000 1000 0.95 30 0.4 1 0.8
0.993764986284077 26.346582728652 "experimento_46" 46 2000 1000 0.95 30 0.4 1 0.8
0.997288174228743 25.8425927770757 "experimento_46" 46 2000 1000 0.95 30 0.4 1 0.8
0.98463941202499 25.0692610886595 "experimento_46" 46 2000 1000 0.95 30 0.4 1 0.8
1.0121289022046 36.8958681471718 "experimento_46" 46 2000 1000 0.95 30 0.4 1 0.8
0.995604822412133 30.8368170657426 "experimento_46" 46 2000 1000 0.95 30 0.4 1 0.8
0.998105707811192 34.160341943209 "experimento_46" 46 2000 1000 0.95 30 0.4 1 0.8
0.997282590717077 31.9801313092845 "experimento_46" 46 2000 1000 0.95 30 0.4 1 0.8
0.999943277100101 32.3499471517325 "experimento_46" 46 2000 1000 0.95 30 0.4 1 0.8
1.01032815745175 30.0162949821397 "experimento_46" 46 2000 1000 0.95 30 0.4 1 0.8
0.996296325931326 33.7935712213275 "experimento_46" 46 2000 1000 0.95 30 0.4 1 0.8
0.996961590833962 30.4440846195026 "experimento_46" 46 2000 1000 0.95 30 0.4 1 0.8
1.00000584284217 32.4942923102344 "experimento_46" 46 2000 1000 0.95 30 0.4 1 0.8
0.995755248470232 25.365380843567 "experimento_46" 46 2000 1000 0.95 30 0.4 1 0.8
1.00130045005832 32.4819295508134 "experimento_46" 46 2000 1000 0.95 30 0.4 1 0.8
1.00687730837327 28.3424751719617 "experimento_46" 46 2000 1000 0.95 30 0.4 1 0.8
0.994083915837109 24.4031440408993 "experimento_46" 46 2000 1000 0.95 30 0.4 1 0.8
0.990741567919031 25.3943221085521 "experimento_46" 46 2000 1000 0.95 30 0.4 1 0.8
1.01879822355695 37.6081723684085 "experimento_46" 46 2000 1000 0.95 30 0.4 1 0.8
0.997051829705015 33.9650969773792 "experimento_46" 46 2000 1000 0.95 30 0.4 1 0.8
0.992731707170606 23.5079404466114 "experimento_46" 46 2000 1000 0.95 30 0.4 1 0.8
0.996427423320711 28.0409433639046 "experimento_46" 46 2000 1000 0.95 30 0.4 1 0.8
1.03550104516236 34.5611777601364 "experimento_46" 46 2000 1000 0.95 30 0.4 1 0.8
1.00522525216045 31.001938146463 "experimento_46" 46 2000 1000 0.95 30 0.4 1 0.8
0.996882121544331 28.1584145188064 "experimento_46" 46 2000 1000 0.95 30 0.4 1 0.8
0.998153525870293 36.5496310334505 "experimento_46" 46 2000 1000 0.95 30 0.4 1 0.8
0.999687601113692 25.6412101553091 "experimento_46" 46 2000 1000 0.95 30 0.4 1 0.8
0.99346856190823 27.0743638470092 "experimento_46" 46 2000 1000 0.95 30 0.4 1 0.8
1.01231452634869 30.0580970976426 "experimento_46" 46 2000 1000 0.95 30 0.4 1 0.8
0.99173904536292 30.3938159602145 "experimento_46" 46 2000 1000 0.95 30 0.4 1 0.8
0.999021908035502 30.4835546323437 "experimento_46" 46 2000 1000 0.95 30 0.4 1 0.8
1.00847658095375 35.3329646751879 "experimento_46" 46 2000 1000 0.95 30 0.4 1 0.8
0.99716552067548 27.7661254637831 "experimento_46" 46 2000 1000 0.95 30 0.4 1 0.8
0.996537023456767 27.2592670408955 "experimento_46" 46 2000 1000 0.95 30 0.4 1 0.8
1.00852704544862 25.9364170899893 "experimento_46" 46 2000 1000 0.95 30 0.4 1 0.8
0.995321925496683 26.6540126603385 "experimento_46" 46 2000 1000 0.95 30 0.4 1 0.8
0.993079843465239 31.4755930476475 "experimento_46" 46 2000 1000 0.95 30 0.4 1 0.8
0.992651624372229 25.2257959138771 "experimento_46" 46 2000 1000 0.95 30 0.4 1 0.8
0.990121312905103 27.7458573545443 "experimento_46" 46 2000 1000 0.95 30 0.4 1 0.8
0.993380923988298 26.9825935871527 "experimento_46" 46 2000 1000 0.95 30 0.4 1 0.8
0.975513622397557 23.5619183072611 "experimento_46" 46 2000 1000 0.95 30 0.4 1 0.8
0.990070428233594 29.8882305419881 "experimento_46" 46 2000 1000 0.95 30 0.4 1 0.8
1.00214678104967 28.9087153283008 "experimento_46" 46 2000 1000 0.95 30 0.4 1 0.8
1.05784836671966 43.6619891182511 "experimento_46" 46 2000 1000 0.95 30 0.4 1 0.8
1.01566893115329 24.5083139730434 "experimento_46" 46 2000 1000 0.95 30 0.4 1 0.8
0.998218747321516 28.6726889410865 "experimento_46" 46 2000 1000 0.95 30 0.4 1 0.8
1.0058357836213 36.9581891732034 "experimento_46" 46 2000 1000 0.95 30 0.4 1 0.8
0.998450667364523 33.1732029851358 "experimento_46" 46 2000 1000 0.95 30 0.4 1 0.8
0.999858043389395 27.7394427839665 "experimento_46" 46 2000 1000 0.95 30 0.4 1 0.8
1.01273392811418 27.5966511143118 "experimento_46" 46 2000 1000 0.95 30 0.4 1 0.8
0.999410605058074 29.6515934014136 "experimento_46" 46 2000 1000 0.95 30 0.4 1 0.8
1.01172485093897 30.9112228543538 "experimento_46" 46 2000 1000 0.95 30 0.4 1 0.8
1.0232579969456 35.6097073047657 "experimento_46" 46 2000 1000 0.95 30 0.4 1 0.8
1.01076283799484 33.9912531175506 "experimento_46" 46 2000 1000 0.95 30 0.4 1 0.8
0.994956345297396 31.5587062492635 "experimento_46" 46 2000 1000 0.95 30 0.4 1 0.8
0.998951186891645 29.2774453793373 "experimento_46" 46 2000 1000 0.95 30 0.4 1 0.8
0.997342907590792 32.6389327684672 "experimento_46" 46 2000 1000 0.95 30 0.4 1 0.8
0.99764395901002 31.5037591717262 "experimento_46" 46 2000 1000 0.95 30 0.4 1 0.8
0.987331789685413 26.8674670834576 "experimento_46" 46 2000 1000 0.95 30 0.4 1 0.8
1.00067101232979 35.5796603735918 "experimento_46" 46 2000 1000 0.95 30 0.4 1 0.8
0.998329245485365 28.4063899859393 "experimento_46" 46 2000 1000 0.95 30 0.4 1 0.8
0.99222098197788 29.2427472101076 "experimento_46" 46 2000 1000 0.95 30 0.4 1 0.8
0.996191362151876 26.9858784205503 "experimento_46" 46 2000 1000 0.95 30 0.4 1 0.8
1.00243137108857 29.7180531442199 "experimento_46" 46 2000 1000 0.95 30 0.4 1 0.8
0.996871009236202 25.9916752903634 "experimento_46" 46 2000 1000 0.95 30 0.4 1 0.8
0.99968064436689 27.4982540832901 "experimento_46" 46 2000 1000 0.95 30 0.4 1 0.8
0.992741826688871 30.1475065176512 "experimento_46" 46 2000 1000 0.95 30 0.4 1 0.8
0.992484963964671 28.6107111644886 "experimento_46" 46 2000 1000 0.95 30 0.4 1 0.8
1.00056697737115 31.276478615399 "experimento_46" 46 2000 1000 0.95 30 0.4 1 0.8
1.01208713093462 33.9423552713432 "experimento_46" 46 2000 1000 0.95 30 0.4 1 0.8
0.996445086319 33.9351851449317 "experimento_46" 46 2000 1000 0.95 30 0.4 1 0.8
1.00084346141666 30.10528582861 "experimento_46" 46 2000 1000 0.95 30 0.4 1 0.8
0.983964044367895 25.1779530302763 "experimento_46" 46 2000 1000 0.95 30 0.4 1 0.8
1.02430689353356 30.1917025135136 "experimento_46" 46 2000 1000 0.95 30 0.4 1 0.8
0.99690501880832 35.5455769047132 "experimento_46" 46 2000 1000 0.95 30 0.4 1 0.8
0.993670609779656 25.1749892691805 "experimento_46" 46 2000 1000 0.95 30 0.4 1 0.8
1.00951833838286 33.7605157935708 "experimento_46" 46 2000 1000 0.95 30 0.4 1 0.8
0.976685649016872 21.4845534764853 "experimento_46" 46 2000 1000 0.95 30 0.4 1 0.8
0.999391407473013 30.5602745728336 "experimento_46" 46 2000 1000 0.95 30 0.4 1 0.8
0.996445588301867 28.2939616820369 "experimento_46" 46 2000 1000 0.95 30 0.4 1 0.8
0.992565045598894 27.3777160255853 "experimento_46" 46 2000 1000 0.95 30 0.4 1 0.8
1.01897084023803 29.4301099135883 "experimento_46" 46 2000 1000 0.95 30 0.4 1 0.8
1.02424868227153 35.1831034147 "experimento_46" 46 2000 1000 0.95 30 0.4 1 0.8
0.999040638795123 30.081709821283 "experimento_46" 46 2000 1000 0.95 30 0.4 1 0.8
0.994521567132324 29.4136423276293 "experimento_46" 46 2000 1000 0.95 30 0.4 1 0.8
1.0019671617335 32.6923599973047 "experimento_46" 46 2000 1000 0.95 30 0.4 1 0.8
1.01958303592789 33.0427335624113 "experimento_46" 46 2000 1000 0.95 30 0.4 1 0.8
1.05337446039883 49.5060175452557 "experimento_46" 46 2000 1000 0.95 30 0.4 1 0.8
0.990430343430489 32.2641937624456 "experimento_46" 46 2000 1000 0.95 30 0.4 1 0.8
1.02828006967762 29.7650595569634 "experimento_46" 46 2000 1000 0.95 30 0.4 1 0.8
0.985729611478746 25.658801813878 "experimento_46" 46 2000 1000 0.95 30 0.4 1 0.8
1.00682432552079 32.467353202222 "experimento_46" 46 2000 1000 0.95 30 0.4 1 0.8
1.00299625851159 37.6402302984799 "experimento_46" 46 2000 1000 0.95 30 0.4 1 0.8
1.01781752025709 33.9462578708966 "experimento_46" 46 2000 1000 0.95 30 0.4 1 0.8
0.990637035574764 26.1706535904987 "experimento_46" 46 2000 1000 0.95 30 0.4 1 0.8
0.998974250396714 33.0085533209047 "experimento_46" 46 2000 1000 0.95 30 0.4 1 0.8
0.999335420085117 28.4670030102678 "experimento_46" 46 2000 1000 0.95 30 0.4 1 0.8
0.991636887192726 27.8480309469769 "experimento_46" 46 2000 1000 0.95 30 0.4 1 0.8
1.01576076697869 29.652435536172 "experimento_46" 46 2000 1000 0.95 30 0.4 1 0.8
0.995535132475197 29.7355034799674 "experimento_46" 46 2000 1000 0.95 30 0.4 1 0.8
0.997773515759036 36.4421400882182 "experimento_46" 46 2000 1000 0.95 30 0.4 1 0.8
1.00068060459259 31.0838225707674 "experimento_46" 46 2000 1000 0.95 30 0.4 1 0.8
0.993960677878931 30.5384570767811 "experimento_46" 46 2000 1000 0.95 30 0.4 1 0.8
0.988743371330202 22.8388137973133 "experimento_46" 46 2000 1000 0.95 30 0.4 1 0.8
1.04506129920343 56.4269554557624 "experimento_46" 46 2000 1000 0.95 30 0.4 1 0.8
0.996345917927101 26.3717716356215 "experimento_46" 46 2000 1000 0.95 30 0.4 1 0.8
0.993838313035667 28.8175486748761 "experimento_46" 46 2000 1000 0.95 30 0.4 1 0.8
1.00037553257235 30.6870677294934 "experimento_46" 46 2000 1000 0.95 30 0.4 1 0.8
0.994276859099045 30.6201898609433 "experimento_46" 46 2000 1000 0.95 30 0.4 1 0.8
1.0051835225895 29.1166255624114 "experimento_46" 46 2000 1000 0.95 30 0.4 1 0.8
0.9979120970238 29.1394192527456 "experimento_46" 46 2000 1000 0.95 30 0.4 1 0.8
1.00539305652492 31.3525821681655 "experimento_46" 46 2000 1000 0.95 30 0.4 1 0.8
1.02700268191456 34.5165388326135 "experimento_46" 46 2000 1000 0.95 30 0.4 1 0.8
1.02526576494881 31.2307170177173 "experimento_46" 46 2000 1000 0.95 30 0.4 1 0.8
0.998662313446403 27.6924956291943 "experimento_46" 46 2000 1000 0.95 30 0.4 1 0.8
0.986446276772767 23.7136452547005 "experimento_46" 46 2000 1000 0.95 30 0.4 1 0.8
0.994726562174037 28.3532488898868 "experimento_46" 46 2000 1000 0.95 30 0.4 1 0.8
0.998060780577362 30.0698783777363 "experimento_46" 46 2000 1000 0.95 30 0.4 1 0.8
0.999201404163614 29.6429493782546 "experimento_46" 46 2000 1000 0.95 30 0.4 1 0.8
0.999268435174599 35.9933374888514 "experimento_46" 46 2000 1000 0.95 30 0.4 1 0.8
1.02387660080427 45.8931972943948 "experimento_46" 46 2000 1000 0.95 30 0.4 1 0.8
1.00871954458137 25.7314433758089 "experimento_46" 46 2000 1000 0.95 30 0.4 1 0.8
0.998117922339588 28.8785809312867 "experimento_46" 46 2000 1000 0.95 30 0.4 1 0.8
1.00917346085643 34.3048838976812 "experimento_46" 46 2000 1000 0.95 30 0.4 1 0.8
1.02414432879409 39.3209316537181 "experimento_46" 46 2000 1000 0.95 30 0.4 1 0.8
0.997442193562165 35.7867989866069 "experimento_46" 46 2000 1000 0.95 30 0.4 1 0.8
0.997657427797094 34.6402047997145 "experimento_46" 46 2000 1000 0.95 30 0.4 1 0.8
0.989910400705412 26.2863847084044 "experimento_46" 46 2000 1000 0.95 30 0.4 1 0.8
1.00127016206634 32.4209106924713 "experimento_46" 46 2000 1000 0.95 30 0.4 1 0.8
0.994846635963768 30.6627765514739 "experimento_46" 46 2000 1000 0.95 30 0.4 1 0.8
0.991385664092377 26.2913664916233 "experimento_46" 46 2000 1000 0.95 30 0.4 1 0.8
1.00935441899734 31.5011787016895 "experimento_46" 46 2000 1000 0.95 30 0.4 1 0.8
1.001984227309 34.4555985772055 "experimento_46" 46 2000 1000 0.95 30 0.4 1 0.8
1.00365037022469 30.4023050864329 "experimento_46" 46 2000 1000 0.95 30 0.4 1 0.8
0.990569030866027 27.7083290527739 "experimento_46" 46 2000 1000 0.95 30 0.4 1 0.8
1.00878760747922 32.8308960373017 "experimento_46" 46 2000 1000 0.95 30 0.4 1 0.8
0.995942793088034 32.1503843364482 "experimento_46" 46 2000 1000 0.95 30 0.4 1 0.8
0.998718194197863 28.3490121927111 "experimento_46" 46 2000 1000 0.95 30 0.4 1 0.8
1.01087590578633 35.3618263413224 "experimento_46" 46 2000 1000 0.95 30 0.4 1 0.8
1.00419839887776 33.4597049892081 "experimento_46" 46 2000 1000 0.95 30 0.4 1 0.8
0.998441028175876 30.2935164912716 "experimento_46" 46 2000 1000 0.95 30 0.4 1 0.8
1.00380605000178 32.2953998751325 "experimento_46" 46 2000 1000 0.95 30 0.4 1 0.8
1.00915860546132 29.672304266217 "experimento_46" 46 2000 1000 0.95 30 0.4 1 0.8
0.991264763055369 28.9413988906015 "experimento_46" 46 2000 1000 0.95 30 0.4 1 0.8
1.02039007816153 37.5477216507646 "experimento_46" 46 2000 1000 0.95 30 0.4 1 0.8
0.995243809651583 26.642493832817 "experimento_46" 46 2000 1000 0.95 30 0.4 1 0.8
0.98658830136992 26.1282081605762 "experimento_46" 46 2000 1000 0.95 30 0.4 1 0.8
0.998873004224151 32.7654709487801 "experimento_46" 46 2000 1000 0.95 30 0.4 1 0.8
0.995095080696046 26.1717696259924 "experimento_46" 46 2000 1000 0.95 30 0.4 1 0.8
0.998941287864 31.814554766349 "experimento_46" 46 2000 1000 0.95 30 0.4 1 0.8
1.02572072086095 24.6619035349284 "experimento_46" 46 2000 1000 0.95 30 0.4 1 0.8
0.994461093796417 23.7936386688139 "experimento_46" 46 2000 1000 0.95 30 0.4 1 0.8
0.996958683477715 26.9758120180696 "experimento_46" 46 2000 1000 0.95 30 0.4 1 0.8
0.986150669166818 22.4823064157242 "experimento_46" 46 2000 1000 0.95 30 0.4 1 0.8
0.996105801081285 27.7295310395357 "experimento_46" 46 2000 1000 0.95 30 0.4 1 0.8
1.02119228503046 34.8027599689721 "experimento_46" 46 2000 1000 0.95 30 0.4 1 0.8
0.994728267192841 28.3763738410657 "experimento_46" 46 2000 1000 0.95 30 0.4 1 0.8
0.998724291101098 29.3327190720026 "experimento_46" 46 2000 1000 0.95 30 0.4 1 0.8
0.992950123501942 29.4939899276583 "experimento_46" 46 2000 1000 0.95 30 0.4 1 0.8
1.00069582969467 35.416718011665 "experimento_46" 46 2000 1000 0.95 30 0.4 1 0.8
1.00276070783536 31.5815296946103 "experimento_46" 46 2000 1000 0.95 30 0.4 1 0.8
1.01935052494518 41.4795265622947 "experimento_46" 46 2000 1000 0.95 30 0.4 1 0.8
0.997162151150405 31.1054659675855 "experimento_46" 46 2000 1000 0.95 30 0.4 1 0.8
1.02229543722545 30.3680690927923 "experimento_46" 46 2000 1000 0.95 30 0.4 1 0.8
0.984787831548601 25.9780933892064 "experimento_46" 46 2000 1000 0.95 30 0.4 1 0.8
0.993168600136414 31.309631476657 "experimento_46" 46 2000 1000 0.95 30 0.4 1 0.8
0.99841968039982 36.776167487239 "experimento_46" 46 2000 1000 0.95 30 0.4 1 0.8
0.99427113449201 28.2267939719148 "experimento_46" 46 2000 1000 0.95 30 0.4 1 0.8
1.00601571854396 31.8069324694749 "experimento_46" 46 2000 1000 0.95 30 0.4 1 0.8
0.996227307477966 23.9581319860879 "experimento_46" 46 2000 1000 0.95 30 0.4 1 0.8
0.993561393581331 29.2507882478683 "experimento_46" 46 2000 1000 0.95 30 0.4 1 0.8
0.987604364519939 24.642912771944 "experimento_46" 46 2000 1000 0.95 30 0.4 1 0.8
0.996880165534094 31.6920291420426 "experimento_46" 46 2000 1000 0.95 30 0.4 1 0.8
1.00831388803199 34.5531610142225 "experimento_46" 46 2000 1000 0.95 30 0.4 1 0.8
0.994057428790256 33.9090742065362 "experimento_46" 46 2000 1000 0.95 30 0.4 1 0.8
1.00994556240427 30.1065205490487 "experimento_46" 46 2000 1000 0.95 30 0.4 1 0.8
1.01905929553322 34.649776210453 "experimento_46" 46 2000 1000 0.95 30 0.4 1 0.8
0.997671028599143 24.1360757348127 "experimento_46" 46 2000 1000 0.95 30 0.4 1 0.8
1.01011583839233 26.1297523711937 "experimento_46" 46 2000 1000 0.95 30 0.4 1 0.8
0.99594017281197 27.3418320813029 "experimento_46" 46 2000 1000 0.95 30 0.4 1 0.8
0.99864790472202 30.6701848784461 "experimento_46" 46 2000 1000 0.95 30 0.4 1 0.8
1.00992851052766 33.0835232597628 "experimento_46" 46 2000 1000 0.95 30 0.4 1 0.8
0.999458125559613 30.1769342902096 "experimento_46" 46 2000 1000 0.95 30 0.4 1 0.8
1.00939074875787 26.3971444992191 "experimento_46" 46 2000 1000 0.95 30 0.4 1 0.8
0.983571898657829 26.8105257039925 "experimento_46" 46 2000 1000 0.95 30 0.4 1 0.8
0.996724518248811 31.204013763198 "experimento_46" 46 2000 1000 0.95 30 0.4 1 0.8
1.00132493033695 29.1357286498428 "experimento_46" 46 2000 1000 0.95 30 0.4 1 0.8
0.995061661349609 26.9213113392357 "experimento_46" 46 2000 1000 0.95 30 0.4 1 0.8
1.01040745498062 34.8935984527944 "experimento_46" 46 2000 1000 0.95 30 0.4 1 0.8
1.01131672416655 35.3007356976866 "experimento_46" 46 2000 1000 0.95 30 0.4 1 0.8
0.980775687843561 26.199478055083 "experimento_46" 46 2000 1000 0.95 30 0.4 1 0.8
0.991701393388212 29.0698010660615 "experimento_46" 46 2000 1000 0.95 30 0.4 1 0.8
0.994234638521448 27.5328178571976 "experimento_46" 46 2000 1000 0.95 30 0.4 1 0.8
0.998554039746523 26.2968184528844 "experimento_46" 46 2000 1000 0.95 30 0.4 1 0.8
1.00357914057871 31.3508955798908 "experimento_46" 46 2000 1000 0.95 30 0.4 1 0.8
1.01833970998414 31.0610612144658 "experimento_46" 46 2000 1000 0.95 30 0.4 1 0.8
0.996559432940558 29.5770936381858 "experimento_46" 46 2000 1000 0.95 30 0.4 1 0.8
1.04560890629127 24.6106512850472 "experimento_46" 46 2000 1000 0.95 30 0.4 1 0.8
1.00356749847221 29.4557638591241 "experimento_46" 46 2000 1000 0.95 30 0.4 1 0.8
1.01749351619122 26.9280650220613 "experimento_46" 46 2000 1000 0.95 30 0.4 1 0.8
1.016046296355 35.2474269022966 "experimento_46" 46 2000 1000 0.95 30 0.4 1 0.8
0.989831211278215 30.4715272327555 "experimento_46" 46 2000 1000 0.95 30 0.4 1 0.8
0.994714497122914 25.476609180197 "experimento_46" 46 2000 1000 0.95 30 0.4 1 0.8
1.00180762228556 31.3645692991361 "experimento_46" 46 2000 1000 0.95 30 0.4 1 0.8
0.995037590153515 29.820235734505 "experimento_46" 46 2000 1000 0.95 30 0.4 1 0.8
0.997890564613044 27.4381002198157 "experimento_46" 46 2000 1000 0.95 30 0.4 1 0.8
0.9958008043468 29.0754215941195 "experimento_46" 46 2000 1000 0.95 30 0.4 1 0.8
0.999221618287265 31.0075386903665 "experimento_46" 46 2000 1000 0.95 30 0.4 1 0.8
0.991230121348053 28.6371942329655 "experimento_46" 46 2000 1000 0.95 30 0.4 1 0.8
1.048847287262 37.5471248839461 "experimento_46" 46 2000 1000 0.95 30 0.4 1 0.8
0.992665212135762 31.3491457545707 "experimento_46" 46 2000 1000 0.95 30 0.4 1 0.8
0.998206081101671 35.6471541174407 "experimento_46" 46 2000 1000 0.95 30 0.4 1 0.8
0.994996170978993 32.5017928511788 "experimento_46" 46 2000 1000 0.95 30 0.4 1 0.8
0.996050620218739 28.3137542975003 "experimento_46" 46 2000 1000 0.95 30 0.4 1 0.8
0.993965541478246 30.6769598719423 "experimento_46" 46 2000 1000 0.95 30 0.4 1 0.8
1.00416541028095 30.1968100727617 "experimento_46" 46 2000 1000 0.95 30 0.4 1 0.8
0.994458891451359 31.2107175206038 "experimento_46" 46 2000 1000 0.95 30 0.4 1 0.8
0.991781933698803 28.8848895102231 "experimento_46" 46 2000 1000 0.95 30 0.4 1 0.8
0.994975489331409 30.523184504578 "experimento_46" 46 2000 1000 0.95 30 0.4 1 0.8
1.00171385337164 28.7193067177279 "experimento_46" 46 2000 1000 0.95 30 0.4 1 0.8
1.0003008292698 36.9057772834641 "experimento_46" 46 2000 1000 0.95 30 0.4 1 0.8
1.00003345898973 31.6745323676913 "experimento_46" 46 2000 1000 0.95 30 0.4 1 0.8
0.999854669673368 30.8034207278133 "experimento_46" 46 2000 1000 0.95 30 0.4 1 0.8
0.993278922745958 28.4547451522865 "experimento_46" 46 2000 1000 0.95 30 0.4 1 0.8
0.996556172380224 27.8683697624796 "experimento_46" 46 2000 1000 0.95 30 0.4 1 0.8
0.989763231948018 28.1141941646197 "experimento_46" 46 2000 1000 0.95 30 0.4 1 0.8
0.983249603537843 26.5573483186116 "experimento_46" 46 2000 1000 0.95 30 0.4 1 0.8
0.991517411544919 30.3484140375132 "experimento_46" 46 2000 1000 0.95 30 0.4 1 0.8
1.01128149774546 29.2558362101265 "experimento_46" 46 2000 1000 0.95 30 0.4 1 0.8
0.993296783417463 29.8700065212076 "experimento_46" 46 2000 1000 0.95 30 0.4 1 0.8
0.998575012432411 29.8758807466895 "experimento_46" 46 2000 1000 0.95 30 0.4 1 0.8
0.994289719033986 27.854165125438 "experimento_46" 46 2000 1000 0.95 30 0.4 1 0.8
0.993183905724436 27.6308419212005 "experimento_46" 46 2000 1000 0.95 30 0.4 1 0.8
1.00149134475646 35.1414721306815 "experimento_46" 46 2000 1000 0.95 30 0.4 1 0.8
0.999407289316878 27.0009359511316 "experimento_46" 46 2000 1000 0.95 30 0.4 1 0.8
0.998573278542608 29.2251714870075 "experimento_46" 46 2000 1000 0.95 30 0.4 1 0.8
0.99894212000072 31.7546243086903 "experimento_46" 46 2000 1000 0.95 30 0.4 1 0.8
1.02170943007804 27.0308780338607 "experimento_46" 46 2000 1000 0.95 30 0.4 1 0.8
1.00024430554603 26.8318253744947 "experimento_46" 46 2000 1000 0.95 30 0.4 1 0.8
1.02122143957143 20.7250965811291 "experimento_46" 46 2000 1000 0.95 30 0.4 1 0.8
0.994406605837867 27.4271986093713 "experimento_46" 46 2000 1000 0.95 30 0.4 1 0.8
1.00409947813799 33.5625950081823 "experimento_46" 46 2000 1000 0.95 30 0.4 1 0.8
0.992386325029656 25.5355116992286 "experimento_46" 46 2000 1000 0.95 30 0.4 1 0.8
1.01680664396845 36.0688950622098 "experimento_46" 46 2000 1000 0.95 30 0.4 1 0.8
1.01359788500704 36.6250067761749 "experimento_46" 46 2000 1000 0.95 30 0.4 1 0.8
1.00072273421101 28.7436894315554 "experimento_46" 46 2000 1000 0.95 30 0.4 1 0.8
1.00088299592026 30.8391112981259 "experimento_46" 46 2000 1000 0.95 30 0.4 1 0.8
0.994070775108412 25.2279933496899 "experimento_46" 46 2000 1000 0.95 30 0.4 1 0.8
0.993695645593107 28.611969575374 "experimento_46" 46 2000 1000 0.95 30 0.4 1 0.8
0.992460034321994 28.1287003300167 "experimento_46" 46 2000 1000 0.95 30 0.4 1 0.8
0.997834836831316 32.274576350047 "experimento_46" 46 2000 1000 0.95 30 0.4 1 0.8
1.01477733603679 27.6708918076007 "experimento_46" 46 2000 1000 0.95 30 0.4 1 0.8
0.998940315796062 30.8647443994715 "experimento_46" 46 2000 1000 0.95 30 0.4 1 0.8
1.01835069827115 39.1590973407276 "experimento_46" 46 2000 1000 0.95 30 0.4 1 0.8
0.985909872921184 24.5641033072923 "experimento_46" 46 2000 1000 0.95 30 0.4 1 0.8
1.02186383170386 36.9757073956842 "experimento_46" 46 2000 1000 0.95 30 0.4 1 0.8
1.0033817505464 35.4086976779344 "experimento_46" 46 2000 1000 0.95 30 0.4 1 0.8
0.991703618317842 29.0904153164412 "experimento_46" 46 2000 1000 0.95 30 0.4 1 0.8
0.989556227112189 27.3574182291697 "experimento_46" 46 2000 1000 0.95 30 0.4 1 0.8
1.00461214597647 27.0967359307229 "experimento_46" 46 2000 1000 0.95 30 0.4 1 0.8
0.999382814159617 37.8848592125619 "experimento_46" 46 2000 1000 0.95 30 0.4 1 0.8
0.993633781326935 31.6069520662326 "experimento_46" 46 2000 1000 0.95 30 0.4 1 0.8
0.981293123681098 24.9205480429957 "experimento_46" 46 2000 1000 0.95 30 0.4 1 0.8
1.00954650174877 34.1768912173263 "experimento_46" 46 2000 1000 0.95 30 0.4 1 0.8
1.00196102302255 28.7594848490362 "experimento_46" 46 2000 1000 0.95 30 0.4 1 0.8
0.994116568705067 36.2953220602862 "experimento_46" 46 2000 1000 0.95 30 0.4 1 0.8
1.00339668548906 35.6879045253524 "experimento_46" 46 2000 1000 0.95 30 0.4 1 0.8
0.998036597855389 34.7631457523357 "experimento_46" 46 2000 1000 0.95 30 0.4 1 0.8
0.994078455260023 27.0802361631857 "experimento_46" 46 2000 1000 0.95 30 0.4 1 0.8
1.0001233084763 29.2183644095598 "experimento_46" 46 2000 1000 0.95 30 0.4 1 0.8
0.997336878441274 33.0575293415359 "experimento_46" 46 2000 1000 0.95 30 0.4 1 0.8
0.997657945845276 30.3749250639142 "experimento_46" 46 2000 1000 0.95 30 0.4 1 0.8
0.999632277991623 28.0056732758091 "experimento_46" 46 2000 1000 0.95 30 0.4 1 0.8
1.0179730068737 26.5134034505146 "experimento_46" 46 2000 1000 0.95 30 0.4 1 0.8
1.02089046436983 26.5138817656902 "experimento_46" 46 2000 1000 0.95 30 0.4 1 0.8
1.00010483244744 26.87513867462 "experimento_46" 46 2000 1000 0.95 30 0.4 1 0.8
0.997512359870598 25.7842060298831 "experimento_46" 46 2000 1000 0.95 30 0.4 1 0.8
0.988750353222713 28.9252939299909 "experimento_46" 46 2000 1000 0.95 30 0.4 1 0.8
0.99447868950665 31.5446306485135 "experimento_46" 46 2000 1000 0.95 30 0.4 1 0.8
1.00814600104156 31.6135215205133 "experimento_46" 46 2000 1000 0.95 30 0.4 1 0.8
1.01880756672472 24.2593783448422 "experimento_46" 46 2000 1000 0.95 30 0.4 1 0.8
0.999366446398199 30.3328748899466 "experimento_46" 46 2000 1000 0.95 30 0.4 1 0.8
0.993101290659979 26.5902279082674 "experimento_46" 46 2000 1000 0.95 30 0.4 1 0.8
1.00907271086416 36.4433441485774 "experimento_46" 46 2000 1000 0.95 30 0.4 1 0.8
1.0207140939155 30.4981052346938 "experimento_46" 46 2000 1000 0.95 30 0.4 1 0.8
0.993990819901228 31.4520656352317 "experimento_46" 46 2000 1000 0.95 30 0.4 1 0.8
0.995222113095224 27.0015100216747 "experimento_46" 46 2000 1000 0.95 30 0.4 1 0.8
1.01293997298472 28.550632872873 "experimento_46" 46 2000 1000 0.95 30 0.4 1 0.8
0.992274202872068 27.6359063142206 "experimento_46" 46 2000 1000 0.95 30 0.4 1 0.8
1.01740771085297 35.4705183033913 "experimento_46" 46 2000 1000 0.95 30 0.4 1 0.8
1.0004151205377 36.6560184379166 "experimento_46" 46 2000 1000 0.95 30 0.4 1 0.8
0.99857988092117 29.6363074508472 "experimento_46" 46 2000 1000 0.95 30 0.4 1 0.8
0.996201659087092 29.6340506705847 "experimento_46" 46 2000 1000 0.95 30 0.4 1 0.8
0.994632510934025 31.7120835281715 "experimento_46" 46 2000 1000 0.95 30 0.4 1 0.8
0.992152537917718 27.3671756648306 "experimento_46" 46 2000 1000 0.95 30 0.4 1 0.8
0.998192806495354 29.8493938500163 "experimento_46" 46 2000 1000 0.95 30 0.4 1 0.8
0.977267902111635 23.2838989774665 "experimento_46" 46 2000 1000 0.95 30 0.4 1 0.8
0.995334490435198 32.4585846795394 "experimento_46" 46 2000 1000 0.95 30 0.4 1 0.8
0.999152434058487 30.1275909178347 "experimento_46" 46 2000 1000 0.95 30 0.4 1 0.8
0.998897665878758 28.952057135095 "experimento_46" 46 2000 1000 0.95 30 0.4 1 0.8
0.999767176341265 29.0390925049801 "experimento_46" 46 2000 1000 0.95 30 0.4 1 0.8
0.999990542419255 29.2113452955656 "experimento_46" 46 2000 1000 0.95 30 0.4 1 0.8
1.00002121928458 34.2104599984747 "experimento_46" 46 2000 1000 0.95 30 0.4 1 0.8
0.995176025899127 29.2570776511617 "experimento_46" 46 2000 1000 0.95 30 0.4 1 0.8
0.996741133276373 27.4923566281035 "experimento_46" 46 2000 1000 0.95 30 0.4 1 0.8
1.00060300846276 28.265991880156 "experimento_46" 46 2000 1000 0.95 30 0.4 1 0.8
0.993711340939626 25.6846155588605 "experimento_46" 46 2000 1000 0.95 30 0.4 1 0.8
1.00169647397107 34.2655217291429 "experimento_46" 46 2000 1000 0.95 30 0.4 1 0.8
0.996564272325486 27.7830861111516 "experimento_46" 46 2000 1000 0.95 30 0.4 1 0.8
0.99747036350891 27.1379428944129 "experimento_46" 46 2000 1000 0.95 30 0.4 1 0.8
1.00800582265171 42.1092681404162 "experimento_46" 46 2000 1000 0.95 30 0.4 1 0.8
0.999303271761164 31.6709708816116 "experimento_46" 46 2000 1000 0.95 30 0.4 1 0.8
1.01146886791424 32.3030906096113 "experimento_46" 46 2000 1000 0.95 30 0.4 1 0.8
1.00582427078237 34.0812345640531 "experimento_46" 46 2000 1000 0.95 30 0.4 1 0.8
1.03518594779166 29.9417267790705 "experimento_46" 46 2000 1000 0.95 30 0.4 1 0.8
0.999472039984539 36.1874341414294 "experimento_46" 46 2000 1000 0.95 30 0.4 1 0.8
0.99484614492394 30.3414799064802 "experimento_46" 46 2000 1000 0.95 30 0.4 1 0.8
0.99903184059076 29.3803506787222 "experimento_46" 46 2000 1000 0.95 30 0.4 1 0.8
1.01339010364997 39.3567452491117 "experimento_46" 46 2000 1000 0.95 30 0.4 1 0.8
1.01229288435231 29.3811399513776 "experimento_46" 46 2000 1000 0.95 30 0.4 1 0.8
1.00945841319616 31.6672057936737 "experimento_46" 46 2000 1000 0.95 30 0.4 1 0.8
1.01575566942847 25.348169980377 "experimento_46" 46 2000 1000 0.95 30 0.4 1 0.8
1.00210458596779 32.6101728698925 "experimento_46" 46 2000 1000 0.95 30 0.4 1 0.8
0.994441444287077 31.0956321696262 "experimento_46" 46 2000 1000 0.95 30 0.4 1 0.8
1.01234660168799 31.7577666830258 "experimento_46" 46 2000 1000 0.95 30 0.4 1 0.8
1.00158786853605 30.4676930387393 "experimento_46" 46 2000 1000 0.95 30 0.4 1 0.8
0.999459851300344 38.8200649773786 "experimento_46" 46 2000 1000 0.95 30 0.4 1 0.8
0.995622971793637 31.0199620380771 "experimento_46" 46 2000 1000 0.95 30 0.4 1 0.8
0.985703788232058 23.6481793745579 "experimento_46" 46 2000 1000 0.95 30 0.4 1 0.8
1.00793447323764 31.1767202418319 "experimento_46" 46 2000 1000 0.95 30 0.4 1 0.8
0.997886386001483 31.3808679263478 "experimento_46" 46 2000 1000 0.95 30 0.4 1 0.8
0.995343825314194 31.2068248513149 "experimento_46" 46 2000 1000 0.95 30 0.4 1 0.8
0.989773342385888 24.982080315311 "experimento_46" 46 2000 1000 0.95 30 0.4 1 0.8
0.99900510837324 37.662531385456 "experimento_46" 46 2000 1000 0.95 30 0.4 1 0.8
0.988968304125592 25.3352782175449 "experimento_46" 46 2000 1000 0.95 30 0.4 1 0.8
1.022944933502 28.1840638404743 "experimento_46" 46 2000 1000 0.95 30 0.4 1 0.8
1.00548877833731 34.6781204758339 "experimento_46" 46 2000 1000 0.95 30 0.4 1 0.8
0.998178683687001 32.9467926508132 "experimento_46" 46 2000 1000 0.95 30 0.4 1 0.8
0.994549332885072 30.5015379512749 "experimento_46" 46 2000 1000 0.95 30 0.4 1 0.8
1.01727651205535 25.2238603636212 "experimento_46" 46 2000 1000 0.95 30 0.4 1 0.8
0.997519918950275 29.5060021256647 "experimento_46" 46 2000 1000 0.95 30 0.4 1 0.8
0.991100949700922 28.1634851722398 "experimento_46" 46 2000 1000 0.95 30 0.4 1 0.8
1.00645310620729 29.5243167028756 "experimento_46" 46 2000 1000 0.95 30 0.4 1 0.8
1.00368440501068 31.0615582215852 "experimento_46" 46 2000 1000 0.95 30 0.4 1 0.8
1.00498896556261 30.1484200314022 "experimento_46" 46 2000 1000 0.95 30 0.4 1 0.8
1.01545611460164 43.7936411633696 "experimento_46" 46 2000 1000 0.95 30 0.4 1 0.8
0.999515440315008 31.6432631487465 "experimento_46" 46 2000 1000 0.95 30 0.4 1 0.8
0.99299605563283 25.2554995702629 "experimento_46" 46 2000 1000 0.95 30 0.4 1 0.8
0.996754667256027 33.9524023229402 "experimento_46" 46 2000 1000 0.95 30 0.4 1 0.8
0.997325618984178 27.8293313208034 "experimento_46" 46 2000 1000 0.95 30 0.4 1 0.8
0.996933094691485 29.5894278757853 "experimento_46" 46 2000 1000 0.95 30 0.4 1 0.8
1.00723035745323 30.6473028098257 "experimento_46" 46 2000 1000 0.95 30 0.4 1 0.8
1.01530259923699 24.4127932346781 "experimento_46" 46 2000 1000 0.95 30 0.4 1 0.8
0.99037923081778 30.7816046244183 "experimento_46" 46 2000 1000 0.95 30 0.4 1 0.8
1.00901221389261 35.1021632930861 "experimento_46" 46 2000 1000 0.95 30 0.4 1 0.8
1.00295755149176 35.0964750743573 "experimento_46" 46 2000 1000 0.95 30 0.4 1 0.8
0.98776313662529 28.5336684744912 "experimento_46" 46 2000 1000 0.95 30 0.4 1 0.8
0.989739678334445 23.2592775218345 "experimento_46" 46 2000 1000 0.95 30 0.4 1 0.8
0.996137218782678 30.367056266177 "experimento_46" 46 2000 1000 0.95 30 0.4 1 0.8
1.00039661762615 32.8178136643807 "experimento_46" 46 2000 1000 0.95 30 0.4 1 0.8
1.0021952714294 31.08958747255 "experimento_46" 46 2000 1000 0.95 30 0.4 1 0.8
0.991158407647163 28.8359996450826 "experimento_46" 46 2000 1000 0.95 30 0.4 1 0.8
0.995226750848815 29.4014125706356 "experimento_46" 46 2000 1000 0.95 30 0.4 1 0.8
1.03767285328218 27.7443947335626 "experimento_46" 46 2000 1000 0.95 30 0.4 1 0.8
0.997238058364019 29.0728398499555 "experimento_46" 46 2000 1000 0.95 30 0.4 1 0.8
0.996164072770625 25.3492196553776 "experimento_46" 46 2000 1000 0.95 30 0.4 1 0.8
1.00268252082169 30.7702725957762 "experimento_46" 46 2000 1000 0.95 30 0.4 1 0.8
1.00071282616414 31.1373721596961 "experimento_46" 46 2000 1000 0.95 30 0.4 1 0.8
1.01193544879751 30.2842065078067 "experimento_46" 46 2000 1000 0.95 30 0.4 1 0.8
0.996006456902251 29.2694045907781 "experimento_46" 46 2000 1000 0.95 30 0.4 1 0.8
0.99481189949438 26.108234552719 "experimento_46" 46 2000 1000 0.95 30 0.4 1 0.8
0.991887108422816 25.9062464199614 "experimento_46" 46 2000 1000 0.95 30 0.4 1 0.8
1.00325290053152 38.5770061768928 "experimento_46" 46 2000 1000 0.95 30 0.4 1 0.8
0.997501466888934 33.1377800832623 "experimento_46" 46 2000 1000 0.95 30 0.4 1 0.8
0.998064942657948 33.2413653078013 "experimento_46" 46 2000 1000 0.95 30 0.4 1 0.8
0.996404015691951 32.446385357314 "experimento_46" 46 2000 1000 0.95 30 0.4 1 0.8
0.994875818490982 26.6477347061423 "experimento_46" 46 2000 1000 0.95 30 0.4 1 0.8
1.03620927067163 30.9718987156552 "experimento_46" 46 2000 1000 0.95 30 0.4 1 0.8
1.00046725909536 29.1944731546533 "experimento_46" 46 2000 1000 0.95 30 0.4 1 0.8
1.00024383274528 33.9521308013795 "experimento_46" 46 2000 1000 0.95 30 0.4 1 0.8
1.00194603170579 30.2005292786291 "experimento_46" 46 2000 1000 0.95 30 0.4 1 0.8
0.998938971431926 29.5359055146054 "experimento_46" 46 2000 1000 0.95 30 0.4 1 0.8
0.992700692964718 27.1403763498867 "experimento_46" 46 2000 1000 0.95 30 0.4 1 0.8
1.02971666014303 47.650514261885 "experimento_46" 46 2000 1000 0.95 30 0.4 1 0.8
1.0044938868843 31.1706533069641 "experimento_46" 46 2000 1000 0.95 30 0.4 1 0.8
1.00228309719823 28.2639236422154 "experimento_46" 46 2000 1000 0.95 30 0.4 1 0.8
1.01510610637876 31.3373808802181 "experimento_46" 46 2000 1000 0.95 30 0.4 1 0.8
0.989355288213119 26.9728353385343 "experimento_46" 46 2000 1000 0.95 30 0.4 1 0.8
0.992541747633368 31.6443975652016 "experimento_46" 46 2000 1000 0.95 30 0.4 1 0.8
1.00055325163218 39.8284197395874 "experimento_46" 46 2000 1000 0.95 30 0.4 1 0.8
0.994541829684749 28.7304629386882 "experimento_46" 46 2000 1000 0.95 30 0.4 1 0.8
0.99997513461858 28.4098419724059 "experimento_46" 46 2000 1000 0.95 30 0.4 1 0.8
0.99801659444347 29.0393254288646 "experimento_46" 46 2000 1000 0.95 30 0.4 1 0.8
1.00113770536457 32.6199904820746 "experimento_46" 46 2000 1000 0.95 30 0.4 1 0.8
0.999000596115366 30.1737407958377 "experimento_46" 46 2000 1000 0.95 30 0.4 1 0.8
1.00051933773631 32.4310222288125 "experimento_46" 46 2000 1000 0.95 30 0.4 1 0.8
0.990967905847356 24.1660075780357 "experimento_46" 46 2000 1000 0.95 30 0.4 1 0.8
0.998788152588531 32.944816478383 "experimento_46" 46 2000 1000 0.95 30 0.4 1 0.8
0.988811039831489 30.8858273271029 "experimento_46" 46 2000 1000 0.95 30 0.4 1 0.8
1.00079802133646 38.9190030663924 "experimento_46" 46 2000 1000 0.95 30 0.4 1 0.8
0.993809029227123 26.283932566216 "experimento_46" 46 2000 1000 0.95 30 0.4 1 0.8
0.993808254832402 29.0941423812334 "experimento_46" 46 2000 1000 0.95 30 0.4 1 0.8
1.00594456363469 27.1337173969804 "experimento_46" 46 2000 1000 0.95 30 0.4 1 0.8
1.02246926498289 31.8700147200893 "experimento_46" 46 2000 1000 0.95 30 0.4 1 0.8
1.01448662478166 28.896698455861 "experimento_46" 46 2000 1000 0.95 30 0.4 1 0.8
1.00947744525038 31.5537923766721 "experimento_46" 46 2000 1000 0.95 30 0.4 1 0.8
0.990920842159539 28.3857095589704 "experimento_46" 46 2000 1000 0.95 30 0.4 1 0.8
1.00882085086778 31.5609340250194 "experimento_46" 46 2000 1000 0.95 30 0.4 1 0.8
1.01635849500696 26.5050967212292 "experimento_46" 46 2000 1000 0.95 30 0.4 1 0.8
1.00579908528986 31.0357141115744 "experimento_46" 46 2000 1000 0.95 30 0.4 1 0.8
1.00243984712467 35.0498164269202 "experimento_46" 46 2000 1000 0.95 30 0.4 1 0.8
0.996329438174143 33.3489377115458 "experimento_46" 46 2000 1000 0.95 30 0.4 1 0.8
1.00841609771827 29.731953052348 "experimento_46" 46 2000 1000 0.95 30 0.4 1 0.8
1.00034498726131 25.3331292394008 "experimento_46" 46 2000 1000 0.95 30 0.4 1 0.8
0.998944988008589 34.481260155025 "experimento_46" 46 2000 1000 0.95 30 0.4 1 0.8
