"est.u" "est.lamb" "name" "seed" "size" "replicates" "p_umbral" "exp_lambda" "alpha_pen" "n_pen" "c"
1.0252227636316 0.959055075343977 "experimento_18" 18 10000 1000 0.8 1 0.4 1 0.8
1.01365392282605 0.982978562526357 "experimento_18" 18 10000 1000 0.8 1 0.4 1 0.8
0.999888789374381 0.989164577379808 "experimento_18" 18 10000 1000 0.8 1 0.4 1 0.8
0.999828646890819 1.01612402433396 "experimento_18" 18 10000 1000 0.8 1 0.4 1 0.8
0.999428470386192 0.983199810621876 "experimento_18" 18 10000 1000 0.8 1 0.4 1 0.8
0.999767580302432 1.04363905009614 "experimento_18" 18 10000 1000 0.8 1 0.4 1 0.8
0.995188885368407 1.03979994004803 "experimento_18" 18 10000 1000 0.8 1 0.4 1 0.8
0.993212207918987 1.01024544195517 "experimento_18" 18 10000 1000 0.8 1 0.4 1 0.8
1.09770628575037 1.02989664280109 "experimento_18" 18 10000 1000 0.8 1 0.4 1 0.8
0.995370640186593 0.993303921442737 "experimento_18" 18 10000 1000 0.8 1 0.4 1 0.8
1.00592022160369 0.984286486012199 "experimento_18" 18 10000 1000 0.8 1 0.4 1 0.8
0.995517142349854 1.02515201287463 "experimento_18" 18 10000 1000 0.8 1 0.4 1 0.8
1.00027489070863 1.01196562703303 "experimento_18" 18 10000 1000 0.8 1 0.4 1 0.8
1.02086333302715 1.04134708594382 "experimento_18" 18 10000 1000 0.8 1 0.4 1 0.8
0.998136168345809 1.03270494949254 "experimento_18" 18 10000 1000 0.8 1 0.4 1 0.8
1.00409472128376 0.984414862595833 "experimento_18" 18 10000 1000 0.8 1 0.4 1 0.8
0.998273231554776 1.03512122891558 "experimento_18" 18 10000 1000 0.8 1 0.4 1 0.8
0.999020243063569 0.987655651185105 "experimento_18" 18 10000 1000 0.8 1 0.4 1 0.8
0.9990319381468 1.01778226651907 "experimento_18" 18 10000 1000 0.8 1 0.4 1 0.8
0.995064305607229 0.995965544560272 "experimento_18" 18 10000 1000 0.8 1 0.4 1 0.8
0.994328428292647 1.02254291918668 "experimento_18" 18 10000 1000 0.8 1 0.4 1 0.8
1.00030580611521 0.998023184360333 "experimento_18" 18 10000 1000 0.8 1 0.4 1 0.8
0.997693025041372 0.993549827514932 "experimento_18" 18 10000 1000 0.8 1 0.4 1 0.8
0.999068823177367 0.966827023702933 "experimento_18" 18 10000 1000 0.8 1 0.4 1 0.8
0.996627788757905 1.0015893941189 "experimento_18" 18 10000 1000 0.8 1 0.4 1 0.8
0.998962444486097 0.977438440319067 "experimento_18" 18 10000 1000 0.8 1 0.4 1 0.8
0.99957566568628 1.00134290522254 "experimento_18" 18 10000 1000 0.8 1 0.4 1 0.8
1.01984998496342 0.985792438359254 "experimento_18" 18 10000 1000 0.8 1 0.4 1 0.8
0.999701283872128 1.04537075217621 "experimento_18" 18 10000 1000 0.8 1 0.4 1 0.8
1.00838019127508 1.01416575184132 "experimento_18" 18 10000 1000 0.8 1 0.4 1 0.8
0.999571394640952 1.00380558667583 "experimento_18" 18 10000 1000 0.8 1 0.4 1 0.8
0.996423763688654 1.03271737962337 "experimento_18" 18 10000 1000 0.8 1 0.4 1 0.8
0.997487282613292 1.01187727757193 "experimento_18" 18 10000 1000 0.8 1 0.4 1 0.8
0.99667459493503 1.02115999287245 "experimento_18" 18 10000 1000 0.8 1 0.4 1 0.8
0.992123286938295 1.07764516014004 "experimento_18" 18 10000 1000 0.8 1 0.4 1 0.8
1.00210894032087 0.994257528191751 "experimento_18" 18 10000 1000 0.8 1 0.4 1 0.8
0.997957310639322 1.0101230749481 "experimento_18" 18 10000 1000 0.8 1 0.4 1 0.8
1.03918903103038 0.996800695699455 "experimento_18" 18 10000 1000 0.8 1 0.4 1 0.8
0.99578980403021 0.981934191118514 "experimento_18" 18 10000 1000 0.8 1 0.4 1 0.8
0.999164979672059 0.988341993865551 "experimento_18" 18 10000 1000 0.8 1 0.4 1 0.8
0.995856003137305 1.01268044630095 "experimento_18" 18 10000 1000 0.8 1 0.4 1 0.8
1.01453701918945 0.997572307319052 "experimento_18" 18 10000 1000 0.8 1 0.4 1 0.8
1.00008815366106 1.02781983076707 "experimento_18" 18 10000 1000 0.8 1 0.4 1 0.8
0.999858755851164 1.051516384306 "experimento_18" 18 10000 1000 0.8 1 0.4 1 0.8
0.995416469639167 1.01702445463803 "experimento_18" 18 10000 1000 0.8 1 0.4 1 0.8
1.01882615499198 0.979607743204973 "experimento_18" 18 10000 1000 0.8 1 0.4 1 0.8
0.996726104756817 0.998868800891065 "experimento_18" 18 10000 1000 0.8 1 0.4 1 0.8
0.996539883548394 1.01248222815986 "experimento_18" 18 10000 1000 0.8 1 0.4 1 0.8
0.995745513821021 1.03086409766304 "experimento_18" 18 10000 1000 0.8 1 0.4 1 0.8
1.02007962297648 0.988797660503025 "experimento_18" 18 10000 1000 0.8 1 0.4 1 0.8
0.993168493034318 1.02019898184984 "experimento_18" 18 10000 1000 0.8 1 0.4 1 0.8
1.0125424609164 0.97196926750827 "experimento_18" 18 10000 1000 0.8 1 0.4 1 0.8
1.00741111120348 1.0265418926708 "experimento_18" 18 10000 1000 0.8 1 0.4 1 0.8
0.997870668303221 1.00961342785601 "experimento_18" 18 10000 1000 0.8 1 0.4 1 0.8
0.995742217404768 0.994297782438774 "experimento_18" 18 10000 1000 0.8 1 0.4 1 0.8
1.17128422911015 1.00367987515876 "experimento_18" 18 10000 1000 0.8 1 0.4 1 0.8
0.994779736269265 1.00995322793631 "experimento_18" 18 10000 1000 0.8 1 0.4 1 0.8
0.998918065801263 0.96201522369525 "experimento_18" 18 10000 1000 0.8 1 0.4 1 0.8
1.06977337505668 0.992206594321005 "experimento_18" 18 10000 1000 0.8 1 0.4 1 0.8
1.07260097635905 0.997598218758295 "experimento_18" 18 10000 1000 0.8 1 0.4 1 0.8
1.06283577464326 1.03734663073395 "experimento_18" 18 10000 1000 0.8 1 0.4 1 0.8
1.00283252028748 0.969428834038369 "experimento_18" 18 10000 1000 0.8 1 0.4 1 0.8
0.994862362742424 1.04510498165048 "experimento_18" 18 10000 1000 0.8 1 0.4 1 0.8
0.997983112931252 1.01896462212909 "experimento_18" 18 10000 1000 0.8 1 0.4 1 0.8
0.997262127930298 0.966184465865353 "experimento_18" 18 10000 1000 0.8 1 0.4 1 0.8
1.13580514490604 1.02736307644439 "experimento_18" 18 10000 1000 0.8 1 0.4 1 0.8
1.0568462042138 1.00262991813797 "experimento_18" 18 10000 1000 0.8 1 0.4 1 0.8
1.00685098161921 0.983740721947888 "experimento_18" 18 10000 1000 0.8 1 0.4 1 0.8
1.1037290769724 0.957460059309485 "experimento_18" 18 10000 1000 0.8 1 0.4 1 0.8
0.999925112817436 1.00432971605019 "experimento_18" 18 10000 1000 0.8 1 0.4 1 0.8
1.04119828343391 0.969417686010613 "experimento_18" 18 10000 1000 0.8 1 0.4 1 0.8
1.00337849417701 0.986187975431165 "experimento_18" 18 10000 1000 0.8 1 0.4 1 0.8
0.999974257545546 1.00208450555622 "experimento_18" 18 10000 1000 0.8 1 0.4 1 0.8
0.995780031895265 1.00347908940228 "experimento_18" 18 10000 1000 0.8 1 0.4 1 0.8
0.996880558086559 1.02056627910415 "experimento_18" 18 10000 1000 0.8 1 0.4 1 0.8
1.0357867940329 1.03626700371815 "experimento_18" 18 10000 1000 0.8 1 0.4 1 0.8
0.999391946010292 1.02056351910839 "experimento_18" 18 10000 1000 0.8 1 0.4 1 0.8
1.00017818296328 0.977191028693998 "experimento_18" 18 10000 1000 0.8 1 0.4 1 0.8
1.00149654876441 1.00226724492072 "experimento_18" 18 10000 1000 0.8 1 0.4 1 0.8
1.10601838911939 0.997388656702907 "experimento_18" 18 10000 1000 0.8 1 0.4 1 0.8
0.999853322282434 0.992014531684483 "experimento_18" 18 10000 1000 0.8 1 0.4 1 0.8
0.996999515919015 0.982336972592524 "experimento_18" 18 10000 1000 0.8 1 0.4 1 0.8
1.00709111522883 1.00748273585503 "experimento_18" 18 10000 1000 0.8 1 0.4 1 0.8
1.00021536741406 1.01169889425732 "experimento_18" 18 10000 1000 0.8 1 0.4 1 0.8
1.00969952636762 1.00073437105738 "experimento_18" 18 10000 1000 0.8 1 0.4 1 0.8
1.00531355245039 1.02048629938182 "experimento_18" 18 10000 1000 0.8 1 0.4 1 0.8
0.9951787001919 1.02564332134124 "experimento_18" 18 10000 1000 0.8 1 0.4 1 0.8
1.00016620755196 1.00168045292436 "experimento_18" 18 10000 1000 0.8 1 0.4 1 0.8
1.01735077156587 1.0350334135598 "experimento_18" 18 10000 1000 0.8 1 0.4 1 0.8
0.999519507400692 0.99221692508955 "experimento_18" 18 10000 1000 0.8 1 0.4 1 0.8
0.999559125863016 0.992221053256725 "experimento_18" 18 10000 1000 0.8 1 0.4 1 0.8
0.997982493136078 1.00034569146205 "experimento_18" 18 10000 1000 0.8 1 0.4 1 0.8
1.00314466888085 1.0366715396175 "experimento_18" 18 10000 1000 0.8 1 0.4 1 0.8
1.18945804344984 0.99484352206935 "experimento_18" 18 10000 1000 0.8 1 0.4 1 0.8
1.00290405445703 1.02225856291648 "experimento_18" 18 10000 1000 0.8 1 0.4 1 0.8
0.999952508369461 1.01179527850605 "experimento_18" 18 10000 1000 0.8 1 0.4 1 0.8
1.00020921556279 1.01625732697385 "experimento_18" 18 10000 1000 0.8 1 0.4 1 0.8
1.0184596644423 0.941120056032884 "experimento_18" 18 10000 1000 0.8 1 0.4 1 0.8
1.00004243674628 0.998606240014921 "experimento_18" 18 10000 1000 0.8 1 0.4 1 0.8
0.996304369531572 1.0736958410231 "experimento_18" 18 10000 1000 0.8 1 0.4 1 0.8
0.997068091994151 1.01274958384041 "experimento_18" 18 10000 1000 0.8 1 0.4 1 0.8
0.999647758435458 0.964761244611292 "experimento_18" 18 10000 1000 0.8 1 0.4 1 0.8
0.998377231881022 0.988245620147924 "experimento_18" 18 10000 1000 0.8 1 0.4 1 0.8
1.00006408537424 0.982573603971588 "experimento_18" 18 10000 1000 0.8 1 0.4 1 0.8
0.998572855722159 1.01570735093996 "experimento_18" 18 10000 1000 0.8 1 0.4 1 0.8
1.01189581438835 0.965566851032693 "experimento_18" 18 10000 1000 0.8 1 0.4 1 0.8
1.06150247579675 0.97370035335315 "experimento_18" 18 10000 1000 0.8 1 0.4 1 0.8
0.995598746696487 1.00190850054674 "experimento_18" 18 10000 1000 0.8 1 0.4 1 0.8
1.00005510311897 0.989394615919319 "experimento_18" 18 10000 1000 0.8 1 0.4 1 0.8
1.03768508089706 0.984652283170348 "experimento_18" 18 10000 1000 0.8 1 0.4 1 0.8
1.0118296087261 1.02688863153302 "experimento_18" 18 10000 1000 0.8 1 0.4 1 0.8
0.999894046457484 1.03672381938068 "experimento_18" 18 10000 1000 0.8 1 0.4 1 0.8
1.00045797284963 0.985787981707483 "experimento_18" 18 10000 1000 0.8 1 0.4 1 0.8
1.11641759600536 0.994258553747483 "experimento_18" 18 10000 1000 0.8 1 0.4 1 0.8
0.999981339089572 1.00106308149883 "experimento_18" 18 10000 1000 0.8 1 0.4 1 0.8
0.99851337983273 0.973076128567221 "experimento_18" 18 10000 1000 0.8 1 0.4 1 0.8
1.05144621292129 1.00354448323972 "experimento_18" 18 10000 1000 0.8 1 0.4 1 0.8
1.00087026739493 0.995867342152071 "experimento_18" 18 10000 1000 0.8 1 0.4 1 0.8
0.996991302119568 1.01740676331096 "experimento_18" 18 10000 1000 0.8 1 0.4 1 0.8
0.996803890215233 1.03039588228675 "experimento_18" 18 10000 1000 0.8 1 0.4 1 0.8
0.998871946707368 1.02501457929704 "experimento_18" 18 10000 1000 0.8 1 0.4 1 0.8
0.995525059523061 1.02234866866173 "experimento_18" 18 10000 1000 0.8 1 0.4 1 0.8
0.995970377000049 1.00162071367364 "experimento_18" 18 10000 1000 0.8 1 0.4 1 0.8
0.999942668247968 1.01435094818527 "experimento_18" 18 10000 1000 0.8 1 0.4 1 0.8
1.0013014908145 1.00635231398757 "experimento_18" 18 10000 1000 0.8 1 0.4 1 0.8
0.996394301066175 0.950787972550122 "experimento_18" 18 10000 1000 0.8 1 0.4 1 0.8
1.00269077088069 0.968748367475357 "experimento_18" 18 10000 1000 0.8 1 0.4 1 0.8
0.994892487069592 0.996258573616293 "experimento_18" 18 10000 1000 0.8 1 0.4 1 0.8
1.31804808648303 0.933900566428113 "experimento_18" 18 10000 1000 0.8 1 0.4 1 0.8
1.00091031333121 0.991358026427402 "experimento_18" 18 10000 1000 0.8 1 0.4 1 0.8
1.00014927292377 1.04494215105375 "experimento_18" 18 10000 1000 0.8 1 0.4 1 0.8
0.996632454218343 1.01898345234063 "experimento_18" 18 10000 1000 0.8 1 0.4 1 0.8
1.05058741383255 1.01715663621397 "experimento_18" 18 10000 1000 0.8 1 0.4 1 0.8
1.00043687729117 0.984679734168538 "experimento_18" 18 10000 1000 0.8 1 0.4 1 0.8
0.99651027075015 1.01415901118534 "experimento_18" 18 10000 1000 0.8 1 0.4 1 0.8
0.999163972213864 0.993613579600061 "experimento_18" 18 10000 1000 0.8 1 0.4 1 0.8
0.998452967731282 1.00481365525865 "experimento_18" 18 10000 1000 0.8 1 0.4 1 0.8
0.997876673471183 1.00301019249556 "experimento_18" 18 10000 1000 0.8 1 0.4 1 0.8
1.18027281528339 0.996878283156792 "experimento_18" 18 10000 1000 0.8 1 0.4 1 0.8
1.09415736701339 1.02014443945209 "experimento_18" 18 10000 1000 0.8 1 0.4 1 0.8
1.0000067825654 1.00787257840678 "experimento_18" 18 10000 1000 0.8 1 0.4 1 0.8
0.998473617946729 1.01287258588601 "experimento_18" 18 10000 1000 0.8 1 0.4 1 0.8
0.996754630701616 1.03991368741091 "experimento_18" 18 10000 1000 0.8 1 0.4 1 0.8
0.99484428926371 1.03003847964592 "experimento_18" 18 10000 1000 0.8 1 0.4 1 0.8
0.995873806299642 1.00638769119765 "experimento_18" 18 10000 1000 0.8 1 0.4 1 0.8
1.00193207897246 1.01304128417951 "experimento_18" 18 10000 1000 0.8 1 0.4 1 0.8
0.998614663025364 0.985811437080068 "experimento_18" 18 10000 1000 0.8 1 0.4 1 0.8
0.997777728596702 1.01777950858057 "experimento_18" 18 10000 1000 0.8 1 0.4 1 0.8
0.995503173442557 0.961926643176963 "experimento_18" 18 10000 1000 0.8 1 0.4 1 0.8
0.998805952258408 0.990851358854288 "experimento_18" 18 10000 1000 0.8 1 0.4 1 0.8
0.996032802388072 1.03834515221698 "experimento_18" 18 10000 1000 0.8 1 0.4 1 0.8
0.994383089011535 1.00044680372651 "experimento_18" 18 10000 1000 0.8 1 0.4 1 0.8
1.00032385112718 0.977843397374486 "experimento_18" 18 10000 1000 0.8 1 0.4 1 0.8
0.999986736103892 1.01623134185802 "experimento_18" 18 10000 1000 0.8 1 0.4 1 0.8
0.999416249804199 0.986116749968741 "experimento_18" 18 10000 1000 0.8 1 0.4 1 0.8
1.02396512540191 0.975153682677415 "experimento_18" 18 10000 1000 0.8 1 0.4 1 0.8
1.00756078872172 0.990051955904538 "experimento_18" 18 10000 1000 0.8 1 0.4 1 0.8
0.999428203795105 0.971312806215281 "experimento_18" 18 10000 1000 0.8 1 0.4 1 0.8
0.999820029130206 0.973309647418966 "experimento_18" 18 10000 1000 0.8 1 0.4 1 0.8
0.99832488480024 1.006357853813 "experimento_18" 18 10000 1000 0.8 1 0.4 1 0.8
0.996431891340762 0.999776008763141 "experimento_18" 18 10000 1000 0.8 1 0.4 1 0.8
0.997635583393276 0.984483611259343 "experimento_18" 18 10000 1000 0.8 1 0.4 1 0.8
0.992842475650832 0.980231840725048 "experimento_18" 18 10000 1000 0.8 1 0.4 1 0.8
1.00094254920259 1.00089261201047 "experimento_18" 18 10000 1000 0.8 1 0.4 1 0.8
1.00893967795647 1.01929985414486 "experimento_18" 18 10000 1000 0.8 1 0.4 1 0.8
0.999994603451341 0.994732294080765 "experimento_18" 18 10000 1000 0.8 1 0.4 1 0.8
1.05072504887357 1.00165122589506 "experimento_18" 18 10000 1000 0.8 1 0.4 1 0.8
0.998938528355211 1.00600731528701 "experimento_18" 18 10000 1000 0.8 1 0.4 1 0.8
0.996353283990175 1.02101731386702 "experimento_18" 18 10000 1000 0.8 1 0.4 1 0.8
0.99487241008319 1.02327637663426 "experimento_18" 18 10000 1000 0.8 1 0.4 1 0.8
0.994315796298906 1.066581669583 "experimento_18" 18 10000 1000 0.8 1 0.4 1 0.8
1.00558324251324 1.03880436164822 "experimento_18" 18 10000 1000 0.8 1 0.4 1 0.8
1.06038462923035 1.01627614850379 "experimento_18" 18 10000 1000 0.8 1 0.4 1 0.8
0.996551419142634 1.00251368575181 "experimento_18" 18 10000 1000 0.8 1 0.4 1 0.8
1.00737887714058 0.968375350864057 "experimento_18" 18 10000 1000 0.8 1 0.4 1 0.8
1.15143999317661 0.956136503093644 "experimento_18" 18 10000 1000 0.8 1 0.4 1 0.8
1.0116121239519 0.965420418411223 "experimento_18" 18 10000 1000 0.8 1 0.4 1 0.8
1.02791526308283 1.00227715508041 "experimento_18" 18 10000 1000 0.8 1 0.4 1 0.8
1.00405341129845 1.00851147618176 "experimento_18" 18 10000 1000 0.8 1 0.4 1 0.8
0.997284604934976 0.978967810084661 "experimento_18" 18 10000 1000 0.8 1 0.4 1 0.8
1.02479725129719 0.967023572374457 "experimento_18" 18 10000 1000 0.8 1 0.4 1 0.8
1.00037385383621 0.98113101862969 "experimento_18" 18 10000 1000 0.8 1 0.4 1 0.8
1.21012503979728 0.977693878596201 "experimento_18" 18 10000 1000 0.8 1 0.4 1 0.8
1.00257733030785 1.02141184047654 "experimento_18" 18 10000 1000 0.8 1 0.4 1 0.8
1.0048987075746 1.00681037806337 "experimento_18" 18 10000 1000 0.8 1 0.4 1 0.8
0.993588665267453 1.01670096333415 "experimento_18" 18 10000 1000 0.8 1 0.4 1 0.8
0.994310789275914 0.989722414792099 "experimento_18" 18 10000 1000 0.8 1 0.4 1 0.8
0.994401147356257 0.996848205985932 "experimento_18" 18 10000 1000 0.8 1 0.4 1 0.8
0.994701531715691 1.01260772599009 "experimento_18" 18 10000 1000 0.8 1 0.4 1 0.8
1.00130108218539 0.986420390551158 "experimento_18" 18 10000 1000 0.8 1 0.4 1 0.8
0.992765757255256 1.01973727027556 "experimento_18" 18 10000 1000 0.8 1 0.4 1 0.8
1.01486376160756 0.982844316386471 "experimento_18" 18 10000 1000 0.8 1 0.4 1 0.8
0.999970765318722 1.04408693765683 "experimento_18" 18 10000 1000 0.8 1 0.4 1 0.8
1.07171079469845 0.993000091263944 "experimento_18" 18 10000 1000 0.8 1 0.4 1 0.8
1.11023773858324 0.999459896537205 "experimento_18" 18 10000 1000 0.8 1 0.4 1 0.8
1.00427534477785 0.993947989170739 "experimento_18" 18 10000 1000 0.8 1 0.4 1 0.8
0.999826848274097 1.00918955779431 "experimento_18" 18 10000 1000 0.8 1 0.4 1 0.8
0.997491190908477 0.994194531530979 "experimento_18" 18 10000 1000 0.8 1 0.4 1 0.8
0.995464521693066 1.00241600414448 "experimento_18" 18 10000 1000 0.8 1 0.4 1 0.8
1.01284953407235 1.01576242075753 "experimento_18" 18 10000 1000 0.8 1 0.4 1 0.8
0.995685518719256 1.01244171781339 "experimento_18" 18 10000 1000 0.8 1 0.4 1 0.8
0.994789967546239 1.03692611352609 "experimento_18" 18 10000 1000 0.8 1 0.4 1 0.8
0.9999721320346 1.01345974912848 "experimento_18" 18 10000 1000 0.8 1 0.4 1 0.8
1.00807798234746 1.01121556013475 "experimento_18" 18 10000 1000 0.8 1 0.4 1 0.8
1.00088274571383 1.01571145614103 "experimento_18" 18 10000 1000 0.8 1 0.4 1 0.8
1.11957348743454 0.995205186543384 "experimento_18" 18 10000 1000 0.8 1 0.4 1 0.8
0.99527027294971 1.0083984819549 "experimento_18" 18 10000 1000 0.8 1 0.4 1 0.8
0.998690399806947 0.99573147275924 "experimento_18" 18 10000 1000 0.8 1 0.4 1 0.8
0.996716131921858 1.02872781805459 "experimento_18" 18 10000 1000 0.8 1 0.4 1 0.8
0.999877671478316 0.984193007198847 "experimento_18" 18 10000 1000 0.8 1 0.4 1 0.8
1.00021732086316 1.05997839546598 "experimento_18" 18 10000 1000 0.8 1 0.4 1 0.8
0.994307809742168 0.994838109119161 "experimento_18" 18 10000 1000 0.8 1 0.4 1 0.8
1.21707837749273 0.948507168688349 "experimento_18" 18 10000 1000 0.8 1 0.4 1 0.8
1.10366410342976 1.04383836371685 "experimento_18" 18 10000 1000 0.8 1 0.4 1 0.8
0.996130501152948 1.05263699731741 "experimento_18" 18 10000 1000 0.8 1 0.4 1 0.8
0.999748928938061 1.00086538342835 "experimento_18" 18 10000 1000 0.8 1 0.4 1 0.8
1.00134839210659 0.957123568887161 "experimento_18" 18 10000 1000 0.8 1 0.4 1 0.8
0.995227722451091 1.01552671005171 "experimento_18" 18 10000 1000 0.8 1 0.4 1 0.8
1.00172744486213 1.02257047152907 "experimento_18" 18 10000 1000 0.8 1 0.4 1 0.8
0.999805247876793 1.00712933800936 "experimento_18" 18 10000 1000 0.8 1 0.4 1 0.8
1.03575096449555 0.988476991685769 "experimento_18" 18 10000 1000 0.8 1 0.4 1 0.8
0.997797519201413 1.04993366262506 "experimento_18" 18 10000 1000 0.8 1 0.4 1 0.8
1.00045019341633 0.954501577065125 "experimento_18" 18 10000 1000 0.8 1 0.4 1 0.8
0.999187688576058 1.01843114303611 "experimento_18" 18 10000 1000 0.8 1 0.4 1 0.8
0.997832160675898 1.06170488983269 "experimento_18" 18 10000 1000 0.8 1 0.4 1 0.8
1.00023435149342 1.00561120985664 "experimento_18" 18 10000 1000 0.8 1 0.4 1 0.8
1.09638908611611 1.00231406261253 "experimento_18" 18 10000 1000 0.8 1 0.4 1 0.8
1.00210513500497 1.01615452168635 "experimento_18" 18 10000 1000 0.8 1 0.4 1 0.8
0.996507378993556 1.00194157544129 "experimento_18" 18 10000 1000 0.8 1 0.4 1 0.8
0.993439174024388 0.965601705696167 "experimento_18" 18 10000 1000 0.8 1 0.4 1 0.8
1.00124524673447 1.01031110565754 "experimento_18" 18 10000 1000 0.8 1 0.4 1 0.8
1.15527079300955 0.97557477631797 "experimento_18" 18 10000 1000 0.8 1 0.4 1 0.8
0.999297024216503 0.980172502446183 "experimento_18" 18 10000 1000 0.8 1 0.4 1 0.8
1.00173592068843 1.00858965035416 "experimento_18" 18 10000 1000 0.8 1 0.4 1 0.8
0.999327653786168 0.97238354052101 "experimento_18" 18 10000 1000 0.8 1 0.4 1 0.8
0.997641610680148 1.00098539749216 "experimento_18" 18 10000 1000 0.8 1 0.4 1 0.8
0.998998347204179 1.01040231716767 "experimento_18" 18 10000 1000 0.8 1 0.4 1 0.8
0.995421930914745 0.982920495314911 "experimento_18" 18 10000 1000 0.8 1 0.4 1 0.8
0.995150389848277 1.01875768502061 "experimento_18" 18 10000 1000 0.8 1 0.4 1 0.8
0.998773363186046 0.993015318170858 "experimento_18" 18 10000 1000 0.8 1 0.4 1 0.8
0.998634527437389 0.993768720664085 "experimento_18" 18 10000 1000 0.8 1 0.4 1 0.8
1.00422588223591 0.997406453221823 "experimento_18" 18 10000 1000 0.8 1 0.4 1 0.8
0.997309091500938 1.02598951182814 "experimento_18" 18 10000 1000 0.8 1 0.4 1 0.8
0.998986371094361 1.00170569901591 "experimento_18" 18 10000 1000 0.8 1 0.4 1 0.8
1.00468665873632 0.999138665198066 "experimento_18" 18 10000 1000 0.8 1 0.4 1 0.8
0.99487826297991 1.03007333404318 "experimento_18" 18 10000 1000 0.8 1 0.4 1 0.8
0.999935379717499 0.991277033982189 "experimento_18" 18 10000 1000 0.8 1 0.4 1 0.8
0.999245584243909 1.00746757890564 "experimento_18" 18 10000 1000 0.8 1 0.4 1 0.8
0.993842932861298 1.02278016538916 "experimento_18" 18 10000 1000 0.8 1 0.4 1 0.8
0.996131729334593 0.974794365809622 "experimento_18" 18 10000 1000 0.8 1 0.4 1 0.8
0.997637651162222 1.03110303318596 "experimento_18" 18 10000 1000 0.8 1 0.4 1 0.8
0.997664842754602 1.01278289888489 "experimento_18" 18 10000 1000 0.8 1 0.4 1 0.8
0.999777425546199 0.976938902255883 "experimento_18" 18 10000 1000 0.8 1 0.4 1 0.8
1.00837357575074 0.985153221972078 "experimento_18" 18 10000 1000 0.8 1 0.4 1 0.8
0.999542211648077 0.981014266484706 "experimento_18" 18 10000 1000 0.8 1 0.4 1 0.8
1.22562165558338 1.05256653037479 "experimento_18" 18 10000 1000 0.8 1 0.4 1 0.8
0.994309627451003 0.991358662451872 "experimento_18" 18 10000 1000 0.8 1 0.4 1 0.8
1.00096157643398 0.98935598717861 "experimento_18" 18 10000 1000 0.8 1 0.4 1 0.8
1.00000486304145 1.017251809206 "experimento_18" 18 10000 1000 0.8 1 0.4 1 0.8
0.999709565192461 1.02408974461831 "experimento_18" 18 10000 1000 0.8 1 0.4 1 0.8
1.00124890822917 0.973928897073487 "experimento_18" 18 10000 1000 0.8 1 0.4 1 0.8
0.994945091195405 0.981574051810157 "experimento_18" 18 10000 1000 0.8 1 0.4 1 0.8
0.999105707043782 1.01002981923711 "experimento_18" 18 10000 1000 0.8 1 0.4 1 0.8
1.01278622367322 1.02285846727567 "experimento_18" 18 10000 1000 0.8 1 0.4 1 0.8
1.00059781037271 1.01218187324379 "experimento_18" 18 10000 1000 0.8 1 0.4 1 0.8
1.00528664442893 1.00761651171216 "experimento_18" 18 10000 1000 0.8 1 0.4 1 0.8
1.00095053892922 0.950636526781708 "experimento_18" 18 10000 1000 0.8 1 0.4 1 0.8
1.08682892331854 1.00798928957395 "experimento_18" 18 10000 1000 0.8 1 0.4 1 0.8
0.997248823754489 1.03672595813278 "experimento_18" 18 10000 1000 0.8 1 0.4 1 0.8
0.998608252266422 1.02808779289829 "experimento_18" 18 10000 1000 0.8 1 0.4 1 0.8
0.995554886292666 0.994698225504381 "experimento_18" 18 10000 1000 0.8 1 0.4 1 0.8
1.18671984722318 0.981920406304107 "experimento_18" 18 10000 1000 0.8 1 0.4 1 0.8
1.00272262142971 1.02198191299218 "experimento_18" 18 10000 1000 0.8 1 0.4 1 0.8
1.00219823514166 0.986866934003183 "experimento_18" 18 10000 1000 0.8 1 0.4 1 0.8
0.998100362950936 1.00756758834351 "experimento_18" 18 10000 1000 0.8 1 0.4 1 0.8
1.00051186170106 0.986758198486922 "experimento_18" 18 10000 1000 0.8 1 0.4 1 0.8
0.997588200727478 1.0211085737882 "experimento_18" 18 10000 1000 0.8 1 0.4 1 0.8
0.996912415139377 1.02779068988098 "experimento_18" 18 10000 1000 0.8 1 0.4 1 0.8
0.998997187009081 1.01649013586038 "experimento_18" 18 10000 1000 0.8 1 0.4 1 0.8
1.13205026227277 1.00379334337912 "experimento_18" 18 10000 1000 0.8 1 0.4 1 0.8
1.00017677247524 0.993507928619229 "experimento_18" 18 10000 1000 0.8 1 0.4 1 0.8
0.994669321458787 1.03193672382657 "experimento_18" 18 10000 1000 0.8 1 0.4 1 0.8
0.994206994771957 1.00997997202319 "experimento_18" 18 10000 1000 0.8 1 0.4 1 0.8
0.999884611926973 0.99157137665959 "experimento_18" 18 10000 1000 0.8 1 0.4 1 0.8
0.999767041997984 0.988093471683338 "experimento_18" 18 10000 1000 0.8 1 0.4 1 0.8
0.998351610731333 1.02327677571862 "experimento_18" 18 10000 1000 0.8 1 0.4 1 0.8
0.998860615305603 1.01720832703693 "experimento_18" 18 10000 1000 0.8 1 0.4 1 0.8
1.01558213913813 0.98992619679958 "experimento_18" 18 10000 1000 0.8 1 0.4 1 0.8
0.996358213946223 0.994852383857812 "experimento_18" 18 10000 1000 0.8 1 0.4 1 0.8
0.999892781255767 1.00390706495488 "experimento_18" 18 10000 1000 0.8 1 0.4 1 0.8
0.997178185032681 1.00653578866707 "experimento_18" 18 10000 1000 0.8 1 0.4 1 0.8
0.996707609388977 1.03853959411136 "experimento_18" 18 10000 1000 0.8 1 0.4 1 0.8
0.999987713526934 0.961219909784679 "experimento_18" 18 10000 1000 0.8 1 0.4 1 0.8
0.995561140822247 1.00162405913089 "experimento_18" 18 10000 1000 0.8 1 0.4 1 0.8
1.15054098978975 0.976207234448774 "experimento_18" 18 10000 1000 0.8 1 0.4 1 0.8
0.99508722894825 1.05768876688126 "experimento_18" 18 10000 1000 0.8 1 0.4 1 0.8
0.998662748374045 0.988400446263788 "experimento_18" 18 10000 1000 0.8 1 0.4 1 0.8
1.00000116648152 0.982907657602591 "experimento_18" 18 10000 1000 0.8 1 0.4 1 0.8
1.00008344716394 1.01184758742497 "experimento_18" 18 10000 1000 0.8 1 0.4 1 0.8
1.00268922528789 1.03828215427802 "experimento_18" 18 10000 1000 0.8 1 0.4 1 0.8
0.999131898395717 0.950922296818009 "experimento_18" 18 10000 1000 0.8 1 0.4 1 0.8
0.999933843733743 1.01332863738062 "experimento_18" 18 10000 1000 0.8 1 0.4 1 0.8
0.995872332016006 0.965432248326897 "experimento_18" 18 10000 1000 0.8 1 0.4 1 0.8
1.00338686701811 0.983504124408868 "experimento_18" 18 10000 1000 0.8 1 0.4 1 0.8
0.996835778001696 0.994484600314048 "experimento_18" 18 10000 1000 0.8 1 0.4 1 0.8
0.999898482346907 1.01804148203691 "experimento_18" 18 10000 1000 0.8 1 0.4 1 0.8
0.999058068031445 1.03672624631082 "experimento_18" 18 10000 1000 0.8 1 0.4 1 0.8
0.997084858128801 1.01033267039181 "experimento_18" 18 10000 1000 0.8 1 0.4 1 0.8
0.995175651274621 1.00942875710413 "experimento_18" 18 10000 1000 0.8 1 0.4 1 0.8
0.99884393112734 1.025507129734 "experimento_18" 18 10000 1000 0.8 1 0.4 1 0.8
0.997842495562509 0.986078687574911 "experimento_18" 18 10000 1000 0.8 1 0.4 1 0.8
1.00098492251709 1.00183180109738 "experimento_18" 18 10000 1000 0.8 1 0.4 1 0.8
1.00016633048654 1.00834617739048 "experimento_18" 18 10000 1000 0.8 1 0.4 1 0.8
0.999999568099156 0.991620269902127 "experimento_18" 18 10000 1000 0.8 1 0.4 1 0.8
0.99841913790442 1.03991308237588 "experimento_18" 18 10000 1000 0.8 1 0.4 1 0.8
0.998616938013583 1.00916402898124 "experimento_18" 18 10000 1000 0.8 1 0.4 1 0.8
1.00710988743231 0.960046069299657 "experimento_18" 18 10000 1000 0.8 1 0.4 1 0.8
1.04156328590448 0.985807439705693 "experimento_18" 18 10000 1000 0.8 1 0.4 1 0.8
1.18177923886105 1.02054798145116 "experimento_18" 18 10000 1000 0.8 1 0.4 1 0.8
1.0134503426462 1.00713175595854 "experimento_18" 18 10000 1000 0.8 1 0.4 1 0.8
1.00408668326201 0.949761071465016 "experimento_18" 18 10000 1000 0.8 1 0.4 1 0.8
0.997771853813902 1.02172231118648 "experimento_18" 18 10000 1000 0.8 1 0.4 1 0.8
0.997042761882767 1.05389889771429 "experimento_18" 18 10000 1000 0.8 1 0.4 1 0.8
0.998925241176039 1.00328451020457 "experimento_18" 18 10000 1000 0.8 1 0.4 1 0.8
1.06860137822204 0.971323874352256 "experimento_18" 18 10000 1000 0.8 1 0.4 1 0.8
1.01041661808267 1.0302376875982 "experimento_18" 18 10000 1000 0.8 1 0.4 1 0.8
1.0702318169221 0.998793850184121 "experimento_18" 18 10000 1000 0.8 1 0.4 1 0.8
0.999815374612808 0.984637536904976 "experimento_18" 18 10000 1000 0.8 1 0.4 1 0.8
0.999092531390488 1.01343506508974 "experimento_18" 18 10000 1000 0.8 1 0.4 1 0.8
1.25550908921286 0.982122093887258 "experimento_18" 18 10000 1000 0.8 1 0.4 1 0.8
0.999724838184193 0.95887657097464 "experimento_18" 18 10000 1000 0.8 1 0.4 1 0.8
1.02121736621484 0.960658844236491 "experimento_18" 18 10000 1000 0.8 1 0.4 1 0.8
0.998383415630087 0.984671499709231 "experimento_18" 18 10000 1000 0.8 1 0.4 1 0.8
0.995540098519996 1.00783056348192 "experimento_18" 18 10000 1000 0.8 1 0.4 1 0.8
1.02281503699819 1.02552896168693 "experimento_18" 18 10000 1000 0.8 1 0.4 1 0.8
1.00012384802704 1.02008529363956 "experimento_18" 18 10000 1000 0.8 1 0.4 1 0.8
1.00785191598202 0.993545783896655 "experimento_18" 18 10000 1000 0.8 1 0.4 1 0.8
1.0152617391646 0.993355621232522 "experimento_18" 18 10000 1000 0.8 1 0.4 1 0.8
0.992375992704183 0.998523095875715 "experimento_18" 18 10000 1000 0.8 1 0.4 1 0.8
1.00198102509603 0.986867431518565 "experimento_18" 18 10000 1000 0.8 1 0.4 1 0.8
1.00272706463392 0.97769101784629 "experimento_18" 18 10000 1000 0.8 1 0.4 1 0.8
1.23574540430832 0.969944588397421 "experimento_18" 18 10000 1000 0.8 1 0.4 1 0.8
1.01973005570471 1.0085098701514 "experimento_18" 18 10000 1000 0.8 1 0.4 1 0.8
0.999039240647107 1.02268529020664 "experimento_18" 18 10000 1000 0.8 1 0.4 1 0.8
1.00021475686826 1.02500362951072 "experimento_18" 18 10000 1000 0.8 1 0.4 1 0.8
1.13272437716587 1.00468653158027 "experimento_18" 18 10000 1000 0.8 1 0.4 1 0.8
0.997065112460405 0.975862307578392 "experimento_18" 18 10000 1000 0.8 1 0.4 1 0.8
0.996911101508886 1.01333438218604 "experimento_18" 18 10000 1000 0.8 1 0.4 1 0.8
0.995813858229667 1.0044858944645 "experimento_18" 18 10000 1000 0.8 1 0.4 1 0.8
0.99652174138464 0.995379466382265 "experimento_18" 18 10000 1000 0.8 1 0.4 1 0.8
0.998889213195071 0.980502118854031 "experimento_18" 18 10000 1000 0.8 1 0.4 1 0.8
0.996781944064423 0.984513720978026 "experimento_18" 18 10000 1000 0.8 1 0.4 1 0.8
1.00014247978106 0.984408831128336 "experimento_18" 18 10000 1000 0.8 1 0.4 1 0.8
0.997909547993913 1.01116030660024 "experimento_18" 18 10000 1000 0.8 1 0.4 1 0.8
0.996010279515758 1.05267678611947 "experimento_18" 18 10000 1000 0.8 1 0.4 1 0.8
0.999956295127049 0.997962572843974 "experimento_18" 18 10000 1000 0.8 1 0.4 1 0.8
0.994801549240947 1.00835476101794 "experimento_18" 18 10000 1000 0.8 1 0.4 1 0.8
0.998387302737683 0.989008902202846 "experimento_18" 18 10000 1000 0.8 1 0.4 1 0.8
0.999735093209893 0.982217103016882 "experimento_18" 18 10000 1000 0.8 1 0.4 1 0.8
0.998430010396987 1.01321880483936 "experimento_18" 18 10000 1000 0.8 1 0.4 1 0.8
0.997578675625846 1.04690973748193 "experimento_18" 18 10000 1000 0.8 1 0.4 1 0.8
0.995550665771589 1.05325731714659 "experimento_18" 18 10000 1000 0.8 1 0.4 1 0.8
0.999964230461046 1.0225393192535 "experimento_18" 18 10000 1000 0.8 1 0.4 1 0.8
0.995238569565117 1.02162156038923 "experimento_18" 18 10000 1000 0.8 1 0.4 1 0.8
0.998078143922612 1.0321467248845 "experimento_18" 18 10000 1000 0.8 1 0.4 1 0.8
0.996084177866578 0.971967475570182 "experimento_18" 18 10000 1000 0.8 1 0.4 1 0.8
0.999903827207163 1.01268416006111 "experimento_18" 18 10000 1000 0.8 1 0.4 1 0.8
0.999789635650814 0.994429168624474 "experimento_18" 18 10000 1000 0.8 1 0.4 1 0.8
0.999938596738502 0.951879575457325 "experimento_18" 18 10000 1000 0.8 1 0.4 1 0.8
0.998031086055562 0.970724522433902 "experimento_18" 18 10000 1000 0.8 1 0.4 1 0.8
1.00730222510174 0.986830478485562 "experimento_18" 18 10000 1000 0.8 1 0.4 1 0.8
0.999805035302415 0.994256385637335 "experimento_18" 18 10000 1000 0.8 1 0.4 1 0.8
0.993730912683532 1.01528842521349 "experimento_18" 18 10000 1000 0.8 1 0.4 1 0.8
0.994963265256956 1.02582924957889 "experimento_18" 18 10000 1000 0.8 1 0.4 1 0.8
1.00057259993628 1.01392350561021 "experimento_18" 18 10000 1000 0.8 1 0.4 1 0.8
0.998018347891048 0.994579508718542 "experimento_18" 18 10000 1000 0.8 1 0.4 1 0.8
0.998607909306884 0.968640269926309 "experimento_18" 18 10000 1000 0.8 1 0.4 1 0.8
1.00031709118595 1.00732394784784 "experimento_18" 18 10000 1000 0.8 1 0.4 1 0.8
0.994273414602503 1.00422469043839 "experimento_18" 18 10000 1000 0.8 1 0.4 1 0.8
0.999814409064129 0.990406059339514 "experimento_18" 18 10000 1000 0.8 1 0.4 1 0.8
0.998856311663985 1.00360719048369 "experimento_18" 18 10000 1000 0.8 1 0.4 1 0.8
1.00377811083101 0.988027217490845 "experimento_18" 18 10000 1000 0.8 1 0.4 1 0.8
0.998682578327134 0.963950380080568 "experimento_18" 18 10000 1000 0.8 1 0.4 1 0.8
0.995917011750862 1.03876206938716 "experimento_18" 18 10000 1000 0.8 1 0.4 1 0.8
0.99980887863785 1.01025492497812 "experimento_18" 18 10000 1000 0.8 1 0.4 1 0.8
1.00432344246656 1.00330466192115 "experimento_18" 18 10000 1000 0.8 1 0.4 1 0.8
0.995761890430003 1.02231745939641 "experimento_18" 18 10000 1000 0.8 1 0.4 1 0.8
0.997790066292509 1.0253349050572 "experimento_18" 18 10000 1000 0.8 1 0.4 1 0.8
0.999723246321082 1.00702544246769 "experimento_18" 18 10000 1000 0.8 1 0.4 1 0.8
0.999354538973421 1.00569499139393 "experimento_18" 18 10000 1000 0.8 1 0.4 1 0.8
1.0001722809052 0.965457244958908 "experimento_18" 18 10000 1000 0.8 1 0.4 1 0.8
1.00033273997015 0.955236806013902 "experimento_18" 18 10000 1000 0.8 1 0.4 1 0.8
1.0030275285244 1.00066539385217 "experimento_18" 18 10000 1000 0.8 1 0.4 1 0.8
0.998088958673179 0.957434493129837 "experimento_18" 18 10000 1000 0.8 1 0.4 1 0.8
0.996173366671428 0.984910772608194 "experimento_18" 18 10000 1000 0.8 1 0.4 1 0.8
1.06569661293179 1.00579561453575 "experimento_18" 18 10000 1000 0.8 1 0.4 1 0.8
1.053042117849 0.964368102035573 "experimento_18" 18 10000 1000 0.8 1 0.4 1 0.8
1.00058383400444 1.01403108630125 "experimento_18" 18 10000 1000 0.8 1 0.4 1 0.8
0.997538604773581 0.995644530687163 "experimento_18" 18 10000 1000 0.8 1 0.4 1 0.8
1.00004911702126 1.07511646964866 "experimento_18" 18 10000 1000 0.8 1 0.4 1 0.8
1.03349439892918 0.965504374397388 "experimento_18" 18 10000 1000 0.8 1 0.4 1 0.8
1.01341229956597 1.02177246174524 "experimento_18" 18 10000 1000 0.8 1 0.4 1 0.8
0.99887625919655 1.03258803075812 "experimento_18" 18 10000 1000 0.8 1 0.4 1 0.8
1.07548456452787 0.983800798073545 "experimento_18" 18 10000 1000 0.8 1 0.4 1 0.8
0.998870391631499 1.01396754936419 "experimento_18" 18 10000 1000 0.8 1 0.4 1 0.8
0.999293197877705 0.979688795221233 "experimento_18" 18 10000 1000 0.8 1 0.4 1 0.8
0.999029417289421 1.00664733083758 "experimento_18" 18 10000 1000 0.8 1 0.4 1 0.8
0.998611874645576 0.990987212393634 "experimento_18" 18 10000 1000 0.8 1 0.4 1 0.8
0.999640539521351 1.04508238820756 "experimento_18" 18 10000 1000 0.8 1 0.4 1 0.8
0.994082121411338 0.995296395056158 "experimento_18" 18 10000 1000 0.8 1 0.4 1 0.8
0.995966175105423 0.979916892016352 "experimento_18" 18 10000 1000 0.8 1 0.4 1 0.8
0.997333316598088 1.00952973794327 "experimento_18" 18 10000 1000 0.8 1 0.4 1 0.8
1.07675550109084 1.00353533508204 "experimento_18" 18 10000 1000 0.8 1 0.4 1 0.8
1.31806480884552 0.975628847318637 "experimento_18" 18 10000 1000 0.8 1 0.4 1 0.8
1.02308626747452 0.989475242791868 "experimento_18" 18 10000 1000 0.8 1 0.4 1 0.8
1.06819694954902 1.0223696406173 "experimento_18" 18 10000 1000 0.8 1 0.4 1 0.8
1.00838439865038 0.962893193134065 "experimento_18" 18 10000 1000 0.8 1 0.4 1 0.8
0.994642119389027 1.09622270017474 "experimento_18" 18 10000 1000 0.8 1 0.4 1 0.8
0.994131098734215 1.00365840474232 "experimento_18" 18 10000 1000 0.8 1 0.4 1 0.8
0.996198340319097 0.998886073106985 "experimento_18" 18 10000 1000 0.8 1 0.4 1 0.8
1.0002283458598 0.995923461569196 "experimento_18" 18 10000 1000 0.8 1 0.4 1 0.8
1.0719228098169 0.983645064684206 "experimento_18" 18 10000 1000 0.8 1 0.4 1 0.8
0.999939573230222 0.990456128437855 "experimento_18" 18 10000 1000 0.8 1 0.4 1 0.8
1.00314387713839 1.03883511358795 "experimento_18" 18 10000 1000 0.8 1 0.4 1 0.8
1.07216463424265 1.00348983466604 "experimento_18" 18 10000 1000 0.8 1 0.4 1 0.8
1.02692686021328 0.992518486336818 "experimento_18" 18 10000 1000 0.8 1 0.4 1 0.8
0.997791508911178 1.02449512023879 "experimento_18" 18 10000 1000 0.8 1 0.4 1 0.8
1.00146161468093 0.985950884317257 "experimento_18" 18 10000 1000 0.8 1 0.4 1 0.8
0.999226067913696 0.990603038726631 "experimento_18" 18 10000 1000 0.8 1 0.4 1 0.8
1.02081160061417 0.964620974370959 "experimento_18" 18 10000 1000 0.8 1 0.4 1 0.8
0.992793113924563 0.96911643336458 "experimento_18" 18 10000 1000 0.8 1 0.4 1 0.8
0.995933578815311 0.991998466230856 "experimento_18" 18 10000 1000 0.8 1 0.4 1 0.8
1.04606459988281 1.00332396974622 "experimento_18" 18 10000 1000 0.8 1 0.4 1 0.8
0.998808652628213 1.00310998548 "experimento_18" 18 10000 1000 0.8 1 0.4 1 0.8
0.999424002831802 1.01787136772577 "experimento_18" 18 10000 1000 0.8 1 0.4 1 0.8
1.00267336944557 0.961763062359483 "experimento_18" 18 10000 1000 0.8 1 0.4 1 0.8
1.03624519100413 0.971577570954287 "experimento_18" 18 10000 1000 0.8 1 0.4 1 0.8
0.996127963298932 0.999246503919674 "experimento_18" 18 10000 1000 0.8 1 0.4 1 0.8
0.999506215099245 0.986466059248541 "experimento_18" 18 10000 1000 0.8 1 0.4 1 0.8
1.00216372809178 0.969870955126897 "experimento_18" 18 10000 1000 0.8 1 0.4 1 0.8
1.04882097896188 0.980960509634675 "experimento_18" 18 10000 1000 0.8 1 0.4 1 0.8
0.99663987965323 1.02270737926982 "experimento_18" 18 10000 1000 0.8 1 0.4 1 0.8
1.0004525680357 1.013423261853 "experimento_18" 18 10000 1000 0.8 1 0.4 1 0.8
1.17842481686896 0.98682355765515 "experimento_18" 18 10000 1000 0.8 1 0.4 1 0.8
1.00332413706928 1.02410154723141 "experimento_18" 18 10000 1000 0.8 1 0.4 1 0.8
0.996173026273027 1.0272441327364 "experimento_18" 18 10000 1000 0.8 1 0.4 1 0.8
1.00067961635068 0.984431670279693 "experimento_18" 18 10000 1000 0.8 1 0.4 1 0.8
1.00097620952874 1.00325488858751 "experimento_18" 18 10000 1000 0.8 1 0.4 1 0.8
0.996336730197072 1.04118575169359 "experimento_18" 18 10000 1000 0.8 1 0.4 1 0.8
0.995149033376947 0.996804969040078 "experimento_18" 18 10000 1000 0.8 1 0.4 1 0.8
0.997963036643341 1.00176103604142 "experimento_18" 18 10000 1000 0.8 1 0.4 1 0.8
1.05028237870215 1.02240128625002 "experimento_18" 18 10000 1000 0.8 1 0.4 1 0.8
0.999740432715043 1.01148880337718 "experimento_18" 18 10000 1000 0.8 1 0.4 1 0.8
0.999902403680608 0.980595580686371 "experimento_18" 18 10000 1000 0.8 1 0.4 1 0.8
0.997798238648102 1.0114228293716 "experimento_18" 18 10000 1000 0.8 1 0.4 1 0.8
0.996695823268965 1.0275394989153 "experimento_18" 18 10000 1000 0.8 1 0.4 1 0.8
0.993821615586057 1.03564735695099 "experimento_18" 18 10000 1000 0.8 1 0.4 1 0.8
1.00795747432858 0.995165066109729 "experimento_18" 18 10000 1000 0.8 1 0.4 1 0.8
0.996426753001288 1.01008126653625 "experimento_18" 18 10000 1000 0.8 1 0.4 1 0.8
0.999706183560193 1.00450703435223 "experimento_18" 18 10000 1000 0.8 1 0.4 1 0.8
0.995601625181735 1.0111725610733 "experimento_18" 18 10000 1000 0.8 1 0.4 1 0.8
0.998249891214073 1.0190443509243 "experimento_18" 18 10000 1000 0.8 1 0.4 1 0.8
0.998283073073253 0.982062153103464 "experimento_18" 18 10000 1000 0.8 1 0.4 1 0.8
0.999475155258551 1.02215295874306 "experimento_18" 18 10000 1000 0.8 1 0.4 1 0.8
0.999785657273605 0.978849051080794 "experimento_18" 18 10000 1000 0.8 1 0.4 1 0.8
1.00158444097381 0.996297598852817 "experimento_18" 18 10000 1000 0.8 1 0.4 1 0.8
0.998764276970178 1.02519979960498 "experimento_18" 18 10000 1000 0.8 1 0.4 1 0.8
0.999005773803219 0.993689987666662 "experimento_18" 18 10000 1000 0.8 1 0.4 1 0.8
1.00507692570583 0.995157716792975 "experimento_18" 18 10000 1000 0.8 1 0.4 1 0.8
0.994808946270496 0.98830183855334 "experimento_18" 18 10000 1000 0.8 1 0.4 1 0.8
1.01223373888067 0.992718329740884 "experimento_18" 18 10000 1000 0.8 1 0.4 1 0.8
1.00336447827439 1.04371550222821 "experimento_18" 18 10000 1000 0.8 1 0.4 1 0.8
0.998010999057442 1.01022938401172 "experimento_18" 18 10000 1000 0.8 1 0.4 1 0.8
0.997919998597354 0.999217343155576 "experimento_18" 18 10000 1000 0.8 1 0.4 1 0.8
0.99816220975481 1.03900969438679 "experimento_18" 18 10000 1000 0.8 1 0.4 1 0.8
1.00057760709071 1.03039367638681 "experimento_18" 18 10000 1000 0.8 1 0.4 1 0.8
1.03229745784849 1.0079281956829 "experimento_18" 18 10000 1000 0.8 1 0.4 1 0.8
0.995844356017187 1.00192890341853 "experimento_18" 18 10000 1000 0.8 1 0.4 1 0.8
0.999151095747948 1.00718654413822 "experimento_18" 18 10000 1000 0.8 1 0.4 1 0.8
1.0123488948243 1.02879620625653 "experimento_18" 18 10000 1000 0.8 1 0.4 1 0.8
0.997545555001125 1.02635841834333 "experimento_18" 18 10000 1000 0.8 1 0.4 1 0.8
0.99677645904012 1.00929336488227 "experimento_18" 18 10000 1000 0.8 1 0.4 1 0.8
0.998639161232859 0.984396250681892 "experimento_18" 18 10000 1000 0.8 1 0.4 1 0.8
1.0285102003254 0.977027077722471 "experimento_18" 18 10000 1000 0.8 1 0.4 1 0.8
0.999487518565729 0.994379536344443 "experimento_18" 18 10000 1000 0.8 1 0.4 1 0.8
0.996143889147788 0.994336164996344 "experimento_18" 18 10000 1000 0.8 1 0.4 1 0.8
0.995505088940263 1.02897524443767 "experimento_18" 18 10000 1000 0.8 1 0.4 1 0.8
0.994756351457909 0.985477934615696 "experimento_18" 18 10000 1000 0.8 1 0.4 1 0.8
1.00007885379833 1.00073594065307 "experimento_18" 18 10000 1000 0.8 1 0.4 1 0.8
0.996767988428473 0.978101606429593 "experimento_18" 18 10000 1000 0.8 1 0.4 1 0.8
0.997123575303704 1.02680512159696 "experimento_18" 18 10000 1000 0.8 1 0.4 1 0.8
0.998250310076401 1.02559147798083 "experimento_18" 18 10000 1000 0.8 1 0.4 1 0.8
1.00000771554187 1.03095304333227 "experimento_18" 18 10000 1000 0.8 1 0.4 1 0.8
1.06068936955305 1.01905557079986 "experimento_18" 18 10000 1000 0.8 1 0.4 1 0.8
0.997363651636988 0.992165989261129 "experimento_18" 18 10000 1000 0.8 1 0.4 1 0.8
1.02893663337454 1.02158390093676 "experimento_18" 18 10000 1000 0.8 1 0.4 1 0.8
0.995612606406212 1.01605209692865 "experimento_18" 18 10000 1000 0.8 1 0.4 1 0.8
1.13283927247126 1.02407950251629 "experimento_18" 18 10000 1000 0.8 1 0.4 1 0.8
1.00390199851245 0.975317084063443 "experimento_18" 18 10000 1000 0.8 1 0.4 1 0.8
1.00064410050403 0.972432589418844 "experimento_18" 18 10000 1000 0.8 1 0.4 1 0.8
1.00016677264291 1.01373837118654 "experimento_18" 18 10000 1000 0.8 1 0.4 1 0.8
1.00471086194739 0.98256570136997 "experimento_18" 18 10000 1000 0.8 1 0.4 1 0.8
0.993864407064393 1.00928823601296 "experimento_18" 18 10000 1000 0.8 1 0.4 1 0.8
1.1895486721769 0.987045140589883 "experimento_18" 18 10000 1000 0.8 1 0.4 1 0.8
1.03981686383486 0.961667393877327 "experimento_18" 18 10000 1000 0.8 1 0.4 1 0.8
0.996978347422555 0.965387829745257 "experimento_18" 18 10000 1000 0.8 1 0.4 1 0.8
0.995406081434339 1.01655342438509 "experimento_18" 18 10000 1000 0.8 1 0.4 1 0.8
1.20426373183727 1.00266304755862 "experimento_18" 18 10000 1000 0.8 1 0.4 1 0.8
0.999855905771255 1.01330550606642 "experimento_18" 18 10000 1000 0.8 1 0.4 1 0.8
1.10039591183886 0.986970781641885 "experimento_18" 18 10000 1000 0.8 1 0.4 1 0.8
0.9941008198075 1.04860687188986 "experimento_18" 18 10000 1000 0.8 1 0.4 1 0.8
0.99871290801093 0.980051646620704 "experimento_18" 18 10000 1000 0.8 1 0.4 1 0.8
0.996560628758743 1.00264779785347 "experimento_18" 18 10000 1000 0.8 1 0.4 1 0.8
0.9968665195629 0.976918119207163 "experimento_18" 18 10000 1000 0.8 1 0.4 1 0.8
0.995609589153901 1.02847432435445 "experimento_18" 18 10000 1000 0.8 1 0.4 1 0.8
1.00481336719262 1.02574855002312 "experimento_18" 18 10000 1000 0.8 1 0.4 1 0.8
1.01898979581892 1.02513951008205 "experimento_18" 18 10000 1000 0.8 1 0.4 1 0.8
0.994915665592998 1.05569383876656 "experimento_18" 18 10000 1000 0.8 1 0.4 1 0.8
0.998699923744425 1.00223206784294 "experimento_18" 18 10000 1000 0.8 1 0.4 1 0.8
0.997319260146469 1.01393322972305 "experimento_18" 18 10000 1000 0.8 1 0.4 1 0.8
0.99578589387238 1.00762958884317 "experimento_18" 18 10000 1000 0.8 1 0.4 1 0.8
0.999340937007219 1.01571163231937 "experimento_18" 18 10000 1000 0.8 1 0.4 1 0.8
1.001046968624 1.01252743149605 "experimento_18" 18 10000 1000 0.8 1 0.4 1 0.8
0.996919309720397 0.997148143186262 "experimento_18" 18 10000 1000 0.8 1 0.4 1 0.8
0.999886450590566 0.995981101299382 "experimento_18" 18 10000 1000 0.8 1 0.4 1 0.8
0.999874705448747 1.03113484673474 "experimento_18" 18 10000 1000 0.8 1 0.4 1 0.8
0.996282438049093 0.972626832496046 "experimento_18" 18 10000 1000 0.8 1 0.4 1 0.8
1.00000659455082 0.98599678863918 "experimento_18" 18 10000 1000 0.8 1 0.4 1 0.8
0.995402009226382 0.99316656154499 "experimento_18" 18 10000 1000 0.8 1 0.4 1 0.8
0.997248028405011 1.04923112407808 "experimento_18" 18 10000 1000 0.8 1 0.4 1 0.8
1.00087197544053 1.01792987739284 "experimento_18" 18 10000 1000 0.8 1 0.4 1 0.8
0.996713924920186 1.00423500938388 "experimento_18" 18 10000 1000 0.8 1 0.4 1 0.8
0.995003606658429 0.998879216061049 "experimento_18" 18 10000 1000 0.8 1 0.4 1 0.8
0.996910335030407 0.963416005299376 "experimento_18" 18 10000 1000 0.8 1 0.4 1 0.8
0.992522109765559 1.03427823315887 "experimento_18" 18 10000 1000 0.8 1 0.4 1 0.8
1.03138059517369 0.980274189459658 "experimento_18" 18 10000 1000 0.8 1 0.4 1 0.8
0.997465553227812 1.04570407289784 "experimento_18" 18 10000 1000 0.8 1 0.4 1 0.8
1.00045306139241 1.02547044132413 "experimento_18" 18 10000 1000 0.8 1 0.4 1 0.8
0.999372648773715 0.989638220595428 "experimento_18" 18 10000 1000 0.8 1 0.4 1 0.8
0.996143700089306 0.965326524860143 "experimento_18" 18 10000 1000 0.8 1 0.4 1 0.8
0.999889458995312 0.937748564366941 "experimento_18" 18 10000 1000 0.8 1 0.4 1 0.8
1.00321009289473 1.01576746534035 "experimento_18" 18 10000 1000 0.8 1 0.4 1 0.8
0.999667105264962 0.991435351484218 "experimento_18" 18 10000 1000 0.8 1 0.4 1 0.8
1.00006936350837 0.969886825030954 "experimento_18" 18 10000 1000 0.8 1 0.4 1 0.8
0.994166285963729 1.01543698009787 "experimento_18" 18 10000 1000 0.8 1 0.4 1 0.8
0.997430341783911 1.00872286020305 "experimento_18" 18 10000 1000 0.8 1 0.4 1 0.8
0.993953548604622 1.06888701943529 "experimento_18" 18 10000 1000 0.8 1 0.4 1 0.8
1.00010749604553 1.00858948985896 "experimento_18" 18 10000 1000 0.8 1 0.4 1 0.8
0.994889926631004 1.01691338466062 "experimento_18" 18 10000 1000 0.8 1 0.4 1 0.8
0.995138554135337 0.9848711989855 "experimento_18" 18 10000 1000 0.8 1 0.4 1 0.8
0.993471044581383 1.02632131735102 "experimento_18" 18 10000 1000 0.8 1 0.4 1 0.8
1.01143709244207 1.00236527668237 "experimento_18" 18 10000 1000 0.8 1 0.4 1 0.8
0.999928204109892 0.975121725259585 "experimento_18" 18 10000 1000 0.8 1 0.4 1 0.8
1.12913212156986 1.01301138804359 "experimento_18" 18 10000 1000 0.8 1 0.4 1 0.8
1.117020430509 0.959500160209546 "experimento_18" 18 10000 1000 0.8 1 0.4 1 0.8
0.995308869984001 1.021309543998 "experimento_18" 18 10000 1000 0.8 1 0.4 1 0.8
1.02640732535554 1.0314700968234 "experimento_18" 18 10000 1000 0.8 1 0.4 1 0.8
0.99990079109557 1.03366903641985 "experimento_18" 18 10000 1000 0.8 1 0.4 1 0.8
0.998504734830931 1.06968349274031 "experimento_18" 18 10000 1000 0.8 1 0.4 1 0.8
1.0204899299418 0.994241545822125 "experimento_18" 18 10000 1000 0.8 1 0.4 1 0.8
1.01295110117644 1.01695460794922 "experimento_18" 18 10000 1000 0.8 1 0.4 1 0.8
0.997957735788077 0.982369958861644 "experimento_18" 18 10000 1000 0.8 1 0.4 1 0.8
1.02848983881995 1.04236058600994 "experimento_18" 18 10000 1000 0.8 1 0.4 1 0.8
1.01677641930607 0.998397614336545 "experimento_18" 18 10000 1000 0.8 1 0.4 1 0.8
0.992190056247637 1.01612322596991 "experimento_18" 18 10000 1000 0.8 1 0.4 1 0.8
1.01224089731384 0.977703270548014 "experimento_18" 18 10000 1000 0.8 1 0.4 1 0.8
1.00022207943089 0.974469935418342 "experimento_18" 18 10000 1000 0.8 1 0.4 1 0.8
0.999883411917835 0.98846009287755 "experimento_18" 18 10000 1000 0.8 1 0.4 1 0.8
0.991934621008113 1.00500759653146 "experimento_18" 18 10000 1000 0.8 1 0.4 1 0.8
0.997731437673792 1.00019313609212 "experimento_18" 18 10000 1000 0.8 1 0.4 1 0.8
0.999253022484481 1.01403625149446 "experimento_18" 18 10000 1000 0.8 1 0.4 1 0.8
1.01053994201125 0.964205204790369 "experimento_18" 18 10000 1000 0.8 1 0.4 1 0.8
1.04381722678008 0.986039974393248 "experimento_18" 18 10000 1000 0.8 1 0.4 1 0.8
1.33500024897471 1.03777620167065 "experimento_18" 18 10000 1000 0.8 1 0.4 1 0.8
0.990856514777988 1.04770114637905 "experimento_18" 18 10000 1000 0.8 1 0.4 1 0.8
0.999988376628608 1.00638663466518 "experimento_18" 18 10000 1000 0.8 1 0.4 1 0.8
0.997109900228679 0.987354930392581 "experimento_18" 18 10000 1000 0.8 1 0.4 1 0.8
0.999443880049512 1.01611286606727 "experimento_18" 18 10000 1000 0.8 1 0.4 1 0.8
1.00062209618154 1.03954236461459 "experimento_18" 18 10000 1000 0.8 1 0.4 1 0.8
1.00069631170481 1.03465762142215 "experimento_18" 18 10000 1000 0.8 1 0.4 1 0.8
0.997405448462814 1.01992613034839 "experimento_18" 18 10000 1000 0.8 1 0.4 1 0.8
0.999736045254394 1.01255975234709 "experimento_18" 18 10000 1000 0.8 1 0.4 1 0.8
1.01269423216581 0.975028873933702 "experimento_18" 18 10000 1000 0.8 1 0.4 1 0.8
0.997848399914801 0.992104946367976 "experimento_18" 18 10000 1000 0.8 1 0.4 1 0.8
0.994052982190624 1.00077864088629 "experimento_18" 18 10000 1000 0.8 1 0.4 1 0.8
1.00125294132158 1.00326838379874 "experimento_18" 18 10000 1000 0.8 1 0.4 1 0.8
0.993746547726914 1.00794743395589 "experimento_18" 18 10000 1000 0.8 1 0.4 1 0.8
1.07982232001046 1.0337764054437 "experimento_18" 18 10000 1000 0.8 1 0.4 1 0.8
1.01459322543815 1.00564303045758 "experimento_18" 18 10000 1000 0.8 1 0.4 1 0.8
0.996654379647225 1.0032508373596 "experimento_18" 18 10000 1000 0.8 1 0.4 1 0.8
1.00218124361709 0.994493515562459 "experimento_18" 18 10000 1000 0.8 1 0.4 1 0.8
0.998040694743395 1.00668733379685 "experimento_18" 18 10000 1000 0.8 1 0.4 1 0.8
1.0562648318402 1.00700452658436 "experimento_18" 18 10000 1000 0.8 1 0.4 1 0.8
1.00185458822794 1.03589810458546 "experimento_18" 18 10000 1000 0.8 1 0.4 1 0.8
1.01232349732891 0.992058158737116 "experimento_18" 18 10000 1000 0.8 1 0.4 1 0.8
0.999742693966255 1.02728115033009 "experimento_18" 18 10000 1000 0.8 1 0.4 1 0.8
1.00015985580444 1.03831325495141 "experimento_18" 18 10000 1000 0.8 1 0.4 1 0.8
1.00065151828435 1.00177730818681 "experimento_18" 18 10000 1000 0.8 1 0.4 1 0.8
1.08945476810225 0.967115627355524 "experimento_18" 18 10000 1000 0.8 1 0.4 1 0.8
1.00840647426066 0.973250539535409 "experimento_18" 18 10000 1000 0.8 1 0.4 1 0.8
0.998039199505001 1.04721521089641 "experimento_18" 18 10000 1000 0.8 1 0.4 1 0.8
0.996848944108933 1.01108565119256 "experimento_18" 18 10000 1000 0.8 1 0.4 1 0.8
1.40105135319754 0.949623117016959 "experimento_18" 18 10000 1000 0.8 1 0.4 1 0.8
0.999605772551149 0.955976817876468 "experimento_18" 18 10000 1000 0.8 1 0.4 1 0.8
1.04324856708528 0.970780984140131 "experimento_18" 18 10000 1000 0.8 1 0.4 1 0.8
1.01360285049304 1.02233660177561 "experimento_18" 18 10000 1000 0.8 1 0.4 1 0.8
1.05721483609792 0.999998545898362 "experimento_18" 18 10000 1000 0.8 1 0.4 1 0.8
0.999957786174491 1.01294064690792 "experimento_18" 18 10000 1000 0.8 1 0.4 1 0.8
0.99553167168051 1.01785920424798 "experimento_18" 18 10000 1000 0.8 1 0.4 1 0.8
1.02098439053052 0.97797704196609 "experimento_18" 18 10000 1000 0.8 1 0.4 1 0.8
0.99454799387604 1.00337986180048 "experimento_18" 18 10000 1000 0.8 1 0.4 1 0.8
0.998521483736113 0.96584935752312 "experimento_18" 18 10000 1000 0.8 1 0.4 1 0.8
1.00009269844951 0.967575945944434 "experimento_18" 18 10000 1000 0.8 1 0.4 1 0.8
1.03481021620359 0.968665375382883 "experimento_18" 18 10000 1000 0.8 1 0.4 1 0.8
0.996961006894708 1.0277255860479 "experimento_18" 18 10000 1000 0.8 1 0.4 1 0.8
0.997151239542291 1.01257423439333 "experimento_18" 18 10000 1000 0.8 1 0.4 1 0.8
1.00416320906867 0.95890018553326 "experimento_18" 18 10000 1000 0.8 1 0.4 1 0.8
0.99782822583802 1.02347254150605 "experimento_18" 18 10000 1000 0.8 1 0.4 1 0.8
0.997275489382446 1.02490651318982 "experimento_18" 18 10000 1000 0.8 1 0.4 1 0.8
1.11858076555654 0.972845813140012 "experimento_18" 18 10000 1000 0.8 1 0.4 1 0.8
0.994840985164046 0.964939887438933 "experimento_18" 18 10000 1000 0.8 1 0.4 1 0.8
0.997511499328539 0.964721052453459 "experimento_18" 18 10000 1000 0.8 1 0.4 1 0.8
0.999999593710527 1.02260581531937 "experimento_18" 18 10000 1000 0.8 1 0.4 1 0.8
1.00014973303498 1.02128509881352 "experimento_18" 18 10000 1000 0.8 1 0.4 1 0.8
0.998477011686191 1.00852605387475 "experimento_18" 18 10000 1000 0.8 1 0.4 1 0.8
0.998748887097463 0.98182936598345 "experimento_18" 18 10000 1000 0.8 1 0.4 1 0.8
0.999458773061633 0.983161894405619 "experimento_18" 18 10000 1000 0.8 1 0.4 1 0.8
0.999531166860834 1.02428888032338 "experimento_18" 18 10000 1000 0.8 1 0.4 1 0.8
1.01749917042358 0.980857362388836 "experimento_18" 18 10000 1000 0.8 1 0.4 1 0.8
1.0342505373992 1.01886072032062 "experimento_18" 18 10000 1000 0.8 1 0.4 1 0.8
0.995456405216828 0.994676531872415 "experimento_18" 18 10000 1000 0.8 1 0.4 1 0.8
0.997166974237189 1.01039789633689 "experimento_18" 18 10000 1000 0.8 1 0.4 1 0.8
0.996818639570847 0.997291456277047 "experimento_18" 18 10000 1000 0.8 1 0.4 1 0.8
0.994480475084856 0.963600929006677 "experimento_18" 18 10000 1000 0.8 1 0.4 1 0.8
1.00014767702669 0.995891847860227 "experimento_18" 18 10000 1000 0.8 1 0.4 1 0.8
1.09012363199145 1.03336339331676 "experimento_18" 18 10000 1000 0.8 1 0.4 1 0.8
1.00211343927572 0.99522013221258 "experimento_18" 18 10000 1000 0.8 1 0.4 1 0.8
1.19479906605557 0.999409387749779 "experimento_18" 18 10000 1000 0.8 1 0.4 1 0.8
1.12965412996709 1.00799744370907 "experimento_18" 18 10000 1000 0.8 1 0.4 1 0.8
1.0085034384624 1.02254847508945 "experimento_18" 18 10000 1000 0.8 1 0.4 1 0.8
1.0000747544691 0.994543096212105 "experimento_18" 18 10000 1000 0.8 1 0.4 1 0.8
0.997782698832452 1.00365429109839 "experimento_18" 18 10000 1000 0.8 1 0.4 1 0.8
0.995480698300526 1.03188987775269 "experimento_18" 18 10000 1000 0.8 1 0.4 1 0.8
0.995837987400591 0.991805984212556 "experimento_18" 18 10000 1000 0.8 1 0.4 1 0.8
1.00295062270015 0.97808605590958 "experimento_18" 18 10000 1000 0.8 1 0.4 1 0.8
0.999949595425278 0.991374689065524 "experimento_18" 18 10000 1000 0.8 1 0.4 1 0.8
1.00478072721627 0.986973529275288 "experimento_18" 18 10000 1000 0.8 1 0.4 1 0.8
0.995929230703041 1.0117209794668 "experimento_18" 18 10000 1000 0.8 1 0.4 1 0.8
1.00170700388489 0.985855154707731 "experimento_18" 18 10000 1000 0.8 1 0.4 1 0.8
0.998542910907418 1.03499197358001 "experimento_18" 18 10000 1000 0.8 1 0.4 1 0.8
0.999848275445402 1.0098364376225 "experimento_18" 18 10000 1000 0.8 1 0.4 1 0.8
1.0004209522143 1.02100095273203 "experimento_18" 18 10000 1000 0.8 1 0.4 1 0.8
0.998694534879178 1.01035748453027 "experimento_18" 18 10000 1000 0.8 1 0.4 1 0.8
0.998884954489768 0.95377477094103 "experimento_18" 18 10000 1000 0.8 1 0.4 1 0.8
0.999759125290439 0.949354136384186 "experimento_18" 18 10000 1000 0.8 1 0.4 1 0.8
0.998423569137231 0.974686356071499 "experimento_18" 18 10000 1000 0.8 1 0.4 1 0.8
0.998228362761438 1.00185751490223 "experimento_18" 18 10000 1000 0.8 1 0.4 1 0.8
0.999970535980538 0.966482129149165 "experimento_18" 18 10000 1000 0.8 1 0.4 1 0.8
1.00131072569638 0.982940798445719 "experimento_18" 18 10000 1000 0.8 1 0.4 1 0.8
0.993654633872211 1.02000990376 "experimento_18" 18 10000 1000 0.8 1 0.4 1 0.8
0.999843809520826 0.997083550254763 "experimento_18" 18 10000 1000 0.8 1 0.4 1 0.8
0.996050532674417 0.993837858015274 "experimento_18" 18 10000 1000 0.8 1 0.4 1 0.8
1.00138635801301 0.980625073450729 "experimento_18" 18 10000 1000 0.8 1 0.4 1 0.8
1.08851626420406 0.972511373525315 "experimento_18" 18 10000 1000 0.8 1 0.4 1 0.8
0.996370973298326 0.989035106286932 "experimento_18" 18 10000 1000 0.8 1 0.4 1 0.8
0.998805474489927 1.00769791498423 "experimento_18" 18 10000 1000 0.8 1 0.4 1 0.8
0.999703116947785 0.982010771813655 "experimento_18" 18 10000 1000 0.8 1 0.4 1 0.8
1.00105781843379 0.994498518501109 "experimento_18" 18 10000 1000 0.8 1 0.4 1 0.8
1.00212132837623 0.998994189613119 "experimento_18" 18 10000 1000 0.8 1 0.4 1 0.8
1.05060221906751 1.00778600941263 "experimento_18" 18 10000 1000 0.8 1 0.4 1 0.8
1.14388814987615 0.984417066863825 "experimento_18" 18 10000 1000 0.8 1 0.4 1 0.8
1.10303629069849 0.97237488531099 "experimento_18" 18 10000 1000 0.8 1 0.4 1 0.8
0.9975812418852 0.997437893070019 "experimento_18" 18 10000 1000 0.8 1 0.4 1 0.8
1.02122930856422 0.991585172444889 "experimento_18" 18 10000 1000 0.8 1 0.4 1 0.8
0.99567538080737 1.0303469712808 "experimento_18" 18 10000 1000 0.8 1 0.4 1 0.8
0.993289551464841 1.0231830645896 "experimento_18" 18 10000 1000 0.8 1 0.4 1 0.8
1.02069044439122 1.00783517062894 "experimento_18" 18 10000 1000 0.8 1 0.4 1 0.8
1.00296613719359 0.976412962713791 "experimento_18" 18 10000 1000 0.8 1 0.4 1 0.8
1.01504090805368 1.01203366976567 "experimento_18" 18 10000 1000 0.8 1 0.4 1 0.8
0.998651153407991 1.01143696288747 "experimento_18" 18 10000 1000 0.8 1 0.4 1 0.8
0.998196706175804 1.04707929097164 "experimento_18" 18 10000 1000 0.8 1 0.4 1 0.8
0.998610044131055 1.03521581691729 "experimento_18" 18 10000 1000 0.8 1 0.4 1 0.8
0.998071619309485 1.02536346969192 "experimento_18" 18 10000 1000 0.8 1 0.4 1 0.8
0.999494404997677 0.98467365960903 "experimento_18" 18 10000 1000 0.8 1 0.4 1 0.8
1.00220623730033 1.0286758398787 "experimento_18" 18 10000 1000 0.8 1 0.4 1 0.8
1.00191011559218 0.976497422654569 "experimento_18" 18 10000 1000 0.8 1 0.4 1 0.8
0.99974698969163 1.03368374260268 "experimento_18" 18 10000 1000 0.8 1 0.4 1 0.8
0.998083295300603 1.02194261169685 "experimento_18" 18 10000 1000 0.8 1 0.4 1 0.8
0.99606985389255 1.05756440321204 "experimento_18" 18 10000 1000 0.8 1 0.4 1 0.8
1.02911908132955 1.02382413049729 "experimento_18" 18 10000 1000 0.8 1 0.4 1 0.8
0.999949442921206 0.992336666960987 "experimento_18" 18 10000 1000 0.8 1 0.4 1 0.8
1.2547706522687 1.00262461799265 "experimento_18" 18 10000 1000 0.8 1 0.4 1 0.8
0.999953539576381 1.02161812107349 "experimento_18" 18 10000 1000 0.8 1 0.4 1 0.8
0.999966417439282 0.995240677413318 "experimento_18" 18 10000 1000 0.8 1 0.4 1 0.8
0.999876107089221 1.00072364034622 "experimento_18" 18 10000 1000 0.8 1 0.4 1 0.8
0.995814156718552 1.05421670308762 "experimento_18" 18 10000 1000 0.8 1 0.4 1 0.8
1.00059221731499 1.01597925223114 "experimento_18" 18 10000 1000 0.8 1 0.4 1 0.8
1.05243211705238 0.968748536577866 "experimento_18" 18 10000 1000 0.8 1 0.4 1 0.8
0.996922038495541 1.01699403612513 "experimento_18" 18 10000 1000 0.8 1 0.4 1 0.8
1.00069715967402 0.971830177261405 "experimento_18" 18 10000 1000 0.8 1 0.4 1 0.8
1.00536878243042 1.03498287998203 "experimento_18" 18 10000 1000 0.8 1 0.4 1 0.8
0.997508762637153 1.02653278509342 "experimento_18" 18 10000 1000 0.8 1 0.4 1 0.8
0.997537377290428 1.04589182426962 "experimento_18" 18 10000 1000 0.8 1 0.4 1 0.8
1.00177891292499 1.00833911449903 "experimento_18" 18 10000 1000 0.8 1 0.4 1 0.8
1.00132204266386 1.0240439120491 "experimento_18" 18 10000 1000 0.8 1 0.4 1 0.8
0.998057239223272 1.00342216043545 "experimento_18" 18 10000 1000 0.8 1 0.4 1 0.8
1.01081779971719 0.982028127642332 "experimento_18" 18 10000 1000 0.8 1 0.4 1 0.8
1.00028843479231 1.05841623910126 "experimento_18" 18 10000 1000 0.8 1 0.4 1 0.8
0.996431130217388 0.992984306520085 "experimento_18" 18 10000 1000 0.8 1 0.4 1 0.8
1.03580746198873 0.974561394570433 "experimento_18" 18 10000 1000 0.8 1 0.4 1 0.8
1.02770036067837 1.00363790125016 "experimento_18" 18 10000 1000 0.8 1 0.4 1 0.8
1.00089271839439 1.01943648374824 "experimento_18" 18 10000 1000 0.8 1 0.4 1 0.8
1.00608212249031 1.06601532749737 "experimento_18" 18 10000 1000 0.8 1 0.4 1 0.8
1.19161956338212 1.00563690213563 "experimento_18" 18 10000 1000 0.8 1 0.4 1 0.8
1.01336796821436 0.953092554452993 "experimento_18" 18 10000 1000 0.8 1 0.4 1 0.8
1.18292422117999 1.00873504483603 "experimento_18" 18 10000 1000 0.8 1 0.4 1 0.8
0.996575532248244 0.983148088705212 "experimento_18" 18 10000 1000 0.8 1 0.4 1 0.8
0.9970262425486 1.03271722260518 "experimento_18" 18 10000 1000 0.8 1 0.4 1 0.8
0.999966324772686 1.02864423384131 "experimento_18" 18 10000 1000 0.8 1 0.4 1 0.8
0.999247213592753 1.00672008470667 "experimento_18" 18 10000 1000 0.8 1 0.4 1 0.8
0.997444855282083 1.06025300892701 "experimento_18" 18 10000 1000 0.8 1 0.4 1 0.8
0.999791648704559 1.02255777769559 "experimento_18" 18 10000 1000 0.8 1 0.4 1 0.8
0.999530693050474 1.0092540677212 "experimento_18" 18 10000 1000 0.8 1 0.4 1 0.8
1.00589264975861 0.997738455876964 "experimento_18" 18 10000 1000 0.8 1 0.4 1 0.8
0.993647643364966 1.02666485697693 "experimento_18" 18 10000 1000 0.8 1 0.4 1 0.8
0.995482849190012 1.0060817256237 "experimento_18" 18 10000 1000 0.8 1 0.4 1 0.8
1.00027428728674 0.994556451675931 "experimento_18" 18 10000 1000 0.8 1 0.4 1 0.8
0.999915854306892 1.00716873938994 "experimento_18" 18 10000 1000 0.8 1 0.4 1 0.8
0.999173919437453 1.02351526830339 "experimento_18" 18 10000 1000 0.8 1 0.4 1 0.8
0.996074434835464 1.00039352021982 "experimento_18" 18 10000 1000 0.8 1 0.4 1 0.8
0.999159984756261 1.01232512485967 "experimento_18" 18 10000 1000 0.8 1 0.4 1 0.8
0.996777485590428 1.02952236143629 "experimento_18" 18 10000 1000 0.8 1 0.4 1 0.8
1.06878883205354 1.01559153616905 "experimento_18" 18 10000 1000 0.8 1 0.4 1 0.8
0.998756302753463 0.974431909171719 "experimento_18" 18 10000 1000 0.8 1 0.4 1 0.8
0.999831343069673 1.00609823820039 "experimento_18" 18 10000 1000 0.8 1 0.4 1 0.8
0.998971237568185 0.986807487431166 "experimento_18" 18 10000 1000 0.8 1 0.4 1 0.8
1.00001560524106 0.993362513725049 "experimento_18" 18 10000 1000 0.8 1 0.4 1 0.8
1.21249460242689 0.954708307841421 "experimento_18" 18 10000 1000 0.8 1 0.4 1 0.8
0.995432381751016 0.996382385987824 "experimento_18" 18 10000 1000 0.8 1 0.4 1 0.8
0.993454693816602 1.01166645995058 "experimento_18" 18 10000 1000 0.8 1 0.4 1 0.8
1.00040872981423 1.06605287956 "experimento_18" 18 10000 1000 0.8 1 0.4 1 0.8
1.00164747657254 0.989387466676227 "experimento_18" 18 10000 1000 0.8 1 0.4 1 0.8
1.06600693390737 1.00931083287778 "experimento_18" 18 10000 1000 0.8 1 0.4 1 0.8
0.999140084022656 1.01293976684 "experimento_18" 18 10000 1000 0.8 1 0.4 1 0.8
0.99655809160322 1.00265223430906 "experimento_18" 18 10000 1000 0.8 1 0.4 1 0.8
0.995167181128636 1.03381625982936 "experimento_18" 18 10000 1000 0.8 1 0.4 1 0.8
0.999639428919181 0.975991322369793 "experimento_18" 18 10000 1000 0.8 1 0.4 1 0.8
0.989649095572531 0.990304774234314 "experimento_18" 18 10000 1000 0.8 1 0.4 1 0.8
0.995694080600515 1.03894471578291 "experimento_18" 18 10000 1000 0.8 1 0.4 1 0.8
1.00624456514941 0.988546348973939 "experimento_18" 18 10000 1000 0.8 1 0.4 1 0.8
0.990805999841541 1.00536705639967 "experimento_18" 18 10000 1000 0.8 1 0.4 1 0.8
0.998590521281585 1.0052052277152 "experimento_18" 18 10000 1000 0.8 1 0.4 1 0.8
1.00088909641054 1.03115269507785 "experimento_18" 18 10000 1000 0.8 1 0.4 1 0.8
0.995800041360781 1.02556121304808 "experimento_18" 18 10000 1000 0.8 1 0.4 1 0.8
1.18631836725399 1.02347163933927 "experimento_18" 18 10000 1000 0.8 1 0.4 1 0.8
0.995808277279139 1.04536556828432 "experimento_18" 18 10000 1000 0.8 1 0.4 1 0.8
0.991107289912179 1.0405894662641 "experimento_18" 18 10000 1000 0.8 1 0.4 1 0.8
1.00392664831921 0.99348000760207 "experimento_18" 18 10000 1000 0.8 1 0.4 1 0.8
0.996387406252325 1.02956134195377 "experimento_18" 18 10000 1000 0.8 1 0.4 1 0.8
0.999994887039065 1.02200666002608 "experimento_18" 18 10000 1000 0.8 1 0.4 1 0.8
0.992092987056822 1.02215270102297 "experimento_18" 18 10000 1000 0.8 1 0.4 1 0.8
0.999150736490265 1.02427669090437 "experimento_18" 18 10000 1000 0.8 1 0.4 1 0.8
0.997616356238723 1.04287013331413 "experimento_18" 18 10000 1000 0.8 1 0.4 1 0.8
1.06622437713668 1.02211736071575 "experimento_18" 18 10000 1000 0.8 1 0.4 1 0.8
0.996113027678803 1.01984890302487 "experimento_18" 18 10000 1000 0.8 1 0.4 1 0.8
0.998417938593775 1.04147020470651 "experimento_18" 18 10000 1000 0.8 1 0.4 1 0.8
1.16111961193383 0.977082857960509 "experimento_18" 18 10000 1000 0.8 1 0.4 1 0.8
1.00012747404553 0.991222586815585 "experimento_18" 18 10000 1000 0.8 1 0.4 1 0.8
0.998459550319239 1.00233313184784 "experimento_18" 18 10000 1000 0.8 1 0.4 1 0.8
0.99471076647751 1.0214927681935 "experimento_18" 18 10000 1000 0.8 1 0.4 1 0.8
0.995591550832614 1.05034659640978 "experimento_18" 18 10000 1000 0.8 1 0.4 1 0.8
0.995584985008463 1.00009009616987 "experimento_18" 18 10000 1000 0.8 1 0.4 1 0.8
0.998237326974049 0.999601622728603 "experimento_18" 18 10000 1000 0.8 1 0.4 1 0.8
0.997956254053861 0.976887988801294 "experimento_18" 18 10000 1000 0.8 1 0.4 1 0.8
0.998659763252363 1.00969142366397 "experimento_18" 18 10000 1000 0.8 1 0.4 1 0.8
1.30585888400674 0.906643929007006 "experimento_18" 18 10000 1000 0.8 1 0.4 1 0.8
0.995539531810209 1.040129167219 "experimento_18" 18 10000 1000 0.8 1 0.4 1 0.8
1.00003314437345 1.03512869295195 "experimento_18" 18 10000 1000 0.8 1 0.4 1 0.8
0.999979324871674 0.995843152867973 "experimento_18" 18 10000 1000 0.8 1 0.4 1 0.8
0.99458117550239 0.994389489442483 "experimento_18" 18 10000 1000 0.8 1 0.4 1 0.8
1.00610767677426 1.02025763984062 "experimento_18" 18 10000 1000 0.8 1 0.4 1 0.8
1.03128696228062 0.958013514097456 "experimento_18" 18 10000 1000 0.8 1 0.4 1 0.8
1.02008977585175 1.01351959661486 "experimento_18" 18 10000 1000 0.8 1 0.4 1 0.8
0.999919070629403 1.01796837896218 "experimento_18" 18 10000 1000 0.8 1 0.4 1 0.8
0.999352720566094 1.02031640669952 "experimento_18" 18 10000 1000 0.8 1 0.4 1 0.8
0.996952444547787 1.01336229892623 "experimento_18" 18 10000 1000 0.8 1 0.4 1 0.8
1.00665266555861 1.02754642663155 "experimento_18" 18 10000 1000 0.8 1 0.4 1 0.8
1.01327526072724 0.985106563659363 "experimento_18" 18 10000 1000 0.8 1 0.4 1 0.8
0.999051459832117 1.03696273192657 "experimento_18" 18 10000 1000 0.8 1 0.4 1 0.8
0.998185186181217 0.993329119930527 "experimento_18" 18 10000 1000 0.8 1 0.4 1 0.8
0.996355068404227 1.01852328716361 "experimento_18" 18 10000 1000 0.8 1 0.4 1 0.8
1.00154668884352 0.967267903493654 "experimento_18" 18 10000 1000 0.8 1 0.4 1 0.8
0.999940678244457 1.00661772221642 "experimento_18" 18 10000 1000 0.8 1 0.4 1 0.8
1.22237842393708 1.01431023769916 "experimento_18" 18 10000 1000 0.8 1 0.4 1 0.8
1.15433512255549 0.986006004920036 "experimento_18" 18 10000 1000 0.8 1 0.4 1 0.8
0.99541980959475 1.04237116576842 "experimento_18" 18 10000 1000 0.8 1 0.4 1 0.8
0.998595458222553 1.01727454784201 "experimento_18" 18 10000 1000 0.8 1 0.4 1 0.8
0.995985433459282 1.00549104469267 "experimento_18" 18 10000 1000 0.8 1 0.4 1 0.8
0.997447049245238 1.01371392037748 "experimento_18" 18 10000 1000 0.8 1 0.4 1 0.8
1.02339872345328 0.974846708447093 "experimento_18" 18 10000 1000 0.8 1 0.4 1 0.8
0.996794536011294 1.00472374191223 "experimento_18" 18 10000 1000 0.8 1 0.4 1 0.8
1.00084522429803 0.988408376610073 "experimento_18" 18 10000 1000 0.8 1 0.4 1 0.8
1.00091558415443 1.01378231887002 "experimento_18" 18 10000 1000 0.8 1 0.4 1 0.8
1.00107644914534 0.980083377437153 "experimento_18" 18 10000 1000 0.8 1 0.4 1 0.8
0.999957493040711 0.988927471234515 "experimento_18" 18 10000 1000 0.8 1 0.4 1 0.8
0.998289993265644 0.978794566704426 "experimento_18" 18 10000 1000 0.8 1 0.4 1 0.8
0.999035625020042 1.00964147855348 "experimento_18" 18 10000 1000 0.8 1 0.4 1 0.8
0.991748986300081 0.975583991545926 "experimento_18" 18 10000 1000 0.8 1 0.4 1 0.8
1.11379110448477 1.03955393749513 "experimento_18" 18 10000 1000 0.8 1 0.4 1 0.8
0.996340460376814 0.994150954544753 "experimento_18" 18 10000 1000 0.8 1 0.4 1 0.8
1.19769759150222 0.961601257777483 "experimento_18" 18 10000 1000 0.8 1 0.4 1 0.8
1.01182769969224 0.972606973680799 "experimento_18" 18 10000 1000 0.8 1 0.4 1 0.8
0.997893877327442 0.987928392468958 "experimento_18" 18 10000 1000 0.8 1 0.4 1 0.8
0.998056203825399 1.00276120812135 "experimento_18" 18 10000 1000 0.8 1 0.4 1 0.8
0.995235473616049 1.04750840588002 "experimento_18" 18 10000 1000 0.8 1 0.4 1 0.8
0.996951702982187 1.03117472739402 "experimento_18" 18 10000 1000 0.8 1 0.4 1 0.8
1.05812872122197 1.00922924004411 "experimento_18" 18 10000 1000 0.8 1 0.4 1 0.8
1.00823719194159 0.990791630792725 "experimento_18" 18 10000 1000 0.8 1 0.4 1 0.8
1.00622087902441 0.973674384350371 "experimento_18" 18 10000 1000 0.8 1 0.4 1 0.8
1.00228791535199 0.9928594988464 "experimento_18" 18 10000 1000 0.8 1 0.4 1 0.8
0.996448581805453 0.990615832201568 "experimento_18" 18 10000 1000 0.8 1 0.4 1 0.8
0.997124288696796 1.00871259548915 "experimento_18" 18 10000 1000 0.8 1 0.4 1 0.8
0.999939730856568 0.988403905960466 "experimento_18" 18 10000 1000 0.8 1 0.4 1 0.8
1.0007857460072 1.02246799966023 "experimento_18" 18 10000 1000 0.8 1 0.4 1 0.8
1.00305524840951 1.03437719682205 "experimento_18" 18 10000 1000 0.8 1 0.4 1 0.8
1.00058336065958 1.0091464634579 "experimento_18" 18 10000 1000 0.8 1 0.4 1 0.8
1.0125321149826 0.974048846595436 "experimento_18" 18 10000 1000 0.8 1 0.4 1 0.8
0.993973194621503 1.00449131457651 "experimento_18" 18 10000 1000 0.8 1 0.4 1 0.8
0.99949277495034 0.996262377902185 "experimento_18" 18 10000 1000 0.8 1 0.4 1 0.8
0.996884508756921 1.0167655788399 "experimento_18" 18 10000 1000 0.8 1 0.4 1 0.8
1.00024306024398 0.983802468417867 "experimento_18" 18 10000 1000 0.8 1 0.4 1 0.8
1.00111899983007 0.99035379496355 "experimento_18" 18 10000 1000 0.8 1 0.4 1 0.8
1.00212008133531 0.993257435479209 "experimento_18" 18 10000 1000 0.8 1 0.4 1 0.8
1.00170690612867 0.975194826435672 "experimento_18" 18 10000 1000 0.8 1 0.4 1 0.8
1.0293953710084 0.991332666605343 "experimento_18" 18 10000 1000 0.8 1 0.4 1 0.8
0.999965538503602 0.983257783363436 "experimento_18" 18 10000 1000 0.8 1 0.4 1 0.8
1.00129686435685 1.0497889970276 "experimento_18" 18 10000 1000 0.8 1 0.4 1 0.8
1.00051928642097 0.98195867717835 "experimento_18" 18 10000 1000 0.8 1 0.4 1 0.8
0.996632402762771 0.978344432535134 "experimento_18" 18 10000 1000 0.8 1 0.4 1 0.8
1.06175757268562 0.971708189962806 "experimento_18" 18 10000 1000 0.8 1 0.4 1 0.8
0.998072262154892 0.968170869411696 "experimento_18" 18 10000 1000 0.8 1 0.4 1 0.8
0.998542608693242 0.995982047292109 "experimento_18" 18 10000 1000 0.8 1 0.4 1 0.8
0.995871221879497 1.02538812245298 "experimento_18" 18 10000 1000 0.8 1 0.4 1 0.8
0.993961515603587 1.02919851180348 "experimento_18" 18 10000 1000 0.8 1 0.4 1 0.8
0.999726586975157 1.01143211783134 "experimento_18" 18 10000 1000 0.8 1 0.4 1 0.8
0.999725309666246 0.989836651947126 "experimento_18" 18 10000 1000 0.8 1 0.4 1 0.8
0.998260670341551 1.00186469003223 "experimento_18" 18 10000 1000 0.8 1 0.4 1 0.8
0.99896482611075 0.991417168984408 "experimento_18" 18 10000 1000 0.8 1 0.4 1 0.8
1.0002515552752 1.01630052583988 "experimento_18" 18 10000 1000 0.8 1 0.4 1 0.8
1.00005889068476 1.03507679219496 "experimento_18" 18 10000 1000 0.8 1 0.4 1 0.8
1.3261006552422 0.962671020110691 "experimento_18" 18 10000 1000 0.8 1 0.4 1 0.8
1.04866268459143 0.971039886373841 "experimento_18" 18 10000 1000 0.8 1 0.4 1 0.8
0.997682237299159 1.04067193008886 "experimento_18" 18 10000 1000 0.8 1 0.4 1 0.8
0.999953852500767 0.982669936105428 "experimento_18" 18 10000 1000 0.8 1 0.4 1 0.8
0.999828975414857 0.993226777518777 "experimento_18" 18 10000 1000 0.8 1 0.4 1 0.8
1.02297716979635 1.01837049624143 "experimento_18" 18 10000 1000 0.8 1 0.4 1 0.8
1.00072220192128 0.986054303492755 "experimento_18" 18 10000 1000 0.8 1 0.4 1 0.8
0.996225751005113 1.03194700469408 "experimento_18" 18 10000 1000 0.8 1 0.4 1 0.8
1.1604190133512 0.998460214970274 "experimento_18" 18 10000 1000 0.8 1 0.4 1 0.8
0.99823719705455 1.01867378695771 "experimento_18" 18 10000 1000 0.8 1 0.4 1 0.8
1.06075621768832 1.0155587006265 "experimento_18" 18 10000 1000 0.8 1 0.4 1 0.8
1.00018880981952 1.02353663928435 "experimento_18" 18 10000 1000 0.8 1 0.4 1 0.8
0.998252992285416 0.957056727998878 "experimento_18" 18 10000 1000 0.8 1 0.4 1 0.8
0.994710201164708 0.999971855202417 "experimento_18" 18 10000 1000 0.8 1 0.4 1 0.8
0.994414995424449 1.06501939568147 "experimento_18" 18 10000 1000 0.8 1 0.4 1 0.8
1.00087278675107 0.980834314679599 "experimento_18" 18 10000 1000 0.8 1 0.4 1 0.8
1.03303425339982 0.993551603960022 "experimento_18" 18 10000 1000 0.8 1 0.4 1 0.8
1.03234882699326 0.989893775819324 "experimento_18" 18 10000 1000 0.8 1 0.4 1 0.8
1.00931532656529 1.00472407545271 "experimento_18" 18 10000 1000 0.8 1 0.4 1 0.8
0.996152836829424 1.05001262777437 "experimento_18" 18 10000 1000 0.8 1 0.4 1 0.8
1.00646846033311 0.997898878097756 "experimento_18" 18 10000 1000 0.8 1 0.4 1 0.8
0.997942772461101 0.987891269303243 "experimento_18" 18 10000 1000 0.8 1 0.4 1 0.8
0.999762204475701 0.989915129687054 "experimento_18" 18 10000 1000 0.8 1 0.4 1 0.8
0.998227183707058 1.02320589629694 "experimento_18" 18 10000 1000 0.8 1 0.4 1 0.8
1.00031706100679 0.964445437518494 "experimento_18" 18 10000 1000 0.8 1 0.4 1 0.8
0.996135964524001 1.02771557533821 "experimento_18" 18 10000 1000 0.8 1 0.4 1 0.8
0.997419651364908 1.01561456013071 "experimento_18" 18 10000 1000 0.8 1 0.4 1 0.8
0.997845571488142 0.992393069856536 "experimento_18" 18 10000 1000 0.8 1 0.4 1 0.8
0.999951577978209 1.00463014645462 "experimento_18" 18 10000 1000 0.8 1 0.4 1 0.8
0.992556352168322 1.04864510708874 "experimento_18" 18 10000 1000 0.8 1 0.4 1 0.8
0.99921506550163 1.00860729056548 "experimento_18" 18 10000 1000 0.8 1 0.4 1 0.8
0.995439988793805 0.997030592655989 "experimento_18" 18 10000 1000 0.8 1 0.4 1 0.8
0.996372239431366 1.00336974995971 "experimento_18" 18 10000 1000 0.8 1 0.4 1 0.8
1.2319595660083 0.989045357176381 "experimento_18" 18 10000 1000 0.8 1 0.4 1 0.8
1.07811500690877 0.997599714889466 "experimento_18" 18 10000 1000 0.8 1 0.4 1 0.8
0.999972262652591 1.0147311215172 "experimento_18" 18 10000 1000 0.8 1 0.4 1 0.8
1.40562594368905 0.926480688729814 "experimento_18" 18 10000 1000 0.8 1 0.4 1 0.8
1.02506716642529 1.0441829572734 "experimento_18" 18 10000 1000 0.8 1 0.4 1 0.8
0.994192500831559 1.01693941032116 "experimento_18" 18 10000 1000 0.8 1 0.4 1 0.8
0.998253516387194 1.04660539981287 "experimento_18" 18 10000 1000 0.8 1 0.4 1 0.8
0.994967510690913 1.0128548524481 "experimento_18" 18 10000 1000 0.8 1 0.4 1 0.8
0.997772344853729 1.04182594581474 "experimento_18" 18 10000 1000 0.8 1 0.4 1 0.8
0.99739497853443 0.996469599128658 "experimento_18" 18 10000 1000 0.8 1 0.4 1 0.8
0.998883896507323 1.02091457694105 "experimento_18" 18 10000 1000 0.8 1 0.4 1 0.8
0.999467112589628 1.00484460571664 "experimento_18" 18 10000 1000 0.8 1 0.4 1 0.8
0.997948356438428 0.987714549400465 "experimento_18" 18 10000 1000 0.8 1 0.4 1 0.8
1.01030094176531 0.966222810433509 "experimento_18" 18 10000 1000 0.8 1 0.4 1 0.8
0.99823551508598 1.02289648195097 "experimento_18" 18 10000 1000 0.8 1 0.4 1 0.8
1.00842382386327 0.98935880221195 "experimento_18" 18 10000 1000 0.8 1 0.4 1 0.8
1.0078385239467 1.0526453170987 "experimento_18" 18 10000 1000 0.8 1 0.4 1 0.8
1.00413120631129 0.997089601707979 "experimento_18" 18 10000 1000 0.8 1 0.4 1 0.8
0.994337374810129 1.00814909509877 "experimento_18" 18 10000 1000 0.8 1 0.4 1 0.8
0.997143508400768 1.05655601496349 "experimento_18" 18 10000 1000 0.8 1 0.4 1 0.8
1.00001459475607 1.01508447017724 "experimento_18" 18 10000 1000 0.8 1 0.4 1 0.8
0.994502443820238 0.969018152962242 "experimento_18" 18 10000 1000 0.8 1 0.4 1 0.8
1.01209570696928 1.00671028929482 "experimento_18" 18 10000 1000 0.8 1 0.4 1 0.8
0.998057119781151 1.02389997340996 "experimento_18" 18 10000 1000 0.8 1 0.4 1 0.8
1.10734816475024 0.975045640179098 "experimento_18" 18 10000 1000 0.8 1 0.4 1 0.8
1.05112160788849 0.988825781582421 "experimento_18" 18 10000 1000 0.8 1 0.4 1 0.8
1.00171348950022 0.977574881644088 "experimento_18" 18 10000 1000 0.8 1 0.4 1 0.8
0.99590874183923 0.992162499617537 "experimento_18" 18 10000 1000 0.8 1 0.4 1 0.8
1.41056973021995 0.975624328159714 "experimento_18" 18 10000 1000 0.8 1 0.4 1 0.8
0.995573226362467 1.00905528733797 "experimento_18" 18 10000 1000 0.8 1 0.4 1 0.8
0.996168955694884 1.03343835583034 "experimento_18" 18 10000 1000 0.8 1 0.4 1 0.8
0.998824523063377 1.04599740411508 "experimento_18" 18 10000 1000 0.8 1 0.4 1 0.8
0.998575474368408 0.999905358524686 "experimento_18" 18 10000 1000 0.8 1 0.4 1 0.8
0.999043703777716 1.01942757797252 "experimento_18" 18 10000 1000 0.8 1 0.4 1 0.8
0.997093900339678 1.03199814123628 "experimento_18" 18 10000 1000 0.8 1 0.4 1 0.8
0.996665769722313 1.05677044780425 "experimento_18" 18 10000 1000 0.8 1 0.4 1 0.8
1.00103892665356 0.944560971272827 "experimento_18" 18 10000 1000 0.8 1 0.4 1 0.8
0.998260870343074 1.05019994590828 "experimento_18" 18 10000 1000 0.8 1 0.4 1 0.8
1.01271406787407 1.01708348591894 "experimento_18" 18 10000 1000 0.8 1 0.4 1 0.8
0.999780461890623 1.00567599766095 "experimento_18" 18 10000 1000 0.8 1 0.4 1 0.8
0.999895536340773 1.01003604729933 "experimento_18" 18 10000 1000 0.8 1 0.4 1 0.8
0.995268212631345 1.02230959230654 "experimento_18" 18 10000 1000 0.8 1 0.4 1 0.8
0.996906351763755 1.05457217577475 "experimento_18" 18 10000 1000 0.8 1 0.4 1 0.8
0.990847622510046 1.04309488813746 "experimento_18" 18 10000 1000 0.8 1 0.4 1 0.8
1.05874133904796 0.970331367237974 "experimento_18" 18 10000 1000 0.8 1 0.4 1 0.8
0.998502238187939 1.0212610284057 "experimento_18" 18 10000 1000 0.8 1 0.4 1 0.8
0.996164025273174 0.973674235235249 "experimento_18" 18 10000 1000 0.8 1 0.4 1 0.8
1.00200281012803 1.04752410411129 "experimento_18" 18 10000 1000 0.8 1 0.4 1 0.8
1.27757382625714 0.956335876067872 "experimento_18" 18 10000 1000 0.8 1 0.4 1 0.8
0.996104067657143 0.964641223097913 "experimento_18" 18 10000 1000 0.8 1 0.4 1 0.8
0.997366660274565 1.01907696275012 "experimento_18" 18 10000 1000 0.8 1 0.4 1 0.8
0.991365647874773 1.03085523786442 "experimento_18" 18 10000 1000 0.8 1 0.4 1 0.8
1.00101998914033 1.05912172747216 "experimento_18" 18 10000 1000 0.8 1 0.4 1 0.8
0.9997585543897 1.02414048029418 "experimento_18" 18 10000 1000 0.8 1 0.4 1 0.8
1.12294332186717 0.976430282319669 "experimento_18" 18 10000 1000 0.8 1 0.4 1 0.8
1.09080464111974 1.00046450520965 "experimento_18" 18 10000 1000 0.8 1 0.4 1 0.8
1.12655583575158 1.00938592824271 "experimento_18" 18 10000 1000 0.8 1 0.4 1 0.8
1.06841063944959 1.00582484063507 "experimento_18" 18 10000 1000 0.8 1 0.4 1 0.8
0.995940496213734 1.01735491236916 "experimento_18" 18 10000 1000 0.8 1 0.4 1 0.8
1.01920384696235 1.02903708532883 "experimento_18" 18 10000 1000 0.8 1 0.4 1 0.8
1.00144043568595 0.995002406055316 "experimento_18" 18 10000 1000 0.8 1 0.4 1 0.8
0.998872858472168 1.01171065968255 "experimento_18" 18 10000 1000 0.8 1 0.4 1 0.8
0.99685313901864 1.02424218165825 "experimento_18" 18 10000 1000 0.8 1 0.4 1 0.8
0.997499068733305 1.01011462182161 "experimento_18" 18 10000 1000 0.8 1 0.4 1 0.8
0.996542350621894 1.05200264548257 "experimento_18" 18 10000 1000 0.8 1 0.4 1 0.8
0.999662911286578 1.02820864552485 "experimento_18" 18 10000 1000 0.8 1 0.4 1 0.8
1.00324239580915 1.00314285565988 "experimento_18" 18 10000 1000 0.8 1 0.4 1 0.8
0.997740213293582 1.00491164099513 "experimento_18" 18 10000 1000 0.8 1 0.4 1 0.8
0.995581509545445 1.0108205484231 "experimento_18" 18 10000 1000 0.8 1 0.4 1 0.8
1.00160330408106 0.986094268638779 "experimento_18" 18 10000 1000 0.8 1 0.4 1 0.8
0.999723179033026 1.00161252308772 "experimento_18" 18 10000 1000 0.8 1 0.4 1 0.8
0.993902110494673 1.01924569890561 "experimento_18" 18 10000 1000 0.8 1 0.4 1 0.8
0.998950213193893 1.01755531596602 "experimento_18" 18 10000 1000 0.8 1 0.4 1 0.8
0.996505510527641 1.00648048486746 "experimento_18" 18 10000 1000 0.8 1 0.4 1 0.8
0.997964276466519 0.9711250697982 "experimento_18" 18 10000 1000 0.8 1 0.4 1 0.8
0.997299791546538 1.0076043782748 "experimento_18" 18 10000 1000 0.8 1 0.4 1 0.8
1.02598146302626 0.951120426719942 "experimento_18" 18 10000 1000 0.8 1 0.4 1 0.8
0.994430104037747 1.01802428218985 "experimento_18" 18 10000 1000 0.8 1 0.4 1 0.8
0.993509216001257 1.03309400317449 "experimento_18" 18 10000 1000 0.8 1 0.4 1 0.8
0.997079484630376 1.05435896150587 "experimento_18" 18 10000 1000 0.8 1 0.4 1 0.8
0.997550182510167 1.02749388262384 "experimento_18" 18 10000 1000 0.8 1 0.4 1 0.8
1.1892146547325 0.971777957433882 "experimento_18" 18 10000 1000 0.8 1 0.4 1 0.8
0.99841023911722 0.985987265970061 "experimento_18" 18 10000 1000 0.8 1 0.4 1 0.8
1.18041241564726 0.955983701986264 "experimento_18" 18 10000 1000 0.8 1 0.4 1 0.8
0.997121384600177 1.01088867761296 "experimento_18" 18 10000 1000 0.8 1 0.4 1 0.8
1.2928607059726 1.00541951424431 "experimento_18" 18 10000 1000 0.8 1 0.4 1 0.8
1.10660634888336 1.02878724736191 "experimento_18" 18 10000 1000 0.8 1 0.4 1 0.8
0.997159212129191 1.01517009429644 "experimento_18" 18 10000 1000 0.8 1 0.4 1 0.8
1.00091136734255 0.975897813833932 "experimento_18" 18 10000 1000 0.8 1 0.4 1 0.8
0.993472757050768 0.977843975233303 "experimento_18" 18 10000 1000 0.8 1 0.4 1 0.8
0.996301280101761 1.0324847764613 "experimento_18" 18 10000 1000 0.8 1 0.4 1 0.8
1.00327769058362 0.996213419898076 "experimento_18" 18 10000 1000 0.8 1 0.4 1 0.8
0.999391868012026 0.996031954354195 "experimento_18" 18 10000 1000 0.8 1 0.4 1 0.8
1.00433262670413 1.01787787498522 "experimento_18" 18 10000 1000 0.8 1 0.4 1 0.8
0.995793593116105 1.02163052738893 "experimento_18" 18 10000 1000 0.8 1 0.4 1 0.8
1.02521527791396 0.992870823027388 "experimento_18" 18 10000 1000 0.8 1 0.4 1 0.8
0.998671169392765 0.978820941482997 "experimento_18" 18 10000 1000 0.8 1 0.4 1 0.8
1.00226188687198 0.993610934499295 "experimento_18" 18 10000 1000 0.8 1 0.4 1 0.8
1.0160550144501 0.995219748563292 "experimento_18" 18 10000 1000 0.8 1 0.4 1 0.8
0.997827255399898 1.01470369118672 "experimento_18" 18 10000 1000 0.8 1 0.4 1 0.8
1.03224518708885 1.01055664479064 "experimento_18" 18 10000 1000 0.8 1 0.4 1 0.8
0.996434053406119 0.981083986947132 "experimento_18" 18 10000 1000 0.8 1 0.4 1 0.8
1.03264167904854 1.01814242087018 "experimento_18" 18 10000 1000 0.8 1 0.4 1 0.8
0.996475069317967 0.98048683815689 "experimento_18" 18 10000 1000 0.8 1 0.4 1 0.8
0.99737792648375 0.996214336292357 "experimento_18" 18 10000 1000 0.8 1 0.4 1 0.8
1.07075233291835 1.01305190894082 "experimento_18" 18 10000 1000 0.8 1 0.4 1 0.8
0.993356906343251 0.996483428328478 "experimento_18" 18 10000 1000 0.8 1 0.4 1 0.8
0.996802294859663 1.05270381665713 "experimento_18" 18 10000 1000 0.8 1 0.4 1 0.8
1.00001278870321 1.03331123761513 "experimento_18" 18 10000 1000 0.8 1 0.4 1 0.8
0.994302822975442 1.02127092647796 "experimento_18" 18 10000 1000 0.8 1 0.4 1 0.8
1.00507705529871 0.973511883401893 "experimento_18" 18 10000 1000 0.8 1 0.4 1 0.8
0.997825188096613 0.991144848051132 "experimento_18" 18 10000 1000 0.8 1 0.4 1 0.8
0.999826865969226 1.03338368652538 "experimento_18" 18 10000 1000 0.8 1 0.4 1 0.8
1.00409786020419 0.972421580533395 "experimento_18" 18 10000 1000 0.8 1 0.4 1 0.8
1.00546618876979 1.04819204762096 "experimento_18" 18 10000 1000 0.8 1 0.4 1 0.8
0.996305858250707 0.985114247553318 "experimento_18" 18 10000 1000 0.8 1 0.4 1 0.8
0.995453404961154 0.971950136059537 "experimento_18" 18 10000 1000 0.8 1 0.4 1 0.8
