"est.u" "est.lamb" "name" "seed" "size" "replicates" "p_umbral" "exp_lambda" "alpha_pen" "n_pen" "c"
0.993071340024471 9.94510089951841 "experimento_25" 25 500 1000 0.8 10 0.4 1 0.8
1.02348336075179 8.91063032679891 "experimento_25" 25 500 1000 0.8 10 0.4 1 0.8
1.00394638596054 10.4217114691507 "experimento_25" 25 500 1000 0.8 10 0.4 1 0.8
1.05144713861773 12.6855287229112 "experimento_25" 25 500 1000 0.8 10 0.4 1 0.8
1.07786509310407 13.4366491931218 "experimento_25" 25 500 1000 0.8 10 0.4 1 0.8
0.99169337679632 9.2568262695763 "experimento_25" 25 500 1000 0.8 10 0.4 1 0.8
1.02981806767521 7.72044177402627 "experimento_25" 25 500 1000 0.8 10 0.4 1 0.8
0.992761831032112 9.79607350122399 "experimento_25" 25 500 1000 0.8 10 0.4 1 0.8
0.982663760194555 8.71491457206411 "experimento_25" 25 500 1000 0.8 10 0.4 1 0.8
0.982031474588439 8.46624037022653 "experimento_25" 25 500 1000 0.8 10 0.4 1 0.8
1.02086349609308 12.7872960594644 "experimento_25" 25 500 1000 0.8 10 0.4 1 0.8
0.985301959561184 8.14747206990027 "experimento_25" 25 500 1000 0.8 10 0.4 1 0.8
0.997230441309512 10.0446783142166 "experimento_25" 25 500 1000 0.8 10 0.4 1 0.8
0.998526614625007 8.81886910713017 "experimento_25" 25 500 1000 0.8 10 0.4 1 0.8
0.988804294494912 9.515653927475 "experimento_25" 25 500 1000 0.8 10 0.4 1 0.8
1.00008033004362 10.9931279659167 "experimento_25" 25 500 1000 0.8 10 0.4 1 0.8
1.00104346242733 9.27585134056488 "experimento_25" 25 500 1000 0.8 10 0.4 1 0.8
1.01084688249185 9.0539895281631 "experimento_25" 25 500 1000 0.8 10 0.4 1 0.8
1.01978818182833 9.67323874809514 "experimento_25" 25 500 1000 0.8 10 0.4 1 0.8
1.03133376520127 10.6459507071677 "experimento_25" 25 500 1000 0.8 10 0.4 1 0.8
1.00240613170493 9.77996170446051 "experimento_25" 25 500 1000 0.8 10 0.4 1 0.8
0.974416196113452 8.60770817523753 "experimento_25" 25 500 1000 0.8 10 0.4 1 0.8
0.97619755892083 7.84172921882222 "experimento_25" 25 500 1000 0.8 10 0.4 1 0.8
0.997593746054918 11.2070366108321 "experimento_25" 25 500 1000 0.8 10 0.4 1 0.8
1.00096457405016 9.87185771360367 "experimento_25" 25 500 1000 0.8 10 0.4 1 0.8
0.996189133962616 10.1973109207942 "experimento_25" 25 500 1000 0.8 10 0.4 1 0.8
0.996412674430758 9.68093616540666 "experimento_25" 25 500 1000 0.8 10 0.4 1 0.8
1.0053267815616 9.13328573452682 "experimento_25" 25 500 1000 0.8 10 0.4 1 0.8
0.996480835368857 10.3276885505728 "experimento_25" 25 500 1000 0.8 10 0.4 1 0.8
0.988585627404973 8.59505452705952 "experimento_25" 25 500 1000 0.8 10 0.4 1 0.8
1.00924291526899 9.95725984789388 "experimento_25" 25 500 1000 0.8 10 0.4 1 0.8
1.02086476888508 14.231865984728 "experimento_25" 25 500 1000 0.8 10 0.4 1 0.8
1.01150916982442 10.8149314301611 "experimento_25" 25 500 1000 0.8 10 0.4 1 0.8
1.02861482878216 10.1405156833784 "experimento_25" 25 500 1000 0.8 10 0.4 1 0.8
1.00735910194926 9.15068287764995 "experimento_25" 25 500 1000 0.8 10 0.4 1 0.8
0.991255825385451 8.95867082498803 "experimento_25" 25 500 1000 0.8 10 0.4 1 0.8
0.996715325862169 9.46055731857767 "experimento_25" 25 500 1000 0.8 10 0.4 1 0.8
1.10243683233437 18.1277667287202 "experimento_25" 25 500 1000 0.8 10 0.4 1 0.8
0.986451061908156 9.53278313610533 "experimento_25" 25 500 1000 0.8 10 0.4 1 0.8
0.996376880444586 9.74934874645821 "experimento_25" 25 500 1000 0.8 10 0.4 1 0.8
1.07029990140677 9.05718982900649 "experimento_25" 25 500 1000 0.8 10 0.4 1 0.8
0.989226523088291 9.51927392449486 "experimento_25" 25 500 1000 0.8 10 0.4 1 0.8
0.991079539759085 11.083772748476 "experimento_25" 25 500 1000 0.8 10 0.4 1 0.8
0.992573082679883 9.66163022629589 "experimento_25" 25 500 1000 0.8 10 0.4 1 0.8
1.01161785931326 10.4248831826776 "experimento_25" 25 500 1000 0.8 10 0.4 1 0.8
1.00088797800623 11.987988563918 "experimento_25" 25 500 1000 0.8 10 0.4 1 0.8
1.03471080339514 10.7252439419317 "experimento_25" 25 500 1000 0.8 10 0.4 1 0.8
1.02315398650244 11.6702984417463 "experimento_25" 25 500 1000 0.8 10 0.4 1 0.8
1.02405281017237 13.0476414881417 "experimento_25" 25 500 1000 0.8 10 0.4 1 0.8
0.997730741510168 9.40582236422809 "experimento_25" 25 500 1000 0.8 10 0.4 1 0.8
0.995570215163752 10.7385499026564 "experimento_25" 25 500 1000 0.8 10 0.4 1 0.8
1.00096247321926 12.2748234214314 "experimento_25" 25 500 1000 0.8 10 0.4 1 0.8
0.992871428607032 9.91281507345783 "experimento_25" 25 500 1000 0.8 10 0.4 1 0.8
1.00593029936262 10.3260301645925 "experimento_25" 25 500 1000 0.8 10 0.4 1 0.8
0.991328386357054 10.7562090049423 "experimento_25" 25 500 1000 0.8 10 0.4 1 0.8
1.01701735211265 10.6357473081086 "experimento_25" 25 500 1000 0.8 10 0.4 1 0.8
0.997296434827149 10.1213313657606 "experimento_25" 25 500 1000 0.8 10 0.4 1 0.8
0.993372437311336 9.42623150620615 "experimento_25" 25 500 1000 0.8 10 0.4 1 0.8
1.01763039630406 9.67204487540389 "experimento_25" 25 500 1000 0.8 10 0.4 1 0.8
0.994269043905661 9.78503713621805 "experimento_25" 25 500 1000 0.8 10 0.4 1 0.8
1.01161442417651 11.0484272074812 "experimento_25" 25 500 1000 0.8 10 0.4 1 0.8
1.06913946759887 12.1724820007251 "experimento_25" 25 500 1000 0.8 10 0.4 1 0.8
1.05903300503269 8.52608765698075 "experimento_25" 25 500 1000 0.8 10 0.4 1 0.8
1.01378628322855 10.3877994920035 "experimento_25" 25 500 1000 0.8 10 0.4 1 0.8
1.05698217746596 10.9430711981255 "experimento_25" 25 500 1000 0.8 10 0.4 1 0.8
1.01723816725425 10.7980653281065 "experimento_25" 25 500 1000 0.8 10 0.4 1 0.8
1.0006827192381 9.50811858285546 "experimento_25" 25 500 1000 0.8 10 0.4 1 0.8
0.99780234368518 10.3429429334958 "experimento_25" 25 500 1000 0.8 10 0.4 1 0.8
1.02800310342573 10.6635598227579 "experimento_25" 25 500 1000 0.8 10 0.4 1 0.8
0.990674179978669 10.3291565920303 "experimento_25" 25 500 1000 0.8 10 0.4 1 0.8
0.986968680052087 10.4910025577867 "experimento_25" 25 500 1000 0.8 10 0.4 1 0.8
1.00134921367538 9.06790778504504 "experimento_25" 25 500 1000 0.8 10 0.4 1 0.8
1.03230109508149 10.2055968269392 "experimento_25" 25 500 1000 0.8 10 0.4 1 0.8
1.01556773795746 9.59907885633035 "experimento_25" 25 500 1000 0.8 10 0.4 1 0.8
1.0486201829277 8.91261070505193 "experimento_25" 25 500 1000 0.8 10 0.4 1 0.8
0.989996413234621 9.41666087598111 "experimento_25" 25 500 1000 0.8 10 0.4 1 0.8
0.988330341177061 9.03459147097691 "experimento_25" 25 500 1000 0.8 10 0.4 1 0.8
1.0587501146365 10.0486234756762 "experimento_25" 25 500 1000 0.8 10 0.4 1 0.8
1.05596278076991 12.5538038546921 "experimento_25" 25 500 1000 0.8 10 0.4 1 0.8
1.00006569882982 10.0054566629388 "experimento_25" 25 500 1000 0.8 10 0.4 1 0.8
1.05884497580118 12.2637389509674 "experimento_25" 25 500 1000 0.8 10 0.4 1 0.8
1.00198519662954 10.6394486004412 "experimento_25" 25 500 1000 0.8 10 0.4 1 0.8
1.00615757564083 10.2080297939202 "experimento_25" 25 500 1000 0.8 10 0.4 1 0.8
0.998323003994301 11.4459230084651 "experimento_25" 25 500 1000 0.8 10 0.4 1 0.8
1.08473658561286 13.6768182927477 "experimento_25" 25 500 1000 0.8 10 0.4 1 0.8
1.03565454450436 10.8437892087169 "experimento_25" 25 500 1000 0.8 10 0.4 1 0.8
1.00315510216169 11.5189160366771 "experimento_25" 25 500 1000 0.8 10 0.4 1 0.8
1.04975521140732 7.45069792240594 "experimento_25" 25 500 1000 0.8 10 0.4 1 0.8
0.994515187805519 8.93218359474898 "experimento_25" 25 500 1000 0.8 10 0.4 1 0.8
1.04805297103389 11.8029768579251 "experimento_25" 25 500 1000 0.8 10 0.4 1 0.8
1.00626221397298 11.0089667909579 "experimento_25" 25 500 1000 0.8 10 0.4 1 0.8
1.05271502602845 12.9478892982188 "experimento_25" 25 500 1000 0.8 10 0.4 1 0.8
1.0175674917642 10.4484129185377 "experimento_25" 25 500 1000 0.8 10 0.4 1 0.8
0.989107677713037 9.45652423694106 "experimento_25" 25 500 1000 0.8 10 0.4 1 0.8
1.0000909997499 11.0973962523092 "experimento_25" 25 500 1000 0.8 10 0.4 1 0.8
1.00333377672359 11.5844836349229 "experimento_25" 25 500 1000 0.8 10 0.4 1 0.8
0.99454538570717 9.81783623443188 "experimento_25" 25 500 1000 0.8 10 0.4 1 0.8
1.01489817872643 12.1603384591425 "experimento_25" 25 500 1000 0.8 10 0.4 1 0.8
1.02760501718149 11.9156656443032 "experimento_25" 25 500 1000 0.8 10 0.4 1 0.8
0.979313273448497 8.27801167894364 "experimento_25" 25 500 1000 0.8 10 0.4 1 0.8
0.986922880867496 10.1778368772937 "experimento_25" 25 500 1000 0.8 10 0.4 1 0.8
1.02295973617584 11.0127365681963 "experimento_25" 25 500 1000 0.8 10 0.4 1 0.8
1.06464417453206 9.43700407283171 "experimento_25" 25 500 1000 0.8 10 0.4 1 0.8
0.998434710083529 9.54624524586761 "experimento_25" 25 500 1000 0.8 10 0.4 1 0.8
0.996711801970378 11.2810735635936 "experimento_25" 25 500 1000 0.8 10 0.4 1 0.8
0.9989930014126 10.1661410875998 "experimento_25" 25 500 1000 0.8 10 0.4 1 0.8
0.993431750917807 11.1451954903178 "experimento_25" 25 500 1000 0.8 10 0.4 1 0.8
1.03903135012694 10.4375686961158 "experimento_25" 25 500 1000 0.8 10 0.4 1 0.8
0.992575302254409 9.01152958533708 "experimento_25" 25 500 1000 0.8 10 0.4 1 0.8
1.00005363687962 9.42902423918064 "experimento_25" 25 500 1000 0.8 10 0.4 1 0.8
0.988821218023077 9.09073627464573 "experimento_25" 25 500 1000 0.8 10 0.4 1 0.8
1.03973612296395 10.7362978652993 "experimento_25" 25 500 1000 0.8 10 0.4 1 0.8
0.997111767530441 10.95424377303 "experimento_25" 25 500 1000 0.8 10 0.4 1 0.8
1.0666434830986 8.50005701422179 "experimento_25" 25 500 1000 0.8 10 0.4 1 0.8
0.991691533476114 11.6818358587173 "experimento_25" 25 500 1000 0.8 10 0.4 1 0.8
1.00585844460875 11.7660411001779 "experimento_25" 25 500 1000 0.8 10 0.4 1 0.8
0.998346600914374 11.1133791379809 "experimento_25" 25 500 1000 0.8 10 0.4 1 0.8
1.00304674388492 10.6246820126913 "experimento_25" 25 500 1000 0.8 10 0.4 1 0.8
1.01447910353179 9.33516898880249 "experimento_25" 25 500 1000 0.8 10 0.4 1 0.8
0.985166396712884 9.26104728549758 "experimento_25" 25 500 1000 0.8 10 0.4 1 0.8
0.994252575328574 9.92532877282182 "experimento_25" 25 500 1000 0.8 10 0.4 1 0.8
0.979884037049487 8.54993187194008 "experimento_25" 25 500 1000 0.8 10 0.4 1 0.8
1.02310003102757 12.1601856221893 "experimento_25" 25 500 1000 0.8 10 0.4 1 0.8
0.992963318480179 10.2059541688266 "experimento_25" 25 500 1000 0.8 10 0.4 1 0.8
0.992199485190213 10.1508518607325 "experimento_25" 25 500 1000 0.8 10 0.4 1 0.8
1.01269972492009 8.23887697458099 "experimento_25" 25 500 1000 0.8 10 0.4 1 0.8
1.00882997936569 10.2288847579295 "experimento_25" 25 500 1000 0.8 10 0.4 1 0.8
1.01094238841906 11.4623072527173 "experimento_25" 25 500 1000 0.8 10 0.4 1 0.8
1.00756304231448 10.3927779904798 "experimento_25" 25 500 1000 0.8 10 0.4 1 0.8
0.994010078487918 11.6603794164647 "experimento_25" 25 500 1000 0.8 10 0.4 1 0.8
0.99848832632415 9.19649679340098 "experimento_25" 25 500 1000 0.8 10 0.4 1 0.8
1.07657677202797 13.5281145361217 "experimento_25" 25 500 1000 0.8 10 0.4 1 0.8
1.02590506653539 10.3374673326602 "experimento_25" 25 500 1000 0.8 10 0.4 1 0.8
0.991268533980474 7.9503758286684 "experimento_25" 25 500 1000 0.8 10 0.4 1 0.8
1.00355513727379 9.70684446070682 "experimento_25" 25 500 1000 0.8 10 0.4 1 0.8
1.06641057319939 7.55351863329301 "experimento_25" 25 500 1000 0.8 10 0.4 1 0.8
1.03175430188744 8.3384787418451 "experimento_25" 25 500 1000 0.8 10 0.4 1 0.8
1.01248648531296 11.3807322906876 "experimento_25" 25 500 1000 0.8 10 0.4 1 0.8
1.00184690701742 11.6266713338545 "experimento_25" 25 500 1000 0.8 10 0.4 1 0.8
0.988607553066686 9.58945970988291 "experimento_25" 25 500 1000 0.8 10 0.4 1 0.8
1.03450185838155 9.36817719377656 "experimento_25" 25 500 1000 0.8 10 0.4 1 0.8
1.03508135424927 10.2829469008346 "experimento_25" 25 500 1000 0.8 10 0.4 1 0.8
0.991598811466247 10.0058743974629 "experimento_25" 25 500 1000 0.8 10 0.4 1 0.8
1.003711043481 9.79763234766748 "experimento_25" 25 500 1000 0.8 10 0.4 1 0.8
1.02142145037651 8.42237152534743 "experimento_25" 25 500 1000 0.8 10 0.4 1 0.8
0.991214982233942 9.12923244813318 "experimento_25" 25 500 1000 0.8 10 0.4 1 0.8
1.00041669565253 9.72657594477208 "experimento_25" 25 500 1000 0.8 10 0.4 1 0.8
1.02370019312948 9.37158510696817 "experimento_25" 25 500 1000 0.8 10 0.4 1 0.8
1.0033991359296 11.6150582113783 "experimento_25" 25 500 1000 0.8 10 0.4 1 0.8
1.01353533472866 10.4162959383451 "experimento_25" 25 500 1000 0.8 10 0.4 1 0.8
0.986965890973806 9.10668560362971 "experimento_25" 25 500 1000 0.8 10 0.4 1 0.8
0.995857161236927 10.4036597685032 "experimento_25" 25 500 1000 0.8 10 0.4 1 0.8
1.01918350500055 11.4819280238435 "experimento_25" 25 500 1000 0.8 10 0.4 1 0.8
1.03924928423949 12.3462636267012 "experimento_25" 25 500 1000 0.8 10 0.4 1 0.8
0.980802859412506 9.27527267530722 "experimento_25" 25 500 1000 0.8 10 0.4 1 0.8
0.992261530132964 8.01881421422294 "experimento_25" 25 500 1000 0.8 10 0.4 1 0.8
0.997668354539201 10.7088411009917 "experimento_25" 25 500 1000 0.8 10 0.4 1 0.8
1.12117583676753 13.7408061934524 "experimento_25" 25 500 1000 0.8 10 0.4 1 0.8
1.01986391335774 8.85581807791624 "experimento_25" 25 500 1000 0.8 10 0.4 1 0.8
0.999863006174564 13.3638167446346 "experimento_25" 25 500 1000 0.8 10 0.4 1 0.8
1.01324591566809 12.4740328444884 "experimento_25" 25 500 1000 0.8 10 0.4 1 0.8
1.01680569951423 10.9886942300667 "experimento_25" 25 500 1000 0.8 10 0.4 1 0.8
0.987399775767699 10.2668580252647 "experimento_25" 25 500 1000 0.8 10 0.4 1 0.8
0.985004544490948 8.16732161062489 "experimento_25" 25 500 1000 0.8 10 0.4 1 0.8
0.995073921512812 11.4377412582481 "experimento_25" 25 500 1000 0.8 10 0.4 1 0.8
0.991955019999295 9.2482814294959 "experimento_25" 25 500 1000 0.8 10 0.4 1 0.8
0.987736902432516 8.44596064203564 "experimento_25" 25 500 1000 0.8 10 0.4 1 0.8
1.00078631350459 11.8391647375748 "experimento_25" 25 500 1000 0.8 10 0.4 1 0.8
1.0301658924669 10.3456420126932 "experimento_25" 25 500 1000 0.8 10 0.4 1 0.8
1.00604708838635 9.60034122712327 "experimento_25" 25 500 1000 0.8 10 0.4 1 0.8
1.05214339946397 12.5828050284151 "experimento_25" 25 500 1000 0.8 10 0.4 1 0.8
0.994485736358911 8.94513041169057 "experimento_25" 25 500 1000 0.8 10 0.4 1 0.8
0.985407848842442 9.11746072673489 "experimento_25" 25 500 1000 0.8 10 0.4 1 0.8
1.00526881334372 10.5636533413285 "experimento_25" 25 500 1000 0.8 10 0.4 1 0.8
0.982876138528809 9.34804818920312 "experimento_25" 25 500 1000 0.8 10 0.4 1 0.8
1.03857335350476 13.6787472405705 "experimento_25" 25 500 1000 0.8 10 0.4 1 0.8
1.00146358832717 10.3212903294247 "experimento_25" 25 500 1000 0.8 10 0.4 1 0.8
0.98993101133965 9.94575781389227 "experimento_25" 25 500 1000 0.8 10 0.4 1 0.8
0.997598238289356 9.06080162901671 "experimento_25" 25 500 1000 0.8 10 0.4 1 0.8
0.998124026460573 10.6107580778918 "experimento_25" 25 500 1000 0.8 10 0.4 1 0.8
1.00792013313621 11.0181912621612 "experimento_25" 25 500 1000 0.8 10 0.4 1 0.8
1.02971477396786 13.5653341289967 "experimento_25" 25 500 1000 0.8 10 0.4 1 0.8
0.99815530423075 11.7781284905466 "experimento_25" 25 500 1000 0.8 10 0.4 1 0.8
0.994884827639908 11.5223550358862 "experimento_25" 25 500 1000 0.8 10 0.4 1 0.8
0.978404602967203 9.13182329500291 "experimento_25" 25 500 1000 0.8 10 0.4 1 0.8
1.00322453337722 10.3329913818464 "experimento_25" 25 500 1000 0.8 10 0.4 1 0.8
0.995306485099718 9.48484733894954 "experimento_25" 25 500 1000 0.8 10 0.4 1 0.8
0.976535983616486 8.79251921971099 "experimento_25" 25 500 1000 0.8 10 0.4 1 0.8
0.995015916181728 10.7849934505688 "experimento_25" 25 500 1000 0.8 10 0.4 1 0.8
1.05981286582537 11.1030196796636 "experimento_25" 25 500 1000 0.8 10 0.4 1 0.8
1.00058485252702 10.1009015378672 "experimento_25" 25 500 1000 0.8 10 0.4 1 0.8
0.997003746917471 10.6604076225949 "experimento_25" 25 500 1000 0.8 10 0.4 1 0.8
1.02537831594236 9.08029817398463 "experimento_25" 25 500 1000 0.8 10 0.4 1 0.8
1.01410715160891 9.5994594347524 "experimento_25" 25 500 1000 0.8 10 0.4 1 0.8
1.04899589465931 9.03962156525369 "experimento_25" 25 500 1000 0.8 10 0.4 1 0.8
0.989324354799464 7.83510160675102 "experimento_25" 25 500 1000 0.8 10 0.4 1 0.8
1.00149391293526 9.42211173808287 "experimento_25" 25 500 1000 0.8 10 0.4 1 0.8
1.02076615008296 11.542804627004 "experimento_25" 25 500 1000 0.8 10 0.4 1 0.8
1.00160132158434 10.6602019057747 "experimento_25" 25 500 1000 0.8 10 0.4 1 0.8
0.98288799659349 8.40271059096239 "experimento_25" 25 500 1000 0.8 10 0.4 1 0.8
0.994096941547468 9.75218677036316 "experimento_25" 25 500 1000 0.8 10 0.4 1 0.8
0.995627397438511 8.52153765829991 "experimento_25" 25 500 1000 0.8 10 0.4 1 0.8
1.0244416994974 8.77600711463094 "experimento_25" 25 500 1000 0.8 10 0.4 1 0.8
1.00669472403824 12.3941102873552 "experimento_25" 25 500 1000 0.8 10 0.4 1 0.8
0.996323632076383 10.3249098155019 "experimento_25" 25 500 1000 0.8 10 0.4 1 0.8
1.0247664285358 10.6841117497768 "experimento_25" 25 500 1000 0.8 10 0.4 1 0.8
0.988152573816478 9.82877618835189 "experimento_25" 25 500 1000 0.8 10 0.4 1 0.8
1.00072926944577 10.4783885076962 "experimento_25" 25 500 1000 0.8 10 0.4 1 0.8
0.988722835434601 9.64844129444382 "experimento_25" 25 500 1000 0.8 10 0.4 1 0.8
1.00299344211817 11.5160128278488 "experimento_25" 25 500 1000 0.8 10 0.4 1 0.8
1.05770201827399 11.4696691884759 "experimento_25" 25 500 1000 0.8 10 0.4 1 0.8
0.995252340799198 9.19620640203666 "experimento_25" 25 500 1000 0.8 10 0.4 1 0.8
0.996108009014279 8.40027634006444 "experimento_25" 25 500 1000 0.8 10 0.4 1 0.8
1.00440831410433 8.92986147682024 "experimento_25" 25 500 1000 0.8 10 0.4 1 0.8
0.984721992630512 8.9127228172093 "experimento_25" 25 500 1000 0.8 10 0.4 1 0.8
1.00423191960154 11.3914724484049 "experimento_25" 25 500 1000 0.8 10 0.4 1 0.8
1.09376080182406 16.0885375494372 "experimento_25" 25 500 1000 0.8 10 0.4 1 0.8
1.00017047273753 11.8229702751723 "experimento_25" 25 500 1000 0.8 10 0.4 1 0.8
0.978166487533599 7.85583789796998 "experimento_25" 25 500 1000 0.8 10 0.4 1 0.8
1.00729839434959 9.76583925196526 "experimento_25" 25 500 1000 0.8 10 0.4 1 0.8
1.03358722796328 8.89700684760128 "experimento_25" 25 500 1000 0.8 10 0.4 1 0.8
1.03218061598018 8.65093126698441 "experimento_25" 25 500 1000 0.8 10 0.4 1 0.8
0.996244900627062 9.81289076816319 "experimento_25" 25 500 1000 0.8 10 0.4 1 0.8
0.979457020061091 8.74303695255277 "experimento_25" 25 500 1000 0.8 10 0.4 1 0.8
0.988850641064346 10.1725696397266 "experimento_25" 25 500 1000 0.8 10 0.4 1 0.8
0.991399796213955 9.17169541075162 "experimento_25" 25 500 1000 0.8 10 0.4 1 0.8
1.06640921216458 8.71926385358358 "experimento_25" 25 500 1000 0.8 10 0.4 1 0.8
1.00805460405536 10.2866651330408 "experimento_25" 25 500 1000 0.8 10 0.4 1 0.8
0.999898862093687 10.9264370122067 "experimento_25" 25 500 1000 0.8 10 0.4 1 0.8
0.996627710061148 10.0268542623141 "experimento_25" 25 500 1000 0.8 10 0.4 1 0.8
0.973285461077467 7.69405541783251 "experimento_25" 25 500 1000 0.8 10 0.4 1 0.8
1.04139942983165 11.0592161305244 "experimento_25" 25 500 1000 0.8 10 0.4 1 0.8
0.990863313665614 9.3039686662004 "experimento_25" 25 500 1000 0.8 10 0.4 1 0.8
1.07653843136084 13.5479154049628 "experimento_25" 25 500 1000 0.8 10 0.4 1 0.8
1.00676015769131 10.9396754130465 "experimento_25" 25 500 1000 0.8 10 0.4 1 0.8
1.09991484013897 12.1586313117072 "experimento_25" 25 500 1000 0.8 10 0.4 1 0.8
0.982844337821007 8.71954773659455 "experimento_25" 25 500 1000 0.8 10 0.4 1 0.8
0.992811321048066 10.8276618106179 "experimento_25" 25 500 1000 0.8 10 0.4 1 0.8
1.05591930286027 10.4411488260115 "experimento_25" 25 500 1000 0.8 10 0.4 1 0.8
1.08001542200512 10.3678201280786 "experimento_25" 25 500 1000 0.8 10 0.4 1 0.8
0.997271321248263 8.70007359263122 "experimento_25" 25 500 1000 0.8 10 0.4 1 0.8
0.992822744650766 9.86459009836673 "experimento_25" 25 500 1000 0.8 10 0.4 1 0.8
0.997722142608836 8.75128418639478 "experimento_25" 25 500 1000 0.8 10 0.4 1 0.8
0.993523556273431 9.25002772902505 "experimento_25" 25 500 1000 0.8 10 0.4 1 0.8
0.991617202758789 9.56554164248603 "experimento_25" 25 500 1000 0.8 10 0.4 1 0.8
1.04771487764083 10.7701078218 "experimento_25" 25 500 1000 0.8 10 0.4 1 0.8
1.00121581736021 9.54775010819901 "experimento_25" 25 500 1000 0.8 10 0.4 1 0.8
1.01779869496822 8.31430016851387 "experimento_25" 25 500 1000 0.8 10 0.4 1 0.8
1.00158106754534 9.89035102227234 "experimento_25" 25 500 1000 0.8 10 0.4 1 0.8
1.06526596499607 15.3168364566942 "experimento_25" 25 500 1000 0.8 10 0.4 1 0.8
0.994233851553872 8.70801721132679 "experimento_25" 25 500 1000 0.8 10 0.4 1 0.8
0.991116753546521 8.91475281023934 "experimento_25" 25 500 1000 0.8 10 0.4 1 0.8
0.98284990596585 8.44593017975415 "experimento_25" 25 500 1000 0.8 10 0.4 1 0.8
1.03350303564221 9.60274529383653 "experimento_25" 25 500 1000 0.8 10 0.4 1 0.8
1.02090150649041 10.8615362244387 "experimento_25" 25 500 1000 0.8 10 0.4 1 0.8
1.01934053250588 9.63912622537545 "experimento_25" 25 500 1000 0.8 10 0.4 1 0.8
0.994100570911542 9.99331698612391 "experimento_25" 25 500 1000 0.8 10 0.4 1 0.8
0.995214107213542 9.00225176017356 "experimento_25" 25 500 1000 0.8 10 0.4 1 0.8
1.00098561849445 11.708366829821 "experimento_25" 25 500 1000 0.8 10 0.4 1 0.8
0.997785897227004 11.6268554463745 "experimento_25" 25 500 1000 0.8 10 0.4 1 0.8
0.992887508589774 10.4549660818429 "experimento_25" 25 500 1000 0.8 10 0.4 1 0.8
0.998712696135044 9.93895721042625 "experimento_25" 25 500 1000 0.8 10 0.4 1 0.8
1.01723909889491 9.60923603044566 "experimento_25" 25 500 1000 0.8 10 0.4 1 0.8
1.08038106250917 10.6478892049017 "experimento_25" 25 500 1000 0.8 10 0.4 1 0.8
1.00049318908714 11.3027052950465 "experimento_25" 25 500 1000 0.8 10 0.4 1 0.8
1.05880075472107 9.48669099731779 "experimento_25" 25 500 1000 0.8 10 0.4 1 0.8
0.979181563248858 9.08887947759633 "experimento_25" 25 500 1000 0.8 10 0.4 1 0.8
1.0178272917401 12.0650235275532 "experimento_25" 25 500 1000 0.8 10 0.4 1 0.8
1.00631112080927 9.00486065719131 "experimento_25" 25 500 1000 0.8 10 0.4 1 0.8
1.0231144126039 11.8864115986114 "experimento_25" 25 500 1000 0.8 10 0.4 1 0.8
0.992360511096194 9.56267285595662 "experimento_25" 25 500 1000 0.8 10 0.4 1 0.8
1.04033019165508 11.4338489654178 "experimento_25" 25 500 1000 0.8 10 0.4 1 0.8
1.01331359851174 8.61548435657472 "experimento_25" 25 500 1000 0.8 10 0.4 1 0.8
0.988580819917843 9.17102150921655 "experimento_25" 25 500 1000 0.8 10 0.4 1 0.8
0.996350648114458 9.64362264881466 "experimento_25" 25 500 1000 0.8 10 0.4 1 0.8
1.10338715233678 11.2658360617298 "experimento_25" 25 500 1000 0.8 10 0.4 1 0.8
0.993637728970498 9.58936558485705 "experimento_25" 25 500 1000 0.8 10 0.4 1 0.8
1.0089055694168 10.4995435741645 "experimento_25" 25 500 1000 0.8 10 0.4 1 0.8
1.02481342997587 9.39193145421168 "experimento_25" 25 500 1000 0.8 10 0.4 1 0.8
1.01175482612927 10.5021064689095 "experimento_25" 25 500 1000 0.8 10 0.4 1 0.8
1.10965410852158 11.025150034914 "experimento_25" 25 500 1000 0.8 10 0.4 1 0.8
1.01248947771425 8.95317905061079 "experimento_25" 25 500 1000 0.8 10 0.4 1 0.8
1.08121902420697 12.336687356849 "experimento_25" 25 500 1000 0.8 10 0.4 1 0.8
1.09586914634044 10.0395684840745 "experimento_25" 25 500 1000 0.8 10 0.4 1 0.8
0.992252563359216 10.1185270477763 "experimento_25" 25 500 1000 0.8 10 0.4 1 0.8
1.05926996646449 10.7244812455529 "experimento_25" 25 500 1000 0.8 10 0.4 1 0.8
0.988684866344556 9.04934759569584 "experimento_25" 25 500 1000 0.8 10 0.4 1 0.8
0.994761276990175 11.3457245585707 "experimento_25" 25 500 1000 0.8 10 0.4 1 0.8
1.05082793044858 9.11505004698037 "experimento_25" 25 500 1000 0.8 10 0.4 1 0.8
1.00394599043597 9.74269623290273 "experimento_25" 25 500 1000 0.8 10 0.4 1 0.8
0.988415425643325 8.56250566463144 "experimento_25" 25 500 1000 0.8 10 0.4 1 0.8
1.0867020024876 12.4524377783943 "experimento_25" 25 500 1000 0.8 10 0.4 1 0.8
1.02303652293049 10.7028850647831 "experimento_25" 25 500 1000 0.8 10 0.4 1 0.8
1.00056686024182 10.654130665103 "experimento_25" 25 500 1000 0.8 10 0.4 1 0.8
1.00130171431229 10.5656497342095 "experimento_25" 25 500 1000 0.8 10 0.4 1 0.8
0.984765242086723 9.02529375545213 "experimento_25" 25 500 1000 0.8 10 0.4 1 0.8
0.993561530951411 10.0126090942597 "experimento_25" 25 500 1000 0.8 10 0.4 1 0.8
0.998619985533878 12.8575606727746 "experimento_25" 25 500 1000 0.8 10 0.4 1 0.8
1.00049423700468 9.85887214308051 "experimento_25" 25 500 1000 0.8 10 0.4 1 0.8
1.00223161778413 10.3202242531076 "experimento_25" 25 500 1000 0.8 10 0.4 1 0.8
0.99980734847486 9.55548230215294 "experimento_25" 25 500 1000 0.8 10 0.4 1 0.8
1.01042529180264 10.3932320195578 "experimento_25" 25 500 1000 0.8 10 0.4 1 0.8
1.01376758567058 11.2081183328922 "experimento_25" 25 500 1000 0.8 10 0.4 1 0.8
1.09214914373077 14.385752512385 "experimento_25" 25 500 1000 0.8 10 0.4 1 0.8
0.99242901802063 8.94060053356444 "experimento_25" 25 500 1000 0.8 10 0.4 1 0.8
1.00582047561184 11.2597594908143 "experimento_25" 25 500 1000 0.8 10 0.4 1 0.8
0.990347440354526 10.6701320377314 "experimento_25" 25 500 1000 0.8 10 0.4 1 0.8
0.983909695409238 9.15529939489041 "experimento_25" 25 500 1000 0.8 10 0.4 1 0.8
1.00535505367443 12.5684896391301 "experimento_25" 25 500 1000 0.8 10 0.4 1 0.8
0.999194306787103 12.0582189401368 "experimento_25" 25 500 1000 0.8 10 0.4 1 0.8
0.972302212845534 9.16224372631647 "experimento_25" 25 500 1000 0.8 10 0.4 1 0.8
1.05023874933831 10.4940792602693 "experimento_25" 25 500 1000 0.8 10 0.4 1 0.8
0.990719611523673 11.7934802634447 "experimento_25" 25 500 1000 0.8 10 0.4 1 0.8
0.994594609830528 11.6269402658149 "experimento_25" 25 500 1000 0.8 10 0.4 1 0.8
1.00236349282786 11.6981584972889 "experimento_25" 25 500 1000 0.8 10 0.4 1 0.8
0.999989912146702 8.96617888995604 "experimento_25" 25 500 1000 0.8 10 0.4 1 0.8
0.990877524483949 9.45848990085242 "experimento_25" 25 500 1000 0.8 10 0.4 1 0.8
1.00059992653532 9.99107441330785 "experimento_25" 25 500 1000 0.8 10 0.4 1 0.8
1.07252302774739 8.36628996446595 "experimento_25" 25 500 1000 0.8 10 0.4 1 0.8
0.997548592276871 9.20761918219188 "experimento_25" 25 500 1000 0.8 10 0.4 1 0.8
1.08523278776136 10.9784619918852 "experimento_25" 25 500 1000 0.8 10 0.4 1 0.8
1.06041686586104 12.8119217578506 "experimento_25" 25 500 1000 0.8 10 0.4 1 0.8
0.977663684170693 9.16053440685328 "experimento_25" 25 500 1000 0.8 10 0.4 1 0.8
1.03148488495499 9.99247534910731 "experimento_25" 25 500 1000 0.8 10 0.4 1 0.8
1.00022236768225 10.5466672834344 "experimento_25" 25 500 1000 0.8 10 0.4 1 0.8
0.995638653403148 10.9280123398934 "experimento_25" 25 500 1000 0.8 10 0.4 1 0.8
0.990792507305741 8.4842514230235 "experimento_25" 25 500 1000 0.8 10 0.4 1 0.8
1.04461462139152 10.9833840277871 "experimento_25" 25 500 1000 0.8 10 0.4 1 0.8
1.00068175344934 8.94945079055743 "experimento_25" 25 500 1000 0.8 10 0.4 1 0.8
0.998736951034516 10.9027898112831 "experimento_25" 25 500 1000 0.8 10 0.4 1 0.8
0.986325107514858 10.0420511139592 "experimento_25" 25 500 1000 0.8 10 0.4 1 0.8
1.00370265864767 10.1858400755263 "experimento_25" 25 500 1000 0.8 10 0.4 1 0.8
0.999001474585384 9.29852201754742 "experimento_25" 25 500 1000 0.8 10 0.4 1 0.8
1.00301113761961 9.86851051826294 "experimento_25" 25 500 1000 0.8 10 0.4 1 0.8
1.11323888189671 14.3348311994999 "experimento_25" 25 500 1000 0.8 10 0.4 1 0.8
1.02346911641228 10.069268607248 "experimento_25" 25 500 1000 0.8 10 0.4 1 0.8
0.982609271071851 9.49658714575242 "experimento_25" 25 500 1000 0.8 10 0.4 1 0.8
0.993973712902516 10.2962825596979 "experimento_25" 25 500 1000 0.8 10 0.4 1 0.8
1.07078265510079 12.6514465918284 "experimento_25" 25 500 1000 0.8 10 0.4 1 0.8
1.01340854524631 9.47657653603424 "experimento_25" 25 500 1000 0.8 10 0.4 1 0.8
1.02458682231472 9.4411020120806 "experimento_25" 25 500 1000 0.8 10 0.4 1 0.8
0.984626706223935 10.3342085755233 "experimento_25" 25 500 1000 0.8 10 0.4 1 0.8
1.00542616150342 8.68414544142971 "experimento_25" 25 500 1000 0.8 10 0.4 1 0.8
1.0036599800922 10.7889826730702 "experimento_25" 25 500 1000 0.8 10 0.4 1 0.8
0.996244407026097 9.48073041218229 "experimento_25" 25 500 1000 0.8 10 0.4 1 0.8
1.11212515690875 7.59041403531374 "experimento_25" 25 500 1000 0.8 10 0.4 1 0.8
1.0017786142481 9.84157227723515 "experimento_25" 25 500 1000 0.8 10 0.4 1 0.8
1.00985743080668 12.4033842505655 "experimento_25" 25 500 1000 0.8 10 0.4 1 0.8
1.06151810418814 7.96747985983372 "experimento_25" 25 500 1000 0.8 10 0.4 1 0.8
0.98250074731186 8.90777562060199 "experimento_25" 25 500 1000 0.8 10 0.4 1 0.8
0.995119007304311 11.0464217209829 "experimento_25" 25 500 1000 0.8 10 0.4 1 0.8
0.991040650289506 11.3894999851409 "experimento_25" 25 500 1000 0.8 10 0.4 1 0.8
0.98332321504131 10.6695762759843 "experimento_25" 25 500 1000 0.8 10 0.4 1 0.8
0.997784269740805 10.7284271240657 "experimento_25" 25 500 1000 0.8 10 0.4 1 0.8
0.996924629202113 10.9867786227267 "experimento_25" 25 500 1000 0.8 10 0.4 1 0.8
0.997280509676784 9.03109263329778 "experimento_25" 25 500 1000 0.8 10 0.4 1 0.8
1.09829569011507 12.4094050588555 "experimento_25" 25 500 1000 0.8 10 0.4 1 0.8
1.0660477232188 10.3982083464023 "experimento_25" 25 500 1000 0.8 10 0.4 1 0.8
1.00475589993154 10.8198744684393 "experimento_25" 25 500 1000 0.8 10 0.4 1 0.8
0.998312908224761 10.362076428447 "experimento_25" 25 500 1000 0.8 10 0.4 1 0.8
0.992494696984068 11.6207920967331 "experimento_25" 25 500 1000 0.8 10 0.4 1 0.8
1.0035081546255 9.36175943726795 "experimento_25" 25 500 1000 0.8 10 0.4 1 0.8
0.99285850697197 8.48949066464236 "experimento_25" 25 500 1000 0.8 10 0.4 1 0.8
1.00032108575106 10.295831081995 "experimento_25" 25 500 1000 0.8 10 0.4 1 0.8
0.981479676207528 8.32304705145035 "experimento_25" 25 500 1000 0.8 10 0.4 1 0.8
1.08700532027538 7.69000871426082 "experimento_25" 25 500 1000 0.8 10 0.4 1 0.8
1.04319545007311 10.9560860583183 "experimento_25" 25 500 1000 0.8 10 0.4 1 0.8
0.987741942284629 11.3974251999068 "experimento_25" 25 500 1000 0.8 10 0.4 1 0.8
1.00166342625324 9.80353371546736 "experimento_25" 25 500 1000 0.8 10 0.4 1 0.8
0.993153334595263 8.85375892294998 "experimento_25" 25 500 1000 0.8 10 0.4 1 0.8
0.996434457134455 10.1890966308426 "experimento_25" 25 500 1000 0.8 10 0.4 1 0.8
1.00069036474297 8.43642518731685 "experimento_25" 25 500 1000 0.8 10 0.4 1 0.8
1.00020730660096 9.24441056290179 "experimento_25" 25 500 1000 0.8 10 0.4 1 0.8
1.00071645230055 9.25059667181395 "experimento_25" 25 500 1000 0.8 10 0.4 1 0.8
1.00747176730074 10.0900956592316 "experimento_25" 25 500 1000 0.8 10 0.4 1 0.8
0.994453283958137 9.23044275291439 "experimento_25" 25 500 1000 0.8 10 0.4 1 0.8
0.993136136094108 10.5534776880603 "experimento_25" 25 500 1000 0.8 10 0.4 1 0.8
1.06451077261008 10.3620845995297 "experimento_25" 25 500 1000 0.8 10 0.4 1 0.8
1.05963405873626 10.5623478172767 "experimento_25" 25 500 1000 0.8 10 0.4 1 0.8
1.00353861978155 11.0088358545964 "experimento_25" 25 500 1000 0.8 10 0.4 1 0.8
0.988385528093204 8.96856579560673 "experimento_25" 25 500 1000 0.8 10 0.4 1 0.8
1.08014419031841 8.97421514774286 "experimento_25" 25 500 1000 0.8 10 0.4 1 0.8
1.0001561132976 11.0955886414589 "experimento_25" 25 500 1000 0.8 10 0.4 1 0.8
0.999516551150009 9.86691610085419 "experimento_25" 25 500 1000 0.8 10 0.4 1 0.8
1.08898530462337 9.96868341419292 "experimento_25" 25 500 1000 0.8 10 0.4 1 0.8
1.06339756930247 8.01487647629101 "experimento_25" 25 500 1000 0.8 10 0.4 1 0.8
1.05438798554242 11.8406473120851 "experimento_25" 25 500 1000 0.8 10 0.4 1 0.8
1.00053901078024 10.1937611595656 "experimento_25" 25 500 1000 0.8 10 0.4 1 0.8
1.00300245066173 10.5598998919006 "experimento_25" 25 500 1000 0.8 10 0.4 1 0.8
0.985588084673509 9.03350922637927 "experimento_25" 25 500 1000 0.8 10 0.4 1 0.8
1.0392703760881 12.6880350436643 "experimento_25" 25 500 1000 0.8 10 0.4 1 0.8
0.989729014225304 10.2332779941598 "experimento_25" 25 500 1000 0.8 10 0.4 1 0.8
1.01778797869755 10.4206411631806 "experimento_25" 25 500 1000 0.8 10 0.4 1 0.8
0.999872671905905 13.7480558857985 "experimento_25" 25 500 1000 0.8 10 0.4 1 0.8
1.00253080469556 10.6697090473398 "experimento_25" 25 500 1000 0.8 10 0.4 1 0.8
0.987029795534909 8.62590361553046 "experimento_25" 25 500 1000 0.8 10 0.4 1 0.8
1.09636640864936 10.3233974629926 "experimento_25" 25 500 1000 0.8 10 0.4 1 0.8
1.00193977915044 9.70301465497538 "experimento_25" 25 500 1000 0.8 10 0.4 1 0.8
1.00096575439227 9.08511741552823 "experimento_25" 25 500 1000 0.8 10 0.4 1 0.8
1.04393767267466 7.96968500049454 "experimento_25" 25 500 1000 0.8 10 0.4 1 0.8
0.997449607588351 9.45588008048356 "experimento_25" 25 500 1000 0.8 10 0.4 1 0.8
0.988284821389243 9.56764110906517 "experimento_25" 25 500 1000 0.8 10 0.4 1 0.8
0.99682160303928 9.62041361004312 "experimento_25" 25 500 1000 0.8 10 0.4 1 0.8
1.0028971679043 8.74964420092789 "experimento_25" 25 500 1000 0.8 10 0.4 1 0.8
1.00232010339387 9.96190246042019 "experimento_25" 25 500 1000 0.8 10 0.4 1 0.8
1.00831408676951 11.6417553757066 "experimento_25" 25 500 1000 0.8 10 0.4 1 0.8
1.02930391426198 14.3146030205884 "experimento_25" 25 500 1000 0.8 10 0.4 1 0.8
1.00078817893198 10.6496373720431 "experimento_25" 25 500 1000 0.8 10 0.4 1 0.8
0.992639341624454 9.37337955124154 "experimento_25" 25 500 1000 0.8 10 0.4 1 0.8
1.01465195789933 11.2616687228395 "experimento_25" 25 500 1000 0.8 10 0.4 1 0.8
0.989824038231745 9.6837175325465 "experimento_25" 25 500 1000 0.8 10 0.4 1 0.8
1.0327953461092 11.104266295356 "experimento_25" 25 500 1000 0.8 10 0.4 1 0.8
1.00037810811773 9.78098933034379 "experimento_25" 25 500 1000 0.8 10 0.4 1 0.8
1.00037362677976 11.1224040385536 "experimento_25" 25 500 1000 0.8 10 0.4 1 0.8
1.00092069965999 10.4327912470071 "experimento_25" 25 500 1000 0.8 10 0.4 1 0.8
1.0416578433942 11.5209102656023 "experimento_25" 25 500 1000 0.8 10 0.4 1 0.8
0.985069040907547 7.99769754183955 "experimento_25" 25 500 1000 0.8 10 0.4 1 0.8
0.991179546108469 9.78730451418794 "experimento_25" 25 500 1000 0.8 10 0.4 1 0.8
1.0119843139801 8.8903187325993 "experimento_25" 25 500 1000 0.8 10 0.4 1 0.8
1.10883815995929 15.8596652239659 "experimento_25" 25 500 1000 0.8 10 0.4 1 0.8
1.08393797417683 13.2871767143082 "experimento_25" 25 500 1000 0.8 10 0.4 1 0.8
1.02083469578065 8.93645926439203 "experimento_25" 25 500 1000 0.8 10 0.4 1 0.8
0.987429109867662 9.79031232626525 "experimento_25" 25 500 1000 0.8 10 0.4 1 0.8
0.991078894818202 8.12681484171929 "experimento_25" 25 500 1000 0.8 10 0.4 1 0.8
0.99953254731372 10.4871259118471 "experimento_25" 25 500 1000 0.8 10 0.4 1 0.8
0.995975552825257 11.2855770158356 "experimento_25" 25 500 1000 0.8 10 0.4 1 0.8
1.00342489727773 8.19152333702537 "experimento_25" 25 500 1000 0.8 10 0.4 1 0.8
0.976560269016773 8.68772864739746 "experimento_25" 25 500 1000 0.8 10 0.4 1 0.8
0.98480134550482 8.76841006659681 "experimento_25" 25 500 1000 0.8 10 0.4 1 0.8
0.987152707763016 8.44977293851009 "experimento_25" 25 500 1000 0.8 10 0.4 1 0.8
1.00296869114973 10.458250823727 "experimento_25" 25 500 1000 0.8 10 0.4 1 0.8
1.00725472592749 9.81052030021333 "experimento_25" 25 500 1000 0.8 10 0.4 1 0.8
0.985156192909926 10.185386786687 "experimento_25" 25 500 1000 0.8 10 0.4 1 0.8
1.00107564625047 10.3910380860089 "experimento_25" 25 500 1000 0.8 10 0.4 1 0.8
0.999378057429567 10.5909091891692 "experimento_25" 25 500 1000 0.8 10 0.4 1 0.8
0.992353058885783 8.61147375287418 "experimento_25" 25 500 1000 0.8 10 0.4 1 0.8
1.01604565352248 8.74755246767873 "experimento_25" 25 500 1000 0.8 10 0.4 1 0.8
0.99144078954123 8.03556869570369 "experimento_25" 25 500 1000 0.8 10 0.4 1 0.8
0.9979678762611 9.63244762337713 "experimento_25" 25 500 1000 0.8 10 0.4 1 0.8
0.994547806214541 9.9728947875686 "experimento_25" 25 500 1000 0.8 10 0.4 1 0.8
0.990184086607769 9.59719449169403 "experimento_25" 25 500 1000 0.8 10 0.4 1 0.8
1.00102027361281 9.11013863622796 "experimento_25" 25 500 1000 0.8 10 0.4 1 0.8
0.996190482284874 9.41116622119833 "experimento_25" 25 500 1000 0.8 10 0.4 1 0.8
0.990225227782503 9.12167788230633 "experimento_25" 25 500 1000 0.8 10 0.4 1 0.8
1.0020488036401 11.7946754781818 "experimento_25" 25 500 1000 0.8 10 0.4 1 0.8
0.992783696390688 9.08065279706131 "experimento_25" 25 500 1000 0.8 10 0.4 1 0.8
1.00226150756669 10.2147076677813 "experimento_25" 25 500 1000 0.8 10 0.4 1 0.8
0.996191040612757 11.075074626712 "experimento_25" 25 500 1000 0.8 10 0.4 1 0.8
0.988998080370948 9.09105479579761 "experimento_25" 25 500 1000 0.8 10 0.4 1 0.8
0.998011697316542 8.94217009680209 "experimento_25" 25 500 1000 0.8 10 0.4 1 0.8
0.992330383276567 9.65193618079847 "experimento_25" 25 500 1000 0.8 10 0.4 1 0.8
1.0094371273648 10.3658187134951 "experimento_25" 25 500 1000 0.8 10 0.4 1 0.8
1.00008434761659 11.1403682797544 "experimento_25" 25 500 1000 0.8 10 0.4 1 0.8
1.13467585565102 11.7909877017297 "experimento_25" 25 500 1000 0.8 10 0.4 1 0.8
0.994575764983892 8.60417392223612 "experimento_25" 25 500 1000 0.8 10 0.4 1 0.8
1.00995826185681 10.4654375668297 "experimento_25" 25 500 1000 0.8 10 0.4 1 0.8
1.01798686711118 11.15687530859 "experimento_25" 25 500 1000 0.8 10 0.4 1 0.8
1.04771002922207 10.9585343338888 "experimento_25" 25 500 1000 0.8 10 0.4 1 0.8
0.997077848995104 9.95528383953205 "experimento_25" 25 500 1000 0.8 10 0.4 1 0.8
0.995141279185191 9.85920394866837 "experimento_25" 25 500 1000 0.8 10 0.4 1 0.8
0.980348374694586 8.37022300763493 "experimento_25" 25 500 1000 0.8 10 0.4 1 0.8
1.00577967721038 9.35828600335246 "experimento_25" 25 500 1000 0.8 10 0.4 1 0.8
1.006564756607 9.48439498173299 "experimento_25" 25 500 1000 0.8 10 0.4 1 0.8
1.05883627971634 12.5682873867259 "experimento_25" 25 500 1000 0.8 10 0.4 1 0.8
1.00238763578236 10.1692658200998 "experimento_25" 25 500 1000 0.8 10 0.4 1 0.8
0.989524958189577 11.5928195898039 "experimento_25" 25 500 1000 0.8 10 0.4 1 0.8
1.12724917854864 11.9561278493196 "experimento_25" 25 500 1000 0.8 10 0.4 1 0.8
0.990165685070679 8.96256806698132 "experimento_25" 25 500 1000 0.8 10 0.4 1 0.8
1.01263799592853 9.61324038028912 "experimento_25" 25 500 1000 0.8 10 0.4 1 0.8
0.990079066250473 10.5010806070299 "experimento_25" 25 500 1000 0.8 10 0.4 1 0.8
0.991159363882616 9.81543462478722 "experimento_25" 25 500 1000 0.8 10 0.4 1 0.8
0.989175501512364 10.7792477744625 "experimento_25" 25 500 1000 0.8 10 0.4 1 0.8
1.07871892703653 12.3931430500177 "experimento_25" 25 500 1000 0.8 10 0.4 1 0.8
1.00532380919904 11.5422190519106 "experimento_25" 25 500 1000 0.8 10 0.4 1 0.8
1.00324470321648 12.63733043001 "experimento_25" 25 500 1000 0.8 10 0.4 1 0.8
0.996486306656152 12.1697949275535 "experimento_25" 25 500 1000 0.8 10 0.4 1 0.8
1.07790115521801 14.6902855259539 "experimento_25" 25 500 1000 0.8 10 0.4 1 0.8
0.994708646088839 8.94180320393592 "experimento_25" 25 500 1000 0.8 10 0.4 1 0.8
1.00024336869828 10.4225250287538 "experimento_25" 25 500 1000 0.8 10 0.4 1 0.8
0.988644195487723 8.65520565880267 "experimento_25" 25 500 1000 0.8 10 0.4 1 0.8
0.981634642463177 8.50681130238262 "experimento_25" 25 500 1000 0.8 10 0.4 1 0.8
0.988551750546321 9.67132473307152 "experimento_25" 25 500 1000 0.8 10 0.4 1 0.8
1.00330929318443 11.8915823562502 "experimento_25" 25 500 1000 0.8 10 0.4 1 0.8
1.00107370130718 10.141660085731 "experimento_25" 25 500 1000 0.8 10 0.4 1 0.8
1.00052297199145 10.4930952993375 "experimento_25" 25 500 1000 0.8 10 0.4 1 0.8
1.00021636804829 10.9429884353151 "experimento_25" 25 500 1000 0.8 10 0.4 1 0.8
1.03848570585251 10.8936074225318 "experimento_25" 25 500 1000 0.8 10 0.4 1 0.8
1.06121863028966 12.1653278198201 "experimento_25" 25 500 1000 0.8 10 0.4 1 0.8
0.999983361456543 9.79254012917257 "experimento_25" 25 500 1000 0.8 10 0.4 1 0.8
0.997008956270292 9.33130494183872 "experimento_25" 25 500 1000 0.8 10 0.4 1 0.8
1.00844350119005 11.2431166851234 "experimento_25" 25 500 1000 0.8 10 0.4 1 0.8
1.00684495144524 10.3670098114809 "experimento_25" 25 500 1000 0.8 10 0.4 1 0.8
1.04228019793518 11.295635498065 "experimento_25" 25 500 1000 0.8 10 0.4 1 0.8
0.993956485297531 12.2254034855772 "experimento_25" 25 500 1000 0.8 10 0.4 1 0.8
1.00028291588094 13.1800452000044 "experimento_25" 25 500 1000 0.8 10 0.4 1 0.8
0.994469024473801 11.1665910267448 "experimento_25" 25 500 1000 0.8 10 0.4 1 0.8
0.991646580630913 9.09401435984089 "experimento_25" 25 500 1000 0.8 10 0.4 1 0.8
1.01871437369837 8.63942586981704 "experimento_25" 25 500 1000 0.8 10 0.4 1 0.8
1.00313945442224 9.18323115422307 "experimento_25" 25 500 1000 0.8 10 0.4 1 0.8
0.993475956143811 10.7843124864419 "experimento_25" 25 500 1000 0.8 10 0.4 1 0.8
0.999313540523872 12.3457601018877 "experimento_25" 25 500 1000 0.8 10 0.4 1 0.8
1.00495990506105 9.28913319755483 "experimento_25" 25 500 1000 0.8 10 0.4 1 0.8
0.987999110948294 9.64588429736408 "experimento_25" 25 500 1000 0.8 10 0.4 1 0.8
0.994567331392318 11.8338693832396 "experimento_25" 25 500 1000 0.8 10 0.4 1 0.8
0.988293265923858 8.02467747152365 "experimento_25" 25 500 1000 0.8 10 0.4 1 0.8
1.0138906815359 12.2514045612822 "experimento_25" 25 500 1000 0.8 10 0.4 1 0.8
1.01297986677868 9.94836721694204 "experimento_25" 25 500 1000 0.8 10 0.4 1 0.8
0.999053301522508 12.6259979169719 "experimento_25" 25 500 1000 0.8 10 0.4 1 0.8
1.02977720815688 9.67113051083749 "experimento_25" 25 500 1000 0.8 10 0.4 1 0.8
0.99379938445054 9.52104931169558 "experimento_25" 25 500 1000 0.8 10 0.4 1 0.8
1.04117494612001 12.4573840077164 "experimento_25" 25 500 1000 0.8 10 0.4 1 0.8
0.99725752742961 8.46249111817544 "experimento_25" 25 500 1000 0.8 10 0.4 1 0.8
1.07699755874102 11.7047662853148 "experimento_25" 25 500 1000 0.8 10 0.4 1 0.8
1.05716525982134 11.7087244846091 "experimento_25" 25 500 1000 0.8 10 0.4 1 0.8
0.988673502579331 10.4040670372998 "experimento_25" 25 500 1000 0.8 10 0.4 1 0.8
1.00110402498394 9.88268092736063 "experimento_25" 25 500 1000 0.8 10 0.4 1 0.8
1.09027273701084 7.26746325640084 "experimento_25" 25 500 1000 0.8 10 0.4 1 0.8
0.992768568452448 10.3032724787578 "experimento_25" 25 500 1000 0.8 10 0.4 1 0.8
0.997181353392079 10.8515155052104 "experimento_25" 25 500 1000 0.8 10 0.4 1 0.8
0.986760240281001 8.30036913188656 "experimento_25" 25 500 1000 0.8 10 0.4 1 0.8
1.01603201287799 11.2902465534715 "experimento_25" 25 500 1000 0.8 10 0.4 1 0.8
0.991848543751985 8.92688993867976 "experimento_25" 25 500 1000 0.8 10 0.4 1 0.8
0.991501331562176 10.3482686879853 "experimento_25" 25 500 1000 0.8 10 0.4 1 0.8
1.00063938453355 11.1950668232435 "experimento_25" 25 500 1000 0.8 10 0.4 1 0.8
1.0252871805802 10.5578403764918 "experimento_25" 25 500 1000 0.8 10 0.4 1 0.8
0.98917987733148 8.7227751940026 "experimento_25" 25 500 1000 0.8 10 0.4 1 0.8
0.997777504380792 8.87558413646683 "experimento_25" 25 500 1000 0.8 10 0.4 1 0.8
1.02024290203117 9.6166671234852 "experimento_25" 25 500 1000 0.8 10 0.4 1 0.8
1.00009817477354 10.3504668355831 "experimento_25" 25 500 1000 0.8 10 0.4 1 0.8
1.01140410318039 11.2688178869487 "experimento_25" 25 500 1000 0.8 10 0.4 1 0.8
1.06959424308998 9.33160219976203 "experimento_25" 25 500 1000 0.8 10 0.4 1 0.8
1.0035271001514 8.73633499752878 "experimento_25" 25 500 1000 0.8 10 0.4 1 0.8
1.02428705231287 11.7920511422628 "experimento_25" 25 500 1000 0.8 10 0.4 1 0.8
0.9967422822956 10.3110982176764 "experimento_25" 25 500 1000 0.8 10 0.4 1 0.8
0.994229333009571 8.09286905411961 "experimento_25" 25 500 1000 0.8 10 0.4 1 0.8
1.0344305254519 9.62482350036925 "experimento_25" 25 500 1000 0.8 10 0.4 1 0.8
0.996949990047142 11.3060497490558 "experimento_25" 25 500 1000 0.8 10 0.4 1 0.8
0.994135954417288 10.3541878067134 "experimento_25" 25 500 1000 0.8 10 0.4 1 0.8
0.995411902666092 9.6909514768945 "experimento_25" 25 500 1000 0.8 10 0.4 1 0.8
0.991660925326869 10.3902718564824 "experimento_25" 25 500 1000 0.8 10 0.4 1 0.8
0.989238807698712 8.50015099809728 "experimento_25" 25 500 1000 0.8 10 0.4 1 0.8
0.97102610161528 8.08756159539853 "experimento_25" 25 500 1000 0.8 10 0.4 1 0.8
1.03167009375668 9.36063138901447 "experimento_25" 25 500 1000 0.8 10 0.4 1 0.8
0.996300423517823 11.3664832946109 "experimento_25" 25 500 1000 0.8 10 0.4 1 0.8
1.0053032741328 12.0038289650068 "experimento_25" 25 500 1000 0.8 10 0.4 1 0.8
0.99609141331166 10.0617172455862 "experimento_25" 25 500 1000 0.8 10 0.4 1 0.8
1.00004757183595 10.2222752892886 "experimento_25" 25 500 1000 0.8 10 0.4 1 0.8
1.05903221452609 11.8809058562563 "experimento_25" 25 500 1000 0.8 10 0.4 1 0.8
1.06096407449804 13.2091863192224 "experimento_25" 25 500 1000 0.8 10 0.4 1 0.8
0.989960183156654 8.08988064305604 "experimento_25" 25 500 1000 0.8 10 0.4 1 0.8
0.990799972554669 8.98374953151618 "experimento_25" 25 500 1000 0.8 10 0.4 1 0.8
1.00985549413599 11.0443653363177 "experimento_25" 25 500 1000 0.8 10 0.4 1 0.8
1.02150942884195 10.3264757229941 "experimento_25" 25 500 1000 0.8 10 0.4 1 0.8
1.00548627516255 8.69088298027833 "experimento_25" 25 500 1000 0.8 10 0.4 1 0.8
1.01943084272431 10.7893148645637 "experimento_25" 25 500 1000 0.8 10 0.4 1 0.8
1.00293097607791 10.5987464127323 "experimento_25" 25 500 1000 0.8 10 0.4 1 0.8
1.00507062187558 13.6671392191379 "experimento_25" 25 500 1000 0.8 10 0.4 1 0.8
0.999905434204265 9.52516523159152 "experimento_25" 25 500 1000 0.8 10 0.4 1 0.8
1.00755738701349 9.28844021839857 "experimento_25" 25 500 1000 0.8 10 0.4 1 0.8
1.00117195337079 9.44760636798406 "experimento_25" 25 500 1000 0.8 10 0.4 1 0.8
0.998326230794191 9.13365089354773 "experimento_25" 25 500 1000 0.8 10 0.4 1 0.8
1.00021466123097 11.0478031532567 "experimento_25" 25 500 1000 0.8 10 0.4 1 0.8
1.03813807433791 9.1596632497075 "experimento_25" 25 500 1000 0.8 10 0.4 1 0.8
0.986841180594638 8.45518492618041 "experimento_25" 25 500 1000 0.8 10 0.4 1 0.8
0.991205218015239 9.07836720409202 "experimento_25" 25 500 1000 0.8 10 0.4 1 0.8
1.02549340929836 12.9279090563501 "experimento_25" 25 500 1000 0.8 10 0.4 1 0.8
1.02589432187378 8.53177995592843 "experimento_25" 25 500 1000 0.8 10 0.4 1 0.8
0.989457329502329 9.36506441213735 "experimento_25" 25 500 1000 0.8 10 0.4 1 0.8
0.998122190125287 8.96326396764288 "experimento_25" 25 500 1000 0.8 10 0.4 1 0.8
1.02807508985555 10.73283303272 "experimento_25" 25 500 1000 0.8 10 0.4 1 0.8
1.05086598270573 7.85356467839692 "experimento_25" 25 500 1000 0.8 10 0.4 1 0.8
1.15438729663923 14.3314111948505 "experimento_25" 25 500 1000 0.8 10 0.4 1 0.8
1.03328559296206 10.6640802628312 "experimento_25" 25 500 1000 0.8 10 0.4 1 0.8
1.01888885456137 13.2963788990232 "experimento_25" 25 500 1000 0.8 10 0.4 1 0.8
1.00084079327062 9.70208021956591 "experimento_25" 25 500 1000 0.8 10 0.4 1 0.8
1.0011621312297 13.8697586022702 "experimento_25" 25 500 1000 0.8 10 0.4 1 0.8
1.01560004455969 9.14374612270051 "experimento_25" 25 500 1000 0.8 10 0.4 1 0.8
0.95097878226079 8.52596010295601 "experimento_25" 25 500 1000 0.8 10 0.4 1 0.8
0.996741950046271 8.27219388599014 "experimento_25" 25 500 1000 0.8 10 0.4 1 0.8
0.991443456150591 10.8037484573194 "experimento_25" 25 500 1000 0.8 10 0.4 1 0.8
0.981723196571693 9.67506465342827 "experimento_25" 25 500 1000 0.8 10 0.4 1 0.8
1.02537783682346 9.82264365727799 "experimento_25" 25 500 1000 0.8 10 0.4 1 0.8
1.00158549970947 9.83304502322355 "experimento_25" 25 500 1000 0.8 10 0.4 1 0.8
1.01661149784018 9.80140987254694 "experimento_25" 25 500 1000 0.8 10 0.4 1 0.8
1.00038278619092 11.3140129346575 "experimento_25" 25 500 1000 0.8 10 0.4 1 0.8
0.99777682358399 10.1868613683124 "experimento_25" 25 500 1000 0.8 10 0.4 1 0.8
1.01125273222937 12.2862783388361 "experimento_25" 25 500 1000 0.8 10 0.4 1 0.8
1.04497439018451 13.2699586118128 "experimento_25" 25 500 1000 0.8 10 0.4 1 0.8
1.1041780900801 14.9206184533935 "experimento_25" 25 500 1000 0.8 10 0.4 1 0.8
1.00061362683773 9.99201080191166 "experimento_25" 25 500 1000 0.8 10 0.4 1 0.8
1.0012067548465 9.35610200782776 "experimento_25" 25 500 1000 0.8 10 0.4 1 0.8
0.996274710865691 9.81789545325546 "experimento_25" 25 500 1000 0.8 10 0.4 1 0.8
1.00665304055437 9.72400070427038 "experimento_25" 25 500 1000 0.8 10 0.4 1 0.8
1.00004613758065 10.6794392046916 "experimento_25" 25 500 1000 0.8 10 0.4 1 0.8
1.00043888036162 8.88999254633937 "experimento_25" 25 500 1000 0.8 10 0.4 1 0.8
1.11383150126365 13.4168998228478 "experimento_25" 25 500 1000 0.8 10 0.4 1 0.8
0.998412923421711 9.45297959680355 "experimento_25" 25 500 1000 0.8 10 0.4 1 0.8
1.00196424646391 8.82241720050759 "experimento_25" 25 500 1000 0.8 10 0.4 1 0.8
0.983355869306251 10.1477261168636 "experimento_25" 25 500 1000 0.8 10 0.4 1 0.8
0.99979333835654 8.76488167771847 "experimento_25" 25 500 1000 0.8 10 0.4 1 0.8
1.03803664310835 11.1004806880665 "experimento_25" 25 500 1000 0.8 10 0.4 1 0.8
1.00298465578817 9.50561280274629 "experimento_25" 25 500 1000 0.8 10 0.4 1 0.8
0.990844230400398 9.43894532092587 "experimento_25" 25 500 1000 0.8 10 0.4 1 0.8
1.00121353445575 9.21525047307488 "experimento_25" 25 500 1000 0.8 10 0.4 1 0.8
1.00843148096465 10.4246242883872 "experimento_25" 25 500 1000 0.8 10 0.4 1 0.8
1.03212860936325 10.3436611341093 "experimento_25" 25 500 1000 0.8 10 0.4 1 0.8
1.0224585283082 10.2891458186865 "experimento_25" 25 500 1000 0.8 10 0.4 1 0.8
0.986617959104478 9.85367302659435 "experimento_25" 25 500 1000 0.8 10 0.4 1 0.8
0.999491974711418 10.2802462242456 "experimento_25" 25 500 1000 0.8 10 0.4 1 0.8
1.00213974560611 9.87799865081053 "experimento_25" 25 500 1000 0.8 10 0.4 1 0.8
0.980234476504847 9.93582005461404 "experimento_25" 25 500 1000 0.8 10 0.4 1 0.8
0.993313217069954 8.16723371414011 "experimento_25" 25 500 1000 0.8 10 0.4 1 0.8
0.993608252378181 10.1073417784843 "experimento_25" 25 500 1000 0.8 10 0.4 1 0.8
1.02037058603019 11.2281269470939 "experimento_25" 25 500 1000 0.8 10 0.4 1 0.8
1.00014064991847 11.4045164689727 "experimento_25" 25 500 1000 0.8 10 0.4 1 0.8
0.992245822679251 8.00883033622066 "experimento_25" 25 500 1000 0.8 10 0.4 1 0.8
1.03422357044183 8.70227000701088 "experimento_25" 25 500 1000 0.8 10 0.4 1 0.8
0.992733822204173 10.6741535313481 "experimento_25" 25 500 1000 0.8 10 0.4 1 0.8
1.02020894869053 9.16620684821035 "experimento_25" 25 500 1000 0.8 10 0.4 1 0.8
1.00097567047924 10.7593535587833 "experimento_25" 25 500 1000 0.8 10 0.4 1 0.8
1.00154900001362 9.99515463895251 "experimento_25" 25 500 1000 0.8 10 0.4 1 0.8
1.01410930124111 11.4572682917557 "experimento_25" 25 500 1000 0.8 10 0.4 1 0.8
1.07150357234803 8.53734320473609 "experimento_25" 25 500 1000 0.8 10 0.4 1 0.8
0.982611178187653 9.84565819281638 "experimento_25" 25 500 1000 0.8 10 0.4 1 0.8
1.13863549550715 10.4009616327666 "experimento_25" 25 500 1000 0.8 10 0.4 1 0.8
0.994490833720192 8.63195810877044 "experimento_25" 25 500 1000 0.8 10 0.4 1 0.8
0.997889259830117 8.89262220298896 "experimento_25" 25 500 1000 0.8 10 0.4 1 0.8
1.00133176729429 10.3042099850385 "experimento_25" 25 500 1000 0.8 10 0.4 1 0.8
1.00180709296961 11.5678302649814 "experimento_25" 25 500 1000 0.8 10 0.4 1 0.8
1.00501557724286 10.1371494865353 "experimento_25" 25 500 1000 0.8 10 0.4 1 0.8
0.985122599173337 9.22984709542307 "experimento_25" 25 500 1000 0.8 10 0.4 1 0.8
1.02548461467959 10.3322347847217 "experimento_25" 25 500 1000 0.8 10 0.4 1 0.8
0.996154136722907 12.2300806668713 "experimento_25" 25 500 1000 0.8 10 0.4 1 0.8
0.995682202279568 9.58905705073532 "experimento_25" 25 500 1000 0.8 10 0.4 1 0.8
1.00036451513879 11.1823815997612 "experimento_25" 25 500 1000 0.8 10 0.4 1 0.8
0.993347459938377 9.65610302092015 "experimento_25" 25 500 1000 0.8 10 0.4 1 0.8
1.01331916839307 9.45993301860346 "experimento_25" 25 500 1000 0.8 10 0.4 1 0.8
0.98920522024855 9.82602169545562 "experimento_25" 25 500 1000 0.8 10 0.4 1 0.8
0.996554305776954 13.4539582698501 "experimento_25" 25 500 1000 0.8 10 0.4 1 0.8
0.995564745739102 8.87772094563818 "experimento_25" 25 500 1000 0.8 10 0.4 1 0.8
0.994838158832863 10.6015439450759 "experimento_25" 25 500 1000 0.8 10 0.4 1 0.8
1.01583932340145 12.2256321478153 "experimento_25" 25 500 1000 0.8 10 0.4 1 0.8
0.997675304533914 10.5597781374907 "experimento_25" 25 500 1000 0.8 10 0.4 1 0.8
1.00029896146466 9.02075240484808 "experimento_25" 25 500 1000 0.8 10 0.4 1 0.8
1.0514426894486 10.908074522392 "experimento_25" 25 500 1000 0.8 10 0.4 1 0.8
0.979892223374918 9.66806563506104 "experimento_25" 25 500 1000 0.8 10 0.4 1 0.8
0.996454288484529 10.1176712280885 "experimento_25" 25 500 1000 0.8 10 0.4 1 0.8
0.993203237885609 8.80711480164651 "experimento_25" 25 500 1000 0.8 10 0.4 1 0.8
0.991727587999776 9.46991607485881 "experimento_25" 25 500 1000 0.8 10 0.4 1 0.8
0.989641418680549 8.94828835872674 "experimento_25" 25 500 1000 0.8 10 0.4 1 0.8
1.01885190818612 10.6518942687036 "experimento_25" 25 500 1000 0.8 10 0.4 1 0.8
0.983129770494998 9.6925797674708 "experimento_25" 25 500 1000 0.8 10 0.4 1 0.8
0.982343369396403 9.21299992967708 "experimento_25" 25 500 1000 0.8 10 0.4 1 0.8
1.05632078838535 9.61605014828806 "experimento_25" 25 500 1000 0.8 10 0.4 1 0.8
1.00206847419031 11.0264171153806 "experimento_25" 25 500 1000 0.8 10 0.4 1 0.8
1.01110594924539 11.7285490462265 "experimento_25" 25 500 1000 0.8 10 0.4 1 0.8
1.10811681234789 7.15877259093764 "experimento_25" 25 500 1000 0.8 10 0.4 1 0.8
1.00040556502051 10.7186418407576 "experimento_25" 25 500 1000 0.8 10 0.4 1 0.8
0.995133021846414 10.3153384473837 "experimento_25" 25 500 1000 0.8 10 0.4 1 0.8
0.990111153339967 8.08416922397792 "experimento_25" 25 500 1000 0.8 10 0.4 1 0.8
0.979611750692129 9.50043001310496 "experimento_25" 25 500 1000 0.8 10 0.4 1 0.8
0.992935438640416 10.5922328610577 "experimento_25" 25 500 1000 0.8 10 0.4 1 0.8
1.0005070498835 9.70121064572434 "experimento_25" 25 500 1000 0.8 10 0.4 1 0.8
1.0185285624249 13.0337816841517 "experimento_25" 25 500 1000 0.8 10 0.4 1 0.8
0.986419979250059 8.99053183619497 "experimento_25" 25 500 1000 0.8 10 0.4 1 0.8
0.998423658078536 9.78332652047224 "experimento_25" 25 500 1000 0.8 10 0.4 1 0.8
1.08483491073874 8.98609609677138 "experimento_25" 25 500 1000 0.8 10 0.4 1 0.8
1.01007909807377 10.3710724140034 "experimento_25" 25 500 1000 0.8 10 0.4 1 0.8
0.979192861821502 8.35497094733536 "experimento_25" 25 500 1000 0.8 10 0.4 1 0.8
0.999628816964105 8.50234143179529 "experimento_25" 25 500 1000 0.8 10 0.4 1 0.8
1.00045567816123 9.75045753731863 "experimento_25" 25 500 1000 0.8 10 0.4 1 0.8
0.99969395622611 9.90737984183778 "experimento_25" 25 500 1000 0.8 10 0.4 1 0.8
1.02195923551917 9.21988697962663 "experimento_25" 25 500 1000 0.8 10 0.4 1 0.8
1.01433802408969 8.48884499341819 "experimento_25" 25 500 1000 0.8 10 0.4 1 0.8
1.00187403047457 11.1510090688736 "experimento_25" 25 500 1000 0.8 10 0.4 1 0.8
0.994046090403572 10.6705915147576 "experimento_25" 25 500 1000 0.8 10 0.4 1 0.8
0.995455680415034 11.6408377778984 "experimento_25" 25 500 1000 0.8 10 0.4 1 0.8
1.00005233352705 11.2806730547912 "experimento_25" 25 500 1000 0.8 10 0.4 1 0.8
1.00181907895021 10.9757380023688 "experimento_25" 25 500 1000 0.8 10 0.4 1 0.8
1.0219182559289 9.41677590792412 "experimento_25" 25 500 1000 0.8 10 0.4 1 0.8
0.988551543559879 9.46719128619387 "experimento_25" 25 500 1000 0.8 10 0.4 1 0.8
1.03696954171173 9.41288014117177 "experimento_25" 25 500 1000 0.8 10 0.4 1 0.8
1.09615273875696 11.5366100233704 "experimento_25" 25 500 1000 0.8 10 0.4 1 0.8
1.05468649389222 8.98741525699492 "experimento_25" 25 500 1000 0.8 10 0.4 1 0.8
1.00711291720949 9.20404662825021 "experimento_25" 25 500 1000 0.8 10 0.4 1 0.8
0.990407602861524 9.82372136084491 "experimento_25" 25 500 1000 0.8 10 0.4 1 0.8
1.00995528795662 10.1806223567457 "experimento_25" 25 500 1000 0.8 10 0.4 1 0.8
1.00072213922286 10.423558469736 "experimento_25" 25 500 1000 0.8 10 0.4 1 0.8
0.999057370238006 11.6152916206526 "experimento_25" 25 500 1000 0.8 10 0.4 1 0.8
0.978700927458704 10.1480979284379 "experimento_25" 25 500 1000 0.8 10 0.4 1 0.8
0.989722383441404 10.5198971371683 "experimento_25" 25 500 1000 0.8 10 0.4 1 0.8
1.03316566771828 8.98872038666413 "experimento_25" 25 500 1000 0.8 10 0.4 1 0.8
1.0220396460034 9.96875291678574 "experimento_25" 25 500 1000 0.8 10 0.4 1 0.8
0.998359585879371 10.0606780605519 "experimento_25" 25 500 1000 0.8 10 0.4 1 0.8
1.00372944087721 10.3891691105509 "experimento_25" 25 500 1000 0.8 10 0.4 1 0.8
1.07835614429367 15.4430773044015 "experimento_25" 25 500 1000 0.8 10 0.4 1 0.8
0.99596182978712 10.2621437132889 "experimento_25" 25 500 1000 0.8 10 0.4 1 0.8
0.995372838107869 10.2729552263539 "experimento_25" 25 500 1000 0.8 10 0.4 1 0.8
0.998918510507792 11.1085008496117 "experimento_25" 25 500 1000 0.8 10 0.4 1 0.8
0.992023192811757 9.83668006684538 "experimento_25" 25 500 1000 0.8 10 0.4 1 0.8
0.989305987255648 10.5976361572105 "experimento_25" 25 500 1000 0.8 10 0.4 1 0.8
1.00225413502194 11.0055848196154 "experimento_25" 25 500 1000 0.8 10 0.4 1 0.8
1.02505153760922 12.8490417442902 "experimento_25" 25 500 1000 0.8 10 0.4 1 0.8
1.01445059902035 9.89118100930751 "experimento_25" 25 500 1000 0.8 10 0.4 1 0.8
1.05136021515355 11.1206657180832 "experimento_25" 25 500 1000 0.8 10 0.4 1 0.8
0.985236978391185 9.77715334894355 "experimento_25" 25 500 1000 0.8 10 0.4 1 0.8
0.997280712705106 11.0022852617075 "experimento_25" 25 500 1000 0.8 10 0.4 1 0.8
1.00063700410537 10.6331003621883 "experimento_25" 25 500 1000 0.8 10 0.4 1 0.8
0.994993827072904 9.83297078199317 "experimento_25" 25 500 1000 0.8 10 0.4 1 0.8
0.990857550175861 8.6340237479993 "experimento_25" 25 500 1000 0.8 10 0.4 1 0.8
1.00150120104663 10.0303960922942 "experimento_25" 25 500 1000 0.8 10 0.4 1 0.8
1.03773323683999 9.39623996651778 "experimento_25" 25 500 1000 0.8 10 0.4 1 0.8
0.989102688618004 8.1590435013217 "experimento_25" 25 500 1000 0.8 10 0.4 1 0.8
1.00123718293751 10.4167564139879 "experimento_25" 25 500 1000 0.8 10 0.4 1 0.8
1.0022531808354 10.3226401790618 "experimento_25" 25 500 1000 0.8 10 0.4 1 0.8
0.991312981816009 8.34454204938282 "experimento_25" 25 500 1000 0.8 10 0.4 1 0.8
1.03308410872705 9.8566803257676 "experimento_25" 25 500 1000 0.8 10 0.4 1 0.8
0.98706963006407 9.06115026652968 "experimento_25" 25 500 1000 0.8 10 0.4 1 0.8
0.991199335549027 10.2476479924562 "experimento_25" 25 500 1000 0.8 10 0.4 1 0.8
0.981805775780231 9.69264913564693 "experimento_25" 25 500 1000 0.8 10 0.4 1 0.8
1.00654209954664 10.7946385695853 "experimento_25" 25 500 1000 0.8 10 0.4 1 0.8
1.03203679924631 8.86098226256076 "experimento_25" 25 500 1000 0.8 10 0.4 1 0.8
0.990822888445109 10.6941598647961 "experimento_25" 25 500 1000 0.8 10 0.4 1 0.8
1.00358417024836 12.5652322038907 "experimento_25" 25 500 1000 0.8 10 0.4 1 0.8
1.00010245056396 13.2346785654715 "experimento_25" 25 500 1000 0.8 10 0.4 1 0.8
1.00633719859268 11.3606840227943 "experimento_25" 25 500 1000 0.8 10 0.4 1 0.8
1.00688218986616 11.2476797774275 "experimento_25" 25 500 1000 0.8 10 0.4 1 0.8
1.037239248181 13.6688055803936 "experimento_25" 25 500 1000 0.8 10 0.4 1 0.8
1.00388460825949 9.41425275468953 "experimento_25" 25 500 1000 0.8 10 0.4 1 0.8
1.00429190420546 8.15934269851307 "experimento_25" 25 500 1000 0.8 10 0.4 1 0.8
0.996216139756143 9.74697277775723 "experimento_25" 25 500 1000 0.8 10 0.4 1 0.8
0.999630541075021 10.5583948978429 "experimento_25" 25 500 1000 0.8 10 0.4 1 0.8
1.03711763513274 9.46929065771933 "experimento_25" 25 500 1000 0.8 10 0.4 1 0.8
0.985146844061092 9.62466460062512 "experimento_25" 25 500 1000 0.8 10 0.4 1 0.8
1.03953782916069 12.9242710822391 "experimento_25" 25 500 1000 0.8 10 0.4 1 0.8
0.995654737344012 10.5658323291541 "experimento_25" 25 500 1000 0.8 10 0.4 1 0.8
0.980422182241455 8.08012889979596 "experimento_25" 25 500 1000 0.8 10 0.4 1 0.8
0.999628746882081 9.26522927399151 "experimento_25" 25 500 1000 0.8 10 0.4 1 0.8
0.995250845327973 9.27338050825976 "experimento_25" 25 500 1000 0.8 10 0.4 1 0.8
1.00006031394005 11.1875304631885 "experimento_25" 25 500 1000 0.8 10 0.4 1 0.8
0.983680600300431 8.52360889991704 "experimento_25" 25 500 1000 0.8 10 0.4 1 0.8
1.0095712963026 11.206866638942 "experimento_25" 25 500 1000 0.8 10 0.4 1 0.8
1.00213891699406 9.69502873104718 "experimento_25" 25 500 1000 0.8 10 0.4 1 0.8
0.992157133528963 10.007552186746 "experimento_25" 25 500 1000 0.8 10 0.4 1 0.8
0.993961535394192 8.82356548650272 "experimento_25" 25 500 1000 0.8 10 0.4 1 0.8
0.993410927476361 10.310667959065 "experimento_25" 25 500 1000 0.8 10 0.4 1 0.8
0.994193339720368 10.3245021006827 "experimento_25" 25 500 1000 0.8 10 0.4 1 0.8
1.00825995198211 9.99997994327969 "experimento_25" 25 500 1000 0.8 10 0.4 1 0.8
1.00477735996246 9.00439676538624 "experimento_25" 25 500 1000 0.8 10 0.4 1 0.8
0.990727925207466 10.3827991074688 "experimento_25" 25 500 1000 0.8 10 0.4 1 0.8
0.997991006821394 11.5283687854248 "experimento_25" 25 500 1000 0.8 10 0.4 1 0.8
0.986758277751505 7.9728946892728 "experimento_25" 25 500 1000 0.8 10 0.4 1 0.8
1.00858401173071 10.3315100407508 "experimento_25" 25 500 1000 0.8 10 0.4 1 0.8
1.06607881826349 12.2607130739202 "experimento_25" 25 500 1000 0.8 10 0.4 1 0.8
0.998220511944965 10.0396589564103 "experimento_25" 25 500 1000 0.8 10 0.4 1 0.8
1.03498010328782 9.251853554655 "experimento_25" 25 500 1000 0.8 10 0.4 1 0.8
1.02007283787243 10.156068079035 "experimento_25" 25 500 1000 0.8 10 0.4 1 0.8
0.982824544422328 9.8183718790554 "experimento_25" 25 500 1000 0.8 10 0.4 1 0.8
1.03043899345212 12.8926517980219 "experimento_25" 25 500 1000 0.8 10 0.4 1 0.8
0.999401024309918 12.606199173915 "experimento_25" 25 500 1000 0.8 10 0.4 1 0.8
1.00119859119877 9.31031782485014 "experimento_25" 25 500 1000 0.8 10 0.4 1 0.8
1.00790139832534 12.2001698381531 "experimento_25" 25 500 1000 0.8 10 0.4 1 0.8
1.00107636041939 9.64488630596496 "experimento_25" 25 500 1000 0.8 10 0.4 1 0.8
1.00115032919149 10.7781929147118 "experimento_25" 25 500 1000 0.8 10 0.4 1 0.8
0.994688647799194 10.0114973417843 "experimento_25" 25 500 1000 0.8 10 0.4 1 0.8
1.0033789871254 9.84423394555626 "experimento_25" 25 500 1000 0.8 10 0.4 1 0.8
1.00317686864552 10.557643583583 "experimento_25" 25 500 1000 0.8 10 0.4 1 0.8
1.00180526616186 10.2195308365717 "experimento_25" 25 500 1000 0.8 10 0.4 1 0.8
0.989572720602155 9.25583604290755 "experimento_25" 25 500 1000 0.8 10 0.4 1 0.8
1.01292924643494 10.1698181618673 "experimento_25" 25 500 1000 0.8 10 0.4 1 0.8
1.02400094293989 11.7720558318757 "experimento_25" 25 500 1000 0.8 10 0.4 1 0.8
0.99568204768002 10.6571928154577 "experimento_25" 25 500 1000 0.8 10 0.4 1 0.8
0.988507548579946 10.4110683613408 "experimento_25" 25 500 1000 0.8 10 0.4 1 0.8
1.07703478615311 12.5407848294935 "experimento_25" 25 500 1000 0.8 10 0.4 1 0.8
1.03853348647436 8.54984865447799 "experimento_25" 25 500 1000 0.8 10 0.4 1 0.8
1.00011285559736 12.3107234437676 "experimento_25" 25 500 1000 0.8 10 0.4 1 0.8
0.997669632080942 11.3516502740686 "experimento_25" 25 500 1000 0.8 10 0.4 1 0.8
0.987900116480887 9.96011546414149 "experimento_25" 25 500 1000 0.8 10 0.4 1 0.8
0.980368262389675 8.5256499755712 "experimento_25" 25 500 1000 0.8 10 0.4 1 0.8
1.02683770740405 8.08130045154492 "experimento_25" 25 500 1000 0.8 10 0.4 1 0.8
1.00130836702883 9.78166605928661 "experimento_25" 25 500 1000 0.8 10 0.4 1 0.8
1.01930095652436 12.3978985211859 "experimento_25" 25 500 1000 0.8 10 0.4 1 0.8
1.07551147052598 12.3238335680546 "experimento_25" 25 500 1000 0.8 10 0.4 1 0.8
1.02634210661054 10.3074163755271 "experimento_25" 25 500 1000 0.8 10 0.4 1 0.8
1.0313760553021 10.0471922307223 "experimento_25" 25 500 1000 0.8 10 0.4 1 0.8
1.01529596387409 10.2405393059805 "experimento_25" 25 500 1000 0.8 10 0.4 1 0.8
0.99348745145835 9.17749046231129 "experimento_25" 25 500 1000 0.8 10 0.4 1 0.8
0.98735834704712 9.25860070315898 "experimento_25" 25 500 1000 0.8 10 0.4 1 0.8
1.01609081362362 10.5783876739951 "experimento_25" 25 500 1000 0.8 10 0.4 1 0.8
1.0287389753852 9.77996714103341 "experimento_25" 25 500 1000 0.8 10 0.4 1 0.8
0.991055905586109 8.5065325199771 "experimento_25" 25 500 1000 0.8 10 0.4 1 0.8
1.02320731805443 10.3106253778005 "experimento_25" 25 500 1000 0.8 10 0.4 1 0.8
1.01863494580612 9.65380234661916 "experimento_25" 25 500 1000 0.8 10 0.4 1 0.8
1.00014258802912 10.8211281282474 "experimento_25" 25 500 1000 0.8 10 0.4 1 0.8
0.997719190316275 8.85734586483054 "experimento_25" 25 500 1000 0.8 10 0.4 1 0.8
0.995968072442338 9.92699807241656 "experimento_25" 25 500 1000 0.8 10 0.4 1 0.8
1.01506492723077 7.58188801274314 "experimento_25" 25 500 1000 0.8 10 0.4 1 0.8
0.987411421490833 10.0488263800869 "experimento_25" 25 500 1000 0.8 10 0.4 1 0.8
0.99362045689486 8.91097277948198 "experimento_25" 25 500 1000 0.8 10 0.4 1 0.8
1.00195794342445 10.6944415665835 "experimento_25" 25 500 1000 0.8 10 0.4 1 0.8
1.02570727155544 8.46178578135611 "experimento_25" 25 500 1000 0.8 10 0.4 1 0.8
1.0172221259214 11.1131857913177 "experimento_25" 25 500 1000 0.8 10 0.4 1 0.8
1.00132631119341 9.75403503275665 "experimento_25" 25 500 1000 0.8 10 0.4 1 0.8
0.998072694754228 8.9449057752597 "experimento_25" 25 500 1000 0.8 10 0.4 1 0.8
0.991476716706529 8.97723918841237 "experimento_25" 25 500 1000 0.8 10 0.4 1 0.8
0.998298324644566 9.44764771484094 "experimento_25" 25 500 1000 0.8 10 0.4 1 0.8
1.00135710882023 10.9505100166967 "experimento_25" 25 500 1000 0.8 10 0.4 1 0.8
1.00206486801617 12.1852898058365 "experimento_25" 25 500 1000 0.8 10 0.4 1 0.8
1.00044102823345 11.0500029634151 "experimento_25" 25 500 1000 0.8 10 0.4 1 0.8
1.00055949518643 9.19017664911356 "experimento_25" 25 500 1000 0.8 10 0.4 1 0.8
1.0265772851184 10.6807876493508 "experimento_25" 25 500 1000 0.8 10 0.4 1 0.8
0.997726658824831 9.22165954535165 "experimento_25" 25 500 1000 0.8 10 0.4 1 0.8
1.01008804542944 11.3267836034872 "experimento_25" 25 500 1000 0.8 10 0.4 1 0.8
1.00435475015501 10.7246813826395 "experimento_25" 25 500 1000 0.8 10 0.4 1 0.8
0.996441508643329 11.6845059021323 "experimento_25" 25 500 1000 0.8 10 0.4 1 0.8
1.05883442359045 11.0307768493562 "experimento_25" 25 500 1000 0.8 10 0.4 1 0.8
1.00228513404727 12.2165802635281 "experimento_25" 25 500 1000 0.8 10 0.4 1 0.8
1.00681576877832 10.2546084327875 "experimento_25" 25 500 1000 0.8 10 0.4 1 0.8
1.01967306645674 12.051370813512 "experimento_25" 25 500 1000 0.8 10 0.4 1 0.8
0.993061615619808 10.7574727603373 "experimento_25" 25 500 1000 0.8 10 0.4 1 0.8
0.992818733211607 10.5370635982595 "experimento_25" 25 500 1000 0.8 10 0.4 1 0.8
1.00129567985423 9.12717353514678 "experimento_25" 25 500 1000 0.8 10 0.4 1 0.8
0.994060436496511 9.19301482604216 "experimento_25" 25 500 1000 0.8 10 0.4 1 0.8
1.0059367462527 10.6592855294164 "experimento_25" 25 500 1000 0.8 10 0.4 1 0.8
1.00089316410013 9.88323160366255 "experimento_25" 25 500 1000 0.8 10 0.4 1 0.8
0.99863008945249 10.4379281301757 "experimento_25" 25 500 1000 0.8 10 0.4 1 0.8
1.00015315286685 11.6038000888852 "experimento_25" 25 500 1000 0.8 10 0.4 1 0.8
1.05365839465521 11.3344919909197 "experimento_25" 25 500 1000 0.8 10 0.4 1 0.8
0.990192448487505 9.81147264766312 "experimento_25" 25 500 1000 0.8 10 0.4 1 0.8
1.00041596818183 11.3396095892748 "experimento_25" 25 500 1000 0.8 10 0.4 1 0.8
0.994706813246012 11.0669248857137 "experimento_25" 25 500 1000 0.8 10 0.4 1 0.8
1.00459047185915 11.9130574860163 "experimento_25" 25 500 1000 0.8 10 0.4 1 0.8
0.996842087246478 10.1124098919737 "experimento_25" 25 500 1000 0.8 10 0.4 1 0.8
0.999067433411255 10.1529946001715 "experimento_25" 25 500 1000 0.8 10 0.4 1 0.8
0.991053913487121 10.8302250278204 "experimento_25" 25 500 1000 0.8 10 0.4 1 0.8
1.01525003802963 10.4084101526908 "experimento_25" 25 500 1000 0.8 10 0.4 1 0.8
1.00843624761328 11.7219069979674 "experimento_25" 25 500 1000 0.8 10 0.4 1 0.8
0.996130346087739 9.12990644780221 "experimento_25" 25 500 1000 0.8 10 0.4 1 0.8
1.02683501890861 7.93872586040363 "experimento_25" 25 500 1000 0.8 10 0.4 1 0.8
0.996369753964245 11.8031004506659 "experimento_25" 25 500 1000 0.8 10 0.4 1 0.8
1.0026367257593 9.25791309276365 "experimento_25" 25 500 1000 0.8 10 0.4 1 0.8
1.00018600814814 9.64567977461483 "experimento_25" 25 500 1000 0.8 10 0.4 1 0.8
1.00852922036089 8.97653366279778 "experimento_25" 25 500 1000 0.8 10 0.4 1 0.8
0.992928860941902 10.3077229611503 "experimento_25" 25 500 1000 0.8 10 0.4 1 0.8
0.984591740649194 8.29817125634832 "experimento_25" 25 500 1000 0.8 10 0.4 1 0.8
0.995040107052773 10.3435223575848 "experimento_25" 25 500 1000 0.8 10 0.4 1 0.8
1.00723349479958 9.59279379021457 "experimento_25" 25 500 1000 0.8 10 0.4 1 0.8
1.00500441417098 8.98215225095766 "experimento_25" 25 500 1000 0.8 10 0.4 1 0.8
1.02890792940743 12.0499861536216 "experimento_25" 25 500 1000 0.8 10 0.4 1 0.8
1.03740275809541 12.5044429241987 "experimento_25" 25 500 1000 0.8 10 0.4 1 0.8
1.04851552822766 9.71347685544768 "experimento_25" 25 500 1000 0.8 10 0.4 1 0.8
0.982930818106979 9.3470375123582 "experimento_25" 25 500 1000 0.8 10 0.4 1 0.8
1.00031005329192 8.96700273283739 "experimento_25" 25 500 1000 0.8 10 0.4 1 0.8
0.984838985837996 9.64195293334603 "experimento_25" 25 500 1000 0.8 10 0.4 1 0.8
1.00017022292829 10.2896126029653 "experimento_25" 25 500 1000 0.8 10 0.4 1 0.8
1.01338153815445 10.087357456352 "experimento_25" 25 500 1000 0.8 10 0.4 1 0.8
1.00919982643394 11.1741191043213 "experimento_25" 25 500 1000 0.8 10 0.4 1 0.8
0.990451506571844 10.5104473095514 "experimento_25" 25 500 1000 0.8 10 0.4 1 0.8
0.987082782899961 7.67582919726628 "experimento_25" 25 500 1000 0.8 10 0.4 1 0.8
1.00420923801139 10.5432055118117 "experimento_25" 25 500 1000 0.8 10 0.4 1 0.8
0.99576328904368 8.42487713804244 "experimento_25" 25 500 1000 0.8 10 0.4 1 0.8
0.985559620661661 11.0959673672057 "experimento_25" 25 500 1000 0.8 10 0.4 1 0.8
1.00442050461455 10.5480392786585 "experimento_25" 25 500 1000 0.8 10 0.4 1 0.8
0.981061273487285 8.37268127904447 "experimento_25" 25 500 1000 0.8 10 0.4 1 0.8
1.0180900736632 11.034135642685 "experimento_25" 25 500 1000 0.8 10 0.4 1 0.8
0.994925752747804 10.4203318021795 "experimento_25" 25 500 1000 0.8 10 0.4 1 0.8
1.02981382450089 10.9270005535457 "experimento_25" 25 500 1000 0.8 10 0.4 1 0.8
1.01247015846893 11.2485431631483 "experimento_25" 25 500 1000 0.8 10 0.4 1 0.8
0.98172181728296 9.64329573705116 "experimento_25" 25 500 1000 0.8 10 0.4 1 0.8
1.08519139708531 7.6813015938359 "experimento_25" 25 500 1000 0.8 10 0.4 1 0.8
0.992038326803595 9.2988795232549 "experimento_25" 25 500 1000 0.8 10 0.4 1 0.8
1.00235662874766 10.4024003087516 "experimento_25" 25 500 1000 0.8 10 0.4 1 0.8
1.02421750527839 7.81956482068268 "experimento_25" 25 500 1000 0.8 10 0.4 1 0.8
1.00128539591096 10.1825825801694 "experimento_25" 25 500 1000 0.8 10 0.4 1 0.8
0.974668077426031 10.4510312379513 "experimento_25" 25 500 1000 0.8 10 0.4 1 0.8
0.987195026129484 8.19324232967755 "experimento_25" 25 500 1000 0.8 10 0.4 1 0.8
0.992339855525643 8.0053740321528 "experimento_25" 25 500 1000 0.8 10 0.4 1 0.8
1.00213970584836 11.0759197049137 "experimento_25" 25 500 1000 0.8 10 0.4 1 0.8
1.00311966515146 9.4881202011112 "experimento_25" 25 500 1000 0.8 10 0.4 1 0.8
1.00820963974111 8.66566301302526 "experimento_25" 25 500 1000 0.8 10 0.4 1 0.8
1.06240914999507 12.2684290102887 "experimento_25" 25 500 1000 0.8 10 0.4 1 0.8
1.018621599162 8.1990276716829 "experimento_25" 25 500 1000 0.8 10 0.4 1 0.8
0.972625999478623 8.53898064105843 "experimento_25" 25 500 1000 0.8 10 0.4 1 0.8
1.01736028296873 8.81619967603481 "experimento_25" 25 500 1000 0.8 10 0.4 1 0.8
1.02590121827236 8.57330817024754 "experimento_25" 25 500 1000 0.8 10 0.4 1 0.8
0.990985317388549 9.77740851152564 "experimento_25" 25 500 1000 0.8 10 0.4 1 0.8
1.00013961032964 9.81311672465512 "experimento_25" 25 500 1000 0.8 10 0.4 1 0.8
0.993741683661938 9.27869590166128 "experimento_25" 25 500 1000 0.8 10 0.4 1 0.8
0.993614147882909 8.8728633232089 "experimento_25" 25 500 1000 0.8 10 0.4 1 0.8
0.994675477501005 9.10522828726012 "experimento_25" 25 500 1000 0.8 10 0.4 1 0.8
1.03912549405359 9.71373471203588 "experimento_25" 25 500 1000 0.8 10 0.4 1 0.8
0.999039321439341 11.5361409900939 "experimento_25" 25 500 1000 0.8 10 0.4 1 0.8
0.994284424232319 10.8290063509263 "experimento_25" 25 500 1000 0.8 10 0.4 1 0.8
1.00895116589963 11.1342736113013 "experimento_25" 25 500 1000 0.8 10 0.4 1 0.8
1.01236485750408 10.3297115020394 "experimento_25" 25 500 1000 0.8 10 0.4 1 0.8
0.989892568439245 10.6627652222884 "experimento_25" 25 500 1000 0.8 10 0.4 1 0.8
1.01095517424109 9.86520875514699 "experimento_25" 25 500 1000 0.8 10 0.4 1 0.8
1.01864326647483 8.22274759121792 "experimento_25" 25 500 1000 0.8 10 0.4 1 0.8
1.0019829692319 11.0457791680148 "experimento_25" 25 500 1000 0.8 10 0.4 1 0.8
1.09599038792057 7.73122072367324 "experimento_25" 25 500 1000 0.8 10 0.4 1 0.8
1.00188875515014 10.9965730242889 "experimento_25" 25 500 1000 0.8 10 0.4 1 0.8
1.0457563994918 10.0495479392238 "experimento_25" 25 500 1000 0.8 10 0.4 1 0.8
0.991454774048179 9.23648330965096 "experimento_25" 25 500 1000 0.8 10 0.4 1 0.8
1.08824235582304 6.63001881259933 "experimento_25" 25 500 1000 0.8 10 0.4 1 0.8
0.98460296378471 8.74718681537168 "experimento_25" 25 500 1000 0.8 10 0.4 1 0.8
0.966713874600828 8.89165019680472 "experimento_25" 25 500 1000 0.8 10 0.4 1 0.8
1.00175007344224 11.1314632693984 "experimento_25" 25 500 1000 0.8 10 0.4 1 0.8
1.00821799786037 10.6967858711075 "experimento_25" 25 500 1000 0.8 10 0.4 1 0.8
1.0241466704756 8.038827537807 "experimento_25" 25 500 1000 0.8 10 0.4 1 0.8
1.00385368988341 9.8631722990992 "experimento_25" 25 500 1000 0.8 10 0.4 1 0.8
0.99089159979485 11.0502860667436 "experimento_25" 25 500 1000 0.8 10 0.4 1 0.8
1.05488313353854 11.595180484396 "experimento_25" 25 500 1000 0.8 10 0.4 1 0.8
0.998009104747325 11.4091602875515 "experimento_25" 25 500 1000 0.8 10 0.4 1 0.8
1.00662753344513 9.65133293050465 "experimento_25" 25 500 1000 0.8 10 0.4 1 0.8
0.993731617694721 8.57093378945613 "experimento_25" 25 500 1000 0.8 10 0.4 1 0.8
0.991783279925585 8.82109006742469 "experimento_25" 25 500 1000 0.8 10 0.4 1 0.8
1.00389752970077 10.717629713102 "experimento_25" 25 500 1000 0.8 10 0.4 1 0.8
0.98970983363688 10.4751207585595 "experimento_25" 25 500 1000 0.8 10 0.4 1 0.8
1.04648351129144 14.9264008202484 "experimento_25" 25 500 1000 0.8 10 0.4 1 0.8
1.04771128664725 10.4961040047984 "experimento_25" 25 500 1000 0.8 10 0.4 1 0.8
0.993344178190455 10.5054900813107 "experimento_25" 25 500 1000 0.8 10 0.4 1 0.8
0.997694177553058 11.0416190365047 "experimento_25" 25 500 1000 0.8 10 0.4 1 0.8
1.03934569186531 11.1231723177265 "experimento_25" 25 500 1000 0.8 10 0.4 1 0.8
1.0743697501677 13.9905381534223 "experimento_25" 25 500 1000 0.8 10 0.4 1 0.8
0.981812528101727 10.5854142512676 "experimento_25" 25 500 1000 0.8 10 0.4 1 0.8
1.01733800384283 8.73982849919561 "experimento_25" 25 500 1000 0.8 10 0.4 1 0.8
1.0079964544889 9.63391854954943 "experimento_25" 25 500 1000 0.8 10 0.4 1 0.8
1.0162282849662 9.07587884228611 "experimento_25" 25 500 1000 0.8 10 0.4 1 0.8
0.999152563745156 11.668007987767 "experimento_25" 25 500 1000 0.8 10 0.4 1 0.8
0.998706143116578 9.28344916034368 "experimento_25" 25 500 1000 0.8 10 0.4 1 0.8
0.997213990194723 10.6072495941537 "experimento_25" 25 500 1000 0.8 10 0.4 1 0.8
0.990085468627512 8.61472231583327 "experimento_25" 25 500 1000 0.8 10 0.4 1 0.8
0.994839692255482 11.7808534333941 "experimento_25" 25 500 1000 0.8 10 0.4 1 0.8
1.05107657937333 8.13051742316429 "experimento_25" 25 500 1000 0.8 10 0.4 1 0.8
1.00091076955302 8.88303318773223 "experimento_25" 25 500 1000 0.8 10 0.4 1 0.8
0.993167851818725 10.0031347895735 "experimento_25" 25 500 1000 0.8 10 0.4 1 0.8
1.0700605106498 10.9781213776363 "experimento_25" 25 500 1000 0.8 10 0.4 1 0.8
0.983975781593472 8.20924164911804 "experimento_25" 25 500 1000 0.8 10 0.4 1 0.8
1.0310753417667 11.122654552839 "experimento_25" 25 500 1000 0.8 10 0.4 1 0.8
1.0571898881346 9.26708262401118 "experimento_25" 25 500 1000 0.8 10 0.4 1 0.8
1.03659829073586 11.0871539910026 "experimento_25" 25 500 1000 0.8 10 0.4 1 0.8
1.00164514677599 10.8140071771268 "experimento_25" 25 500 1000 0.8 10 0.4 1 0.8
0.998769003432244 9.3401659878073 "experimento_25" 25 500 1000 0.8 10 0.4 1 0.8
1.05362692838535 14.2510975381881 "experimento_25" 25 500 1000 0.8 10 0.4 1 0.8
0.997126049362123 11.0823953830623 "experimento_25" 25 500 1000 0.8 10 0.4 1 0.8
0.992067872080952 9.52822833384314 "experimento_25" 25 500 1000 0.8 10 0.4 1 0.8
1.04839451391116 10.5824500295326 "experimento_25" 25 500 1000 0.8 10 0.4 1 0.8
0.990824364824221 9.46804628815826 "experimento_25" 25 500 1000 0.8 10 0.4 1 0.8
0.999220923054963 10.0626762170156 "experimento_25" 25 500 1000 0.8 10 0.4 1 0.8
0.979375645983964 7.95322386998605 "experimento_25" 25 500 1000 0.8 10 0.4 1 0.8
0.99101047613658 9.3245968284106 "experimento_25" 25 500 1000 0.8 10 0.4 1 0.8
1.07508107096566 11.0494389514266 "experimento_25" 25 500 1000 0.8 10 0.4 1 0.8
1.00947076735168 9.84225315639212 "experimento_25" 25 500 1000 0.8 10 0.4 1 0.8
1.03750941017643 10.9603853135119 "experimento_25" 25 500 1000 0.8 10 0.4 1 0.8
1.01579286111519 10.7775829037005 "experimento_25" 25 500 1000 0.8 10 0.4 1 0.8
1.05688819819336 10.0437663333965 "experimento_25" 25 500 1000 0.8 10 0.4 1 0.8
1.00952721061185 10.4117934838541 "experimento_25" 25 500 1000 0.8 10 0.4 1 0.8
1.07164164441568 11.7593373221086 "experimento_25" 25 500 1000 0.8 10 0.4 1 0.8
0.990475355647504 10.1589421409169 "experimento_25" 25 500 1000 0.8 10 0.4 1 0.8
1.0468358090613 10.9643933839996 "experimento_25" 25 500 1000 0.8 10 0.4 1 0.8
1.00439216610976 10.359745700246 "experimento_25" 25 500 1000 0.8 10 0.4 1 0.8
1.00019054402808 10.165624061372 "experimento_25" 25 500 1000 0.8 10 0.4 1 0.8
1.00046012294479 11.1813006891252 "experimento_25" 25 500 1000 0.8 10 0.4 1 0.8
1.10971710337899 10.9464573471674 "experimento_25" 25 500 1000 0.8 10 0.4 1 0.8
1.01342950954962 11.1079209809412 "experimento_25" 25 500 1000 0.8 10 0.4 1 0.8
0.997282037977129 8.90727474833719 "experimento_25" 25 500 1000 0.8 10 0.4 1 0.8
0.994132552994415 9.40661950124281 "experimento_25" 25 500 1000 0.8 10 0.4 1 0.8
1.01048150300048 9.12715959128762 "experimento_25" 25 500 1000 0.8 10 0.4 1 0.8
0.997085911454633 8.96326253826754 "experimento_25" 25 500 1000 0.8 10 0.4 1 0.8
1.00160463145003 10.6306007815451 "experimento_25" 25 500 1000 0.8 10 0.4 1 0.8
0.991401204839349 8.42980956194676 "experimento_25" 25 500 1000 0.8 10 0.4 1 0.8
0.987293603131548 10.7312531656733 "experimento_25" 25 500 1000 0.8 10 0.4 1 0.8
1.06907647508197 11.8047005581459 "experimento_25" 25 500 1000 0.8 10 0.4 1 0.8
0.997758374083787 9.9485922483324 "experimento_25" 25 500 1000 0.8 10 0.4 1 0.8
0.996178490342572 8.36403850103276 "experimento_25" 25 500 1000 0.8 10 0.4 1 0.8
0.993656999664381 8.6574621156216 "experimento_25" 25 500 1000 0.8 10 0.4 1 0.8
0.993230757536367 11.3610101406118 "experimento_25" 25 500 1000 0.8 10 0.4 1 0.8
0.998887028777972 10.8185127252295 "experimento_25" 25 500 1000 0.8 10 0.4 1 0.8
1.00877583981492 10.4041754948993 "experimento_25" 25 500 1000 0.8 10 0.4 1 0.8
0.993912021396682 8.81624205314792 "experimento_25" 25 500 1000 0.8 10 0.4 1 0.8
0.994038031669334 10.440492177937 "experimento_25" 25 500 1000 0.8 10 0.4 1 0.8
0.992768181022257 8.60904509082567 "experimento_25" 25 500 1000 0.8 10 0.4 1 0.8
1.000104345195 9.84455422107657 "experimento_25" 25 500 1000 0.8 10 0.4 1 0.8
0.996316491393372 10.3945752408195 "experimento_25" 25 500 1000 0.8 10 0.4 1 0.8
1.06890010288917 7.39564850453996 "experimento_25" 25 500 1000 0.8 10 0.4 1 0.8
0.993177024181932 10.9617034743405 "experimento_25" 25 500 1000 0.8 10 0.4 1 0.8
1.00725742324553 12.4395755320778 "experimento_25" 25 500 1000 0.8 10 0.4 1 0.8
1.00879284268609 13.9725254542463 "experimento_25" 25 500 1000 0.8 10 0.4 1 0.8
1.00731572404867 10.3257909014503 "experimento_25" 25 500 1000 0.8 10 0.4 1 0.8
1.05205417764373 8.26720227123574 "experimento_25" 25 500 1000 0.8 10 0.4 1 0.8
0.984294690890238 9.69403375405853 "experimento_25" 25 500 1000 0.8 10 0.4 1 0.8
0.990726211341098 10.4813392156414 "experimento_25" 25 500 1000 0.8 10 0.4 1 0.8
0.995164920808747 9.77392902082289 "experimento_25" 25 500 1000 0.8 10 0.4 1 0.8
1.00321902325377 9.28186768010098 "experimento_25" 25 500 1000 0.8 10 0.4 1 0.8
1.0244528840296 9.79072858399765 "experimento_25" 25 500 1000 0.8 10 0.4 1 0.8
1.00014917138033 9.04626212303699 "experimento_25" 25 500 1000 0.8 10 0.4 1 0.8
0.986713403603062 8.88328100467715 "experimento_25" 25 500 1000 0.8 10 0.4 1 0.8
0.990649417275563 10.1420881911121 "experimento_25" 25 500 1000 0.8 10 0.4 1 0.8
1.00723283793777 11.0333019003594 "experimento_25" 25 500 1000 0.8 10 0.4 1 0.8
0.983692295616493 8.31461414667296 "experimento_25" 25 500 1000 0.8 10 0.4 1 0.8
