"est.u" "est.lamb" "name" "seed" "size" "replicates" "p_umbral" "exp_lambda" "alpha_pen" "n_pen" "c"
0.998805093811825 1.04935469447553 "experimento_22" 22 2000 1000 0.95 1 0.4 1 0.8
0.993999812752008 1.02284508776242 "experimento_22" 22 2000 1000 0.95 1 0.4 1 0.8
1.59083867771551 1.37797774614416 "experimento_22" 22 2000 1000 0.95 1 0.4 1 0.8
0.99850767524913 1.18606532805665 "experimento_22" 22 2000 1000 0.95 1 0.4 1 0.8
1.02378419693559 0.911615660462555 "experimento_22" 22 2000 1000 0.95 1 0.4 1 0.8
1.39614769769832 0.895666927689272 "experimento_22" 22 2000 1000 0.95 1 0.4 1 0.8
0.997056143824011 0.926394032253696 "experimento_22" 22 2000 1000 0.95 1 0.4 1 0.8
1.21401863032952 0.878336562222307 "experimento_22" 22 2000 1000 0.95 1 0.4 1 0.8
1.34757085026707 0.95696936276051 "experimento_22" 22 2000 1000 0.95 1 0.4 1 0.8
0.99994601495564 0.965835816611646 "experimento_22" 22 2000 1000 0.95 1 0.4 1 0.8
1.70356791680969 1.05190648557807 "experimento_22" 22 2000 1000 0.95 1 0.4 1 0.8
0.999947987962514 1.09441029728257 "experimento_22" 22 2000 1000 0.95 1 0.4 1 0.8
1.02343813829114 1.09264284474293 "experimento_22" 22 2000 1000 0.95 1 0.4 1 0.8
0.99939410877414 1.15400205819159 "experimento_22" 22 2000 1000 0.95 1 0.4 1 0.8
0.999662454472855 1.09398164892124 "experimento_22" 22 2000 1000 0.95 1 0.4 1 0.8
0.996682740980759 1.0958862864463 "experimento_22" 22 2000 1000 0.95 1 0.4 1 0.8
0.994929398875684 1.07703969554445 "experimento_22" 22 2000 1000 0.95 1 0.4 1 0.8
0.998607126064599 1.13000374897679 "experimento_22" 22 2000 1000 0.95 1 0.4 1 0.8
1.01373302331194 0.967131687976095 "experimento_22" 22 2000 1000 0.95 1 0.4 1 0.8
0.999487696681172 1.01058337977267 "experimento_22" 22 2000 1000 0.95 1 0.4 1 0.8
0.999911718768999 0.975068604093787 "experimento_22" 22 2000 1000 0.95 1 0.4 1 0.8
1.26766981976107 1.03463585329807 "experimento_22" 22 2000 1000 0.95 1 0.4 1 0.8
0.999970345990732 0.973391818140854 "experimento_22" 22 2000 1000 0.95 1 0.4 1 0.8
1.05140287429094 0.872668527475562 "experimento_22" 22 2000 1000 0.95 1 0.4 1 0.8
1.05816678609699 1.07604574960229 "experimento_22" 22 2000 1000 0.95 1 0.4 1 0.8
0.995846794685349 1.08657625504035 "experimento_22" 22 2000 1000 0.95 1 0.4 1 0.8
0.999895224347711 1.12826411153784 "experimento_22" 22 2000 1000 0.95 1 0.4 1 0.8
1.20521632442251 1.07200278802442 "experimento_22" 22 2000 1000 0.95 1 0.4 1 0.8
0.998413638444617 0.881677857651116 "experimento_22" 22 2000 1000 0.95 1 0.4 1 0.8
0.998443814693019 0.997644397015491 "experimento_22" 22 2000 1000 0.95 1 0.4 1 0.8
1.0080617708154 1.08029113870316 "experimento_22" 22 2000 1000 0.95 1 0.4 1 0.8
1.24025170272216 0.917172021991419 "experimento_22" 22 2000 1000 0.95 1 0.4 1 0.8
1.15664055850357 0.881540042972651 "experimento_22" 22 2000 1000 0.95 1 0.4 1 0.8
0.992796179372817 1.28117982214354 "experimento_22" 22 2000 1000 0.95 1 0.4 1 0.8
0.997139733284712 1.21605380326586 "experimento_22" 22 2000 1000 0.95 1 0.4 1 0.8
1.00150930825026 1.16059648098168 "experimento_22" 22 2000 1000 0.95 1 0.4 1 0.8
0.999121125321835 1.06022313350391 "experimento_22" 22 2000 1000 0.95 1 0.4 1 0.8
0.998674652306363 1.08890872994669 "experimento_22" 22 2000 1000 0.95 1 0.4 1 0.8
0.994768215576187 1.18492098306328 "experimento_22" 22 2000 1000 0.95 1 0.4 1 0.8
0.996168839745224 1.32767367491716 "experimento_22" 22 2000 1000 0.95 1 0.4 1 0.8
1.03966577112404 1.00075168313194 "experimento_22" 22 2000 1000 0.95 1 0.4 1 0.8
1.00867018463801 0.984160613516326 "experimento_22" 22 2000 1000 0.95 1 0.4 1 0.8
0.999572303378955 1.09546615267749 "experimento_22" 22 2000 1000 0.95 1 0.4 1 0.8
0.996067243628204 0.970861452352639 "experimento_22" 22 2000 1000 0.95 1 0.4 1 0.8
0.996139108436182 0.991647060764543 "experimento_22" 22 2000 1000 0.95 1 0.4 1 0.8
1.0023716497235 0.98290494344746 "experimento_22" 22 2000 1000 0.95 1 0.4 1 0.8
0.992854863405228 1.15813897380549 "experimento_22" 22 2000 1000 0.95 1 0.4 1 0.8
0.999669496668503 1.06457675143188 "experimento_22" 22 2000 1000 0.95 1 0.4 1 0.8
0.997992123942822 0.931092967552053 "experimento_22" 22 2000 1000 0.95 1 0.4 1 0.8
1.1886716466397 1.3241958770103 "experimento_22" 22 2000 1000 0.95 1 0.4 1 0.8
0.992312006186694 0.943394912168149 "experimento_22" 22 2000 1000 0.95 1 0.4 1 0.8
1.7793959332705 1.15347748888766 "experimento_22" 22 2000 1000 0.95 1 0.4 1 0.8
0.998002054402605 0.99375278081043 "experimento_22" 22 2000 1000 0.95 1 0.4 1 0.8
0.997132247313857 1.12745112866016 "experimento_22" 22 2000 1000 0.95 1 0.4 1 0.8
0.998710670042783 0.86147815805144 "experimento_22" 22 2000 1000 0.95 1 0.4 1 0.8
1.16278776573017 1.02519256281699 "experimento_22" 22 2000 1000 0.95 1 0.4 1 0.8
0.997413861332461 0.843802065708362 "experimento_22" 22 2000 1000 0.95 1 0.4 1 0.8
0.997898977482691 1.08946899274425 "experimento_22" 22 2000 1000 0.95 1 0.4 1 0.8
0.999982940964401 1.10994748175112 "experimento_22" 22 2000 1000 0.95 1 0.4 1 0.8
1.42685199016705 1.05078565699629 "experimento_22" 22 2000 1000 0.95 1 0.4 1 0.8
0.997470942093059 0.986317536797327 "experimento_22" 22 2000 1000 0.95 1 0.4 1 0.8
1.001290033545 0.89365044147783 "experimento_22" 22 2000 1000 0.95 1 0.4 1 0.8
0.996529353084043 1.13973354641707 "experimento_22" 22 2000 1000 0.95 1 0.4 1 0.8
1.4259210051545 0.674099385397121 "experimento_22" 22 2000 1000 0.95 1 0.4 1 0.8
1.01124136568978 1.15796292697603 "experimento_22" 22 2000 1000 0.95 1 0.4 1 0.8
1.26943015427143 0.987034539654099 "experimento_22" 22 2000 1000 0.95 1 0.4 1 0.8
0.998200140893459 1.01983706374794 "experimento_22" 22 2000 1000 0.95 1 0.4 1 0.8
0.996635739225894 1.18600719958049 "experimento_22" 22 2000 1000 0.95 1 0.4 1 0.8
1.09091087661889 1.00984860920785 "experimento_22" 22 2000 1000 0.95 1 0.4 1 0.8
0.999842693563551 1.33798588606566 "experimento_22" 22 2000 1000 0.95 1 0.4 1 0.8
1.31551222829148 1.02628040404977 "experimento_22" 22 2000 1000 0.95 1 0.4 1 0.8
1.01303203497082 0.918157034175935 "experimento_22" 22 2000 1000 0.95 1 0.4 1 0.8
1.00574688473716 1.16345506172833 "experimento_22" 22 2000 1000 0.95 1 0.4 1 0.8
1.06467402900384 0.960226179585112 "experimento_22" 22 2000 1000 0.95 1 0.4 1 0.8
0.999425956048071 0.890663984667556 "experimento_22" 22 2000 1000 0.95 1 0.4 1 0.8
0.9912098669447 1.06130513525307 "experimento_22" 22 2000 1000 0.95 1 0.4 1 0.8
0.997763480758294 0.957967150805075 "experimento_22" 22 2000 1000 0.95 1 0.4 1 0.8
0.993529521394521 1.18659801405249 "experimento_22" 22 2000 1000 0.95 1 0.4 1 0.8
0.992750881472602 0.940262139439056 "experimento_22" 22 2000 1000 0.95 1 0.4 1 0.8
0.998747163452208 1.11570613033024 "experimento_22" 22 2000 1000 0.95 1 0.4 1 0.8
0.996547025162727 1.16176939632715 "experimento_22" 22 2000 1000 0.95 1 0.4 1 0.8
0.999835579888895 1.02328626575642 "experimento_22" 22 2000 1000 0.95 1 0.4 1 0.8
0.999284819932655 0.914371740226535 "experimento_22" 22 2000 1000 0.95 1 0.4 1 0.8
0.995647246716544 0.943622235488535 "experimento_22" 22 2000 1000 0.95 1 0.4 1 0.8
0.999722956912592 1.10476461089598 "experimento_22" 22 2000 1000 0.95 1 0.4 1 0.8
0.997942287009209 0.98216202182949 "experimento_22" 22 2000 1000 0.95 1 0.4 1 0.8
1.54662669776008 0.86681899466272 "experimento_22" 22 2000 1000 0.95 1 0.4 1 0.8
0.995936558581889 1.0448548194446 "experimento_22" 22 2000 1000 0.95 1 0.4 1 0.8
0.999344380339608 1.05938542966766 "experimento_22" 22 2000 1000 0.95 1 0.4 1 0.8
0.998228255659342 0.94779238253759 "experimento_22" 22 2000 1000 0.95 1 0.4 1 0.8
0.999544850783423 0.922691533685687 "experimento_22" 22 2000 1000 0.95 1 0.4 1 0.8
0.997850167797878 1.07819409787643 "experimento_22" 22 2000 1000 0.95 1 0.4 1 0.8
0.998380553210154 1.08957256152145 "experimento_22" 22 2000 1000 0.95 1 0.4 1 0.8
1.00186006864533 0.990042588301519 "experimento_22" 22 2000 1000 0.95 1 0.4 1 0.8
0.995900995796546 1.04767007833579 "experimento_22" 22 2000 1000 0.95 1 0.4 1 0.8
1.11927388507633 1.06802061417842 "experimento_22" 22 2000 1000 0.95 1 0.4 1 0.8
1.11163180498358 1.0548150014805 "experimento_22" 22 2000 1000 0.95 1 0.4 1 0.8
0.999078658875078 0.944975233846273 "experimento_22" 22 2000 1000 0.95 1 0.4 1 0.8
1.07508343531757 0.869488016773461 "experimento_22" 22 2000 1000 0.95 1 0.4 1 0.8
0.999735720921308 1.07942082468934 "experimento_22" 22 2000 1000 0.95 1 0.4 1 0.8
0.999083740171045 1.02879714303536 "experimento_22" 22 2000 1000 0.95 1 0.4 1 0.8
0.999063330003992 0.968682690440006 "experimento_22" 22 2000 1000 0.95 1 0.4 1 0.8
1.02615401629972 1.1346607912297 "experimento_22" 22 2000 1000 0.95 1 0.4 1 0.8
1.00284401932731 1.25663469341204 "experimento_22" 22 2000 1000 0.95 1 0.4 1 0.8
1.01576929120347 0.975999175853297 "experimento_22" 22 2000 1000 0.95 1 0.4 1 0.8
0.999332659645006 0.922195890230735 "experimento_22" 22 2000 1000 0.95 1 0.4 1 0.8
0.99407672509551 1.08380742124153 "experimento_22" 22 2000 1000 0.95 1 0.4 1 0.8
0.999268282204866 0.993899715361627 "experimento_22" 22 2000 1000 0.95 1 0.4 1 0.8
0.996630918700248 1.00731438282026 "experimento_22" 22 2000 1000 0.95 1 0.4 1 0.8
1.42536785406992 1.2760793803443 "experimento_22" 22 2000 1000 0.95 1 0.4 1 0.8
1.17667164031549 1.0763364725609 "experimento_22" 22 2000 1000 0.95 1 0.4 1 0.8
0.996122609823942 1.05867708664333 "experimento_22" 22 2000 1000 0.95 1 0.4 1 0.8
0.996761655202135 1.06460009497624 "experimento_22" 22 2000 1000 0.95 1 0.4 1 0.8
1.18847904074937 0.946217061464448 "experimento_22" 22 2000 1000 0.95 1 0.4 1 0.8
0.995102314045653 1.07339336268709 "experimento_22" 22 2000 1000 0.95 1 0.4 1 0.8
0.999536724993959 0.924376765922181 "experimento_22" 22 2000 1000 0.95 1 0.4 1 0.8
0.997297023655847 1.0339435111622 "experimento_22" 22 2000 1000 0.95 1 0.4 1 0.8
0.999758939724416 0.979538422570724 "experimento_22" 22 2000 1000 0.95 1 0.4 1 0.8
1.48078013537452 0.891676937283638 "experimento_22" 22 2000 1000 0.95 1 0.4 1 0.8
0.999109083553776 1.06746903893515 "experimento_22" 22 2000 1000 0.95 1 0.4 1 0.8
0.998486205935478 1.0784234235947 "experimento_22" 22 2000 1000 0.95 1 0.4 1 0.8
1.01683243969455 1.11564581008733 "experimento_22" 22 2000 1000 0.95 1 0.4 1 0.8
0.998417301103473 1.15123703994134 "experimento_22" 22 2000 1000 0.95 1 0.4 1 0.8
0.999641553964466 0.955226741144512 "experimento_22" 22 2000 1000 0.95 1 0.4 1 0.8
0.99659846466966 1.09617372213975 "experimento_22" 22 2000 1000 0.95 1 0.4 1 0.8
1.76567414308393 0.582796883077218 "experimento_22" 22 2000 1000 0.95 1 0.4 1 0.8
1.00135916518047 0.957742705705742 "experimento_22" 22 2000 1000 0.95 1 0.4 1 0.8
1.30879607237875 0.908396021414372 "experimento_22" 22 2000 1000 0.95 1 0.4 1 0.8
0.997804084792733 0.984487850201779 "experimento_22" 22 2000 1000 0.95 1 0.4 1 0.8
1.22147820610553 1.13147207343739 "experimento_22" 22 2000 1000 0.95 1 0.4 1 0.8
0.998817010084167 1.0182483043067 "experimento_22" 22 2000 1000 0.95 1 0.4 1 0.8
0.998957019066438 0.943458690229296 "experimento_22" 22 2000 1000 0.95 1 0.4 1 0.8
0.999329721787944 0.951360107798654 "experimento_22" 22 2000 1000 0.95 1 0.4 1 0.8
0.999347711447626 1.03629571090151 "experimento_22" 22 2000 1000 0.95 1 0.4 1 0.8
1.02780661452562 1.04762510806952 "experimento_22" 22 2000 1000 0.95 1 0.4 1 0.8
0.996390602085739 1.20906307481139 "experimento_22" 22 2000 1000 0.95 1 0.4 1 0.8
1.02144080353901 1.07863600777301 "experimento_22" 22 2000 1000 0.95 1 0.4 1 0.8
1.00443218708194 0.871057470435937 "experimento_22" 22 2000 1000 0.95 1 0.4 1 0.8
0.999566633719951 1.04099491886547 "experimento_22" 22 2000 1000 0.95 1 0.4 1 0.8
0.99689895263873 1.07937613073364 "experimento_22" 22 2000 1000 0.95 1 0.4 1 0.8
0.996893687872216 1.20154386591046 "experimento_22" 22 2000 1000 0.95 1 0.4 1 0.8
0.996364219579846 1.01679088419646 "experimento_22" 22 2000 1000 0.95 1 0.4 1 0.8
0.998000575695187 0.991268614049625 "experimento_22" 22 2000 1000 0.95 1 0.4 1 0.8
1.22478168873439 0.936141234164058 "experimento_22" 22 2000 1000 0.95 1 0.4 1 0.8
0.998626209096983 1.0824620942969 "experimento_22" 22 2000 1000 0.95 1 0.4 1 0.8
0.99928109976463 1.14181704382086 "experimento_22" 22 2000 1000 0.95 1 0.4 1 0.8
0.999844639794901 0.965460952671056 "experimento_22" 22 2000 1000 0.95 1 0.4 1 0.8
1.01147896750868 1.15074712957543 "experimento_22" 22 2000 1000 0.95 1 0.4 1 0.8
0.997178370598704 1.17469572895295 "experimento_22" 22 2000 1000 0.95 1 0.4 1 0.8
0.994068117579445 0.999513800700296 "experimento_22" 22 2000 1000 0.95 1 0.4 1 0.8
0.999760193517432 1.13023487895267 "experimento_22" 22 2000 1000 0.95 1 0.4 1 0.8
1.43763089831918 0.931507874493028 "experimento_22" 22 2000 1000 0.95 1 0.4 1 0.8
1.02319388790056 1.11973407442488 "experimento_22" 22 2000 1000 0.95 1 0.4 1 0.8
0.999484429135919 0.944843456858393 "experimento_22" 22 2000 1000 0.95 1 0.4 1 0.8
0.999866599449888 1.07429514275675 "experimento_22" 22 2000 1000 0.95 1 0.4 1 0.8
0.998699114657938 1.23765330490591 "experimento_22" 22 2000 1000 0.95 1 0.4 1 0.8
0.999896587105468 0.860298181804324 "experimento_22" 22 2000 1000 0.95 1 0.4 1 0.8
0.999786925502121 1.18502152167996 "experimento_22" 22 2000 1000 0.95 1 0.4 1 0.8
0.99754449352622 1.09780564320269 "experimento_22" 22 2000 1000 0.95 1 0.4 1 0.8
0.995227336185053 0.866661085617323 "experimento_22" 22 2000 1000 0.95 1 0.4 1 0.8
1.00379004354338 1.12348440107083 "experimento_22" 22 2000 1000 0.95 1 0.4 1 0.8
0.996364062186331 1.08967054509551 "experimento_22" 22 2000 1000 0.95 1 0.4 1 0.8
0.999582875985652 1.23808995013868 "experimento_22" 22 2000 1000 0.95 1 0.4 1 0.8
0.997454148717225 0.985534187671605 "experimento_22" 22 2000 1000 0.95 1 0.4 1 0.8
0.998272448545322 1.11709083276455 "experimento_22" 22 2000 1000 0.95 1 0.4 1 0.8
0.997638237662613 0.930761034833648 "experimento_22" 22 2000 1000 0.95 1 0.4 1 0.8
0.99996102694422 0.968534076841355 "experimento_22" 22 2000 1000 0.95 1 0.4 1 0.8
1.0032956097275 0.972738603537986 "experimento_22" 22 2000 1000 0.95 1 0.4 1 0.8
1.55969139002264 1.30445191787439 "experimento_22" 22 2000 1000 0.95 1 0.4 1 0.8
0.998593149706721 1.34062169772497 "experimento_22" 22 2000 1000 0.95 1 0.4 1 0.8
0.999354827217758 1.07006721401794 "experimento_22" 22 2000 1000 0.95 1 0.4 1 0.8
0.998592332471162 1.01798907501734 "experimento_22" 22 2000 1000 0.95 1 0.4 1 0.8
1.07869335729629 1.09846564282893 "experimento_22" 22 2000 1000 0.95 1 0.4 1 0.8
0.994868443114683 1.00374484059006 "experimento_22" 22 2000 1000 0.95 1 0.4 1 0.8
0.998930652625859 1.04681555830769 "experimento_22" 22 2000 1000 0.95 1 0.4 1 0.8
1.76748646450495 0.766919282586142 "experimento_22" 22 2000 1000 0.95 1 0.4 1 0.8
1.40987222147172 0.808201356811562 "experimento_22" 22 2000 1000 0.95 1 0.4 1 0.8
0.997336655622348 1.27541334198834 "experimento_22" 22 2000 1000 0.95 1 0.4 1 0.8
1.06138878455386 1.11966681434193 "experimento_22" 22 2000 1000 0.95 1 0.4 1 0.8
1.03209424717336 1.13971490394058 "experimento_22" 22 2000 1000 0.95 1 0.4 1 0.8
0.997868324397132 0.96135121020462 "experimento_22" 22 2000 1000 0.95 1 0.4 1 0.8
0.999787152511999 1.02412677132892 "experimento_22" 22 2000 1000 0.95 1 0.4 1 0.8
1.01325185643509 1.096157602693 "experimento_22" 22 2000 1000 0.95 1 0.4 1 0.8
0.999830105807632 1.12261966155843 "experimento_22" 22 2000 1000 0.95 1 0.4 1 0.8
1.19038485510065 0.909948154810699 "experimento_22" 22 2000 1000 0.95 1 0.4 1 0.8
0.997454511467367 0.975698009416664 "experimento_22" 22 2000 1000 0.95 1 0.4 1 0.8
0.998013905948028 1.01880782815706 "experimento_22" 22 2000 1000 0.95 1 0.4 1 0.8
0.998605871805921 1.10795688847341 "experimento_22" 22 2000 1000 0.95 1 0.4 1 0.8
0.998762290459126 1.21110756701064 "experimento_22" 22 2000 1000 0.95 1 0.4 1 0.8
1.01828136574477 1.35277587645801 "experimento_22" 22 2000 1000 0.95 1 0.4 1 0.8
0.99598887283355 1.09089383811704 "experimento_22" 22 2000 1000 0.95 1 0.4 1 0.8
1.34212003229186 0.79235057009745 "experimento_22" 22 2000 1000 0.95 1 0.4 1 0.8
1.00772673543543 0.997415678621559 "experimento_22" 22 2000 1000 0.95 1 0.4 1 0.8
1.03307758940147 0.957327256523061 "experimento_22" 22 2000 1000 0.95 1 0.4 1 0.8
0.999164473265409 0.978041198694268 "experimento_22" 22 2000 1000 0.95 1 0.4 1 0.8
0.999713480472565 0.862931932748565 "experimento_22" 22 2000 1000 0.95 1 0.4 1 0.8
0.998067959211767 1.01294285567368 "experimento_22" 22 2000 1000 0.95 1 0.4 1 0.8
0.999473541975021 0.959027268676225 "experimento_22" 22 2000 1000 0.95 1 0.4 1 0.8
0.997531057568267 1.09553629128069 "experimento_22" 22 2000 1000 0.95 1 0.4 1 0.8
1.28362457001803 1.09780380515393 "experimento_22" 22 2000 1000 0.95 1 0.4 1 0.8
0.995212325826287 0.946330934723092 "experimento_22" 22 2000 1000 0.95 1 0.4 1 0.8
0.999806209467351 1.09725190819275 "experimento_22" 22 2000 1000 0.95 1 0.4 1 0.8
0.998968129046261 0.928090027990978 "experimento_22" 22 2000 1000 0.95 1 0.4 1 0.8
1.0620828946121 1.15195561760283 "experimento_22" 22 2000 1000 0.95 1 0.4 1 0.8
1.00181526923552 1.03380558233641 "experimento_22" 22 2000 1000 0.95 1 0.4 1 0.8
1.37360266549513 0.849352812994298 "experimento_22" 22 2000 1000 0.95 1 0.4 1 0.8
0.999562260461971 1.26035829868232 "experimento_22" 22 2000 1000 0.95 1 0.4 1 0.8
1.01431691413745 0.900249662835393 "experimento_22" 22 2000 1000 0.95 1 0.4 1 0.8
0.997454974101856 1.1959247076274 "experimento_22" 22 2000 1000 0.95 1 0.4 1 0.8
1.116372841876 0.965023578254407 "experimento_22" 22 2000 1000 0.95 1 0.4 1 0.8
1.00445585610003 1.03263486411503 "experimento_22" 22 2000 1000 0.95 1 0.4 1 0.8
0.998857670696452 0.862513036090064 "experimento_22" 22 2000 1000 0.95 1 0.4 1 0.8
1.760421580593 0.763654691624401 "experimento_22" 22 2000 1000 0.95 1 0.4 1 0.8
0.998901499435306 1.04917424666752 "experimento_22" 22 2000 1000 0.95 1 0.4 1 0.8
0.994863785803318 1.19977061188399 "experimento_22" 22 2000 1000 0.95 1 0.4 1 0.8
0.997727860230953 0.965635848586748 "experimento_22" 22 2000 1000 0.95 1 0.4 1 0.8
1.61248376732692 0.824944143481201 "experimento_22" 22 2000 1000 0.95 1 0.4 1 0.8
1.04971102466968 0.993744417944296 "experimento_22" 22 2000 1000 0.95 1 0.4 1 0.8
0.996712784282863 1.06945618557266 "experimento_22" 22 2000 1000 0.95 1 0.4 1 0.8
0.999366127885878 1.11714118757632 "experimento_22" 22 2000 1000 0.95 1 0.4 1 0.8
0.998652764596045 1.00312900455056 "experimento_22" 22 2000 1000 0.95 1 0.4 1 0.8
0.998574250610545 1.05219036033379 "experimento_22" 22 2000 1000 0.95 1 0.4 1 0.8
0.999859690200537 1.13685814622448 "experimento_22" 22 2000 1000 0.95 1 0.4 1 0.8
1.03581211622804 0.925974419339534 "experimento_22" 22 2000 1000 0.95 1 0.4 1 0.8
0.999574666144326 1.06077488304127 "experimento_22" 22 2000 1000 0.95 1 0.4 1 0.8
1.63689703028649 0.704328302658616 "experimento_22" 22 2000 1000 0.95 1 0.4 1 0.8
1.00038974825293 0.999577169296958 "experimento_22" 22 2000 1000 0.95 1 0.4 1 0.8
1.00246135323274 0.876634565483805 "experimento_22" 22 2000 1000 0.95 1 0.4 1 0.8
0.995992324780673 1.01193746007248 "experimento_22" 22 2000 1000 0.95 1 0.4 1 0.8
0.999367773067206 0.881200874226656 "experimento_22" 22 2000 1000 0.95 1 0.4 1 0.8
1.25548805762082 0.773214466656579 "experimento_22" 22 2000 1000 0.95 1 0.4 1 0.8
0.999713021330535 1.07715211171301 "experimento_22" 22 2000 1000 0.95 1 0.4 1 0.8
0.994426601100713 1.20459930951451 "experimento_22" 22 2000 1000 0.95 1 0.4 1 0.8
0.999846129212528 1.12156927058339 "experimento_22" 22 2000 1000 0.95 1 0.4 1 0.8
0.999058765824884 0.958398972744549 "experimento_22" 22 2000 1000 0.95 1 0.4 1 0.8
1.09576741066762 1.04731669949176 "experimento_22" 22 2000 1000 0.95 1 0.4 1 0.8
0.994203058537096 1.00152300404115 "experimento_22" 22 2000 1000 0.95 1 0.4 1 0.8
0.999566726852208 1.02165467114955 "experimento_22" 22 2000 1000 0.95 1 0.4 1 0.8
1.08312765881419 1.0922509165873 "experimento_22" 22 2000 1000 0.95 1 0.4 1 0.8
1.05025819825212 0.913231720024446 "experimento_22" 22 2000 1000 0.95 1 0.4 1 0.8
1.64847113844007 1.11631268360882 "experimento_22" 22 2000 1000 0.95 1 0.4 1 0.8
0.998708766419441 0.962091461403838 "experimento_22" 22 2000 1000 0.95 1 0.4 1 0.8
0.997598379384726 1.06427139381002 "experimento_22" 22 2000 1000 0.95 1 0.4 1 0.8
0.9996331052389 0.968296539367714 "experimento_22" 22 2000 1000 0.95 1 0.4 1 0.8
0.999901309376583 0.986891286511272 "experimento_22" 22 2000 1000 0.95 1 0.4 1 0.8
1.00082249986008 1.02950750210131 "experimento_22" 22 2000 1000 0.95 1 0.4 1 0.8
1.01338470494375 0.926606232352093 "experimento_22" 22 2000 1000 0.95 1 0.4 1 0.8
0.998507947660983 1.15343703556667 "experimento_22" 22 2000 1000 0.95 1 0.4 1 0.8
0.99914644123055 1.12712724645991 "experimento_22" 22 2000 1000 0.95 1 0.4 1 0.8
1.02741197589785 1.15657856356333 "experimento_22" 22 2000 1000 0.95 1 0.4 1 0.8
1.1615051367482 1.0545880207706 "experimento_22" 22 2000 1000 0.95 1 0.4 1 0.8
0.996253160992637 1.04634641336711 "experimento_22" 22 2000 1000 0.95 1 0.4 1 0.8
1.00092365778983 1.02047268560647 "experimento_22" 22 2000 1000 0.95 1 0.4 1 0.8
0.998353090137243 1.26075407086146 "experimento_22" 22 2000 1000 0.95 1 0.4 1 0.8
0.999945219606161 1.12004027419675 "experimento_22" 22 2000 1000 0.95 1 0.4 1 0.8
0.998698410810903 1.02151850925976 "experimento_22" 22 2000 1000 0.95 1 0.4 1 0.8
0.997684340458363 1.05343995915034 "experimento_22" 22 2000 1000 0.95 1 0.4 1 0.8
1.08275599217002 0.800338534548632 "experimento_22" 22 2000 1000 0.95 1 0.4 1 0.8
0.99684950732626 1.06256447423312 "experimento_22" 22 2000 1000 0.95 1 0.4 1 0.8
0.998755020322278 1.05638814203188 "experimento_22" 22 2000 1000 0.95 1 0.4 1 0.8
0.999418140621856 1.10269529863005 "experimento_22" 22 2000 1000 0.95 1 0.4 1 0.8
1.00613272329792 0.921003248563634 "experimento_22" 22 2000 1000 0.95 1 0.4 1 0.8
1.094611806795 1.1241482314013 "experimento_22" 22 2000 1000 0.95 1 0.4 1 0.8
0.997974977595732 0.9004808217372 "experimento_22" 22 2000 1000 0.95 1 0.4 1 0.8
1.45881052222103 0.767225853932954 "experimento_22" 22 2000 1000 0.95 1 0.4 1 0.8
1.00792574486884 1.04346677301072 "experimento_22" 22 2000 1000 0.95 1 0.4 1 0.8
1.00070086773485 1.03951055027691 "experimento_22" 22 2000 1000 0.95 1 0.4 1 0.8
0.997182922204956 0.909132282727737 "experimento_22" 22 2000 1000 0.95 1 0.4 1 0.8
1.55240280879661 0.698539013780365 "experimento_22" 22 2000 1000 0.95 1 0.4 1 0.8
1.00950021881059 1.02013005770707 "experimento_22" 22 2000 1000 0.95 1 0.4 1 0.8
1.00235884077847 0.859605118496394 "experimento_22" 22 2000 1000 0.95 1 0.4 1 0.8
0.999097566353157 1.05891201880242 "experimento_22" 22 2000 1000 0.95 1 0.4 1 0.8
1.00315835187212 1.05886635668745 "experimento_22" 22 2000 1000 0.95 1 0.4 1 0.8
0.997134775388986 1.01098745166174 "experimento_22" 22 2000 1000 0.95 1 0.4 1 0.8
0.996893427567557 0.926833128384022 "experimento_22" 22 2000 1000 0.95 1 0.4 1 0.8
0.994385047117248 0.977123822237387 "experimento_22" 22 2000 1000 0.95 1 0.4 1 0.8
0.998094311216846 0.913032871278788 "experimento_22" 22 2000 1000 0.95 1 0.4 1 0.8
0.999026915524155 1.06406993539211 "experimento_22" 22 2000 1000 0.95 1 0.4 1 0.8
0.992698270827532 0.833382828417813 "experimento_22" 22 2000 1000 0.95 1 0.4 1 0.8
0.997979368781671 1.10386521632477 "experimento_22" 22 2000 1000 0.95 1 0.4 1 0.8
0.99998273467645 0.930783651539617 "experimento_22" 22 2000 1000 0.95 1 0.4 1 0.8
0.994883836479858 1.21468426219395 "experimento_22" 22 2000 1000 0.95 1 0.4 1 0.8
1.05988634331155 0.797201273817703 "experimento_22" 22 2000 1000 0.95 1 0.4 1 0.8
1.53207990247756 0.818531165086184 "experimento_22" 22 2000 1000 0.95 1 0.4 1 0.8
0.997792413923889 0.946517790266252 "experimento_22" 22 2000 1000 0.95 1 0.4 1 0.8
0.995121917920187 0.968164266212889 "experimento_22" 22 2000 1000 0.95 1 0.4 1 0.8
0.997713391669095 0.98773971753129 "experimento_22" 22 2000 1000 0.95 1 0.4 1 0.8
1.11830220604315 1.03837443146184 "experimento_22" 22 2000 1000 0.95 1 0.4 1 0.8
0.997135644545779 1.09858057939136 "experimento_22" 22 2000 1000 0.95 1 0.4 1 0.8
0.998471120372415 1.06051135557928 "experimento_22" 22 2000 1000 0.95 1 0.4 1 0.8
1.00976051926517 1.03463865551407 "experimento_22" 22 2000 1000 0.95 1 0.4 1 0.8
1.09613234535042 1.02883199719332 "experimento_22" 22 2000 1000 0.95 1 0.4 1 0.8
1.0635118545033 0.85948690252708 "experimento_22" 22 2000 1000 0.95 1 0.4 1 0.8
1.0006870762445 0.850417386177181 "experimento_22" 22 2000 1000 0.95 1 0.4 1 0.8
0.997803281759843 0.955173207573154 "experimento_22" 22 2000 1000 0.95 1 0.4 1 0.8
1.03896138701351 1.07846670405333 "experimento_22" 22 2000 1000 0.95 1 0.4 1 0.8
0.999117096420377 1.04444651908705 "experimento_22" 22 2000 1000 0.95 1 0.4 1 0.8
1.00259860092774 1.07003048884675 "experimento_22" 22 2000 1000 0.95 1 0.4 1 0.8
1.34108907869086 1.13578710614628 "experimento_22" 22 2000 1000 0.95 1 0.4 1 0.8
1.07336750905961 1.00679104321974 "experimento_22" 22 2000 1000 0.95 1 0.4 1 0.8
1.00133311922401 1.11371797142029 "experimento_22" 22 2000 1000 0.95 1 0.4 1 0.8
0.995919571723789 1.05032316270075 "experimento_22" 22 2000 1000 0.95 1 0.4 1 0.8
0.996457541594282 1.02061749953391 "experimento_22" 22 2000 1000 0.95 1 0.4 1 0.8
1.03766759810969 0.98094799187265 "experimento_22" 22 2000 1000 0.95 1 0.4 1 0.8
0.999094926519319 1.06323579516871 "experimento_22" 22 2000 1000 0.95 1 0.4 1 0.8
0.997552825137973 1.09272471142067 "experimento_22" 22 2000 1000 0.95 1 0.4 1 0.8
0.999631150858477 0.832193012446485 "experimento_22" 22 2000 1000 0.95 1 0.4 1 0.8
1.04760797574125 0.910380334647798 "experimento_22" 22 2000 1000 0.95 1 0.4 1 0.8
1.02528318297118 1.04420947821088 "experimento_22" 22 2000 1000 0.95 1 0.4 1 0.8
1.1466146716848 1.2722809568211 "experimento_22" 22 2000 1000 0.95 1 0.4 1 0.8
1.00400819903739 1.02241089288316 "experimento_22" 22 2000 1000 0.95 1 0.4 1 0.8
0.999822388170287 0.97327871011499 "experimento_22" 22 2000 1000 0.95 1 0.4 1 0.8
0.997570419916883 1.09930497327492 "experimento_22" 22 2000 1000 0.95 1 0.4 1 0.8
1.0999157037586 0.878716758038833 "experimento_22" 22 2000 1000 0.95 1 0.4 1 0.8
0.996745712589473 1.23542294643487 "experimento_22" 22 2000 1000 0.95 1 0.4 1 0.8
1.0167291900143 0.907573686675192 "experimento_22" 22 2000 1000 0.95 1 0.4 1 0.8
0.995041116606444 0.980387423285188 "experimento_22" 22 2000 1000 0.95 1 0.4 1 0.8
0.998245707014576 1.23595167362945 "experimento_22" 22 2000 1000 0.95 1 0.4 1 0.8
0.995267051039264 1.27732612772481 "experimento_22" 22 2000 1000 0.95 1 0.4 1 0.8
1.49706374574453 0.838983401980846 "experimento_22" 22 2000 1000 0.95 1 0.4 1 0.8
0.999833722831681 1.11710486803693 "experimento_22" 22 2000 1000 0.95 1 0.4 1 0.8
0.99987810314633 1.125093452804 "experimento_22" 22 2000 1000 0.95 1 0.4 1 0.8
0.998002426233143 0.994470502151908 "experimento_22" 22 2000 1000 0.95 1 0.4 1 0.8
1.00196214805983 1.10022897568842 "experimento_22" 22 2000 1000 0.95 1 0.4 1 0.8
0.995843616779894 0.959112597896515 "experimento_22" 22 2000 1000 0.95 1 0.4 1 0.8
1.00290282146872 1.10978211721931 "experimento_22" 22 2000 1000 0.95 1 0.4 1 0.8
0.999585219658911 0.896439446769574 "experimento_22" 22 2000 1000 0.95 1 0.4 1 0.8
0.999753728276119 0.894747252906146 "experimento_22" 22 2000 1000 0.95 1 0.4 1 0.8
1.14039389496035 0.958083164636569 "experimento_22" 22 2000 1000 0.95 1 0.4 1 0.8
0.997011095285416 1.0723371895167 "experimento_22" 22 2000 1000 0.95 1 0.4 1 0.8
1.00741631211713 0.904296301632561 "experimento_22" 22 2000 1000 0.95 1 0.4 1 0.8
0.996924651786685 0.90115754558842 "experimento_22" 22 2000 1000 0.95 1 0.4 1 0.8
0.999647890916094 0.917309498766367 "experimento_22" 22 2000 1000 0.95 1 0.4 1 0.8
1.11562536517158 1.14903177215409 "experimento_22" 22 2000 1000 0.95 1 0.4 1 0.8
0.997389315860346 1.03336692038092 "experimento_22" 22 2000 1000 0.95 1 0.4 1 0.8
0.999513897811994 0.99581354356391 "experimento_22" 22 2000 1000 0.95 1 0.4 1 0.8
1.13639779518558 0.787566136986826 "experimento_22" 22 2000 1000 0.95 1 0.4 1 0.8
0.997310907114297 1.21208805273864 "experimento_22" 22 2000 1000 0.95 1 0.4 1 0.8
1.1677701147937 0.935975843902253 "experimento_22" 22 2000 1000 0.95 1 0.4 1 0.8
0.998795011546463 1.10355158046475 "experimento_22" 22 2000 1000 0.95 1 0.4 1 0.8
0.99975547241047 1.07295145662417 "experimento_22" 22 2000 1000 0.95 1 0.4 1 0.8
0.999973794445395 1.11138562531308 "experimento_22" 22 2000 1000 0.95 1 0.4 1 0.8
1.00283767934889 1.01085915416476 "experimento_22" 22 2000 1000 0.95 1 0.4 1 0.8
0.9993170958478 1.25510636254868 "experimento_22" 22 2000 1000 0.95 1 0.4 1 0.8
1.21261306246743 1.03732129459414 "experimento_22" 22 2000 1000 0.95 1 0.4 1 0.8
0.999871873063967 1.04501584297255 "experimento_22" 22 2000 1000 0.95 1 0.4 1 0.8
1.04602464614436 0.852038555314766 "experimento_22" 22 2000 1000 0.95 1 0.4 1 0.8
0.996922295773402 1.14480130075679 "experimento_22" 22 2000 1000 0.95 1 0.4 1 0.8
0.996052729897201 1.1387978834872 "experimento_22" 22 2000 1000 0.95 1 0.4 1 0.8
0.998456176836044 1.06542376491407 "experimento_22" 22 2000 1000 0.95 1 0.4 1 0.8
1.00022181443523 1.11256199450922 "experimento_22" 22 2000 1000 0.95 1 0.4 1 0.8
1.00286856899038 1.03888507355011 "experimento_22" 22 2000 1000 0.95 1 0.4 1 0.8
0.997995875775814 0.887067794741449 "experimento_22" 22 2000 1000 0.95 1 0.4 1 0.8
1.13476213579997 0.909842929215234 "experimento_22" 22 2000 1000 0.95 1 0.4 1 0.8
0.99387539527379 1.04674980254789 "experimento_22" 22 2000 1000 0.95 1 0.4 1 0.8
1.05805847542499 0.980799730189459 "experimento_22" 22 2000 1000 0.95 1 0.4 1 0.8
0.998474600492045 1.0881076467316 "experimento_22" 22 2000 1000 0.95 1 0.4 1 0.8
1.22851223405451 0.981650830642358 "experimento_22" 22 2000 1000 0.95 1 0.4 1 0.8
1.07947705778523 0.792490238306627 "experimento_22" 22 2000 1000 0.95 1 0.4 1 0.8
1.07522476466576 0.925783384473067 "experimento_22" 22 2000 1000 0.95 1 0.4 1 0.8
0.997211281443015 1.08677331575884 "experimento_22" 22 2000 1000 0.95 1 0.4 1 0.8
1.22637556707172 1.13042834841574 "experimento_22" 22 2000 1000 0.95 1 0.4 1 0.8
0.998862840002403 1.12870143966195 "experimento_22" 22 2000 1000 0.95 1 0.4 1 0.8
1.00831927100119 1.01255177434195 "experimento_22" 22 2000 1000 0.95 1 0.4 1 0.8
0.999464571010321 0.914585714000204 "experimento_22" 22 2000 1000 0.95 1 0.4 1 0.8
1.46424440593035 0.783214298758153 "experimento_22" 22 2000 1000 0.95 1 0.4 1 0.8
0.995367525378242 1.12903518810282 "experimento_22" 22 2000 1000 0.95 1 0.4 1 0.8
1.00275468733162 1.02394085268651 "experimento_22" 22 2000 1000 0.95 1 0.4 1 0.8
0.996500728419051 0.984902137447539 "experimento_22" 22 2000 1000 0.95 1 0.4 1 0.8
0.996997845359147 0.940276462570726 "experimento_22" 22 2000 1000 0.95 1 0.4 1 0.8
0.997644713381305 1.07572337986409 "experimento_22" 22 2000 1000 0.95 1 0.4 1 0.8
0.996038430836052 0.970283059790135 "experimento_22" 22 2000 1000 0.95 1 0.4 1 0.8
0.999001801246777 1.03765566071074 "experimento_22" 22 2000 1000 0.95 1 0.4 1 0.8
1.16897799680009 0.994558846072327 "experimento_22" 22 2000 1000 0.95 1 0.4 1 0.8
1.04710084087193 0.951224872482532 "experimento_22" 22 2000 1000 0.95 1 0.4 1 0.8
1.27739793339011 1.04570327050022 "experimento_22" 22 2000 1000 0.95 1 0.4 1 0.8
0.994035104522482 1.18112873762593 "experimento_22" 22 2000 1000 0.95 1 0.4 1 0.8
0.998416828224435 0.889639734185094 "experimento_22" 22 2000 1000 0.95 1 0.4 1 0.8
1.00182993011549 1.12531840713517 "experimento_22" 22 2000 1000 0.95 1 0.4 1 0.8
0.999009069055319 1.01815178375026 "experimento_22" 22 2000 1000 0.95 1 0.4 1 0.8
0.995759225217625 1.10081728718251 "experimento_22" 22 2000 1000 0.95 1 0.4 1 0.8
0.996352551970631 1.00778633992428 "experimento_22" 22 2000 1000 0.95 1 0.4 1 0.8
0.999585176818073 1.0436881940079 "experimento_22" 22 2000 1000 0.95 1 0.4 1 0.8
0.996929713757709 1.30059536709311 "experimento_22" 22 2000 1000 0.95 1 0.4 1 0.8
0.997590662911534 1.13666596439353 "experimento_22" 22 2000 1000 0.95 1 0.4 1 0.8
1.00749440311418 0.956764212309547 "experimento_22" 22 2000 1000 0.95 1 0.4 1 0.8
0.995828356826678 1.16995330533119 "experimento_22" 22 2000 1000 0.95 1 0.4 1 0.8
0.998112410306931 1.17110617101861 "experimento_22" 22 2000 1000 0.95 1 0.4 1 0.8
1.07149842241779 1.09138622021707 "experimento_22" 22 2000 1000 0.95 1 0.4 1 0.8
1.08351300051436 0.879165795554968 "experimento_22" 22 2000 1000 0.95 1 0.4 1 0.8
0.999974742298946 0.959175409137478 "experimento_22" 22 2000 1000 0.95 1 0.4 1 0.8
0.99986419826746 0.823945721238322 "experimento_22" 22 2000 1000 0.95 1 0.4 1 0.8
1.22311479295857 0.927171055764114 "experimento_22" 22 2000 1000 0.95 1 0.4 1 0.8
0.998373967595398 0.919340690146203 "experimento_22" 22 2000 1000 0.95 1 0.4 1 0.8
1.2863721305004 0.952274463797504 "experimento_22" 22 2000 1000 0.95 1 0.4 1 0.8
0.995372991776094 1.19574002837288 "experimento_22" 22 2000 1000 0.95 1 0.4 1 0.8
0.997216173447669 1.07540910282552 "experimento_22" 22 2000 1000 0.95 1 0.4 1 0.8
0.996382272569463 1.18338185949812 "experimento_22" 22 2000 1000 0.95 1 0.4 1 0.8
0.997421876294538 0.94356161873424 "experimento_22" 22 2000 1000 0.95 1 0.4 1 0.8
0.997350361663848 0.938406045903956 "experimento_22" 22 2000 1000 0.95 1 0.4 1 0.8
0.998885158449411 0.877650836547677 "experimento_22" 22 2000 1000 0.95 1 0.4 1 0.8
0.999521224759519 1.12377329405812 "experimento_22" 22 2000 1000 0.95 1 0.4 1 0.8
0.999487748136744 0.98124747664908 "experimento_22" 22 2000 1000 0.95 1 0.4 1 0.8
1.47374861408025 0.953195924531384 "experimento_22" 22 2000 1000 0.95 1 0.4 1 0.8
1.00032069161534 0.945162000280245 "experimento_22" 22 2000 1000 0.95 1 0.4 1 0.8
1.01167456386611 1.11825476690248 "experimento_22" 22 2000 1000 0.95 1 0.4 1 0.8
0.997892586048692 1.05873377702979 "experimento_22" 22 2000 1000 0.95 1 0.4 1 0.8
1.07099194265902 0.995637736928173 "experimento_22" 22 2000 1000 0.95 1 0.4 1 0.8
0.999569124542177 1.03905686464391 "experimento_22" 22 2000 1000 0.95 1 0.4 1 0.8
0.998090103967115 1.01164397212909 "experimento_22" 22 2000 1000 0.95 1 0.4 1 0.8
1.02667107153684 0.8866331340594 "experimento_22" 22 2000 1000 0.95 1 0.4 1 0.8
1.0029273711697 1.06701674733421 "experimento_22" 22 2000 1000 0.95 1 0.4 1 0.8
0.999143903376535 1.11026316409355 "experimento_22" 22 2000 1000 0.95 1 0.4 1 0.8
0.998419173527509 1.10931686370831 "experimento_22" 22 2000 1000 0.95 1 0.4 1 0.8
0.999044734286144 0.961559828109384 "experimento_22" 22 2000 1000 0.95 1 0.4 1 0.8
0.997973610647023 1.14370791937841 "experimento_22" 22 2000 1000 0.95 1 0.4 1 0.8
0.996314476244152 0.960487765704842 "experimento_22" 22 2000 1000 0.95 1 0.4 1 0.8
1.00110993720591 1.00696961935236 "experimento_22" 22 2000 1000 0.95 1 0.4 1 0.8
0.999279542127624 1.06099514893442 "experimento_22" 22 2000 1000 0.95 1 0.4 1 0.8
1.19262157448641 0.83609319126224 "experimento_22" 22 2000 1000 0.95 1 0.4 1 0.8
0.99984745355323 1.1972388291054 "experimento_22" 22 2000 1000 0.95 1 0.4 1 0.8
1.233741236362 0.822348654348676 "experimento_22" 22 2000 1000 0.95 1 0.4 1 0.8
0.99981156992726 1.00978537467719 "experimento_22" 22 2000 1000 0.95 1 0.4 1 0.8
1.02506114821881 0.953513689080065 "experimento_22" 22 2000 1000 0.95 1 0.4 1 0.8
0.998099758289754 1.13349588248189 "experimento_22" 22 2000 1000 0.95 1 0.4 1 0.8
0.999035169603303 1.17576093337323 "experimento_22" 22 2000 1000 0.95 1 0.4 1 0.8
0.997382948640734 1.18013754060572 "experimento_22" 22 2000 1000 0.95 1 0.4 1 0.8
0.998348777880892 1.05112835912435 "experimento_22" 22 2000 1000 0.95 1 0.4 1 0.8
0.999723088927567 1.03374757911981 "experimento_22" 22 2000 1000 0.95 1 0.4 1 0.8
0.994578540325165 0.949999625553003 "experimento_22" 22 2000 1000 0.95 1 0.4 1 0.8
0.997583731776103 1.06369165636077 "experimento_22" 22 2000 1000 0.95 1 0.4 1 0.8
0.999981075525284 0.937308660782879 "experimento_22" 22 2000 1000 0.95 1 0.4 1 0.8
0.997242373879999 1.09870363231551 "experimento_22" 22 2000 1000 0.95 1 0.4 1 0.8
0.998463687021285 1.05380119915345 "experimento_22" 22 2000 1000 0.95 1 0.4 1 0.8
0.99864720646292 1.05639197657772 "experimento_22" 22 2000 1000 0.95 1 0.4 1 0.8
1.83374511055463 0.698791067299416 "experimento_22" 22 2000 1000 0.95 1 0.4 1 0.8
0.998793716542423 1.13369135032543 "experimento_22" 22 2000 1000 0.95 1 0.4 1 0.8
0.997042557690293 1.11984538600597 "experimento_22" 22 2000 1000 0.95 1 0.4 1 0.8
0.995793040376157 1.03881756094073 "experimento_22" 22 2000 1000 0.95 1 0.4 1 0.8
1.50301487697288 1.43936354604512 "experimento_22" 22 2000 1000 0.95 1 0.4 1 0.8
0.99914775067009 0.943687343991637 "experimento_22" 22 2000 1000 0.95 1 0.4 1 0.8
1.00046251807362 0.980502842374992 "experimento_22" 22 2000 1000 0.95 1 0.4 1 0.8
0.999076284002513 0.994684813721154 "experimento_22" 22 2000 1000 0.95 1 0.4 1 0.8
0.999321948271245 1.01670993837258 "experimento_22" 22 2000 1000 0.95 1 0.4 1 0.8
0.996685228543356 0.961176608468838 "experimento_22" 22 2000 1000 0.95 1 0.4 1 0.8
0.997595014050603 0.957300754222965 "experimento_22" 22 2000 1000 0.95 1 0.4 1 0.8
1.44222497846931 0.933936186113908 "experimento_22" 22 2000 1000 0.95 1 0.4 1 0.8
1.12574480799958 1.01504004232088 "experimento_22" 22 2000 1000 0.95 1 0.4 1 0.8
0.999237051000819 1.00880975750585 "experimento_22" 22 2000 1000 0.95 1 0.4 1 0.8
0.999910900834948 1.12380243864593 "experimento_22" 22 2000 1000 0.95 1 0.4 1 0.8
0.999998262152076 0.974836586288531 "experimento_22" 22 2000 1000 0.95 1 0.4 1 0.8
1.00048588163682 1.30685162050658 "experimento_22" 22 2000 1000 0.95 1 0.4 1 0.8
0.993376242462546 1.13568065477279 "experimento_22" 22 2000 1000 0.95 1 0.4 1 0.8
1.21482343180105 0.860619791881599 "experimento_22" 22 2000 1000 0.95 1 0.4 1 0.8
0.997982151340693 0.941630510990928 "experimento_22" 22 2000 1000 0.95 1 0.4 1 0.8
0.999856216832995 0.992462195353018 "experimento_22" 22 2000 1000 0.95 1 0.4 1 0.8
0.998907190514728 1.01550470529852 "experimento_22" 22 2000 1000 0.95 1 0.4 1 0.8
1.06300277076662 1.0823329773034 "experimento_22" 22 2000 1000 0.95 1 0.4 1 0.8
0.997793507529423 0.855477306157058 "experimento_22" 22 2000 1000 0.95 1 0.4 1 0.8
0.998300699517131 1.05701763307454 "experimento_22" 22 2000 1000 0.95 1 0.4 1 0.8
0.999851402128115 0.958018265681388 "experimento_22" 22 2000 1000 0.95 1 0.4 1 0.8
1.21562234405428 1.06426238090487 "experimento_22" 22 2000 1000 0.95 1 0.4 1 0.8
1.08779279976085 0.978459582972466 "experimento_22" 22 2000 1000 0.95 1 0.4 1 0.8
1.47592536499724 0.75688178841179 "experimento_22" 22 2000 1000 0.95 1 0.4 1 0.8
0.998419782379642 1.15888805610477 "experimento_22" 22 2000 1000 0.95 1 0.4 1 0.8
0.996520030777901 1.32233654457404 "experimento_22" 22 2000 1000 0.95 1 0.4 1 0.8
0.999666945775971 1.06384702586864 "experimento_22" 22 2000 1000 0.95 1 0.4 1 0.8
1.00242889836602 1.06299549880515 "experimento_22" 22 2000 1000 0.95 1 0.4 1 0.8
1.12941501588964 0.871474490811235 "experimento_22" 22 2000 1000 0.95 1 0.4 1 0.8
1.00284403981641 0.984072877361277 "experimento_22" 22 2000 1000 0.95 1 0.4 1 0.8
0.999499346129596 0.940901616338494 "experimento_22" 22 2000 1000 0.95 1 0.4 1 0.8
1.04497000668198 0.87615871971833 "experimento_22" 22 2000 1000 0.95 1 0.4 1 0.8
1.00105855381116 0.927720632553755 "experimento_22" 22 2000 1000 0.95 1 0.4 1 0.8
1.00267217680812 1.0101132273326 "experimento_22" 22 2000 1000 0.95 1 0.4 1 0.8
0.997809096006677 1.14739177881299 "experimento_22" 22 2000 1000 0.95 1 0.4 1 0.8
0.998982454882935 1.0211176968728 "experimento_22" 22 2000 1000 0.95 1 0.4 1 0.8
0.999899697955698 1.11961556328022 "experimento_22" 22 2000 1000 0.95 1 0.4 1 0.8
1.01512421723267 1.00523480761768 "experimento_22" 22 2000 1000 0.95 1 0.4 1 0.8
0.998294172808528 0.924639823607252 "experimento_22" 22 2000 1000 0.95 1 0.4 1 0.8
1.17968183182628 1.09239440400361 "experimento_22" 22 2000 1000 0.95 1 0.4 1 0.8
0.99988931324333 1.15004892865173 "experimento_22" 22 2000 1000 0.95 1 0.4 1 0.8
0.996329890796915 0.853991985948542 "experimento_22" 22 2000 1000 0.95 1 0.4 1 0.8
0.99980872287415 0.953269250311993 "experimento_22" 22 2000 1000 0.95 1 0.4 1 0.8
1.00532149430364 0.967282646442051 "experimento_22" 22 2000 1000 0.95 1 0.4 1 0.8
0.996186563745141 0.881971293712647 "experimento_22" 22 2000 1000 0.95 1 0.4 1 0.8
0.999140462372452 0.981842282470846 "experimento_22" 22 2000 1000 0.95 1 0.4 1 0.8
0.998692510183901 1.00589006797503 "experimento_22" 22 2000 1000 0.95 1 0.4 1 0.8
0.996853766730055 1.12420504048313 "experimento_22" 22 2000 1000 0.95 1 0.4 1 0.8
0.999888507416472 1.10243843559598 "experimento_22" 22 2000 1000 0.95 1 0.4 1 0.8
0.998107077786699 1.06702157211027 "experimento_22" 22 2000 1000 0.95 1 0.4 1 0.8
0.999791961396113 1.03244433760298 "experimento_22" 22 2000 1000 0.95 1 0.4 1 0.8
1.11874496610835 0.915608824390249 "experimento_22" 22 2000 1000 0.95 1 0.4 1 0.8
1.05331730857403 0.97929783995153 "experimento_22" 22 2000 1000 0.95 1 0.4 1 0.8
0.998347404645756 1.02084795543802 "experimento_22" 22 2000 1000 0.95 1 0.4 1 0.8
1.1874684789218 0.976343029011276 "experimento_22" 22 2000 1000 0.95 1 0.4 1 0.8
0.997647618874907 1.03222042928076 "experimento_22" 22 2000 1000 0.95 1 0.4 1 0.8
0.997959807282314 0.878949592525002 "experimento_22" 22 2000 1000 0.95 1 0.4 1 0.8
1.00459624666641 1.0281772503362 "experimento_22" 22 2000 1000 0.95 1 0.4 1 0.8
0.998626885470003 1.06156083772154 "experimento_22" 22 2000 1000 0.95 1 0.4 1 0.8
1.00458718743175 1.04591865932534 "experimento_22" 22 2000 1000 0.95 1 0.4 1 0.8
0.999698453815654 0.890394327982178 "experimento_22" 22 2000 1000 0.95 1 0.4 1 0.8
1.20631809260869 1.04379252775531 "experimento_22" 22 2000 1000 0.95 1 0.4 1 0.8
0.99595371610485 1.31957578333394 "experimento_22" 22 2000 1000 0.95 1 0.4 1 0.8
0.996725189965218 0.976791724769076 "experimento_22" 22 2000 1000 0.95 1 0.4 1 0.8
0.528600626159459 3.13510677464645 "experimento_22" 22 2000 1000 0.95 1 0.4 1 0.8
1.12128283101373 0.903933407940707 "experimento_22" 22 2000 1000 0.95 1 0.4 1 0.8
1.0197511509446 1.10708171279106 "experimento_22" 22 2000 1000 0.95 1 0.4 1 0.8
1.03804317238982 1.07580151061444 "experimento_22" 22 2000 1000 0.95 1 0.4 1 0.8
1.61693903710693 0.780038421446877 "experimento_22" 22 2000 1000 0.95 1 0.4 1 0.8
0.997971583390608 1.06863562493641 "experimento_22" 22 2000 1000 0.95 1 0.4 1 0.8
0.996668501524255 1.14094048242474 "experimento_22" 22 2000 1000 0.95 1 0.4 1 0.8
0.995484754210338 1.20012252510445 "experimento_22" 22 2000 1000 0.95 1 0.4 1 0.8
0.996683561708778 1.01399648889464 "experimento_22" 22 2000 1000 0.95 1 0.4 1 0.8
0.999127885559574 1.08147525318 "experimento_22" 22 2000 1000 0.95 1 0.4 1 0.8
0.996940105222166 1.07079401328518 "experimento_22" 22 2000 1000 0.95 1 0.4 1 0.8
0.997488872613758 1.02005973528396 "experimento_22" 22 2000 1000 0.95 1 0.4 1 0.8
0.99944352847524 0.922745290665694 "experimento_22" 22 2000 1000 0.95 1 0.4 1 0.8
1.02301111005893 1.01421877244623 "experimento_22" 22 2000 1000 0.95 1 0.4 1 0.8
0.999685301445425 0.802472497782235 "experimento_22" 22 2000 1000 0.95 1 0.4 1 0.8
0.999704566318542 0.986962563651983 "experimento_22" 22 2000 1000 0.95 1 0.4 1 0.8
1.36870516929775 0.854793828103461 "experimento_22" 22 2000 1000 0.95 1 0.4 1 0.8
0.997808271320537 1.06940806121675 "experimento_22" 22 2000 1000 0.95 1 0.4 1 0.8
0.998122075805441 1.06356889975021 "experimento_22" 22 2000 1000 0.95 1 0.4 1 0.8
0.993959851097316 1.23569024313998 "experimento_22" 22 2000 1000 0.95 1 0.4 1 0.8
0.998629473848268 1.08278150624135 "experimento_22" 22 2000 1000 0.95 1 0.4 1 0.8
0.999864193843678 1.16236614071018 "experimento_22" 22 2000 1000 0.95 1 0.4 1 0.8
0.99561604205519 1.29217237874375 "experimento_22" 22 2000 1000 0.95 1 0.4 1 0.8
1.00252796383575 1.02048992110944 "experimento_22" 22 2000 1000 0.95 1 0.4 1 0.8
1.29742379672825 0.81576828965661 "experimento_22" 22 2000 1000 0.95 1 0.4 1 0.8
0.997861030744389 0.962514088160564 "experimento_22" 22 2000 1000 0.95 1 0.4 1 0.8
1.01175539381802 1.07753744699504 "experimento_22" 22 2000 1000 0.95 1 0.4 1 0.8
0.997498875483871 1.37983196630754 "experimento_22" 22 2000 1000 0.95 1 0.4 1 0.8
0.998765816446394 1.01712818515116 "experimento_22" 22 2000 1000 0.95 1 0.4 1 0.8
0.992759635671973 1.03409425930331 "experimento_22" 22 2000 1000 0.95 1 0.4 1 0.8
1.00225504115224 1.25153561424012 "experimento_22" 22 2000 1000 0.95 1 0.4 1 0.8
0.99653318664059 0.889868100167982 "experimento_22" 22 2000 1000 0.95 1 0.4 1 0.8
1.33144094773479 0.865701999083202 "experimento_22" 22 2000 1000 0.95 1 0.4 1 0.8
1.06031972627512 1.02587813601612 "experimento_22" 22 2000 1000 0.95 1 0.4 1 0.8
0.999258143361658 1.12272959963366 "experimento_22" 22 2000 1000 0.95 1 0.4 1 0.8
0.999943019356579 0.950648651228713 "experimento_22" 22 2000 1000 0.95 1 0.4 1 0.8
1.00230950629339 0.940107031175076 "experimento_22" 22 2000 1000 0.95 1 0.4 1 0.8
0.997610706603155 1.10672981489529 "experimento_22" 22 2000 1000 0.95 1 0.4 1 0.8
0.997076009400189 1.02480676187312 "experimento_22" 22 2000 1000 0.95 1 0.4 1 0.8
0.996369404019788 0.880593651372249 "experimento_22" 22 2000 1000 0.95 1 0.4 1 0.8
0.999586772173643 0.983182622256367 "experimento_22" 22 2000 1000 0.95 1 0.4 1 0.8
0.996881074272096 0.930533668802244 "experimento_22" 22 2000 1000 0.95 1 0.4 1 0.8
1.02674893988296 1.00670377055876 "experimento_22" 22 2000 1000 0.95 1 0.4 1 0.8
0.998160800198093 1.17724355556845 "experimento_22" 22 2000 1000 0.95 1 0.4 1 0.8
0.999065859476104 0.991291812513775 "experimento_22" 22 2000 1000 0.95 1 0.4 1 0.8
0.99692637543194 0.983332023928151 "experimento_22" 22 2000 1000 0.95 1 0.4 1 0.8
0.999290022999048 0.923904462690851 "experimento_22" 22 2000 1000 0.95 1 0.4 1 0.8
1.38383868152473 0.964866303012243 "experimento_22" 22 2000 1000 0.95 1 0.4 1 0.8
0.999186664121225 1.02451900416204 "experimento_22" 22 2000 1000 0.95 1 0.4 1 0.8
0.998327659908682 1.03163325303083 "experimento_22" 22 2000 1000 0.95 1 0.4 1 0.8
1.00772151257843 1.17070028278779 "experimento_22" 22 2000 1000 0.95 1 0.4 1 0.8
0.999911479186267 0.971624413528662 "experimento_22" 22 2000 1000 0.95 1 0.4 1 0.8
1.00477960379794 0.986599504057706 "experimento_22" 22 2000 1000 0.95 1 0.4 1 0.8
1.03306492557749 1.02702853184388 "experimento_22" 22 2000 1000 0.95 1 0.4 1 0.8
0.996571031166241 1.10888380633959 "experimento_22" 22 2000 1000 0.95 1 0.4 1 0.8
0.997383256442845 0.904109491685352 "experimento_22" 22 2000 1000 0.95 1 0.4 1 0.8
0.999468407826498 1.01470647254617 "experimento_22" 22 2000 1000 0.95 1 0.4 1 0.8
0.999888822669163 0.857882400436756 "experimento_22" 22 2000 1000 0.95 1 0.4 1 0.8
0.999549585161731 1.05352343067449 "experimento_22" 22 2000 1000 0.95 1 0.4 1 0.8
1.17176515281061 0.982177653281148 "experimento_22" 22 2000 1000 0.95 1 0.4 1 0.8
1.0211972648322 1.08043026615615 "experimento_22" 22 2000 1000 0.95 1 0.4 1 0.8
1.01439404301345 1.09906243074414 "experimento_22" 22 2000 1000 0.95 1 0.4 1 0.8
1.10792403113259 1.03007878309056 "experimento_22" 22 2000 1000 0.95 1 0.4 1 0.8
0.995069082360715 1.12506906292032 "experimento_22" 22 2000 1000 0.95 1 0.4 1 0.8
0.997196932323277 1.16707849320097 "experimento_22" 22 2000 1000 0.95 1 0.4 1 0.8
0.999152921140194 1.06516225401536 "experimento_22" 22 2000 1000 0.95 1 0.4 1 0.8
0.997783596860245 1.29988755190205 "experimento_22" 22 2000 1000 0.95 1 0.4 1 0.8
0.998219382250682 0.904905660942766 "experimento_22" 22 2000 1000 0.95 1 0.4 1 0.8
0.999945481074974 1.08667797815498 "experimento_22" 22 2000 1000 0.95 1 0.4 1 0.8
1.07561385678127 0.77539401315071 "experimento_22" 22 2000 1000 0.95 1 0.4 1 0.8
0.996145970420912 0.95450308516217 "experimento_22" 22 2000 1000 0.95 1 0.4 1 0.8
1.00093734805234 1.00953728578454 "experimento_22" 22 2000 1000 0.95 1 0.4 1 0.8
1.20941321684067 0.894035906281494 "experimento_22" 22 2000 1000 0.95 1 0.4 1 0.8
0.999399472260848 1.03762245661969 "experimento_22" 22 2000 1000 0.95 1 0.4 1 0.8
0.999565007165074 0.986786284617577 "experimento_22" 22 2000 1000 0.95 1 0.4 1 0.8
0.999721547588706 1.00829476143846 "experimento_22" 22 2000 1000 0.95 1 0.4 1 0.8
0.99814167805016 1.06245063964844 "experimento_22" 22 2000 1000 0.95 1 0.4 1 0.8
1.12878774745126 1.05961981544922 "experimento_22" 22 2000 1000 0.95 1 0.4 1 0.8
1.18772615585476 0.831258084764163 "experimento_22" 22 2000 1000 0.95 1 0.4 1 0.8
0.997243970166892 1.04268020579242 "experimento_22" 22 2000 1000 0.95 1 0.4 1 0.8
1.03401720298913 1.15676084500534 "experimento_22" 22 2000 1000 0.95 1 0.4 1 0.8
0.999253454850987 1.0703490077051 "experimento_22" 22 2000 1000 0.95 1 0.4 1 0.8
0.9976487448439 1.12172259998449 "experimento_22" 22 2000 1000 0.95 1 0.4 1 0.8
1.0362006971423 1.07382690528409 "experimento_22" 22 2000 1000 0.95 1 0.4 1 0.8
1.00510909362841 0.941932675793897 "experimento_22" 22 2000 1000 0.95 1 0.4 1 0.8
0.999508163193241 0.892110810180625 "experimento_22" 22 2000 1000 0.95 1 0.4 1 0.8
1.18993457115965 1.23667126436807 "experimento_22" 22 2000 1000 0.95 1 0.4 1 0.8
0.999514236813411 0.909615723536833 "experimento_22" 22 2000 1000 0.95 1 0.4 1 0.8
0.995589338010177 0.980775137520257 "experimento_22" 22 2000 1000 0.95 1 0.4 1 0.8
1.22651017808609 0.905614530598928 "experimento_22" 22 2000 1000 0.95 1 0.4 1 0.8
0.998609881848097 0.997359707316764 "experimento_22" 22 2000 1000 0.95 1 0.4 1 0.8
0.998560228385031 1.1638017460087 "experimento_22" 22 2000 1000 0.95 1 0.4 1 0.8
0.998967861523852 0.920237212812474 "experimento_22" 22 2000 1000 0.95 1 0.4 1 0.8
0.997908254154027 1.0451677145947 "experimento_22" 22 2000 1000 0.95 1 0.4 1 0.8
0.998959243297577 0.862355150552331 "experimento_22" 22 2000 1000 0.95 1 0.4 1 0.8
1.16499296016991 0.808073665990241 "experimento_22" 22 2000 1000 0.95 1 0.4 1 0.8
1.00415525818244 0.888094545779897 "experimento_22" 22 2000 1000 0.95 1 0.4 1 0.8
0.999877542024478 1.01884922976002 "experimento_22" 22 2000 1000 0.95 1 0.4 1 0.8
1.15338257839903 1.13513447166882 "experimento_22" 22 2000 1000 0.95 1 0.4 1 0.8
1.26990373851731 1.16494455515686 "experimento_22" 22 2000 1000 0.95 1 0.4 1 0.8
0.99994179350324 1.00554533048648 "experimento_22" 22 2000 1000 0.95 1 0.4 1 0.8
0.999164485605434 1.14795176954289 "experimento_22" 22 2000 1000 0.95 1 0.4 1 0.8
0.999506928725168 0.91810205816715 "experimento_22" 22 2000 1000 0.95 1 0.4 1 0.8
1.00299317482859 1.02897047571132 "experimento_22" 22 2000 1000 0.95 1 0.4 1 0.8
0.99733901489526 0.814778626067548 "experimento_22" 22 2000 1000 0.95 1 0.4 1 0.8
0.999825243838131 1.25546339109476 "experimento_22" 22 2000 1000 0.95 1 0.4 1 0.8
0.995759617770091 1.01774537470539 "experimento_22" 22 2000 1000 0.95 1 0.4 1 0.8
0.999419635161757 1.03344296713076 "experimento_22" 22 2000 1000 0.95 1 0.4 1 0.8
0.99585673538968 1.06629763816785 "experimento_22" 22 2000 1000 0.95 1 0.4 1 0.8
1.01395862409845 0.996188680871205 "experimento_22" 22 2000 1000 0.95 1 0.4 1 0.8
0.998867619549856 0.896067090830279 "experimento_22" 22 2000 1000 0.95 1 0.4 1 0.8
0.99858536827378 1.00305980461797 "experimento_22" 22 2000 1000 0.95 1 0.4 1 0.8
0.998437192756683 1.01485370910588 "experimento_22" 22 2000 1000 0.95 1 0.4 1 0.8
0.994667868129909 0.910795284302086 "experimento_22" 22 2000 1000 0.95 1 0.4 1 0.8
1.12029941761444 0.916569005308112 "experimento_22" 22 2000 1000 0.95 1 0.4 1 0.8
0.995884799631312 0.92292673520121 "experimento_22" 22 2000 1000 0.95 1 0.4 1 0.8
1.5114495982416 0.874178184112456 "experimento_22" 22 2000 1000 0.95 1 0.4 1 0.8
0.99525075010024 1.11277072250481 "experimento_22" 22 2000 1000 0.95 1 0.4 1 0.8
0.999743332853541 1.09604072581859 "experimento_22" 22 2000 1000 0.95 1 0.4 1 0.8
0.999760258710012 0.959515323341264 "experimento_22" 22 2000 1000 0.95 1 0.4 1 0.8
0.999377895146608 0.944777179472651 "experimento_22" 22 2000 1000 0.95 1 0.4 1 0.8
0.999658585293218 0.902954045338339 "experimento_22" 22 2000 1000 0.95 1 0.4 1 0.8
0.996618211967871 1.11735327473813 "experimento_22" 22 2000 1000 0.95 1 0.4 1 0.8
1.00636186078191 1.18797750396716 "experimento_22" 22 2000 1000 0.95 1 0.4 1 0.8
0.999845062149689 1.17261275431278 "experimento_22" 22 2000 1000 0.95 1 0.4 1 0.8
1.00248159188777 1.14261347844982 "experimento_22" 22 2000 1000 0.95 1 0.4 1 0.8
0.999442165484652 0.891143654330852 "experimento_22" 22 2000 1000 0.95 1 0.4 1 0.8
1.04605640424415 0.941383341839864 "experimento_22" 22 2000 1000 0.95 1 0.4 1 0.8
0.998775186948478 0.959387979516419 "experimento_22" 22 2000 1000 0.95 1 0.4 1 0.8
1.00782359577715 1.08398192780647 "experimento_22" 22 2000 1000 0.95 1 0.4 1 0.8
1.0247142030792 1.12286157113607 "experimento_22" 22 2000 1000 0.95 1 0.4 1 0.8
0.999083566945046 1.04473395009621 "experimento_22" 22 2000 1000 0.95 1 0.4 1 0.8
0.998373879119754 0.996578654922379 "experimento_22" 22 2000 1000 0.95 1 0.4 1 0.8
0.998774700099602 0.923842161087722 "experimento_22" 22 2000 1000 0.95 1 0.4 1 0.8
0.99966100580059 0.99023897545535 "experimento_22" 22 2000 1000 0.95 1 0.4 1 0.8
0.997159014921635 1.08202922063251 "experimento_22" 22 2000 1000 0.95 1 0.4 1 0.8
0.998863902175799 1.03003403186428 "experimento_22" 22 2000 1000 0.95 1 0.4 1 0.8
0.998218723805621 1.04448411091392 "experimento_22" 22 2000 1000 0.95 1 0.4 1 0.8
0.997851927764714 0.908568682198897 "experimento_22" 22 2000 1000 0.95 1 0.4 1 0.8
1.33976545883343 0.999244501077566 "experimento_22" 22 2000 1000 0.95 1 0.4 1 0.8
0.999623545445502 1.16643989368093 "experimento_22" 22 2000 1000 0.95 1 0.4 1 0.8
1.06241887999337 0.866932407014336 "experimento_22" 22 2000 1000 0.95 1 0.4 1 0.8
1.03003190606401 0.97961171199428 "experimento_22" 22 2000 1000 0.95 1 0.4 1 0.8
0.999038850655779 1.00429207583153 "experimento_22" 22 2000 1000 0.95 1 0.4 1 0.8
1.0015361844562 0.949843775128754 "experimento_22" 22 2000 1000 0.95 1 0.4 1 0.8
1.2931602280587 0.881770615337201 "experimento_22" 22 2000 1000 0.95 1 0.4 1 0.8
0.99940953659825 1.03990656373944 "experimento_22" 22 2000 1000 0.95 1 0.4 1 0.8
0.996802925597876 1.1116873326731 "experimento_22" 22 2000 1000 0.95 1 0.4 1 0.8
0.997789539862424 0.986948236714954 "experimento_22" 22 2000 1000 0.95 1 0.4 1 0.8
0.997376608196646 1.20187926818434 "experimento_22" 22 2000 1000 0.95 1 0.4 1 0.8
1.10293075416169 1.33021875428218 "experimento_22" 22 2000 1000 0.95 1 0.4 1 0.8
0.998838022584096 1.08687736606307 "experimento_22" 22 2000 1000 0.95 1 0.4 1 0.8
0.997759937308729 1.11933947541038 "experimento_22" 22 2000 1000 0.95 1 0.4 1 0.8
0.999651770107448 1.04193961612919 "experimento_22" 22 2000 1000 0.95 1 0.4 1 0.8
1.08597786227432 0.983128082118281 "experimento_22" 22 2000 1000 0.95 1 0.4 1 0.8
0.999053419101983 0.976141736181498 "experimento_22" 22 2000 1000 0.95 1 0.4 1 0.8
0.998746404191479 1.10189845780666 "experimento_22" 22 2000 1000 0.95 1 0.4 1 0.8
1.02575794382057 1.0256406998745 "experimento_22" 22 2000 1000 0.95 1 0.4 1 0.8
0.999218590091914 1.04308748360626 "experimento_22" 22 2000 1000 0.95 1 0.4 1 0.8
0.997654724400491 1.01019332923563 "experimento_22" 22 2000 1000 0.95 1 0.4 1 0.8
1.0323571023668 1.00212651089501 "experimento_22" 22 2000 1000 0.95 1 0.4 1 0.8
1.06049543479457 0.900561275784833 "experimento_22" 22 2000 1000 0.95 1 0.4 1 0.8
1.12134519824758 0.876916952941873 "experimento_22" 22 2000 1000 0.95 1 0.4 1 0.8
1.25612696474516 1.12024680154725 "experimento_22" 22 2000 1000 0.95 1 0.4 1 0.8
0.996220295783132 0.968637646473211 "experimento_22" 22 2000 1000 0.95 1 0.4 1 0.8
0.997231965884566 0.851690486697406 "experimento_22" 22 2000 1000 0.95 1 0.4 1 0.8
0.999939687782899 0.869832244711338 "experimento_22" 22 2000 1000 0.95 1 0.4 1 0.8
1.1342683811672 0.911116012553162 "experimento_22" 22 2000 1000 0.95 1 0.4 1 0.8
0.999342344235629 1.02355702055227 "experimento_22" 22 2000 1000 0.95 1 0.4 1 0.8
1.01010071816904 0.929341903702489 "experimento_22" 22 2000 1000 0.95 1 0.4 1 0.8
0.999053164152429 1.00109351051575 "experimento_22" 22 2000 1000 0.95 1 0.4 1 0.8
1.06777233304456 1.06334715105511 "experimento_22" 22 2000 1000 0.95 1 0.4 1 0.8
0.999577731126919 1.06219370929075 "experimento_22" 22 2000 1000 0.95 1 0.4 1 0.8
0.999348297482356 1.08098846303487 "experimento_22" 22 2000 1000 0.95 1 0.4 1 0.8
1.03875805763528 0.973345474836445 "experimento_22" 22 2000 1000 0.95 1 0.4 1 0.8
1.32510819099844 1.18252188140723 "experimento_22" 22 2000 1000 0.95 1 0.4 1 0.8
0.999745464883745 1.13194778183914 "experimento_22" 22 2000 1000 0.95 1 0.4 1 0.8
0.995859009213746 0.958734335987018 "experimento_22" 22 2000 1000 0.95 1 0.4 1 0.8
0.999549763277173 1.10853213415078 "experimento_22" 22 2000 1000 0.95 1 0.4 1 0.8
1.46393009880558 0.708600768438939 "experimento_22" 22 2000 1000 0.95 1 0.4 1 0.8
0.99889012076892 0.964864248049282 "experimento_22" 22 2000 1000 0.95 1 0.4 1 0.8
0.996979563729838 0.97339804027069 "experimento_22" 22 2000 1000 0.95 1 0.4 1 0.8
0.998002148931846 1.01856999097792 "experimento_22" 22 2000 1000 0.95 1 0.4 1 0.8
0.997916943160817 0.979242889124623 "experimento_22" 22 2000 1000 0.95 1 0.4 1 0.8
0.999785095918924 0.903415094817573 "experimento_22" 22 2000 1000 0.95 1 0.4 1 0.8
1.00190941957305 0.990373199010903 "experimento_22" 22 2000 1000 0.95 1 0.4 1 0.8
0.997357237152755 0.837934483094791 "experimento_22" 22 2000 1000 0.95 1 0.4 1 0.8
1.00773329233947 0.95504512700756 "experimento_22" 22 2000 1000 0.95 1 0.4 1 0.8
0.997558993753046 1.05540227190844 "experimento_22" 22 2000 1000 0.95 1 0.4 1 0.8
1.00703189370678 0.910001513738196 "experimento_22" 22 2000 1000 0.95 1 0.4 1 0.8
0.994242028798908 1.20456284170676 "experimento_22" 22 2000 1000 0.95 1 0.4 1 0.8
0.997832234250382 0.976578861728828 "experimento_22" 22 2000 1000 0.95 1 0.4 1 0.8
0.999965556897223 0.921329286959388 "experimento_22" 22 2000 1000 0.95 1 0.4 1 0.8
1.13490253638521 0.95874244497923 "experimento_22" 22 2000 1000 0.95 1 0.4 1 0.8
1.00638130258446 1.00308096954658 "experimento_22" 22 2000 1000 0.95 1 0.4 1 0.8
0.999693199293688 0.971697407167381 "experimento_22" 22 2000 1000 0.95 1 0.4 1 0.8
1.00964823830873 0.886886205757535 "experimento_22" 22 2000 1000 0.95 1 0.4 1 0.8
1.01171819586307 1.0631981564287 "experimento_22" 22 2000 1000 0.95 1 0.4 1 0.8
0.999188368907198 0.871243516423923 "experimento_22" 22 2000 1000 0.95 1 0.4 1 0.8
0.997181025566533 0.972982820498535 "experimento_22" 22 2000 1000 0.95 1 0.4 1 0.8
1.00972127279544 1.01890634272807 "experimento_22" 22 2000 1000 0.95 1 0.4 1 0.8
1.09865554343689 1.01233696879745 "experimento_22" 22 2000 1000 0.95 1 0.4 1 0.8
0.999697593506426 1.07180397362248 "experimento_22" 22 2000 1000 0.95 1 0.4 1 0.8
1.18681697361171 0.70011267212289 "experimento_22" 22 2000 1000 0.95 1 0.4 1 0.8
1.0005295779556 0.832666020506349 "experimento_22" 22 2000 1000 0.95 1 0.4 1 0.8
0.999799842946231 1.08259497061235 "experimento_22" 22 2000 1000 0.95 1 0.4 1 0.8
0.998762676026672 1.14974906737492 "experimento_22" 22 2000 1000 0.95 1 0.4 1 0.8
0.994913476286456 1.04063944742287 "experimento_22" 22 2000 1000 0.95 1 0.4 1 0.8
0.999032685998827 1.02671249701424 "experimento_22" 22 2000 1000 0.95 1 0.4 1 0.8
0.996614728821442 1.01711685885231 "experimento_22" 22 2000 1000 0.95 1 0.4 1 0.8
0.999284696066752 1.10603962472319 "experimento_22" 22 2000 1000 0.95 1 0.4 1 0.8
0.998938215896487 0.929118049853082 "experimento_22" 22 2000 1000 0.95 1 0.4 1 0.8
1.01114595960826 0.887351518649118 "experimento_22" 22 2000 1000 0.95 1 0.4 1 0.8
0.999592778738588 0.989347286488579 "experimento_22" 22 2000 1000 0.95 1 0.4 1 0.8
1.03342686779797 0.913246111442542 "experimento_22" 22 2000 1000 0.95 1 0.4 1 0.8
1.08646748757996 0.959642200931674 "experimento_22" 22 2000 1000 0.95 1 0.4 1 0.8
0.999736717669293 0.96880144620552 "experimento_22" 22 2000 1000 0.95 1 0.4 1 0.8
0.999736313940957 0.980160663085855 "experimento_22" 22 2000 1000 0.95 1 0.4 1 0.8
1.09065572498366 1.09986617310705 "experimento_22" 22 2000 1000 0.95 1 0.4 1 0.8
0.999878495465964 0.906855948940745 "experimento_22" 22 2000 1000 0.95 1 0.4 1 0.8
0.999180477112532 1.26140885344033 "experimento_22" 22 2000 1000 0.95 1 0.4 1 0.8
1.72754481430621 1.1913776990803 "experimento_22" 22 2000 1000 0.95 1 0.4 1 0.8
0.999284784775227 0.948990335064003 "experimento_22" 22 2000 1000 0.95 1 0.4 1 0.8
0.99836320662871 0.878564830715049 "experimento_22" 22 2000 1000 0.95 1 0.4 1 0.8
1.00325697040877 0.946880805906123 "experimento_22" 22 2000 1000 0.95 1 0.4 1 0.8
1.00379508920014 1.0357187708917 "experimento_22" 22 2000 1000 0.95 1 0.4 1 0.8
0.999998396728188 1.05550185435201 "experimento_22" 22 2000 1000 0.95 1 0.4 1 0.8
0.998638472985476 1.11985550811005 "experimento_22" 22 2000 1000 0.95 1 0.4 1 0.8
0.999314698157832 1.05311421283186 "experimento_22" 22 2000 1000 0.95 1 0.4 1 0.8
1.39216812327504 0.963845720398214 "experimento_22" 22 2000 1000 0.95 1 0.4 1 0.8
0.996028308290988 0.98825598589372 "experimento_22" 22 2000 1000 0.95 1 0.4 1 0.8
0.998481307644397 1.1075163472177 "experimento_22" 22 2000 1000 0.95 1 0.4 1 0.8
1.13042574888095 0.951639661833099 "experimento_22" 22 2000 1000 0.95 1 0.4 1 0.8
0.998930257977918 0.990884238103641 "experimento_22" 22 2000 1000 0.95 1 0.4 1 0.8
0.997308380203322 1.21670462882557 "experimento_22" 22 2000 1000 0.95 1 0.4 1 0.8
0.999334203312173 1.08045542279619 "experimento_22" 22 2000 1000 0.95 1 0.4 1 0.8
0.999828099738806 0.976964674764881 "experimento_22" 22 2000 1000 0.95 1 0.4 1 0.8
0.999503094470128 1.03753693660439 "experimento_22" 22 2000 1000 0.95 1 0.4 1 0.8
1.38953211090636 0.982056591978678 "experimento_22" 22 2000 1000 0.95 1 0.4 1 0.8
0.994986588601023 0.954655440436165 "experimento_22" 22 2000 1000 0.95 1 0.4 1 0.8
0.999435564968735 1.00064192755035 "experimento_22" 22 2000 1000 0.95 1 0.4 1 0.8
0.997929648030549 0.960838410721627 "experimento_22" 22 2000 1000 0.95 1 0.4 1 0.8
1.49881309457123 0.860648257924447 "experimento_22" 22 2000 1000 0.95 1 0.4 1 0.8
1.04117633309215 0.945063419870072 "experimento_22" 22 2000 1000 0.95 1 0.4 1 0.8
1.18755220987158 1.21404856888502 "experimento_22" 22 2000 1000 0.95 1 0.4 1 0.8
1.15789029933512 0.942034557582436 "experimento_22" 22 2000 1000 0.95 1 0.4 1 0.8
0.995502039790154 1.08214504712359 "experimento_22" 22 2000 1000 0.95 1 0.4 1 0.8
1.13820134522393 0.815905503932035 "experimento_22" 22 2000 1000 0.95 1 0.4 1 0.8
1.03368177218363 1.1193851278829 "experimento_22" 22 2000 1000 0.95 1 0.4 1 0.8
0.996309817768633 1.0803404559115 "experimento_22" 22 2000 1000 0.95 1 0.4 1 0.8
0.99612804572098 1.16399030550971 "experimento_22" 22 2000 1000 0.95 1 0.4 1 0.8
0.999868224840611 0.903301185581953 "experimento_22" 22 2000 1000 0.95 1 0.4 1 0.8
1.1386824689403 0.992771311086219 "experimento_22" 22 2000 1000 0.95 1 0.4 1 0.8
0.997577824397013 1.1159760435112 "experimento_22" 22 2000 1000 0.95 1 0.4 1 0.8
0.999410601798445 1.01378410064543 "experimento_22" 22 2000 1000 0.95 1 0.4 1 0.8
1.00341245297798 1.01541113063208 "experimento_22" 22 2000 1000 0.95 1 0.4 1 0.8
0.999589189188555 1.15221377340354 "experimento_22" 22 2000 1000 0.95 1 0.4 1 0.8
0.994063331978396 1.17696840928261 "experimento_22" 22 2000 1000 0.95 1 0.4 1 0.8
0.998391526285559 1.18363458955941 "experimento_22" 22 2000 1000 0.95 1 0.4 1 0.8
0.997462265891954 0.997146214841117 "experimento_22" 22 2000 1000 0.95 1 0.4 1 0.8
0.998501472175121 1.073372885533 "experimento_22" 22 2000 1000 0.95 1 0.4 1 0.8
0.999476400204003 1.06357344114045 "experimento_22" 22 2000 1000 0.95 1 0.4 1 0.8
0.99905614880845 0.945485186806195 "experimento_22" 22 2000 1000 0.95 1 0.4 1 0.8
0.997576020658016 1.12866312953332 "experimento_22" 22 2000 1000 0.95 1 0.4 1 0.8
0.997364793904126 1.05931742006989 "experimento_22" 22 2000 1000 0.95 1 0.4 1 0.8
0.998341058380902 1.07295175836453 "experimento_22" 22 2000 1000 0.95 1 0.4 1 0.8
0.998002057662234 1.20624503851711 "experimento_22" 22 2000 1000 0.95 1 0.4 1 0.8
1.37925150571391 1.22874814802266 "experimento_22" 22 2000 1000 0.95 1 0.4 1 0.8
0.998535029357299 0.999598389606977 "experimento_22" 22 2000 1000 0.95 1 0.4 1 0.8
1.22286323445565 0.985965301995437 "experimento_22" 22 2000 1000 0.95 1 0.4 1 0.8
1.00179555939685 1.07432688338406 "experimento_22" 22 2000 1000 0.95 1 0.4 1 0.8
0.999659882858396 1.02685881171467 "experimento_22" 22 2000 1000 0.95 1 0.4 1 0.8
0.997626770520583 0.94093493921258 "experimento_22" 22 2000 1000 0.95 1 0.4 1 0.8
0.99440730153583 1.24464625935837 "experimento_22" 22 2000 1000 0.95 1 0.4 1 0.8
0.995740028563887 1.12477388524812 "experimento_22" 22 2000 1000 0.95 1 0.4 1 0.8
0.995296641020104 0.864703974640275 "experimento_22" 22 2000 1000 0.95 1 0.4 1 0.8
0.995372831588611 1.00454405950009 "experimento_22" 22 2000 1000 0.95 1 0.4 1 0.8
0.994943340076134 1.14705668610607 "experimento_22" 22 2000 1000 0.95 1 0.4 1 0.8
1.09067752724513 0.889536945834061 "experimento_22" 22 2000 1000 0.95 1 0.4 1 0.8
1.04609926429605 0.870170170679738 "experimento_22" 22 2000 1000 0.95 1 0.4 1 0.8
1.79644571625178 0.92636053645407 "experimento_22" 22 2000 1000 0.95 1 0.4 1 0.8
0.999722280772403 1.08532244458578 "experimento_22" 22 2000 1000 0.95 1 0.4 1 0.8
0.994088299805298 0.973612224469601 "experimento_22" 22 2000 1000 0.95 1 0.4 1 0.8
0.995280568255112 0.894525007923211 "experimento_22" 22 2000 1000 0.95 1 0.4 1 0.8
0.99397185491398 1.00941918671135 "experimento_22" 22 2000 1000 0.95 1 0.4 1 0.8
1.11195251578465 0.987247948490153 "experimento_22" 22 2000 1000 0.95 1 0.4 1 0.8
0.9963236853946 1.15543829946158 "experimento_22" 22 2000 1000 0.95 1 0.4 1 0.8
1.24321574914161 0.794769145403195 "experimento_22" 22 2000 1000 0.95 1 0.4 1 0.8
0.994965621968731 1.18558211362049 "experimento_22" 22 2000 1000 0.95 1 0.4 1 0.8
1.00658559325406 0.966026212766582 "experimento_22" 22 2000 1000 0.95 1 0.4 1 0.8
1.03865092781991 0.962369524171647 "experimento_22" 22 2000 1000 0.95 1 0.4 1 0.8
0.995782820275053 0.989657099783669 "experimento_22" 22 2000 1000 0.95 1 0.4 1 0.8
0.997792237671092 1.08560159097785 "experimento_22" 22 2000 1000 0.95 1 0.4 1 0.8
1.0045857627153 0.925139971077715 "experimento_22" 22 2000 1000 0.95 1 0.4 1 0.8
1.00118771391343 0.903196802088087 "experimento_22" 22 2000 1000 0.95 1 0.4 1 0.8
1.01338658900931 0.961296111415713 "experimento_22" 22 2000 1000 0.95 1 0.4 1 0.8
1.2108809167385 0.88615575811038 "experimento_22" 22 2000 1000 0.95 1 0.4 1 0.8
0.999582967720926 1.00715051950761 "experimento_22" 22 2000 1000 0.95 1 0.4 1 0.8
0.997958234511316 1.17118451712091 "experimento_22" 22 2000 1000 0.95 1 0.4 1 0.8
1.003240944352 0.815696206331153 "experimento_22" 22 2000 1000 0.95 1 0.4 1 0.8
0.996430885046721 1.13875107904087 "experimento_22" 22 2000 1000 0.95 1 0.4 1 0.8
0.999737524427474 1.03844422444954 "experimento_22" 22 2000 1000 0.95 1 0.4 1 0.8
0.997557474765927 1.11854409898487 "experimento_22" 22 2000 1000 0.95 1 0.4 1 0.8
1.01051305513829 0.982023529089548 "experimento_22" 22 2000 1000 0.95 1 0.4 1 0.8
0.996524022659287 1.14076706486433 "experimento_22" 22 2000 1000 0.95 1 0.4 1 0.8
0.999878623289987 1.1310280941242 "experimento_22" 22 2000 1000 0.95 1 0.4 1 0.8
0.99810933903791 1.00855373104106 "experimento_22" 22 2000 1000 0.95 1 0.4 1 0.8
0.995435029268265 1.1776570863715 "experimento_22" 22 2000 1000 0.95 1 0.4 1 0.8
0.999436368467286 0.908259232729523 "experimento_22" 22 2000 1000 0.95 1 0.4 1 0.8
0.99983520526439 1.00522436807611 "experimento_22" 22 2000 1000 0.95 1 0.4 1 0.8
0.999642166309059 0.93110078886799 "experimento_22" 22 2000 1000 0.95 1 0.4 1 0.8
0.999159317929298 1.10283162586839 "experimento_22" 22 2000 1000 0.95 1 0.4 1 0.8
1.12797816619848 0.908456373834108 "experimento_22" 22 2000 1000 0.95 1 0.4 1 0.8
0.998587668407708 0.936318618575594 "experimento_22" 22 2000 1000 0.95 1 0.4 1 0.8
1.10185850201817 0.954079906444537 "experimento_22" 22 2000 1000 0.95 1 0.4 1 0.8
0.998673966154456 1.03500288041943 "experimento_22" 22 2000 1000 0.95 1 0.4 1 0.8
0.994724294403568 1.00769967733109 "experimento_22" 22 2000 1000 0.95 1 0.4 1 0.8
0.999184739775956 1.04148969537486 "experimento_22" 22 2000 1000 0.95 1 0.4 1 0.8
0.999728432390839 0.897340635953744 "experimento_22" 22 2000 1000 0.95 1 0.4 1 0.8
0.999495179625228 1.22674902236759 "experimento_22" 22 2000 1000 0.95 1 0.4 1 0.8
0.997593187261373 1.04800740412537 "experimento_22" 22 2000 1000 0.95 1 0.4 1 0.8
0.999533609487116 0.938890236771985 "experimento_22" 22 2000 1000 0.95 1 0.4 1 0.8
0.999140636995435 1.00173069075859 "experimento_22" 22 2000 1000 0.95 1 0.4 1 0.8
0.999212418682873 1.16065017173419 "experimento_22" 22 2000 1000 0.95 1 0.4 1 0.8
0.995664377696812 1.01046566834575 "experimento_22" 22 2000 1000 0.95 1 0.4 1 0.8
0.999991138931364 1.02482095847429 "experimento_22" 22 2000 1000 0.95 1 0.4 1 0.8
0.999161677667871 1.12139301350013 "experimento_22" 22 2000 1000 0.95 1 0.4 1 0.8
0.991784809157252 1.20059757592416 "experimento_22" 22 2000 1000 0.95 1 0.4 1 0.8
1.02852539366315 0.875028334969886 "experimento_22" 22 2000 1000 0.95 1 0.4 1 0.8
1.70091732028396 1.58370356298991 "experimento_22" 22 2000 1000 0.95 1 0.4 1 0.8
0.999561893753707 0.924309857991551 "experimento_22" 22 2000 1000 0.95 1 0.4 1 0.8
0.999867795500904 1.01166733815955 "experimento_22" 22 2000 1000 0.95 1 0.4 1 0.8
0.998852755175903 1.06021433251615 "experimento_22" 22 2000 1000 0.95 1 0.4 1 0.8
0.998079518787563 0.981637407119958 "experimento_22" 22 2000 1000 0.95 1 0.4 1 0.8
1.06815111009686 1.17661089781344 "experimento_22" 22 2000 1000 0.95 1 0.4 1 0.8
1.19159876508638 0.960354049431141 "experimento_22" 22 2000 1000 0.95 1 0.4 1 0.8
0.998604319058359 0.89091350384485 "experimento_22" 22 2000 1000 0.95 1 0.4 1 0.8
0.997474893229082 1.11593242112593 "experimento_22" 22 2000 1000 0.95 1 0.4 1 0.8
0.99707702617161 1.23521929317215 "experimento_22" 22 2000 1000 0.95 1 0.4 1 0.8
1.00110890436918 0.964226221825508 "experimento_22" 22 2000 1000 0.95 1 0.4 1 0.8
1.00438955828643 1.09716404098816 "experimento_22" 22 2000 1000 0.95 1 0.4 1 0.8
1.12615750869736 1.31145850818971 "experimento_22" 22 2000 1000 0.95 1 0.4 1 0.8
0.999777366407216 1.10271593429504 "experimento_22" 22 2000 1000 0.95 1 0.4 1 0.8
0.998019816121086 0.986518413540911 "experimento_22" 22 2000 1000 0.95 1 0.4 1 0.8
1.21841941634193 0.740616899261981 "experimento_22" 22 2000 1000 0.95 1 0.4 1 0.8
0.997944034868851 1.03417669825406 "experimento_22" 22 2000 1000 0.95 1 0.4 1 0.8
0.99613825767301 1.02405522251091 "experimento_22" 22 2000 1000 0.95 1 0.4 1 0.8
0.994674060726538 1.05256719091196 "experimento_22" 22 2000 1000 0.95 1 0.4 1 0.8
0.999353542691097 0.9951163770109 "experimento_22" 22 2000 1000 0.95 1 0.4 1 0.8
0.995788489468396 1.15618184411971 "experimento_22" 22 2000 1000 0.95 1 0.4 1 0.8
0.999840763164684 0.943996750074467 "experimento_22" 22 2000 1000 0.95 1 0.4 1 0.8
1.05839601823965 0.939160949966032 "experimento_22" 22 2000 1000 0.95 1 0.4 1 0.8
1.00032839598134 1.16438108023209 "experimento_22" 22 2000 1000 0.95 1 0.4 1 0.8
0.999318873276934 0.903655900016874 "experimento_22" 22 2000 1000 0.95 1 0.4 1 0.8
0.999117986997589 1.11135836649874 "experimento_22" 22 2000 1000 0.95 1 0.4 1 0.8
0.994228387484327 1.16591180114769 "experimento_22" 22 2000 1000 0.95 1 0.4 1 0.8
0.996135539375246 1.1384318534011 "experimento_22" 22 2000 1000 0.95 1 0.4 1 0.8
1.02317086141557 0.949858839925838 "experimento_22" 22 2000 1000 0.95 1 0.4 1 0.8
0.99878225591965 0.834840416936369 "experimento_22" 22 2000 1000 0.95 1 0.4 1 0.8
1.00818770130418 1.03248672048556 "experimento_22" 22 2000 1000 0.95 1 0.4 1 0.8
0.996369122993201 1.04807174733005 "experimento_22" 22 2000 1000 0.95 1 0.4 1 0.8
0.999691438162699 0.875234487786736 "experimento_22" 22 2000 1000 0.95 1 0.4 1 0.8
1.28001721017063 0.989958951287713 "experimento_22" 22 2000 1000 0.95 1 0.4 1 0.8
0.998749648686498 1.03386708621961 "experimento_22" 22 2000 1000 0.95 1 0.4 1 0.8
1.39118233342026 0.956889148805093 "experimento_22" 22 2000 1000 0.95 1 0.4 1 0.8
1.46545662968243 0.799375022490566 "experimento_22" 22 2000 1000 0.95 1 0.4 1 0.8
0.999316415050998 1.00443824170117 "experimento_22" 22 2000 1000 0.95 1 0.4 1 0.8
1.09276373769489 0.877923924621343 "experimento_22" 22 2000 1000 0.95 1 0.4 1 0.8
0.999878120142967 0.875996543271639 "experimento_22" 22 2000 1000 0.95 1 0.4 1 0.8
0.999008783372119 1.02193605614163 "experimento_22" 22 2000 1000 0.95 1 0.4 1 0.8
1.02684335084632 1.09547480239412 "experimento_22" 22 2000 1000 0.95 1 0.4 1 0.8
0.995617880253121 0.992981421514918 "experimento_22" 22 2000 1000 0.95 1 0.4 1 0.8
1.68361278437078 1.15637143079622 "experimento_22" 22 2000 1000 0.95 1 0.4 1 0.8
1.18344996729866 0.853056425793494 "experimento_22" 22 2000 1000 0.95 1 0.4 1 0.8
1.00124824605422 1.26955688379538 "experimento_22" 22 2000 1000 0.95 1 0.4 1 0.8
1.07859662966803 0.97003047349924 "experimento_22" 22 2000 1000 0.95 1 0.4 1 0.8
0.999601545743644 1.26283957260297 "experimento_22" 22 2000 1000 0.95 1 0.4 1 0.8
0.998339345678687 0.809140906087544 "experimento_22" 22 2000 1000 0.95 1 0.4 1 0.8
0.998963898280635 1.19072200643821 "experimento_22" 22 2000 1000 0.95 1 0.4 1 0.8
1.00868682901186 0.822684943531404 "experimento_22" 22 2000 1000 0.95 1 0.4 1 0.8
1.16130561309544 1.03320756883597 "experimento_22" 22 2000 1000 0.95 1 0.4 1 0.8
1.04092360866531 1.05692834843462 "experimento_22" 22 2000 1000 0.95 1 0.4 1 0.8
1.03471605991945 0.818886893202975 "experimento_22" 22 2000 1000 0.95 1 0.4 1 0.8
0.999800481367856 1.19494878447671 "experimento_22" 22 2000 1000 0.95 1 0.4 1 0.8
0.995424116961658 1.04447968126589 "experimento_22" 22 2000 1000 0.95 1 0.4 1 0.8
0.998285111738369 1.36540801301213 "experimento_22" 22 2000 1000 0.95 1 0.4 1 0.8
0.998521656729281 1.11906615895645 "experimento_22" 22 2000 1000 0.95 1 0.4 1 0.8
0.998558058403432 1.13102608893599 "experimento_22" 22 2000 1000 0.95 1 0.4 1 0.8
0.998387215891853 1.12659107414003 "experimento_22" 22 2000 1000 0.95 1 0.4 1 0.8
0.997024119831622 1.19830288603843 "experimento_22" 22 2000 1000 0.95 1 0.4 1 0.8
1.09627161454409 1.02702678496259 "experimento_22" 22 2000 1000 0.95 1 0.4 1 0.8
0.999914739280939 0.870777710481239 "experimento_22" 22 2000 1000 0.95 1 0.4 1 0.8
0.999452400719747 1.07032091871892 "experimento_22" 22 2000 1000 0.95 1 0.4 1 0.8
1.13537956229331 0.962101031937174 "experimento_22" 22 2000 1000 0.95 1 0.4 1 0.8
0.99738595681265 1.18525275859865 "experimento_22" 22 2000 1000 0.95 1 0.4 1 0.8
0.996868879767135 0.9417344916394 "experimento_22" 22 2000 1000 0.95 1 0.4 1 0.8
1.08489580028862 0.923896513521679 "experimento_22" 22 2000 1000 0.95 1 0.4 1 0.8
1.00145801482722 1.04767005093902 "experimento_22" 22 2000 1000 0.95 1 0.4 1 0.8
0.998866372043267 1.03373615986905 "experimento_22" 22 2000 1000 0.95 1 0.4 1 0.8
0.998199421679601 1.0908904269535 "experimento_22" 22 2000 1000 0.95 1 0.4 1 0.8
1.43736372797127 1.15731717722795 "experimento_22" 22 2000 1000 0.95 1 0.4 1 0.8
0.995919039472938 0.93075157294124 "experimento_22" 22 2000 1000 0.95 1 0.4 1 0.8
1.24394392185719 0.873551390415369 "experimento_22" 22 2000 1000 0.95 1 0.4 1 0.8
1.00074676469451 1.12357439264949 "experimento_22" 22 2000 1000 0.95 1 0.4 1 0.8
1.31352327996865 0.956857146938246 "experimento_22" 22 2000 1000 0.95 1 0.4 1 0.8
0.998036244651303 0.956032907400716 "experimento_22" 22 2000 1000 0.95 1 0.4 1 0.8
0.999245890183374 0.874279138647316 "experimento_22" 22 2000 1000 0.95 1 0.4 1 0.8
0.999621388036758 0.859062004884735 "experimento_22" 22 2000 1000 0.95 1 0.4 1 0.8
0.992404810385779 1.1042826794882 "experimento_22" 22 2000 1000 0.95 1 0.4 1 0.8
0.998450985411182 1.34203562585194 "experimento_22" 22 2000 1000 0.95 1 0.4 1 0.8
0.997284638462588 1.02611746837624 "experimento_22" 22 2000 1000 0.95 1 0.4 1 0.8
0.997058966429904 1.1279004219595 "experimento_22" 22 2000 1000 0.95 1 0.4 1 0.8
1.09908387873353 1.14193033887046 "experimento_22" 22 2000 1000 0.95 1 0.4 1 0.8
1.02055090526119 0.833035118979265 "experimento_22" 22 2000 1000 0.95 1 0.4 1 0.8
1.00691205449402 0.988654565757946 "experimento_22" 22 2000 1000 0.95 1 0.4 1 0.8
1.06186565337703 0.744550499122337 "experimento_22" 22 2000 1000 0.95 1 0.4 1 0.8
1.00538267404489 0.887086010166754 "experimento_22" 22 2000 1000 0.95 1 0.4 1 0.8
1.11017869738862 0.897049576354907 "experimento_22" 22 2000 1000 0.95 1 0.4 1 0.8
0.998190809739754 0.974271131289122 "experimento_22" 22 2000 1000 0.95 1 0.4 1 0.8
0.995834385743365 1.28150648648736 "experimento_22" 22 2000 1000 0.95 1 0.4 1 0.8
0.999047726625577 1.06945582312705 "experimento_22" 22 2000 1000 0.95 1 0.4 1 0.8
0.996490703430027 1.05440063831394 "experimento_22" 22 2000 1000 0.95 1 0.4 1 0.8
0.996739068301395 1.03279357563018 "experimento_22" 22 2000 1000 0.95 1 0.4 1 0.8
0.997355943545699 0.994644697548605 "experimento_22" 22 2000 1000 0.95 1 0.4 1 0.8
1.00851611354993 0.967435715527848 "experimento_22" 22 2000 1000 0.95 1 0.4 1 0.8
1.00034052651726 0.913964106597927 "experimento_22" 22 2000 1000 0.95 1 0.4 1 0.8
0.998373584356159 0.992258618495955 "experimento_22" 22 2000 1000 0.95 1 0.4 1 0.8
0.999997349223122 1.11875232835987 "experimento_22" 22 2000 1000 0.95 1 0.4 1 0.8
1.01067636394873 1.04284362308611 "experimento_22" 22 2000 1000 0.95 1 0.4 1 0.8
1.01005326458054 1.11756365405015 "experimento_22" 22 2000 1000 0.95 1 0.4 1 0.8
0.997500666882843 1.00395872083232 "experimento_22" 22 2000 1000 0.95 1 0.4 1 0.8
1.00785794807598 1.12753355913478 "experimento_22" 22 2000 1000 0.95 1 0.4 1 0.8
0.999261539662257 0.959128706437159 "experimento_22" 22 2000 1000 0.95 1 0.4 1 0.8
0.999035955639556 1.08721238098425 "experimento_22" 22 2000 1000 0.95 1 0.4 1 0.8
1.04329553135172 1.15373895531475 "experimento_22" 22 2000 1000 0.95 1 0.4 1 0.8
1.01442377595231 0.914073533131161 "experimento_22" 22 2000 1000 0.95 1 0.4 1 0.8
1.00216424839994 1.03518449107352 "experimento_22" 22 2000 1000 0.95 1 0.4 1 0.8
0.997350519290194 1.18593800644988 "experimento_22" 22 2000 1000 0.95 1 0.4 1 0.8
0.998195608379319 1.01537478474155 "experimento_22" 22 2000 1000 0.95 1 0.4 1 0.8
0.997070642653853 1.03133867888431 "experimento_22" 22 2000 1000 0.95 1 0.4 1 0.8
1.11401776905058 1.10199683395375 "experimento_22" 22 2000 1000 0.95 1 0.4 1 0.8
0.999551472254097 0.976951830984054 "experimento_22" 22 2000 1000 0.95 1 0.4 1 0.8
0.998517204076052 1.06304280134934 "experimento_22" 22 2000 1000 0.95 1 0.4 1 0.8
0.999962643254548 0.926582422159186 "experimento_22" 22 2000 1000 0.95 1 0.4 1 0.8
0.999280662508681 1.00678178714565 "experimento_22" 22 2000 1000 0.95 1 0.4 1 0.8
1.24218407971784 0.925377146314406 "experimento_22" 22 2000 1000 0.95 1 0.4 1 0.8
0.997810794506222 0.882076701098657 "experimento_22" 22 2000 1000 0.95 1 0.4 1 0.8
0.997878811554983 0.949694581829954 "experimento_22" 22 2000 1000 0.95 1 0.4 1 0.8
0.997222713427618 1.21877484367957 "experimento_22" 22 2000 1000 0.95 1 0.4 1 0.8
0.99940770608373 1.14304342588772 "experimento_22" 22 2000 1000 0.95 1 0.4 1 0.8
0.998164531076327 1.06281918314621 "experimento_22" 22 2000 1000 0.95 1 0.4 1 0.8
0.99984760931693 1.10228792364996 "experimento_22" 22 2000 1000 0.95 1 0.4 1 0.8
1.68654238432646 1.59975605930448 "experimento_22" 22 2000 1000 0.95 1 0.4 1 0.8
0.999431977747008 0.981196762747634 "experimento_22" 22 2000 1000 0.95 1 0.4 1 0.8
0.99854572257027 1.16383529396699 "experimento_22" 22 2000 1000 0.95 1 0.4 1 0.8
0.997182490769774 1.02897667073149 "experimento_22" 22 2000 1000 0.95 1 0.4 1 0.8
0.997925770701841 0.879545743297402 "experimento_22" 22 2000 1000 0.95 1 0.4 1 0.8
1.22491416671127 0.922145301518756 "experimento_22" 22 2000 1000 0.95 1 0.4 1 0.8
0.99702387675643 0.848098542588174 "experimento_22" 22 2000 1000 0.95 1 0.4 1 0.8
1.03348759422079 1.3348864142231 "experimento_22" 22 2000 1000 0.95 1 0.4 1 0.8
0.997862328775227 1.13142421900724 "experimento_22" 22 2000 1000 0.95 1 0.4 1 0.8
1.02831433247775 1.12891930945502 "experimento_22" 22 2000 1000 0.95 1 0.4 1 0.8
1.02604786353186 1.15462547884985 "experimento_22" 22 2000 1000 0.95 1 0.4 1 0.8
0.997881976654753 1.18772256296669 "experimento_22" 22 2000 1000 0.95 1 0.4 1 0.8
0.999643759336323 1.01918968387523 "experimento_22" 22 2000 1000 0.95 1 0.4 1 0.8
1.07186388829723 0.973914595650106 "experimento_22" 22 2000 1000 0.95 1 0.4 1 0.8
0.999120174907148 1.08398489089073 "experimento_22" 22 2000 1000 0.95 1 0.4 1 0.8
1.08150285249576 1.02364273390936 "experimento_22" 22 2000 1000 0.95 1 0.4 1 0.8
0.998681775992736 0.947891968521833 "experimento_22" 22 2000 1000 0.95 1 0.4 1 0.8
1.01434115055425 1.05955514954719 "experimento_22" 22 2000 1000 0.95 1 0.4 1 0.8
0.998372722184286 1.07765764353027 "experimento_22" 22 2000 1000 0.95 1 0.4 1 0.8
0.998606704175472 0.950405587661144 "experimento_22" 22 2000 1000 0.95 1 0.4 1 0.8
1.00050825020298 1.05810057885725 "experimento_22" 22 2000 1000 0.95 1 0.4 1 0.8
0.999687617411837 0.916785381225021 "experimento_22" 22 2000 1000 0.95 1 0.4 1 0.8
1.29646524135023 0.945649591015539 "experimento_22" 22 2000 1000 0.95 1 0.4 1 0.8
0.993014689069241 1.13878213970715 "experimento_22" 22 2000 1000 0.95 1 0.4 1 0.8
0.999842548975721 0.823792005203624 "experimento_22" 22 2000 1000 0.95 1 0.4 1 0.8
1.10200148428078 0.939746809688966 "experimento_22" 22 2000 1000 0.95 1 0.4 1 0.8
1.73724685139478 0.981449454299521 "experimento_22" 22 2000 1000 0.95 1 0.4 1 0.8
1.15033187997567 0.873133270300912 "experimento_22" 22 2000 1000 0.95 1 0.4 1 0.8
1.00760508834549 0.952455723931434 "experimento_22" 22 2000 1000 0.95 1 0.4 1 0.8
1.12266052534725 1.04033481924577 "experimento_22" 22 2000 1000 0.95 1 0.4 1 0.8
1.2518315394409 0.906841767555271 "experimento_22" 22 2000 1000 0.95 1 0.4 1 0.8
1.0720635917969 1.03416700410319 "experimento_22" 22 2000 1000 0.95 1 0.4 1 0.8
0.99746663775295 0.968348770197842 "experimento_22" 22 2000 1000 0.95 1 0.4 1 0.8
1.12667982563683 1.04350548868823 "experimento_22" 22 2000 1000 0.95 1 0.4 1 0.8
0.997197148157284 0.921057787077816 "experimento_22" 22 2000 1000 0.95 1 0.4 1 0.8
1.00080651976168 0.833167400592733 "experimento_22" 22 2000 1000 0.95 1 0.4 1 0.8
0.999298174632713 1.10500925236905 "experimento_22" 22 2000 1000 0.95 1 0.4 1 0.8
1.21998674049973 1.06309859435049 "experimento_22" 22 2000 1000 0.95 1 0.4 1 0.8
1.09229791535765 0.85992231472747 "experimento_22" 22 2000 1000 0.95 1 0.4 1 0.8
0.999630637234077 1.1783175076578 "experimento_22" 22 2000 1000 0.95 1 0.4 1 0.8
0.999609637074172 1.08722674259676 "experimento_22" 22 2000 1000 0.95 1 0.4 1 0.8
0.998822493711486 1.09045962016955 "experimento_22" 22 2000 1000 0.95 1 0.4 1 0.8
0.998377871001139 1.00762037698633 "experimento_22" 22 2000 1000 0.95 1 0.4 1 0.8
0.999674991006032 1.04704397859619 "experimento_22" 22 2000 1000 0.95 1 0.4 1 0.8
