"est.u" "est.lamb" "name" "seed" "size" "replicates" "p_umbral" "exp_lambda" "alpha_pen" "n_pen" "c"
0.995084676193073 1.40273439096969 "experimento_21" 21 1500 1000 0.95 1 0.4 1 0.8
0.999727125745267 0.891435886894114 "experimento_21" 21 1500 1000 0.95 1 0.4 1 0.8
0.999065444106236 1.08237723500425 "experimento_21" 21 1500 1000 0.95 1 0.4 1 0.8
0.994597001932561 0.920340284053049 "experimento_21" 21 1500 1000 0.95 1 0.4 1 0.8
0.995434155454859 1.01131743255351 "experimento_21" 21 1500 1000 0.95 1 0.4 1 0.8
0.996982597280294 1.14718146622175 "experimento_21" 21 1500 1000 0.95 1 0.4 1 0.8
0.998304862063378 0.815808836960913 "experimento_21" 21 1500 1000 0.95 1 0.4 1 0.8
0.999889463651925 0.989365628993612 "experimento_21" 21 1500 1000 0.95 1 0.4 1 0.8
1.05125816468084 0.958771105399261 "experimento_21" 21 1500 1000 0.95 1 0.4 1 0.8
0.997727554989979 1.01297790699679 "experimento_21" 21 1500 1000 0.95 1 0.4 1 0.8
1.00436806958169 0.755663401821192 "experimento_21" 21 1500 1000 0.95 1 0.4 1 0.8
1.05420158198103 0.841455978966092 "experimento_21" 21 1500 1000 0.95 1 0.4 1 0.8
1.03194973058999 0.927180953038563 "experimento_21" 21 1500 1000 0.95 1 0.4 1 0.8
0.999968043994159 0.911335663215072 "experimento_21" 21 1500 1000 0.95 1 0.4 1 0.8
1.00033740192477 1.0423001449995 "experimento_21" 21 1500 1000 0.95 1 0.4 1 0.8
0.996574929915369 0.790908721649135 "experimento_21" 21 1500 1000 0.95 1 0.4 1 0.8
0.999978062231094 1.03892244132626 "experimento_21" 21 1500 1000 0.95 1 0.4 1 0.8
0.99567721481435 1.14941880821215 "experimento_21" 21 1500 1000 0.95 1 0.4 1 0.8
0.997429103823379 1.01529688377621 "experimento_21" 21 1500 1000 0.95 1 0.4 1 0.8
0.998608737485483 0.886106662120878 "experimento_21" 21 1500 1000 0.95 1 0.4 1 0.8
1.00546814305144 0.90799011698064 "experimento_21" 21 1500 1000 0.95 1 0.4 1 0.8
0.998991855885834 1.07235747513249 "experimento_21" 21 1500 1000 0.95 1 0.4 1 0.8
0.995950953802094 1.23908842341215 "experimento_21" 21 1500 1000 0.95 1 0.4 1 0.8
0.99882533820346 0.986335715236985 "experimento_21" 21 1500 1000 0.95 1 0.4 1 0.8
0.998047438450158 1.11614005516902 "experimento_21" 21 1500 1000 0.95 1 0.4 1 0.8
0.997368335956708 1.0539226252782 "experimento_21" 21 1500 1000 0.95 1 0.4 1 0.8
0.998476177453995 0.870180210023709 "experimento_21" 21 1500 1000 0.95 1 0.4 1 0.8
0.998781661968678 0.992506526819056 "experimento_21" 21 1500 1000 0.95 1 0.4 1 0.8
1.01776306703687 1.02274791157448 "experimento_21" 21 1500 1000 0.95 1 0.4 1 0.8
1.8173951557598 1.77020547763415 "experimento_21" 21 1500 1000 0.95 1 0.4 1 0.8
1.00170860206708 1.07475543092456 "experimento_21" 21 1500 1000 0.95 1 0.4 1 0.8
0.995208488311619 1.28380489963523 "experimento_21" 21 1500 1000 0.95 1 0.4 1 0.8
0.998756597284228 0.961888962361244 "experimento_21" 21 1500 1000 0.95 1 0.4 1 0.8
0.995449445908889 1.2046318381829 "experimento_21" 21 1500 1000 0.95 1 0.4 1 0.8
1.00467694550753 1.1242859397556 "experimento_21" 21 1500 1000 0.95 1 0.4 1 0.8
0.998948976630345 0.995383785093392 "experimento_21" 21 1500 1000 0.95 1 0.4 1 0.8
1.01238830015063 0.992885412650181 "experimento_21" 21 1500 1000 0.95 1 0.4 1 0.8
0.999881816562265 1.0161891267502 "experimento_21" 21 1500 1000 0.95 1 0.4 1 0.8
0.997793738730252 1.25860374520139 "experimento_21" 21 1500 1000 0.95 1 0.4 1 0.8
0.999433209653944 1.10690533806152 "experimento_21" 21 1500 1000 0.95 1 0.4 1 0.8
0.996584366774186 1.29708377602958 "experimento_21" 21 1500 1000 0.95 1 0.4 1 0.8
1.16899206575839 1.15851785451417 "experimento_21" 21 1500 1000 0.95 1 0.4 1 0.8
1.00662546511739 0.911990321938686 "experimento_21" 21 1500 1000 0.95 1 0.4 1 0.8
0.99489488103427 1.03066711475663 "experimento_21" 21 1500 1000 0.95 1 0.4 1 0.8
0.997604543576017 1.29225496913771 "experimento_21" 21 1500 1000 0.95 1 0.4 1 0.8
0.996784634655342 1.03307348356651 "experimento_21" 21 1500 1000 0.95 1 0.4 1 0.8
0.997923092683777 1.00947794334784 "experimento_21" 21 1500 1000 0.95 1 0.4 1 0.8
0.99867982021533 0.89774708972541 "experimento_21" 21 1500 1000 0.95 1 0.4 1 0.8
0.999734507640824 0.977673917485964 "experimento_21" 21 1500 1000 0.95 1 0.4 1 0.8
0.998774307081476 1.00871832330507 "experimento_21" 21 1500 1000 0.95 1 0.4 1 0.8
0.997076454106718 1.17928584494602 "experimento_21" 21 1500 1000 0.95 1 0.4 1 0.8
0.999841683544219 1.13962191901817 "experimento_21" 21 1500 1000 0.95 1 0.4 1 0.8
0.99963235668838 1.22769293479178 "experimento_21" 21 1500 1000 0.95 1 0.4 1 0.8
1.11746296985075 0.759972237387869 "experimento_21" 21 1500 1000 0.95 1 0.4 1 0.8
0.999922659480944 1.19205793922888 "experimento_21" 21 1500 1000 0.95 1 0.4 1 0.8
1.00180020509288 0.940442876721903 "experimento_21" 21 1500 1000 0.95 1 0.4 1 0.8
0.992625234415755 1.1532278086888 "experimento_21" 21 1500 1000 0.95 1 0.4 1 0.8
0.999367703218013 1.29256860089944 "experimento_21" 21 1500 1000 0.95 1 0.4 1 0.8
1.05188880488276 1.24321525337711 "experimento_21" 21 1500 1000 0.95 1 0.4 1 0.8
1.0238816710189 1.03126599914856 "experimento_21" 21 1500 1000 0.95 1 0.4 1 0.8
0.999669305747375 1.00117374178313 "experimento_21" 21 1500 1000 0.95 1 0.4 1 0.8
0.999554163077846 1.11470160901691 "experimento_21" 21 1500 1000 0.95 1 0.4 1 0.8
0.998916396638379 1.07171571184359 "experimento_21" 21 1500 1000 0.95 1 0.4 1 0.8
0.997677321080118 1.04999753050323 "experimento_21" 21 1500 1000 0.95 1 0.4 1 0.8
0.998988308943808 1.2226804808421 "experimento_21" 21 1500 1000 0.95 1 0.4 1 0.8
1.06203135615215 0.97178951161726 "experimento_21" 21 1500 1000 0.95 1 0.4 1 0.8
0.996629560366273 0.983500814781032 "experimento_21" 21 1500 1000 0.95 1 0.4 1 0.8
0.999669475015253 1.14070647348139 "experimento_21" 21 1500 1000 0.95 1 0.4 1 0.8
0.999822216108441 1.0950578932068 "experimento_21" 21 1500 1000 0.95 1 0.4 1 0.8
0.997788365697488 1.09478357943874 "experimento_21" 21 1500 1000 0.95 1 0.4 1 0.8
0.997446498833597 1.24334560457874 "experimento_21" 21 1500 1000 0.95 1 0.4 1 0.8
1.16817869096855 1.29381456866633 "experimento_21" 21 1500 1000 0.95 1 0.4 1 0.8
0.998727675760165 0.848915594279336 "experimento_21" 21 1500 1000 0.95 1 0.4 1 0.8
0.999895682791248 1.25314888680879 "experimento_21" 21 1500 1000 0.95 1 0.4 1 0.8
1.17234914703295 1.04739085173927 "experimento_21" 21 1500 1000 0.95 1 0.4 1 0.8
1.00048035709187 0.834627212173807 "experimento_21" 21 1500 1000 0.95 1 0.4 1 0.8
0.995744343148544 1.26963024558409 "experimento_21" 21 1500 1000 0.95 1 0.4 1 0.8
1.0153730541237 1.02317137467226 "experimento_21" 21 1500 1000 0.95 1 0.4 1 0.8
0.992867992026731 1.21152539614816 "experimento_21" 21 1500 1000 0.95 1 0.4 1 0.8
1.06196485366672 1.16657504088655 "experimento_21" 21 1500 1000 0.95 1 0.4 1 0.8
1.00023727212101 0.975134682708099 "experimento_21" 21 1500 1000 0.95 1 0.4 1 0.8
0.995206465478987 0.978790746744814 "experimento_21" 21 1500 1000 0.95 1 0.4 1 0.8
0.999353354563937 0.815188797580335 "experimento_21" 21 1500 1000 0.95 1 0.4 1 0.8
0.994696174981073 1.14373892369816 "experimento_21" 21 1500 1000 0.95 1 0.4 1 0.8
0.999942841241136 1.01916251478083 "experimento_21" 21 1500 1000 0.95 1 0.4 1 0.8
1.1900169798173 0.835046104476459 "experimento_21" 21 1500 1000 0.95 1 0.4 1 0.8
1.6477383216843 0.698680646907961 "experimento_21" 21 1500 1000 0.95 1 0.4 1 0.8
0.996275192126632 1.16048831007167 "experimento_21" 21 1500 1000 0.95 1 0.4 1 0.8
1.08717215459998 0.985098702416633 "experimento_21" 21 1500 1000 0.95 1 0.4 1 0.8
1.30457648681477 0.882160488553952 "experimento_21" 21 1500 1000 0.95 1 0.4 1 0.8
1.03143936964142 0.87925520473652 "experimento_21" 21 1500 1000 0.95 1 0.4 1 0.8
0.99835979193449 1.18775615165222 "experimento_21" 21 1500 1000 0.95 1 0.4 1 0.8
0.998469984158874 1.11281277289862 "experimento_21" 21 1500 1000 0.95 1 0.4 1 0.8
1.0314443822876 0.889923197647165 "experimento_21" 21 1500 1000 0.95 1 0.4 1 0.8
0.999405446695164 0.980321887368215 "experimento_21" 21 1500 1000 0.95 1 0.4 1 0.8
0.99908070708625 1.07860445574972 "experimento_21" 21 1500 1000 0.95 1 0.4 1 0.8
1.05825429623956 1.07016145688292 "experimento_21" 21 1500 1000 0.95 1 0.4 1 0.8
0.996869072550908 1.0662490547288 "experimento_21" 21 1500 1000 0.95 1 0.4 1 0.8
0.997093931073323 1.09992641177516 "experimento_21" 21 1500 1000 0.95 1 0.4 1 0.8
0.998169508296996 1.19937292536448 "experimento_21" 21 1500 1000 0.95 1 0.4 1 0.8
0.998263282934204 0.942073724414743 "experimento_21" 21 1500 1000 0.95 1 0.4 1 0.8
0.999258872354403 1.04370137177815 "experimento_21" 21 1500 1000 0.95 1 0.4 1 0.8
0.99786958261393 1.24124990264389 "experimento_21" 21 1500 1000 0.95 1 0.4 1 0.8
0.997925311559811 0.916259800038679 "experimento_21" 21 1500 1000 0.95 1 0.4 1 0.8
0.992277509532869 0.973698966370441 "experimento_21" 21 1500 1000 0.95 1 0.4 1 0.8
1.05972620099783 0.881361869716895 "experimento_21" 21 1500 1000 0.95 1 0.4 1 0.8
0.999284527730197 0.907593912517022 "experimento_21" 21 1500 1000 0.95 1 0.4 1 0.8
0.998985246755183 1.17642951933286 "experimento_21" 21 1500 1000 0.95 1 0.4 1 0.8
1.00804129894823 0.931246570980087 "experimento_21" 21 1500 1000 0.95 1 0.4 1 0.8
0.998977294191718 1.04883699480235 "experimento_21" 21 1500 1000 0.95 1 0.4 1 0.8
1.40733714168891 0.857086806754783 "experimento_21" 21 1500 1000 0.95 1 0.4 1 0.8
0.999827998224646 0.941917794831033 "experimento_21" 21 1500 1000 0.95 1 0.4 1 0.8
1.01956118004628 0.918916604198265 "experimento_21" 21 1500 1000 0.95 1 0.4 1 0.8
0.999220037832856 0.927945011200293 "experimento_21" 21 1500 1000 0.95 1 0.4 1 0.8
0.997970919823274 1.0240269715233 "experimento_21" 21 1500 1000 0.95 1 0.4 1 0.8
0.995475014671683 0.990056031213809 "experimento_21" 21 1500 1000 0.95 1 0.4 1 0.8
0.996991568710655 1.06792037302909 "experimento_21" 21 1500 1000 0.95 1 0.4 1 0.8
0.997162104351446 0.9569839233312 "experimento_21" 21 1500 1000 0.95 1 0.4 1 0.8
1.04299871996045 1.02785444511256 "experimento_21" 21 1500 1000 0.95 1 0.4 1 0.8
0.996647507417947 1.0874679085282 "experimento_21" 21 1500 1000 0.95 1 0.4 1 0.8
0.997506076004356 1.01970266727702 "experimento_21" 21 1500 1000 0.95 1 0.4 1 0.8
0.531085609924048 2.7203995595985 "experimento_21" 21 1500 1000 0.95 1 0.4 1 0.8
0.995758568169549 0.995962637365175 "experimento_21" 21 1500 1000 0.95 1 0.4 1 0.8
0.999449441442266 1.07734973335456 "experimento_21" 21 1500 1000 0.95 1 0.4 1 0.8
0.999590479303151 1.19506713657949 "experimento_21" 21 1500 1000 0.95 1 0.4 1 0.8
0.999098300933838 1.09682332382861 "experimento_21" 21 1500 1000 0.95 1 0.4 1 0.8
0.997123861918226 0.986249531614151 "experimento_21" 21 1500 1000 0.95 1 0.4 1 0.8
0.999850232386962 0.963561967847795 "experimento_21" 21 1500 1000 0.95 1 0.4 1 0.8
0.999220134690404 1.03438726046822 "experimento_21" 21 1500 1000 0.95 1 0.4 1 0.8
1.004400900165 1.00571883980361 "experimento_21" 21 1500 1000 0.95 1 0.4 1 0.8
1.00135685747665 1.11643774614008 "experimento_21" 21 1500 1000 0.95 1 0.4 1 0.8
0.993795909918845 0.884891196448108 "experimento_21" 21 1500 1000 0.95 1 0.4 1 0.8
0.999229143839329 0.89460251475289 "experimento_21" 21 1500 1000 0.95 1 0.4 1 0.8
0.999137253966182 1.23093207524484 "experimento_21" 21 1500 1000 0.95 1 0.4 1 0.8
0.996504291892052 1.05367484852123 "experimento_21" 21 1500 1000 0.95 1 0.4 1 0.8
0.999728567665443 0.868611893535865 "experimento_21" 21 1500 1000 0.95 1 0.4 1 0.8
0.998453841544688 1.06708700445762 "experimento_21" 21 1500 1000 0.95 1 0.4 1 0.8
0.996681233635172 0.873773002643667 "experimento_21" 21 1500 1000 0.95 1 0.4 1 0.8
1.44551598280668 0.730901556262197 "experimento_21" 21 1500 1000 0.95 1 0.4 1 0.8
0.999360595364124 0.868379359185855 "experimento_21" 21 1500 1000 0.95 1 0.4 1 0.8
0.998552485369146 1.13561141607527 "experimento_21" 21 1500 1000 0.95 1 0.4 1 0.8
1.17055199269751 1.04136067670007 "experimento_21" 21 1500 1000 0.95 1 0.4 1 0.8
1.04421819001436 0.95882356879558 "experimento_21" 21 1500 1000 0.95 1 0.4 1 0.8
1.00540734204173 1.17747897912956 "experimento_21" 21 1500 1000 0.95 1 0.4 1 0.8
0.997575176414102 0.871270981183093 "experimento_21" 21 1500 1000 0.95 1 0.4 1 0.8
0.997769939014688 1.48341804727185 "experimento_21" 21 1500 1000 0.95 1 0.4 1 0.8
1.2436247655772 0.880033891337415 "experimento_21" 21 1500 1000 0.95 1 0.4 1 0.8
0.997232942841947 1.20500088882323 "experimento_21" 21 1500 1000 0.95 1 0.4 1 0.8
0.998053817311302 1.06596032700889 "experimento_21" 21 1500 1000 0.95 1 0.4 1 0.8
0.999100020388141 0.873326932936308 "experimento_21" 21 1500 1000 0.95 1 0.4 1 0.8
0.998032280709594 1.08587233983753 "experimento_21" 21 1500 1000 0.95 1 0.4 1 0.8
1.00117192976177 1.00111352418897 "experimento_21" 21 1500 1000 0.95 1 0.4 1 0.8
0.998848971677944 0.943141543795549 "experimento_21" 21 1500 1000 0.95 1 0.4 1 0.8
1.00047362176701 1.03697527204258 "experimento_21" 21 1500 1000 0.95 1 0.4 1 0.8
1.10131401599519 1.06087189108132 "experimento_21" 21 1500 1000 0.95 1 0.4 1 0.8
1.01260528434068 1.06819041168531 "experimento_21" 21 1500 1000 0.95 1 0.4 1 0.8
1.00629501228504 1.00420643209512 "experimento_21" 21 1500 1000 0.95 1 0.4 1 0.8
0.998603069689125 0.974821975777097 "experimento_21" 21 1500 1000 0.95 1 0.4 1 0.8
0.99991369782947 1.18335584359146 "experimento_21" 21 1500 1000 0.95 1 0.4 1 0.8
0.998919768026099 1.15247781472247 "experimento_21" 21 1500 1000 0.95 1 0.4 1 0.8
0.999937314772978 1.10510864735931 "experimento_21" 21 1500 1000 0.95 1 0.4 1 0.8
1.06767517328262 1.29832526209413 "experimento_21" 21 1500 1000 0.95 1 0.4 1 0.8
0.999732801690698 0.975980406655335 "experimento_21" 21 1500 1000 0.95 1 0.4 1 0.8
1.04386360105127 1.01834146706659 "experimento_21" 21 1500 1000 0.95 1 0.4 1 0.8
1.56401326534715 0.718837712228546 "experimento_21" 21 1500 1000 0.95 1 0.4 1 0.8
0.999305789126083 1.06817450835738 "experimento_21" 21 1500 1000 0.95 1 0.4 1 0.8
0.999968973221257 0.935341145704527 "experimento_21" 21 1500 1000 0.95 1 0.4 1 0.8
0.996235885890201 0.92869219184567 "experimento_21" 21 1500 1000 0.95 1 0.4 1 0.8
0.997862314106897 1.01783753390179 "experimento_21" 21 1500 1000 0.95 1 0.4 1 0.8
0.99478170205839 1.02335642481585 "experimento_21" 21 1500 1000 0.95 1 0.4 1 0.8
1.08147394284606 1.0449833223618 "experimento_21" 21 1500 1000 0.95 1 0.4 1 0.8
1.04798530088738 0.916476414819287 "experimento_21" 21 1500 1000 0.95 1 0.4 1 0.8
0.99781262059696 0.887503977722116 "experimento_21" 21 1500 1000 0.95 1 0.4 1 0.8
0.998643110273406 1.10984936403703 "experimento_21" 21 1500 1000 0.95 1 0.4 1 0.8
1.09745927784578 1.14767305792812 "experimento_21" 21 1500 1000 0.95 1 0.4 1 0.8
0.999903969001025 1.19770293830683 "experimento_21" 21 1500 1000 0.95 1 0.4 1 0.8
0.995742667233571 1.11687077050473 "experimento_21" 21 1500 1000 0.95 1 0.4 1 0.8
1.0723807673908 1.04638840701429 "experimento_21" 21 1500 1000 0.95 1 0.4 1 0.8
0.996017110766843 1.1708204616456 "experimento_21" 21 1500 1000 0.95 1 0.4 1 0.8
1.04340597111506 0.817918672816838 "experimento_21" 21 1500 1000 0.95 1 0.4 1 0.8
1.00529104098678 1.07793515046122 "experimento_21" 21 1500 1000 0.95 1 0.4 1 0.8
0.994795644422993 0.973890415768152 "experimento_21" 21 1500 1000 0.95 1 0.4 1 0.8
0.995858863228932 0.959554143930087 "experimento_21" 21 1500 1000 0.95 1 0.4 1 0.8
1.05498100503569 1.09062941515044 "experimento_21" 21 1500 1000 0.95 1 0.4 1 0.8
0.996255104895681 1.09540050750286 "experimento_21" 21 1500 1000 0.95 1 0.4 1 0.8
0.997093536658213 1.03406506123608 "experimento_21" 21 1500 1000 0.95 1 0.4 1 0.8
1.05028774868697 0.884769147896676 "experimento_21" 21 1500 1000 0.95 1 0.4 1 0.8
0.996667264727876 0.960239547740141 "experimento_21" 21 1500 1000 0.95 1 0.4 1 0.8
0.999205597210675 0.959113244679092 "experimento_21" 21 1500 1000 0.95 1 0.4 1 0.8
0.996249008225277 0.943289929322171 "experimento_21" 21 1500 1000 0.95 1 0.4 1 0.8
0.999870821833611 0.926359480674644 "experimento_21" 21 1500 1000 0.95 1 0.4 1 0.8
0.998494992265478 1.13126974556132 "experimento_21" 21 1500 1000 0.95 1 0.4 1 0.8
0.997505263192579 0.86835139286825 "experimento_21" 21 1500 1000 0.95 1 0.4 1 0.8
0.994698916561902 1.00341614718957 "experimento_21" 21 1500 1000 0.95 1 0.4 1 0.8
1.01317619346082 1.00561432396721 "experimento_21" 21 1500 1000 0.95 1 0.4 1 0.8
0.999767904169858 0.952726731413385 "experimento_21" 21 1500 1000 0.95 1 0.4 1 0.8
0.999830447137356 0.982242550204596 "experimento_21" 21 1500 1000 0.95 1 0.4 1 0.8
0.998091629939154 1.14364626614228 "experimento_21" 21 1500 1000 0.95 1 0.4 1 0.8
1.01609215000644 0.917156535446769 "experimento_21" 21 1500 1000 0.95 1 0.4 1 0.8
1.02149713323723 0.900294820893204 "experimento_21" 21 1500 1000 0.95 1 0.4 1 0.8
1.12834367670618 1.12183999787714 "experimento_21" 21 1500 1000 0.95 1 0.4 1 0.8
1.00405202176582 1.03171917358884 "experimento_21" 21 1500 1000 0.95 1 0.4 1 0.8
0.999753366224468 1.16546617270508 "experimento_21" 21 1500 1000 0.95 1 0.4 1 0.8
0.99537455663085 1.19272648922857 "experimento_21" 21 1500 1000 0.95 1 0.4 1 0.8
0.998904171399772 1.1938465173124 "experimento_21" 21 1500 1000 0.95 1 0.4 1 0.8
0.998563220258802 1.11077736936948 "experimento_21" 21 1500 1000 0.95 1 0.4 1 0.8
0.998543757479638 1.01115691758603 "experimento_21" 21 1500 1000 0.95 1 0.4 1 0.8
0.997878660215065 1.17698536791329 "experimento_21" 21 1500 1000 0.95 1 0.4 1 0.8
0.997432600008324 1.19527205569128 "experimento_21" 21 1500 1000 0.95 1 0.4 1 0.8
0.999484486412257 0.936555781759363 "experimento_21" 21 1500 1000 0.95 1 0.4 1 0.8
1.37475288428644 0.937237816086581 "experimento_21" 21 1500 1000 0.95 1 0.4 1 0.8
1.52000615885481 0.914541423781638 "experimento_21" 21 1500 1000 0.95 1 0.4 1 0.8
1.36170267313719 0.850266691764119 "experimento_21" 21 1500 1000 0.95 1 0.4 1 0.8
1.20477892505005 1.2332905139745 "experimento_21" 21 1500 1000 0.95 1 0.4 1 0.8
0.998201176524162 0.955423058102133 "experimento_21" 21 1500 1000 0.95 1 0.4 1 0.8
0.995695329736918 1.04778893403532 "experimento_21" 21 1500 1000 0.95 1 0.4 1 0.8
1.00893211225048 0.921328237752407 "experimento_21" 21 1500 1000 0.95 1 0.4 1 0.8
1.03579383948818 1.17038486841199 "experimento_21" 21 1500 1000 0.95 1 0.4 1 0.8
1.24774942453951 0.859460466811683 "experimento_21" 21 1500 1000 0.95 1 0.4 1 0.8
1.00857736123726 1.02358021111799 "experimento_21" 21 1500 1000 0.95 1 0.4 1 0.8
0.998523259768263 1.22054444641153 "experimento_21" 21 1500 1000 0.95 1 0.4 1 0.8
0.999067053897306 0.931379616067151 "experimento_21" 21 1500 1000 0.95 1 0.4 1 0.8
0.997354491380975 0.936585603687588 "experimento_21" 21 1500 1000 0.95 1 0.4 1 0.8
0.996130758430809 1.06789496177866 "experimento_21" 21 1500 1000 0.95 1 0.4 1 0.8
1.02258459152654 0.963246417523346 "experimento_21" 21 1500 1000 0.95 1 0.4 1 0.8
1.26001664809883 0.889832154500583 "experimento_21" 21 1500 1000 0.95 1 0.4 1 0.8
0.99937092512846 0.863542874421457 "experimento_21" 21 1500 1000 0.95 1 0.4 1 0.8
0.996686353581026 1.31139471519568 "experimento_21" 21 1500 1000 0.95 1 0.4 1 0.8
0.998394179856405 1.15801178910813 "experimento_21" 21 1500 1000 0.95 1 0.4 1 0.8
1.0065112495462 1.03497714260031 "experimento_21" 21 1500 1000 0.95 1 0.4 1 0.8
0.999823114369065 1.04409970195572 "experimento_21" 21 1500 1000 0.95 1 0.4 1 0.8
1.0036645969376 1.07947252803353 "experimento_21" 21 1500 1000 0.95 1 0.4 1 0.8
0.998749057995155 1.10905832958019 "experimento_21" 21 1500 1000 0.95 1 0.4 1 0.8
1.00138053085217 0.930751969164575 "experimento_21" 21 1500 1000 0.95 1 0.4 1 0.8
0.994946965482086 1.05421639150105 "experimento_21" 21 1500 1000 0.95 1 0.4 1 0.8
1.56739250337705 1.23944794583064 "experimento_21" 21 1500 1000 0.95 1 0.4 1 0.8
1.03306949267065 1.06430394542074 "experimento_21" 21 1500 1000 0.95 1 0.4 1 0.8
0.99780052062124 0.975733554243897 "experimento_21" 21 1500 1000 0.95 1 0.4 1 0.8
0.998812698060647 1.08962395620004 "experimento_21" 21 1500 1000 0.95 1 0.4 1 0.8
1.27625015936792 0.919750984695577 "experimento_21" 21 1500 1000 0.95 1 0.4 1 0.8
0.998357383999974 1.01748032252401 "experimento_21" 21 1500 1000 0.95 1 0.4 1 0.8
0.99922555568628 0.918867951174672 "experimento_21" 21 1500 1000 0.95 1 0.4 1 0.8
1.2891189022921 0.996331459879173 "experimento_21" 21 1500 1000 0.95 1 0.4 1 0.8
1.11411784138344 0.852233534513159 "experimento_21" 21 1500 1000 0.95 1 0.4 1 0.8
0.999681804329157 1.03645172358101 "experimento_21" 21 1500 1000 0.95 1 0.4 1 0.8
1.12635928999153 0.79955666001462 "experimento_21" 21 1500 1000 0.95 1 0.4 1 0.8
1.21262732706964 1.10780867915799 "experimento_21" 21 1500 1000 0.95 1 0.4 1 0.8
0.995729393791407 1.38938938832346 "experimento_21" 21 1500 1000 0.95 1 0.4 1 0.8
1.00357461966718 1.01051331142435 "experimento_21" 21 1500 1000 0.95 1 0.4 1 0.8
0.995303695090115 1.191498369592 "experimento_21" 21 1500 1000 0.95 1 0.4 1 0.8
0.999558787792921 1.05460464829185 "experimento_21" 21 1500 1000 0.95 1 0.4 1 0.8
1.00641633057967 0.939207961950411 "experimento_21" 21 1500 1000 0.95 1 0.4 1 0.8
0.990839941659942 1.04857732093314 "experimento_21" 21 1500 1000 0.95 1 0.4 1 0.8
0.997299748240039 0.852815569338869 "experimento_21" 21 1500 1000 0.95 1 0.4 1 0.8
0.998306687921286 1.18162123827912 "experimento_21" 21 1500 1000 0.95 1 0.4 1 0.8
0.9979906254448 1.0594483155324 "experimento_21" 21 1500 1000 0.95 1 0.4 1 0.8
1.05843996523522 0.967521494835645 "experimento_21" 21 1500 1000 0.95 1 0.4 1 0.8
0.996026441222057 1.05107614089859 "experimento_21" 21 1500 1000 0.95 1 0.4 1 0.8
0.99974078964442 1.12013568760745 "experimento_21" 21 1500 1000 0.95 1 0.4 1 0.8
1.18694486096501 1.11597599579904 "experimento_21" 21 1500 1000 0.95 1 0.4 1 0.8
0.997166106011719 1.04411442800606 "experimento_21" 21 1500 1000 0.95 1 0.4 1 0.8
1.03425861848518 0.93166774035485 "experimento_21" 21 1500 1000 0.95 1 0.4 1 0.8
1.00510331476107 0.847279769194232 "experimento_21" 21 1500 1000 0.95 1 0.4 1 0.8
0.998172275256366 1.155516918838 "experimento_21" 21 1500 1000 0.95 1 0.4 1 0.8
1.03777531229671 0.890053182874504 "experimento_21" 21 1500 1000 0.95 1 0.4 1 0.8
0.999326673801988 0.867615377801447 "experimento_21" 21 1500 1000 0.95 1 0.4 1 0.8
0.999111632350832 1.30377804901711 "experimento_21" 21 1500 1000 0.95 1 0.4 1 0.8
0.997813056688756 1.08014946190138 "experimento_21" 21 1500 1000 0.95 1 0.4 1 0.8
0.998573557008058 1.32042737294252 "experimento_21" 21 1500 1000 0.95 1 0.4 1 0.8
0.994484908180311 1.04043898649 "experimento_21" 21 1500 1000 0.95 1 0.4 1 0.8
1.49331661005766 1.15000011728301 "experimento_21" 21 1500 1000 0.95 1 0.4 1 0.8
0.996974799083546 0.937986284065297 "experimento_21" 21 1500 1000 0.95 1 0.4 1 0.8
0.999311267863959 1.07443683986698 "experimento_21" 21 1500 1000 0.95 1 0.4 1 0.8
0.999952164711431 1.18298621822747 "experimento_21" 21 1500 1000 0.95 1 0.4 1 0.8
0.99801218835637 1.11408909065315 "experimento_21" 21 1500 1000 0.95 1 0.4 1 0.8
0.994186273543164 0.940666409592189 "experimento_21" 21 1500 1000 0.95 1 0.4 1 0.8
0.995564589742571 0.981733551816288 "experimento_21" 21 1500 1000 0.95 1 0.4 1 0.8
0.996605537366122 1.04270895731306 "experimento_21" 21 1500 1000 0.95 1 0.4 1 0.8
1.02154956245795 1.03089726690317 "experimento_21" 21 1500 1000 0.95 1 0.4 1 0.8
0.998794452985749 0.881935252921447 "experimento_21" 21 1500 1000 0.95 1 0.4 1 0.8
0.996719212271273 1.07706426817649 "experimento_21" 21 1500 1000 0.95 1 0.4 1 0.8
0.994502804707736 0.988039857587142 "experimento_21" 21 1500 1000 0.95 1 0.4 1 0.8
0.997928288765252 1.20217963118418 "experimento_21" 21 1500 1000 0.95 1 0.4 1 0.8
0.99897499801591 0.941161473723448 "experimento_21" 21 1500 1000 0.95 1 0.4 1 0.8
0.997212867019698 1.08653848304115 "experimento_21" 21 1500 1000 0.95 1 0.4 1 0.8
0.996398912277073 1.20547029152745 "experimento_21" 21 1500 1000 0.95 1 0.4 1 0.8
1.43803710816428 1.23418259367399 "experimento_21" 21 1500 1000 0.95 1 0.4 1 0.8
0.999425470596179 1.12708562589063 "experimento_21" 21 1500 1000 0.95 1 0.4 1 0.8
0.994180110516027 0.964173353287928 "experimento_21" 21 1500 1000 0.95 1 0.4 1 0.8
1.21511219721287 1.17718998596537 "experimento_21" 21 1500 1000 0.95 1 0.4 1 0.8
0.999832053901628 1.06413787925733 "experimento_21" 21 1500 1000 0.95 1 0.4 1 0.8
0.999109829310328 0.956019349137695 "experimento_21" 21 1500 1000 0.95 1 0.4 1 0.8
0.994232896482572 1.14429916481586 "experimento_21" 21 1500 1000 0.95 1 0.4 1 0.8
1.01741588907316 1.27388422688573 "experimento_21" 21 1500 1000 0.95 1 0.4 1 0.8
1.04057504236698 0.951452553325489 "experimento_21" 21 1500 1000 0.95 1 0.4 1 0.8
1.0099488412837 1.23285384529833 "experimento_21" 21 1500 1000 0.95 1 0.4 1 0.8
1.05827098741532 1.07040185281245 "experimento_21" 21 1500 1000 0.95 1 0.4 1 0.8
1.00211823359132 1.06789859526875 "experimento_21" 21 1500 1000 0.95 1 0.4 1 0.8
1.00688602086124 0.916081343082445 "experimento_21" 21 1500 1000 0.95 1 0.4 1 0.8
0.996717360336334 1.11416153893369 "experimento_21" 21 1500 1000 0.95 1 0.4 1 0.8
0.502185425022617 2.9042790292202 "experimento_21" 21 1500 1000 0.95 1 0.4 1 0.8
1.22510325536132 0.919914003199928 "experimento_21" 21 1500 1000 0.95 1 0.4 1 0.8
0.998163006966934 1.06311592492044 "experimento_21" 21 1500 1000 0.95 1 0.4 1 0.8
0.998535675462335 1.15279323495344 "experimento_21" 21 1500 1000 0.95 1 0.4 1 0.8
0.997383357491344 1.16285542349569 "experimento_21" 21 1500 1000 0.95 1 0.4 1 0.8
1.00691242262685 0.972433294564785 "experimento_21" 21 1500 1000 0.95 1 0.4 1 0.8
0.997847495367751 1.04220129483076 "experimento_21" 21 1500 1000 0.95 1 0.4 1 0.8
1.23497313307598 0.907060698868287 "experimento_21" 21 1500 1000 0.95 1 0.4 1 0.8
0.999927091645077 0.915767100536529 "experimento_21" 21 1500 1000 0.95 1 0.4 1 0.8
1.03859381625336 0.911179346765175 "experimento_21" 21 1500 1000 0.95 1 0.4 1 0.8
0.993781544268131 1.24349064003477 "experimento_21" 21 1500 1000 0.95 1 0.4 1 0.8
1.00167952131788 1.01522458482732 "experimento_21" 21 1500 1000 0.95 1 0.4 1 0.8
1.24972036853433 0.799861363050006 "experimento_21" 21 1500 1000 0.95 1 0.4 1 0.8
0.997510550543666 1.14791924351216 "experimento_21" 21 1500 1000 0.95 1 0.4 1 0.8
0.999963062116876 0.838542746223635 "experimento_21" 21 1500 1000 0.95 1 0.4 1 0.8
1.00145352352411 1.07030105696298 "experimento_21" 21 1500 1000 0.95 1 0.4 1 0.8
0.997684163041413 0.950093283963787 "experimento_21" 21 1500 1000 0.95 1 0.4 1 0.8
0.99626139854081 1.12565728403496 "experimento_21" 21 1500 1000 0.95 1 0.4 1 0.8
0.999995747115463 0.932707443177185 "experimento_21" 21 1500 1000 0.95 1 0.4 1 0.8
0.999071290018037 1.02598692905953 "experimento_21" 21 1500 1000 0.95 1 0.4 1 0.8
1.00389414310009 0.907017261111157 "experimento_21" 21 1500 1000 0.95 1 0.4 1 0.8
0.997475872049108 1.1854452960535 "experimento_21" 21 1500 1000 0.95 1 0.4 1 0.8
0.996247765142471 1.14060653161465 "experimento_21" 21 1500 1000 0.95 1 0.4 1 0.8
1.00101524386395 1.09557977848635 "experimento_21" 21 1500 1000 0.95 1 0.4 1 0.8
0.999674757011235 1.1709247526452 "experimento_21" 21 1500 1000 0.95 1 0.4 1 0.8
0.990150745725259 1.2895287467064 "experimento_21" 21 1500 1000 0.95 1 0.4 1 0.8
0.994863396976143 1.28781003716042 "experimento_21" 21 1500 1000 0.95 1 0.4 1 0.8
1.33410452632234 0.698143569731691 "experimento_21" 21 1500 1000 0.95 1 0.4 1 0.8
0.998787363292649 0.921824457738113 "experimento_21" 21 1500 1000 0.95 1 0.4 1 0.8
0.997115707490593 0.982149296071699 "experimento_21" 21 1500 1000 0.95 1 0.4 1 0.8
0.999080404639244 1.17081275726714 "experimento_21" 21 1500 1000 0.95 1 0.4 1 0.8
0.999445881461725 1.5127044517262 "experimento_21" 21 1500 1000 0.95 1 0.4 1 0.8
0.988688019337133 1.12788833850164 "experimento_21" 21 1500 1000 0.95 1 0.4 1 0.8
0.999785873107612 0.9356604678016 "experimento_21" 21 1500 1000 0.95 1 0.4 1 0.8
0.997989499708638 1.33083104013332 "experimento_21" 21 1500 1000 0.95 1 0.4 1 0.8
1.0006923796609 0.955467566809325 "experimento_21" 21 1500 1000 0.95 1 0.4 1 0.8
0.999243371887133 1.02855499135597 "experimento_21" 21 1500 1000 0.95 1 0.4 1 0.8
1.04477058257908 0.9786079533817 "experimento_21" 21 1500 1000 0.95 1 0.4 1 0.8
0.993777632480487 1.11959758346051 "experimento_21" 21 1500 1000 0.95 1 0.4 1 0.8
0.999426230089739 0.877987224499033 "experimento_21" 21 1500 1000 0.95 1 0.4 1 0.8
1.1725600278005 1.3596233210611 "experimento_21" 21 1500 1000 0.95 1 0.4 1 0.8
0.995526558719575 1.0967235918833 "experimento_21" 21 1500 1000 0.95 1 0.4 1 0.8
0.998626681277528 1.07838635244472 "experimento_21" 21 1500 1000 0.95 1 0.4 1 0.8
1.12227288307622 1.02406463053827 "experimento_21" 21 1500 1000 0.95 1 0.4 1 0.8
1.13229473447427 1.04522779342834 "experimento_21" 21 1500 1000 0.95 1 0.4 1 0.8
0.998349544825032 1.16435883979021 "experimento_21" 21 1500 1000 0.95 1 0.4 1 0.8
1.15795178059489 1.00348880693732 "experimento_21" 21 1500 1000 0.95 1 0.4 1 0.8
0.999228741740808 0.992973156812208 "experimento_21" 21 1500 1000 0.95 1 0.4 1 0.8
1.66455315100029 1.34649865256869 "experimento_21" 21 1500 1000 0.95 1 0.4 1 0.8
1.00659546845753 1.01277688507794 "experimento_21" 21 1500 1000 0.95 1 0.4 1 0.8
0.997838006354868 1.22781493599382 "experimento_21" 21 1500 1000 0.95 1 0.4 1 0.8
0.998298031045124 1.19997645799692 "experimento_21" 21 1500 1000 0.95 1 0.4 1 0.8
0.996159665752202 0.963986158382939 "experimento_21" 21 1500 1000 0.95 1 0.4 1 0.8
0.999158943537623 1.12001632367539 "experimento_21" 21 1500 1000 0.95 1 0.4 1 0.8
0.993996035074815 1.08391093104887 "experimento_21" 21 1500 1000 0.95 1 0.4 1 0.8
0.994784625712782 1.04812799756215 "experimento_21" 21 1500 1000 0.95 1 0.4 1 0.8
1.86412498909504 1.25024523087143 "experimento_21" 21 1500 1000 0.95 1 0.4 1 0.8
0.99913778831251 0.944032883814743 "experimento_21" 21 1500 1000 0.95 1 0.4 1 0.8
0.999112690333277 0.939783537981683 "experimento_21" 21 1500 1000 0.95 1 0.4 1 0.8
0.999458151869476 1.22064884437766 "experimento_21" 21 1500 1000 0.95 1 0.4 1 0.8
0.999203231884167 0.976086603662604 "experimento_21" 21 1500 1000 0.95 1 0.4 1 0.8
0.999625481665134 0.814408725067533 "experimento_21" 21 1500 1000 0.95 1 0.4 1 0.8
1.1016443441622 1.04168558828884 "experimento_21" 21 1500 1000 0.95 1 0.4 1 0.8
0.998431480256841 1.11831395962309 "experimento_21" 21 1500 1000 0.95 1 0.4 1 0.8
1.0846993601881 0.817529718106531 "experimento_21" 21 1500 1000 0.95 1 0.4 1 0.8
0.998722243821248 1.01921850065405 "experimento_21" 21 1500 1000 0.95 1 0.4 1 0.8
1.05306953750551 0.697289630278002 "experimento_21" 21 1500 1000 0.95 1 0.4 1 0.8
0.998607693007216 0.916272997783258 "experimento_21" 21 1500 1000 0.95 1 0.4 1 0.8
0.997024819254875 0.94022272871389 "experimento_21" 21 1500 1000 0.95 1 0.4 1 0.8
0.998095601564273 1.15287273665681 "experimento_21" 21 1500 1000 0.95 1 0.4 1 0.8
1.01379601843655 0.917272605815672 "experimento_21" 21 1500 1000 0.95 1 0.4 1 0.8
0.999808733351529 0.941872792419542 "experimento_21" 21 1500 1000 0.95 1 0.4 1 0.8
0.997293757740408 1.14419399160432 "experimento_21" 21 1500 1000 0.95 1 0.4 1 0.8
0.994758085114881 1.20729187656094 "experimento_21" 21 1500 1000 0.95 1 0.4 1 0.8
0.996520100161433 0.971423605570357 "experimento_21" 21 1500 1000 0.95 1 0.4 1 0.8
0.996170589933172 1.10522594887204 "experimento_21" 21 1500 1000 0.95 1 0.4 1 0.8
0.995728848967701 1.06493036892927 "experimento_21" 21 1500 1000 0.95 1 0.4 1 0.8
0.996312104631215 0.860768996537597 "experimento_21" 21 1500 1000 0.95 1 0.4 1 0.8
0.999728108523414 1.05595259667001 "experimento_21" 21 1500 1000 0.95 1 0.4 1 0.8
1.19155374728143 1.13115784787888 "experimento_21" 21 1500 1000 0.95 1 0.4 1 0.8
1.71210249097043 1.67803079773538 "experimento_21" 21 1500 1000 0.95 1 0.4 1 0.8
1.08651180937886 0.874950692249792 "experimento_21" 21 1500 1000 0.95 1 0.4 1 0.8
0.995022472226992 1.29635047944856 "experimento_21" 21 1500 1000 0.95 1 0.4 1 0.8
0.999445254448801 1.20152979126288 "experimento_21" 21 1500 1000 0.95 1 0.4 1 0.8
0.999577216105536 1.29094888827794 "experimento_21" 21 1500 1000 0.95 1 0.4 1 0.8
0.999201748752967 0.814216579938787 "experimento_21" 21 1500 1000 0.95 1 0.4 1 0.8
0.998972486471757 1.01646295381626 "experimento_21" 21 1500 1000 0.95 1 0.4 1 0.8
1.04719334904746 0.948320309489369 "experimento_21" 21 1500 1000 0.95 1 0.4 1 0.8
0.996991453692317 1.16590570524016 "experimento_21" 21 1500 1000 0.95 1 0.4 1 0.8
0.99922042991966 1.20863289293001 "experimento_21" 21 1500 1000 0.95 1 0.4 1 0.8
1.0639417777437 0.969900849620838 "experimento_21" 21 1500 1000 0.95 1 0.4 1 0.8
0.997715318342671 0.901912285082381 "experimento_21" 21 1500 1000 0.95 1 0.4 1 0.8
0.996545814210549 1.07674383351407 "experimento_21" 21 1500 1000 0.95 1 0.4 1 0.8
0.998830358730629 1.11537394306572 "experimento_21" 21 1500 1000 0.95 1 0.4 1 0.8
0.999681546818465 0.931441142485041 "experimento_21" 21 1500 1000 0.95 1 0.4 1 0.8
0.997546768514439 1.09999564709815 "experimento_21" 21 1500 1000 0.95 1 0.4 1 0.8
1.00419690459967 0.855140633372462 "experimento_21" 21 1500 1000 0.95 1 0.4 1 0.8
1.3710350622423 1.29466043680919 "experimento_21" 21 1500 1000 0.95 1 0.4 1 0.8
0.999397013569251 1.0978107506723 "experimento_21" 21 1500 1000 0.95 1 0.4 1 0.8
0.999135366175324 0.838776715996739 "experimento_21" 21 1500 1000 0.95 1 0.4 1 0.8
1.09655857784674 0.862728314397175 "experimento_21" 21 1500 1000 0.95 1 0.4 1 0.8
0.994040592107922 1.18897902940479 "experimento_21" 21 1500 1000 0.95 1 0.4 1 0.8
1.00712673487695 0.896492183455796 "experimento_21" 21 1500 1000 0.95 1 0.4 1 0.8
0.997495023999363 0.904109890026327 "experimento_21" 21 1500 1000 0.95 1 0.4 1 0.8
0.999595646746457 0.967561060219958 "experimento_21" 21 1500 1000 0.95 1 0.4 1 0.8
1.21297193877399 1.00418866955966 "experimento_21" 21 1500 1000 0.95 1 0.4 1 0.8
0.993814948946238 1.00378980676982 "experimento_21" 21 1500 1000 0.95 1 0.4 1 0.8
1.06671374663711 0.930684805319877 "experimento_21" 21 1500 1000 0.95 1 0.4 1 0.8
1.10267493734136 1.09184841569349 "experimento_21" 21 1500 1000 0.95 1 0.4 1 0.8
1.04638299104433 1.25133833151975 "experimento_21" 21 1500 1000 0.95 1 0.4 1 0.8
1.06905723502859 0.935488634522556 "experimento_21" 21 1500 1000 0.95 1 0.4 1 0.8
0.998366696294397 0.799765582327723 "experimento_21" 21 1500 1000 0.95 1 0.4 1 0.8
0.99951955024153 1.26324111957874 "experimento_21" 21 1500 1000 0.95 1 0.4 1 0.8
1.00356157775968 1.06286980878572 "experimento_21" 21 1500 1000 0.95 1 0.4 1 0.8
1.03843386378139 1.08043480535988 "experimento_21" 21 1500 1000 0.95 1 0.4 1 0.8
0.999077120795846 1.0315217312434 "experimento_21" 21 1500 1000 0.95 1 0.4 1 0.8
1.15333065437153 1.06430386681465 "experimento_21" 21 1500 1000 0.95 1 0.4 1 0.8
0.996679129544646 0.963806746246834 "experimento_21" 21 1500 1000 0.95 1 0.4 1 0.8
0.998801419511437 1.21469624644072 "experimento_21" 21 1500 1000 0.95 1 0.4 1 0.8
0.993793291505426 1.29440125610651 "experimento_21" 21 1500 1000 0.95 1 0.4 1 0.8
0.996189806843176 1.05159180734038 "experimento_21" 21 1500 1000 0.95 1 0.4 1 0.8
0.998265720903873 1.14479097470775 "experimento_21" 21 1500 1000 0.95 1 0.4 1 0.8
0.998942695790902 1.19257099617333 "experimento_21" 21 1500 1000 0.95 1 0.4 1 0.8
0.995717652142048 0.987246019707298 "experimento_21" 21 1500 1000 0.95 1 0.4 1 0.8
0.994517341023311 0.897529625029981 "experimento_21" 21 1500 1000 0.95 1 0.4 1 0.8
0.997734400909394 1.23001463140363 "experimento_21" 21 1500 1000 0.95 1 0.4 1 0.8
0.997112728888169 0.942099774301612 "experimento_21" 21 1500 1000 0.95 1 0.4 1 0.8
1.34983576619108 1.10715833678864 "experimento_21" 21 1500 1000 0.95 1 0.4 1 0.8
0.99238755996339 1.12713601293216 "experimento_21" 21 1500 1000 0.95 1 0.4 1 0.8
1.26214218931273 1.34764024712025 "experimento_21" 21 1500 1000 0.95 1 0.4 1 0.8
1.00112242669836 1.07373841723639 "experimento_21" 21 1500 1000 0.95 1 0.4 1 0.8
1.10795167693868 1.0799331150629 "experimento_21" 21 1500 1000 0.95 1 0.4 1 0.8
0.999254298629239 0.907755977476941 "experimento_21" 21 1500 1000 0.95 1 0.4 1 0.8
0.996879756450653 0.950457545343693 "experimento_21" 21 1500 1000 0.95 1 0.4 1 0.8
0.999806863022968 1.00401003985387 "experimento_21" 21 1500 1000 0.95 1 0.4 1 0.8
0.994133308762684 1.11497621711392 "experimento_21" 21 1500 1000 0.95 1 0.4 1 0.8
0.996051900321618 0.870197478895734 "experimento_21" 21 1500 1000 0.95 1 0.4 1 0.8
0.997240914264694 1.07426420743971 "experimento_21" 21 1500 1000 0.95 1 0.4 1 0.8
0.999109278200194 1.0008645776307 "experimento_21" 21 1500 1000 0.95 1 0.4 1 0.8
1.79958861689539 1.90394458175714 "experimento_21" 21 1500 1000 0.95 1 0.4 1 0.8
0.996917363721877 1.13995424843768 "experimento_21" 21 1500 1000 0.95 1 0.4 1 0.8
0.996295591583475 0.934725542905028 "experimento_21" 21 1500 1000 0.95 1 0.4 1 0.8
1.33983366703615 0.993423199251279 "experimento_21" 21 1500 1000 0.95 1 0.4 1 0.8
0.995704210596159 1.12430945971513 "experimento_21" 21 1500 1000 0.95 1 0.4 1 0.8
1.00377852050588 1.16859174396402 "experimento_21" 21 1500 1000 0.95 1 0.4 1 0.8
0.997826324775815 1.13409029798332 "experimento_21" 21 1500 1000 0.95 1 0.4 1 0.8
0.99959964887239 1.0878770154993 "experimento_21" 21 1500 1000 0.95 1 0.4 1 0.8
1.05959131242707 1.2852754436108 "experimento_21" 21 1500 1000 0.95 1 0.4 1 0.8
1.00692224715516 1.00123652357683 "experimento_21" 21 1500 1000 0.95 1 0.4 1 0.8
1.0158054959029 0.822346986217247 "experimento_21" 21 1500 1000 0.95 1 0.4 1 0.8
1.30814709215388 1.18976395042183 "experimento_21" 21 1500 1000 0.95 1 0.4 1 0.8
1.12376208463684 0.855844016184579 "experimento_21" 21 1500 1000 0.95 1 0.4 1 0.8
1.17957501579076 1.1570234320374 "experimento_21" 21 1500 1000 0.95 1 0.4 1 0.8
1.25951561005786 0.90112834441536 "experimento_21" 21 1500 1000 0.95 1 0.4 1 0.8
1.17642580923692 0.92072283392492 "experimento_21" 21 1500 1000 0.95 1 0.4 1 0.8
0.995161288417876 1.1990457288467 "experimento_21" 21 1500 1000 0.95 1 0.4 1 0.8
0.998495784588158 1.06246028725938 "experimento_21" 21 1500 1000 0.95 1 0.4 1 0.8
0.997255973052233 0.920361850923315 "experimento_21" 21 1500 1000 0.95 1 0.4 1 0.8
0.998597599333152 1.00628907549221 "experimento_21" 21 1500 1000 0.95 1 0.4 1 0.8
0.999699414940551 0.988699575011853 "experimento_21" 21 1500 1000 0.95 1 0.4 1 0.8
1.0295235243272 1.03100891979921 "experimento_21" 21 1500 1000 0.95 1 0.4 1 0.8
0.993712882744148 1.15749502066922 "experimento_21" 21 1500 1000 0.95 1 0.4 1 0.8
0.997062967624515 1.00808831369653 "experimento_21" 21 1500 1000 0.95 1 0.4 1 0.8
0.996838995022699 0.980964339300303 "experimento_21" 21 1500 1000 0.95 1 0.4 1 0.8
0.998300821054727 1.19519978686267 "experimento_21" 21 1500 1000 0.95 1 0.4 1 0.8
0.995627928990871 0.902984043573402 "experimento_21" 21 1500 1000 0.95 1 0.4 1 0.8
0.995933061931282 0.992063459875048 "experimento_21" 21 1500 1000 0.95 1 0.4 1 0.8
1.00755790062249 0.902196115031236 "experimento_21" 21 1500 1000 0.95 1 0.4 1 0.8
0.99604112864472 0.99078106075461 "experimento_21" 21 1500 1000 0.95 1 0.4 1 0.8
0.998953606700525 1.11261449466306 "experimento_21" 21 1500 1000 0.95 1 0.4 1 0.8
1.01279842946678 0.993655484280629 "experimento_21" 21 1500 1000 0.95 1 0.4 1 0.8
0.99802272580564 1.1779491338173 "experimento_21" 21 1500 1000 0.95 1 0.4 1 0.8
0.999875383917242 1.02865971446699 "experimento_21" 21 1500 1000 0.95 1 0.4 1 0.8
1.30299017633156 1.2045285145859 "experimento_21" 21 1500 1000 0.95 1 0.4 1 0.8
0.999899483053014 1.07336965048338 "experimento_21" 21 1500 1000 0.95 1 0.4 1 0.8
0.999281128868461 1.04190805080673 "experimento_21" 21 1500 1000 0.95 1 0.4 1 0.8
0.999051849590614 1.03476023731079 "experimento_21" 21 1500 1000 0.95 1 0.4 1 0.8
0.999365679221228 1.17847327976255 "experimento_21" 21 1500 1000 0.95 1 0.4 1 0.8
0.995902738301083 0.862086629240527 "experimento_21" 21 1500 1000 0.95 1 0.4 1 0.8
0.524081831565127 3.09162125985275 "experimento_21" 21 1500 1000 0.95 1 0.4 1 0.8
0.999743055319414 0.993517525158876 "experimento_21" 21 1500 1000 0.95 1 0.4 1 0.8
0.998622357379645 0.990295332933114 "experimento_21" 21 1500 1000 0.95 1 0.4 1 0.8
0.994298152625561 0.985057836061223 "experimento_21" 21 1500 1000 0.95 1 0.4 1 0.8
0.99875978496857 1.09984752376416 "experimento_21" 21 1500 1000 0.95 1 0.4 1 0.8
0.999172504758462 1.08857688871783 "experimento_21" 21 1500 1000 0.95 1 0.4 1 0.8
0.990713728358969 1.067133137276 "experimento_21" 21 1500 1000 0.95 1 0.4 1 0.8
1.01514889136218 1.03416433528964 "experimento_21" 21 1500 1000 0.95 1 0.4 1 0.8
0.998429851140827 1.02749139861683 "experimento_21" 21 1500 1000 0.95 1 0.4 1 0.8
0.997291814070195 1.28984187645226 "experimento_21" 21 1500 1000 0.95 1 0.4 1 0.8
0.999881478492171 0.965860151979729 "experimento_21" 21 1500 1000 0.95 1 0.4 1 0.8
0.997315800981596 1.2813912141359 "experimento_21" 21 1500 1000 0.95 1 0.4 1 0.8
0.997232609195635 1.09236925136214 "experimento_21" 21 1500 1000 0.95 1 0.4 1 0.8
0.997458538739011 0.840854338469522 "experimento_21" 21 1500 1000 0.95 1 0.4 1 0.8
0.999687779927626 1.07204281664172 "experimento_21" 21 1500 1000 0.95 1 0.4 1 0.8
0.993429125053808 0.847314825093662 "experimento_21" 21 1500 1000 0.95 1 0.4 1 0.8
1.00001870421693 1.14523313529626 "experimento_21" 21 1500 1000 0.95 1 0.4 1 0.8
0.999158123973757 1.01689706892229 "experimento_21" 21 1500 1000 0.95 1 0.4 1 0.8
0.991897100815549 1.09276437243111 "experimento_21" 21 1500 1000 0.95 1 0.4 1 0.8
0.995281729381531 1.0804952908473 "experimento_21" 21 1500 1000 0.95 1 0.4 1 0.8
0.997576365945861 1.03679857126338 "experimento_21" 21 1500 1000 0.95 1 0.4 1 0.8
0.998792011523619 1.12985279056329 "experimento_21" 21 1500 1000 0.95 1 0.4 1 0.8
0.999827587977052 1.24892582979872 "experimento_21" 21 1500 1000 0.95 1 0.4 1 0.8
0.997838560026139 1.00875275000755 "experimento_21" 21 1500 1000 0.95 1 0.4 1 0.8
0.999440222978592 0.98067427476547 "experimento_21" 21 1500 1000 0.95 1 0.4 1 0.8
1.0602105135288 0.982972019736692 "experimento_21" 21 1500 1000 0.95 1 0.4 1 0.8
1.00123119866475 0.996572090127338 "experimento_21" 21 1500 1000 0.95 1 0.4 1 0.8
0.999091302510351 0.963754603783094 "experimento_21" 21 1500 1000 0.95 1 0.4 1 0.8
0.999636587454006 0.941080937710034 "experimento_21" 21 1500 1000 0.95 1 0.4 1 0.8
0.997744577703997 1.03405887964308 "experimento_21" 21 1500 1000 0.95 1 0.4 1 0.8
0.9956328375265 1.01442532441806 "experimento_21" 21 1500 1000 0.95 1 0.4 1 0.8
0.995255551068112 1.05864216981542 "experimento_21" 21 1500 1000 0.95 1 0.4 1 0.8
0.997663126327097 1.10301467896461 "experimento_21" 21 1500 1000 0.95 1 0.4 1 0.8
0.998092740541324 0.879625585648982 "experimento_21" 21 1500 1000 0.95 1 0.4 1 0.8
1.03077766252682 0.960596443363947 "experimento_21" 21 1500 1000 0.95 1 0.4 1 0.8
0.997222697827965 1.31899503731523 "experimento_21" 21 1500 1000 0.95 1 0.4 1 0.8
0.999271294102073 1.3340554825282 "experimento_21" 21 1500 1000 0.95 1 0.4 1 0.8
0.997184538748115 1.05971775650074 "experimento_21" 21 1500 1000 0.95 1 0.4 1 0.8
0.999965654686093 1.35041886280358 "experimento_21" 21 1500 1000 0.95 1 0.4 1 0.8
1.01376489689574 1.11493981644359 "experimento_21" 21 1500 1000 0.95 1 0.4 1 0.8
0.99765441310592 1.10923223513923 "experimento_21" 21 1500 1000 0.95 1 0.4 1 0.8
0.999437252059579 0.95523068022792 "experimento_21" 21 1500 1000 0.95 1 0.4 1 0.8
0.999514407245442 1.16806254494156 "experimento_21" 21 1500 1000 0.95 1 0.4 1 0.8
1.51583105884492 0.844539321274888 "experimento_21" 21 1500 1000 0.95 1 0.4 1 0.8
0.999193481635302 1.09583472255698 "experimento_21" 21 1500 1000 0.95 1 0.4 1 0.8
1.66017861431465 0.766970345513507 "experimento_21" 21 1500 1000 0.95 1 0.4 1 0.8
0.998927537584677 1.09126551564876 "experimento_21" 21 1500 1000 0.95 1 0.4 1 0.8
0.999695430276915 1.00171471232004 "experimento_21" 21 1500 1000 0.95 1 0.4 1 0.8
0.999379718210548 0.930619083239053 "experimento_21" 21 1500 1000 0.95 1 0.4 1 0.8
0.998608027584851 1.12389482515992 "experimento_21" 21 1500 1000 0.95 1 0.4 1 0.8
1.54365550074726 1.16652700576618 "experimento_21" 21 1500 1000 0.95 1 0.4 1 0.8
0.994596358388662 1.06626408069891 "experimento_21" 21 1500 1000 0.95 1 0.4 1 0.8
0.999175925273448 1.00239246990874 "experimento_21" 21 1500 1000 0.95 1 0.4 1 0.8
0.997627536067739 0.947404904663341 "experimento_21" 21 1500 1000 0.95 1 0.4 1 0.8
1.04554471134314 0.895892895384123 "experimento_21" 21 1500 1000 0.95 1 0.4 1 0.8
0.996966246981174 1.05010235943657 "experimento_21" 21 1500 1000 0.95 1 0.4 1 0.8
0.998596370453015 1.060751871229 "experimento_21" 21 1500 1000 0.95 1 0.4 1 0.8
0.999777703545988 0.979397866013111 "experimento_21" 21 1500 1000 0.95 1 0.4 1 0.8
0.999918616143987 1.1625019125647 "experimento_21" 21 1500 1000 0.95 1 0.4 1 0.8
0.999236730625853 1.10376063478725 "experimento_21" 21 1500 1000 0.95 1 0.4 1 0.8
0.998371494701132 1.16498022581864 "experimento_21" 21 1500 1000 0.95 1 0.4 1 0.8
0.99659538269043 0.973019476062519 "experimento_21" 21 1500 1000 0.95 1 0.4 1 0.8
0.994991705752909 1.17224322540766 "experimento_21" 21 1500 1000 0.95 1 0.4 1 0.8
0.996274583274499 1.07805601627011 "experimento_21" 21 1500 1000 0.95 1 0.4 1 0.8
1.28796137092961 1.02144520400115 "experimento_21" 21 1500 1000 0.95 1 0.4 1 0.8
1.00014327932149 1.02419516965281 "experimento_21" 21 1500 1000 0.95 1 0.4 1 0.8
1.00866585546113 1.13343919208181 "experimento_21" 21 1500 1000 0.95 1 0.4 1 0.8
1.03817935334519 0.766078775914822 "experimento_21" 21 1500 1000 0.95 1 0.4 1 0.8
0.996284636668861 0.899623202210782 "experimento_21" 21 1500 1000 0.95 1 0.4 1 0.8
0.997981450287625 1.09283514030606 "experimento_21" 21 1500 1000 0.95 1 0.4 1 0.8
0.999349775025621 1.00153351988819 "experimento_21" 21 1500 1000 0.95 1 0.4 1 0.8
1.25283297989517 1.11538498137186 "experimento_21" 21 1500 1000 0.95 1 0.4 1 0.8
1.01788906799629 1.19884516942287 "experimento_21" 21 1500 1000 0.95 1 0.4 1 0.8
0.998089492321014 1.05193878161883 "experimento_21" 21 1500 1000 0.95 1 0.4 1 0.8
0.997952156001702 1.01576083075513 "experimento_21" 21 1500 1000 0.95 1 0.4 1 0.8
1.05017293756828 1.01793602730947 "experimento_21" 21 1500 1000 0.95 1 0.4 1 0.8
1.00324389443865 1.09513196646681 "experimento_21" 21 1500 1000 0.95 1 0.4 1 0.8
0.999520482262596 0.89150355667886 "experimento_21" 21 1500 1000 0.95 1 0.4 1 0.8
1.0057282903508 1.1540999521439 "experimento_21" 21 1500 1000 0.95 1 0.4 1 0.8
0.996803829912096 1.16913831858884 "experimento_21" 21 1500 1000 0.95 1 0.4 1 0.8
0.997656065970659 1.00278029596756 "experimento_21" 21 1500 1000 0.95 1 0.4 1 0.8
0.995885167503729 1.12868753901451 "experimento_21" 21 1500 1000 0.95 1 0.4 1 0.8
1.65716502163559 0.816611515702317 "experimento_21" 21 1500 1000 0.95 1 0.4 1 0.8
0.994708339683712 1.02058876781689 "experimento_21" 21 1500 1000 0.95 1 0.4 1 0.8
1.00463837105781 0.931435132113416 "experimento_21" 21 1500 1000 0.95 1 0.4 1 0.8
0.999055949272588 1.10629643648989 "experimento_21" 21 1500 1000 0.95 1 0.4 1 0.8
1.33888207515702 1.14112990094463 "experimento_21" 21 1500 1000 0.95 1 0.4 1 0.8
0.999209843110293 1.01659936358913 "experimento_21" 21 1500 1000 0.95 1 0.4 1 0.8
1.00406077469172 0.915612332201241 "experimento_21" 21 1500 1000 0.95 1 0.4 1 0.8
0.999892027117312 0.912702815139719 "experimento_21" 21 1500 1000 0.95 1 0.4 1 0.8
1.40881267050281 0.776259352035938 "experimento_21" 21 1500 1000 0.95 1 0.4 1 0.8
0.999452338088304 0.988206182208613 "experimento_21" 21 1500 1000 0.95 1 0.4 1 0.8
0.999552841298282 1.00312089034722 "experimento_21" 21 1500 1000 0.95 1 0.4 1 0.8
0.997117323568091 1.03828445139081 "experimento_21" 21 1500 1000 0.95 1 0.4 1 0.8
0.999784167855978 0.994506227771674 "experimento_21" 21 1500 1000 0.95 1 0.4 1 0.8
1.0251752003096 0.859654021318297 "experimento_21" 21 1500 1000 0.95 1 0.4 1 0.8
0.997107874136418 0.935347327158073 "experimento_21" 21 1500 1000 0.95 1 0.4 1 0.8
0.997543634381145 0.953889285143138 "experimento_21" 21 1500 1000 0.95 1 0.4 1 0.8
0.998439132003114 1.0616807364449 "experimento_21" 21 1500 1000 0.95 1 0.4 1 0.8
0.99916953034699 1.16723871734019 "experimento_21" 21 1500 1000 0.95 1 0.4 1 0.8
0.997632400365546 1.17995340407966 "experimento_21" 21 1500 1000 0.95 1 0.4 1 0.8
0.999278240371495 1.00884854752082 "experimento_21" 21 1500 1000 0.95 1 0.4 1 0.8
0.994684867095202 1.00532518899484 "experimento_21" 21 1500 1000 0.95 1 0.4 1 0.8
0.996238053776324 1.07939572705478 "experimento_21" 21 1500 1000 0.95 1 0.4 1 0.8
1.01215428626165 0.887099892744622 "experimento_21" 21 1500 1000 0.95 1 0.4 1 0.8
1.07083950424734 1.39725119872111 "experimento_21" 21 1500 1000 0.95 1 0.4 1 0.8
0.99949136027135 1.05874440334819 "experimento_21" 21 1500 1000 0.95 1 0.4 1 0.8
0.998450750252232 0.966698701695086 "experimento_21" 21 1500 1000 0.95 1 0.4 1 0.8
0.999488022876903 1.06895874445177 "experimento_21" 21 1500 1000 0.95 1 0.4 1 0.8
1.08375792205334 0.885441308806352 "experimento_21" 21 1500 1000 0.95 1 0.4 1 0.8
0.997604148462415 1.0729935584871 "experimento_21" 21 1500 1000 0.95 1 0.4 1 0.8
0.997668880270794 1.09771926096533 "experimento_21" 21 1500 1000 0.95 1 0.4 1 0.8
1.45200014254078 0.746740053801522 "experimento_21" 21 1500 1000 0.95 1 0.4 1 0.8
1.00377331208438 1.00748041306285 "experimento_21" 21 1500 1000 0.95 1 0.4 1 0.8
0.999957203632221 0.914792114578028 "experimento_21" 21 1500 1000 0.95 1 0.4 1 0.8
1.00340842252641 0.966548536458445 "experimento_21" 21 1500 1000 0.95 1 0.4 1 0.8
1.37330450676382 1.44365431237486 "experimento_21" 21 1500 1000 0.95 1 0.4 1 0.8
1.42638130292947 1.10562695042058 "experimento_21" 21 1500 1000 0.95 1 0.4 1 0.8
1.15531240939676 1.01711811503107 "experimento_21" 21 1500 1000 0.95 1 0.4 1 0.8
0.998259955318645 0.825196481992052 "experimento_21" 21 1500 1000 0.95 1 0.4 1 0.8
0.998490024823695 0.977144011319375 "experimento_21" 21 1500 1000 0.95 1 0.4 1 0.8
1.0287176258862 1.43880951516522 "experimento_21" 21 1500 1000 0.95 1 0.4 1 0.8
0.99864310445264 1.23050824027896 "experimento_21" 21 1500 1000 0.95 1 0.4 1 0.8
0.998014943441376 0.935833587646133 "experimento_21" 21 1500 1000 0.95 1 0.4 1 0.8
0.999181227292866 1.06457777761009 "experimento_21" 21 1500 1000 0.95 1 0.4 1 0.8
0.994195543462411 1.20505291909734 "experimento_21" 21 1500 1000 0.95 1 0.4 1 0.8
1.02858363464475 0.950697539895716 "experimento_21" 21 1500 1000 0.95 1 0.4 1 0.8
0.998771492158994 0.904035617928803 "experimento_21" 21 1500 1000 0.95 1 0.4 1 0.8
0.998956298455596 1.08025742266031 "experimento_21" 21 1500 1000 0.95 1 0.4 1 0.8
0.996770043624565 1.24836536722278 "experimento_21" 21 1500 1000 0.95 1 0.4 1 0.8
1.04120758129284 0.924907572373643 "experimento_21" 21 1500 1000 0.95 1 0.4 1 0.8
0.997267747297883 0.921045701052235 "experimento_21" 21 1500 1000 0.95 1 0.4 1 0.8
0.999082170892507 1.12006132267865 "experimento_21" 21 1500 1000 0.95 1 0.4 1 0.8
0.998978398973122 1.09090218992388 "experimento_21" 21 1500 1000 0.95 1 0.4 1 0.8
0.997131626587361 0.799154575684627 "experimento_21" 21 1500 1000 0.95 1 0.4 1 0.8
0.998444554395974 1.04488570755001 "experimento_21" 21 1500 1000 0.95 1 0.4 1 0.8
0.998454664601013 1.20886335789252 "experimento_21" 21 1500 1000 0.95 1 0.4 1 0.8
0.999024495482445 0.942118044076403 "experimento_21" 21 1500 1000 0.95 1 0.4 1 0.8
1.09797246241942 1.05070591262195 "experimento_21" 21 1500 1000 0.95 1 0.4 1 0.8
1.05633639963344 1.14993087498023 "experimento_21" 21 1500 1000 0.95 1 0.4 1 0.8
1.01724342955276 1.17745614725021 "experimento_21" 21 1500 1000 0.95 1 0.4 1 0.8
0.997565666679293 0.861848772207884 "experimento_21" 21 1500 1000 0.95 1 0.4 1 0.8
0.995226771105081 0.916488898331966 "experimento_21" 21 1500 1000 0.95 1 0.4 1 0.8
0.998639227589592 1.18177740130785 "experimento_21" 21 1500 1000 0.95 1 0.4 1 0.8
1.07230911479289 0.868162387994216 "experimento_21" 21 1500 1000 0.95 1 0.4 1 0.8
1.00400589825585 0.910098232740945 "experimento_21" 21 1500 1000 0.95 1 0.4 1 0.8
0.997831143904477 1.13433012753126 "experimento_21" 21 1500 1000 0.95 1 0.4 1 0.8
1.00266777165234 1.07349136416849 "experimento_21" 21 1500 1000 0.95 1 0.4 1 0.8
0.998308927053586 0.949766184705811 "experimento_21" 21 1500 1000 0.95 1 0.4 1 0.8
1.02365956222638 0.936931042719595 "experimento_21" 21 1500 1000 0.95 1 0.4 1 0.8
0.994227037997916 1.04341510280998 "experimento_21" 21 1500 1000 0.95 1 0.4 1 0.8
1.34023940205084 0.929548695332835 "experimento_21" 21 1500 1000 0.95 1 0.4 1 0.8
0.995618522400036 0.902046977049429 "experimento_21" 21 1500 1000 0.95 1 0.4 1 0.8
0.997169865993783 1.00631214252254 "experimento_21" 21 1500 1000 0.95 1 0.4 1 0.8
1.02639912301674 1.26765117699782 "experimento_21" 21 1500 1000 0.95 1 0.4 1 0.8
1.14344602543861 0.899239897703363 "experimento_21" 21 1500 1000 0.95 1 0.4 1 0.8
1.03057884063393 1.0704704863168 "experimento_21" 21 1500 1000 0.95 1 0.4 1 0.8
0.99957327498123 0.965258633375877 "experimento_21" 21 1500 1000 0.95 1 0.4 1 0.8
1.00351331755424 1.1575417841885 "experimento_21" 21 1500 1000 0.95 1 0.4 1 0.8
0.996876222081482 0.992358637173522 "experimento_21" 21 1500 1000 0.95 1 0.4 1 0.8
1.13197564517719 0.847838274647447 "experimento_21" 21 1500 1000 0.95 1 0.4 1 0.8
0.998476390726864 0.987656353472348 "experimento_21" 21 1500 1000 0.95 1 0.4 1 0.8
1.00189799861982 1.03101616686293 "experimento_21" 21 1500 1000 0.95 1 0.4 1 0.8
0.998961394187063 1.1557315798467 "experimento_21" 21 1500 1000 0.95 1 0.4 1 0.8
0.998973794747144 0.972072775222388 "experimento_21" 21 1500 1000 0.95 1 0.4 1 0.8
0.998791668564081 1.24725451550831 "experimento_21" 21 1500 1000 0.95 1 0.4 1 0.8
1.0491920565255 0.891782595406158 "experimento_21" 21 1500 1000 0.95 1 0.4 1 0.8
1.24995487835258 1.01922564625219 "experimento_21" 21 1500 1000 0.95 1 0.4 1 0.8
0.999136398080736 0.913998991515339 "experimento_21" 21 1500 1000 0.95 1 0.4 1 0.8
0.999388257972896 1.01490870642502 "experimento_21" 21 1500 1000 0.95 1 0.4 1 0.8
0.999170290771872 1.03845561865508 "experimento_21" 21 1500 1000 0.95 1 0.4 1 0.8
1.02477623514059 1.03628659095122 "experimento_21" 21 1500 1000 0.95 1 0.4 1 0.8
1.00030638129458 0.90167122182735 "experimento_21" 21 1500 1000 0.95 1 0.4 1 0.8
0.999891398008913 0.917771488585677 "experimento_21" 21 1500 1000 0.95 1 0.4 1 0.8
0.997731307055801 1.17300517561719 "experimento_21" 21 1500 1000 0.95 1 0.4 1 0.8
0.999907110119238 1.20540686309013 "experimento_21" 21 1500 1000 0.95 1 0.4 1 0.8
1.21264718845487 0.828779405011445 "experimento_21" 21 1500 1000 0.95 1 0.4 1 0.8
1.37965848203748 0.869658285070014 "experimento_21" 21 1500 1000 0.95 1 0.4 1 0.8
1.21878456787705 0.90077459640545 "experimento_21" 21 1500 1000 0.95 1 0.4 1 0.8
0.99966042698361 1.15369619132222 "experimento_21" 21 1500 1000 0.95 1 0.4 1 0.8
0.997592435684055 1.24016626455752 "experimento_21" 21 1500 1000 0.95 1 0.4 1 0.8
0.999939409317449 0.962765996999216 "experimento_21" 21 1500 1000 0.95 1 0.4 1 0.8
0.994594978867099 1.3272039100965 "experimento_21" 21 1500 1000 0.95 1 0.4 1 0.8
1.03059168420835 1.24655393079922 "experimento_21" 21 1500 1000 0.95 1 0.4 1 0.8
0.9997775091324 1.05407638389397 "experimento_21" 21 1500 1000 0.95 1 0.4 1 0.8
0.995952596422285 1.03668067745574 "experimento_21" 21 1500 1000 0.95 1 0.4 1 0.8
1.04858488577275 0.853066709241281 "experimento_21" 21 1500 1000 0.95 1 0.4 1 0.8
1.08929138666134 0.922844341321758 "experimento_21" 21 1500 1000 0.95 1 0.4 1 0.8
1.17623856617138 0.858073310638815 "experimento_21" 21 1500 1000 0.95 1 0.4 1 0.8
0.999568643746898 0.972653961515597 "experimento_21" 21 1500 1000 0.95 1 0.4 1 0.8
0.999365965602919 1.10844588478641 "experimento_21" 21 1500 1000 0.95 1 0.4 1 0.8
0.999869871651754 1.19209883424487 "experimento_21" 21 1500 1000 0.95 1 0.4 1 0.8
0.995749386958778 0.978444689342406 "experimento_21" 21 1500 1000 0.95 1 0.4 1 0.8
0.999043884454295 1.06613083351173 "experimento_21" 21 1500 1000 0.95 1 0.4 1 0.8
1.00579019170254 1.02710611827534 "experimento_21" 21 1500 1000 0.95 1 0.4 1 0.8
0.998262895038351 1.06086495423623 "experimento_21" 21 1500 1000 0.95 1 0.4 1 0.8
0.996552865020931 1.08528761552997 "experimento_21" 21 1500 1000 0.95 1 0.4 1 0.8
0.994115952635184 0.94070275772323 "experimento_21" 21 1500 1000 0.95 1 0.4 1 0.8
0.995750173227862 1.18865357528327 "experimento_21" 21 1500 1000 0.95 1 0.4 1 0.8
0.99943587789312 0.92863026964807 "experimento_21" 21 1500 1000 0.95 1 0.4 1 0.8
0.99838491040282 0.934533571179346 "experimento_21" 21 1500 1000 0.95 1 0.4 1 0.8
1.25766060982839 0.783355783920899 "experimento_21" 21 1500 1000 0.95 1 0.4 1 0.8
0.997210633242503 0.877185221045633 "experimento_21" 21 1500 1000 0.95 1 0.4 1 0.8
0.999804505845532 0.925879728838231 "experimento_21" 21 1500 1000 0.95 1 0.4 1 0.8
0.999898688402027 1.09776195915729 "experimento_21" 21 1500 1000 0.95 1 0.4 1 0.8
0.999564010417089 1.08303215005242 "experimento_21" 21 1500 1000 0.95 1 0.4 1 0.8
0.9999200317543 1.04027543957449 "experimento_21" 21 1500 1000 0.95 1 0.4 1 0.8
1.13079954218119 1.13253575640016 "experimento_21" 21 1500 1000 0.95 1 0.4 1 0.8
0.999420203035697 1.1131154121162 "experimento_21" 21 1500 1000 0.95 1 0.4 1 0.8
0.997216208837926 1.02459196003743 "experimento_21" 21 1500 1000 0.95 1 0.4 1 0.8
0.997690031770617 0.996821097766865 "experimento_21" 21 1500 1000 0.95 1 0.4 1 0.8
0.998271294403821 1.00339415646618 "experimento_21" 21 1500 1000 0.95 1 0.4 1 0.8
0.999367663171142 1.0962335998191 "experimento_21" 21 1500 1000 0.95 1 0.4 1 0.8
0.999245934188366 0.918345889759536 "experimento_21" 21 1500 1000 0.95 1 0.4 1 0.8
1.00728692347184 0.897151201172084 "experimento_21" 21 1500 1000 0.95 1 0.4 1 0.8
0.9991798941046 1.05402969222285 "experimento_21" 21 1500 1000 0.95 1 0.4 1 0.8
0.997979185078293 0.978994637367478 "experimento_21" 21 1500 1000 0.95 1 0.4 1 0.8
0.997499821241945 1.04747271802018 "experimento_21" 21 1500 1000 0.95 1 0.4 1 0.8
1.1473155033501 0.99333576547981 "experimento_21" 21 1500 1000 0.95 1 0.4 1 0.8
1.04182043997948 0.853475656901433 "experimento_21" 21 1500 1000 0.95 1 0.4 1 0.8
0.998024524189532 0.84983676887125 "experimento_21" 21 1500 1000 0.95 1 0.4 1 0.8
0.995112770469859 0.971608101720445 "experimento_21" 21 1500 1000 0.95 1 0.4 1 0.8
0.998919165693223 0.855602130056349 "experimento_21" 21 1500 1000 0.95 1 0.4 1 0.8
0.996925060870126 1.14611962302424 "experimento_21" 21 1500 1000 0.95 1 0.4 1 0.8
1.00189641525828 1.15185737716082 "experimento_21" 21 1500 1000 0.95 1 0.4 1 0.8
1.00132128363475 1.00365456469481 "experimento_21" 21 1500 1000 0.95 1 0.4 1 0.8
1.02486580593127 1.04527742622568 "experimento_21" 21 1500 1000 0.95 1 0.4 1 0.8
0.999557630624622 0.929447607081108 "experimento_21" 21 1500 1000 0.95 1 0.4 1 0.8
0.996877107769251 1.05334533490007 "experimento_21" 21 1500 1000 0.95 1 0.4 1 0.8
0.998788183322176 1.0111242102733 "experimento_21" 21 1500 1000 0.95 1 0.4 1 0.8
0.99978410708718 0.939963217085327 "experimento_21" 21 1500 1000 0.95 1 0.4 1 0.8
0.996400567702949 1.20065700976618 "experimento_21" 21 1500 1000 0.95 1 0.4 1 0.8
0.999628304038197 0.930004700466354 "experimento_21" 21 1500 1000 0.95 1 0.4 1 0.8
1.11211219530362 0.825359444320554 "experimento_21" 21 1500 1000 0.95 1 0.4 1 0.8
0.99065347854048 1.26984721806394 "experimento_21" 21 1500 1000 0.95 1 0.4 1 0.8
1.29280682094395 0.916670556549341 "experimento_21" 21 1500 1000 0.95 1 0.4 1 0.8
1.00027803369912 0.979870288601709 "experimento_21" 21 1500 1000 0.95 1 0.4 1 0.8
0.998097890755162 0.999563341958816 "experimento_21" 21 1500 1000 0.95 1 0.4 1 0.8
1.06416024777884 1.03983558106318 "experimento_21" 21 1500 1000 0.95 1 0.4 1 0.8
0.999255005037412 1.12655869297181 "experimento_21" 21 1500 1000 0.95 1 0.4 1 0.8
1.0075168777152 1.17683737803944 "experimento_21" 21 1500 1000 0.95 1 0.4 1 0.8
0.994328493718058 1.04199409990244 "experimento_21" 21 1500 1000 0.95 1 0.4 1 0.8
0.99513108516112 0.965451978575327 "experimento_21" 21 1500 1000 0.95 1 0.4 1 0.8
0.995631519239396 1.36361903655036 "experimento_21" 21 1500 1000 0.95 1 0.4 1 0.8
0.996928390581161 0.998556262939542 "experimento_21" 21 1500 1000 0.95 1 0.4 1 0.8
0.997704888461158 0.786821114329542 "experimento_21" 21 1500 1000 0.95 1 0.4 1 0.8
0.995983615051955 1.01788342974845 "experimento_21" 21 1500 1000 0.95 1 0.4 1 0.8
1.03779819700867 1.17507364535106 "experimento_21" 21 1500 1000 0.95 1 0.4 1 0.8
0.998624133178964 1.04532751242792 "experimento_21" 21 1500 1000 0.95 1 0.4 1 0.8
0.997491136426106 1.01991284637263 "experimento_21" 21 1500 1000 0.95 1 0.4 1 0.8
0.997781867859885 1.00483363622771 "experimento_21" 21 1500 1000 0.95 1 0.4 1 0.8
0.999940929235891 1.03027844232862 "experimento_21" 21 1500 1000 0.95 1 0.4 1 0.8
0.99898122320883 1.17920653831664 "experimento_21" 21 1500 1000 0.95 1 0.4 1 0.8
0.997950812568888 0.954755171885198 "experimento_21" 21 1500 1000 0.95 1 0.4 1 0.8
0.998368609463796 1.12699620190692 "experimento_21" 21 1500 1000 0.95 1 0.4 1 0.8
1.1698068510741 1.38499277077056 "experimento_21" 21 1500 1000 0.95 1 0.4 1 0.8
0.99218458426185 1.18272661652939 "experimento_21" 21 1500 1000 0.95 1 0.4 1 0.8
0.999253516783938 1.0619132716429 "experimento_21" 21 1500 1000 0.95 1 0.4 1 0.8
0.994727895129472 1.09298229867157 "experimento_21" 21 1500 1000 0.95 1 0.4 1 0.8
0.997519830241799 0.947576065425169 "experimento_21" 21 1500 1000 0.95 1 0.4 1 0.8
0.998279596446082 0.884140773179662 "experimento_21" 21 1500 1000 0.95 1 0.4 1 0.8
0.99745790543966 1.06914576043276 "experimento_21" 21 1500 1000 0.95 1 0.4 1 0.8
0.996173165040091 1.24713152419729 "experimento_21" 21 1500 1000 0.95 1 0.4 1 0.8
0.996086350642145 1.14632293231562 "experimento_21" 21 1500 1000 0.95 1 0.4 1 0.8
1.25767268007621 1.23282596858832 "experimento_21" 21 1500 1000 0.95 1 0.4 1 0.8
0.999454747419804 0.971877534934897 "experimento_21" 21 1500 1000 0.95 1 0.4 1 0.8
1.11993220215663 1.09965760696048 "experimento_21" 21 1500 1000 0.95 1 0.4 1 0.8
0.998464970616624 1.10865387111508 "experimento_21" 21 1500 1000 0.95 1 0.4 1 0.8
0.999648446217179 0.968943745295967 "experimento_21" 21 1500 1000 0.95 1 0.4 1 0.8
1.00241406913847 0.957152887666728 "experimento_21" 21 1500 1000 0.95 1 0.4 1 0.8
1.09700615916138 1.05145983560872 "experimento_21" 21 1500 1000 0.95 1 0.4 1 0.8
0.999937248881906 0.848117449247017 "experimento_21" 21 1500 1000 0.95 1 0.4 1 0.8
1.00394938259015 1.2032339422415 "experimento_21" 21 1500 1000 0.95 1 0.4 1 0.8
1.08581381689181 0.920411684958107 "experimento_21" 21 1500 1000 0.95 1 0.4 1 0.8
0.999045575968921 0.91074394022498 "experimento_21" 21 1500 1000 0.95 1 0.4 1 0.8
1.30318674026057 1.02391658706773 "experimento_21" 21 1500 1000 0.95 1 0.4 1 0.8
0.997503341175616 0.810972775564952 "experimento_21" 21 1500 1000 0.95 1 0.4 1 0.8
0.997684956761077 1.08526419148567 "experimento_21" 21 1500 1000 0.95 1 0.4 1 0.8
1.25259996205568 0.828054057832303 "experimento_21" 21 1500 1000 0.95 1 0.4 1 0.8
0.998426784062758 1.05378160892087 "experimento_21" 21 1500 1000 0.95 1 0.4 1 0.8
0.998586354078725 0.99272160285055 "experimento_21" 21 1500 1000 0.95 1 0.4 1 0.8
0.996240867534652 0.898888070823731 "experimento_21" 21 1500 1000 0.95 1 0.4 1 0.8
1.2866190488358 1.07869243633862 "experimento_21" 21 1500 1000 0.95 1 0.4 1 0.8
0.997361269779503 0.892398552598143 "experimento_21" 21 1500 1000 0.95 1 0.4 1 0.8
1.12900080671534 1.02880322015113 "experimento_21" 21 1500 1000 0.95 1 0.4 1 0.8
0.999965498689562 0.958342852402152 "experimento_21" 21 1500 1000 0.95 1 0.4 1 0.8
0.998509630095214 1.07717498561339 "experimento_21" 21 1500 1000 0.95 1 0.4 1 0.8
0.997341479407623 1.20358759740094 "experimento_21" 21 1500 1000 0.95 1 0.4 1 0.8
0.999722307315096 0.850330293506168 "experimento_21" 21 1500 1000 0.95 1 0.4 1 0.8
0.997329929377884 1.00470561924314 "experimento_21" 21 1500 1000 0.95 1 0.4 1 0.8
1.00914410435161 0.959952288869572 "experimento_21" 21 1500 1000 0.95 1 0.4 1 0.8
0.99897153233178 1.200742753924 "experimento_21" 21 1500 1000 0.95 1 0.4 1 0.8
1.20754013669305 0.833041217451166 "experimento_21" 21 1500 1000 0.95 1 0.4 1 0.8
1.18661162350327 1.20122776939651 "experimento_21" 21 1500 1000 0.95 1 0.4 1 0.8
0.996688942890614 1.13258937684698 "experimento_21" 21 1500 1000 0.95 1 0.4 1 0.8
0.99844965338707 0.94343799351071 "experimento_21" 21 1500 1000 0.95 1 0.4 1 0.8
1.00705402251333 0.820112853675716 "experimento_21" 21 1500 1000 0.95 1 0.4 1 0.8
0.999719517771155 1.00592499532478 "experimento_21" 21 1500 1000 0.95 1 0.4 1 0.8
1.03346658849782 1.04336468222821 "experimento_21" 21 1500 1000 0.95 1 0.4 1 0.8
1.10380364395678 0.974066772044317 "experimento_21" 21 1500 1000 0.95 1 0.4 1 0.8
1.00412452640012 0.93987112839009 "experimento_21" 21 1500 1000 0.95 1 0.4 1 0.8
0.999091592850164 0.923663043784514 "experimento_21" 21 1500 1000 0.95 1 0.4 1 0.8
1.0068899278526 0.965314551224676 "experimento_21" 21 1500 1000 0.95 1 0.4 1 0.8
1.07875000686307 1.04303938557025 "experimento_21" 21 1500 1000 0.95 1 0.4 1 0.8
1.19868488842621 1.36077972423708 "experimento_21" 21 1500 1000 0.95 1 0.4 1 0.8
1.35571970511228 0.877965982376501 "experimento_21" 21 1500 1000 0.95 1 0.4 1 0.8
1.00232069250636 0.887022826680525 "experimento_21" 21 1500 1000 0.95 1 0.4 1 0.8
1.59405759116635 0.919833906434744 "experimento_21" 21 1500 1000 0.95 1 0.4 1 0.8
0.995728146051988 0.929318577754315 "experimento_21" 21 1500 1000 0.95 1 0.4 1 0.8
0.998406704282388 0.988904771193992 "experimento_21" 21 1500 1000 0.95 1 0.4 1 0.8
1.00102531351149 1.05814909040596 "experimento_21" 21 1500 1000 0.95 1 0.4 1 0.8
1.05850275597174 0.912289847587185 "experimento_21" 21 1500 1000 0.95 1 0.4 1 0.8
0.997935978230089 0.840105103187564 "experimento_21" 21 1500 1000 0.95 1 0.4 1 0.8
0.996135237859562 1.06484819143688 "experimento_21" 21 1500 1000 0.95 1 0.4 1 0.8
0.994482546811923 0.909378020935091 "experimento_21" 21 1500 1000 0.95 1 0.4 1 0.8
1.10111960209906 1.29119382130998 "experimento_21" 21 1500 1000 0.95 1 0.4 1 0.8
0.999040523776785 1.18093771241434 "experimento_21" 21 1500 1000 0.95 1 0.4 1 0.8
0.999837484909222 1.07347520891695 "experimento_21" 21 1500 1000 0.95 1 0.4 1 0.8
1.30823329882696 1.3537120003696 "experimento_21" 21 1500 1000 0.95 1 0.4 1 0.8
0.999470254173502 0.92701602622373 "experimento_21" 21 1500 1000 0.95 1 0.4 1 0.8
1.08381279744208 0.980699692309991 "experimento_21" 21 1500 1000 0.95 1 0.4 1 0.8
0.996931083966047 0.848298369450382 "experimento_21" 21 1500 1000 0.95 1 0.4 1 0.8
0.997437173500657 1.07597203886984 "experimento_21" 21 1500 1000 0.95 1 0.4 1 0.8
0.999086103402078 1.12498303807214 "experimento_21" 21 1500 1000 0.95 1 0.4 1 0.8
0.99749746802263 1.00394242035507 "experimento_21" 21 1500 1000 0.95 1 0.4 1 0.8
0.997717134654522 0.893272802650065 "experimento_21" 21 1500 1000 0.95 1 0.4 1 0.8
0.994907470652834 1.04863676057469 "experimento_21" 21 1500 1000 0.95 1 0.4 1 0.8
0.999529827851802 0.892906977858774 "experimento_21" 21 1500 1000 0.95 1 0.4 1 0.8
0.996154061285779 0.9436633099774 "experimento_21" 21 1500 1000 0.95 1 0.4 1 0.8
0.996404836885631 0.987522612142761 "experimento_21" 21 1500 1000 0.95 1 0.4 1 0.8
0.999710014089942 1.19819926698873 "experimento_21" 21 1500 1000 0.95 1 0.4 1 0.8
1.00599358456941 1.08485313946131 "experimento_21" 21 1500 1000 0.95 1 0.4 1 0.8
0.996528684627265 0.999764874559474 "experimento_21" 21 1500 1000 0.95 1 0.4 1 0.8
1.00351830711588 0.868685380398483 "experimento_21" 21 1500 1000 0.95 1 0.4 1 0.8
1.04827059339732 1.04062480214571 "experimento_21" 21 1500 1000 0.95 1 0.4 1 0.8
1.34376752466378 0.815523206197349 "experimento_21" 21 1500 1000 0.95 1 0.4 1 0.8
0.998939734650776 0.805712950971257 "experimento_21" 21 1500 1000 0.95 1 0.4 1 0.8
1.18683769693598 0.744287478981605 "experimento_21" 21 1500 1000 0.95 1 0.4 1 0.8
1.02133114030585 0.896059731502159 "experimento_21" 21 1500 1000 0.95 1 0.4 1 0.8
1.00149751966819 1.09662676567378 "experimento_21" 21 1500 1000 0.95 1 0.4 1 0.8
1.18397274281738 1.02873265717373 "experimento_21" 21 1500 1000 0.95 1 0.4 1 0.8
0.998830844648182 1.09809171230282 "experimento_21" 21 1500 1000 0.95 1 0.4 1 0.8
0.999092986108735 0.96430380213536 "experimento_21" 21 1500 1000 0.95 1 0.4 1 0.8
0.999350161990151 1.00160062662309 "experimento_21" 21 1500 1000 0.95 1 0.4 1 0.8
0.999417643761262 1.00817803934414 "experimento_21" 21 1500 1000 0.95 1 0.4 1 0.8
1.0944215413183 0.907866140156277 "experimento_21" 21 1500 1000 0.95 1 0.4 1 0.8
0.997182501479983 1.12070271033523 "experimento_21" 21 1500 1000 0.95 1 0.4 1 0.8
0.997292051324621 1.01024983167549 "experimento_21" 21 1500 1000 0.95 1 0.4 1 0.8
1.00196458514837 1.0011804506984 "experimento_21" 21 1500 1000 0.95 1 0.4 1 0.8
0.997905204305425 1.0842621372703 "experimento_21" 21 1500 1000 0.95 1 0.4 1 0.8
0.999648245284334 0.835785114819228 "experimento_21" 21 1500 1000 0.95 1 0.4 1 0.8
1.01043699071525 1.0123398191496 "experimento_21" 21 1500 1000 0.95 1 0.4 1 0.8
0.997748580994084 1.08533881416992 "experimento_21" 21 1500 1000 0.95 1 0.4 1 0.8
0.998509027529508 0.895182355154748 "experimento_21" 21 1500 1000 0.95 1 0.4 1 0.8
0.998420300427824 1.05037708183213 "experimento_21" 21 1500 1000 0.95 1 0.4 1 0.8
0.991599834291264 1.0549342032654 "experimento_21" 21 1500 1000 0.95 1 0.4 1 0.8
0.997758893761784 1.19719560809903 "experimento_21" 21 1500 1000 0.95 1 0.4 1 0.8
0.998169720871374 0.863502168484639 "experimento_21" 21 1500 1000 0.95 1 0.4 1 0.8
1.16457543242723 1.25828932051119 "experimento_21" 21 1500 1000 0.95 1 0.4 1 0.8
0.997938839253038 1.06735422703216 "experimento_21" 21 1500 1000 0.95 1 0.4 1 0.8
0.991120487218723 0.940303348467936 "experimento_21" 21 1500 1000 0.95 1 0.4 1 0.8
0.997578351991251 0.969568607043768 "experimento_21" 21 1500 1000 0.95 1 0.4 1 0.8
1.06933320313692 0.975394668145606 "experimento_21" 21 1500 1000 0.95 1 0.4 1 0.8
0.999437734019011 1.22200385861473 "experimento_21" 21 1500 1000 0.95 1 0.4 1 0.8
0.999734787037596 0.929357053873919 "experimento_21" 21 1500 1000 0.95 1 0.4 1 0.8
1.03225039142477 0.846107368745281 "experimento_21" 21 1500 1000 0.95 1 0.4 1 0.8
1.43688345327973 0.920750799162397 "experimento_21" 21 1500 1000 0.95 1 0.4 1 0.8
0.999681441346183 0.997268264601282 "experimento_21" 21 1500 1000 0.95 1 0.4 1 0.8
1.08252844586968 0.959940434601405 "experimento_21" 21 1500 1000 0.95 1 0.4 1 0.8
0.99791095755063 1.12355784530648 "experimento_21" 21 1500 1000 0.95 1 0.4 1 0.8
0.99803145439364 1.02609460040066 "experimento_21" 21 1500 1000 0.95 1 0.4 1 0.8
1.01337030204013 0.905231921132481 "experimento_21" 21 1500 1000 0.95 1 0.4 1 0.8
1.18701768910541 1.02831078839026 "experimento_21" 21 1500 1000 0.95 1 0.4 1 0.8
0.999852739274502 0.869048169006143 "experimento_21" 21 1500 1000 0.95 1 0.4 1 0.8
1.00685142553327 1.07228922704295 "experimento_21" 21 1500 1000 0.95 1 0.4 1 0.8
0.999983428278938 1.23598340774663 "experimento_21" 21 1500 1000 0.95 1 0.4 1 0.8
1.16220433181775 1.0515983399489 "experimento_21" 21 1500 1000 0.95 1 0.4 1 0.8
1.2624333976651 0.82429029255441 "experimento_21" 21 1500 1000 0.95 1 0.4 1 0.8
1.20593231961656 0.980181101465073 "experimento_21" 21 1500 1000 0.95 1 0.4 1 0.8
1.04969644639641 1.06377214175136 "experimento_21" 21 1500 1000 0.95 1 0.4 1 0.8
0.999480218160897 1.39847533908925 "experimento_21" 21 1500 1000 0.95 1 0.4 1 0.8
0.999780387384817 1.16767797027789 "experimento_21" 21 1500 1000 0.95 1 0.4 1 0.8
0.996439649257809 1.06495718310503 "experimento_21" 21 1500 1000 0.95 1 0.4 1 0.8
1.07693148418868 0.952852305471144 "experimento_21" 21 1500 1000 0.95 1 0.4 1 0.8
1.03215710924245 1.04584704032361 "experimento_21" 21 1500 1000 0.95 1 0.4 1 0.8
0.994258064776659 1.06595257597588 "experimento_21" 21 1500 1000 0.95 1 0.4 1 0.8
1.14019540883601 0.842893073906406 "experimento_21" 21 1500 1000 0.95 1 0.4 1 0.8
1.16622515255585 1.25698746790066 "experimento_21" 21 1500 1000 0.95 1 0.4 1 0.8
0.999870735686272 1.05516521481135 "experimento_21" 21 1500 1000 0.95 1 0.4 1 0.8
0.995817982591689 1.08336171601202 "experimento_21" 21 1500 1000 0.95 1 0.4 1 0.8
0.992523089749739 0.929926638639453 "experimento_21" 21 1500 1000 0.95 1 0.4 1 0.8
0.996302430983633 0.977237864612525 "experimento_21" 21 1500 1000 0.95 1 0.4 1 0.8
0.997709703631699 1.20386313258442 "experimento_21" 21 1500 1000 0.95 1 0.4 1 0.8
0.999863518634811 1.01661327983903 "experimento_21" 21 1500 1000 0.95 1 0.4 1 0.8
0.999809183180332 1.06697462797159 "experimento_21" 21 1500 1000 0.95 1 0.4 1 0.8
1.3069141600281 1.04283769737509 "experimento_21" 21 1500 1000 0.95 1 0.4 1 0.8
0.992683129385114 1.11730212012724 "experimento_21" 21 1500 1000 0.95 1 0.4 1 0.8
0.999115273589268 1.08196731006432 "experimento_21" 21 1500 1000 0.95 1 0.4 1 0.8
0.99852077011019 0.933575172279996 "experimento_21" 21 1500 1000 0.95 1 0.4 1 0.8
0.997380929067731 1.07152314610042 "experimento_21" 21 1500 1000 0.95 1 0.4 1 0.8
0.99963140161708 0.966088876842902 "experimento_21" 21 1500 1000 0.95 1 0.4 1 0.8
0.997250373009592 1.05727274885207 "experimento_21" 21 1500 1000 0.95 1 0.4 1 0.8
0.998457934474573 0.970248398391539 "experimento_21" 21 1500 1000 0.95 1 0.4 1 0.8
1.19044655561447 0.919060643581728 "experimento_21" 21 1500 1000 0.95 1 0.4 1 0.8
0.994301449041814 1.03220198244137 "experimento_21" 21 1500 1000 0.95 1 0.4 1 0.8
1.60233687888831 1.35268403922061 "experimento_21" 21 1500 1000 0.95 1 0.4 1 0.8
1.11840805551037 0.877850697421241 "experimento_21" 21 1500 1000 0.95 1 0.4 1 0.8
0.999326238874346 0.950439333804432 "experimento_21" 21 1500 1000 0.95 1 0.4 1 0.8
0.998958826297894 1.12175470010643 "experimento_21" 21 1500 1000 0.95 1 0.4 1 0.8
0.996591594070196 0.960001379219992 "experimento_21" 21 1500 1000 0.95 1 0.4 1 0.8
1.0325058507733 1.15636757448867 "experimento_21" 21 1500 1000 0.95 1 0.4 1 0.8
0.999255849514157 0.957510407425125 "experimento_21" 21 1500 1000 0.95 1 0.4 1 0.8
1.41712148534134 0.911674823166507 "experimento_21" 21 1500 1000 0.95 1 0.4 1 0.8
1.15811477507972 0.955347146294197 "experimento_21" 21 1500 1000 0.95 1 0.4 1 0.8
0.998347856802866 1.10633114063971 "experimento_21" 21 1500 1000 0.95 1 0.4 1 0.8
0.997607956873253 1.07531988175275 "experimento_21" 21 1500 1000 0.95 1 0.4 1 0.8
0.998863972490653 1.04939420771451 "experimento_21" 21 1500 1000 0.95 1 0.4 1 0.8
1.0195512063974 1.19713285383155 "experimento_21" 21 1500 1000 0.95 1 0.4 1 0.8
1.00635795440154 0.951399781819488 "experimento_21" 21 1500 1000 0.95 1 0.4 1 0.8
0.99966683704406 0.883759640453701 "experimento_21" 21 1500 1000 0.95 1 0.4 1 0.8
0.999931942438707 1.08874935656637 "experimento_21" 21 1500 1000 0.95 1 0.4 1 0.8
0.996093374909833 1.18922167115079 "experimento_21" 21 1500 1000 0.95 1 0.4 1 0.8
0.997088950127363 1.10900167431986 "experimento_21" 21 1500 1000 0.95 1 0.4 1 0.8
0.998438583919778 0.915206652732218 "experimento_21" 21 1500 1000 0.95 1 0.4 1 0.8
0.998676060233265 1.53623511900848 "experimento_21" 21 1500 1000 0.95 1 0.4 1 0.8
0.996843339176849 1.33908463120571 "experimento_21" 21 1500 1000 0.95 1 0.4 1 0.8
0.993072569835931 1.00617143227764 "experimento_21" 21 1500 1000 0.95 1 0.4 1 0.8
0.997291988693178 1.01947028089605 "experimento_21" 21 1500 1000 0.95 1 0.4 1 0.8
0.99547935416922 0.986532223512783 "experimento_21" 21 1500 1000 0.95 1 0.4 1 0.8
0.996258300729096 0.966845685623528 "experimento_21" 21 1500 1000 0.95 1 0.4 1 0.8
1.52031913166866 0.809662614739972 "experimento_21" 21 1500 1000 0.95 1 0.4 1 0.8
0.997811986831948 0.924088438787301 "experimento_21" 21 1500 1000 0.95 1 0.4 1 0.8
0.99581547267735 1.03420093272993 "experimento_21" 21 1500 1000 0.95 1 0.4 1 0.8
1.01126067526639 1.21116616823246 "experimento_21" 21 1500 1000 0.95 1 0.4 1 0.8
0.998992281733081 1.11441214205846 "experimento_21" 21 1500 1000 0.95 1 0.4 1 0.8
0.996017233002931 1.19752070942249 "experimento_21" 21 1500 1000 0.95 1 0.4 1 0.8
1.05853498494253 1.04206731967481 "experimento_21" 21 1500 1000 0.95 1 0.4 1 0.8
0.998461990850046 1.02095930665139 "experimento_21" 21 1500 1000 0.95 1 0.4 1 0.8
0.998794893734157 1.0131508376057 "experimento_21" 21 1500 1000 0.95 1 0.4 1 0.8
0.994936158182099 1.09509345680314 "experimento_21" 21 1500 1000 0.95 1 0.4 1 0.8
0.999525582417846 1.03178901583987 "experimento_21" 21 1500 1000 0.95 1 0.4 1 0.8
1.04263342637569 0.886317070836568 "experimento_21" 21 1500 1000 0.95 1 0.4 1 0.8
1.04131298814825 0.834405002426964 "experimento_21" 21 1500 1000 0.95 1 0.4 1 0.8
1.00172950317795 0.919625113332568 "experimento_21" 21 1500 1000 0.95 1 0.4 1 0.8
1.48178627664339 0.716971279362059 "experimento_21" 21 1500 1000 0.95 1 0.4 1 0.8
0.997775842901319 1.10934762743629 "experimento_21" 21 1500 1000 0.95 1 0.4 1 0.8
0.997986150206998 1.03658514494653 "experimento_21" 21 1500 1000 0.95 1 0.4 1 0.8
1.00181441007739 1.08480351145496 "experimento_21" 21 1500 1000 0.95 1 0.4 1 0.8
0.995104528032243 0.922587857688701 "experimento_21" 21 1500 1000 0.95 1 0.4 1 0.8
1.39980538982376 0.783794511228385 "experimento_21" 21 1500 1000 0.95 1 0.4 1 0.8
1.773415915626 1.32422390212668 "experimento_21" 21 1500 1000 0.95 1 0.4 1 0.8
1.25756768928841 0.678404488804026 "experimento_21" 21 1500 1000 0.95 1 0.4 1 0.8
1.00112505443394 0.927937282919481 "experimento_21" 21 1500 1000 0.95 1 0.4 1 0.8
0.997073955601081 1.22889833876387 "experimento_21" 21 1500 1000 0.95 1 0.4 1 0.8
0.999591129133478 1.09985847501365 "experimento_21" 21 1500 1000 0.95 1 0.4 1 0.8
0.998145730933174 1.22784387730733 "experimento_21" 21 1500 1000 0.95 1 0.4 1 0.8
0.99873082456179 1.12648229426274 "experimento_21" 21 1500 1000 0.95 1 0.4 1 0.8
0.999971949262545 1.12839591204042 "experimento_21" 21 1500 1000 0.95 1 0.4 1 0.8
0.999102606903762 0.986362426931864 "experimento_21" 21 1500 1000 0.95 1 0.4 1 0.8
1.04727532872938 1.00386993684696 "experimento_21" 21 1500 1000 0.95 1 0.4 1 0.8
1.14115554606542 1.16696490211992 "experimento_21" 21 1500 1000 0.95 1 0.4 1 0.8
0.999920184025541 0.836970888563638 "experimento_21" 21 1500 1000 0.95 1 0.4 1 0.8
1.00365859698381 0.977688261030491 "experimento_21" 21 1500 1000 0.95 1 0.4 1 0.8
0.993866620352492 0.979829654619234 "experimento_21" 21 1500 1000 0.95 1 0.4 1 0.8
0.998208376346156 0.979177573963892 "experimento_21" 21 1500 1000 0.95 1 0.4 1 0.8
0.995539456605911 1.17155154676596 "experimento_21" 21 1500 1000 0.95 1 0.4 1 0.8
0.997421809472144 1.03344801394201 "experimento_21" 21 1500 1000 0.95 1 0.4 1 0.8
1.03068025177345 1.2317456528625 "experimento_21" 21 1500 1000 0.95 1 0.4 1 0.8
0.994368286104873 1.14231844504388 "experimento_21" 21 1500 1000 0.95 1 0.4 1 0.8
1.18177588377148 1.21787455676415 "experimento_21" 21 1500 1000 0.95 1 0.4 1 0.8
0.999956511426717 0.821717664114978 "experimento_21" 21 1500 1000 0.95 1 0.4 1 0.8
0.999814161099494 0.998896291208225 "experimento_21" 21 1500 1000 0.95 1 0.4 1 0.8
1.22683648578823 1.16933283962406 "experimento_21" 21 1500 1000 0.95 1 0.4 1 0.8
1.72362600355865 0.667702119547857 "experimento_21" 21 1500 1000 0.95 1 0.4 1 0.8
0.997444442706183 0.87263018432309 "experimento_21" 21 1500 1000 0.95 1 0.4 1 0.8
0.990484132897109 1.17393577629168 "experimento_21" 21 1500 1000 0.95 1 0.4 1 0.8
0.993537588277832 1.02618890345413 "experimento_21" 21 1500 1000 0.95 1 0.4 1 0.8
0.997100157663226 1.09385359478258 "experimento_21" 21 1500 1000 0.95 1 0.4 1 0.8
0.9985410887748 0.993703890377802 "experimento_21" 21 1500 1000 0.95 1 0.4 1 0.8
1.07089174373483 0.924601112313007 "experimento_21" 21 1500 1000 0.95 1 0.4 1 0.8
0.999051803257316 1.00177060080593 "experimento_21" 21 1500 1000 0.95 1 0.4 1 0.8
1.14808510172927 0.817222772195369 "experimento_21" 21 1500 1000 0.95 1 0.4 1 0.8
0.996483897790313 1.03121100033115 "experimento_21" 21 1500 1000 0.95 1 0.4 1 0.8
0.999330195831135 0.958943435172332 "experimento_21" 21 1500 1000 0.95 1 0.4 1 0.8
0.999460153281689 1.03278787786662 "experimento_21" 21 1500 1000 0.95 1 0.4 1 0.8
1.01265732757747 1.26860123511207 "experimento_21" 21 1500 1000 0.95 1 0.4 1 0.8
1.20651482154175 0.869946395267453 "experimento_21" 21 1500 1000 0.95 1 0.4 1 0.8
0.997143737273291 1.12863370524546 "experimento_21" 21 1500 1000 0.95 1 0.4 1 0.8
0.996978897834197 1.03321544439838 "experimento_21" 21 1500 1000 0.95 1 0.4 1 0.8
0.999484976055101 1.14364739674217 "experimento_21" 21 1500 1000 0.95 1 0.4 1 0.8
0.998484134208411 1.13246997101737 "experimento_21" 21 1500 1000 0.95 1 0.4 1 0.8
0.997747889487073 1.15502557965304 "experimento_21" 21 1500 1000 0.95 1 0.4 1 0.8
1.04778632381931 0.976317124098754 "experimento_21" 21 1500 1000 0.95 1 0.4 1 0.8
0.999964834190905 1.22238365444499 "experimento_21" 21 1500 1000 0.95 1 0.4 1 0.8
1.07782569760457 0.999992738282002 "experimento_21" 21 1500 1000 0.95 1 0.4 1 0.8
1.23068452859297 1.03570052844731 "experimento_21" 21 1500 1000 0.95 1 0.4 1 0.8
1.59264236968011 0.670198033491072 "experimento_21" 21 1500 1000 0.95 1 0.4 1 0.8
1.02958203153685 0.941146471039334 "experimento_21" 21 1500 1000 0.95 1 0.4 1 0.8
0.998121846001595 1.0905517894468 "experimento_21" 21 1500 1000 0.95 1 0.4 1 0.8
0.999491453869268 1.09808995296921 "experimento_21" 21 1500 1000 0.95 1 0.4 1 0.8
0.998041072394699 1.05402897882143 "experimento_21" 21 1500 1000 0.95 1 0.4 1 0.8
0.996180853340775 1.32644128494222 "experimento_21" 21 1500 1000 0.95 1 0.4 1 0.8
1.25718248775229 0.976598636504306 "experimento_21" 21 1500 1000 0.95 1 0.4 1 0.8
0.997653063386679 1.01708314639604 "experimento_21" 21 1500 1000 0.95 1 0.4 1 0.8
0.996710747014731 0.911195199477919 "experimento_21" 21 1500 1000 0.95 1 0.4 1 0.8
1.19515272050589 1.04325511600887 "experimento_21" 21 1500 1000 0.95 1 0.4 1 0.8
1.06944247335196 0.955876459506193 "experimento_21" 21 1500 1000 0.95 1 0.4 1 0.8
1.12175370682779 1.06363220927205 "experimento_21" 21 1500 1000 0.95 1 0.4 1 0.8
1.01004828146798 0.916629126876097 "experimento_21" 21 1500 1000 0.95 1 0.4 1 0.8
0.997330459067598 1.07111496309697 "experimento_21" 21 1500 1000 0.95 1 0.4 1 0.8
0.997849264647812 1.26472358203789 "experimento_21" 21 1500 1000 0.95 1 0.4 1 0.8
1.0726246035782 1.07436792406671 "experimento_21" 21 1500 1000 0.95 1 0.4 1 0.8
0.993949848227203 1.26439381389651 "experimento_21" 21 1500 1000 0.95 1 0.4 1 0.8
1.1156577989459 1.00851399873425 "experimento_21" 21 1500 1000 0.95 1 0.4 1 0.8
1.07006956760332 1.24554097945836 "experimento_21" 21 1500 1000 0.95 1 0.4 1 0.8
1.05314757724335 0.857968895912524 "experimento_21" 21 1500 1000 0.95 1 0.4 1 0.8
0.999729972332716 0.947729222308853 "experimento_21" 21 1500 1000 0.95 1 0.4 1 0.8
1.03900087345392 0.895977021323293 "experimento_21" 21 1500 1000 0.95 1 0.4 1 0.8
1.02813284751028 0.910771251662859 "experimento_21" 21 1500 1000 0.95 1 0.4 1 0.8
0.999986652983353 1.01812527606022 "experimento_21" 21 1500 1000 0.95 1 0.4 1 0.8
0.998880762141198 1.14846596806776 "experimento_21" 21 1500 1000 0.95 1 0.4 1 0.8
