"est.u" "est.lamb" "name" "seed" "size" "replicates" "p_umbral" "exp_lambda" "alpha_pen" "n_pen" "c"
0.994041949510574 9.77323394523633 "experimento_28" 28 2000 1000 0.8 10 0.4 1 0.8
1.02118155539918 9.33427956954125 "experimento_28" 28 2000 1000 0.8 10 0.4 1 0.8
0.998310822760686 9.44749985308523 "experimento_28" 28 2000 1000 0.8 10 0.4 1 0.8
1.01653160896107 10.4875789650549 "experimento_28" 28 2000 1000 0.8 10 0.4 1 0.8
1.00340922055766 9.52265231837445 "experimento_28" 28 2000 1000 0.8 10 0.4 1 0.8
0.991798496572301 9.7059227753444 "experimento_28" 28 2000 1000 0.8 10 0.4 1 0.8
0.997291293926537 10.3956998898747 "experimento_28" 28 2000 1000 0.8 10 0.4 1 0.8
1.00894334823824 9.76241426667842 "experimento_28" 28 2000 1000 0.8 10 0.4 1 0.8
0.998410184169188 9.76288839048046 "experimento_28" 28 2000 1000 0.8 10 0.4 1 0.8
0.99917931528762 10.4351893818214 "experimento_28" 28 2000 1000 0.8 10 0.4 1 0.8
1.00215826975182 9.72778525878363 "experimento_28" 28 2000 1000 0.8 10 0.4 1 0.8
1.0687741830945 10.0837392170089 "experimento_28" 28 2000 1000 0.8 10 0.4 1 0.8
1.00432055148132 8.99503564429724 "experimento_28" 28 2000 1000 0.8 10 0.4 1 0.8
0.995129111455753 10.3721839368713 "experimento_28" 28 2000 1000 0.8 10 0.4 1 0.8
0.997812561923638 9.77415271159607 "experimento_28" 28 2000 1000 0.8 10 0.4 1 0.8
1.03691361621022 9.12628033577164 "experimento_28" 28 2000 1000 0.8 10 0.4 1 0.8
1.00213996379145 9.1534990112253 "experimento_28" 28 2000 1000 0.8 10 0.4 1 0.8
0.994222849840298 10.1554577974451 "experimento_28" 28 2000 1000 0.8 10 0.4 1 0.8
0.998035334283486 9.93235342415563 "experimento_28" 28 2000 1000 0.8 10 0.4 1 0.8
0.998241310706362 8.80736244901947 "experimento_28" 28 2000 1000 0.8 10 0.4 1 0.8
1.0343172185123 8.92988656402603 "experimento_28" 28 2000 1000 0.8 10 0.4 1 0.8
0.999999462626874 10.3979338154804 "experimento_28" 28 2000 1000 0.8 10 0.4 1 0.8
0.998396252281964 9.90767380618654 "experimento_28" 28 2000 1000 0.8 10 0.4 1 0.8
1.00713729697111 10.6321611790617 "experimento_28" 28 2000 1000 0.8 10 0.4 1 0.8
0.991613097023219 9.44720762469158 "experimento_28" 28 2000 1000 0.8 10 0.4 1 0.8
1.019592638826 8.75073670820892 "experimento_28" 28 2000 1000 0.8 10 0.4 1 0.8
0.994381585624069 10.8824363359336 "experimento_28" 28 2000 1000 0.8 10 0.4 1 0.8
1.00466558979824 10.3918146464503 "experimento_28" 28 2000 1000 0.8 10 0.4 1 0.8
0.997666870243847 9.89067222701644 "experimento_28" 28 2000 1000 0.8 10 0.4 1 0.8
0.995807938743383 10.1305421682114 "experimento_28" 28 2000 1000 0.8 10 0.4 1 0.8
0.998140099458396 9.43679615336672 "experimento_28" 28 2000 1000 0.8 10 0.4 1 0.8
0.995878722518682 9.63713345896374 "experimento_28" 28 2000 1000 0.8 10 0.4 1 0.8
0.99617416318506 10.4574838498045 "experimento_28" 28 2000 1000 0.8 10 0.4 1 0.8
1.00009729034651 9.84856131883595 "experimento_28" 28 2000 1000 0.8 10 0.4 1 0.8
1.00065737538971 9.93191006832898 "experimento_28" 28 2000 1000 0.8 10 0.4 1 0.8
0.996245481073856 9.44528850752587 "experimento_28" 28 2000 1000 0.8 10 0.4 1 0.8
1.02579868966714 9.67895015082324 "experimento_28" 28 2000 1000 0.8 10 0.4 1 0.8
0.999776844400913 10.4770630347251 "experimento_28" 28 2000 1000 0.8 10 0.4 1 0.8
1.02318537278304 10.2163749066423 "experimento_28" 28 2000 1000 0.8 10 0.4 1 0.8
0.999880898511037 9.82358201151551 "experimento_28" 28 2000 1000 0.8 10 0.4 1 0.8
1.06393208401278 10.1184099999831 "experimento_28" 28 2000 1000 0.8 10 0.4 1 0.8
1.00070931171067 9.17806429276121 "experimento_28" 28 2000 1000 0.8 10 0.4 1 0.8
0.997390868142247 10.2283748087805 "experimento_28" 28 2000 1000 0.8 10 0.4 1 0.8
1.00061631463468 11.2833971925064 "experimento_28" 28 2000 1000 0.8 10 0.4 1 0.8
0.995343276532367 9.70074006560949 "experimento_28" 28 2000 1000 0.8 10 0.4 1 0.8
1.00056493221782 10.2871215350286 "experimento_28" 28 2000 1000 0.8 10 0.4 1 0.8
1.00790120234954 10.1377724885153 "experimento_28" 28 2000 1000 0.8 10 0.4 1 0.8
1.00129578206688 9.61505144782475 "experimento_28" 28 2000 1000 0.8 10 0.4 1 0.8
1.00656665051356 9.91981572376706 "experimento_28" 28 2000 1000 0.8 10 0.4 1 0.8
1.07120499014369 8.67905310323312 "experimento_28" 28 2000 1000 0.8 10 0.4 1 0.8
1.00289461296203 10.0003328815252 "experimento_28" 28 2000 1000 0.8 10 0.4 1 0.8
0.986545954830945 8.74498764785323 "experimento_28" 28 2000 1000 0.8 10 0.4 1 0.8
1.00074287136085 11.5659022629235 "experimento_28" 28 2000 1000 0.8 10 0.4 1 0.8
1.02354499561018 11.4652705410407 "experimento_28" 28 2000 1000 0.8 10 0.4 1 0.8
1.02832473707385 9.79383212167408 "experimento_28" 28 2000 1000 0.8 10 0.4 1 0.8
1.04709666008939 9.98168803391744 "experimento_28" 28 2000 1000 0.8 10 0.4 1 0.8
0.993482331512496 9.26462183847379 "experimento_28" 28 2000 1000 0.8 10 0.4 1 0.8
0.998497184365988 9.80975221610541 "experimento_28" 28 2000 1000 0.8 10 0.4 1 0.8
1.01047516971405 9.1082727518439 "experimento_28" 28 2000 1000 0.8 10 0.4 1 0.8
1.00985890280751 10.5041452602097 "experimento_28" 28 2000 1000 0.8 10 0.4 1 0.8
1.02232887789059 9.814658421013 "experimento_28" 28 2000 1000 0.8 10 0.4 1 0.8
0.996081478893757 9.40345241038085 "experimento_28" 28 2000 1000 0.8 10 0.4 1 0.8
0.989938267040998 8.60308645137797 "experimento_28" 28 2000 1000 0.8 10 0.4 1 0.8
0.999561786884442 10.0404472439693 "experimento_28" 28 2000 1000 0.8 10 0.4 1 0.8
1.00357077158988 10.2378764382089 "experimento_28" 28 2000 1000 0.8 10 0.4 1 0.8
0.992359403986484 10.2141954044355 "experimento_28" 28 2000 1000 0.8 10 0.4 1 0.8
1.00814693383873 10.0271016637094 "experimento_28" 28 2000 1000 0.8 10 0.4 1 0.8
1.0244314970645 10.9057509412296 "experimento_28" 28 2000 1000 0.8 10 0.4 1 0.8
0.995013533392921 10.0861629802523 "experimento_28" 28 2000 1000 0.8 10 0.4 1 0.8
1.00409798347391 10.1443240494645 "experimento_28" 28 2000 1000 0.8 10 0.4 1 0.8
0.997534851776436 10.5216092169207 "experimento_28" 28 2000 1000 0.8 10 0.4 1 0.8
0.999540418852121 10.3782749939044 "experimento_28" 28 2000 1000 0.8 10 0.4 1 0.8
1.00714044631459 9.8747123473766 "experimento_28" 28 2000 1000 0.8 10 0.4 1 0.8
1.012489904467 9.95884933395385 "experimento_28" 28 2000 1000 0.8 10 0.4 1 0.8
0.992276390083134 9.58885447575074 "experimento_28" 28 2000 1000 0.8 10 0.4 1 0.8
1.01627075830475 10.7691694618129 "experimento_28" 28 2000 1000 0.8 10 0.4 1 0.8
0.99620567727834 9.31820031555001 "experimento_28" 28 2000 1000 0.8 10 0.4 1 0.8
1.03067711780683 11.2904003156553 "experimento_28" 28 2000 1000 0.8 10 0.4 1 0.8
0.998031571041793 10.4906706035233 "experimento_28" 28 2000 1000 0.8 10 0.4 1 0.8
1.01531109316275 10.6047383700354 "experimento_28" 28 2000 1000 0.8 10 0.4 1 0.8
0.996666280552745 9.93362823221741 "experimento_28" 28 2000 1000 0.8 10 0.4 1 0.8
0.998054474126548 10.8212464096716 "experimento_28" 28 2000 1000 0.8 10 0.4 1 0.8
0.995630381628871 9.30945086912192 "experimento_28" 28 2000 1000 0.8 10 0.4 1 0.8
1.04540383279421 9.86465734870621 "experimento_28" 28 2000 1000 0.8 10 0.4 1 0.8
1.00676577328704 10.9852321407706 "experimento_28" 28 2000 1000 0.8 10 0.4 1 0.8
0.995747919660062 9.01021861113982 "experimento_28" 28 2000 1000 0.8 10 0.4 1 0.8
1.01433571325615 10.3227699630601 "experimento_28" 28 2000 1000 0.8 10 0.4 1 0.8
0.998388027772307 10.3674578799286 "experimento_28" 28 2000 1000 0.8 10 0.4 1 0.8
1.00052026016638 10.001335710644 "experimento_28" 28 2000 1000 0.8 10 0.4 1 0.8
0.998555120546371 9.36684148629702 "experimento_28" 28 2000 1000 0.8 10 0.4 1 0.8
1.02092220517807 11.3066778219017 "experimento_28" 28 2000 1000 0.8 10 0.4 1 0.8
1.0548661087174 11.0890766226485 "experimento_28" 28 2000 1000 0.8 10 0.4 1 0.8
1.05253831916489 9.21526189055382 "experimento_28" 28 2000 1000 0.8 10 0.4 1 0.8
1.00471363537945 9.63061131651359 "experimento_28" 28 2000 1000 0.8 10 0.4 1 0.8
0.999441289110109 9.61526282576194 "experimento_28" 28 2000 1000 0.8 10 0.4 1 0.8
1.07489833033338 11.7941630034677 "experimento_28" 28 2000 1000 0.8 10 0.4 1 0.8
1.00205039687402 10.9877668278741 "experimento_28" 28 2000 1000 0.8 10 0.4 1 0.8
0.994757601991296 9.65329194922882 "experimento_28" 28 2000 1000 0.8 10 0.4 1 0.8
1.00156735913119 10.6376913947366 "experimento_28" 28 2000 1000 0.8 10 0.4 1 0.8
0.99491947889328 9.84991332081553 "experimento_28" 28 2000 1000 0.8 10 0.4 1 0.8
0.994629240594804 9.92973698327574 "experimento_28" 28 2000 1000 0.8 10 0.4 1 0.8
0.999374136095867 9.97473217251525 "experimento_28" 28 2000 1000 0.8 10 0.4 1 0.8
0.998033669544384 9.51639216671398 "experimento_28" 28 2000 1000 0.8 10 0.4 1 0.8
0.995919905137271 10.1704461646947 "experimento_28" 28 2000 1000 0.8 10 0.4 1 0.8
1.00046296035871 10.1356379428672 "experimento_28" 28 2000 1000 0.8 10 0.4 1 0.8
1.01519434270449 10.0663867687568 "experimento_28" 28 2000 1000 0.8 10 0.4 1 0.8
0.996641621692106 10.5806601602433 "experimento_28" 28 2000 1000 0.8 10 0.4 1 0.8
1.00087850484997 11.1739408804984 "experimento_28" 28 2000 1000 0.8 10 0.4 1 0.8
1.00078691523194 10.2290272012969 "experimento_28" 28 2000 1000 0.8 10 0.4 1 0.8
1.0010745866229 11.0511618714155 "experimento_28" 28 2000 1000 0.8 10 0.4 1 0.8
0.995297119487077 9.95814582917388 "experimento_28" 28 2000 1000 0.8 10 0.4 1 0.8
1.03307926802467 9.58958630320699 "experimento_28" 28 2000 1000 0.8 10 0.4 1 0.8
1.00023666689297 10.3618475697791 "experimento_28" 28 2000 1000 0.8 10 0.4 1 0.8
0.995476708281785 9.95282815356251 "experimento_28" 28 2000 1000 0.8 10 0.4 1 0.8
0.996681217569858 9.83385361322335 "experimento_28" 28 2000 1000 0.8 10 0.4 1 0.8
1.02836593757384 9.69001629259656 "experimento_28" 28 2000 1000 0.8 10 0.4 1 0.8
1.02899785055779 9.83975778695624 "experimento_28" 28 2000 1000 0.8 10 0.4 1 0.8
1.00009727198631 9.98970689586961 "experimento_28" 28 2000 1000 0.8 10 0.4 1 0.8
0.998918850906193 9.80212739696916 "experimento_28" 28 2000 1000 0.8 10 0.4 1 0.8
1.01645454594915 10.4403378362864 "experimento_28" 28 2000 1000 0.8 10 0.4 1 0.8
0.999773730058223 9.70807408743639 "experimento_28" 28 2000 1000 0.8 10 0.4 1 0.8
1.00249783882539 10.2764761374634 "experimento_28" 28 2000 1000 0.8 10 0.4 1 0.8
1.00268414411694 9.18250054167391 "experimento_28" 28 2000 1000 0.8 10 0.4 1 0.8
0.997749815927818 10.2016351057123 "experimento_28" 28 2000 1000 0.8 10 0.4 1 0.8
1.01288964143904 11.0016096251836 "experimento_28" 28 2000 1000 0.8 10 0.4 1 0.8
1.01107301738912 11.0261807188881 "experimento_28" 28 2000 1000 0.8 10 0.4 1 0.8
0.998558242339641 9.6632292694902 "experimento_28" 28 2000 1000 0.8 10 0.4 1 0.8
0.995807967148721 10.0631845814048 "experimento_28" 28 2000 1000 0.8 10 0.4 1 0.8
0.99753357633017 9.91122698817944 "experimento_28" 28 2000 1000 0.8 10 0.4 1 0.8
1.02441839706153 9.40544797176847 "experimento_28" 28 2000 1000 0.8 10 0.4 1 0.8
0.995568296639249 10.0392019643641 "experimento_28" 28 2000 1000 0.8 10 0.4 1 0.8
1.00779941943474 9.5833168495228 "experimento_28" 28 2000 1000 0.8 10 0.4 1 0.8
1.00551978094069 10.4429431643521 "experimento_28" 28 2000 1000 0.8 10 0.4 1 0.8
0.995916921179742 10.6385046419788 "experimento_28" 28 2000 1000 0.8 10 0.4 1 0.8
1.00447925166227 9.60472213842725 "experimento_28" 28 2000 1000 0.8 10 0.4 1 0.8
0.993702535983175 9.46194778593075 "experimento_28" 28 2000 1000 0.8 10 0.4 1 0.8
1.01818201348599 12.5051340988681 "experimento_28" 28 2000 1000 0.8 10 0.4 1 0.8
0.99970310437493 10.1345779293894 "experimento_28" 28 2000 1000 0.8 10 0.4 1 0.8
0.997922304784879 10.1557328028424 "experimento_28" 28 2000 1000 0.8 10 0.4 1 0.8
1.06640176470391 10.8149504213314 "experimento_28" 28 2000 1000 0.8 10 0.4 1 0.8
1.00220381496474 9.24518449410499 "experimento_28" 28 2000 1000 0.8 10 0.4 1 0.8
0.999921418726444 9.59936680579016 "experimento_28" 28 2000 1000 0.8 10 0.4 1 0.8
1.04680196410045 10.2555080594721 "experimento_28" 28 2000 1000 0.8 10 0.4 1 0.8
0.996603329433128 9.98723605819757 "experimento_28" 28 2000 1000 0.8 10 0.4 1 0.8
1.0010593927931 9.77855541436551 "experimento_28" 28 2000 1000 0.8 10 0.4 1 0.8
1.04599194023758 9.567445660735 "experimento_28" 28 2000 1000 0.8 10 0.4 1 0.8
1.07485097956384 10.7471477997082 "experimento_28" 28 2000 1000 0.8 10 0.4 1 0.8
1.05701607903466 10.3254943034161 "experimento_28" 28 2000 1000 0.8 10 0.4 1 0.8
1.01484916093759 9.99266576055849 "experimento_28" 28 2000 1000 0.8 10 0.4 1 0.8
1.00023017035181 10.2531815309929 "experimento_28" 28 2000 1000 0.8 10 0.4 1 0.8
1.03180061709136 10.5033931346706 "experimento_28" 28 2000 1000 0.8 10 0.4 1 0.8
1.00068471278064 10.1795141258965 "experimento_28" 28 2000 1000 0.8 10 0.4 1 0.8
1.00143990563229 10.4971034435873 "experimento_28" 28 2000 1000 0.8 10 0.4 1 0.8
0.999960825545713 10.3504883759391 "experimento_28" 28 2000 1000 0.8 10 0.4 1 0.8
1.04744911480021 10.5474020439688 "experimento_28" 28 2000 1000 0.8 10 0.4 1 0.8
0.997608499368653 10.1297290826641 "experimento_28" 28 2000 1000 0.8 10 0.4 1 0.8
0.999149108305573 10.6931314828585 "experimento_28" 28 2000 1000 0.8 10 0.4 1 0.8
0.993124238448218 9.27755633477786 "experimento_28" 28 2000 1000 0.8 10 0.4 1 0.8
1.00087430565618 10.6650131653124 "experimento_28" 28 2000 1000 0.8 10 0.4 1 0.8
1.00059428132095 10.3933231896411 "experimento_28" 28 2000 1000 0.8 10 0.4 1 0.8
1.00457841044152 9.8729110723985 "experimento_28" 28 2000 1000 0.8 10 0.4 1 0.8
0.998200234491378 9.9471998277233 "experimento_28" 28 2000 1000 0.8 10 0.4 1 0.8
0.999758610036224 10.4500720056961 "experimento_28" 28 2000 1000 0.8 10 0.4 1 0.8
1.04369625146501 9.43780798928701 "experimento_28" 28 2000 1000 0.8 10 0.4 1 0.8
1.09175035388418 11.9480169888375 "experimento_28" 28 2000 1000 0.8 10 0.4 1 0.8
0.995549190789461 10.4054606389391 "experimento_28" 28 2000 1000 0.8 10 0.4 1 0.8
1.00058702002279 10.3024404572993 "experimento_28" 28 2000 1000 0.8 10 0.4 1 0.8
1.00132180806249 10.3797532851226 "experimento_28" 28 2000 1000 0.8 10 0.4 1 0.8
0.999125162139535 11.0613726192184 "experimento_28" 28 2000 1000 0.8 10 0.4 1 0.8
0.997528945328668 10.0423012309901 "experimento_28" 28 2000 1000 0.8 10 0.4 1 0.8
1.00331792651033 10.6810309431684 "experimento_28" 28 2000 1000 0.8 10 0.4 1 0.8
0.998267800547183 10.6244733324034 "experimento_28" 28 2000 1000 0.8 10 0.4 1 0.8
0.996821532724425 9.93498976299241 "experimento_28" 28 2000 1000 0.8 10 0.4 1 0.8
0.999311416177079 10.367810813071 "experimento_28" 28 2000 1000 0.8 10 0.4 1 0.8
1.0675455135759 11.0815325533495 "experimento_28" 28 2000 1000 0.8 10 0.4 1 0.8
0.999204374849796 10.0018541945932 "experimento_28" 28 2000 1000 0.8 10 0.4 1 0.8
1.03843593382734 10.2377151487256 "experimento_28" 28 2000 1000 0.8 10 0.4 1 0.8
1.02076042131521 10.1546285905289 "experimento_28" 28 2000 1000 0.8 10 0.4 1 0.8
1.01305636508519 9.82311211661276 "experimento_28" 28 2000 1000 0.8 10 0.4 1 0.8
0.99587541539222 9.69809706248624 "experimento_28" 28 2000 1000 0.8 10 0.4 1 0.8
0.996933049056679 9.40557274486256 "experimento_28" 28 2000 1000 0.8 10 0.4 1 0.8
0.999580249190331 10.6237887803117 "experimento_28" 28 2000 1000 0.8 10 0.4 1 0.8
0.999850372318178 10.3939906818978 "experimento_28" 28 2000 1000 0.8 10 0.4 1 0.8
1.00059140765126 10.9289494704947 "experimento_28" 28 2000 1000 0.8 10 0.4 1 0.8
0.997404497815296 10.105944705404 "experimento_28" 28 2000 1000 0.8 10 0.4 1 0.8
0.999453078722581 10.1075097728896 "experimento_28" 28 2000 1000 0.8 10 0.4 1 0.8
0.999110701493919 10.13330490059 "experimento_28" 28 2000 1000 0.8 10 0.4 1 0.8
0.999706535367295 9.76506230609807 "experimento_28" 28 2000 1000 0.8 10 0.4 1 0.8
0.998654420953244 10.0327678007641 "experimento_28" 28 2000 1000 0.8 10 0.4 1 0.8
1.00014240750285 9.77501676505662 "experimento_28" 28 2000 1000 0.8 10 0.4 1 0.8
1.05899714571424 10.5763989216784 "experimento_28" 28 2000 1000 0.8 10 0.4 1 0.8
0.996106809470803 9.99578362232497 "experimento_28" 28 2000 1000 0.8 10 0.4 1 0.8
1.00633232514374 9.70954355515547 "experimento_28" 28 2000 1000 0.8 10 0.4 1 0.8
0.999483265215531 10.8348962168168 "experimento_28" 28 2000 1000 0.8 10 0.4 1 0.8
0.996896083466709 10.3790529487449 "experimento_28" 28 2000 1000 0.8 10 0.4 1 0.8
0.998184332158417 11.2273827838433 "experimento_28" 28 2000 1000 0.8 10 0.4 1 0.8
1.00745874586697 10.4718667811466 "experimento_28" 28 2000 1000 0.8 10 0.4 1 0.8
0.994260015431792 9.73763425801156 "experimento_28" 28 2000 1000 0.8 10 0.4 1 0.8
1.07962360716936 11.5747073391617 "experimento_28" 28 2000 1000 0.8 10 0.4 1 0.8
0.990866371430457 10.174759835485 "experimento_28" 28 2000 1000 0.8 10 0.4 1 0.8
1.0042329590302 9.58603328999256 "experimento_28" 28 2000 1000 0.8 10 0.4 1 0.8
1.01572551716204 10.512028844693 "experimento_28" 28 2000 1000 0.8 10 0.4 1 0.8
1.00066101085395 9.85629220275153 "experimento_28" 28 2000 1000 0.8 10 0.4 1 0.8
1.00012268573046 9.80465810754566 "experimento_28" 28 2000 1000 0.8 10 0.4 1 0.8
0.999371674843132 10.1129472282128 "experimento_28" 28 2000 1000 0.8 10 0.4 1 0.8
1.00347393620759 10.0521675147723 "experimento_28" 28 2000 1000 0.8 10 0.4 1 0.8
1.02608967280486 9.26145337089728 "experimento_28" 28 2000 1000 0.8 10 0.4 1 0.8
0.998724178411067 9.81313292170136 "experimento_28" 28 2000 1000 0.8 10 0.4 1 0.8
0.998236078070477 9.77415725916909 "experimento_28" 28 2000 1000 0.8 10 0.4 1 0.8
0.996523044072092 9.73980865730391 "experimento_28" 28 2000 1000 0.8 10 0.4 1 0.8
0.995156790362671 9.49409362070344 "experimento_28" 28 2000 1000 0.8 10 0.4 1 0.8
1.00075412793085 10.749425293179 "experimento_28" 28 2000 1000 0.8 10 0.4 1 0.8
0.992012076312676 9.20474342708513 "experimento_28" 28 2000 1000 0.8 10 0.4 1 0.8
1.00938077471219 10.8844208281547 "experimento_28" 28 2000 1000 0.8 10 0.4 1 0.8
1.00450471334243 10.4930317683788 "experimento_28" 28 2000 1000 0.8 10 0.4 1 0.8
1.00643925632721 10.7310252799967 "experimento_28" 28 2000 1000 0.8 10 0.4 1 0.8
1.03753742524423 10.1592481065724 "experimento_28" 28 2000 1000 0.8 10 0.4 1 0.8
1.00031327833422 10.0948853644281 "experimento_28" 28 2000 1000 0.8 10 0.4 1 0.8
1.01457121795975 10.8345579270324 "experimento_28" 28 2000 1000 0.8 10 0.4 1 0.8
0.997912732884288 10.0524775025592 "experimento_28" 28 2000 1000 0.8 10 0.4 1 0.8
1.06242994598274 11.7282336578618 "experimento_28" 28 2000 1000 0.8 10 0.4 1 0.8
0.999378722393885 9.89531526130218 "experimento_28" 28 2000 1000 0.8 10 0.4 1 0.8
1.02445328838987 9.94751721837163 "experimento_28" 28 2000 1000 0.8 10 0.4 1 0.8
1.00523455888033 9.99008440075213 "experimento_28" 28 2000 1000 0.8 10 0.4 1 0.8
0.99935831874609 9.12781381250548 "experimento_28" 28 2000 1000 0.8 10 0.4 1 0.8
0.989990164991468 8.81737003752644 "experimento_28" 28 2000 1000 0.8 10 0.4 1 0.8
1.00007380739022 9.63455107961706 "experimento_28" 28 2000 1000 0.8 10 0.4 1 0.8
1.0541419275105 8.56235072228666 "experimento_28" 28 2000 1000 0.8 10 0.4 1 0.8
0.992049626540393 9.47847156084541 "experimento_28" 28 2000 1000 0.8 10 0.4 1 0.8
1.00137293310836 9.13000657175143 "experimento_28" 28 2000 1000 0.8 10 0.4 1 0.8
0.998242100467905 9.39823503428848 "experimento_28" 28 2000 1000 0.8 10 0.4 1 0.8
0.995895290281624 10.4229449615543 "experimento_28" 28 2000 1000 0.8 10 0.4 1 0.8
1.00248152229087 9.46615896521346 "experimento_28" 28 2000 1000 0.8 10 0.4 1 0.8
0.996619493234903 10.1230854259795 "experimento_28" 28 2000 1000 0.8 10 0.4 1 0.8
0.997241222532466 10.0186385604053 "experimento_28" 28 2000 1000 0.8 10 0.4 1 0.8
1.04912748415954 10.6853734515339 "experimento_28" 28 2000 1000 0.8 10 0.4 1 0.8
0.998723992146552 10.2739439736388 "experimento_28" 28 2000 1000 0.8 10 0.4 1 0.8
0.996513726655394 9.91781698150561 "experimento_28" 28 2000 1000 0.8 10 0.4 1 0.8
1.00005510340947 10.2467125302619 "experimento_28" 28 2000 1000 0.8 10 0.4 1 0.8
1.00370893114931 10.0379031474957 "experimento_28" 28 2000 1000 0.8 10 0.4 1 0.8
1.02050129381728 10.7338846776994 "experimento_28" 28 2000 1000 0.8 10 0.4 1 0.8
0.993811236694455 9.28956970594585 "experimento_28" 28 2000 1000 0.8 10 0.4 1 0.8
1.03061539187837 8.83661030807441 "experimento_28" 28 2000 1000 0.8 10 0.4 1 0.8
1.00714727420275 11.1535869236292 "experimento_28" 28 2000 1000 0.8 10 0.4 1 0.8
1.04132707752287 10.0160349594447 "experimento_28" 28 2000 1000 0.8 10 0.4 1 0.8
1.03859410351142 10.1981327229734 "experimento_28" 28 2000 1000 0.8 10 0.4 1 0.8
1.03285406250507 10.0397681985738 "experimento_28" 28 2000 1000 0.8 10 0.4 1 0.8
1.00178113046415 9.85498548617042 "experimento_28" 28 2000 1000 0.8 10 0.4 1 0.8
1.00039229905233 9.43163073366255 "experimento_28" 28 2000 1000 0.8 10 0.4 1 0.8
0.996819753199816 9.6219695079958 "experimento_28" 28 2000 1000 0.8 10 0.4 1 0.8
0.994945540325716 10.1097176342369 "experimento_28" 28 2000 1000 0.8 10 0.4 1 0.8
1.01493259337731 9.56077330587279 "experimento_28" 28 2000 1000 0.8 10 0.4 1 0.8
0.99761347938329 9.36175429203256 "experimento_28" 28 2000 1000 0.8 10 0.4 1 0.8
0.997030327096581 11.2627931509665 "experimento_28" 28 2000 1000 0.8 10 0.4 1 0.8
0.996456891763955 9.31725812277147 "experimento_28" 28 2000 1000 0.8 10 0.4 1 0.8
1.01447295860211 10.902562215862 "experimento_28" 28 2000 1000 0.8 10 0.4 1 0.8
0.999287849059328 9.45854222009522 "experimento_28" 28 2000 1000 0.8 10 0.4 1 0.8
1.02077909852594 9.54107895079311 "experimento_28" 28 2000 1000 0.8 10 0.4 1 0.8
0.99756660987623 9.77451250637409 "experimento_28" 28 2000 1000 0.8 10 0.4 1 0.8
1.02541278270361 9.98505909742874 "experimento_28" 28 2000 1000 0.8 10 0.4 1 0.8
1.01877502237592 9.90563936475015 "experimento_28" 28 2000 1000 0.8 10 0.4 1 0.8
0.992905663792044 9.27343677292265 "experimento_28" 28 2000 1000 0.8 10 0.4 1 0.8
1.00005165725015 10.6912264545564 "experimento_28" 28 2000 1000 0.8 10 0.4 1 0.8
0.993376166559756 9.43112992733602 "experimento_28" 28 2000 1000 0.8 10 0.4 1 0.8
1.00565156741068 9.73888763385812 "experimento_28" 28 2000 1000 0.8 10 0.4 1 0.8
1.00097443507984 10.071459897306 "experimento_28" 28 2000 1000 0.8 10 0.4 1 0.8
0.994912449270487 10.1579505584086 "experimento_28" 28 2000 1000 0.8 10 0.4 1 0.8
1.00006470604829 10.0382594612155 "experimento_28" 28 2000 1000 0.8 10 0.4 1 0.8
0.999632214661688 9.19820896580633 "experimento_28" 28 2000 1000 0.8 10 0.4 1 0.8
0.997822529403493 10.0915239289747 "experimento_28" 28 2000 1000 0.8 10 0.4 1 0.8
1.00071847732179 11.2386853277427 "experimento_28" 28 2000 1000 0.8 10 0.4 1 0.8
1.00909503954463 9.37270256559258 "experimento_28" 28 2000 1000 0.8 10 0.4 1 0.8
0.994385692058131 10.1821411328237 "experimento_28" 28 2000 1000 0.8 10 0.4 1 0.8
0.99909585621208 10.224694788052 "experimento_28" 28 2000 1000 0.8 10 0.4 1 0.8
0.999148457776755 10.0894818885406 "experimento_28" 28 2000 1000 0.8 10 0.4 1 0.8
1.00770540388691 10.3337285704331 "experimento_28" 28 2000 1000 0.8 10 0.4 1 0.8
1.00429339627735 11.5701649304225 "experimento_28" 28 2000 1000 0.8 10 0.4 1 0.8
0.997222038917243 9.55759518981536 "experimento_28" 28 2000 1000 0.8 10 0.4 1 0.8
0.998875558609143 9.54268937113283 "experimento_28" 28 2000 1000 0.8 10 0.4 1 0.8
1.00043113732713 10.3786965224036 "experimento_28" 28 2000 1000 0.8 10 0.4 1 0.8
0.996927237603813 9.45964992707658 "experimento_28" 28 2000 1000 0.8 10 0.4 1 0.8
0.99738829722628 10.5819001842723 "experimento_28" 28 2000 1000 0.8 10 0.4 1 0.8
0.998144830577075 9.98115210326018 "experimento_28" 28 2000 1000 0.8 10 0.4 1 0.8
0.994155190419406 9.43363524559693 "experimento_28" 28 2000 1000 0.8 10 0.4 1 0.8
1.00534526756814 9.87411094059877 "experimento_28" 28 2000 1000 0.8 10 0.4 1 0.8
1.0604970256798 9.83552068876316 "experimento_28" 28 2000 1000 0.8 10 0.4 1 0.8
1.0018328954448 9.15602963668937 "experimento_28" 28 2000 1000 0.8 10 0.4 1 0.8
1.00002853223123 10.4678482177949 "experimento_28" 28 2000 1000 0.8 10 0.4 1 0.8
1.00100874756463 10.3327532779495 "experimento_28" 28 2000 1000 0.8 10 0.4 1 0.8
0.997498979559168 10.2272409148071 "experimento_28" 28 2000 1000 0.8 10 0.4 1 0.8
0.997840746538714 9.17401159959685 "experimento_28" 28 2000 1000 0.8 10 0.4 1 0.8
1.04651092798449 10.02079321912 "experimento_28" 28 2000 1000 0.8 10 0.4 1 0.8
0.99395359121263 9.28570591036705 "experimento_28" 28 2000 1000 0.8 10 0.4 1 0.8
1.00311772658607 10.1031259748663 "experimento_28" 28 2000 1000 0.8 10 0.4 1 0.8
1.05351278418675 10.8671010339094 "experimento_28" 28 2000 1000 0.8 10 0.4 1 0.8
0.996634917333722 10.5626247690887 "experimento_28" 28 2000 1000 0.8 10 0.4 1 0.8
1.08437892123637 9.96395924725444 "experimento_28" 28 2000 1000 0.8 10 0.4 1 0.8
1.00600415883207 9.77437774139363 "experimento_28" 28 2000 1000 0.8 10 0.4 1 0.8
0.998620811151341 9.96784026290984 "experimento_28" 28 2000 1000 0.8 10 0.4 1 0.8
1.04531723000109 10.2692506498199 "experimento_28" 28 2000 1000 0.8 10 0.4 1 0.8
1.0001283257435 10.8082736439296 "experimento_28" 28 2000 1000 0.8 10 0.4 1 0.8
1.01805111594514 10.4680118220864 "experimento_28" 28 2000 1000 0.8 10 0.4 1 0.8
0.994689358631149 10.1805228113516 "experimento_28" 28 2000 1000 0.8 10 0.4 1 0.8
1.00015414808877 10.3131645861071 "experimento_28" 28 2000 1000 0.8 10 0.4 1 0.8
0.997612545266747 9.93257178939867 "experimento_28" 28 2000 1000 0.8 10 0.4 1 0.8
1.02038681375782 9.12068726659132 "experimento_28" 28 2000 1000 0.8 10 0.4 1 0.8
0.999046238139272 10.7411115623946 "experimento_28" 28 2000 1000 0.8 10 0.4 1 0.8
0.996990752639249 9.68380792384626 "experimento_28" 28 2000 1000 0.8 10 0.4 1 0.8
1.01199969628389 10.2624841316671 "experimento_28" 28 2000 1000 0.8 10 0.4 1 0.8
1.00247357681093 9.48930776244047 "experimento_28" 28 2000 1000 0.8 10 0.4 1 0.8
1.00664572091773 10.8156872455322 "experimento_28" 28 2000 1000 0.8 10 0.4 1 0.8
1.03742578622362 8.64576480507283 "experimento_28" 28 2000 1000 0.8 10 0.4 1 0.8
1.00263955474123 10.3568432287376 "experimento_28" 28 2000 1000 0.8 10 0.4 1 0.8
0.999230046058074 10.0970892272535 "experimento_28" 28 2000 1000 0.8 10 0.4 1 0.8
1.00071048871614 10.0817403110268 "experimento_28" 28 2000 1000 0.8 10 0.4 1 0.8
1.00719774663448 9.99912683486048 "experimento_28" 28 2000 1000 0.8 10 0.4 1 0.8
1.00353862572055 9.24479261914662 "experimento_28" 28 2000 1000 0.8 10 0.4 1 0.8
0.998641081387177 10.4254722032316 "experimento_28" 28 2000 1000 0.8 10 0.4 1 0.8
0.99991359282285 8.75669645997001 "experimento_28" 28 2000 1000 0.8 10 0.4 1 0.8
0.997661997564137 10.5682704814686 "experimento_28" 28 2000 1000 0.8 10 0.4 1 0.8
1.0034869922325 10.37195388715 "experimento_28" 28 2000 1000 0.8 10 0.4 1 0.8
0.998793470673263 9.50012467992107 "experimento_28" 28 2000 1000 0.8 10 0.4 1 0.8
1.00395195707679 10.2928321349882 "experimento_28" 28 2000 1000 0.8 10 0.4 1 0.8
1.01323371254839 10.3963450215822 "experimento_28" 28 2000 1000 0.8 10 0.4 1 0.8
1.0199435452465 8.88199599246116 "experimento_28" 28 2000 1000 0.8 10 0.4 1 0.8
0.994956175563857 10.1015156491768 "experimento_28" 28 2000 1000 0.8 10 0.4 1 0.8
0.994668189669028 9.76810542528215 "experimento_28" 28 2000 1000 0.8 10 0.4 1 0.8
1.06119030406699 12.2409848718608 "experimento_28" 28 2000 1000 0.8 10 0.4 1 0.8
1.00259454646148 10.7114718915703 "experimento_28" 28 2000 1000 0.8 10 0.4 1 0.8
0.99536085431464 10.5540891320976 "experimento_28" 28 2000 1000 0.8 10 0.4 1 0.8
0.998859649058431 10.1072590561973 "experimento_28" 28 2000 1000 0.8 10 0.4 1 0.8
0.998999437084422 9.99921338351694 "experimento_28" 28 2000 1000 0.8 10 0.4 1 0.8
0.999593392247334 11.1527119102708 "experimento_28" 28 2000 1000 0.8 10 0.4 1 0.8
1.02554502086714 11.7453795181918 "experimento_28" 28 2000 1000 0.8 10 0.4 1 0.8
0.992838892387226 9.78793067058279 "experimento_28" 28 2000 1000 0.8 10 0.4 1 0.8
0.990244301036 8.8476772029207 "experimento_28" 28 2000 1000 0.8 10 0.4 1 0.8
1.01034810342826 9.56554113331485 "experimento_28" 28 2000 1000 0.8 10 0.4 1 0.8
1.00038056965236 9.74809698750979 "experimento_28" 28 2000 1000 0.8 10 0.4 1 0.8
1.00274192369543 10.2773767970287 "experimento_28" 28 2000 1000 0.8 10 0.4 1 0.8
0.996794457780197 9.81565325351197 "experimento_28" 28 2000 1000 0.8 10 0.4 1 0.8
1.00909311536281 10.7882415486259 "experimento_28" 28 2000 1000 0.8 10 0.4 1 0.8
1.00272608832456 9.75088364187919 "experimento_28" 28 2000 1000 0.8 10 0.4 1 0.8
1.00063228709623 9.89775130508678 "experimento_28" 28 2000 1000 0.8 10 0.4 1 0.8
1.02426676916486 11.0729933293752 "experimento_28" 28 2000 1000 0.8 10 0.4 1 0.8
0.99698841990903 9.36176696111979 "experimento_28" 28 2000 1000 0.8 10 0.4 1 0.8
0.999631986254826 9.71509809527905 "experimento_28" 28 2000 1000 0.8 10 0.4 1 0.8
1.02105828458443 9.68979253206646 "experimento_28" 28 2000 1000 0.8 10 0.4 1 0.8
1.04700647625141 12.1463804724314 "experimento_28" 28 2000 1000 0.8 10 0.4 1 0.8
1.02638053875417 9.95976261932133 "experimento_28" 28 2000 1000 0.8 10 0.4 1 0.8
1.10822007841942 11.1831408906956 "experimento_28" 28 2000 1000 0.8 10 0.4 1 0.8
0.994798596249893 10.0001481505444 "experimento_28" 28 2000 1000 0.8 10 0.4 1 0.8
0.995171206071973 9.56272682961791 "experimento_28" 28 2000 1000 0.8 10 0.4 1 0.8
1.07025809716013 10.8933837437802 "experimento_28" 28 2000 1000 0.8 10 0.4 1 0.8
0.994972113054246 9.59182127075477 "experimento_28" 28 2000 1000 0.8 10 0.4 1 0.8
0.993507541483268 9.67413031040381 "experimento_28" 28 2000 1000 0.8 10 0.4 1 0.8
0.99822366447188 9.64862401857205 "experimento_28" 28 2000 1000 0.8 10 0.4 1 0.8
1.01868545971811 10.5417225052413 "experimento_28" 28 2000 1000 0.8 10 0.4 1 0.8
0.989032179117203 9.35476616564791 "experimento_28" 28 2000 1000 0.8 10 0.4 1 0.8
0.996682027354836 9.33799754327278 "experimento_28" 28 2000 1000 0.8 10 0.4 1 0.8
1.0065875058528 10.2417655799588 "experimento_28" 28 2000 1000 0.8 10 0.4 1 0.8
1.0002161718905 9.92563443284306 "experimento_28" 28 2000 1000 0.8 10 0.4 1 0.8
0.995897364569828 9.92936775887945 "experimento_28" 28 2000 1000 0.8 10 0.4 1 0.8
1.02116974626 10.0397439441509 "experimento_28" 28 2000 1000 0.8 10 0.4 1 0.8
1.04563031955622 9.14521250686402 "experimento_28" 28 2000 1000 0.8 10 0.4 1 0.8
1.00020071468316 9.62195614658172 "experimento_28" 28 2000 1000 0.8 10 0.4 1 0.8
1.01518085449934 10.0652266816117 "experimento_28" 28 2000 1000 0.8 10 0.4 1 0.8
1.00038509601727 10.4196259327992 "experimento_28" 28 2000 1000 0.8 10 0.4 1 0.8
0.998167877783999 10.6705429730876 "experimento_28" 28 2000 1000 0.8 10 0.4 1 0.8
1.01020062705502 10.7708086223411 "experimento_28" 28 2000 1000 0.8 10 0.4 1 0.8
0.992008326109499 9.58357635651414 "experimento_28" 28 2000 1000 0.8 10 0.4 1 0.8
0.996391525259241 9.77303190481653 "experimento_28" 28 2000 1000 0.8 10 0.4 1 0.8
1.00478343865834 10.9378771212354 "experimento_28" 28 2000 1000 0.8 10 0.4 1 0.8
1.06146850297228 12.2578723922048 "experimento_28" 28 2000 1000 0.8 10 0.4 1 0.8
0.996452707564458 9.14835124485619 "experimento_28" 28 2000 1000 0.8 10 0.4 1 0.8
1.01914023915306 11.2406300171974 "experimento_28" 28 2000 1000 0.8 10 0.4 1 0.8
1.00401489324868 10.5523583550748 "experimento_28" 28 2000 1000 0.8 10 0.4 1 0.8
0.994672598084435 9.2453447188917 "experimento_28" 28 2000 1000 0.8 10 0.4 1 0.8
1.01911716279574 10.2202169645817 "experimento_28" 28 2000 1000 0.8 10 0.4 1 0.8
1.01943332874216 10.2105386828109 "experimento_28" 28 2000 1000 0.8 10 0.4 1 0.8
0.9951767900493 10.2058331377033 "experimento_28" 28 2000 1000 0.8 10 0.4 1 0.8
1.00037584004478 10.4358706664579 "experimento_28" 28 2000 1000 0.8 10 0.4 1 0.8
0.997260760050267 10.077029003427 "experimento_28" 28 2000 1000 0.8 10 0.4 1 0.8
1.00274766483344 10.3163189494527 "experimento_28" 28 2000 1000 0.8 10 0.4 1 0.8
0.996725486591458 9.53168576926138 "experimento_28" 28 2000 1000 0.8 10 0.4 1 0.8
1.00700428406708 11.5591236918681 "experimento_28" 28 2000 1000 0.8 10 0.4 1 0.8
0.997134841512889 10.3934761770039 "experimento_28" 28 2000 1000 0.8 10 0.4 1 0.8
1.01271256283754 9.94824774622529 "experimento_28" 28 2000 1000 0.8 10 0.4 1 0.8
1.00109120757965 10.5892452838568 "experimento_28" 28 2000 1000 0.8 10 0.4 1 0.8
0.997887942939997 9.58702201468758 "experimento_28" 28 2000 1000 0.8 10 0.4 1 0.8
0.997766629559919 9.18514659693454 "experimento_28" 28 2000 1000 0.8 10 0.4 1 0.8
1.00521602216177 10.7106254051599 "experimento_28" 28 2000 1000 0.8 10 0.4 1 0.8
0.997914085863158 9.49972492600719 "experimento_28" 28 2000 1000 0.8 10 0.4 1 0.8
0.997710586059839 10.085277255899 "experimento_28" 28 2000 1000 0.8 10 0.4 1 0.8
0.995887440862134 9.10181034695724 "experimento_28" 28 2000 1000 0.8 10 0.4 1 0.8
1.00212915516458 10.707501908034 "experimento_28" 28 2000 1000 0.8 10 0.4 1 0.8
1.00190073763952 9.79054247412645 "experimento_28" 28 2000 1000 0.8 10 0.4 1 0.8
0.995142610976472 10.3308187989029 "experimento_28" 28 2000 1000 0.8 10 0.4 1 0.8
1.00047287233522 10.6272076981556 "experimento_28" 28 2000 1000 0.8 10 0.4 1 0.8
0.996681944932789 10.1387739176695 "experimento_28" 28 2000 1000 0.8 10 0.4 1 0.8
1.10339069673371 12.4947127618142 "experimento_28" 28 2000 1000 0.8 10 0.4 1 0.8
0.999304660828784 10.8298477399899 "experimento_28" 28 2000 1000 0.8 10 0.4 1 0.8
1.05360262147151 11.4368423276335 "experimento_28" 28 2000 1000 0.8 10 0.4 1 0.8
0.997684458969161 9.07045855872472 "experimento_28" 28 2000 1000 0.8 10 0.4 1 0.8
1.00168976285495 9.79313942422527 "experimento_28" 28 2000 1000 0.8 10 0.4 1 0.8
1.00032385317464 9.92567415072216 "experimento_28" 28 2000 1000 0.8 10 0.4 1 0.8
0.998735521221533 9.93160648867699 "experimento_28" 28 2000 1000 0.8 10 0.4 1 0.8
1.08466691141528 8.91735516147883 "experimento_28" 28 2000 1000 0.8 10 0.4 1 0.8
1.01551842360661 10.4257273643397 "experimento_28" 28 2000 1000 0.8 10 0.4 1 0.8
0.994108484825119 9.53449946044197 "experimento_28" 28 2000 1000 0.8 10 0.4 1 0.8
1.00014175749384 9.40046119448744 "experimento_28" 28 2000 1000 0.8 10 0.4 1 0.8
1.00196634568274 9.37942228640195 "experimento_28" 28 2000 1000 0.8 10 0.4 1 0.8
0.997091775527224 10.8525281546319 "experimento_28" 28 2000 1000 0.8 10 0.4 1 0.8
0.997839839197695 10.0202210365354 "experimento_28" 28 2000 1000 0.8 10 0.4 1 0.8
1.00282855574254 10.4453601108944 "experimento_28" 28 2000 1000 0.8 10 0.4 1 0.8
0.995784631930292 9.64762902599944 "experimento_28" 28 2000 1000 0.8 10 0.4 1 0.8
0.997888690093532 10.3025113573632 "experimento_28" 28 2000 1000 0.8 10 0.4 1 0.8
1.00395807404416 10.5574066335866 "experimento_28" 28 2000 1000 0.8 10 0.4 1 0.8
1.00055930372328 10.4661658207566 "experimento_28" 28 2000 1000 0.8 10 0.4 1 0.8
0.996310836868361 9.65684732698831 "experimento_28" 28 2000 1000 0.8 10 0.4 1 0.8
1.01390618085861 10.4893823015315 "experimento_28" 28 2000 1000 0.8 10 0.4 1 0.8
1.02533987636317 9.22136136159156 "experimento_28" 28 2000 1000 0.8 10 0.4 1 0.8
1.00241490686312 9.59578026929892 "experimento_28" 28 2000 1000 0.8 10 0.4 1 0.8
0.998926445143297 9.04839558004112 "experimento_28" 28 2000 1000 0.8 10 0.4 1 0.8
1.04550086380914 8.58761677847165 "experimento_28" 28 2000 1000 0.8 10 0.4 1 0.8
1.00008127561977 9.99805648508102 "experimento_28" 28 2000 1000 0.8 10 0.4 1 0.8
1.0029536344111 10.2847639979676 "experimento_28" 28 2000 1000 0.8 10 0.4 1 0.8
0.998903919244185 9.79630716344457 "experimento_28" 28 2000 1000 0.8 10 0.4 1 0.8
0.992565549211577 9.36156257360745 "experimento_28" 28 2000 1000 0.8 10 0.4 1 0.8
1.01475465910194 10.0249731358641 "experimento_28" 28 2000 1000 0.8 10 0.4 1 0.8
1.0001044500869 9.87905971601364 "experimento_28" 28 2000 1000 0.8 10 0.4 1 0.8
1.00814620726742 9.99634244287088 "experimento_28" 28 2000 1000 0.8 10 0.4 1 0.8
1.0763356708959 10.7395596369844 "experimento_28" 28 2000 1000 0.8 10 0.4 1 0.8
1.00098011597863 9.58819906065393 "experimento_28" 28 2000 1000 0.8 10 0.4 1 0.8
1.03413691408218 10.3797131039093 "experimento_28" 28 2000 1000 0.8 10 0.4 1 0.8
0.999553650384769 9.32054902754694 "experimento_28" 28 2000 1000 0.8 10 0.4 1 0.8
1.00440869182804 10.3458992181288 "experimento_28" 28 2000 1000 0.8 10 0.4 1 0.8
1.0028492001351 9.92774228962653 "experimento_28" 28 2000 1000 0.8 10 0.4 1 0.8
1.00135469040287 10.5274925738171 "experimento_28" 28 2000 1000 0.8 10 0.4 1 0.8
1.00006651442576 9.50638804520914 "experimento_28" 28 2000 1000 0.8 10 0.4 1 0.8
1.02505475543439 11.4312922025357 "experimento_28" 28 2000 1000 0.8 10 0.4 1 0.8
1.04049892839976 10.9026327570782 "experimento_28" 28 2000 1000 0.8 10 0.4 1 0.8
1.02952836691402 8.59359554074844 "experimento_28" 28 2000 1000 0.8 10 0.4 1 0.8
0.99649675283581 9.12735413860471 "experimento_28" 28 2000 1000 0.8 10 0.4 1 0.8
1.00160541492514 10.6509593690988 "experimento_28" 28 2000 1000 0.8 10 0.4 1 0.8
1.00057160933502 9.58656699060892 "experimento_28" 28 2000 1000 0.8 10 0.4 1 0.8
1.03040907639079 9.6295359893619 "experimento_28" 28 2000 1000 0.8 10 0.4 1 0.8
1.00019787298515 9.67420510708857 "experimento_28" 28 2000 1000 0.8 10 0.4 1 0.8
1.00795414126478 10.8601169411904 "experimento_28" 28 2000 1000 0.8 10 0.4 1 0.8
0.99809698946774 10.3096735921981 "experimento_28" 28 2000 1000 0.8 10 0.4 1 0.8
0.993720390833914 9.96369736785806 "experimento_28" 28 2000 1000 0.8 10 0.4 1 0.8
1.09948669736942 11.5186212071168 "experimento_28" 28 2000 1000 0.8 10 0.4 1 0.8
1.01968173920177 10.4303829989064 "experimento_28" 28 2000 1000 0.8 10 0.4 1 0.8
0.997259611729532 9.70155460657646 "experimento_28" 28 2000 1000 0.8 10 0.4 1 0.8
0.996613695519045 10.0722083378475 "experimento_28" 28 2000 1000 0.8 10 0.4 1 0.8
1.01961403340101 10.3270525785672 "experimento_28" 28 2000 1000 0.8 10 0.4 1 0.8
0.995318326400593 9.49720905732089 "experimento_28" 28 2000 1000 0.8 10 0.4 1 0.8
0.999866559868678 9.98335423122605 "experimento_28" 28 2000 1000 0.8 10 0.4 1 0.8
1.00000489228458 9.97957899519534 "experimento_28" 28 2000 1000 0.8 10 0.4 1 0.8
1.0002682202903 10.1594098902084 "experimento_28" 28 2000 1000 0.8 10 0.4 1 0.8
0.995982648571953 9.7088608273418 "experimento_28" 28 2000 1000 0.8 10 0.4 1 0.8
1.00051008361572 9.79293518621822 "experimento_28" 28 2000 1000 0.8 10 0.4 1 0.8
0.998989883810282 9.7379339345559 "experimento_28" 28 2000 1000 0.8 10 0.4 1 0.8
1.05290960553102 10.8218960517965 "experimento_28" 28 2000 1000 0.8 10 0.4 1 0.8
1.00002138600685 10.3368342014572 "experimento_28" 28 2000 1000 0.8 10 0.4 1 0.8
1.03809346817434 10.0010429346003 "experimento_28" 28 2000 1000 0.8 10 0.4 1 0.8
1.06201289515011 10.4092637345502 "experimento_28" 28 2000 1000 0.8 10 0.4 1 0.8
1.10543755618435 9.92869251202533 "experimento_28" 28 2000 1000 0.8 10 0.4 1 0.8
1.0046068334952 10.9111694459084 "experimento_28" 28 2000 1000 0.8 10 0.4 1 0.8
1.00654597491957 9.90933831424796 "experimento_28" 28 2000 1000 0.8 10 0.4 1 0.8
1.04451700048521 10.6651073293327 "experimento_28" 28 2000 1000 0.8 10 0.4 1 0.8
1.02727973493747 10.482412380043 "experimento_28" 28 2000 1000 0.8 10 0.4 1 0.8
1.00007158066146 9.696493393834 "experimento_28" 28 2000 1000 0.8 10 0.4 1 0.8
0.996703025652096 9.27698589174869 "experimento_28" 28 2000 1000 0.8 10 0.4 1 0.8
1.02069444935978 11.0271325519093 "experimento_28" 28 2000 1000 0.8 10 0.4 1 0.8
1.09169265580898 11.3350651152279 "experimento_28" 28 2000 1000 0.8 10 0.4 1 0.8
0.998524918686599 9.61554852027659 "experimento_28" 28 2000 1000 0.8 10 0.4 1 0.8
1.01126260166056 10.3580707990509 "experimento_28" 28 2000 1000 0.8 10 0.4 1 0.8
1.05038035819307 10.3115159703328 "experimento_28" 28 2000 1000 0.8 10 0.4 1 0.8
0.996284707915038 10.37718110229 "experimento_28" 28 2000 1000 0.8 10 0.4 1 0.8
0.997444453416392 9.41376426021288 "experimento_28" 28 2000 1000 0.8 10 0.4 1 0.8
0.994767939904705 9.70565094316557 "experimento_28" 28 2000 1000 0.8 10 0.4 1 0.8
1.02677200417966 9.00830697437006 "experimento_28" 28 2000 1000 0.8 10 0.4 1 0.8
0.999350833939388 9.60346734731202 "experimento_28" 28 2000 1000 0.8 10 0.4 1 0.8
0.997505726991221 9.39538216429054 "experimento_28" 28 2000 1000 0.8 10 0.4 1 0.8
1.0144666235894 9.23046183449824 "experimento_28" 28 2000 1000 0.8 10 0.4 1 0.8
1.03854165319353 11.1375445875191 "experimento_28" 28 2000 1000 0.8 10 0.4 1 0.8
1.0012401781792 10.9246622342976 "experimento_28" 28 2000 1000 0.8 10 0.4 1 0.8
1.00512016876837 9.87603743717964 "experimento_28" 28 2000 1000 0.8 10 0.4 1 0.8
0.996579454280436 10.5589002479436 "experimento_28" 28 2000 1000 0.8 10 0.4 1 0.8
1.00071749973316 9.5693805117817 "experimento_28" 28 2000 1000 0.8 10 0.4 1 0.8
1.0027336250525 9.90655609357741 "experimento_28" 28 2000 1000 0.8 10 0.4 1 0.8
0.997615401167423 10.4580270173075 "experimento_28" 28 2000 1000 0.8 10 0.4 1 0.8
1.0011704737351 9.83088868306044 "experimento_28" 28 2000 1000 0.8 10 0.4 1 0.8
0.997130423551425 10.1456043730488 "experimento_28" 28 2000 1000 0.8 10 0.4 1 0.8
1.00911300114026 9.64398388584508 "experimento_28" 28 2000 1000 0.8 10 0.4 1 0.8
0.999147790949792 9.55472834151434 "experimento_28" 28 2000 1000 0.8 10 0.4 1 0.8
1.01498031327501 9.99631574959213 "experimento_28" 28 2000 1000 0.8 10 0.4 1 0.8
1.00129007889444 10.4588570251059 "experimento_28" 28 2000 1000 0.8 10 0.4 1 0.8
0.995173473376781 9.72988748214363 "experimento_28" 28 2000 1000 0.8 10 0.4 1 0.8
0.996621744008735 9.74163249835308 "experimento_28" 28 2000 1000 0.8 10 0.4 1 0.8
0.994914968498051 10.1390383034573 "experimento_28" 28 2000 1000 0.8 10 0.4 1 0.8
1.03158126929775 9.77913817266261 "experimento_28" 28 2000 1000 0.8 10 0.4 1 0.8
0.995474811643362 10.4208893938165 "experimento_28" 28 2000 1000 0.8 10 0.4 1 0.8
1.03584921308793 10.380933778303 "experimento_28" 28 2000 1000 0.8 10 0.4 1 0.8
0.99349670833908 9.30629522709106 "experimento_28" 28 2000 1000 0.8 10 0.4 1 0.8
1.03872680789791 8.75964776606651 "experimento_28" 28 2000 1000 0.8 10 0.4 1 0.8
1.00725287916139 10.2663079985087 "experimento_28" 28 2000 1000 0.8 10 0.4 1 0.8
1.06390083031729 11.7753672379927 "experimento_28" 28 2000 1000 0.8 10 0.4 1 0.8
1.01379573517479 9.18936670363913 "experimento_28" 28 2000 1000 0.8 10 0.4 1 0.8
0.993344786111265 8.75667345634083 "experimento_28" 28 2000 1000 0.8 10 0.4 1 0.8
1.02110834778287 9.14163324235909 "experimento_28" 28 2000 1000 0.8 10 0.4 1 0.8
1.01285199762818 10.0787650837958 "experimento_28" 28 2000 1000 0.8 10 0.4 1 0.8
1.03602507443532 10.8530544427909 "experimento_28" 28 2000 1000 0.8 10 0.4 1 0.8
1.00961070416545 9.82806409595197 "experimento_28" 28 2000 1000 0.8 10 0.4 1 0.8
1.03140932363458 10.1886725088391 "experimento_28" 28 2000 1000 0.8 10 0.4 1 0.8
1.00079785876168 9.28582437375014 "experimento_28" 28 2000 1000 0.8 10 0.4 1 0.8
1.02022193516605 10.2691667769139 "experimento_28" 28 2000 1000 0.8 10 0.4 1 0.8
0.999228231841698 10.1381505756416 "experimento_28" 28 2000 1000 0.8 10 0.4 1 0.8
0.996854431694373 9.51799291495045 "experimento_28" 28 2000 1000 0.8 10 0.4 1 0.8
0.994774993276224 10.0548964553746 "experimento_28" 28 2000 1000 0.8 10 0.4 1 0.8
0.996206710347906 10.1346055149739 "experimento_28" 28 2000 1000 0.8 10 0.4 1 0.8
1.03378418753855 11.441783621121 "experimento_28" 28 2000 1000 0.8 10 0.4 1 0.8
1.00044345469214 10.0146925396255 "experimento_28" 28 2000 1000 0.8 10 0.4 1 0.8
1.00484760167784 10.1949843939718 "experimento_28" 28 2000 1000 0.8 10 0.4 1 0.8
1.02436724314466 10.7950662007942 "experimento_28" 28 2000 1000 0.8 10 0.4 1 0.8
1.00131567623466 10.5671895964274 "experimento_28" 28 2000 1000 0.8 10 0.4 1 0.8
1.15551718769387 9.21779460712668 "experimento_28" 28 2000 1000 0.8 10 0.4 1 0.8
1.00449567507011 10.2264970916805 "experimento_28" 28 2000 1000 0.8 10 0.4 1 0.8
1.00065390155651 10.0817812254236 "experimento_28" 28 2000 1000 0.8 10 0.4 1 0.8
0.998050151159987 9.94739838729958 "experimento_28" 28 2000 1000 0.8 10 0.4 1 0.8
1.00059893770775 10.3277010234064 "experimento_28" 28 2000 1000 0.8 10 0.4 1 0.8
0.998437844216824 9.90813970845776 "experimento_28" 28 2000 1000 0.8 10 0.4 1 0.8
1.00067994878627 9.56579305997419 "experimento_28" 28 2000 1000 0.8 10 0.4 1 0.8
1.04290037425235 10.0917779096053 "experimento_28" 28 2000 1000 0.8 10 0.4 1 0.8
1.00020491974428 9.91097482495021 "experimento_28" 28 2000 1000 0.8 10 0.4 1 0.8
1.00331895374693 9.50974124713343 "experimento_28" 28 2000 1000 0.8 10 0.4 1 0.8
1.00229480760172 9.74631962433797 "experimento_28" 28 2000 1000 0.8 10 0.4 1 0.8
0.996509474003688 9.5197186691118 "experimento_28" 28 2000 1000 0.8 10 0.4 1 0.8
1.06610399973579 10.2518821308059 "experimento_28" 28 2000 1000 0.8 10 0.4 1 0.8
0.997599811991677 10.6264570791334 "experimento_28" 28 2000 1000 0.8 10 0.4 1 0.8
1.01899729229059 10.3370666168977 "experimento_28" 28 2000 1000 0.8 10 0.4 1 0.8
0.999386708717793 9.7454787080274 "experimento_28" 28 2000 1000 0.8 10 0.4 1 0.8
0.999793745810166 9.97880459737451 "experimento_28" 28 2000 1000 0.8 10 0.4 1 0.8
0.997084353817627 10.7794439134807 "experimento_28" 28 2000 1000 0.8 10 0.4 1 0.8
0.997677830746397 9.04064313449352 "experimento_28" 28 2000 1000 0.8 10 0.4 1 0.8
0.998188248602673 9.25329398888606 "experimento_28" 28 2000 1000 0.8 10 0.4 1 0.8
0.997524922015145 10.4761031452385 "experimento_28" 28 2000 1000 0.8 10 0.4 1 0.8
1.01919155442156 11.0379369400921 "experimento_28" 28 2000 1000 0.8 10 0.4 1 0.8
0.996154310414568 9.92198953716259 "experimento_28" 28 2000 1000 0.8 10 0.4 1 0.8
0.997385784517974 9.96369626877388 "experimento_28" 28 2000 1000 0.8 10 0.4 1 0.8
1.01058693854138 9.62409778411121 "experimento_28" 28 2000 1000 0.8 10 0.4 1 0.8
0.99620976112783 9.9806787433734 "experimento_28" 28 2000 1000 0.8 10 0.4 1 0.8
1.01539016463794 9.46151284165026 "experimento_28" 28 2000 1000 0.8 10 0.4 1 0.8
0.995235715061426 9.95583191711848 "experimento_28" 28 2000 1000 0.8 10 0.4 1 0.8
1.00005419915542 10.8907753523855 "experimento_28" 28 2000 1000 0.8 10 0.4 1 0.8
1.01707005589124 9.58000801143463 "experimento_28" 28 2000 1000 0.8 10 0.4 1 0.8
1.00555986945751 9.78201401762706 "experimento_28" 28 2000 1000 0.8 10 0.4 1 0.8
1.00086821536534 11.0506659697602 "experimento_28" 28 2000 1000 0.8 10 0.4 1 0.8
1.03986566496379 9.65211119574064 "experimento_28" 28 2000 1000 0.8 10 0.4 1 0.8
0.995971188647673 9.60492932913112 "experimento_28" 28 2000 1000 0.8 10 0.4 1 0.8
0.996306350920349 9.82176919430042 "experimento_28" 28 2000 1000 0.8 10 0.4 1 0.8
1.00484019020772 10.5342475384625 "experimento_28" 28 2000 1000 0.8 10 0.4 1 0.8
0.998095837887377 10.3305916491554 "experimento_28" 28 2000 1000 0.8 10 0.4 1 0.8
0.999539677985013 10.0912084505762 "experimento_28" 28 2000 1000 0.8 10 0.4 1 0.8
0.998970368411392 10.0650268218554 "experimento_28" 28 2000 1000 0.8 10 0.4 1 0.8
1.01074631572701 10.8064541698875 "experimento_28" 28 2000 1000 0.8 10 0.4 1 0.8
0.998995674774051 9.32008942579842 "experimento_28" 28 2000 1000 0.8 10 0.4 1 0.8
0.996909982291982 10.5103023437504 "experimento_28" 28 2000 1000 0.8 10 0.4 1 0.8
0.993594264844432 9.69210927426277 "experimento_28" 28 2000 1000 0.8 10 0.4 1 0.8
1.00047893435694 8.95139007868998 "experimento_28" 28 2000 1000 0.8 10 0.4 1 0.8
0.998316551558673 10.1835522264922 "experimento_28" 28 2000 1000 0.8 10 0.4 1 0.8
1.00076758088544 11.1469834516661 "experimento_28" 28 2000 1000 0.8 10 0.4 1 0.8
0.993368771160021 9.95098712931422 "experimento_28" 28 2000 1000 0.8 10 0.4 1 0.8
0.993001962080598 9.14449951058514 "experimento_28" 28 2000 1000 0.8 10 0.4 1 0.8
1.03163178963587 10.3746242016904 "experimento_28" 28 2000 1000 0.8 10 0.4 1 0.8
1.01084295548499 10.1541150387999 "experimento_28" 28 2000 1000 0.8 10 0.4 1 0.8
1.04156385953538 9.61434993430601 "experimento_28" 28 2000 1000 0.8 10 0.4 1 0.8
0.998184681637213 9.84057167301707 "experimento_28" 28 2000 1000 0.8 10 0.4 1 0.8
0.994013644056395 9.50529655597853 "experimento_28" 28 2000 1000 0.8 10 0.4 1 0.8
1.00002386232613 10.3490131570029 "experimento_28" 28 2000 1000 0.8 10 0.4 1 0.8
1.02120316792279 9.9561578960067 "experimento_28" 28 2000 1000 0.8 10 0.4 1 0.8
1.03873290633783 10.2260226111107 "experimento_28" 28 2000 1000 0.8 10 0.4 1 0.8
0.996324623003602 9.85342932837502 "experimento_28" 28 2000 1000 0.8 10 0.4 1 0.8
1.00026280484162 10.4548766078121 "experimento_28" 28 2000 1000 0.8 10 0.4 1 0.8
0.998464309377596 10.1692141419408 "experimento_28" 28 2000 1000 0.8 10 0.4 1 0.8
1.01946836184843 10.3327305658051 "experimento_28" 28 2000 1000 0.8 10 0.4 1 0.8
1.00948181194253 10.5245422243906 "experimento_28" 28 2000 1000 0.8 10 0.4 1 0.8
1.00983874427174 10.8922672763112 "experimento_28" 28 2000 1000 0.8 10 0.4 1 0.8
1.04531538272277 10.4534719598317 "experimento_28" 28 2000 1000 0.8 10 0.4 1 0.8
0.996156539069489 10.4100307229314 "experimento_28" 28 2000 1000 0.8 10 0.4 1 0.8
1.00555145039063 9.42092171271378 "experimento_28" 28 2000 1000 0.8 10 0.4 1 0.8
1.03414825988002 9.7114558055152 "experimento_28" 28 2000 1000 0.8 10 0.4 1 0.8
0.99833656847477 11.5033783009155 "experimento_28" 28 2000 1000 0.8 10 0.4 1 0.8
1.01192907770164 10.8565043703756 "experimento_28" 28 2000 1000 0.8 10 0.4 1 0.8
1.00010206829756 10.7227673777089 "experimento_28" 28 2000 1000 0.8 10 0.4 1 0.8
1.06897007566877 12.7594619722528 "experimento_28" 28 2000 1000 0.8 10 0.4 1 0.8
1.08451302683105 9.88823305292143 "experimento_28" 28 2000 1000 0.8 10 0.4 1 0.8
0.996426235418767 9.43466604107038 "experimento_28" 28 2000 1000 0.8 10 0.4 1 0.8
1.00502453972586 10.2990651188282 "experimento_28" 28 2000 1000 0.8 10 0.4 1 0.8
0.996139011112973 9.80788817121594 "experimento_28" 28 2000 1000 0.8 10 0.4 1 0.8
0.99990379717201 10.1890869825798 "experimento_28" 28 2000 1000 0.8 10 0.4 1 0.8
1.00180384190753 10.4414532508833 "experimento_28" 28 2000 1000 0.8 10 0.4 1 0.8
1.02703278390691 9.27838341506404 "experimento_28" 28 2000 1000 0.8 10 0.4 1 0.8
1.05493385535665 11.1570010942079 "experimento_28" 28 2000 1000 0.8 10 0.4 1 0.8
1.0004084313754 10.4220249556631 "experimento_28" 28 2000 1000 0.8 10 0.4 1 0.8
1.00108086203309 10.4320628210154 "experimento_28" 28 2000 1000 0.8 10 0.4 1 0.8
0.993554992135614 9.79903105648569 "experimento_28" 28 2000 1000 0.8 10 0.4 1 0.8
1.00688324058558 9.80391553825752 "experimento_28" 28 2000 1000 0.8 10 0.4 1 0.8
0.997918572044 9.8608304240938 "experimento_28" 28 2000 1000 0.8 10 0.4 1 0.8
1.0067886558827 11.4180990658777 "experimento_28" 28 2000 1000 0.8 10 0.4 1 0.8
1.0159972254052 9.27123501623743 "experimento_28" 28 2000 1000 0.8 10 0.4 1 0.8
1.09402881450531 11.1688071590106 "experimento_28" 28 2000 1000 0.8 10 0.4 1 0.8
1.00008833376773 9.83023008017862 "experimento_28" 28 2000 1000 0.8 10 0.4 1 0.8
1.02950745500361 10.347609379707 "experimento_28" 28 2000 1000 0.8 10 0.4 1 0.8
1.02616999573074 8.6214737639655 "experimento_28" 28 2000 1000 0.8 10 0.4 1 0.8
1.00001252893645 10.0277543004171 "experimento_28" 28 2000 1000 0.8 10 0.4 1 0.8
0.999355726176873 9.9690189015616 "experimento_28" 28 2000 1000 0.8 10 0.4 1 0.8
1.00698994810623 9.5830411181711 "experimento_28" 28 2000 1000 0.8 10 0.4 1 0.8
0.998972925590351 10.3766324034367 "experimento_28" 28 2000 1000 0.8 10 0.4 1 0.8
1.00147271473886 10.5772140346585 "experimento_28" 28 2000 1000 0.8 10 0.4 1 0.8
1.00070171909668 11.1118416139432 "experimento_28" 28 2000 1000 0.8 10 0.4 1 0.8
1.01496920043932 10.0680213139106 "experimento_28" 28 2000 1000 0.8 10 0.4 1 0.8
1.00483522822057 9.7074788842697 "experimento_28" 28 2000 1000 0.8 10 0.4 1 0.8
0.998046889202669 10.1442482559577 "experimento_28" 28 2000 1000 0.8 10 0.4 1 0.8
1.02691769925877 9.59008729146807 "experimento_28" 28 2000 1000 0.8 10 0.4 1 0.8
1.00089470271478 9.52108386136999 "experimento_28" 28 2000 1000 0.8 10 0.4 1 0.8
0.999640538357198 11.1221537553891 "experimento_28" 28 2000 1000 0.8 10 0.4 1 0.8
0.998775817686692 10.8232336808092 "experimento_28" 28 2000 1000 0.8 10 0.4 1 0.8
1.0236319501417 10.0224396973864 "experimento_28" 28 2000 1000 0.8 10 0.4 1 0.8
0.995536020258442 10.531938765214 "experimento_28" 28 2000 1000 0.8 10 0.4 1 0.8
0.997328205034137 10.752434177557 "experimento_28" 28 2000 1000 0.8 10 0.4 1 0.8
1.06863816082478 11.6392453996721 "experimento_28" 28 2000 1000 0.8 10 0.4 1 0.8
0.992993993218988 10.4660640061334 "experimento_28" 28 2000 1000 0.8 10 0.4 1 0.8
1.07639510640454 11.821359376215 "experimento_28" 28 2000 1000 0.8 10 0.4 1 0.8
0.99863205011934 9.82292826885148 "experimento_28" 28 2000 1000 0.8 10 0.4 1 0.8
1.00003552436829 9.85025265359149 "experimento_28" 28 2000 1000 0.8 10 0.4 1 0.8
1.0006791187599 10.1683333969889 "experimento_28" 28 2000 1000 0.8 10 0.4 1 0.8
0.99506688117981 9.72256555294747 "experimento_28" 28 2000 1000 0.8 10 0.4 1 0.8
1.06356096602976 9.30640272017771 "experimento_28" 28 2000 1000 0.8 10 0.4 1 0.8
1.00271779217451 10.1304534600397 "experimento_28" 28 2000 1000 0.8 10 0.4 1 0.8
1.00950171043594 10.7450934525465 "experimento_28" 28 2000 1000 0.8 10 0.4 1 0.8
1.00003644861281 9.42938712325948 "experimento_28" 28 2000 1000 0.8 10 0.4 1 0.8
0.99385087005794 9.59279847108005 "experimento_28" 28 2000 1000 0.8 10 0.4 1 0.8
1.0090460203588 9.90363253163314 "experimento_28" 28 2000 1000 0.8 10 0.4 1 0.8
0.99322564387694 9.91107456445389 "experimento_28" 28 2000 1000 0.8 10 0.4 1 0.8
0.999042666051537 9.86057892835488 "experimento_28" 28 2000 1000 0.8 10 0.4 1 0.8
0.993659815751016 9.10851192063542 "experimento_28" 28 2000 1000 0.8 10 0.4 1 0.8
1.00141475345008 11.00932147973 "experimento_28" 28 2000 1000 0.8 10 0.4 1 0.8
1.02681057238951 9.00462507493314 "experimento_28" 28 2000 1000 0.8 10 0.4 1 0.8
1.03930908939361 10.4479432004293 "experimento_28" 28 2000 1000 0.8 10 0.4 1 0.8
0.999444397166371 10.4863509468673 "experimento_28" 28 2000 1000 0.8 10 0.4 1 0.8
0.99049981450662 9.21315968773381 "experimento_28" 28 2000 1000 0.8 10 0.4 1 0.8
1.0013636698015 9.07086991733987 "experimento_28" 28 2000 1000 0.8 10 0.4 1 0.8
0.993131872965023 10.1855362057359 "experimento_28" 28 2000 1000 0.8 10 0.4 1 0.8
0.998350596288219 9.91591693214951 "experimento_28" 28 2000 1000 0.8 10 0.4 1 0.8
0.999516560230404 10.5351504178533 "experimento_28" 28 2000 1000 0.8 10 0.4 1 0.8
0.99806960625574 10.8133410724217 "experimento_28" 28 2000 1000 0.8 10 0.4 1 0.8
1.06991996656587 11.5818912453737 "experimento_28" 28 2000 1000 0.8 10 0.4 1 0.8
0.998239612439647 10.2201810030099 "experimento_28" 28 2000 1000 0.8 10 0.4 1 0.8
1.05600750888698 11.7093646718023 "experimento_28" 28 2000 1000 0.8 10 0.4 1 0.8
0.999261647230014 9.28485875756285 "experimento_28" 28 2000 1000 0.8 10 0.4 1 0.8
1.02167653213255 11.5362531566474 "experimento_28" 28 2000 1000 0.8 10 0.4 1 0.8
0.994709295686334 9.59311122948536 "experimento_28" 28 2000 1000 0.8 10 0.4 1 0.8
1.00018430864438 10.2713177620762 "experimento_28" 28 2000 1000 0.8 10 0.4 1 0.8
0.998439404182136 9.47481584987004 "experimento_28" 28 2000 1000 0.8 10 0.4 1 0.8
0.996286020614207 9.47464171192597 "experimento_28" 28 2000 1000 0.8 10 0.4 1 0.8
0.999910508049652 9.77140979845332 "experimento_28" 28 2000 1000 0.8 10 0.4 1 0.8
0.996431220090017 9.52779999260052 "experimento_28" 28 2000 1000 0.8 10 0.4 1 0.8
1.01885238783434 10.4275574976775 "experimento_28" 28 2000 1000 0.8 10 0.4 1 0.8
1.01367590241252 9.54924357942441 "experimento_28" 28 2000 1000 0.8 10 0.4 1 0.8
0.997802859870717 8.96923849443847 "experimento_28" 28 2000 1000 0.8 10 0.4 1 0.8
1.0050715255551 10.1627129586676 "experimento_28" 28 2000 1000 0.8 10 0.4 1 0.8
0.999609113903716 10.5152394300982 "experimento_28" 28 2000 1000 0.8 10 0.4 1 0.8
0.991026336094365 9.24364504470569 "experimento_28" 28 2000 1000 0.8 10 0.4 1 0.8
1.00075514964441 9.71540533306725 "experimento_28" 28 2000 1000 0.8 10 0.4 1 0.8
0.999738395912573 9.91040348191748 "experimento_28" 28 2000 1000 0.8 10 0.4 1 0.8
0.996825220063329 10.4196766735148 "experimento_28" 28 2000 1000 0.8 10 0.4 1 0.8
0.998416223097593 11.4814759985151 "experimento_28" 28 2000 1000 0.8 10 0.4 1 0.8
0.992040292127058 10.3522629453777 "experimento_28" 28 2000 1000 0.8 10 0.4 1 0.8
1.00075487731956 9.88215327580778 "experimento_28" 28 2000 1000 0.8 10 0.4 1 0.8
1.00018007197111 10.3252895162451 "experimento_28" 28 2000 1000 0.8 10 0.4 1 0.8
0.997557115275413 9.78587281868229 "experimento_28" 28 2000 1000 0.8 10 0.4 1 0.8
0.998322273837402 10.5444215800562 "experimento_28" 28 2000 1000 0.8 10 0.4 1 0.8
1.07301413560309 10.6451961060856 "experimento_28" 28 2000 1000 0.8 10 0.4 1 0.8
0.995271067135036 9.70446899182039 "experimento_28" 28 2000 1000 0.8 10 0.4 1 0.8
0.999168335925788 10.6301939066509 "experimento_28" 28 2000 1000 0.8 10 0.4 1 0.8
1.00609039987651 9.99733951959571 "experimento_28" 28 2000 1000 0.8 10 0.4 1 0.8
0.995657286606729 9.58285272739347 "experimento_28" 28 2000 1000 0.8 10 0.4 1 0.8
1.01662873332389 9.98659104274459 "experimento_28" 28 2000 1000 0.8 10 0.4 1 0.8
1.07872980422053 9.842390477966 "experimento_28" 28 2000 1000 0.8 10 0.4 1 0.8
0.99523727176711 9.83986179382262 "experimento_28" 28 2000 1000 0.8 10 0.4 1 0.8
0.991713395575061 9.65411711949731 "experimento_28" 28 2000 1000 0.8 10 0.4 1 0.8
1.000388476319 10.2505934752708 "experimento_28" 28 2000 1000 0.8 10 0.4 1 0.8
1.04065023075587 8.59306763331794 "experimento_28" 28 2000 1000 0.8 10 0.4 1 0.8
0.997690164949745 9.89207958133426 "experimento_28" 28 2000 1000 0.8 10 0.4 1 0.8
0.998583017615601 9.47407955263273 "experimento_28" 28 2000 1000 0.8 10 0.4 1 0.8
0.998205041047186 9.91167601128597 "experimento_28" 28 2000 1000 0.8 10 0.4 1 0.8
1.07014778591238 11.5911678678091 "experimento_28" 28 2000 1000 0.8 10 0.4 1 0.8
1.04485073853284 9.57379337643437 "experimento_28" 28 2000 1000 0.8 10 0.4 1 0.8
0.999614886473864 10.1042768764452 "experimento_28" 28 2000 1000 0.8 10 0.4 1 0.8
1.00018506021575 11.0066547508081 "experimento_28" 28 2000 1000 0.8 10 0.4 1 0.8
0.997411291114986 10.4517013017496 "experimento_28" 28 2000 1000 0.8 10 0.4 1 0.8
1.06136232609861 9.62511375815682 "experimento_28" 28 2000 1000 0.8 10 0.4 1 0.8
0.999795545823872 11.0121259415702 "experimento_28" 28 2000 1000 0.8 10 0.4 1 0.8
0.999898431356996 10.0534358506017 "experimento_28" 28 2000 1000 0.8 10 0.4 1 0.8
0.997756297467276 10.5667931707958 "experimento_28" 28 2000 1000 0.8 10 0.4 1 0.8
0.996713783591986 10.0272312337004 "experimento_28" 28 2000 1000 0.8 10 0.4 1 0.8
0.996959603158757 9.58563438796862 "experimento_28" 28 2000 1000 0.8 10 0.4 1 0.8
0.998476211214438 9.56336501957129 "experimento_28" 28 2000 1000 0.8 10 0.4 1 0.8
0.994591834954917 9.88294129753482 "experimento_28" 28 2000 1000 0.8 10 0.4 1 0.8
1.04455037583001 11.2592148470763 "experimento_28" 28 2000 1000 0.8 10 0.4 1 0.8
1.02368854056112 12.2008598026477 "experimento_28" 28 2000 1000 0.8 10 0.4 1 0.8
1.00278025092409 10.5312942279689 "experimento_28" 28 2000 1000 0.8 10 0.4 1 0.8
0.996032962109894 9.7947395652738 "experimento_28" 28 2000 1000 0.8 10 0.4 1 0.8
0.997649111552164 10.3792424298229 "experimento_28" 28 2000 1000 0.8 10 0.4 1 0.8
0.991388481343165 9.75570943100893 "experimento_28" 28 2000 1000 0.8 10 0.4 1 0.8
1.02480199513957 10.3134846991682 "experimento_28" 28 2000 1000 0.8 10 0.4 1 0.8
1.00000105747022 9.6699623512061 "experimento_28" 28 2000 1000 0.8 10 0.4 1 0.8
0.999215366318822 10.5274335983955 "experimento_28" 28 2000 1000 0.8 10 0.4 1 0.8
0.996009579161182 9.55516198548649 "experimento_28" 28 2000 1000 0.8 10 0.4 1 0.8
1.00207710815594 10.0512365752472 "experimento_28" 28 2000 1000 0.8 10 0.4 1 0.8
1.00069649568759 10.0308500751387 "experimento_28" 28 2000 1000 0.8 10 0.4 1 0.8
0.992689337581396 9.19379520743428 "experimento_28" 28 2000 1000 0.8 10 0.4 1 0.8
0.995030144462362 9.52990059775079 "experimento_28" 28 2000 1000 0.8 10 0.4 1 0.8
1.04448942551389 10.1803533309338 "experimento_28" 28 2000 1000 0.8 10 0.4 1 0.8
1.06657773763873 10.3529591047913 "experimento_28" 28 2000 1000 0.8 10 0.4 1 0.8
0.99902265984565 10.4862453909707 "experimento_28" 28 2000 1000 0.8 10 0.4 1 0.8
1.00082113188402 9.4550577487684 "experimento_28" 28 2000 1000 0.8 10 0.4 1 0.8
1.00164491804317 10.1168789692687 "experimento_28" 28 2000 1000 0.8 10 0.4 1 0.8
1.00011094432024 12.2442252183791 "experimento_28" 28 2000 1000 0.8 10 0.4 1 0.8
0.998338714241982 10.4288031970182 "experimento_28" 28 2000 1000 0.8 10 0.4 1 0.8
0.998417138820514 10.7724625245596 "experimento_28" 28 2000 1000 0.8 10 0.4 1 0.8
1.00104476246051 9.41754972873244 "experimento_28" 28 2000 1000 0.8 10 0.4 1 0.8
1.00871095113702 9.44486084589799 "experimento_28" 28 2000 1000 0.8 10 0.4 1 0.8
0.997185824904591 10.9263083942287 "experimento_28" 28 2000 1000 0.8 10 0.4 1 0.8
1.00035692676902 10.9174983478712 "experimento_28" 28 2000 1000 0.8 10 0.4 1 0.8
0.996331265661865 9.43664717900614 "experimento_28" 28 2000 1000 0.8 10 0.4 1 0.8
1.00713079553097 9.51254737775485 "experimento_28" 28 2000 1000 0.8 10 0.4 1 0.8
0.993394972058013 9.79736635292841 "experimento_28" 28 2000 1000 0.8 10 0.4 1 0.8
0.996816499391571 10.3909050645055 "experimento_28" 28 2000 1000 0.8 10 0.4 1 0.8
0.996550425887108 10.2527443934066 "experimento_28" 28 2000 1000 0.8 10 0.4 1 0.8
1.00041586568565 8.55655382570783 "experimento_28" 28 2000 1000 0.8 10 0.4 1 0.8
0.999972612829879 9.3308090683758 "experimento_28" 28 2000 1000 0.8 10 0.4 1 0.8
1.02848467216827 9.86469704361238 "experimento_28" 28 2000 1000 0.8 10 0.4 1 0.8
1.00371952677947 10.2691581158924 "experimento_28" 28 2000 1000 0.8 10 0.4 1 0.8
0.990829691989347 9.7734204513804 "experimento_28" 28 2000 1000 0.8 10 0.4 1 0.8
1.07406288198707 10.2102834062444 "experimento_28" 28 2000 1000 0.8 10 0.4 1 0.8
1.01467861616984 10.0976528353954 "experimento_28" 28 2000 1000 0.8 10 0.4 1 0.8
1.02597763009216 10.1682075475683 "experimento_28" 28 2000 1000 0.8 10 0.4 1 0.8
1.11188798714009 10.9828665853024 "experimento_28" 28 2000 1000 0.8 10 0.4 1 0.8
1.00111335297115 9.18607077004928 "experimento_28" 28 2000 1000 0.8 10 0.4 1 0.8
1.05478686899878 11.1929089935969 "experimento_28" 28 2000 1000 0.8 10 0.4 1 0.8
1.01319668785335 9.04413367651754 "experimento_28" 28 2000 1000 0.8 10 0.4 1 0.8
0.996314172400162 10.0776699405341 "experimento_28" 28 2000 1000 0.8 10 0.4 1 0.8
1.08083091973838 8.25280582922313 "experimento_28" 28 2000 1000 0.8 10 0.4 1 0.8
0.998654598370194 10.648341940672 "experimento_28" 28 2000 1000 0.8 10 0.4 1 0.8
0.995141485938802 10.0876902738446 "experimento_28" 28 2000 1000 0.8 10 0.4 1 0.8
1.00392182981595 11.0540723188584 "experimento_28" 28 2000 1000 0.8 10 0.4 1 0.8
1.0205174444709 9.30031484716388 "experimento_28" 28 2000 1000 0.8 10 0.4 1 0.8
1.02931390842423 10.8199968020891 "experimento_28" 28 2000 1000 0.8 10 0.4 1 0.8
0.996567555470392 9.68330273735546 "experimento_28" 28 2000 1000 0.8 10 0.4 1 0.8
0.997059379471466 10.2444697460451 "experimento_28" 28 2000 1000 0.8 10 0.4 1 0.8
0.999894496053457 11.0541453268313 "experimento_28" 28 2000 1000 0.8 10 0.4 1 0.8
0.998592873802409 10.1461622605197 "experimento_28" 28 2000 1000 0.8 10 0.4 1 0.8
0.999512576963753 10.97928473159 "experimento_28" 28 2000 1000 0.8 10 0.4 1 0.8
1.01324198445468 9.97334669269647 "experimento_28" 28 2000 1000 0.8 10 0.4 1 0.8
1.01775981485844 9.83287059422023 "experimento_28" 28 2000 1000 0.8 10 0.4 1 0.8
0.991909281350672 9.41616656310173 "experimento_28" 28 2000 1000 0.8 10 0.4 1 0.8
1.00209299958957 10.2423104586913 "experimento_28" 28 2000 1000 0.8 10 0.4 1 0.8
1.00086809994302 9.81355332633215 "experimento_28" 28 2000 1000 0.8 10 0.4 1 0.8
0.991578995715827 9.34073861846866 "experimento_28" 28 2000 1000 0.8 10 0.4 1 0.8
0.996872293995693 10.2732269901282 "experimento_28" 28 2000 1000 0.8 10 0.4 1 0.8
1.00109411192879 10.0598212498098 "experimento_28" 28 2000 1000 0.8 10 0.4 1 0.8
1.0064176996408 10.089766178598 "experimento_28" 28 2000 1000 0.8 10 0.4 1 0.8
1.01858042830402 9.29657979349997 "experimento_28" 28 2000 1000 0.8 10 0.4 1 0.8
0.998405921971425 9.83992815371525 "experimento_28" 28 2000 1000 0.8 10 0.4 1 0.8
0.995711233699694 9.32403715421786 "experimento_28" 28 2000 1000 0.8 10 0.4 1 0.8
1.09181432230206 11.9470291145693 "experimento_28" 28 2000 1000 0.8 10 0.4 1 0.8
0.99742810218595 9.61201955443951 "experimento_28" 28 2000 1000 0.8 10 0.4 1 0.8
1.00459206875653 9.6147392839858 "experimento_28" 28 2000 1000 0.8 10 0.4 1 0.8
1.00041344584926 9.86740421230137 "experimento_28" 28 2000 1000 0.8 10 0.4 1 0.8
1.00132916965522 9.61173977947347 "experimento_28" 28 2000 1000 0.8 10 0.4 1 0.8
1.01519009345788 9.65224919969951 "experimento_28" 28 2000 1000 0.8 10 0.4 1 0.8
0.997714966768399 10.657945176887 "experimento_28" 28 2000 1000 0.8 10 0.4 1 0.8
1.00014135339468 10.3672488913074 "experimento_28" 28 2000 1000 0.8 10 0.4 1 0.8
1.00047804033148 9.65228981765164 "experimento_28" 28 2000 1000 0.8 10 0.4 1 0.8
1.05918730748817 11.4156745152886 "experimento_28" 28 2000 1000 0.8 10 0.4 1 0.8
0.999275454552844 10.1915080443812 "experimento_28" 28 2000 1000 0.8 10 0.4 1 0.8
0.995567515026778 10.5245924911551 "experimento_28" 28 2000 1000 0.8 10 0.4 1 0.8
1.00207687001675 9.41718220966023 "experimento_28" 28 2000 1000 0.8 10 0.4 1 0.8
1.00878521712142 9.94893529448185 "experimento_28" 28 2000 1000 0.8 10 0.4 1 0.8
1.00482693626122 9.81420524121403 "experimento_28" 28 2000 1000 0.8 10 0.4 1 0.8
1.00034385086037 9.62067786169322 "experimento_28" 28 2000 1000 0.8 10 0.4 1 0.8
0.999970261240378 9.75160974414125 "experimento_28" 28 2000 1000 0.8 10 0.4 1 0.8
1.02408015667461 9.89953507579399 "experimento_28" 28 2000 1000 0.8 10 0.4 1 0.8
0.994636522140354 9.04277787099898 "experimento_28" 28 2000 1000 0.8 10 0.4 1 0.8
0.998487406643108 9.03621349574596 "experimento_28" 28 2000 1000 0.8 10 0.4 1 0.8
0.9986652280204 9.45501862930394 "experimento_28" 28 2000 1000 0.8 10 0.4 1 0.8
0.992645995458588 8.9069317329451 "experimento_28" 28 2000 1000 0.8 10 0.4 1 0.8
1.00514033627696 9.57339783021688 "experimento_28" 28 2000 1000 0.8 10 0.4 1 0.8
0.99998885858804 9.96669147166415 "experimento_28" 28 2000 1000 0.8 10 0.4 1 0.8
1.01571723977104 10.4577595027203 "experimento_28" 28 2000 1000 0.8 10 0.4 1 0.8
1.00060191526154 10.4493528526357 "experimento_28" 28 2000 1000 0.8 10 0.4 1 0.8
1.01452891067602 10.6348062450349 "experimento_28" 28 2000 1000 0.8 10 0.4 1 0.8
1.00525037311018 10.2005619640708 "experimento_28" 28 2000 1000 0.8 10 0.4 1 0.8
0.993079350562766 9.78815967586764 "experimento_28" 28 2000 1000 0.8 10 0.4 1 0.8
0.997858655406162 10.6702786430008 "experimento_28" 28 2000 1000 0.8 10 0.4 1 0.8
1.02851321487688 9.46047295885137 "experimento_28" 28 2000 1000 0.8 10 0.4 1 0.8
1.04825137925183 11.0218354435111 "experimento_28" 28 2000 1000 0.8 10 0.4 1 0.8
1.043424309697 9.10944449507306 "experimento_28" 28 2000 1000 0.8 10 0.4 1 0.8
0.998502213507891 10.3016238523254 "experimento_28" 28 2000 1000 0.8 10 0.4 1 0.8
1.00827603698708 9.90433135206722 "experimento_28" 28 2000 1000 0.8 10 0.4 1 0.8
0.998838257975876 10.4215559229927 "experimento_28" 28 2000 1000 0.8 10 0.4 1 0.8
1.00019123322659 11.3111568177559 "experimento_28" 28 2000 1000 0.8 10 0.4 1 0.8
0.997617274988443 10.091540678429 "experimento_28" 28 2000 1000 0.8 10 0.4 1 0.8
1.02422527297563 10.2600852389367 "experimento_28" 28 2000 1000 0.8 10 0.4 1 0.8
1.00900072399839 11.4873351496942 "experimento_28" 28 2000 1000 0.8 10 0.4 1 0.8
1.00722848582081 9.65643291341816 "experimento_28" 28 2000 1000 0.8 10 0.4 1 0.8
1.00013569160597 10.1526431794107 "experimento_28" 28 2000 1000 0.8 10 0.4 1 0.8
0.994217240484431 9.29537509865376 "experimento_28" 28 2000 1000 0.8 10 0.4 1 0.8
1.0234221546445 10.0509437796205 "experimento_28" 28 2000 1000 0.8 10 0.4 1 0.8
1.00297200462021 9.99572344133843 "experimento_28" 28 2000 1000 0.8 10 0.4 1 0.8
1.00025965222158 10.0243827843574 "experimento_28" 28 2000 1000 0.8 10 0.4 1 0.8
1.05056855115697 10.0232314367521 "experimento_28" 28 2000 1000 0.8 10 0.4 1 0.8
0.999537338037044 10.0885175196238 "experimento_28" 28 2000 1000 0.8 10 0.4 1 0.8
1.01595514193177 10.6294083397569 "experimento_28" 28 2000 1000 0.8 10 0.4 1 0.8
0.997483285842463 9.69730783091271 "experimento_28" 28 2000 1000 0.8 10 0.4 1 0.8
1.00089634303004 9.84136892827311 "experimento_28" 28 2000 1000 0.8 10 0.4 1 0.8
0.999147739494219 9.28737497853833 "experimento_28" 28 2000 1000 0.8 10 0.4 1 0.8
1.14502493002068 8.59040765032491 "experimento_28" 28 2000 1000 0.8 10 0.4 1 0.8
0.997370327357203 9.30107793985687 "experimento_28" 28 2000 1000 0.8 10 0.4 1 0.8
0.990983030991629 8.76765442245348 "experimento_28" 28 2000 1000 0.8 10 0.4 1 0.8
0.998142823111266 9.3302590656081 "experimento_28" 28 2000 1000 0.8 10 0.4 1 0.8
1.00101328447768 8.83688195133833 "experimento_28" 28 2000 1000 0.8 10 0.4 1 0.8
1.0103471796494 9.90210141541956 "experimento_28" 28 2000 1000 0.8 10 0.4 1 0.8
1.00480770663044 10.2269347809436 "experimento_28" 28 2000 1000 0.8 10 0.4 1 0.8
1.0252759071545 9.72885570064303 "experimento_28" 28 2000 1000 0.8 10 0.4 1 0.8
0.998061115154997 9.12791089285553 "experimento_28" 28 2000 1000 0.8 10 0.4 1 0.8
1.00018002232881 10.1151638202406 "experimento_28" 28 2000 1000 0.8 10 0.4 1 0.8
0.993544116150588 9.15416961434531 "experimento_28" 28 2000 1000 0.8 10 0.4 1 0.8
1.01799334888346 10.2077542993407 "experimento_28" 28 2000 1000 0.8 10 0.4 1 0.8
0.995550543069839 9.74346439029617 "experimento_28" 28 2000 1000 0.8 10 0.4 1 0.8
1.00556464378513 10.4385943389661 "experimento_28" 28 2000 1000 0.8 10 0.4 1 0.8
1.0003399077637 9.89676302972008 "experimento_28" 28 2000 1000 0.8 10 0.4 1 0.8
0.995426918379962 8.66056571916927 "experimento_28" 28 2000 1000 0.8 10 0.4 1 0.8
0.999834814341739 9.70684182482605 "experimento_28" 28 2000 1000 0.8 10 0.4 1 0.8
1.02899635694921 9.82461252371943 "experimento_28" 28 2000 1000 0.8 10 0.4 1 0.8
1.00303952970906 10.0351790564382 "experimento_28" 28 2000 1000 0.8 10 0.4 1 0.8
1.09383595957932 11.2742635016152 "experimento_28" 28 2000 1000 0.8 10 0.4 1 0.8
0.999034055043012 9.62236089954398 "experimento_28" 28 2000 1000 0.8 10 0.4 1 0.8
0.998316814657301 9.88465702764116 "experimento_28" 28 2000 1000 0.8 10 0.4 1 0.8
0.991457540076226 9.95033975891216 "experimento_28" 28 2000 1000 0.8 10 0.4 1 0.8
1.00013567630659 10.2455511614416 "experimento_28" 28 2000 1000 0.8 10 0.4 1 0.8
1.00171657247129 11.051774256428 "experimento_28" 28 2000 1000 0.8 10 0.4 1 0.8
1.02430767286569 10.7318806454415 "experimento_28" 28 2000 1000 0.8 10 0.4 1 0.8
0.999857346760109 10.414144580094 "experimento_28" 28 2000 1000 0.8 10 0.4 1 0.8
0.999103190610185 11.1624207607888 "experimento_28" 28 2000 1000 0.8 10 0.4 1 0.8
1.00116863580787 9.34424863865417 "experimento_28" 28 2000 1000 0.8 10 0.4 1 0.8
0.997021772200242 9.65839389691798 "experimento_28" 28 2000 1000 0.8 10 0.4 1 0.8
0.991251642582938 9.64832973292188 "experimento_28" 28 2000 1000 0.8 10 0.4 1 0.8
0.995213344926015 10.1231866684289 "experimento_28" 28 2000 1000 0.8 10 0.4 1 0.8
1.00111593532155 10.5364754837824 "experimento_28" 28 2000 1000 0.8 10 0.4 1 0.8
0.998747064964846 9.92221439066747 "experimento_28" 28 2000 1000 0.8 10 0.4 1 0.8
1.00705518829636 10.2893819653121 "experimento_28" 28 2000 1000 0.8 10 0.4 1 0.8
1.01409411789308 10.4244760758397 "experimento_28" 28 2000 1000 0.8 10 0.4 1 0.8
0.994950910331681 9.28358976559104 "experimento_28" 28 2000 1000 0.8 10 0.4 1 0.8
1.00065931966528 10.1739979601671 "experimento_28" 28 2000 1000 0.8 10 0.4 1 0.8
0.998953304253519 9.7377245273527 "experimento_28" 28 2000 1000 0.8 10 0.4 1 0.8
0.992396461311728 10.0314882514899 "experimento_28" 28 2000 1000 0.8 10 0.4 1 0.8
1.02960432043717 9.94778277136502 "experimento_28" 28 2000 1000 0.8 10 0.4 1 0.8
1.00650349351717 9.25118182083706 "experimento_28" 28 2000 1000 0.8 10 0.4 1 0.8
1.01045162635855 9.82636773603043 "experimento_28" 28 2000 1000 0.8 10 0.4 1 0.8
1.00210681685356 9.77734342361939 "experimento_28" 28 2000 1000 0.8 10 0.4 1 0.8
1.03791683800519 9.89569776497716 "experimento_28" 28 2000 1000 0.8 10 0.4 1 0.8
0.994309976696968 9.29516937168823 "experimento_28" 28 2000 1000 0.8 10 0.4 1 0.8
0.998585955938324 11.0555194919533 "experimento_28" 28 2000 1000 0.8 10 0.4 1 0.8
1.04546835224811 9.97830060279613 "experimento_28" 28 2000 1000 0.8 10 0.4 1 0.8
1.00052539857318 9.54637869338768 "experimento_28" 28 2000 1000 0.8 10 0.4 1 0.8
1.01215350599959 10.684367420653 "experimento_28" 28 2000 1000 0.8 10 0.4 1 0.8
0.994826287729666 9.87426123406907 "experimento_28" 28 2000 1000 0.8 10 0.4 1 0.8
0.996712456922978 10.360979104743 "experimento_28" 28 2000 1000 0.8 10 0.4 1 0.8
1.0011366654055 9.93310299535728 "experimento_28" 28 2000 1000 0.8 10 0.4 1 0.8
1.04903259520512 10.9911477825022 "experimento_28" 28 2000 1000 0.8 10 0.4 1 0.8
1.06318384441547 9.32976775423915 "experimento_28" 28 2000 1000 0.8 10 0.4 1 0.8
1.06058203880675 8.85120367048867 "experimento_28" 28 2000 1000 0.8 10 0.4 1 0.8
1.08165982573411 12.174406491953 "experimento_28" 28 2000 1000 0.8 10 0.4 1 0.8
1.00131297139451 10.2025519929808 "experimento_28" 28 2000 1000 0.8 10 0.4 1 0.8
0.995026736985892 9.75103876639971 "experimento_28" 28 2000 1000 0.8 10 0.4 1 0.8
0.999073729617521 9.64971640836623 "experimento_28" 28 2000 1000 0.8 10 0.4 1 0.8
0.996435845736414 9.90360298886189 "experimento_28" 28 2000 1000 0.8 10 0.4 1 0.8
1.00589145384729 9.92342142123276 "experimento_28" 28 2000 1000 0.8 10 0.4 1 0.8
1.00129231419414 9.55091427159143 "experimento_28" 28 2000 1000 0.8 10 0.4 1 0.8
0.995783903403208 9.30336069351369 "experimento_28" 28 2000 1000 0.8 10 0.4 1 0.8
1.00576220848598 10.4389782783834 "experimento_28" 28 2000 1000 0.8 10 0.4 1 0.8
1.04154447661713 11.0062066243296 "experimento_28" 28 2000 1000 0.8 10 0.4 1 0.8
1.02695322227664 10.6131910504413 "experimento_28" 28 2000 1000 0.8 10 0.4 1 0.8
1.09361932269362 8.10623660712384 "experimento_28" 28 2000 1000 0.8 10 0.4 1 0.8
0.993759701494128 9.33419176268328 "experimento_28" 28 2000 1000 0.8 10 0.4 1 0.8
0.993694773875177 9.33745965341543 "experimento_28" 28 2000 1000 0.8 10 0.4 1 0.8
1.00004339269362 10.031468016945 "experimento_28" 28 2000 1000 0.8 10 0.4 1 0.8
1.00800157194026 10.4508439560117 "experimento_28" 28 2000 1000 0.8 10 0.4 1 0.8
0.998175925808027 9.85027341914404 "experimento_28" 28 2000 1000 0.8 10 0.4 1 0.8
1.00163571741432 10.3486910004356 "experimento_28" 28 2000 1000 0.8 10 0.4 1 0.8
1.00837519974448 9.99123239141489 "experimento_28" 28 2000 1000 0.8 10 0.4 1 0.8
1.01313551609181 10.8888325089676 "experimento_28" 28 2000 1000 0.8 10 0.4 1 0.8
0.997129772324115 10.1364721688974 "experimento_28" 28 2000 1000 0.8 10 0.4 1 0.8
0.996092125074938 9.96808259732446 "experimento_28" 28 2000 1000 0.8 10 0.4 1 0.8
0.999894843436778 10.4612464110933 "experimento_28" 28 2000 1000 0.8 10 0.4 1 0.8
1.01620205100626 9.20420827564181 "experimento_28" 28 2000 1000 0.8 10 0.4 1 0.8
0.995439578779042 9.40816332409521 "experimento_28" 28 2000 1000 0.8 10 0.4 1 0.8
1.00001038322225 9.56790330677269 "experimento_28" 28 2000 1000 0.8 10 0.4 1 0.8
1.0003338262264 10.2653218168322 "experimento_28" 28 2000 1000 0.8 10 0.4 1 0.8
1.00754541396163 9.55460411701978 "experimento_28" 28 2000 1000 0.8 10 0.4 1 0.8
0.990876574534923 8.88555136285891 "experimento_28" 28 2000 1000 0.8 10 0.4 1 0.8
0.997952352510765 10.2861110949482 "experimento_28" 28 2000 1000 0.8 10 0.4 1 0.8
0.998076504794881 10.0071221324563 "experimento_28" 28 2000 1000 0.8 10 0.4 1 0.8
1.00749984928407 9.9777654541924 "experimento_28" 28 2000 1000 0.8 10 0.4 1 0.8
1.00313956192695 10.4178776434674 "experimento_28" 28 2000 1000 0.8 10 0.4 1 0.8
1.00235671154223 9.5728334657006 "experimento_28" 28 2000 1000 0.8 10 0.4 1 0.8
1.02542787068523 11.2165755313145 "experimento_28" 28 2000 1000 0.8 10 0.4 1 0.8
1.03272408889385 9.13351238990323 "experimento_28" 28 2000 1000 0.8 10 0.4 1 0.8
1.07162138409382 8.67782689399314 "experimento_28" 28 2000 1000 0.8 10 0.4 1 0.8
1.0146513830168 11.4307740343831 "experimento_28" 28 2000 1000 0.8 10 0.4 1 0.8
1.00369547379203 9.21206617653851 "experimento_28" 28 2000 1000 0.8 10 0.4 1 0.8
1.00479005383678 9.62846308679624 "experimento_28" 28 2000 1000 0.8 10 0.4 1 0.8
1.00619271276519 9.86578897722644 "experimento_28" 28 2000 1000 0.8 10 0.4 1 0.8
1.00197740895674 10.1980620453686 "experimento_28" 28 2000 1000 0.8 10 0.4 1 0.8
0.997221410740167 9.74750644349649 "experimento_28" 28 2000 1000 0.8 10 0.4 1 0.8
0.988384646829218 8.87299089636498 "experimento_28" 28 2000 1000 0.8 10 0.4 1 0.8
1.00059822207424 9.37859788817797 "experimento_28" 28 2000 1000 0.8 10 0.4 1 0.8
1.01849392713048 10.2884985548023 "experimento_28" 28 2000 1000 0.8 10 0.4 1 0.8
1.04771269089542 10.7961339651553 "experimento_28" 28 2000 1000 0.8 10 0.4 1 0.8
0.997651369776577 9.94538934508899 "experimento_28" 28 2000 1000 0.8 10 0.4 1 0.8
1.00196482492611 10.4910841353225 "experimento_28" 28 2000 1000 0.8 10 0.4 1 0.8
1.00381814907305 10.2143756247002 "experimento_28" 28 2000 1000 0.8 10 0.4 1 0.8
1.0247590865649 10.5833846452303 "experimento_28" 28 2000 1000 0.8 10 0.4 1 0.8
1.02422625650652 11.1243592895589 "experimento_28" 28 2000 1000 0.8 10 0.4 1 0.8
0.994889785768464 10.0146854658455 "experimento_28" 28 2000 1000 0.8 10 0.4 1 0.8
1.06812559184618 10.3457378797877 "experimento_28" 28 2000 1000 0.8 10 0.4 1 0.8
0.994271158706397 10.216431022287 "experimento_28" 28 2000 1000 0.8 10 0.4 1 0.8
0.998371830675751 9.89030306683875 "experimento_28" 28 2000 1000 0.8 10 0.4 1 0.8
1.00009513511322 10.1972161683152 "experimento_28" 28 2000 1000 0.8 10 0.4 1 0.8
1.03800966339186 9.86727162392275 "experimento_28" 28 2000 1000 0.8 10 0.4 1 0.8
1.04329348732717 10.5164524165232 "experimento_28" 28 2000 1000 0.8 10 0.4 1 0.8
0.997692799894139 9.94046978670085 "experimento_28" 28 2000 1000 0.8 10 0.4 1 0.8
1.0406131496331 10.7885228399748 "experimento_28" 28 2000 1000 0.8 10 0.4 1 0.8
0.994203309295699 10.5904810147284 "experimento_28" 28 2000 1000 0.8 10 0.4 1 0.8
0.992463487898931 9.36883110055497 "experimento_28" 28 2000 1000 0.8 10 0.4 1 0.8
1.018547618469 9.84225555812924 "experimento_28" 28 2000 1000 0.8 10 0.4 1 0.8
1.03680456257425 10.3257496792053 "experimento_28" 28 2000 1000 0.8 10 0.4 1 0.8
0.990047591971233 10.1166008456173 "experimento_28" 28 2000 1000 0.8 10 0.4 1 0.8
1.00149075440131 9.78528410791037 "experimento_28" 28 2000 1000 0.8 10 0.4 1 0.8
0.995030979858711 9.74943293769997 "experimento_28" 28 2000 1000 0.8 10 0.4 1 0.8
1.07829999632593 10.7571095126907 "experimento_28" 28 2000 1000 0.8 10 0.4 1 0.8
0.998610641108826 9.66938242234337 "experimento_28" 28 2000 1000 0.8 10 0.4 1 0.8
0.995506470324472 10.7377976265988 "experimento_28" 28 2000 1000 0.8 10 0.4 1 0.8
1.04127562929647 9.60006059297423 "experimento_28" 28 2000 1000 0.8 10 0.4 1 0.8
1.00061074805733 9.74093856921151 "experimento_28" 28 2000 1000 0.8 10 0.4 1 0.8
1.02949887868017 10.1112025654606 "experimento_28" 28 2000 1000 0.8 10 0.4 1 0.8
1.00194146177602 10.1829611626746 "experimento_28" 28 2000 1000 0.8 10 0.4 1 0.8
1.03412192752585 8.81266663046396 "experimento_28" 28 2000 1000 0.8 10 0.4 1 0.8
0.996554250363261 10.1329353179244 "experimento_28" 28 2000 1000 0.8 10 0.4 1 0.8
1.01163047262545 10.1433110291053 "experimento_28" 28 2000 1000 0.8 10 0.4 1 0.8
0.998368344502524 9.83331522177541 "experimento_28" 28 2000 1000 0.8 10 0.4 1 0.8
1.07733901166179 8.3811276806986 "experimento_28" 28 2000 1000 0.8 10 0.4 1 0.8
1.00081250361259 9.82368772509465 "experimento_28" 28 2000 1000 0.8 10 0.4 1 0.8
0.99590684636496 10.0121740616759 "experimento_28" 28 2000 1000 0.8 10 0.4 1 0.8
1.0204346428429 10.2962840107841 "experimento_28" 28 2000 1000 0.8 10 0.4 1 0.8
0.998765914235264 9.65131196974794 "experimento_28" 28 2000 1000 0.8 10 0.4 1 0.8
0.99736080924049 9.35806446036676 "experimento_28" 28 2000 1000 0.8 10 0.4 1 0.8
1.0117626124343 10.3439677207424 "experimento_28" 28 2000 1000 0.8 10 0.4 1 0.8
1.05057101100683 10.0932813021088 "experimento_28" 28 2000 1000 0.8 10 0.4 1 0.8
0.992840672377497 9.48598675924015 "experimento_28" 28 2000 1000 0.8 10 0.4 1 0.8
1.03385133342946 9.48172571593558 "experimento_28" 28 2000 1000 0.8 10 0.4 1 0.8
1.00018531768583 10.8134326775393 "experimento_28" 28 2000 1000 0.8 10 0.4 1 0.8
0.999186901841313 10.0853427952064 "experimento_28" 28 2000 1000 0.8 10 0.4 1 0.8
0.994221839355305 9.00497390094319 "experimento_28" 28 2000 1000 0.8 10 0.4 1 0.8
0.99448492587544 9.63570782131619 "experimento_28" 28 2000 1000 0.8 10 0.4 1 0.8
1.02068683253601 10.1426821529466 "experimento_28" 28 2000 1000 0.8 10 0.4 1 0.8
0.994928548578173 9.68575449715641 "experimento_28" 28 2000 1000 0.8 10 0.4 1 0.8
0.995721210492775 10.9491258107637 "experimento_28" 28 2000 1000 0.8 10 0.4 1 0.8
0.999354344094172 10.0256414322376 "experimento_28" 28 2000 1000 0.8 10 0.4 1 0.8
0.99783981544897 10.3576856930462 "experimento_28" 28 2000 1000 0.8 10 0.4 1 0.8
1.06876153158955 8.51736332328553 "experimento_28" 28 2000 1000 0.8 10 0.4 1 0.8
1.00007857800596 9.6904535656812 "experimento_28" 28 2000 1000 0.8 10 0.4 1 0.8
1.0256048171781 11.5561599848603 "experimento_28" 28 2000 1000 0.8 10 0.4 1 0.8
1.00658499770779 10.4072457636073 "experimento_28" 28 2000 1000 0.8 10 0.4 1 0.8
0.99395378283225 9.59672825994769 "experimento_28" 28 2000 1000 0.8 10 0.4 1 0.8
1.01262590121478 8.41471055042158 "experimento_28" 28 2000 1000 0.8 10 0.4 1 0.8
1.0006541896568 10.2880485900612 "experimento_28" 28 2000 1000 0.8 10 0.4 1 0.8
0.996380297234282 9.0655693308486 "experimento_28" 28 2000 1000 0.8 10 0.4 1 0.8
1.04367789532989 8.78700474508415 "experimento_28" 28 2000 1000 0.8 10 0.4 1 0.8
1.04157626028173 9.90928036133591 "experimento_28" 28 2000 1000 0.8 10 0.4 1 0.8
1.00549439131282 10.0079141239906 "experimento_28" 28 2000 1000 0.8 10 0.4 1 0.8
0.998701587552205 9.83755507884777 "experimento_28" 28 2000 1000 0.8 10 0.4 1 0.8
1.02423564451747 9.14143241525102 "experimento_28" 28 2000 1000 0.8 10 0.4 1 0.8
0.991223536198959 9.11994974456942 "experimento_28" 28 2000 1000 0.8 10 0.4 1 0.8
0.996540025342256 11.1448421596659 "experimento_28" 28 2000 1000 0.8 10 0.4 1 0.8
0.999172850046307 10.7855049201602 "experimento_28" 28 2000 1000 0.8 10 0.4 1 0.8
1.02040815736642 9.14736772216649 "experimento_28" 28 2000 1000 0.8 10 0.4 1 0.8
